4.11189 6.9875
4.40612 7.4875
4.70036 7.9875
4.99459 8.4875
5.43594 9.2375
5.87728 9.9875
6.17152 10.4875
6.17152 10.4875
6.46575 10.9875
6.46575 10.9875
6.75998 11.4875
6.75998 11.4875
6.75998 11.4875
6.75998 11.4875
7.05421 11.9875
7.20133 12.2375
7.20133 12.2375
7.20133 12.2375
7.34844 12.4875
7.34844 12.4875
7.64268 12.9875
7.64268 12.9875
7.93691 13.4875
7.93691 13.4875
8.23114 13.9875
8.23114 13.9875
8.52537 14.4875
8.52537 14.4875
8.8196 14.9875
8.8196 14.9875
9.11384 15.4875
9.11384 15.4875
9.11384 15.4875
9.11384 15.4875
9.40807 15.9875
9.55518 16.2375
9.7023 16.4875
9.7023 16.4875
9.99653 16.9875
10.1436 17.2375
10.2908 17.4875
10.2908 17.4875
10.585 17.9875
10.585 17.9875
10.8792 18.4875
10.8792 18.4875
11.1735 18.9875
11.1735 18.9875
11.4677 19.4875
11.4677 19.4875
11.4677 19.4875
11.4677 19.4875
11.7619 19.9875
11.909 20.2375
12.0562 20.4875
12.0562 20.4875
12.3504 20.9875
12.3504 20.9875
12.6446 21.4875
12.6446 21.4875
12.9389 21.9875
12.9389 21.9875
13.2331 22.4875
13.2331 22.4875
13.5273 22.9875
13.5273 22.9875
13.8215 23.4875
13.8215 23.4875
13.8215 23.4875
14.1158 23.9875
14.2629 24.2375
14.41 24.4875
14.41 24.4875
14.7042 24.9875
14.8514 25.2375
14.9985 25.4875
14.9985 25.4875
15.2927 25.9875
15.2927 25.9875
15.5869 26.4875
15.5869 26.4875
15.8812 26.9875
16.1754 27.4875
16.1754 27.4875
16.1754 27.4875
16.1754 27.4875
16.4696 27.9875
16.6168 28.2375
16.7639 28.4875
16.7639 28.4875
17.0581 28.9875
17.0581 28.9875
17.3523 29.4875
17.3523 29.4875
17.3523 29.4875
17.3523 29.4875
17.6466 29.9875
17.6466 29.9875
17.9408 30.4875
17.9408 30.4875
18.235 30.9875
18.235 30.9875
18.5293 31.4875
18.5293 31.4875
18.5293 31.4875
18.5293 31.4875
18.8235 31.9875
18.9706 32.2375
19.1177 32.4875
19.1177 32.4875
19.412 32.9875
19.5591 33.2375
19.7062 33.4875
19.7062 33.4875
20.0004 33.9875
20.0004 33.9875
20.2947 34.4875
20.2947 34.4875
20.5889 34.9875
20.5889 34.9875
20.8831 35.4875
20.8831 35.4875
20.8831 35.4875
21.1773 35.9875
21.3245 36.2375
21.4716 36.4875
21.4716 36.4875
21.7658 36.9875
21.7658 36.9875
22.06 37.4875
22.06 37.4875
22.06 37.4875
22.3543 37.9875
22.3543 37.9875
22.6485 38.4875
22.6485 38.4875
22.6485 38.4875
22.6485 38.4875
22.6485 38.4875
22.6485 38.4875
22.9427 38.9875
23.237 39.4875
23.5312 39.9875
23.8254 40.4875
24.1197 40.9875
24.4139 41.4875
24.7081 41.9875
25.0024 42.4875
25.0024 42.4875
25.2966 42.9875
25.5908 43.4875
26.0322 44.2375
26.1793 44.4875
26.4735 44.9875
26.7678 45.4875
27.062 45.9875
27.3562 46.4875
27.3562 46.4875
27.6505 46.9875
27.6505 46.9875
27.9447 47.4875
27.9447 47.4875
28.2389 47.9875
28.386 48.2375
28.5331 48.4875
28.5331 48.4875
28.8274 48.9875
28.8274 48.9875
29.1216 49.4875
29.1216 49.4875
29.1216 49.4875
29.4158 49.9875
29.4158 49.9875
29.7101 50.4875
29.7101 50.4875
30.0043 50.9875
30.2985 51.4875
30.2985 51.4875
30.7399 52.2375
30.887 52.4875
31.1812 52.9875
31.4755 53.4875
31.4755 53.4875
31.7697 53.9875
32.0639 54.4875
32.0639 54.4875
32.3582 54.9875
32.3582 54.9875
32.6524 55.4875
32.6524 55.4875
32.6524 55.4875
32.9466 55.9875
33.0937 56.2375
33.2409 56.4875
33.2409 56.4875
33.5351 56.9875
33.8293 57.4875
33.8293 57.4875
33.8293 57.4875
34.1236 57.9875
34.4178 58.4875
34.4178 58.4875
34.712 58.9875
34.712 58.9875
35.0063 59.4875
35.0063 59.4875
35.0063 59.4875
35.3005 59.9875
35.4476 60.2375
35.5947 60.4875
35.5947 60.4875
35.8889 60.9875
36.1832 61.4875
36.1832 61.4875
36.4774 61.9875
36.7716 62.4875
36.7716 62.4875
37.0659 62.9875
37.0659 62.9875
37.3601 63.4875
37.3601 63.4875
37.3601 63.4875
37.6543 63.9875
37.8015 64.2375
37.9486 64.4875
37.9486 64.4875
38.2428 64.9875
38.2428 64.9875
38.537 65.4875
38.537 65.4875
38.537 65.4875
38.8313 65.9875
38.8313 65.9875
39.1255 66.4875
39.1255 66.4875
39.4197 66.9875
39.4197 66.9875
39.714 67.4875
39.714 67.4875
39.714 67.4875
40.0082 67.9875
40.1553 68.2375
40.3024 68.4875
40.3024 68.4875
40.5967 68.9875
40.7438 69.2375
40.8909 69.4875
41.1851 69.9875
41.1851 69.9875
41.4794 70.4875
41.4794 70.4875
41.4794 70.4875
41.4794 70.4875
41.4794 70.4875
41.7736 70.9875
42.0678 71.4875
42.3621 71.9875
42.6563 72.4875
42.9505 72.9875
43.2447 73.4875
43.539 73.9875
43.8332 74.4875
43.8332 74.4875
44.4217 75.4875
44.4217 75.4875
44.863 76.2375
45.0101 76.4875
45.3044 76.9875
45.5986 77.4875
45.5986 77.4875
45.8928 77.9875
46.1871 78.4875
46.1871 78.4875
46.4813 78.9875
46.4813 78.9875
46.7755 79.4875
46.7755 79.4875
46.7755 79.4875
47.0698 79.9875
47.2169 80.2375
47.364 80.4875
47.364 80.4875
47.6582 80.9875
47.6582 80.9875
47.9525 81.4875
47.9525 81.4875
47.9525 81.4875
48.2467 81.9875
48.2467 81.9875
48.5409 82.4875
48.5409 82.4875
48.8352 82.9875
49.1294 83.4875
49.1294 83.4875
49.5707 84.2375
49.7179 84.4875
50.0121 84.9875
50.3063 85.4875
50.3063 85.4875
50.6005 85.9875
50.7477 86.2375
50.8948 86.4875
50.8948 86.4875
51.189 86.9875
51.189 86.9875
51.4832 87.4875
51.4832 87.4875
51.4832 87.4875
51.7775 87.9875
51.9246 88.2375
52.0717 88.4875
52.0717 88.4875
52.3659 88.9875
52.6602 89.4875
52.6602 89.4875
52.6602 89.4875
52.9544 89.9875
52.9544 89.9875
53.2486 90.4875
53.2486 90.4875
53.5429 90.9875
53.8371 91.4875
53.8371 91.4875
53.8371 91.4875
54.1313 91.9875
54.2784 92.2375
54.4256 92.4875
54.4256 92.4875
54.7198 92.9875
55.014 93.4875
55.014 93.4875
55.3083 93.9875
55.6025 94.4875
55.6025 94.4875
55.8967 94.9875
55.8967 94.9875
56.191 95.4875
56.191 95.4875
56.191 95.4875
56.4852 95.9875
56.6323 96.2375
56.7794 96.4875
56.7794 96.4875
57.0737 96.9875
57.3679 97.4875
57.3679 97.4875
57.3679 97.4875
57.6621 97.9875
57.9563 98.4875
57.9563 98.4875
58.2506 98.9875
58.5448 99.4875
58.5448 99.4875
58.9862 100.237
59.1333 100.487
59.4275 100.987
59.7217 101.487
59.7217 101.487
60.016 101.987
60.016 101.987
60.3102 102.487
60.3102 102.487
60.6044 102.987
60.6044 102.987
60.8987 103.487
60.8987 103.487
60.8987 103.487
60.8987 103.487
61.1929 103.987
61.34 104.237
61.4871 104.487
61.4871 104.487
61.7814 104.987
61.7814 104.987
62.0756 105.487
62.0756 105.487
62.2227 105.737
62.3698 105.987
62.3698 105.987
62.3698 105.987
62.3698 105.987
62.6641 106.487
62.6641 106.487
62.9583 106.987
62.9583 106.987
63.2525 107.487
63.2525 107.487
63.2525 107.487
63.5468 107.987
63.6939 108.237
63.6939 108.237
63.6939 108.237
63.841 108.487
63.841 108.487
64.1352 108.987
64.4295 109.487
64.4295 109.487
64.5766 109.737
64.7237 109.987
64.8708 110.238
65.0179 110.487
65.0179 110.487
65.3121 110.987
65.3121 110.987
65.6064 111.488
65.6064 111.488
65.6064 111.488
65.9006 111.987
66.0477 112.237
66.0477 112.237
66.1948 112.487
66.1948 112.487
66.4891 112.987
66.7833 113.487
66.7833 113.487
66.7833 113.487
67.0775 113.987
67.0775 113.987
67.3718 114.487
67.3718 114.487
67.9602 115.487
67.9602 115.487
67.9602 115.487
67.9602 115.487
67.9602 115.487
68.5487 116.487
68.5487 116.487
68.8429 116.987
69.1372 117.487
69.1372 117.487
69.2843 117.737
69.4314 117.987
69.5785 118.237
69.5785 118.237
69.7256 118.488
69.7256 118.488
70.0199 118.987
70.0199 118.987
70.3141 119.488
70.3141 119.488
70.3141 119.488
70.6083 119.987
70.7554 120.237
70.9026 120.487
70.9026 120.487
71.1968 120.987
71.491 121.487
71.491 121.487
71.6381 121.737
71.7853 121.987
71.9324 122.237
72.0795 122.487
72.0795 122.487
72.3737 122.988
72.3737 122.988
72.6679 123.487
72.6679 123.487
72.6679 123.487
72.6679 123.487
72.8151 123.737
72.9622 123.987
73.1093 124.238
73.1093 124.238
73.1093 124.238
73.2564 124.487
73.2564 124.487
73.2564 124.487
73.5506 124.987
73.5506 124.987
73.8449 125.487
73.8449 125.487
74.1391 125.987
74.4333 126.488
74.4333 126.488
74.7276 126.987
74.7276 126.987
75.0218 127.487
75.0218 127.487
75.0218 127.487
75.316 127.987
75.4632 128.238
75.4632 128.238
75.6103 128.488
75.6103 128.488
75.9045 128.988
76.1987 129.488
76.1987 129.488
76.1987 129.488
76.493 129.988
76.493 129.988
76.7872 130.488
76.7872 130.488
77.0814 130.988
77.0814 130.988
77.3757 131.488
77.3757 131.488
77.3757 131.488
77.817 132.238
77.9641 132.488
77.9641 132.488
78.2584 132.988
78.5526 133.488
78.5526 133.488
78.8468 133.988
78.9939 134.238
79.1411 134.488
79.1411 134.488
79.4353 134.988
79.4353 134.988
79.7295 135.488
79.7295 135.488
79.7295 135.488
80.0237 135.988
80.1709 136.238
80.318 136.488
80.318 136.488
80.6122 136.988
80.6122 136.988
80.9064 137.488
80.9064 137.488
81.0536 137.738
81.2007 137.988
81.2007 137.988
81.3478 138.238
81.3478 138.238
81.4949 138.488
81.4949 138.488
81.7891 138.988
81.7891 138.988
82.0834 139.488
82.0834 139.488
82.0834 139.488
82.3776 139.988
82.5247 140.238
82.6718 140.488
82.6718 140.488
82.9661 140.988
83.2603 141.488
83.2603 141.488
83.4074 141.738
83.5545 141.988
83.7016 142.238
83.8488 142.488
83.8488 142.488
84.143 142.988
84.143 142.988
84.4372 143.488
84.4372 143.488
84.4372 143.488
84.7315 143.988
84.8786 144.238
85.0257 144.488
85.0257 144.488
85.3199 144.988
85.6142 145.488
85.6142 145.488
85.6142 145.488
85.7613 145.738
85.9084 145.988
85.9084 145.988
86.2026 146.488
86.2026 146.488
86.7911 147.488
86.7911 147.488
86.7911 147.488
86.7911 147.488
86.7911 147.488
87.3795 148.488
87.3795 148.488
87.3795 148.488
87.3795 148.488
87.3795 148.488
87.968 149.488
87.968 149.488
87.968 149.488
88.1151 149.738
88.2622 149.988
88.2622 149.988
88.2622 149.988
88.4094 150.238
88.5565 150.488
88.5565 150.488
88.8507 150.988
89.1449 151.488
89.1449 151.488
89.1449 151.488
89.1449 151.488
89.4392 151.988
89.5863 152.238
89.7334 152.488
89.7334 152.488
90.0276 152.988
90.0276 152.988
90.3219 153.488
90.3219 153.488
90.469 153.738
90.6161 153.988
90.7632 154.238
90.9103 154.488
90.9103 154.488
91.2046 154.988
91.2046 154.988
91.4988 155.488
91.4988 155.488
91.4988 155.488
91.793 155.988
91.9401 156.238
92.0873 156.488
92.0873 156.488
92.3815 156.988
92.6757 157.488
92.97 157.988
92.97 157.988
92.97 157.988
93.2642 158.488
93.2642 158.488
93.5584 158.988
93.5584 158.988
93.8527 159.488
93.8527 159.488
93.8527 159.488
94.1469 159.988
94.1469 159.988
94.4411 160.488
94.4411 160.488
94.7353 160.988
95.0296 161.488
95.0296 161.488
95.0296 161.488
95.3238 161.988
95.3238 161.988
95.618 162.488
95.618 162.488
95.7652 162.738
95.9123 162.988
96.2065 163.488
96.2065 163.488
96.2065 163.488
96.5007 163.988
96.795 164.488
96.795 164.488
97.0892 164.988
97.3834 165.488
97.3834 165.488
97.6777 165.988
97.9719 166.488
98.2661 166.988
98.5604 167.488
98.5604 167.488
98.5604 167.488
98.8546 167.988
98.8546 167.988
99.1488 168.488
99.1488 168.488
99.1488 168.488
99.4431 168.988
99.5902 169.238
99.7373 169.488
99.7373 169.488
99.7373 169.488
100.032 169.988
100.326 170.488
100.326 170.488
100.326 170.488
100.62 170.988
100.914 171.488
101.208 171.988
101.503 172.488
101.797 172.988
102.091 173.488
102.091 173.488
102.385 173.988
102.68 174.488
102.68 174.488
102.974 174.988
103.268 175.488
103.562 175.988
103.857 176.488
104.151 176.988
104.445 177.488
104.445 177.488
104.739 177.988
105.033 178.488
105.033 178.488
105.328 178.988
105.328 178.988
105.622 179.488
105.916 179.988
106.21 180.488
106.505 180.988
106.505 180.988
106.799 181.488
106.799 181.488
107.093 181.988
107.093 181.988
107.387 182.488
107.387 182.488
107.682 182.988
107.682 182.988
107.976 183.488
107.976 183.488
108.27 183.988
108.27 183.988
108.564 184.488
108.564 184.488
108.858 184.988
109.153 185.488
109.153 185.488
109.153 185.488
109.153 185.488
109.447 185.988
109.447 185.988
109.741 186.488
109.741 186.488
109.741 186.488
110.035 186.988
110.33 187.488
110.624 187.988
110.918 188.488
111.212 188.988
111.507 189.488
111.507 189.488
111.801 189.988
112.095 190.488
112.095 190.488
112.389 190.988
112.684 191.488
112.978 191.988
113.272 192.488
113.566 192.988
113.566 192.988
113.86 193.488
113.86 193.488
114.155 193.988
114.155 193.988
114.449 194.488
114.743 194.988
115.037 195.488
115.626 196.488
115.626 196.488
115.92 196.988
116.214 197.488
116.803 198.488
116.803 198.488
116.803 198.488
116.803 198.488
116.803 198.488
117.097 198.988
117.391 199.488
117.685 199.988
117.98 200.488
118.421 201.238
118.862 201.988
119.157 202.488
119.177 202.523
119.451 202.988
119.472 203.023
119.745 203.488
119.766 203.523
119.766 203.523
119.766 203.523
120.039 203.988
120.207 204.273
120.207 204.273
120.207 204.273
120.334 204.488
120.354 204.523
120.649 205.023
120.775 205.238
120.943 205.523
120.943 205.523
121.216 205.988
121.237 206.023
121.51 206.488
121.531 206.523
121.805 206.988
121.826 207.023
122.099 207.488
122.12 207.523
122.12 207.523
122.12 207.523
122.393 207.988
122.561 208.273
122.687 208.488
122.708 208.523
123.002 209.023
123.129 209.238
123.297 209.523
123.297 209.523
123.57 209.988
123.591 210.023
123.864 210.488
123.885 210.523
124.159 210.988
124.179 211.023
124.453 211.488
124.474 211.523
124.474 211.523
124.474 211.523
124.747 211.988
124.915 212.273
125.041 212.488
125.062 212.523
125.356 213.023
125.483 213.238
125.651 213.523
125.924 213.988
125.945 214.023
126.218 214.488
126.239 214.523
126.512 214.988
126.533 215.023
126.807 215.488
126.827 215.523
126.827 215.523
127.101 215.988
127.269 216.273
127.395 216.488
127.416 216.523
127.689 216.988
127.71 217.023
128.004 217.523
128.004 217.523
128.131 217.738
128.299 218.023
128.572 218.488
128.593 218.523
128.866 218.988
129.16 219.487
129.181 219.523
129.181 219.523
129.181 219.523
129.455 219.988
129.623 220.273
129.749 220.488
129.77 220.523
130.064 221.023
130.19 221.238
130.358 221.523
130.358 221.523
130.358 221.523
130.632 221.988
130.652 222.023
130.926 222.488
130.947 222.523
131.22 222.988
131.241 223.023
131.514 223.488
131.535 223.523
131.535 223.523
131.535 223.523
131.809 223.987
131.977 224.273
132.103 224.488
132.124 224.523
132.397 224.988
132.418 225.023
132.712 225.523
132.712 225.523
132.986 225.988
133.006 226.023
133.28 226.487
133.301 226.523
133.574 226.988
133.595 227.023
133.868 227.488
133.889 227.523
133.889 227.523
134.162 227.988
134.33 228.273
134.457 228.487
134.478 228.523
134.751 228.988
134.772 229.023
135.045 229.488
135.066 229.523
135.066 229.523
135.339 229.988
135.36 230.023
135.634 230.488
135.634 230.488
135.654 230.523
135.654 230.523
135.654 230.523
135.654 230.523
135.928 230.987
136.222 231.488
136.516 231.988
136.811 232.488
137.105 232.987
137.399 233.488
137.693 233.988
137.987 234.488
138.008 234.523
138.303 235.023
138.597 235.523
139.038 236.273
139.185 236.523
139.479 237.023
139.774 237.523
140.068 238.023
140.341 238.488
140.362 238.523
140.636 238.988
140.656 239.023
140.93 239.488
140.951 239.523
141.224 239.987
141.392 240.273
141.518 240.488
141.539 240.523
141.812 240.988
141.833 241.023
142.107 241.488
142.128 241.523
142.128 241.523
142.235 241.706
142.401 241.988
142.422 242.023
142.695 242.487
142.716 242.523
143.01 243.023
143.304 243.523
143.304 243.523
143.746 244.273
143.893 244.523
144.187 245.023
144.481 245.523
144.481 245.523
144.776 246.023
145.049 246.488
145.07 246.523
145.343 246.987
145.364 247.023
145.658 247.523
145.658 247.523
145.932 247.988
146.1 248.273
146.226 248.488
146.247 248.523
146.541 249.023
146.814 249.487
146.835 249.523
146.835 249.523
147.129 250.023
147.403 250.488
147.424 250.523
147.697 250.988
147.718 251.023
148.012 251.523
148.012 251.523
148.286 251.988
148.454 252.273
148.58 252.488
148.601 252.523
148.895 253.023
149.189 253.523
149.189 253.523
149.483 254.023
149.757 254.488
149.778 254.523
150.051 254.988
150.072 255.023
150.345 255.488
150.366 255.523
150.366 255.523
150.639 255.987
150.807 256.273
150.934 256.488
150.955 256.523
151.249 257.023
151.522 257.488
151.543 257.523
151.543 257.523
151.816 257.988
151.837 258.023
152.111 258.488
152.131 258.523
152.405 258.988
152.426 259.023
152.699 259.488
152.72 259.523
152.72 259.523
152.993 259.988
153.161 260.273
153.288 260.488
153.308 260.523
153.603 261.023
153.729 261.238
153.897 261.523
154.17 261.988
154.191 262.023
154.464 262.488
154.464 262.488
154.485 262.523
154.485 262.523
154.485 262.523
154.759 262.988
155.053 263.488
155.347 263.988
155.641 264.488
155.936 264.988
156.23 265.488
156.338 265.671
156.524 265.988
156.818 266.488
156.839 266.523
157.428 267.523
157.428 267.523
157.869 268.273
158.016 268.523
158.31 269.023
158.605 269.523
158.605 269.523
158.899 270.023
159.172 270.488
159.193 270.523
159.466 270.988
159.487 271.023
159.761 271.488
159.781 271.523
159.781 271.523
160.055 271.988
160.223 272.273
160.349 272.488
160.37 272.523
160.643 272.988
160.664 273.023
160.938 273.488
160.958 273.523
160.958 273.523
161.05 273.679
161.232 273.988
161.253 274.023
161.526 274.488
161.547 274.523
161.841 275.023
162.135 275.523
162.135 275.523
162.577 276.273
162.724 276.523
163.018 277.023
163.312 277.523
163.312 277.523
163.606 278.023
163.754 278.273
163.88 278.488
163.901 278.523
164.174 278.988
164.195 279.023
164.468 279.488
164.489 279.523
164.489 279.523
164.763 279.988
164.931 280.273
165.057 280.488
165.078 280.523
165.372 281.023
165.645 281.488
165.666 281.523
165.666 281.523
165.939 281.988
165.96 282.023
166.234 282.488
166.255 282.523
166.549 283.023
166.822 283.488
166.843 283.523
166.843 283.523
167.116 283.988
167.284 284.273
167.411 284.488
167.431 284.523
167.726 285.023
168.02 285.523
168.02 285.523
168.314 286.023
168.588 286.488
168.608 286.523
168.882 286.988
168.903 287.023
169.176 287.488
169.197 287.523
169.197 287.523
169.47 287.988
169.638 288.273
169.765 288.488
169.785 288.523
170.08 289.023
170.353 289.488
170.374 289.523
170.374 289.523
170.658 290.006
170.668 290.023
170.941 290.488
170.962 290.523
171.257 291.023
171.551 291.523
171.551 291.523
171.992 292.273
172.139 292.523
172.433 293.023
172.728 293.523
172.728 293.523
173.001 293.988
173.022 294.023
173.295 294.488
173.316 294.523
173.59 294.988
173.61 295.023
173.884 295.488
173.905 295.523
173.905 295.523
173.905 295.523
174.178 295.988
174.346 296.273
174.472 296.488
174.493 296.523
174.766 296.988
174.787 297.023
175.082 297.523
175.082 297.523
175.229 297.773
175.355 297.988
175.376 298.023
175.376 298.023
175.376 298.023
175.649 298.488
175.67 298.523
175.943 298.988
175.964 299.023
176.238 299.488
176.258 299.523
176.258 299.523
176.532 299.988
176.7 300.273
176.7 300.273
176.7 300.273
176.826 300.488
176.847 300.523
177.141 301.023
177.435 301.523
177.435 301.523
177.582 301.773
177.73 302.023
177.877 302.273
178.003 302.488
178.024 302.523
178.297 302.988
178.318 303.023
178.591 303.488
178.612 303.523
178.612 303.523
178.886 303.988
179.054 304.273
179.054 304.273
179.18 304.488
179.201 304.523
179.495 305.023
179.768 305.488
179.789 305.523
179.789 305.523
180.063 305.988
180.083 306.023
180.357 306.488
180.378 306.523
180.945 307.488
180.966 307.523
180.966 307.523
180.966 307.523
180.966 307.523
181.534 308.488
181.555 308.523
181.849 309.023
182.143 309.523
182.143 309.523
182.29 309.773
182.437 310.023
182.584 310.273
182.584 310.273
182.711 310.488
182.732 310.523
183.005 310.988
183.026 311.023
183.299 311.488
183.32 311.523
183.32 311.523
183.593 311.988
183.761 312.273
183.888 312.488
183.908 312.523
184.203 313.023
184.497 313.523
184.497 313.523
184.644 313.773
184.791 314.023
184.938 314.273
185.065 314.488
185.085 314.523
185.359 314.988
185.38 315.023
185.653 315.488
185.674 315.523
185.674 315.523
185.674 315.523
185.821 315.773
185.947 315.988
186.115 316.273
186.115 316.273
186.115 316.273
186.242 316.488
186.262 316.523
186.262 316.523
186.557 317.023
186.557 317.023
186.851 317.523
186.851 317.523
187.145 318.023
187.418 318.488
187.439 318.523
187.713 318.988
187.734 319.023
188.007 319.488
188.028 319.523
188.028 319.523
188.301 319.988
188.469 320.273
188.469 320.273
188.595 320.488
188.616 320.523
188.91 321.023
189.184 321.488
189.205 321.523
189.205 321.523
189.478 321.988
189.499 322.023
189.772 322.488
189.793 322.523
190.067 322.988
190.087 323.023
190.361 323.488
190.382 323.523
190.382 323.523
190.823 324.273
190.949 324.488
190.97 324.523
191.264 325.023
191.559 325.523
191.559 325.523
191.839 326
191.853 326.023
192.126 326.488
192.147 326.523
192.42 326.988
192.441 327.023
192.715 327.488
192.735 327.523
192.735 327.523
193.009 327.988
193.177 328.273
193.303 328.488
193.324 328.523
193.597 328.988
193.618 329.023
193.912 329.523
193.912 329.523
194.059 329.773
194.193 330
194.207 330.023
194.207 330.023
194.354 330.273
194.48 330.488
194.501 330.523
194.774 330.988
194.795 331.023
195.068 331.488
195.089 331.523
195.089 331.523
195.363 331.988
195.531 332.273
195.657 332.488
195.678 332.523
195.972 333.023
196.266 333.523
196.266 333.523
196.413 333.773
196.56 334.023
196.708 334.273
196.834 334.488
196.855 334.523
197.128 334.988
197.149 335.023
197.422 335.488
197.443 335.523
197.443 335.523
197.717 335.988
197.885 336.273
198.011 336.488
198.032 336.523
198.326 337.023
198.599 337.488
198.62 337.523
198.62 337.523
198.767 337.773
198.893 337.988
198.914 338.023
199.188 338.488
199.209 338.523
199.776 339.488
199.797 339.523
199.797 339.523
199.797 339.523
199.797 339.523
200.365 340.488
200.385 340.523
200.385 340.523
200.385 340.523
200.385 340.523
200.974 341.523
200.974 341.523
200.974 341.523
201.121 341.773
201.268 342.023
201.268 342.023
201.268 342.023
201.415 342.273
201.542 342.488
201.562 342.523
201.836 342.988
202.13 343.488
202.151 343.523
202.151 343.523
202.151 343.523
202.424 343.988
202.592 344.273
202.718 344.488
202.739 344.523
203.013 344.988
203.034 345.023
203.328 345.523
203.328 345.523
203.475 345.773
203.622 346.023
203.769 346.273
203.895 346.488
203.916 346.523
204.19 346.988
204.21 347.023
204.484 347.488
204.505 347.523
204.505 347.523
204.778 347.988
204.946 348.273
205.072 348.488
205.093 348.523
205.387 349.023
205.682 349.523
205.976 350.023
205.976 350.023
205.976 350.023
206.249 350.488
206.27 350.523
206.544 350.988
206.564 351.023
206.838 351.488
206.859 351.523
206.859 351.523
207.132 351.988
207.153 352.023
207.426 352.488
207.447 352.523
207.741 353.023
208.015 353.488
208.036 353.523
208.036 353.523
208.309 353.988
208.33 354.023
208.603 354.488
208.624 354.523
208.771 354.773
208.897 354.988
209.192 355.488
209.212 355.523
209.212 355.523
209.507 356.023
209.78 356.488
209.801 356.523
210.095 357.023
210.389 357.523
210.389 357.523
210.663 357.988
210.684 358.023
210.957 358.488
210.978 358.523
211.251 358.988
211.272 359.023
211.545 359.488
211.566 359.523
211.566 359.523
211.566 359.523
211.84 359.988
212.008 360.273
212.134 360.488
212.155 360.523
212.428 360.988
212.449 361.023
212.743 361.523
212.743 361.523
212.89 361.773
213.017 361.988
213.037 362.023
213.037 362.023
213.037 362.023
213.311 362.488
213.332 362.523
213.605 362.988
213.626 363.023
213.899 363.488
213.92 363.523
213.92 363.523
214.194 363.988
214.361 364.273
214.361 364.273
214.361 364.273
214.488 364.488
214.509 364.523
214.803 365.023
215.097 365.523
215.097 365.523
215.244 365.773
215.391 366.023
215.538 366.273
215.665 366.488
215.686 366.523
215.959 366.988
215.98 367.023
216.253 367.488
216.274 367.523
216.274 367.523
216.547 367.988
216.715 368.273
216.715 368.273
216.842 368.488
216.862 368.523
217.157 369.023
217.43 369.488
217.451 369.523
217.451 369.523
217.724 369.988
217.745 370.023
218.019 370.488
218.039 370.523
218.607 371.488
218.628 371.523
218.628 371.523
218.628 371.523
218.628 371.523
219.195 372.488
219.216 372.523
219.511 373.023
219.805 373.523
219.805 373.523
219.952 373.773
220.099 374.023
220.246 374.273
220.246 374.273
220.372 374.488
220.393 374.523
220.667 374.988
220.687 375.023
220.961 375.488
220.982 375.523
220.982 375.523
221.255 375.988
221.423 376.273
221.549 376.488
221.57 376.523
221.864 377.023
222.159 377.523
222.159 377.523
222.306 377.773
222.453 378.023
222.6 378.273
222.726 378.488
222.747 378.523
223.021 378.988
223.041 379.023
223.315 379.488
223.336 379.523
223.336 379.523
223.336 379.523
223.483 379.773
223.609 379.988
223.777 380.273
223.777 380.273
223.777 380.273
223.903 380.488
223.924 380.523
223.924 380.523
224.218 381.023
224.218 381.023
224.513 381.523
224.513 381.523
224.807 382.023
225.08 382.488
225.101 382.523
225.374 382.988
225.395 383.023
225.669 383.488
225.689 383.523
225.689 383.523
225.963 383.988
226.131 384.273
226.131 384.273
226.257 384.488
226.278 384.523
226.572 385.023
226.846 385.488
226.866 385.523
226.866 385.523
227.14 385.988
227.161 386.023
227.434 386.488
227.455 386.523
227.728 386.988
227.749 387.023
228.022 387.488
228.043 387.523
228.043 387.523
228.485 388.273
228.611 388.488
228.632 388.523
228.926 389.023
229.22 389.523
229.22 389.523
229.5 389.998
229.514 390.023
229.788 390.488
229.809 390.523
230.082 390.988
230.103 391.023
230.376 391.488
230.397 391.523
230.397 391.523
230.671 391.988
230.838 392.273
230.965 392.488
230.986 392.523
231.259 392.988
231.28 393.023
231.574 393.523
231.574 393.523
231.721 393.773
231.843 393.979
231.868 394.023
231.868 394.023
232.015 394.273
232.142 394.488
232.163 394.523
232.436 394.988
232.457 395.023
232.73 395.488
232.751 395.523
232.751 395.523
233.024 395.988
233.192 396.273
233.319 396.488
233.339 396.523
233.634 397.023
233.928 397.523
233.928 397.523
234.075 397.773
234.222 398.023
234.369 398.273
234.496 398.488
234.516 398.523
234.79 398.988
234.811 399.023
235.084 399.488
235.105 399.523
235.105 399.523
235.378 399.988
235.546 400.273
235.672 400.488
235.693 400.523
235.988 401.023
236.261 401.488
236.282 401.523
236.282 401.523
236.429 401.773
236.555 401.988
236.576 402.023
236.849 402.488
236.87 402.523
237.438 403.488
237.459 403.523
237.459 403.523
237.459 403.523
237.459 403.523
237.743 404.006
238.026 404.488
238.047 404.523
238.047 404.523
238.047 404.523
238.047 404.523
238.636 405.523
238.636 405.523
238.636 405.523
238.783 405.773
238.93 406.023
238.93 406.023
238.93 406.023
239.077 406.273
239.203 406.488
239.224 406.523
239.497 406.988
239.792 407.488
239.813 407.523
239.813 407.523
239.813 407.523
240.086 407.988
240.254 408.273
240.38 408.488
240.401 408.523
240.674 408.988
240.695 409.023
240.989 409.523
240.989 409.523
241.137 409.773
241.284 410.023
241.431 410.273
241.557 410.488
241.578 410.523
241.851 410.988
241.872 411.023
242.146 411.488
242.166 411.523
242.166 411.523
242.44 411.988
242.608 412.273
242.734 412.488
242.755 412.523
243.049 413.023
243.343 413.523
243.638 414.023
243.638 414.023
243.638 414.023
243.911 414.488
243.932 414.523
244.205 414.988
244.226 415.023
244.499 415.488
244.52 415.523
244.52 415.523
244.794 415.988
244.815 416.023
245.088 416.488
245.109 416.523
245.403 417.023
245.676 417.488
245.697 417.523
245.697 417.523
245.971 417.988
245.991 418.023
246.265 418.488
246.286 418.523
246.433 418.773
246.559 418.988
246.853 419.488
246.874 419.523
246.874 419.523
247.168 420.023
247.442 420.488
247.463 420.523
247.757 421.023
248.051 421.523
248.051 421.523
248.345 422.023
248.64 422.523
248.913 422.988
249.207 423.488
249.228 423.523
249.228 423.523
249.501 423.988
249.522 424.023
249.796 424.488
249.796 424.488
249.816 424.523
250.111 425.023
250.237 425.238
250.384 425.488
250.405 425.523
250.405 425.523
250.678 425.988
250.973 426.488
250.973 426.488
250.993 426.523
251.288 427.023
251.582 427.523
251.876 428.023
252.149 428.488
252.465 429.023
252.738 429.488
252.759 429.523
253.053 430.023
253.326 430.488
253.347 430.523
253.641 431.023
253.936 431.523
254.23 432.023
254.503 432.488
254.818 433.023
255.092 433.488
255.113 433.523
255.407 434.023
255.68 434.488
255.701 434.523
255.974 434.988
255.995 435.023
256.29 435.523
256.584 436.023
256.857 436.488
257.151 436.987
257.172 437.023
257.446 437.488
257.466 437.523
257.74 437.988
257.761 438.023
258.034 438.488
258.055 438.523
258.328 438.988
258.349 439.023
258.623 439.487
258.643 439.523
258.917 439.988
258.938 440.023
259.211 440.488
259.211 440.488
259.526 441.023
259.652 441.238
259.8 441.488
259.82 441.523
259.82 441.523
260.094 441.988
260.115 442.023
260.388 442.488
260.388 442.488
260.409 442.523
260.703 443.023
260.997 443.523
261.292 444.023
261.565 444.488
261.859 444.988
261.88 445.023
262.174 445.523
262.448 445.987
262.468 446.023
262.742 446.488
262.763 446.523
263.057 447.023
263.351 447.523
263.645 448.023
263.919 448.487
264.213 448.988
264.234 449.023
264.507 449.488
264.528 449.523
264.801 449.988
264.822 450.023
265.117 450.523
265.39 450.987
265.411 451.023
265.684 451.488
265.705 451.523
265.978 451.988
266.273 452.488
266.293 452.523
266.293 452.523
266.567 452.988
266.588 453.023
266.861 453.488
266.882 453.523
267.155 453.988
267.45 454.488
267.47 454.523
267.47 454.523
267.47 454.523
267.47 454.523
267.47 454.523
267.744 454.987
268.038 455.488
268.332 455.988
268.626 456.488
269.068 457.238
269.509 457.988
269.803 458.488
269.803 458.488
270.098 458.988
270.098 458.988
270.392 459.488
270.392 459.488
270.392 459.488
270.392 459.488
270.686 459.987
270.833 460.238
270.833 460.238
270.833 460.238
270.98 460.488
270.98 460.488
271.275 460.988
271.275 460.988
271.569 461.488
271.569 461.488
271.863 461.988
271.863 461.988
272.157 462.487
272.157 462.487
272.451 462.988
272.451 462.988
272.746 463.488
272.746 463.488
272.746 463.488
272.746 463.488
273.04 463.988
273.187 464.238
273.334 464.488
273.334 464.488
273.628 464.987
273.776 465.238
273.923 465.488
273.923 465.488
274.217 465.988
274.217 465.988
274.511 466.487
274.511 466.487
274.805 466.988
274.805 466.988
275.1 467.488
275.1 467.488
275.1 467.488
275.1 467.488
275.394 467.988
275.541 468.237
275.688 468.488
275.688 468.488
275.982 468.987
275.982 468.987
276.276 469.488
276.276 469.488
276.571 469.988
276.571 469.988
276.865 470.488
276.865 470.488
277.159 470.988
277.159 470.988
277.453 471.487
277.453 471.487
277.453 471.487
277.748 471.988
277.895 472.237
278.042 472.488
278.042 472.488
278.336 472.988
278.483 473.238
278.63 473.488
278.63 473.488
278.925 473.987
278.925 473.987
279.219 474.488
279.219 474.488
279.513 474.988
279.807 475.488
279.807 475.488
279.807 475.488
279.807 475.488
280.102 475.988
280.249 476.238
280.396 476.487
280.396 476.487
280.69 476.988
280.69 476.988
280.984 477.488
280.984 477.488
280.984 477.488
280.984 477.488
281.278 477.987
281.278 477.987
281.573 478.488
281.573 478.488
281.867 478.988
281.867 478.988
282.161 479.488
282.161 479.488
282.161 479.488
282.161 479.488
282.455 479.988
282.602 480.238
282.75 480.487
282.75 480.487
283.044 480.988
283.191 481.238
283.338 481.488
283.338 481.488
283.632 481.988
283.632 481.988
285.103 484.488
285.103 484.488
285.103 484.488
285.103 484.488
285.103 484.488
285.103 484.488
286.202 486.354
286.732 487.254
287.308 488.233
287.788 489.05
288.92 490.973
