0.788851 0.972917
1.17399 1.44792
1.65878 2.04583
2.00507 2.47292
2.0625 2.54375
2.45946 3.03333
2.875 3.54583
3.27027 4.03333
3.67229 4.52917
4.14358 5.11042
4.57601 5.64375
5.01689 6.1875
5.42567 6.69167
5.5456 6.83958
5.97466 7.36875
6.29729 7.76667
6.72972 8.3
7.19256 8.87083
7.69256 9.4875
8.15371 10.0563
8.52702 10.5167
8.74155 10.7812
8.97127 11.0646
8.98479 11.0813
9.43073 11.6313
9.90033 12.2104
9.90877 12.2208
10.348 12.7625
10.8007 13.3208
10.8057 13.3271
11.2415 13.8646
11.5017 14.1854
11.6976 14.4271
11.7027 14.4333
12.1284 14.9583
12.1419 14.975
12.5895 15.5271
12.6182 15.5625
13 16.0333
13.4746 16.6187
13.9003 17.1438
14.3209 17.6625
14.777 18.225
14.7939 18.2458
15.2331 18.7875
15.2449 18.8021
15.6486 19.3
15.7061 19.3708
16.054 19.8
16.0608 19.8083
16.5338 20.3917
16.9898 20.9542
17.4088 21.4708
17.8496 22.0146
18.2922 22.5604
18.3598 22.6438
18.7449 23.1187
19.201 23.6812
19.2517 23.7437
19.4206 23.9521
19.6081 24.1833
19.6368 24.2188
20.0726 24.7563
20.4763 25.2542
20.929 25.8125
21.3632 26.3479
21.402 26.3958
21.8429 26.9396
21.8513 26.95
22.2601 27.4542
22.2719 27.4687
22.652 27.9375
22.7145 28.0146
23.1148 28.5083
23.13 28.5271
23.5591 29.0562
24.0338 29.6417
24.0439 29.6542
24.4729 30.1833
24.8986 30.7083
24.9172 30.7312
24.9206 30.7354
24.929 30.7458
25.3479 31.2625
25.8159 31.8396
25.8378 31.8667
25.8446 31.875
26.7263 32.9625
26.7449 32.9854
27.1385 33.4708
27.5878 34.025
28.0135 34.55
28.3699 34.9896
28.402 35.0292
28.4696 35.1125
28.4763 35.1208
29.7196 36.6542
29.9307 36.9146
30.1756 37.2167
30.1773 37.2188
30.5777 37.7125
31.0439 38.2875
31.4713 38.8146
31.7871 39.2042
31.8277 39.2542
31.8479 39.2792
31.929 39.3792
33.7652 41.6437
33.7652 41.6437
34.1706 42.1437
34.576 42.6437
34.576 42.6437
34.9814 43.1437
35.3868 43.6437
35.3868 43.6437
35.3868 43.6437
35.7922 44.1437
35.7922 44.1437
36.1976 44.6437
36.1976 44.6437
36.603 45.1437
37.0084 45.6437
37.0084 45.6437
37.0084 45.6437
37.4138 46.1437
37.8192 46.6437
37.8192 46.6437
37.8192 46.6437
38.2246 47.1437
38.2246 47.1437
38.63 47.6437
38.63 47.6437
39.0354 48.1437
39.4408 48.6437
39.8462 49.1437
40.2516 49.6437
40.2516 49.6437
40.6571 50.1437
40.6571 50.1437
41.0625 50.6437
41.4679 51.1437
41.8733 51.6437
41.8733 51.6437
41.8733 51.6437
42.2787 52.1437
42.2787 52.1437
42.6841 52.6437
43.0895 53.1437
43.4949 53.6437
43.4949 53.6437
43.4949 53.6437
43.9003 54.1437
43.9003 54.1437
44.3057 54.6437
44.7111 55.1437
45.1165 55.6437
46.7381 57.6437
46.7381 57.6437
47.1435 58.1437
47.5489 58.6437
47.5489 58.6437
47.9543 59.1438
47.9543 59.1438
48.157 59.3937
48.3597 59.6437
48.3597 59.6437
48.7652 60.1437
48.7652 60.1437
49.1706 60.6437
49.1706 60.6437
49.576 61.1438
49.9814 61.6437
49.9814 61.6437
49.9814 61.6437
50.3868 62.1437
50.3868 62.1437
50.7922 62.6437
50.7922 62.6437
50.7922 62.6437
51.1976 63.1438
51.1976 63.1438
51.603 63.6437
51.603 63.6437
51.603 63.6437
52.0084 64.1437
52.4138 64.6437
52.8192 65.1437
53.2246 65.6437
53.2246 65.6437
53.63 66.1437
53.63 66.1437
53.63 66.1437
54.0354 66.6437
54.0354 66.6437
54.4408 67.1437
54.4408 67.1437
54.8462 67.6437
54.8462 67.6437
54.8462 67.6437
55.2516 68.1437
55.6621 68.65
56.0624 69.1437
56.4678 69.6437
56.4678 69.6437
56.4678 69.6437
56.4678 69.6437
56.4678 69.6437
56.4678 69.6437
56.8733 70.1437
57.6841 71.1437
59.7111 73.6437
59.7111 73.6437
60.1165 74.1437
60.1165 74.1437
60.5219 74.6437
60.5219 74.6437
60.5219 74.6437
60.9273 75.1437
60.9273 75.1437
61.3327 75.6437
61.3327 75.6437
61.3327 75.6437
61.7381 76.1437
61.7381 76.1437
62.1435 76.6437
62.1435 76.6437
62.5489 77.1437
62.5489 77.1437
62.9543 77.6437
62.9543 77.6437
62.9543 77.6437
63.3597 78.1437
63.5624 78.3937
63.7651 78.6437
63.7651 78.6437
64.1705 79.1437
64.1705 79.1437
64.5759 79.6437
64.5759 79.6437
64.5759 79.6437
64.9814 80.1437
65.3868 80.6437
66.1976 81.6437
66.1976 81.6437
66.1976 81.6437
66.603 82.1437
66.603 82.1437
67.0084 82.6437
67.0084 82.6437
67.4138 83.1437
67.4138 83.1437
67.4138 83.1437
67.8192 83.6437
67.8192 83.6437
68.2246 84.1437
68.2246 84.1437
68.63 84.6437
68.63 84.6437
69.0354 85.1437
69.0354 85.1437
69.4408 85.6437
69.4408 85.6437
69.8462 86.1437
70.2516 86.6438
70.2516 86.6438
70.657 87.1437
70.657 87.1437
70.657 87.1437
70.6672 87.1562
71.4341 88.1021
71.8648 88.6333
71.8732 88.6437
71.8732 88.6437
72.2618 89.1229
72.6739 89.6312
72.684 89.6437
73.0895 90.1437
73.0895 90.1437
73.4949 90.6438
73.4949 90.6438
73.4949 90.6438
73.9003 91.1437
73.9003 91.1437
74.3057 91.6437
74.3057 91.6437
74.3057 91.6437
74.7111 92.1437
74.7111 92.1437
75.1165 92.6437
75.1165 92.6437
75.5219 93.1437
75.5219 93.1437
75.5219 93.1437
75.9205 93.6354
75.9273 93.6437
75.9273 93.6437
75.9273 93.6437
76.13 93.8937
76.3327 94.1437
76.5286 94.3854
76.5354 94.3938
76.7381 94.6438
77.1367 95.1354
77.1435 95.1437
77.1435 95.1437
77.1435 95.1437
77.5422 95.6354
77.5489 95.6437
77.5489 95.6437
77.9543 96.1437
78.3597 96.6437
78.7651 97.1437
78.7651 97.1437
79.1705 97.6437
79.5759 98.1437
79.5759 98.1437
79.9813 98.6438
79.9813 98.6438
79.9813 98.6438
80.3867 99.1437
80.3867 99.1437
80.7921 99.6437
81.1976 100.144
81.1976 100.144
81.603 100.644
81.603 100.644
81.603 100.644
82.0084 101.144
82.4138 101.644
82.4138 101.644
82.4138 101.644
82.4138 101.644
82.4138 101.644
82.4138 101.644
83.0219 102.394
83.2246 102.644
83.2246 102.644
83.2246 102.644
84.0354 103.644
84.0354 103.644
84.0354 103.644
84.0354 103.644
84.8394 104.635
84.8462 104.644
84.8462 104.644
84.8462 104.644
84.8462 104.644
85.2448 105.135
85.2516 105.144
85.6503 105.635
85.657 105.644
85.657 105.644
85.657 105.644
85.657 105.644
85.657 105.644
86.0624 106.144
86.4678 106.644
86.4678 106.644
86.4678 106.644
86.8732 107.144
86.8732 107.144
87.2719 107.635
87.2786 107.644
87.2786 107.644
87.2786 107.644
87.2786 107.644
87.2786 107.644
87.684 108.144
87.684 108.144
88.0894 108.644
88.0894 108.644
88.0894 108.644
88.0894 108.644
88.4948 109.144
88.8935 109.635
88.9002 109.644
88.9002 109.644
88.9002 109.644
88.9002 109.644
88.9002 109.644
89.3057 110.144
89.7043 110.635
89.7111 110.644
89.7111 110.644
89.7111 110.644
89.7111 110.644
89.7111 110.644
90.1165 111.144
90.5151 111.635
90.5219 111.644
90.5219 111.644
90.5219 111.644
90.5219 111.644
90.5219 111.644
90.5219 111.644
91.3327 112.644
91.3327 112.644
91.3327 112.644
91.3327 112.644
91.7313 113.135
91.7381 113.144
92.1367 113.635
92.1435 113.644
92.1435 113.644
92.1435 113.644
92.1435 113.644
92.1435 113.644
92.9543 114.644
92.9543 114.644
92.9543 114.644
93.3597 115.144
93.7584 115.635
93.7651 115.644
93.7651 115.644
93.7651 115.644
93.7651 115.644
93.7651 115.644
94.1705 116.144
94.5692 116.635
94.5759 116.644
94.5759 116.644
94.5759 116.644
94.5759 116.644
94.9813 117.144
95.38 117.635
95.3867 117.644
95.3867 117.644
95.3867 117.644
95.3867 117.644
95.7854 118.135
95.7921 118.144
96.1908 118.635
96.1975 118.644
96.1975 118.644
96.1975 118.644
96.5962 119.135
97.0016 119.635
97.0083 119.644
97.0083 119.644
97.0083 119.644
97.0083 119.644
97.407 120.135
97.8124 120.635
97.8192 120.644
97.8192 120.644
97.8192 120.644
97.8192 120.644
97.8192 120.644
98.2178 121.135
98.2246 121.144
98.6232 121.635
98.63 121.644
98.63 121.644
98.63 121.644
98.63 121.644
98.63 121.644
98.63 121.644
99.4408 122.644
99.4408 122.644
99.4408 122.644
99.8462 123.144
100.245 123.635
100.252 123.644
100.252 123.644
100.252 123.644
100.252 123.644
100.252 123.644
100.657 124.144
101.062 124.644
101.062 124.644
101.062 124.644
101.062 124.644
101.468 125.144
101.873 125.644
101.873 125.644
101.873 125.644
101.873 125.644
101.873 125.644
102.272 126.135
102.279 126.144
102.677 126.635
102.684 126.644
102.684 126.644
102.684 126.644
102.684 126.644
103.083 127.135
103.089 127.144
103.488 127.635
103.495 127.644
103.495 127.644
103.495 127.644
103.495 127.644
103.495 127.644
104.306 128.644
104.306 128.644
104.306 128.644
104.306 128.644
104.704 129.135
104.711 129.144
105.11 129.635
105.116 129.644
105.116 129.644
105.116 129.644
105.116 129.644
105.116 129.644
105.522 130.144
105.927 130.644
105.927 130.644
105.927 130.644
106.731 131.635
106.738 131.644
106.738 131.644
106.738 131.644
106.738 131.644
106.738 131.644
107.346 132.394
107.542 132.635
107.549 132.644
107.549 132.644
107.549 132.644
107.954 133.144
108.353 133.635
108.36 133.644
108.36 133.644
108.36 133.644
108.36 133.644
108.765 134.144
109.17 134.644
109.17 134.644
109.17 134.644
109.981 135.644
109.981 135.644
109.981 135.644
111.603 137.644
112.008 138.144
112.414 138.644
112.414 138.644
112.819 139.144
112.819 139.144
113.63 140.144
114.035 140.644
114.441 141.144
114.846 141.644
114.846 141.644
114.846 141.644
115.252 142.144
115.657 142.644
116.468 143.644
116.468 143.644
116.873 144.144
116.873 144.144
117.076 144.394
117.279 144.644
117.684 145.144
118.089 145.644
118.089 145.644
118.495 146.144
118.9 146.644
119.711 147.644
120.116 148.144
120.522 148.644
120.522 148.644
120.927 149.144
120.927 149.144
121.333 149.644
121.333 149.644
121.738 150.144
122.143 150.644
122.549 151.144
122.549 151.144
122.954 151.644
122.954 151.644
123.36 152.144
123.765 152.644
123.765 152.644
123.765 152.644
124.17 153.144
124.17 153.144
124.576 153.644
124.576 153.644
124.981 154.144
125.387 154.644
125.792 155.144
125.792 155.144
126.198 155.644
126.198 155.644
126.603 156.144
126.806 156.394
127.008 156.644
127.008 156.644
127.008 156.644
127.008 156.644
127.616 157.394
127.819 157.644
127.819 157.644
127.819 157.644
127.819 157.644
127.819 157.644
127.819 157.644
127.819 157.644
128.63 158.644
128.63 158.644
128.63 158.644
128.833 158.894
129.035 159.144
129.238 159.394
129.441 159.644
129.441 159.644
129.846 160.144
129.846 160.144
130.252 160.644
130.252 160.644
130.252 160.644
130.454 160.894
130.454 160.894
130.657 161.144
130.657 161.144
130.86 161.394
131.062 161.644
131.062 161.644
131.062 161.644
131.468 162.144
131.873 162.644
132.279 163.144
132.684 163.644
133.089 164.144
133.089 164.144
133.089 164.144
133.495 164.644
133.495 164.644
133.495 164.644
134.306 165.644
134.711 166.144
135.116 166.644
135.522 167.144
135.522 167.144
135.927 167.644
135.927 167.644
135.927 167.644
135.927 167.644
136.333 168.144
136.738 168.644
137.143 169.144
137.143 169.144
137.549 169.644
137.954 170.144
137.954 170.144
138.36 170.644
138.765 171.144
139.17 171.644
139.17 171.644
139.17 171.644
140.792 173.644
140.792 173.644
141.197 174.144
141.603 174.644
141.603 174.644
142.008 175.144
142.414 175.644
142.414 175.644
142.414 175.644
142.819 176.144
142.819 176.144
143.225 176.644
143.225 176.644
143.63 177.144
144.035 177.644
144.035 177.644
144.035 177.644
144.441 178.144
144.846 178.644
144.846 178.644
144.846 178.644
145.252 179.144
145.252 179.144
145.657 179.644
145.657 179.644
146.062 180.144
146.468 180.644
146.873 181.144
147.279 181.644
147.279 181.644
147.684 182.144
147.684 182.144
148.089 182.644
148.495 183.144
148.9 183.644
148.9 183.644
148.9 183.644
149.306 184.144
149.306 184.144
149.711 184.644
150.116 185.144
150.522 185.644
150.522 185.644
150.522 185.644
150.927 186.144
150.927 186.144
151.333 186.644
151.738 187.144
152.143 187.644
153.765 189.644
153.765 189.644
154.17 190.144
154.576 190.644
154.576 190.644
154.981 191.144
154.981 191.144
155.184 191.394
155.387 191.644
155.387 191.644
155.792 192.144
155.792 192.144
156.197 192.644
156.197 192.644
156.603 193.144
157.008 193.644
157.008 193.644
157.008 193.644
157.414 194.144
157.414 194.144
157.819 194.644
157.819 194.644
157.819 194.644
158.225 195.144
158.225 195.144
158.63 195.644
158.63 195.644
158.63 195.644
159.035 196.144
159.441 196.644
159.846 197.144
160.252 197.644
160.252 197.644
160.657 198.144
160.657 198.144
160.657 198.144
161.062 198.644
161.062 198.644
161.468 199.144
161.468 199.144
161.873 199.644
161.873 199.644
161.873 199.644
162.279 200.144
162.689 200.65
163.089 201.144
163.495 201.644
163.495 201.644
163.495 201.644
163.495 201.644
163.495 201.644
163.495 201.644
163.9 202.144
164.306 202.644
164.711 203.144
165.116 203.644
166.333 205.144
166.738 205.644
166.738 205.644
166.738 205.644
167.143 206.144
167.143 206.144
167.549 206.644
167.549 206.644
167.549 206.644
167.954 207.144
167.954 207.144
168.36 207.644
168.36 207.644
168.36 207.644
168.765 208.144
168.765 208.144
169.17 208.644
169.17 208.644
169.576 209.144
169.576 209.144
169.981 209.644
169.981 209.644
169.981 209.644
170.387 210.144
170.589 210.394
170.792 210.644
170.792 210.644
171.197 211.144
171.197 211.144
171.603 211.644
171.603 211.644
171.603 211.644
172.008 212.144
172.414 212.644
173.224 213.644
173.224 213.644
173.224 213.644
173.63 214.144
173.63 214.144
174.035 214.644
174.035 214.644
174.441 215.144
174.441 215.144
174.441 215.144
174.846 215.644
174.846 215.644
175.252 216.144
175.252 216.144
175.657 216.644
175.657 216.644
176.062 217.144
176.062 217.144
176.468 217.644
176.468 217.644
176.873 218.144
177.279 218.644
177.279 218.644
177.684 219.144
177.684 219.144
177.684 219.144
177.684 219.144
178.089 219.644
178.495 220.144
178.9 220.644
178.9 220.644
178.9 220.644
179.306 221.144
179.711 221.644
179.711 221.644
180.116 222.144
180.116 222.144
180.522 222.644
180.522 222.644
180.522 222.644
180.927 223.144
180.927 223.144
181.333 223.644
181.333 223.644
181.333 223.644
181.738 224.144
181.738 224.144
182.143 224.644
182.143 224.644
182.549 225.144
182.549 225.144
182.549 225.144
182.954 225.644
182.954 225.644
182.954 225.644
183.157 225.894
183.36 226.144
183.562 226.394
183.765 226.644
184.17 227.144
184.17 227.144
184.17 227.144
184.576 227.644
184.576 227.644
184.981 228.144
185.387 228.644
185.792 229.144
185.792 229.144
186.197 229.644
186.603 230.144
186.603 230.144
187.008 230.644
187.008 230.644
187.008 230.644
187.414 231.144
187.414 231.144
187.819 231.644
188.224 232.144
188.224 232.144
188.63 232.644
188.63 232.644
188.63 232.644
189.035 233.144
189.441 233.644
189.441 233.644
189.441 233.644
189.441 233.644
189.441 233.644
189.441 233.644
190.049 234.394
190.251 234.644
190.251 234.644
190.251 234.644
190.657 235.144
191.062 235.644
191.062 235.644
191.062 235.644
191.062 235.644
191.062 235.644
191.468 236.144
191.873 236.644
192.684 237.644
192.684 237.644
193.089 238.144
193.495 238.644
193.9 239.144
194.306 239.644
194.306 239.644
194.711 240.144
195.116 240.644
195.522 241.144
195.927 241.644
195.927 241.644
195.956 241.679
196.145 241.912
196.311 242.117
196.333 242.144
196.518 242.373
196.738 242.644
196.738 242.644
196.941 242.894
197.143 243.144
197.143 243.144
197.346 243.394
197.549 243.644
197.549 243.644
197.751 243.894
197.954 244.144
198.157 244.394
198.36 244.644
198.36 244.644
198.36 244.644
198.36 244.644
198.36 244.644
198.36 244.644
198.765 245.144
199.17 245.644
199.17 245.644
199.17 245.644
199.17 245.644
199.17 245.644
199.576 246.144
199.981 246.644
199.981 246.644
199.981 246.644
200.387 247.144
200.387 247.144
200.792 247.644
200.792 247.644
200.792 247.644
200.792 247.644
200.792 247.644
201.197 248.144
201.197 248.144
201.603 248.644
201.603 248.644
201.603 248.644
201.603 248.644
202.008 249.144
202.414 249.644
202.414 249.644
202.414 249.644
202.414 249.644
202.414 249.644
202.819 250.144
203.224 250.644
203.224 250.644
203.224 250.644
203.224 250.644
203.224 250.644
203.63 251.144
204.035 251.644
204.035 251.644
204.035 251.644
204.035 251.644
204.035 251.644
204.035 251.644
204.846 252.644
204.846 252.644
204.846 252.644
204.846 252.644
205.251 253.144
205.65 253.635
205.657 253.644
205.657 253.644
205.657 253.644
205.657 253.644
205.657 253.644
206.468 254.644
206.468 254.644
206.468 254.644
206.873 255.144
207.272 255.635
207.279 255.644
207.279 255.644
207.279 255.644
207.279 255.644
207.279 255.644
207.684 256.144
208.083 256.635
208.089 256.644
208.089 256.644
208.089 256.644
208.089 256.644
208.495 257.144
208.893 257.635
208.9 257.644
208.9 257.644
208.9 257.644
208.9 257.644
209.299 258.135
209.306 258.144
209.704 258.635
209.711 258.644
209.711 258.644
209.711 258.644
210.11 259.135
210.515 259.635
210.522 259.644
210.522 259.644
210.522 259.644
210.522 259.644
211.326 260.635
211.333 260.644
211.333 260.644
211.333 260.644
211.333 260.644
211.333 260.644
211.731 261.135
211.738 261.144
212.137 261.635
212.143 261.644
212.143 261.644
212.143 261.644
212.143 261.644
212.143 261.644
212.143 261.644
212.954 262.644
212.954 262.644
212.954 262.644
213.36 263.144
213.758 263.635
213.765 263.644
213.765 263.644
213.765 263.644
213.765 263.644
213.765 263.644
214.17 264.144
214.576 264.644
214.576 264.644
214.576 264.644
214.576 264.644
214.981 265.144
215.387 265.644
215.387 265.644
215.387 265.644
215.387 265.644
215.387 265.644
215.785 266.135
215.792 266.144
216.191 266.635
216.197 266.644
216.197 266.644
216.197 266.644
216.197 266.644
216.596 267.135
216.603 267.144
217.001 267.635
217.008 267.644
217.008 267.644
217.008 267.644
217.008 267.644
217.008 267.644
217.819 268.644
217.819 268.644
217.819 268.644
217.819 268.644
218.218 269.135
218.224 269.144
218.623 269.635
218.63 269.644
218.63 269.644
218.63 269.644
218.63 269.644
218.63 269.644
219.441 270.644
219.441 270.644
219.441 270.644
219.441 270.644
219.441 270.644
220.245 271.635
220.25 271.642
220.251 271.644
220.251 271.644
220.251 271.644
220.251 271.644
220.871 272.408
221.062 272.644
221.062 272.644
221.419 273.083
221.861 273.629
221.866 273.635
221.873 273.644
221.873 273.644
221.873 273.644
221.873 273.644
221.873 273.644
222.684 274.644
222.684 274.644
223.495 275.644
223.495 275.644
224.306 276.644
224.306 276.644
225.116 277.644
225.116 277.644
225.116 277.644
225.116 277.644
225.116 277.644
225.116 277.644
225.118 277.646
225.927 278.644
225.927 278.644
225.927 278.644
225.927 278.644
226.701 279.598
226.738 279.644
226.738 279.644
226.738 279.644
226.738 279.644
226.738 279.644
226.738 279.644
227.549 280.644
227.954 281.144
228.353 281.635
228.36 281.644
228.36 281.644
228.36 281.644
228.36 281.644
228.36 281.644
228.765 282.144
229.17 282.644
229.17 282.644
229.17 282.644
229.576 283.144
229.576 283.144
229.974 283.635
229.981 283.644
229.981 283.644
229.981 283.644
229.981 283.644
229.981 283.644
230.387 284.144
230.387 284.144
230.792 284.644
230.792 284.644
230.792 284.644
230.792 284.644
231.197 285.144
231.596 285.635
231.603 285.644
231.603 285.644
231.603 285.644
231.603 285.644
231.603 285.644
232.008 286.144
232.407 286.635
232.414 286.644
232.414 286.644
232.414 286.644
232.414 286.644
232.414 286.644
232.819 287.144
233.218 287.635
233.224 287.644
233.224 287.644
233.224 287.644
233.224 287.644
233.224 287.644
233.224 287.644
234.028 288.635
234.035 288.644
234.035 288.644
234.035 288.644
234.035 288.644
234.441 289.144
234.839 289.635
234.846 289.644
234.846 289.644
234.846 289.644
234.846 289.644
234.846 289.644
235.657 290.644
235.657 290.644
235.657 290.644
236.062 291.144
236.468 291.644
236.468 291.644
236.468 291.644
236.468 291.644
236.468 291.644
236.873 292.144
237.272 292.635
237.278 292.644
237.278 292.644
237.278 292.644
237.278 292.644
237.684 293.144
238.083 293.635
238.089 293.644
238.089 293.644
238.089 293.644
238.089 293.644
238.495 294.144
238.893 294.635
238.9 294.644
238.9 294.644
238.9 294.644
239.299 295.135
239.704 295.635
239.711 295.644
239.711 295.644
239.711 295.644
239.711 295.644
240.522 296.644
240.522 296.644
240.522 296.644
240.522 296.644
240.522 296.644
240.927 297.144
241.326 297.635
241.333 297.644
241.333 297.644
241.333 297.644
241.333 297.644
241.333 297.644
241.333 297.644
242.143 298.644
242.143 298.644
242.143 298.644
242.542 299.135
242.549 299.144
242.947 299.635
242.954 299.644
242.954 299.644
242.954 299.644
242.954 299.644
242.954 299.644
243.36 300.144
243.765 300.644
243.765 300.644
243.765 300.644
243.765 300.644
244.17 301.144
244.569 301.635
244.576 301.644
244.576 301.644
244.576 301.644
244.576 301.644
244.576 301.644
244.981 302.144
245.38 302.635
245.387 302.644
245.387 302.644
245.387 302.644
245.387 302.644
245.792 303.144
246.191 303.635
246.197 303.644
246.197 303.644
246.197 303.644
246.197 303.644
246.197 303.644
247.008 304.644
247.008 304.644
247.008 304.644
247.008 304.644
247.414 305.144
247.812 305.635
247.819 305.644
247.819 305.644
247.819 305.644
247.819 305.644
247.819 305.644
248.224 306.144
248.623 306.635
248.63 306.644
248.63 306.644
248.63 306.644
249.434 307.635
249.441 307.644
249.441 307.644
249.441 307.644
249.441 307.644
249.441 307.644
250.049 308.394
250.245 308.635
250.251 308.644
250.251 308.644
250.251 308.644
250.657 309.144
251.055 309.635
251.062 309.644
251.062 309.644
251.062 309.644
251.062 309.644
251.468 310.144
251.873 310.644
251.873 310.644
251.873 310.644
252.684 311.644
252.684 311.644
252.684 311.644
253.495 312.644
253.9 313.144
254.305 313.644
254.305 313.644
254.305 313.644
254.305 313.644
254.305 313.644
254.305 313.644
254.305 313.644
254.711 314.144
255.116 314.644
255.116 314.644
255.116 314.644
255.927 315.644
255.927 315.644
255.927 315.644
255.927 315.644
255.927 315.644
255.927 315.644
255.927 315.644
256.535 316.394
256.738 316.644
256.738 316.644
257.143 317.144
257.53 317.621
257.544 317.637
257.549 317.644
257.549 317.644
257.555 317.652
257.571 317.671
258.425 318.725
259.331 319.842
259.365 319.883
259.373 319.894
260.184 320.894
261.12 322.048
261.142 322.075
261.256 322.217
261.336 322.315
261.552 322.581
262.819 324.144
263.363 324.815
263.846 325.41
264.238 325.894
264.675 326.433
265.049 326.894
265.106 326.965
265.483 327.429
265.988 328.052
266.415 328.579
266.856 329.123
266.863 329.131
267.297 329.667
267.329 329.706
267.713 330.179
267.756 330.233
268.187 330.765
268.596 331.269
268.648 331.333
269.023 331.796
269.474 332.352
269.909 332.887
270.363 333.448
270.4 333.494
270.821 334.012
270.87 334.073
271.297 334.6
271.3 334.604
271.539 334.898
271.728 335.131
271.787 335.204
272.189 335.7
272.66 336.281
272.662 336.283
273.523 337.346
273.579 337.415
273.588 337.425
273.599 337.44
274.039 337.981
274.515 338.569
274.993 339.158
275.576 339.877
278.934 344.019
278.944 344.031
278.947 344.035
279.035 344.144
279.353 344.535
279.822 345.115
280.207 345.59
282.256 348.117
282.496 348.413
