2.04375 2.04375
3.56042 3.56042
3.71042 3.71042
3.9375 3.9375
4.4375 4.4375
4.825 4.825
5.24792 5.24792
8.94792 8.94792
10.2833 10.2833
10.6729 10.6729
10.9479 10.9479
11.2271 11.2271
11.4792 11.4792
11.7792 11.7792
12.0437 12.0437
12.3479 12.3479
12.8333 12.8333
14.9354 14.9354
15.1521 15.1521
15.3688 15.3688
15.5479 15.5479
15.7312 15.7312
16.0229 16.0229
16.3917 16.3917
16.9625 16.9625
17.5375 17.5375
18.2625 18.2625
18.7208 18.7208
18.9792 18.9792
19.2521 19.2521
19.475 19.475
19.475 19.475
19.6396 19.6396
19.8958 19.8958
20.1104 20.1104
20.2458 20.2458
20.4979 20.4979
20.7188 20.7188
20.9333 20.9333
21.5979 21.5979
21.9542 21.9542
23.9979 23.9979
24.0188 24.0188
24.4333 24.4333
24.7854 24.7854
25.1812 25.1812
26.0875 26.0875
26.6458 26.6458
30.2 30.2
30.2042 30.2042
30.5333 30.5333
30.8667 30.8667
31.2 31.2
31.2 31.2
31.5333 31.5333
31.8667 31.8667
32.2 32.2
32.5333 32.5333
32.8667 32.8667
33.2 33.2
33.2333 33.2333
33.5333 33.5333
33.8667 33.8667
34.2 34.2
34.2437 34.2437
34.5333 34.5333
34.8667 34.8667
35.2 35.2
35.5333 35.5333
35.8667 35.8667
36.2 36.2
36.2 36.2
36.2 36.2
36.2 36.2
36.2 36.2
38.2 38.2
38.2 38.2
38.5333 38.5333
38.5333 38.5333
38.8667 38.8667
38.8667 38.8667
39.2 39.2
39.2 39.2
39.5333 39.5333
39.5333 39.5333
39.8667 39.8667
39.8667 39.8667
40.2 40.2
40.2 40.2
40.5333 40.5333
40.8667 40.8667
41.2 41.2
41.5333 41.5333
41.8667 41.8667
41.8667 41.8667
42.2 42.2
42.2 42.2
42.5333 42.5333
42.8667 42.8667
42.8667 42.8667
43.2 43.2
43.2 43.2
43.5333 43.5333
43.5333 43.5333
43.8667 43.8667
43.8667 43.8667
44.2 44.2
44.2 44.2
44.5333 44.5333
44.8667 44.8667
45.2 45.2
45.5333 45.5333
45.8667 45.8667
46.2 46.2
46.2 46.2
46.5333 46.5333
46.5333 46.5333
46.8667 46.8667
46.8667 46.8667
47.2 47.2
47.2 47.2
47.5333 47.5333
47.5333 47.5333
47.8667 47.8667
47.8667 47.8667
48.2 48.2
48.2 48.2
48.5333 48.5333
48.8667 48.8667
49.2 49.2
49.5333 49.5333
49.8667 49.8667
49.8667 49.8667
50.2 50.2
50.2 50.2
50.5333 50.5333
50.5333 50.5333
50.8667 50.8667
50.8667 50.8667
51.2 51.2
51.2 51.2
51.5333 51.5333
51.5333 51.5333
51.8667 51.8667
51.8667 51.8667
52.2 52.2
52.2 52.2
52.5333 52.5333
52.8667 52.8667
53.2 53.2
53.5333 53.5333
53.8667 53.8667
54.2 54.2
54.2 54.2
54.5333 54.5333
54.5333 54.5333
54.8667 54.8667
54.8667 54.8667
55.2 55.2
55.2 55.2
55.5333 55.5333
55.5333 55.5333
55.8667 55.8667
55.8667 55.8667
56.2 56.2
56.2 56.2
56.5333 56.5333
56.8667 56.8667
57.2 57.2
57.5333 57.5333
57.8667 57.8667
57.8667 57.8667
58.2 58.2
58.2 58.2
58.5333 58.5333
58.5333 58.5333
58.8667 58.8667
58.8667 58.8667
59.2 59.2
59.2 59.2
59.2 59.2
59.5333 59.5333
59.5333 59.5333
59.8667 59.8667
59.8667 59.8667
60.2 60.2
60.2 60.2
60.5333 60.5333
60.8667 60.8667
61.2 61.2
61.5333 61.5333
61.8667 61.8667
61.8667 61.8667
62.2 62.2
62.2 62.2
62.5333 62.5333
62.5333 62.5333
62.8667 62.8667
62.8667 62.8667
63.2 63.2
63.2 63.2
63.5333 63.5333
63.5333 63.5333
63.8667 63.8667
63.8667 63.8667
64.2 64.2
64.2 64.2
64.5333 64.5333
64.8667 64.8667
65.2 65.2
65.5333 65.5333
65.8667 65.8667
65.8667 65.8667
66.2 66.2
66.2 66.2
66.5333 66.5333
66.5333 66.5333
66.8667 66.8667
67.2 67.2
67.2 67.2
67.5333 67.5333
67.5333 67.5333
67.8667 67.8667
67.8667 67.8667
68.2 68.2
68.2 68.2
68.5333 68.5333
68.8667 68.8667
69.2 69.2
69.5333 69.5333
69.8667 69.8667
69.8667 69.8667
70.2 70.2
70.2 70.2
70.2 70.2
70.2 70.2
70.2 70.2
70.2 70.2
70.2 70.2
71.2 71.2
71.5333 71.5333
71.8667 71.8667
72.2 72.2
72.2 72.2
72.3667 72.3667
72.5333 72.5333
72.5333 72.5333
72.7 72.7
72.8667 72.8667
72.8667 72.8667
73.0333 73.0333
73.2 73.2
73.2 73.2
73.3667 73.3667
73.5333 73.5333
73.7 73.7
73.8667 73.8667
73.8667 73.8667
74.0333 74.0333
74.2 74.2
74.2 74.2
74.3667 74.3667
74.5333 74.5333
74.7 74.7
74.8667 74.8667
75.0333 75.0333
75.2 75.2
75.2 75.2
75.3667 75.3667
75.5333 75.5333
75.5333 75.5333
75.7 75.7
75.8667 75.8667
75.8667 75.8667
76.0333 76.0333
76.2 76.2
76.2 76.2
76.3667 76.3667
76.5333 76.5333
76.7 76.7
76.8667 76.8667
76.8667 76.8667
77.0333 77.0333
77.2 77.2
77.2 77.2
77.3667 77.3667
77.5333 77.5333
77.5333 77.5333
77.7 77.7
77.8667 77.8667
77.8667 77.8667
78.0333 78.0333
78.2 78.2
78.2 78.2
78.3667 78.3667
78.5333 78.5333
78.7 78.7
78.8667 78.8667
79.0333 79.0333
79.2 79.2
79.2 79.2
79.3667 79.3667
79.5333 79.5333
79.5333 79.5333
79.7 79.7
79.8667 79.8667
79.8667 79.8667
80.0333 80.0333
80.2 80.2
80.2 80.2
80.3667 80.3667
80.5333 80.5333
80.5333 80.5333
80.7 80.7
80.8667 80.8667
80.8667 80.8667
81.0333 81.0333
81.2 81.2
81.2 81.2
81.3667 81.3667
81.5333 81.5333
81.5333 81.5333
81.5333 81.5333
81.7 81.7
81.8667 81.8667
81.8667 81.8667
81.8667 81.8667
82.0333 82.0333
82.2 82.2
82.2 82.2
82.3667 82.3667
82.5333 82.5333
82.7 82.7
82.8667 82.8667
83.0333 83.0333
83.2 83.2
83.2 83.2
83.3667 83.3667
83.5333 83.5333
83.5333 83.5333
83.7 83.7
83.8667 83.8667
83.8667 83.8667
84.0333 84.0333
84.2 84.2
84.2 84.2
84.3667 84.3667
84.5333 84.5333
84.5333 84.5333
84.7 84.7
84.8667 84.8667
84.8667 84.8667
85.0333 85.0333
85.2 85.2
85.2 85.2
85.3667 85.3667
85.5333 85.5333
85.5333 85.5333
85.7 85.7
85.8667 85.8667
85.8667 85.8667
86.0333 86.0333
86.2 86.2
86.2 86.2
86.3667 86.3667
86.5333 86.5333
86.7 86.7
86.8667 86.8667
87.0333 87.0333
87.2 87.2
87.2 87.2
87.2 87.2
87.3667 87.3667
87.5333 87.5333
87.5333 87.5333
87.5333 87.5333
87.7 87.7
87.8667 87.8667
87.8667 87.8667
87.8667 87.8667
88.0333 88.0333
88.2 88.2
88.2 88.2
88.3667 88.3667
88.5333 88.5333
88.5333 88.5333
88.7 88.7
88.8667 88.8667
88.8667 88.8667
89.0333 89.0333
89.2 89.2
89.2 89.2
89.3667 89.3667
89.5333 89.5333
89.7 89.7
89.8667 89.8667
89.8667 89.8667
90.0333 90.0333
90.2 90.2
90.2 90.2
90.3667 90.3667
90.5333 90.5333
90.7 90.7
90.8667 90.8667
91.0333 91.0333
91.2 91.2
91.2 91.2
91.3667 91.3667
91.5333 91.5333
91.5333 91.5333
91.7 91.7
91.8667 91.8667
91.8667 91.8667
92.0333 92.0333
92.2 92.2
92.2 92.2
92.3667 92.3667
92.5333 92.5333
92.5333 92.5333
92.7 92.7
92.8667 92.8667
92.8667 92.8667
93.0333 93.0333
93.2 93.2
93.2 93.2
93.3667 93.3667
93.5333 93.5333
93.5333 93.5333
93.7 93.7
93.8667 93.8667
93.8667 93.8667
94.0333 94.0333
94.2 94.2
94.2 94.2
94.3667 94.3667
94.5333 94.5333
94.7 94.7
94.8667 94.8667
95.0333 95.0333
95.2 95.2
95.2 95.2
95.3667 95.3667
95.5333 95.5333
95.5333 95.5333
95.7 95.7
95.8667 95.8667
95.8667 95.8667
96.0333 96.0333
96.2 96.2
96.2 96.2
96.3667 96.3667
96.5333 96.5333
96.5333 96.5333
96.7 96.7
96.8667 96.8667
96.8667 96.8667
97.0333 97.0333
97.2 97.2
97.2 97.2
97.3667 97.3667
97.5333 97.5333
97.5333 97.5333
97.7 97.7
97.8667 97.8667
97.8667 97.8667
97.8667 97.8667
98.0333 98.0333
98.2 98.2
98.2 98.2
98.3667 98.3667
98.5333 98.5333
98.7 98.7
98.8667 98.8667
99.0333 99.0333
99.2 99.2
99.2 99.2
99.3667 99.3667
99.5333 99.5333
99.5333 99.5333
99.7 99.7
99.8667 99.8667
99.8667 99.8667
100.033 100.033
100.2 100.2
100.2 100.2
100.367 100.367
100.533 100.533
100.533 100.533
100.7 100.7
100.867 100.867
100.867 100.867
101.033 101.033
101.2 101.2
101.2 101.2
101.367 101.367
101.533 101.533
101.7 101.7
101.867 101.867
101.867 101.867
102.033 102.033
102.2 102.2
102.2 102.2
102.2 102.2
102.2 102.2
102.2 102.2
102.2 102.2
102.2 102.2
103.2 103.2
103.867 103.867
104.2 104.2
104.2 104.2
104.533 104.533
104.867 104.867
105.2 105.2
105.533 105.533
105.867 105.867
106.2 106.2
106.533 106.533
106.867 106.867
107.2 107.2
107.533 107.533
107.867 107.867
108.2 108.2
108.2 108.2
108.2 108.2
108.2 108.2
108.2 108.2
108.2 108.2
108.533 108.533
108.867 108.867
109.2 109.2
109.533 109.533
109.7 109.7
109.867 109.867
110.2 110.2
110.2 110.2
110.533 110.533
110.867 110.867
111.2 111.2
111.533 111.533
111.867 111.867
112.2 112.2
112.2 112.2
112.533 112.533
112.867 112.867
113.2 113.2
113.2 113.2
113.533 113.533
113.533 113.533
113.867 113.867
113.867 113.867
114.2 114.2
114.2 114.2
114.533 114.533
114.867 114.867
115.2 115.2
115.533 115.533
115.867 115.867
116.2 116.2
116.2 116.2
116.533 116.533
116.867 116.867
117.2 117.2
117.533 117.533
117.867 117.867
117.867 117.867
118.2 118.2
118.2 118.2
118.533 118.533
118.867 118.867
119.2 119.2
119.533 119.533
119.867 119.867
120.2 120.2
120.2 120.2
120.533 120.533
120.533 120.533
120.867 120.867
120.867 120.867
121.2 121.2
121.2 121.2
121.533 121.533
121.867 121.867
121.867 121.867
122.2 122.2
122.2 122.2
122.533 122.533
122.867 122.867
123.2 123.2
123.2 123.2
123.533 123.533
123.867 123.867
124.2 124.2
124.2 124.2
124.533 124.533
124.7 124.7
124.867 124.867
125.033 125.033
125.2 125.2
125.2 125.2
125.2 125.2
125.367 125.367
125.533 125.533
125.867 125.867
126.033 126.033
126.2 126.2
126.2 126.2
126.533 126.533
126.7 126.7
126.867 126.867
127.033 127.033
127.2 127.2
127.2 127.2
127.367 127.367
127.533 127.533
127.7 127.7
127.867 127.867
127.867 127.867
128.033 128.033
128.033 128.033
128.033 128.033
128.2 128.2
128.2 128.2
128.533 128.533
128.7 128.7
128.867 128.867
129.033 129.033
129.2 129.2
129.2 129.2
129.367 129.367
129.533 129.533
129.7 129.7
129.867 129.867
130.033 130.033
130.2 130.2
130.2 130.2
130.2 130.2
130.2 130.2
130.533 130.533
130.533 130.533
130.533 130.533
130.533 130.533
130.533 130.533
130.7 130.7
130.867 130.867
130.867 130.867
130.867 130.867
130.867 130.867
130.867 130.867
130.867 130.867
131.033 131.033
131.2 131.2
131.2 131.2
131.2 131.2
131.2 131.2
131.2 131.2
131.2 131.2
131.533 131.533
131.533 131.533
131.533 131.533
131.533 131.533
131.533 131.533
131.533 131.533
131.7 131.7
131.867 131.867
131.867 131.867
131.867 131.867
131.867 131.867
131.867 131.867
131.867 131.867
132.033 132.033
132.2 132.2
132.2 132.2
132.367 132.367
132.533 132.533
132.7 132.7
132.867 132.867
133.033 133.033
133.2 133.2
133.2 133.2
133.367 133.367
133.533 133.533
133.7 133.7
133.867 133.867
133.867 133.867
134.033 134.033
134.2 134.2
134.2 134.2
134.367 134.367
134.533 134.533
134.7 134.7
134.867 134.867
135.033 135.033
135.2 135.2
135.2 135.2
135.367 135.367
135.533 135.533
135.7 135.7
135.867 135.867
135.867 135.867
136.033 136.033
136.2 136.2
136.2 136.2
136.367 136.367
136.533 136.533
136.7 136.7
136.867 136.867
137.033 137.033
137.2 137.2
137.2 137.2
137.367 137.367
137.367 137.367
137.533 137.533
137.533 137.533
137.7 137.7
137.7 137.7
137.867 137.867
137.867 137.867
138.033 138.033
138.033 138.033
138.033 138.033
138.2 138.2
138.2 138.2
138.2 138.2
138.2 138.2
138.2 138.2
138.215 138.215
138.325 138.325
138.404 138.404
138.5 138.5
138.533 138.533
138.533 138.533
138.533 138.533
138.533 138.533
138.533 138.533
138.602 138.602
138.719 138.719
138.867 138.867
138.867 138.867
138.867 138.867
138.867 138.867
138.867 138.867
138.883 138.883
139.035 139.035
139.2 139.2
139.2 139.2
139.2 139.2
139.2 139.2
139.2 139.2
139.215 139.215
140.2 140.2
140.2 140.2
140.533 140.533
140.533 140.533
140.867 140.867
140.867 140.867
141.2 141.2
141.2 141.2
141.533 141.533
141.533 141.533
141.867 141.867
141.867 141.867
142.2 142.2
142.2 142.2
142.533 142.533
142.867 142.867
143.2 143.2
143.533 143.533
143.867 143.867
143.867 143.867
144.2 144.2
144.2 144.2
144.533 144.533
144.867 144.867
144.867 144.867
145.2 145.2
145.2 145.2
145.533 145.533
145.533 145.533
145.867 145.867
145.867 145.867
146.2 146.2
146.2 146.2
146.533 146.533
146.867 146.867
147.2 147.2
147.533 147.533
147.867 147.867
148.2 148.2
148.2 148.2
148.533 148.533
148.533 148.533
148.867 148.867
148.867 148.867
149.2 149.2
149.2 149.2
149.533 149.533
149.533 149.533
149.867 149.867
149.867 149.867
150.2 150.2
150.2 150.2
150.533 150.533
150.867 150.867
151.2 151.2
151.533 151.533
151.867 151.867
151.867 151.867
152.2 152.2
152.2 152.2
152.533 152.533
152.533 152.533
152.867 152.867
152.867 152.867
153.2 153.2
153.2 153.2
153.533 153.533
153.533 153.533
153.867 153.867
153.867 153.867
154.2 154.2
154.2 154.2
154.533 154.533
154.867 154.867
155.2 155.2
155.533 155.533
155.867 155.867
156.2 156.2
156.2 156.2
156.533 156.533
156.533 156.533
156.867 156.867
156.867 156.867
157.2 157.2
157.2 157.2
157.533 157.533
157.533 157.533
157.867 157.867
157.867 157.867
158.2 158.2
158.2 158.2
158.533 158.533
158.867 158.867
159.2 159.2
159.533 159.533
159.867 159.867
159.867 159.867
160.2 160.2
160.2 160.2
160.533 160.533
160.533 160.533
160.867 160.867
160.867 160.867
161.2 161.2
161.2 161.2
161.2 161.2
161.533 161.533
161.533 161.533
161.867 161.867
161.867 161.867
162.2 162.2
162.2 162.2
162.533 162.533
162.867 162.867
163.2 163.2
163.533 163.533
163.867 163.867
163.867 163.867
164.2 164.2
164.2 164.2
164.533 164.533
164.533 164.533
164.867 164.867
164.867 164.867
165.2 165.2
165.2 165.2
165.533 165.533
165.533 165.533
165.867 165.867
165.867 165.867
166.2 166.2
166.2 166.2
166.533 166.533
166.867 166.867
167.2 167.2
167.533 167.533
167.867 167.867
167.867 167.867
168.2 168.2
168.2 168.2
168.533 168.533
168.533 168.533
168.867 168.867
169.2 169.2
169.2 169.2
169.533 169.533
169.533 169.533
169.867 169.867
169.867 169.867
170.2 170.2
170.2 170.2
170.533 170.533
170.867 170.867
171.2 171.2
171.533 171.533
171.867 171.867
171.867 171.867
172.2 172.2
172.2 172.2
172.2 172.2
172.2 172.2
172.2 172.2
172.2 172.2
172.2 172.2
173.2 173.2
173.533 173.533
173.867 173.867
174.2 174.2
174.2 174.2
174.367 174.367
174.533 174.533
174.533 174.533
174.7 174.7
174.867 174.867
174.867 174.867
175.033 175.033
175.2 175.2
175.2 175.2
175.367 175.367
175.533 175.533
175.7 175.7
175.867 175.867
175.867 175.867
176.033 176.033
176.2 176.2
176.2 176.2
176.367 176.367
176.533 176.533
176.7 176.7
176.867 176.867
177.033 177.033
177.2 177.2
177.2 177.2
177.367 177.367
177.533 177.533
177.533 177.533
177.7 177.7
177.867 177.867
177.867 177.867
178.033 178.033
178.2 178.2
178.2 178.2
178.367 178.367
178.533 178.533
178.7 178.7
178.867 178.867
178.867 178.867
179.033 179.033
179.2 179.2
179.2 179.2
179.367 179.367
179.533 179.533
179.533 179.533
179.7 179.7
179.867 179.867
179.867 179.867
180.033 180.033
180.2 180.2
180.2 180.2
180.367 180.367
180.533 180.533
180.7 180.7
180.867 180.867
181.033 181.033
181.2 181.2
181.2 181.2
181.367 181.367
181.533 181.533
181.533 181.533
181.7 181.7
181.867 181.867
181.867 181.867
182.033 182.033
182.2 182.2
182.2 182.2
182.367 182.367
182.533 182.533
182.533 182.533
182.7 182.7
182.867 182.867
182.867 182.867
183.033 183.033
183.2 183.2
183.2 183.2
183.367 183.367
183.533 183.533
183.533 183.533
183.533 183.533
183.7 183.7
183.867 183.867
183.867 183.867
183.867 183.867
184.033 184.033
184.2 184.2
184.2 184.2
184.367 184.367
184.533 184.533
184.7 184.7
184.867 184.867
185.033 185.033
185.2 185.2
185.2 185.2
185.367 185.367
185.533 185.533
185.533 185.533
185.7 185.7
185.867 185.867
185.867 185.867
186.033 186.033
186.2 186.2
186.2 186.2
186.367 186.367
186.533 186.533
186.533 186.533
186.7 186.7
186.867 186.867
186.867 186.867
187.033 187.033
187.2 187.2
187.2 187.2
187.367 187.367
187.533 187.533
187.533 187.533
187.7 187.7
187.867 187.867
187.867 187.867
188.033 188.033
188.2 188.2
188.2 188.2
188.367 188.367
188.533 188.533
188.7 188.7
188.867 188.867
189.033 189.033
189.2 189.2
189.2 189.2
189.2 189.2
189.367 189.367
189.533 189.533
189.533 189.533
189.533 189.533
189.7 189.7
189.867 189.867
189.867 189.867
189.867 189.867
190.033 190.033
190.2 190.2
190.2 190.2
190.367 190.367
190.533 190.533
190.533 190.533
190.7 190.7
190.867 190.867
190.867 190.867
191.033 191.033
191.2 191.2
191.2 191.2
191.367 191.367
191.533 191.533
191.7 191.7
191.867 191.867
191.867 191.867
192.033 192.033
192.2 192.2
192.2 192.2
192.367 192.367
192.533 192.533
192.7 192.7
192.867 192.867
193.033 193.033
193.2 193.2
193.2 193.2
193.367 193.367
193.533 193.533
193.533 193.533
193.7 193.7
193.867 193.867
193.867 193.867
194.033 194.033
194.2 194.2
194.2 194.2
194.367 194.367
194.533 194.533
194.533 194.533
194.7 194.7
194.867 194.867
194.867 194.867
195.033 195.033
195.2 195.2
195.2 195.2
195.367 195.367
195.533 195.533
195.533 195.533
195.7 195.7
195.867 195.867
195.867 195.867
196.033 196.033
196.2 196.2
196.2 196.2
196.367 196.367
196.533 196.533
196.7 196.7
196.867 196.867
197.033 197.033
197.2 197.2
197.2 197.2
197.367 197.367
197.533 197.533
197.533 197.533
197.7 197.7
197.867 197.867
197.867 197.867
198.033 198.033
198.2 198.2
198.2 198.2
198.367 198.367
198.533 198.533
198.533 198.533
198.7 198.7
198.867 198.867
198.867 198.867
199.033 199.033
199.2 199.2
199.2 199.2
199.367 199.367
199.533 199.533
199.533 199.533
199.7 199.7
199.867 199.867
199.867 199.867
199.867 199.867
200.033 200.033
200.2 200.2
200.2 200.2
200.367 200.367
200.533 200.533
200.7 200.7
200.867 200.867
201.033 201.033
201.2 201.2
201.2 201.2
201.367 201.367
201.533 201.533
201.533 201.533
201.7 201.7
201.867 201.867
201.867 201.867
202.033 202.033
202.2 202.2
202.242 202.242
202.408 202.408
202.533 202.533
202.575 202.575
202.742 202.742
202.867 202.867
202.908 202.908
203.075 203.075
203.2 203.2
203.242 203.242
203.408 203.408
203.575 203.575
203.742 203.742
203.867 203.867
203.908 203.908
204.075 204.075
204.2 204.2
204.2 204.2
204.2 204.2
204.2 204.2
204.2 204.2
204.2 204.2
204.2 204.2
205.2 205.2
205.867 205.867
206.2 206.2
206.2 206.2
206.2 206.2
206.2 206.2
206.2 206.2
206.2 206.2
206.2 206.2
206.2 206.2
206.533 206.533
206.867 206.867
207.2 207.2
207.2 207.2
207.2 207.2
207.2 207.2
207.2 207.2
207.2 207.2
207.533 207.533
207.533 207.533
207.533 207.533
207.867 207.867
207.867 207.867
207.867 207.867
207.867 207.867
208.2 208.2
208.2 208.2
208.2 208.2
208.2 208.2
208.2 208.2
208.367 208.367
208.533 208.533
208.533 208.533
208.533 208.533
208.533 208.533
208.533 208.533
208.7 208.7
208.867 208.867
208.867 208.867
208.867 208.867
208.867 208.867
208.867 208.867
209.033 209.033
209.2 209.2
209.2 209.2
209.2 209.2
209.2 209.2
209.2 209.2
209.2 209.2
209.533 209.533
209.533 209.533
209.533 209.533
209.533 209.533
209.867 209.867
209.867 209.867
209.867 209.867
209.867 209.867
210.2 210.2
210.2 210.2
210.2 210.2
210.2 210.2
210.2 210.2
210.2 210.2
210.2 210.2
210.533 210.533
210.533 210.533
210.533 210.533
210.533 210.533
210.7 210.7
210.7 210.7
210.7 210.7
210.867 210.867
210.867 210.867
210.867 210.867
210.867 210.867
211.033 211.033
211.033 211.033
211.033 211.033
211.2 211.2
211.2 211.2
211.2 211.2
211.2 211.2
211.2 211.2
211.533 211.533
211.533 211.533
211.867 211.867
211.867 211.867
211.867 211.867
212.2 212.2
212.2 212.2
212.2 212.2
212.2 212.2
212.2 212.2
212.533 212.533
212.533 212.533
212.533 212.533
212.7 212.7
212.7 212.7
212.7 212.7
212.867 212.867
212.867 212.867
212.867 212.867
213.033 213.033
213.033 213.033
213.033 213.033
213.2 213.2
213.2 213.2
213.2 213.2
213.2 213.2
213.2 213.2
213.533 213.533
213.533 213.533
213.533 213.533
213.533 213.533
213.867 213.867
213.867 213.867
214.2 214.2
214.2 214.2
214.2 214.2
214.2 214.2
214.2 214.2
214.533 214.533
214.533 214.533
214.533 214.533
214.7 214.7
214.867 214.867
214.867 214.867
214.867 214.867
214.867 214.867
215.2 215.2
215.2 215.2
215.2 215.2
215.2 215.2
215.2 215.2
215.533 215.533
215.533 215.533
215.533 215.533
215.867 215.867
215.867 215.867
216.2 216.2
216.2 216.2
216.2 216.2
216.2 216.2
216.2 216.2
216.533 216.533
216.533 216.533
216.533 216.533
216.7 216.7
216.7 216.7
216.7 216.7
216.867 216.867
216.867 216.867
216.867 216.867
217.033 217.033
217.033 217.033
217.2 217.2
217.2 217.2
217.2 217.2
217.2 217.2
217.2 217.2
217.533 217.533
217.533 217.533
217.533 217.533
217.533 217.533
217.7 217.7
217.7 217.7
217.867 217.867
217.867 217.867
218.033 218.033
218.2 218.2
218.2 218.2
218.2 218.2
218.2 218.2
218.533 218.533
218.533 218.533
218.533 218.533
218.533 218.533
218.7 218.7
218.7 218.7
218.867 218.867
218.867 218.867
218.867 218.867
218.867 218.867
219.033 219.033
219.033 219.033
219.2 219.2
219.2 219.2
219.2 219.2
219.2 219.2
219.2 219.2
219.533 219.533
219.533 219.533
219.533 219.533
219.533 219.533
219.867 219.867
219.867 219.867
219.867 219.867
220.2 220.2
220.2 220.2
220.2 220.2
220.2 220.2
220.2 220.2
220.533 220.533
220.533 220.533
220.533 220.533
220.7 220.7
220.7 220.7
220.7 220.7
220.867 220.867
220.867 220.867
220.867 220.867
221.033 221.033
221.033 221.033
221.2 221.2
221.2 221.2
221.2 221.2
221.2 221.2
221.2 221.2
221.533 221.533
221.533 221.533
221.533 221.533
221.867 221.867
221.867 221.867
221.867 221.867
222.2 222.2
222.2 222.2
222.2 222.2
222.2 222.2
222.2 222.2
222.533 222.533
222.533 222.533
222.533 222.533
222.533 222.533
222.533 222.533
222.867 222.867
223.2 223.2
223.2 223.2
223.2 223.2
223.2 223.2
223.2 223.2
223.533 223.533
223.533 223.533
223.533 223.533
223.533 223.533
223.533 223.533
223.867 223.867
224.2 224.2
224.2 224.2
224.2 224.2
224.2 224.2
224.2 224.2
224.7 224.7
224.7 224.7
224.7 224.7
224.7 224.7
225.2 225.2
225.2 225.2
225.2 225.2
225.2 225.2
225.2 225.2
225.533 225.533
225.533 225.533
225.533 225.533
225.533 225.533
225.533 225.533
225.867 225.867
225.867 225.867
225.867 225.867
225.867 225.867
225.867 225.867
226.2 226.2
226.2 226.2
226.367 226.367
226.533 226.533
226.533 226.533
226.7 226.7
226.867 226.867
226.867 226.867
227.033 227.033
227.2 227.2
227.2 227.2
227.367 227.367
227.533 227.533
227.7 227.7
227.867 227.867
227.867 227.867
228.033 228.033
228.2 228.2
228.2 228.2
228.367 228.367
228.533 228.533
228.7 228.7
228.867 228.867
229.033 229.033
229.2 229.2
229.2 229.2
229.367 229.367
229.533 229.533
229.533 229.533
229.7 229.7
229.867 229.867
229.867 229.867
230.033 230.033
230.2 230.2
230.2 230.2
230.367 230.367
230.533 230.533
230.533 230.533
230.7 230.7
230.867 230.867
230.867 230.867
231.033 231.033
231.2 231.2
231.2 231.2
231.367 231.367
231.533 231.533
231.533 231.533
231.7 231.7
231.867 231.867
231.867 231.867
232.033 232.033
232.2 232.2
232.2 232.2
232.367 232.367
232.533 232.533
232.7 232.7
232.867 232.867
233.033 233.033
233.2 233.2
233.2 233.2
233.367 233.367
233.533 233.533
233.533 233.533
233.7 233.7
233.867 233.867
233.867 233.867
234.033 234.033
234.2 234.2
234.2 234.2
234.367 234.367
234.533 234.533
234.533 234.533
234.7 234.7
234.867 234.867
234.867 234.867
235.033 235.033
235.2 235.2
235.2 235.2
235.367 235.367
235.533 235.533
235.533 235.533
235.7 235.7
235.867 235.867
235.867 235.867
236.033 236.033
236.2 236.2
236.2 236.2
236.367 236.367
236.533 236.533
236.7 236.7
236.867 236.867
237.033 237.033
237.2 237.2
237.2 237.2
237.367 237.367
237.533 237.533
237.533 237.533
237.7 237.7
237.867 237.867
237.867 237.867
238.033 238.033
238.2 238.2
238.2 238.2
238.2 238.2
238.2 238.2
238.2 238.2
238.2 238.2
238.2 238.2
238.533 238.533
238.533 238.533
238.533 238.533
238.533 238.533
238.533 238.533
238.533 238.533
238.533 238.533
238.867 238.867
238.867 238.867
238.867 238.867
238.867 238.867
238.867 238.867
238.867 238.867
238.867 238.867
239.2 239.2
239.2 239.2
239.2 239.2
239.2 239.2
239.2 239.2
239.2 239.2
239.2 239.2
239.867 239.867
239.867 239.867
239.867 239.867
239.867 239.867
239.867 239.867
239.867 239.867
239.867 239.867
240.2 240.2
240.2 240.2
240.2 240.2
240.2 240.2
240.2 240.2
240.2 240.2
240.2 240.2
241.2 241.2
241.867 241.867
242.2 242.2
242.2 242.2
242.2 242.2
242.367 242.367
242.533 242.533
242.7 242.7
242.867 242.867
243.033 243.033
243.2 243.2
243.2 243.2
243.367 243.367
243.533 243.533
243.7 243.7
243.867 243.867
243.867 243.867
244.033 244.033
244.2 244.2
244.2 244.2
244.367 244.367
244.533 244.533
244.7 244.7
244.867 244.867
245.033 245.033
245.2 245.2
245.2 245.2
245.367 245.367
245.533 245.533
245.533 245.533
245.7 245.7
245.867 245.867
245.867 245.867
246.033 246.033
246.2 246.2
246.2 246.2
246.367 246.367
246.533 246.533
246.7 246.7
246.867 246.867
247.033 247.033
247.2 247.2
247.2 247.2
247.367 247.367
247.533 247.533
247.533 247.533
247.7 247.7
247.867 247.867
247.867 247.867
248.033 248.033
248.2 248.2
248.2 248.2
248.367 248.367
248.533 248.533
248.7 248.7
248.867 248.867
249.033 249.033
249.2 249.2
249.2 249.2
249.367 249.367
249.533 249.533
249.533 249.533
249.7 249.7
249.867 249.867
249.867 249.867
250.033 250.033
250.2 250.2
250.2 250.2
250.367 250.367
250.533 250.533
250.7 250.7
250.867 250.867
251.033 251.033
251.2 251.2
251.2 251.2
251.367 251.367
251.367 251.367
251.533 251.533
251.7 251.7
251.867 251.867
251.867 251.867
252.033 252.033
252.2 252.2
252.2 252.2
252.367 252.367
252.533 252.533
252.7 252.7
252.867 252.867
253.033 253.033
253.2 253.2
253.2 253.2
253.367 253.367
253.533 253.533
253.533 253.533
253.7 253.7
253.867 253.867
253.867 253.867
254.033 254.033
254.2 254.2
254.2 254.2
254.367 254.367
254.533 254.533
254.7 254.7
254.867 254.867
255.033 255.033
255.2 255.2
255.2 255.2
255.367 255.367
255.533 255.533
255.7 255.7
255.867 255.867
255.867 255.867
256.033 256.033
256.2 256.2
256.2 256.2
256.2 256.2
256.2 256.2
256.2 256.2
256.2 256.2
256.2 256.2
256.367 256.367
256.367 256.367
256.367 256.367
256.367 256.367
256.367 256.367
256.367 256.367
256.7 256.7
256.7 256.7
256.7 256.7
256.7 256.7
256.7 256.7
256.7 256.7
257.033 257.033
257.033 257.033
257.033 257.033
257.033 257.033
257.033 257.033
257.033 257.033
259.988 259.988
260.044 260.044
260.106 260.106
260.167 260.167
260.208 260.208
260.208 260.208
260.223 260.223
