0.449145 0.516667
0.666473 0.766667
0.883802 1.01667
1.10113 1.26667
1.31846 1.51667
1.31846 1.51667
1.75311 2.01667
1.75311 2.01667
1.97044 2.26667
2.18777 2.51667
2.62243 3.01667
3.05708 3.51667
3.49174 4.01667
3.9264 4.51667
4.14373 4.76667
4.36105 5.01667
4.57838 5.26667
4.79571 5.51667
5.23037 6.01667
5.44769 6.26667
5.66502 6.51667
5.66502 6.51667
6.09968 7.01667
6.53434 7.51667
6.96899 8.01667
7.40365 8.51667
7.83831 9.01667
8.05563 9.26667
8.27296 9.51667
8.27296 9.51667
8.49029 9.76667
8.70762 10.0167
8.92495 10.2667
9.14228 10.5167
9.14228 10.5167
9.57693 11.0167
9.57693 11.0167
10.0116 11.5167
10.4462 12.0167
10.8809 12.5167
11.3156 13.0167
11.7502 13.5167
11.9675 13.7667
12.1849 14.0167
12.4022 14.2667
12.6195 14.5167
12.8369 14.7667
13.0542 15.0167
13.2715 15.2667
13.4888 15.5167
13.9235 16.0167
14.139 16.2646
14.3582 16.5167
14.5755 16.7667
14.6841 16.8917
14.7928 17.0167
14.7928 17.0167
15.0101 17.2667
15.2275 17.5167
15.2275 17.5167
15.6621 18.0167
16.0968 18.5167
16.0968 18.5167
16.3141 18.7667
16.5314 19.0167
16.7488 19.2667
16.9661 19.5167
16.9661 19.5167
17.4007 20.0167
17.8354 20.5167
18.2701 21.0167
18.7047 21.5167
19.1394 22.0167
19.574 22.5167
19.574 22.5167
19.7914 22.7667
19.7914 22.7667
20.0087 23.0167
20.226 23.2667
20.4433 23.5167
20.4433 23.5167
20.878 24.0167
21.3127 24.5167
21.7473 25.0167
22.182 25.5167
22.6166 26.0167
23.0513 26.5167
23.0513 26.5167
23.2686 26.7667
23.4859 27.0167
23.7033 27.2667
23.9206 27.5167
23.9206 27.5167
24.3553 28.0167
24.3553 28.0167
24.5726 28.2667
24.7899 28.5167
25.0072 28.7667
25.2246 29.0167
25.4419 29.2667
25.6592 29.5167
25.6592 29.5167
26.0939 30.0167
26.0939 30.0167
26.3112 30.2667
26.5285 30.5167
26.9632 31.0167
27.3978 31.5167
27.8325 32.0167
28.2672 32.5167
28.4845 32.7667
28.7018 33.0167
28.9191 33.2667
29.1365 33.5167
29.5711 34.0167
29.7885 34.2667
30.0058 34.5167
30.0058 34.5167
30.4404 35.0167
30.4404 35.0167
30.6578 35.2667
30.8751 35.5167
30.8751 35.5167
31.3098 36.0167
31.7444 36.5167
32.1791 37.0167
32.6137 37.5167
33.0484 38.0167
33.2657 38.2667
33.483 38.5167
33.483 38.5167
33.7004 38.7667
33.9177 39.0167
34.135 39.2667
34.135 39.2667
34.3524 39.5167
34.3524 39.5167
34.787 40.0167
35.2217 40.5167
35.439 40.7667
35.6563 41.0167
35.8736 41.2667
36.091 41.5167
36.5256 42.0167
36.5256 42.0167
36.743 42.2667
36.9603 42.5167
36.9603 42.5167
37.1776 42.7667
37.3949 43.0167
37.6123 43.2667
37.8296 43.5167
37.8296 43.5167
38.2643 44.0167
38.2643 44.0167
38.4816 44.2667
38.6989 44.5167
38.9162 44.7667
39.1336 45.0167
39.3509 45.2667
39.5682 45.5167
39.5682 45.5167
40.0029 46.0167
40.0029 46.0167
40.2202 46.2667
40.4375 46.5167
40.8722 47.0167
41.3069 47.5167
41.7415 48.0167
42.1762 48.5167
42.1762 48.5167
42.6108 49.0167
42.6108 49.0167
43.0455 49.5167
43.0455 49.5167
43.4801 50.0167
43.9148 50.5167
44.3495 51.0167
44.7841 51.5167
44.7841 51.5167
44.7841 51.5167
45.6534 52.5167
46.0881 53.0167
46.5209 53.5146
46.5227 53.5167
46.5227 53.5167
46.9556 54.0146
47.3902 54.5146
47.392 54.5167
47.392 54.5167
47.8267 55.0167
47.8267 55.0167
48.044 55.2667
48.2595 55.5146
48.2614 55.5167
48.4787 55.7667
48.696 56.0167
49.1289 56.5146
49.1307 56.5167
49.1307 56.5167
49.5635 57.0146
49.5653 57.0167
49.7827 57.2667
49.9982 57.5146
50 57.5167
50.4328 58.0146
50.8675 58.5146
50.8693 58.5167
50.8693 58.5167
51.304 59.0167
51.304 59.0167
51.5213 59.2667
51.7368 59.5146
51.7386 59.5167
51.9559 59.7667
52.1715 60.0146
52.6061 60.5146
52.6079 60.5167
52.6079 60.5167
53.0408 61.0146
53.0426 61.0167
53.2599 61.2667
53.4754 61.5146
53.4772 61.5167
53.9101 62.0146
54.3447 62.5146
54.3466 62.5167
54.3466 62.5167
54.7812 63.0167
54.7812 63.0167
54.9985 63.2667
55.2159 63.5167
55.6487 64.0146
56.0834 64.5146
56.0852 64.5167
56.0852 64.5167
56.3025 64.7667
56.518 65.0146
56.5198 65.0167
56.7372 65.2667
56.9527 65.5146
56.9545 65.5167
57.1718 65.7667
57.3873 66.0146
57.3891 66.0167
57.6065 66.2667
57.822 66.5146
57.8238 66.5167
57.8238 66.5167
58.0411 66.7667
58.2585 67.0167
58.4758 67.2667
58.6913 67.5146
58.6931 67.5167
58.6931 67.5167
59.126 68.0146
59.5606 68.5146
59.5624 68.5167
59.5624 68.5167
59.9953 69.0146
59.9971 69.0167
60.2144 69.2667
60.4299 69.5146
60.4317 69.5167
60.8646 70.0146
61.2992 70.5146
61.3011 70.5167
61.3011 70.5167
61.7357 71.0167
61.7357 71.0167
61.953 71.2667
62.1704 71.5167
62.3877 71.7667
62.6032 72.0146
63.0379 72.5146
63.0397 72.5167
63.0397 72.5167
63.4725 73.0146
63.4743 73.0167
63.6917 73.2667
63.9072 73.5146
63.909 73.5167
64.3418 74.0146
64.7765 74.5146
64.7783 74.5167
64.7783 74.5167
65.2112 75.0146
65.213 75.0167
65.4303 75.2667
65.6458 75.5146
65.6476 75.5167
65.8649 75.7667
66.0805 76.0146
66.5151 76.5146
66.5169 76.5167
66.5169 76.5167
66.9498 77.0146
66.9516 77.0167
67.1689 77.2667
67.3844 77.5146
67.3862 77.5167
67.8191 78.0146
68.2537 78.5146
68.2556 78.5167
68.2556 78.5167
68.6902 79.0167
68.6902 79.0167
68.9075 79.2667
69.1231 79.5146
69.1249 79.5167
69.5577 80.0146
69.9924 80.5146
69.9942 80.5167
69.9942 80.5167
70.427 81.0146
70.4288 81.0167
70.6462 81.2667
70.8635 81.5167
70.8635 81.5167
70.8635 81.5167
70.8635 81.5167
71.0808 81.7667
71.2982 82.0167
71.5155 82.2667
71.7328 82.5167
71.7328 82.5167
71.7328 82.5167
71.7328 82.5167
71.7328 82.5167
72.1675 83.0167
72.6021 83.5167
72.6021 83.5167
72.8195 83.7667
72.8195 83.7667
73.0368 84.0167
73.2541 84.2667
73.4714 84.5167
73.6888 84.7667
73.9061 85.0167
74.1234 85.2667
74.3408 85.5167
74.7754 86.0167
75.2101 86.5167
75.2101 86.5167
75.4274 86.7667
76.0794 87.5167
76.0794 87.5167
76.514 88.0167
76.9487 88.5167
77.818 89.5167
78.2527 90.0167
78.6873 90.5167
78.9046 90.7667
79.122 91.0167
79.5566 91.5167
79.5566 91.5167
79.774 91.7667
79.9913 92.0167
79.9913 92.0167
80.4259 92.5167
80.4259 92.5167
81.2953 93.5167
81.7299 94.0167
81.9472 94.2667
82.1646 94.5167
82.1646 94.5167
82.3819 94.7667
82.5992 95.0167
82.8166 95.2667
83.0339 95.5167
83.2512 95.7667
83.4685 96.0167
83.6859 96.2667
83.9032 96.5167
84.7725 97.5167
85.0985 97.8917
85.4245 98.2667
85.6418 98.5167
85.6418 98.5167
85.6418 98.5167
85.6418 98.5167
85.8591 98.7667
86.2938 99.2667
86.5111 99.5167
86.5111 99.5167
86.9458 100.017
87.1631 100.267
87.3804 100.517
87.3804 100.517
87.8151 101.017
87.8151 101.017
88.0324 101.267
88.2498 101.517
88.2498 101.517
88.6844 102.017
89.1191 102.517
89.5537 103.017
89.9884 103.517
90.423 104.017
90.6404 104.267
90.8577 104.517
90.8577 104.517
90.8577 104.517
91.075 104.767
91.2924 105.017
91.5097 105.267
91.727 105.517
91.727 105.517
92.1617 106.017
92.5963 106.517
93.031 107.017
93.4656 107.517
93.9003 108.017
94.3349 108.517
94.3349 108.517
94.5523 108.767
94.7696 109.017
94.9869 109.267
95.2043 109.517
95.2043 109.517
95.6389 110.017
95.6389 110.017
95.8562 110.267
96.0736 110.517
96.0736 110.517
96.2909 110.767
96.5082 111.017
96.7256 111.267
96.9429 111.517
96.9429 111.517
97.3775 112.017
97.3775 112.017
97.5949 112.267
97.8122 112.517
98.2469 113.017
98.6815 113.517
99.1162 114.017
99.3335 114.267
99.5508 114.517
99.5508 114.517
99.7682 114.767
99.9855 115.017
99.9855 115.017
100.203 115.267
100.42 115.517
100.42 115.517
100.855 116.017
101.289 116.517
101.507 116.767
101.724 117.017
101.941 117.267
102.159 117.517
103.028 118.517
103.463 119.017
103.897 119.517
103.897 119.517
104.115 119.767
104.332 120.017
104.549 120.267
104.767 120.517
104.767 120.517
104.984 120.767
105.201 121.017
105.201 121.017
105.419 121.267
105.419 121.267
105.636 121.517
105.853 121.767
105.853 121.767
106.071 122.017
106.288 122.267
106.505 122.517
106.505 122.517
106.723 122.767
106.94 123.017
106.94 123.017
107.157 123.267
107.157 123.267
107.375 123.517
107.592 123.767
107.809 124.017
108.027 124.267
108.244 124.517
108.244 124.517
108.461 124.767
108.679 125.017
108.679 125.017
108.896 125.267
108.896 125.267
109.113 125.517
109.331 125.767
109.331 125.767
109.548 126.017
109.765 126.267
109.983 126.517
109.983 126.517
110.2 126.767
110.417 127.017
110.417 127.017
110.635 127.267
110.635 127.267
110.852 127.517
111.069 127.767
111.287 128.017
111.504 128.267
111.721 128.517
111.721 128.517
111.939 128.767
112.156 129.017
112.156 129.017
112.373 129.267
112.373 129.267
112.591 129.517
112.808 129.767
113.025 130.017
113.243 130.267
113.46 130.517
113.46 130.517
113.677 130.767
113.894 131.017
113.894 131.017
114.112 131.267
114.112 131.267
114.329 131.517
114.546 131.767
114.546 131.767
114.764 132.017
114.764 132.017
114.981 132.267
114.981 132.267
115.198 132.517
115.198 132.517
115.416 132.767
115.416 132.767
115.633 133.017
115.85 133.267
115.85 133.267
116.068 133.517
116.068 133.517
116.285 133.767
116.502 134.017
116.72 134.267
116.937 134.517
116.937 134.517
117.154 134.767
117.372 135.017
117.372 135.017
117.589 135.267
117.589 135.267
117.806 135.517
118.024 135.767
118.241 136.017
118.458 136.267
118.676 136.517
118.676 136.517
118.893 136.767
119.11 137.017
119.11 137.017
119.328 137.267
119.328 137.267
119.545 137.517
119.762 137.767
119.762 137.767
119.98 138.017
120.197 138.267
120.197 138.267
120.414 138.517
120.414 138.517
120.632 138.767
120.849 139.017
120.849 139.017
121.066 139.267
121.066 139.267
121.284 139.517
121.501 139.767
121.718 140.017
121.936 140.267
122.153 140.517
122.153 140.517
122.37 140.767
122.588 141.017
122.588 141.017
122.805 141.267
122.805 141.267
123.022 141.517
123.24 141.767
123.24 141.767
123.457 142.017
123.674 142.267
123.892 142.517
123.892 142.517
124.109 142.767
124.326 143.017
124.326 143.017
124.544 143.267
124.544 143.267
124.761 143.517
124.978 143.767
125.196 144.017
125.413 144.267
125.63 144.517
125.63 144.517
125.848 144.767
126.065 145.017
126.065 145.017
126.282 145.267
126.282 145.267
126.5 145.517
126.717 145.767
126.934 146.017
127.152 146.267
127.369 146.517
127.369 146.517
127.586 146.767
127.803 147.017
127.803 147.017
128.021 147.267
128.021 147.267
128.238 147.517
128.455 147.767
128.455 147.767
128.673 148.017
128.673 148.017
128.89 148.267
128.89 148.267
129.107 148.517
129.107 148.517
129.325 148.767
129.542 149.017
129.542 149.017
129.542 149.017
129.759 149.267
129.759 149.267
129.977 149.517
129.977 149.517
129.977 149.517
130.194 149.767
130.194 149.767
130.194 149.767
130.411 150.017
130.629 150.267
130.629 150.267
130.846 150.517
130.846 150.517
130.846 150.517
131.063 150.767
131.281 151.017
131.281 151.017
131.498 151.267
131.498 151.267
131.715 151.517
131.715 151.517
131.933 151.767
132.15 152.017
132.15 152.017
132.367 152.267
132.367 152.267
132.367 152.267
132.585 152.517
132.802 152.767
133.019 153.017
133.019 153.017
133.237 153.267
133.454 153.517
133.454 153.517
133.671 153.767
133.671 153.767
133.889 154.017
133.889 154.017
134.323 154.517
134.323 154.517
134.323 154.517
134.758 155.017
134.758 155.017
135.193 155.517
135.193 155.517
135.41 155.767
135.627 156.017
135.627 156.017
135.845 156.267
135.845 156.267
136.062 156.517
136.279 156.767
136.497 157.017
136.714 157.267
136.931 157.517
137.149 157.767
137.366 158.017
137.583 158.267
137.801 158.517
138.018 158.767
138.018 158.767
138.235 159.017
138.453 159.267
138.67 159.517
138.887 159.767
139.105 160.017
139.322 160.267
139.322 160.267
139.322 160.267
139.539 160.517
139.757 160.767
139.757 160.767
139.974 161.017
140.191 161.267
140.191 161.267
140.409 161.517
140.409 161.517
140.626 161.767
140.626 161.767
140.843 162.017
140.952 162.142
141.061 162.267
141.061 162.267
141.061 162.267
141.061 162.267
141.278 162.517
141.495 162.767
141.713 163.017
141.93 163.267
142.147 163.517
142.364 163.767
142.582 164.017
142.799 164.267
142.799 164.267
142.799 164.267
143.016 164.517
143.234 164.767
143.234 164.767
143.451 165.017
143.668 165.267
143.668 165.267
143.886 165.517
144.103 165.767
144.103 165.767
144.32 166.017
144.538 166.267
144.538 166.267
144.538 166.267
144.538 166.267
144.755 166.517
144.972 166.767
144.972 166.767
145.19 167.017
145.407 167.267
145.407 167.267
145.407 167.267
145.624 167.517
145.624 167.517
145.842 167.767
146.059 168.017
146.059 168.017
146.276 168.267
146.276 168.267
146.276 168.267
146.276 168.267
146.711 168.767
146.711 168.767
146.711 168.767
146.928 169.017
146.928 169.017
147.146 169.267
147.146 169.267
147.146 169.267
147.363 169.517
147.58 169.767
147.58 169.767
147.798 170.017
147.798 170.017
148.015 170.267
148.015 170.267
148.015 170.267
148.45 170.767
148.667 171.017
148.884 171.267
148.884 171.267
149.102 171.517
149.319 171.767
149.536 172.017
149.754 172.267
149.862 172.392
149.971 172.517
149.971 172.517
150.188 172.767
150.188 172.767
150.406 173.017
150.623 173.267
150.84 173.517
151.058 173.767
151.275 174.017
151.492 174.267
151.492 174.267
151.71 174.517
151.927 174.767
151.994 174.844
152.144 175.017
152.362 175.267
152.362 175.267
152.47 175.392
152.579 175.517
152.579 175.517
152.796 175.767
153.014 176.017
153.448 176.517
153.448 176.517
153.666 176.767
153.883 177.017
153.883 177.017
154.1 177.267
154.318 177.517
154.535 177.767
154.535 177.767
154.752 178.017
154.97 178.267
154.97 178.267
155.187 178.517
155.404 178.767
155.404 178.767
155.622 179.017
155.839 179.267
155.839 179.267
156.056 179.517
156.056 179.517
156.056 179.517
156.056 179.517
156.274 179.767
156.491 180.017
156.708 180.267
156.925 180.517
156.925 180.517
156.925 180.517
157.143 180.767
157.36 181.017
157.36 181.017
157.577 181.267
157.577 181.267
157.795 181.517
158.012 181.767
158.229 182.017
158.447 182.267
158.664 182.517
158.664 182.517
158.881 182.767
159.099 183.017
159.099 183.017
159.316 183.267
159.316 183.267
159.533 183.517
159.751 183.767
159.751 183.767
159.968 184.017
160.185 184.267
160.403 184.517
160.403 184.517
160.62 184.767
160.837 185.017
160.837 185.017
161.055 185.267
161.055 185.267
161.272 185.517
161.489 185.767
161.707 186.017
161.924 186.267
162.141 186.517
162.141 186.517
162.359 186.767
162.576 187.017
162.576 187.017
162.793 187.267
162.793 187.267
163.011 187.517
163.228 187.767
163.228 187.767
163.445 188.017
163.663 188.267
163.88 188.517
163.88 188.517
164.097 188.767
164.315 189.017
164.315 189.017
164.532 189.267
164.532 189.267
164.749 189.517
164.967 189.767
165.184 190.017
165.401 190.267
165.619 190.517
165.619 190.517
165.836 190.767
166.053 191.017
166.053 191.017
166.271 191.267
166.271 191.267
166.488 191.517
166.705 191.767
166.923 192.017
167.14 192.267
167.357 192.517
167.357 192.517
167.357 192.517
167.575 192.767
167.792 193.017
167.792 193.017
168.009 193.267
168.009 193.267
168.227 193.517
168.444 193.767
168.444 193.767
168.661 194.017
168.661 194.017
168.879 194.267
168.879 194.267
169.096 194.517
169.096 194.517
169.313 194.767
169.313 194.767
169.531 195.017
169.748 195.267
169.748 195.267
169.965 195.517
169.965 195.517
170.183 195.767
170.4 196.017
170.617 196.267
170.617 196.267
170.834 196.517
170.834 196.517
171.052 196.767
171.269 197.017
171.269 197.017
171.486 197.267
171.486 197.267
171.704 197.517
171.921 197.767
172.138 198.017
172.356 198.267
172.573 198.517
172.573 198.517
172.79 198.767
173.008 199.017
173.008 199.017
173.225 199.267
173.225 199.267
173.442 199.517
173.66 199.767
173.66 199.767
173.877 200.017
174.094 200.267
174.312 200.517
174.312 200.517
174.529 200.767
174.746 201.017
174.746 201.017
174.964 201.267
174.964 201.267
175.181 201.517
175.398 201.767
175.616 202.017
175.833 202.267
176.05 202.517
176.05 202.517
176.268 202.767
176.485 203.017
176.485 203.017
176.702 203.267
176.702 203.267
176.92 203.517
177.137 203.767
177.137 203.767
177.354 204.017
177.572 204.267
177.789 204.517
178.006 204.767
178.224 205.017
178.224 205.017
178.441 205.267
178.441 205.267
178.658 205.517
178.876 205.767
179.093 206.017
179.31 206.267
179.528 206.517
179.528 206.517
179.745 206.767
179.962 207.017
179.962 207.017
180.18 207.267
180.18 207.267
180.397 207.517
180.614 207.767
180.832 208.017
181.049 208.267
181.266 208.517
181.266 208.517
181.484 208.767
181.701 209.017
181.701 209.017
181.918 209.267
181.918 209.267
182.136 209.517
182.353 209.767
182.353 209.767
182.57 210.017
182.57 210.017
182.788 210.267
182.788 210.267
183.005 210.517
183.005 210.517
183.222 210.767
183.44 211.017
183.44 211.017
183.657 211.267
183.874 211.517
183.874 211.517
184.092 211.767
184.309 212.017
184.309 212.017
184.526 212.267
184.744 212.517
185.178 213.017
185.613 213.517
186.047 214.017
186.482 214.517
186.482 214.517
186.917 215.017
186.917 215.017
187.134 215.267
187.351 215.517
187.786 216.017
188.221 216.517
188.655 217.017
189.09 217.517
189.525 218.017
189.959 218.517
189.959 218.517
190.177 218.767
190.394 219.017
190.394 219.017
190.611 219.267
190.611 219.267
190.753 219.429
190.785 219.467
190.803 219.488
190.834 219.523
190.905 219.604
193.844 222.985
194.112 223.294
194.422 223.65
194.741 224.017
194.958 224.267
195.333 224.698
195.626 225.035
195.724 225.148
196.278 225.785
196.284 225.792
196.769 226.35
196.774 226.356
