0.234375 0.34375
0.575284 0.84375
0.916193 1.34375
1.08665 1.59375
1.2571 1.84375
1.42756 2.09375
1.59801 2.34375
1.76847 2.59375
1.93892 2.84375
2.10937 3.09375
2.27983 3.34375
2.45028 3.59375
2.62074 3.84375
2.79119 4.09375
2.96165 4.34375
2.96165 4.34375
3.30256 4.84375
3.30256 4.84375
3.64346 5.34375
3.64346 5.34375
3.98437 5.84375
3.98437 5.84375
4.32528 6.34375
4.32528 6.34375
4.66619 6.84375
4.66619 6.84375
5.0071 7.34375
5.0071 7.34375
5.17756 7.59375
5.34801 7.84375
5.34801 7.84375
5.68892 8.34375
5.68892 8.34375
6.02983 8.84375
6.02983 8.84375
6.37074 9.34375
6.37074 9.34375
6.71165 9.84375
6.71165 9.84375
7.05255 10.3438
7.05255 10.3438
7.39346 10.8438
7.39346 10.8438
7.73437 11.3438
7.73437 11.3438
8.07528 11.8438
8.07528 11.8438
8.41619 12.3438
8.41619 12.3438
8.7571 12.8438
8.7571 12.8438
9.09801 13.3438
9.09801 13.3438
9.43892 13.8438
9.43892 13.8438
9.77983 14.3438
9.77983 14.3438
10.1207 14.8438
10.1207 14.8438
10.4616 15.3438
10.4616 15.3438
10.8026 15.8438
10.8026 15.8438
11.1435 16.3438
11.1435 16.3438
11.4844 16.8438
11.4844 16.8438
11.8253 17.3438
11.8253 17.3438
12.1662 17.8438
12.1662 17.8438
12.5071 18.3438
12.5071 18.3438
12.848 18.8438
12.848 18.8438
13.1889 19.3438
13.1889 19.3438
13.5298 19.8438
13.5298 19.8438
13.8707 20.3438
13.8707 20.3438
14.0412 20.5938
14.2116 20.8438
14.2116 20.8438
14.3821 21.0938
14.5526 21.3438
14.5526 21.3438
14.723 21.5938
14.723 21.5938
14.8935 21.8438
14.8935 21.8438
15.0639 22.0938
15.0639 22.0938
15.2344 22.3438
15.2344 22.3438
15.4048 22.5938
15.5753 22.8438
15.5753 22.8438
15.7457 23.0938
15.9162 23.3438
15.9162 23.3438
16.0866 23.5938
16.0866 23.5938
16.2571 23.8438
16.2571 23.8438
16.4276 24.0938
16.4276 24.0938
16.598 24.3438
16.598 24.3438
16.7685 24.5938
16.9389 24.8438
16.9389 24.8438
17.1094 25.0937
17.2798 25.3438
17.2798 25.3438
17.4503 25.5937
17.4503 25.5937
17.6207 25.8438
17.6207 25.8438
17.7912 26.0937
17.7912 26.0937
17.9616 26.3438
17.9616 26.3438
18.1321 26.5937
18.1321 26.5937
18.3026 26.8438
18.3026 26.8438
18.473 27.0937
18.473 27.0937
18.6435 27.3438
18.6435 27.3438
18.8139 27.5937
18.8139 27.5937
18.9844 27.8438
18.9844 27.8438
19.1548 28.0937
19.1548 28.0937
19.3253 28.3438
19.3253 28.3438
19.4957 28.5937
19.4957 28.5937
19.6662 28.8438
19.6662 28.8438
19.8366 29.0937
19.8366 29.0937
20.0071 29.3438
20.0071 29.3438
20.1776 29.5938
20.1776 29.5938
20.348 29.8438
20.348 29.8438
20.5185 30.0938
20.5185 30.0938
20.6889 30.3438
20.6889 30.3438
20.8594 30.5938
20.8594 30.5938
21.0298 30.8438
21.0298 30.8438
21.2003 31.0938
21.2003 31.0938
21.3707 31.3438
21.3707 31.3438
21.5412 31.5938
21.5426 31.5958
21.6605 31.7688
21.7116 31.8438
21.7969 31.9687
21.8821 32.0938
21.9204 32.15
22.0526 32.3438
22.0625 32.3583
22.223 32.5938
22.223 32.5938
22.3935 32.8438
22.3935 32.8438
22.5639 33.0938
22.5639 33.0938
22.7344 33.3438
22.9048 33.5938
22.9048 33.5938
23.0753 33.8438
23.0753 33.8438
23.2457 34.0938
23.2457 34.0938
23.4162 34.3438
23.4162 34.3438
23.7571 34.8438
24.7798 36.3438
24.7798 36.3438
25.1207 36.8438
25.1207 36.8438
25.4616 37.3438
25.4616 37.3438
25.4616 37.3438
25.8025 37.8438
25.973 38.0938
26.1435 38.3438
26.1435 38.3438
26.4844 38.8438
26.4844 38.8438
26.8253 39.3438
26.8253 39.3438
26.8253 39.3438
27.1662 39.8438
27.5071 40.3438
27.5071 40.3438
27.848 40.8438
27.848 40.8438
28.1889 41.3438
28.1889 41.3438
28.1889 41.3438
28.5298 41.8438
28.5298 41.8438
28.8707 42.3438
28.8707 42.3438
29.2116 42.8438
29.5525 43.3438
29.5525 43.3438
29.5525 43.3438
29.8935 43.8438
30.2344 44.3438
30.2344 44.3438
30.5753 44.8438
30.5753 44.8438
30.9162 45.3438
30.9162 45.3438
30.9162 45.3438
31.2571 45.8438
31.2571 45.8438
31.598 46.3438
31.598 46.3438
31.9389 46.8438
32.2798 47.3438
32.2798 47.3438
32.2798 47.3438
32.6207 47.8438
32.9616 48.3438
32.9616 48.3438
33.3025 48.8437
33.3025 48.8437
33.6435 49.3438
33.6435 49.3438
33.6435 49.3438
33.9844 49.8437
34.3253 50.3438
34.3253 50.3438
34.6662 50.8437
35.0071 51.3438
35.0071 51.3438
35.0071 51.3438
35.348 51.8437
35.6889 52.3438
35.6889 52.3438
36.0298 52.8437
36.0298 52.8437
36.3707 53.3438
36.3707 53.3438
36.3707 53.3438
36.7116 53.8437
36.8821 54.0938
37.0525 54.3438
37.0525 54.3438
37.3935 54.8437
37.3935 54.8437
37.7344 55.3438
37.7344 55.3438
37.7344 55.3438
38.0753 55.8437
38.4162 56.3438
38.4162 56.3438
38.7571 56.8437
38.7571 56.8437
39.098 57.3438
39.098 57.3438
39.098 57.3438
39.4389 57.8438
39.4389 57.8438
39.7798 58.3438
39.7798 58.3438
40.1207 58.8438
40.4616 59.3438
40.4616 59.3438
40.4616 59.3438
40.8025 59.8438
41.1435 60.3438
41.1435 60.3438
41.4844 60.8438
41.4844 60.8438
41.8253 61.3438
41.8253 61.3438
41.8253 61.3438
42.1662 61.8438
42.1662 61.8438
42.5071 62.3438
42.5071 62.3438
42.848 62.8438
43.1889 63.3438
43.1889 63.3438
43.1889 63.3438
43.5298 63.8438
43.8707 64.3438
43.8707 64.3438
43.8707 64.3438
44.2116 64.8438
44.2116 64.8438
44.2116 64.8438
44.5525 65.3438
44.5525 65.3438
44.5525 65.3438
44.5525 65.3438
44.8935 65.8438
44.8935 65.8438
44.8935 65.8438
45.0639 66.0938
45.2344 66.3438
45.2344 66.3438
45.2344 66.3438
45.4048 66.5938
45.5753 66.8438
45.5753 66.8438
45.7457 67.0938
45.9162 67.3438
45.9162 67.3438
45.9162 67.3438
45.9162 67.3438
46.2571 67.8438
46.598 68.3438
46.598 68.3438
46.9389 68.8438
46.9389 68.8438
47.2798 69.3438
47.2798 69.3438
47.2798 69.3438
47.2798 69.3438
47.7912 70.0938
47.7912 70.0938
47.7912 70.0938
47.7912 70.0938
47.9616 70.3438
47.9616 70.3438
48.3025 70.8438
48.3025 70.8438
48.6435 71.3438
48.6435 71.3438
48.6435 71.3438
48.8139 71.5938
48.9844 71.8438
48.9844 71.8438
49.1548 72.0938
49.3253 72.3438
49.3253 72.3438
49.3253 72.3438
49.6662 72.8438
49.6662 72.8438
50.0071 73.3438
50.0071 73.3438
50.0071 73.3438
50.0071 73.3438
50.348 73.8438
50.5185 74.0938
50.5185 74.0938
50.5185 74.0938
50.6889 74.3438
50.6889 74.3438
51.0298 74.8438
51.0298 74.8438
51.3707 75.3438
51.3707 75.3438
51.3707 75.3438
51.5412 75.5938
51.7116 75.8438
51.8821 76.0938
51.8821 76.0938
52.0525 76.3438
52.0525 76.3438
52.3935 76.8438
52.3935 76.8438
52.7344 77.3438
52.7344 77.3438
52.7344 77.3438
52.7344 77.3438
53.0753 77.8438
53.2457 78.0938
53.2457 78.0938
53.2457 78.0938
53.4162 78.3438
53.4162 78.3438
53.7571 78.8438
54.098 79.3438
54.098 79.3438
54.098 79.3438
54.098 79.3438
54.2685 79.5938
54.2685 79.5938
54.4389 79.8438
54.6094 80.0938
54.6094 80.0938
54.7798 80.3438
54.7798 80.3438
55.1207 80.8438
55.1207 80.8438
55.4616 81.3438
55.4616 81.3438
55.4616 81.3438
55.973 82.0938
55.973 82.0938
55.973 82.0938
56.1435 82.3438
56.1435 82.3438
56.4844 82.8438
56.4844 82.8438
56.8253 83.3438
56.8253 83.3438
56.8253 83.3438
56.9957 83.5938
56.9957 83.5938
57.1662 83.8438
57.1662 83.8438
57.3366 84.0938
57.5071 84.3438
57.5071 84.3438
57.5071 84.3438
57.848 84.8438
57.848 84.8438
58.1889 85.3438
58.1889 85.3438
58.1889 85.3438
58.1889 85.3438
58.7003 86.0938
58.7003 86.0938
58.7003 86.0938
58.7003 86.0938
58.8707 86.3438
58.8707 86.3438
59.2116 86.8438
59.2116 86.8438
59.5525 87.3438
59.5525 87.3438
59.5525 87.3438
59.723 87.5938
59.8934 87.8438
59.8934 87.8438
60.0639 88.0938
60.2344 88.3438
60.2344 88.3438
60.5753 88.8438
60.5753 88.8438
60.9162 89.3438
60.9162 89.3438
60.9162 89.3438
60.9162 89.3438
61.2571 89.8438
61.4275 90.0938
61.4275 90.0938
61.4275 90.0938
61.598 90.3438
61.598 90.3438
61.9389 90.8438
62.2798 91.3438
62.2798 91.3438
62.2798 91.3438
62.4503 91.5938
62.6207 91.8438
62.7912 92.0938
62.7912 92.0938
62.9616 92.3438
62.9616 92.3438
63.3025 92.8438
63.3025 92.8438
63.6434 93.3438
63.6434 93.3438
63.6434 93.3438
63.6434 93.3438
63.9844 93.8438
64.1548 94.0938
64.1548 94.0938
64.1548 94.0938
64.3253 94.3438
64.3253 94.3438
64.6662 94.8438
64.6662 94.8438
64.8366 95.0938
65.0071 95.3438
65.0071 95.3438
65.0071 95.3438
65.0071 95.3438
65.1775 95.5937
65.1775 95.5937
65.348 95.8438
65.5184 96.0938
65.5184 96.0938
65.6889 96.3437
65.6889 96.3437
66.0298 96.8438
66.0298 96.8438
66.3707 97.3438
66.3707 97.3438
66.3707 97.3438
66.8821 98.0938
66.8821 98.0938
66.8821 98.0938
67.0525 98.3437
67.0525 98.3437
67.3934 98.8438
67.3934 98.8438
67.5639 99.0938
67.7344 99.3438
67.7344 99.3438
67.7344 99.3438
67.9048 99.5938
67.9048 99.5938
68.0753 99.8438
68.0753 99.8438
68.2457 100.094
68.2457 100.094
68.4162 100.344
68.4162 100.344
68.4162 100.344
68.7571 100.844
69.098 101.344
69.098 101.344
69.4389 101.844
69.4389 101.844
69.7798 102.344
69.7798 102.344
70.1207 102.844
70.4616 103.344
70.4616 103.344
70.4616 103.344
70.4616 103.344
70.8025 103.844
70.8025 103.844
71.1434 104.344
71.1434 104.344
71.4844 104.844
71.4844 104.844
71.8253 105.344
71.8253 105.344
72.1662 105.844
72.1662 105.844
72.5071 106.344
72.5071 106.344
72.848 106.844
73.1889 107.344
73.1889 107.344
73.1889 107.344
73.1889 107.344
73.5298 107.844
73.5298 107.844
73.8707 108.344
73.8707 108.344
73.8707 108.344
74.2116 108.844
74.5525 109.344
74.5525 109.344
74.8934 109.844
75.2344 110.344
75.5753 110.844
75.9162 111.344
75.9162 111.344
75.9162 111.344
76.2571 111.844
76.2571 111.844
76.2571 111.844
76.598 112.344
76.598 112.344
76.598 112.344
76.7684 112.594
76.9389 112.844
76.9389 112.844
77.2798 113.344
77.2798 113.344
77.6207 113.844
77.6207 113.844
77.9616 114.344
77.9616 114.344
78.3025 114.844
78.6434 115.344
78.6434 115.344
78.6434 115.344
78.6434 115.344
78.6434 115.344
78.8139 115.594
78.9844 115.844
78.9844 115.844
79.3253 116.344
79.3253 116.344
79.3253 116.344
79.6662 116.844
80.0071 117.344
80.0071 117.344
80.348 117.844
80.348 117.844
80.6889 118.344
80.6889 118.344
81.0298 118.844
81.3707 119.344
81.3707 119.344
81.3707 119.344
81.3707 119.344
81.7116 119.844
81.7116 119.844
81.7116 119.844
82.0525 120.344
82.0525 120.344
82.0525 120.344
82.3934 120.844
82.7344 121.344
82.7344 121.344
83.0753 121.844
83.0753 121.844
83.4162 122.344
83.4162 122.344
83.7571 122.844
84.098 123.344
84.098 123.344
84.098 123.344
84.098 123.344
84.2684 123.594
84.4389 123.844
84.4389 123.844
84.7798 124.344
84.7798 124.344
84.7798 124.344
85.1207 124.844
85.4616 125.344
85.4616 125.344
85.8025 125.844
86.1434 126.344
86.4844 126.844
86.8253 127.344
86.8253 127.344
86.8253 127.344
86.8253 127.344
87.1662 127.844
87.1662 127.844
87.5071 128.344
87.5071 128.344
87.5071 128.344
87.6775 128.594
87.6775 128.594
87.848 128.844
87.848 128.844
87.848 128.844
88.1889 129.344
88.1889 129.344
88.5298 129.844
88.5298 129.844
88.8707 130.344
88.8707 130.344
89.2116 130.844
89.5525 131.344
89.5525 131.344
89.5525 131.344
89.5525 131.344
89.723 131.594
89.8934 131.844
89.8934 131.844
90.2344 132.344
90.2344 132.344
90.2344 132.344
90.5753 132.844
90.5753 132.844
90.9162 133.344
90.9162 133.344
90.9162 133.344
91.2571 133.844
91.4275 134.094
91.598 134.344
91.598 134.344
91.9389 134.844
91.9389 134.844
92.2798 135.344
92.2798 135.344
92.2798 135.344
92.6207 135.844
92.9616 136.344
92.9616 136.344
93.3025 136.844
93.3025 136.844
93.6434 137.344
93.6434 137.344
93.6434 137.344
93.9843 137.844
93.9843 137.844
94.3253 138.344
94.3253 138.344
94.6662 138.844
95.0071 139.344
95.0071 139.344
95.0071 139.344
95.348 139.844
95.6889 140.344
95.6889 140.344
96.0298 140.844
96.0298 140.844
96.3707 141.344
96.3707 141.344
96.3707 141.344
96.7116 141.844
96.7116 141.844
97.0525 142.344
97.0525 142.344
97.3934 142.844
97.7343 143.344
97.7343 143.344
97.7343 143.344
98.0753 143.844
98.4162 144.344
98.4162 144.344
98.7571 144.844
98.7571 144.844
99.098 145.344
99.098 145.344
99.098 145.344
99.4389 145.844
99.7798 146.344
99.7798 146.344
101.143 148.344
101.143 148.344
101.484 148.844
101.484 148.844
101.825 149.344
101.825 149.344
101.825 149.344
102.166 149.844
102.337 150.094
102.507 150.344
102.507 150.344
102.848 150.844
102.848 150.844
103.189 151.344
103.189 151.344
103.189 151.344
103.53 151.844
103.871 152.344
103.871 152.344
104.212 152.844
104.212 152.844
104.553 153.344
104.553 153.344
104.553 153.344
104.893 153.844
104.893 153.844
105.234 154.344
105.234 154.344
105.575 154.844
105.916 155.344
105.916 155.344
105.916 155.344
106.257 155.844
106.598 156.344
106.598 156.344
106.939 156.844
106.939 156.844
107.28 157.344
107.28 157.344
107.28 157.344
107.621 157.844
107.621 157.844
107.962 158.344
107.962 158.344
108.303 158.844
108.643 159.344
108.643 159.344
108.643 159.344
108.984 159.844
109.325 160.344
109.325 160.344
109.325 160.344
109.666 160.844
109.666 160.844
109.666 160.844
110.007 161.344
110.007 161.344
110.007 161.344
110.007 161.344
110.348 161.844
110.348 161.844
110.348 161.844
110.518 162.094
110.689 162.344
110.689 162.344
110.689 162.344
110.859 162.594
111.03 162.844
111.03 162.844
111.2 163.094
111.371 163.344
111.371 163.344
111.371 163.344
111.371 163.344
111.712 163.844
112.053 164.344
112.053 164.344
112.393 164.844
112.393 164.844
112.734 165.344
112.734 165.344
112.734 165.344
112.734 165.344
113.246 166.094
113.246 166.094
113.246 166.094
113.246 166.094
113.416 166.344
113.416 166.344
113.757 166.844
113.757 166.844
114.098 167.344
114.098 167.344
114.098 167.344
114.268 167.594
114.439 167.844
114.439 167.844
114.609 168.094
114.78 168.344
114.78 168.344
114.78 168.344
115.121 168.844
115.121 168.844
115.462 169.344
115.462 169.344
115.462 169.344
115.462 169.344
115.803 169.844
115.973 170.094
115.973 170.094
115.973 170.094
116.143 170.344
116.143 170.344
116.484 170.844
116.484 170.844
116.825 171.344
116.825 171.344
116.825 171.344
116.996 171.594
117.166 171.844
117.337 172.094
117.337 172.094
117.507 172.344
117.507 172.344
117.848 172.844
117.848 172.844
118.189 173.344
118.189 173.344
118.189 173.344
118.189 173.344
118.53 173.844
118.7 174.094
118.7 174.094
118.7 174.094
118.871 174.344
118.871 174.344
119.212 174.844
119.553 175.344
119.553 175.344
119.553 175.344
119.553 175.344
119.723 175.594
119.723 175.594
119.893 175.844
120.064 176.094
120.064 176.094
120.234 176.344
120.234 176.344
120.575 176.844
120.575 176.844
120.916 177.344
120.916 177.344
120.916 177.344
121.428 178.094
121.428 178.094
121.428 178.094
121.598 178.344
121.598 178.344
121.939 178.844
121.939 178.844
122.28 179.344
122.28 179.344
122.28 179.344
122.45 179.594
122.45 179.594
122.621 179.844
122.621 179.844
122.791 180.094
122.962 180.344
122.962 180.344
122.962 180.344
123.303 180.844
123.303 180.844
123.643 181.344
123.643 181.344
123.643 181.344
123.643 181.344
124.155 182.094
124.155 182.094
124.155 182.094
124.155 182.094
124.325 182.344
124.325 182.344
124.666 182.844
124.666 182.844
125.007 183.344
125.007 183.344
125.007 183.344
125.178 183.594
125.348 183.844
125.348 183.844
125.518 184.094
125.689 184.344
125.689 184.344
126.03 184.844
126.03 184.844
126.371 185.344
126.371 185.344
126.371 185.344
126.371 185.344
126.712 185.844
126.882 186.094
126.882 186.094
126.882 186.094
127.053 186.344
127.053 186.344
127.393 186.844
127.734 187.344
127.734 187.344
127.734 187.344
127.905 187.594
128.075 187.844
128.246 188.094
128.246 188.094
128.416 188.344
128.416 188.344
128.757 188.844
128.757 188.844
129.098 189.344
129.098 189.344
129.098 189.344
129.098 189.344
129.439 189.844
129.609 190.094
129.609 190.094
129.609 190.094
129.78 190.344
129.78 190.344
130.121 190.844
130.121 190.844
130.291 191.094
130.462 191.344
130.462 191.344
130.462 191.344
130.462 191.344
130.632 191.594
130.632 191.594
130.803 191.844
130.973 192.094
130.973 192.094
131.143 192.344
131.143 192.344
131.484 192.844
131.484 192.844
131.825 193.344
131.825 193.344
131.825 193.344
132.337 194.094
132.337 194.094
132.337 194.094
132.507 194.344
132.507 194.344
132.848 194.844
132.848 194.844
133.018 195.094
133.189 195.344
133.189 195.344
133.189 195.344
133.359 195.594
133.359 195.594
133.53 195.844
133.53 195.844
133.7 196.094
133.7 196.094
133.871 196.344
133.871 196.344
133.871 196.344
134.212 196.844
134.553 197.344
134.553 197.344
134.893 197.844
134.893 197.844
135.234 198.344
135.234 198.344
135.575 198.844
135.916 199.344
135.916 199.344
135.916 199.344
135.916 199.344
136.257 199.844
136.257 199.844
136.598 200.344
136.598 200.344
136.939 200.844
136.939 200.844
137.28 201.344
137.28 201.344
137.621 201.844
137.621 201.844
137.962 202.344
137.962 202.344
138.303 202.844
138.643 203.344
138.643 203.344
138.643 203.344
138.643 203.344
138.984 203.844
138.984 203.844
139.325 204.344
139.325 204.344
139.325 204.344
139.666 204.844
140.007 205.344
140.007 205.344
140.348 205.844
140.689 206.344
141.03 206.844
141.371 207.344
141.371 207.344
141.371 207.344
141.712 207.844
141.712 207.844
141.712 207.844
142.053 208.344
142.053 208.344
142.053 208.344
142.223 208.594
142.393 208.844
142.393 208.844
142.734 209.344
142.734 209.344
143.075 209.844
143.075 209.844
143.416 210.344
143.416 210.344
143.757 210.844
144.098 211.344
144.098 211.344
144.098 211.344
144.098 211.344
144.098 211.344
144.268 211.594
144.439 211.844
144.439 211.844
144.78 212.344
144.78 212.344
144.78 212.344
145.121 212.844
145.462 213.344
145.462 213.344
145.803 213.844
145.803 213.844
146.143 214.344
146.143 214.344
146.484 214.844
146.825 215.344
146.825 215.344
146.825 215.344
146.825 215.344
147.166 215.844
147.166 215.844
147.166 215.844
147.507 216.344
147.507 216.344
147.507 216.344
147.848 216.844
148.189 217.344
148.189 217.344
148.53 217.844
148.53 217.844
148.871 218.344
148.871 218.344
149.212 218.844
149.553 219.344
149.553 219.344
149.553 219.344
149.553 219.344
149.723 219.594
149.893 219.844
149.893 219.844
150.234 220.344
150.234 220.344
150.234 220.344
150.575 220.844
150.916 221.344
150.916 221.344
151.257 221.844
151.598 222.344
151.939 222.844
152.28 223.344
152.28 223.344
152.28 223.344
152.28 223.344
152.621 223.844
152.621 223.844
152.962 224.344
152.962 224.344
152.962 224.344
153.132 224.594
153.132 224.594
153.303 224.844
153.303 224.844
153.303 224.844
153.643 225.344
153.643 225.344
153.984 225.844
153.984 225.844
154.325 226.344
154.325 226.344
154.666 226.844
155.007 227.344
155.007 227.344
155.007 227.344
155.007 227.344
155.178 227.594
155.348 227.844
155.348 227.844
155.689 228.344
155.689 228.344
155.689 228.344
155.859 228.594
156.03 228.844
156.03 228.844
156.2 229.094
156.371 229.344
156.371 229.344
156.371 229.344
156.541 229.594
156.712 229.844
156.712 229.844
156.882 230.094
157.053 230.344
157.053 230.344
157.223 230.594
157.393 230.844
157.393 230.844
157.564 231.094
157.734 231.344
157.734 231.344
157.734 231.344
157.905 231.594
158.075 231.844
158.075 231.844
158.246 232.094
158.416 232.344
158.416 232.344
158.587 232.594
158.757 232.844
158.757 232.844
158.928 233.094
159.098 233.344
159.098 233.344
159.098 233.344
159.268 233.594
159.439 233.844
159.439 233.844
159.609 234.094
159.78 234.344
159.78 234.344
159.95 234.594
160.121 234.844
160.121 234.844
160.291 235.094
160.462 235.344
160.462 235.344
160.462 235.344
160.632 235.594
160.803 235.844
160.803 235.844
160.973 236.094
161.143 236.344
161.143 236.344
161.314 236.594
161.484 236.844
161.655 237.094
161.825 237.344
161.825 237.344
161.825 237.344
161.996 237.594
162.166 237.844
162.166 237.844
162.337 238.094
162.507 238.344
162.507 238.344
162.678 238.594
162.848 238.844
162.848 238.844
163.018 239.094
163.189 239.344
163.189 239.344
163.189 239.344
163.359 239.594
163.53 239.844
163.53 239.844
163.7 240.094
163.871 240.344
163.871 240.344
163.871 240.344
164.041 240.594
164.212 240.844
164.212 240.844
164.212 240.844
164.382 241.094
164.553 241.344
164.553 241.344
164.553 241.344
164.553 241.344
164.893 241.844
165.234 242.344
165.234 242.344
165.575 242.844
165.575 242.844
165.916 243.344
165.916 243.344
165.916 243.344
165.916 243.344
166.257 243.844
166.598 244.344
166.598 244.344
166.939 244.844
167.28 245.344
167.28 245.344
167.621 245.844
167.621 245.844
167.962 246.344
167.962 246.344
168.303 246.844
168.473 247.094
168.643 247.344
168.643 247.344
168.643 247.344
168.814 247.594
168.984 247.844
168.984 247.844
169.325 248.344
169.325 248.344
169.666 248.844
170.007 249.344
170.007 249.344
170.178 249.594
170.348 249.844
170.348 249.844
170.518 250.094
170.689 250.344
170.689 250.344
170.859 250.594
171.03 250.844
171.03 250.844
171.2 251.094
171.371 251.344
171.371 251.344
171.371 251.344
171.541 251.594
171.712 251.844
171.712 251.844
171.882 252.094
172.053 252.344
172.053 252.344
172.053 252.344
172.393 252.844
172.393 252.844
172.734 253.344
172.734 253.344
172.734 253.344
173.075 253.844
173.416 254.344
173.416 254.344
173.757 254.844
174.098 255.344
174.098 255.344
174.098 255.344
174.439 255.844
174.78 256.344
174.78 256.344
175.121 256.844
175.462 257.344
175.462 257.344
175.803 257.844
176.143 258.344
176.484 258.844
176.825 259.344
176.825 259.344
176.825 259.344
177.166 259.844
177.507 260.344
177.507 260.344
177.507 260.344
177.507 260.344
177.507 260.344
177.848 260.844
178.189 261.344
178.53 261.844
178.871 262.344
179.212 262.844
179.553 263.344
179.893 263.844
180.234 264.344
180.234 264.344
180.575 264.844
180.575 264.844
180.916 265.344
180.916 265.344
180.916 265.344
181.257 265.844
181.428 266.094
181.598 266.344
181.598 266.344
181.939 266.844
181.939 266.844
182.28 267.344
182.28 267.344
182.28 267.344
182.621 267.844
182.962 268.344
182.962 268.344
182.962 268.344
183.303 268.844
183.303 268.844
183.643 269.344
183.643 269.344
183.643 269.344
183.984 269.844
183.984 269.844
184.325 270.344
184.325 270.344
184.666 270.844
184.666 270.844
185.007 271.344
185.007 271.344
185.007 271.344
185.348 271.844
185.689 272.344
185.689 272.344
186.03 272.844
186.03 272.844
186.371 273.344
186.371 273.344
186.371 273.344
186.712 273.844
186.712 273.844
187.053 274.344
187.053 274.344
187.393 274.844
187.734 275.344
187.734 275.344
187.734 275.344
188.075 275.844
188.416 276.344
188.416 276.344
188.757 276.844
188.757 276.844
189.098 277.344
189.098 277.344
189.098 277.344
189.439 277.844
189.78 278.344
189.78 278.344
190.121 278.844
190.121 278.844
190.462 279.344
190.462 279.344
190.462 279.344
190.462 279.344
190.632 279.594
190.803 279.844
190.803 279.844
191.143 280.344
191.143 280.344
191.143 280.344
191.484 280.844
191.484 280.844
191.825 281.344
191.825 281.344
191.825 281.344
192.166 281.844
192.337 282.094
192.507 282.344
192.507 282.344
192.848 282.844
192.848 282.844
193.189 283.344
193.189 283.344
193.189 283.344
193.53 283.844
193.871 284.344
193.871 284.344
194.212 284.844
194.212 284.844
194.553 285.344
194.553 285.344
194.553 285.344
194.893 285.844
194.893 285.844
195.234 286.344
195.234 286.344
195.575 286.844
195.916 287.344
195.916 287.344
195.916 287.344
196.257 287.844
196.598 288.344
196.598 288.344
196.939 288.844
196.939 288.844
197.28 289.344
197.28 289.344
197.28 289.344
197.621 289.844
197.621 289.844
197.962 290.344
197.962 290.344
198.303 290.844
198.303 290.844
198.473 291.094
198.643 291.344
198.643 291.344
198.643 291.344
198.984 291.844
199.325 292.344
199.325 292.344
199.666 292.844
199.666 292.844
200.007 293.344
200.007 293.344
200.007 293.344
200.348 293.844
200.689 294.344
200.689 294.344
201.03 294.844
201.371 295.344
201.371 295.344
201.371 295.344
201.712 295.844
202.053 296.344
202.053 296.344
202.053 296.344
202.393 296.844
202.393 296.844
202.393 296.844
202.734 297.344
202.734 297.344
202.734 297.344
203.416 298.344
203.416 298.344
203.416 298.344
203.416 298.344
203.416 298.344
204.098 299.344
204.098 299.344
204.098 299.344
204.098 299.344
