0.303819 0.364583
0.711804 0.854167
1.13021 1.35625
1.13541 1.3625
1.55382 1.86458
1.96875 2.3625
2.42361 2.90833
2.46527 2.95833
2.68576 3.22292
2.69097 3.22917
2.76909 3.32292
2.79861 3.35833
2.84548 3.41458
3.60416 4.325
3.92708 4.7125
4.22222 5.06667
4.37847 5.25417
4.41666 5.3
4.47048 5.36458
4.47569 5.37083
4.49826 5.39792
4.88194 5.85833
5.32985 6.39583
5.72395 6.86875
5.91145 7.09375
6.0052 7.20625
6.12499 7.35
6.13193 7.35833
6.13541 7.3625
7.65624 9.1875
7.78124 9.3375
7.78297 9.33958
7.83506 9.40208
8.23089 9.87708
8.66665 10.4
8.66839 10.4021
9.08505 10.9021
9.33853 11.2062
9.39235 11.2708
9.43922 11.3271
9.48436 11.3812
9.50172 11.4021
9.83505 11.8021
9.91839 11.9021
10.3073 12.3687
10.7517 12.9021
10.9653 13.1583
11.0538 13.2646
11.1111 13.3333
11.1423 13.3708
11.1684 13.4021
11.5173 13.8208
11.9601 14.3521
11.9809 14.3771
12.3507 14.8208
12.7378 15.2854
12.7535 15.3042
12.7587 15.3104
12.835 15.4021
13.217 15.8604
13.2517 15.9021
13.6684 16.4021
13.6684 16.4021
14.085 16.9021
14.085 16.9021
14.5017 17.4021
14.5017 17.4021
14.5017 17.4021
14.5017 17.4021
14.9184 17.9021
15.1267 18.1521
15.335 18.4021
15.335 18.4021
15.7517 18.9021
15.7517 18.9021
16.1684 19.4021
16.1684 19.4021
16.1684 19.4021
16.1684 19.4021
16.585 19.9021
17.0017 20.4021
17.4184 20.9021
17.4184 20.9021
17.6267 21.1521
17.835 21.4021
17.835 21.4021
17.835 21.4021
18.2517 21.9021
18.6684 22.4021
18.6684 22.4021
18.6684 22.4021
19.085 22.9021
19.085 22.9021
19.2934 23.1521
19.5017 23.4021
19.5017 23.4021
19.5017 23.4021
19.5017 23.4021
19.9184 23.9021
20.335 24.4021
21.1684 25.4021
21.1684 25.4021
21.1684 25.4021
21.585 25.9021
21.585 25.9021
22.0017 26.4021
22.0017 26.4021
22.0017 26.4021
22.4184 26.9021
22.4184 26.9021
22.835 27.4021
22.835 27.4021
22.835 27.4021
22.835 27.4021
22.835 27.4021
22.835 27.4021
23.2517 27.9021
23.6684 28.4021
24.085 28.9021
24.085 28.9021
24.085 28.9021
24.2934 29.1521
24.5017 29.4021
24.5017 29.4021
24.5017 29.4021
24.5017 29.4021
24.5017 29.4021
24.9184 29.9021
25.335 30.4021
25.7517 30.9021
26.1684 31.4021
26.1684 31.4021
26.1684 31.4021
26.585 31.9021
27.0017 32.4021
27.0017 32.4021
27.4184 32.9021
27.4184 32.9021
27.835 33.4021
27.835 33.4021
27.835 33.4021
27.835 33.4021
28.2517 33.9021
28.6684 34.4021
29.085 34.9021
29.5017 35.4021
29.5017 35.4021
29.5017 35.4021
29.9184 35.9021
30.335 36.4021
30.335 36.4021
30.335 36.4021
30.7517 36.9021
30.7517 36.9021
31.1684 37.4021
31.1684 37.4021
31.1684 37.4021
31.585 37.9021
31.585 37.9021
32.0017 38.4021
32.0017 38.4021
32.4184 38.9021
32.835 39.4021
32.835 39.4021
32.835 39.4021
32.835 39.4021
33.2517 39.9021
33.6683 40.4021
33.6683 40.4021
34.085 40.9021
34.5017 41.4021
34.5017 41.4021
34.5017 41.4021
34.5017 41.4021
34.9183 41.9021
35.335 42.4021
35.7517 42.9021
36.1683 43.4021
36.1683 43.4021
36.1683 43.4021
36.1683 43.4021
36.585 43.9021
36.585 43.9021
37.0017 44.4021
37.0017 44.4021
37.4183 44.9021
37.4183 44.9021
37.835 45.4021
37.835 45.4021
37.835 45.4021
38.2517 45.9021
38.2517 45.9021
38.6683 46.4021
38.6683 46.4021
38.6683 46.4021
39.085 46.9021
39.085 46.9021
39.5017 47.4021
39.5017 47.4021
39.5017 47.4021
39.9183 47.9021
40.335 48.4021
40.335 48.4021
40.7517 48.9021
41.1683 49.4021
41.1683 49.4021
41.1683 49.4021
41.585 49.9021
42.0017 50.4021
42.4183 50.9021
42.4183 50.9021
42.835 51.4021
42.835 51.4021
43.2517 51.9021
43.2517 51.9021
43.6683 52.4021
43.6683 52.4021
43.6683 52.4021
44.085 52.9021
44.085 52.9021
44.5017 53.4021
44.5017 53.4021
44.5017 53.4021
44.5017 53.4021
44.9183 53.9021
44.9183 53.9021
45.335 54.4021
45.335 54.4021
45.7517 54.9021
45.7517 54.9021
46.1683 55.4021
46.1683 55.4021
46.585 55.9021
47.0017 56.4021
47.0017 56.4021
47.0017 56.4021
47.4183 56.9021
47.835 57.4021
47.835 57.4021
47.835 57.4021
48.2517 57.9021
48.6683 58.4021
49.085 58.9021
49.5017 59.4021
49.5017 59.4021
49.5017 59.4021
49.9183 59.9021
50.335 60.4021
50.335 60.4021
50.7517 60.9021
51.1683 61.4021
51.1683 61.4021
51.1683 61.4021
51.585 61.9021
52.0017 62.4021
52.0017 62.4021
52.0017 62.4021
52.4183 62.9021
52.835 63.4021
52.835 63.4021
52.835 63.4021
53.6683 64.4021
53.6683 64.4021
54.085 64.9021
54.085 64.9021
54.5016 65.4021
54.5016 65.4021
54.5016 65.4021
54.5016 65.4021
54.5016 65.4021
54.5016 65.4021
54.9183 65.9021
55.335 66.4021
55.7516 66.9021
55.7516 66.9021
56.1683 67.4021
56.1683 67.4021
56.585 67.9021
57.0016 68.4021
57.0016 68.4021
57.0016 68.4021
57.4183 68.9021
57.4183 68.9021
57.835 69.4021
57.835 69.4021
57.835 69.4021
57.835 69.4021
57.835 69.4021
58.2516 69.9021
58.2516 69.9021
58.6683 70.4021
58.6683 70.4021
58.6683 70.4021
59.085 70.9021
59.5016 71.4021
59.5016 71.4021
59.5016 71.4021
59.5016 71.4021
59.5016 71.4021
59.9183 71.9021
60.335 72.4021
60.335 72.4021
60.7516 72.9021
60.7516 72.9021
61.1683 73.4021
61.1683 73.4021
61.1683 73.4021
61.1683 73.4021
61.585 73.9021
62.0016 74.4021
62.4183 74.9021
62.4183 74.9021
62.835 75.4021
62.835 75.4021
62.835 75.4021
62.835 75.4021
63.2516 75.9021
63.2516 75.9021
63.6683 76.4021
63.6683 76.4021
63.6683 76.4021
64.085 76.9021
64.085 76.9021
64.5016 77.4021
64.5016 77.4021
64.5016 77.4021
64.5016 77.4021
64.5016 77.4021
64.9183 77.9021
64.9183 77.9021
65.335 78.4021
65.335 78.4021
65.7516 78.9021
65.7516 78.9021
65.7516 78.9021
66.1683 79.4021
66.1683 79.4021
66.1683 79.4021
66.1683 79.4021
66.1683 79.4021
66.585 79.9021
66.585 79.9021
67.0016 80.4021
67.0016 80.4021
67.0016 80.4021
67.0016 80.4021
67.4183 80.9021
67.4183 80.9021
67.4183 80.9021
67.835 81.4021
67.835 81.4021
67.835 81.4021
67.835 81.4021
67.835 81.4021
68.2516 81.9021
68.6683 82.4021
69.085 82.9021
69.085 82.9021
69.5016 83.4021
69.5016 83.4021
69.5016 83.4021
69.5016 83.4021
69.5016 83.4021
69.9183 83.9021
69.9183 83.9021
70.335 84.4021
70.335 84.4021
70.335 84.4021
70.335 84.4021
70.335 84.4021
70.7516 84.9021
70.7516 84.9021
71.1683 85.4021
71.1683 85.4021
71.1683 85.4021
71.1683 85.4021
71.1683 85.4021
71.585 85.9021
71.585 85.9021
72.0016 86.4021
72.0016 86.4021
72.4183 86.9021
72.4183 86.9021
72.835 87.4021
72.835 87.4021
72.835 87.4021
72.835 87.4021
73.2516 87.9021
73.6683 88.4021
73.6683 88.4021
74.085 88.9021
74.5016 89.4021
74.5016 89.4021
74.5016 89.4021
74.5016 89.4021
74.9183 89.9021
75.3349 90.4021
75.3349 90.4021
75.7516 90.9021
75.7516 90.9021
76.1683 91.4021
76.1683 91.4021
76.1683 91.4021
76.1683 91.4021
76.5849 91.9021
77.0016 92.4021
77.0016 92.4021
77.0016 92.4021
77.4183 92.9021
77.8349 93.4021
77.8349 93.4021
77.8349 93.4021
77.8349 93.4021
77.8349 93.4021
78.2516 93.9021
78.6683 94.4021
78.6683 94.4021
78.6683 94.4021
78.6683 94.4021
78.6683 94.4021
79.0849 94.9021
79.5016 95.4021
79.5016 95.4021
79.5016 95.4021
79.5016 95.4021
79.5016 95.4021
79.9183 95.9021
80.3349 96.4021
80.3349 96.4021
80.3349 96.4021
80.3349 96.4021
80.3349 96.4021
80.3349 96.4021
80.7516 96.9021
80.7516 96.9021
80.7516 96.9021
80.7516 96.9021
81.1683 97.4021
81.1683 97.4021
81.1683 97.4021
81.1683 97.4021
81.1683 97.4021
81.5849 97.9021
82.0016 98.4021
82.0016 98.4021
82.0016 98.4021
82.4183 98.9021
82.4183 98.9021
82.6266 99.1521
82.8349 99.4021
82.8349 99.4021
82.8349 99.4021
82.8349 99.4021
82.8349 99.4021
83.2516 99.9021
83.6683 100.402
83.6683 100.402
83.6683 100.402
83.6683 100.402
83.6683 100.402
84.0849 100.902
84.0849 100.902
84.5016 101.402
84.5016 101.402
84.5016 101.402
84.5016 101.402
84.5016 101.402
84.5016 101.402
84.9183 101.902
84.9183 101.902
85.3349 102.402
85.3349 102.402
85.3349 102.402
85.5433 102.652
85.7516 102.902
85.7516 102.902
86.1683 103.402
86.1683 103.402
86.1683 103.402
86.1683 103.402
86.1683 103.402
86.1683 103.402
86.5849 103.902
87.0016 104.402
87.0016 104.402
87.0016 104.402
87.2099 104.652
87.4183 104.902
87.4183 104.902
87.4183 104.902
87.6266 105.152
87.8349 105.402
87.8349 105.402
87.8349 105.402
87.8349 105.402
88.2516 105.902
88.2516 105.902
88.6683 106.402
88.6683 106.402
89.0849 106.902
89.0849 106.902
89.5016 107.402
89.5016 107.402
89.5016 107.402
89.5016 107.402
89.5016 107.402
89.7099 107.652
89.9183 107.902
89.9183 107.902
90.1266 108.152
90.3349 108.402
90.3349 108.402
90.3349 108.402
90.5433 108.652
90.7516 108.902
90.7516 108.902
91.1683 109.402
91.1683 109.402
91.1683 109.402
91.1683 109.402
91.1683 109.402
91.5849 109.902
92.0016 110.402
92.0016 110.402
92.2099 110.652
92.4183 110.902
92.4183 110.902
92.6266 111.152
92.8349 111.402
92.8349 111.402
92.8349 111.402
92.8349 111.402
92.8349 111.402
93.0433 111.652
93.2516 111.902
93.2516 111.902
93.4599 112.152
93.4599 112.152
93.6683 112.402
93.6683 112.402
93.6683 112.402
93.6683 112.402
93.6683 112.402
93.8766 112.652
94.0849 112.902
94.0849 112.902
94.5016 113.402
94.5016 113.402
94.5016 113.402
94.5016 113.402
94.5016 113.402
94.9183 113.902
95.3349 114.402
95.3349 114.402
95.5432 114.652
95.7516 114.902
95.7516 114.902
96.1682 115.402
96.1682 115.402
96.1682 115.402
96.1682 115.402
96.1682 115.402
96.5849 115.902
97.0016 116.402
97.0016 116.402
97.0016 116.402
97.0016 116.402
97.4182 116.902
97.4182 116.902
97.8349 117.402
97.8349 117.402
97.8349 117.402
97.8349 117.402
97.8349 117.402
98.2516 117.902
98.2516 117.902
98.6682 118.402
98.6682 118.402
99.0849 118.902
99.0849 118.902
99.5016 119.402
99.5016 119.402
99.5016 119.402
99.5016 119.402
99.5016 119.402
99.9182 119.902
100.335 120.402
100.335 120.402
100.335 120.402
100.752 120.902
101.168 121.402
101.168 121.402
101.168 121.402
101.168 121.402
101.168 121.402
101.377 121.652
101.585 121.902
101.585 121.902
101.793 122.152
102.002 122.402
102.002 122.402
102.21 122.652
102.418 122.902
102.418 122.902
102.627 123.152
102.835 123.402
102.835 123.402
102.835 123.402
102.835 123.402
103.043 123.652
103.252 123.902
103.252 123.902
103.46 124.152
103.668 124.402
103.668 124.402
103.668 124.402
103.877 124.652
104.085 124.902
104.085 124.902
104.502 125.402
104.502 125.402
104.502 125.402
104.502 125.402
104.502 125.402
104.502 125.402
104.918 125.902
105.335 126.402
105.335 126.402
105.335 126.402
105.752 126.902
105.752 126.902
106.168 127.402
106.168 127.402
106.168 127.402
106.168 127.402
106.168 127.402
106.168 127.402
107.002 128.402
107.418 128.902
107.418 128.902
107.627 129.152
107.835 129.402
107.835 129.402
107.835 129.402
107.835 129.402
108.252 129.902
108.668 130.402
109.293 131.152
109.502 131.402
109.502 131.402
109.502 131.402
109.502 131.402
109.918 131.902
109.918 131.902
110.127 132.152
110.335 132.402
110.752 132.902
110.752 132.902
111.168 133.402
111.168 133.402
111.168 133.402
111.585 133.902
112.002 134.402
112.418 134.902
112.627 135.152
112.835 135.402
112.835 135.402
112.835 135.402
113.252 135.902
113.668 136.402
114.502 137.402
114.502 137.402
114.502 137.402
114.502 137.402
114.918 137.902
115.335 138.402
115.335 138.402
115.543 138.652
115.752 138.902
115.752 138.902
115.96 139.152
116.168 139.402
116.168 139.402
116.168 139.402
116.168 139.402
116.585 139.902
116.585 139.902
116.585 139.902
116.793 140.152
117.002 140.402
117.002 140.402
117.002 140.402
117.418 140.902
117.418 140.902
117.627 141.152
117.835 141.402
117.835 141.402
117.835 141.402
117.835 141.402
118.252 141.902
118.668 142.402
119.085 142.902
119.085 142.902
119.293 143.152
119.502 143.402
119.502 143.402
119.502 143.402
119.502 143.402
119.502 143.402
119.918 143.902
119.918 143.902
119.918 143.902
120.127 144.152
120.335 144.402
120.335 144.402
120.335 144.402
120.335 144.402
120.543 144.652
120.752 144.902
120.752 144.902
120.96 145.152
121.168 145.402
121.168 145.402
121.168 145.402
121.168 145.402
121.585 145.902
121.585 145.902
122.002 146.402
122.002 146.402
122.418 146.902
122.418 146.902
122.627 147.152
122.835 147.402
122.835 147.402
122.835 147.402
123.252 147.902
123.252 147.902
123.668 148.402
123.668 148.402
123.668 148.402
123.877 148.652
124.085 148.902
124.085 148.902
124.085 148.902
124.293 149.152
124.502 149.402
124.502 149.402
124.502 149.402
124.502 149.402
124.502 149.402
124.918 149.902
125.335 150.402
125.335 150.402
125.752 150.902
125.901 151.081
126 151.2
126.074 151.29
126.139 151.367
126.168 151.402
126.168 151.402
126.208 151.45
127.002 152.402
127.835 153.402
127.835 153.402
128.252 153.902
128.252 153.902
128.252 153.902
128.668 154.402
128.668 154.402
128.668 154.402
128.668 154.402
129.085 154.902
129.085 154.902
129.502 155.402
129.502 155.402
129.502 155.402
129.502 155.402
129.502 155.402
129.918 155.902
129.918 155.902
130.335 156.402
130.335 156.402
130.335 156.402
130.335 156.402
130.752 156.902
131.168 157.402
131.168 157.402
131.168 157.402
131.168 157.402
131.168 157.402
131.585 157.902
132.002 158.402
132.418 158.902
132.835 159.402
132.835 159.402
132.835 159.402
133.252 159.902
133.668 160.402
133.668 160.402
134.085 160.902
134.085 160.902
134.502 161.402
134.502 161.402
134.502 161.402
134.502 161.402
134.502 161.402
134.502 161.402
134.918 161.902
135.335 162.402
135.752 162.902
135.752 162.902
136.168 163.402
136.168 163.402
136.585 163.902
137.002 164.402
137.002 164.402
137.002 164.402
137.418 164.902
137.418 164.902
137.835 165.402
137.835 165.402
137.835 165.402
137.835 165.402
137.835 165.402
138.252 165.902
138.252 165.902
138.668 166.402
138.668 166.402
138.668 166.402
139.085 166.902
139.502 167.402
139.502 167.402
139.502 167.402
139.502 167.402
139.502 167.402
139.918 167.902
140.335 168.402
140.335 168.402
140.752 168.902
140.752 168.902
141.168 169.402
141.168 169.402
141.168 169.402
141.168 169.402
141.585 169.902
142.002 170.402
142.418 170.902
142.418 170.902
142.835 171.402
142.835 171.402
142.835 171.402
142.835 171.402
143.252 171.902
143.252 171.902
143.668 172.402
143.668 172.402
143.668 172.402
144.085 172.902
144.085 172.902
144.502 173.402
144.502 173.402
144.502 173.402
144.502 173.402
144.502 173.402
144.918 173.902
144.918 173.902
145.335 174.402
145.335 174.402
145.752 174.902
145.752 174.902
145.752 174.902
146.168 175.402
146.168 175.402
146.168 175.402
146.168 175.402
146.168 175.402
146.585 175.902
146.585 175.902
147.002 176.402
147.002 176.402
147.002 176.402
147.002 176.402
147.418 176.902
147.418 176.902
147.418 176.902
147.835 177.402
147.835 177.402
147.835 177.402
147.835 177.402
147.835 177.402
148.251 177.902
148.668 178.402
149.085 178.902
149.085 178.902
149.501 179.402
149.501 179.402
149.501 179.402
149.501 179.402
149.501 179.402
149.918 179.902
149.918 179.902
150.335 180.402
150.335 180.402
150.335 180.402
150.335 180.402
150.335 180.402
150.751 180.902
150.751 180.902
151.168 181.402
151.168 181.402
151.168 181.402
151.168 181.402
151.168 181.402
151.585 181.902
151.585 181.902
152.001 182.402
152.001 182.402
152.418 182.902
152.418 182.902
152.835 183.402
152.835 183.402
152.835 183.402
152.835 183.402
153.251 183.902
153.668 184.402
153.668 184.402
154.085 184.902
154.501 185.402
154.501 185.402
154.501 185.402
154.501 185.402
154.918 185.902
155.335 186.402
155.335 186.402
155.751 186.902
155.751 186.902
156.168 187.402
156.168 187.402
156.168 187.402
156.168 187.402
156.585 187.902
157.001 188.402
157.001 188.402
157.001 188.402
157.418 188.902
157.835 189.402
157.835 189.402
157.835 189.402
157.835 189.402
157.835 189.402
158.251 189.902
158.668 190.402
158.668 190.402
158.668 190.402
158.668 190.402
158.668 190.402
159.085 190.902
159.501 191.402
159.501 191.402
159.501 191.402
159.501 191.402
159.501 191.402
159.918 191.902
160.335 192.402
160.335 192.402
160.335 192.402
160.335 192.402
160.335 192.402
160.335 192.402
160.751 192.902
160.751 192.902
160.751 192.902
160.751 192.902
161.168 193.402
161.168 193.402
161.168 193.402
161.168 193.402
161.168 193.402
161.585 193.902
162.001 194.402
162.001 194.402
162.001 194.402
162.418 194.902
162.418 194.902
162.626 195.152
162.835 195.402
162.835 195.402
162.835 195.402
162.835 195.402
162.835 195.402
163.251 195.902
163.668 196.402
163.668 196.402
163.668 196.402
163.668 196.402
163.668 196.402
164.085 196.902
164.085 196.902
164.501 197.402
164.501 197.402
164.501 197.402
164.501 197.402
164.501 197.402
164.501 197.402
164.918 197.902
164.918 197.902
165.335 198.402
165.335 198.402
165.335 198.402
165.543 198.652
165.751 198.902
165.751 198.902
166.168 199.402
166.168 199.402
166.168 199.402
166.168 199.402
166.168 199.402
166.168 199.402
166.585 199.902
167.001 200.402
167.001 200.402
167.001 200.402
167.21 200.652
167.418 200.902
167.418 200.902
167.418 200.902
167.626 201.152
167.835 201.402
167.835 201.402
167.835 201.402
167.835 201.402
168.251 201.902
168.251 201.902
168.668 202.402
168.668 202.402
169.085 202.902
169.085 202.902
169.501 203.402
169.501 203.402
169.501 203.402
169.501 203.402
169.501 203.402
169.71 203.652
169.918 203.902
169.918 203.902
170.126 204.152
170.335 204.402
170.335 204.402
170.335 204.402
170.543 204.652
170.751 204.902
170.751 204.902
171.168 205.402
171.168 205.402
171.168 205.402
171.168 205.402
171.168 205.402
171.585 205.902
172.001 206.402
172.001 206.402
172.21 206.652
172.418 206.902
172.418 206.902
172.626 207.152
172.835 207.402
172.835 207.402
172.835 207.402
172.835 207.402
172.835 207.402
173.043 207.652
173.251 207.902
173.251 207.902
173.46 208.152
173.46 208.152
173.668 208.402
173.668 208.402
173.668 208.402
173.668 208.402
173.668 208.402
173.876 208.652
174.085 208.902
174.085 208.902
174.501 209.402
174.501 209.402
174.501 209.402
174.501 209.402
174.501 209.402
174.918 209.902
175.335 210.402
175.335 210.402
175.543 210.652
175.751 210.902
175.751 210.902
176.168 211.402
176.168 211.402
176.168 211.402
176.168 211.402
176.168 211.402
176.585 211.902
177.001 212.402
177.001 212.402
177.001 212.402
177.001 212.402
177.418 212.902
177.418 212.902
177.835 213.402
177.835 213.402
177.835 213.402
177.835 213.402
177.835 213.402
178.251 213.902
178.251 213.902
178.668 214.402
178.668 214.402
179.085 214.902
179.085 214.902
179.501 215.402
179.501 215.402
179.501 215.402
179.501 215.402
179.501 215.402
179.918 215.902
180.335 216.402
180.335 216.402
180.335 216.402
180.751 216.902
181.168 217.402
181.168 217.402
181.168 217.402
181.168 217.402
181.168 217.402
181.376 217.652
181.585 217.902
181.585 217.902
181.793 218.152
182.001 218.402
182.001 218.402
182.21 218.652
182.418 218.902
182.418 218.902
182.626 219.152
182.835 219.402
182.835 219.402
182.835 219.402
182.835 219.402
183.043 219.652
183.251 219.902
183.251 219.902
183.46 220.152
183.668 220.402
183.668 220.402
183.668 220.402
183.876 220.652
184.085 220.902
184.085 220.902
184.501 221.402
184.501 221.402
184.501 221.402
184.501 221.402
184.501 221.402
184.501 221.402
184.918 221.902
185.335 222.402
185.335 222.402
185.335 222.402
185.751 222.902
185.751 222.902
186.168 223.402
186.168 223.402
186.168 223.402
186.168 223.402
186.168 223.402
186.168 223.402
187.001 224.402
187.001 224.402
187.418 224.902
187.418 224.902
187.665 225.198
187.748 225.298
187.779 225.335
187.816 225.379
187.835 225.402
187.835 225.402
187.859 225.431
188.203 225.844
188.656 226.387
189.085 226.902
189.328 227.194
189.406 227.287
189.442 227.331
189.468 227.363
189.501 227.402
189.501 227.402
189.83 227.796
190.335 228.402
190.335 228.402
190.751 228.902
191.038 229.246
191.069 229.283
191.132 229.358
191.149 229.379
191.168 229.402
191.168 229.402
191.534 229.842
191.585 229.902
192.001 230.402
192.01 230.412
192.418 230.902
192.772 231.327
192.835 231.402
192.835 231.402
192.849 231.419
192.859 231.431
193.246 231.896
193.668 232.402
193.668 232.402
193.68 232.417
194.085 232.902
194.356 233.227
194.488 233.385
194.501 233.402
194.501 233.402
194.501 233.402
194.508 233.41
194.918 233.902
194.932 233.919
195.413 234.496
195.963 235.156
195.977 235.173
196.453 235.744
196.494 235.794
196.618 235.942
196.628 235.954
196.687 236.025
196.772 236.127
197.151 236.581
197.666 237.2
197.795 237.354
198.342 238.01
200.057 240.069
200.595 240.715
201.541 241.85
201.602 241.923
201.609 241.931
201.635 241.963
201.692 242.031
202.064 242.477
202.479 242.975
202.494 242.994
202.906 243.487
203.132 243.758
203.258 243.91
203.297 243.956
203.312 243.975
203.347 244.017
203.727 244.473
204.161 244.994
204.687 245.625
204.908 245.89
205.14 246.169
205.147 246.177
205.151 246.181
205.567 246.681
205.595 246.715
206.01 247.213
206.085 247.302
206.531 247.838
206.543 247.852
207.066 248.479
207.081 248.498
207.125 248.55
207.717 249.26
208.774 250.529
208.836 250.604
208.873 250.648
208.906 250.688
209 250.8
209.019 250.823
209.232 251.079
210.871 253.046
210.908 253.09
211.17 253.404
211.211 253.454
211.461 253.754
211.501 253.802
211.724 254.069
211.805 254.167
212.076 254.492
212.253 254.704
212.416 254.9
212.739 255.287
213.128 255.754
213.29 255.948
213.823 256.587
214.448 257.337
214.567 257.481
215.942 259.131
216.026 259.231
216.047 259.256
216.166 259.4
216.189 259.427
216.246 259.496
216.347 259.617
