0.452478 0.9125
0.532023 1.07292
0.858468 1.73125
0.917352 1.85
1.19731 2.41458
1.28305 2.5875
1.48863 3.00208
1.6002 3.22708
1.81404 3.65833
1.93388 3.9
2.2252 4.4875
2.28098 4.6
2.68387 5.4125
2.7159 5.47708
3.16011 6.37292
4.06404 8.19583
4.31094 8.69375
4.46693 9.00833
4.52374 9.12292
4.63635 9.35
4.76341 9.60625
6.64874 13.4083
6.89667 13.9083
7.13427 14.3875
7.20349 14.5271
7.24997 14.6208
7.31402 14.75
7.34915 14.8208
7.5165 15.1583
7.64253 15.4125
8.11154 16.3583
8.47724 17.0958
8.50307 17.1479
8.8791 17.9062
9.0041 18.1583
9.35121 18.8583
9.62393 19.4083
9.8698 19.9042
12.1105 24.4229
12.1807 24.5646
12.1859 24.575
12.4752 25.1583
12.4948 25.1979
12.7231 25.6583
12.7892 25.7917
13.0599 26.3375
13.095 26.4083
13.3295 26.8813
13.3429 26.9083
13.6528 27.5333
13.7148 27.6583
14.0402 28.3146
14.0454 28.325
14.0867 28.4083
14.4586 29.1583
14.4907 29.2229
15.0516 30.3542
15.4225 31.1021
15.6611 31.5833
15.6983 31.6583
15.8625 31.9896
16.0619 32.3917
16.2355 32.7417
16.7675 33.8146
16.8522 33.9854
16.9658 34.2146
17.3553 35
18.4256 37.1583
18.4256 37.1583
18.6735 37.6583
18.9214 38.1583
19.1694 38.6583
19.1694 38.6583
19.4173 39.1583
19.4173 39.1583
19.9132 40.1583
19.9132 40.1583
20.1611 40.6583
20.409 41.1583
20.409 41.1583
21.4008 43.1583
21.4008 43.1583
21.6487 43.6583
21.8966 44.1583
22.1445 44.6583
22.1445 44.6583
22.3925 45.1583
22.3925 45.1583
22.8883 46.1583
22.8883 46.1583
23.1363 46.6583
23.3842 47.1583
23.3842 47.1583
23.6321 47.6583
23.8801 48.1583
23.8801 48.1583
24.3759 49.1583
24.3759 49.1583
24.6239 49.6583
24.8718 50.1583
25.1197 50.6583
25.1197 50.6583
25.3677 51.1583
25.3677 51.1583
25.6156 51.6583
25.8635 52.1583
25.8635 52.1583
26.1115 52.6583
26.3594 53.1583
26.3594 53.1583
26.6073 53.6583
26.8553 54.1583
26.8553 54.1583
27.1032 54.6583
27.3511 55.1583
27.3511 55.1583
27.5991 55.6583
27.847 56.1583
28.0949 56.6583
28.3429 57.1583
28.5908 57.6583
28.8387 58.1583
29.8305 60.1583
30.0784 60.6583
30.3263 61.1583
30.3263 61.1583
30.5743 61.6583
30.8222 62.1583
30.8222 62.1583
31.0701 62.6583
31.3181 63.1583
31.3181 63.1583
31.8139 64.1583
31.8139 64.1583
31.8139 64.1583
31.8139 64.1583
32.3098 65.1583
32.8057 66.1583
33.0536 66.6583
33.0536 66.6583
33.3015 67.1583
33.3015 67.1583
33.5495 67.6583
33.7974 68.1583
33.7974 68.1583
34.0453 68.6583
34.2933 69.1583
34.5412 69.6583
34.7891 70.1583
35.285 71.1583
35.7809 72.1583
35.7809 72.1583
35.7809 72.1583
35.7809 72.1583
36.0288 72.6583
36.2767 73.1583
36.2767 73.1583
36.5247 73.6583
36.7726 74.1583
36.7726 74.1583
37.0205 74.6583
37.2685 75.1583
37.2685 75.1583
37.5164 75.6583
37.7643 76.1583
37.7643 76.1583
38.0123 76.6583
38.2602 77.1583
38.2602 77.1583
38.5081 77.6583
38.7561 78.1583
39.004 78.6583
39.2519 79.1583
39.2519 79.1583
39.4999 79.6583
39.7478 80.1583
39.9957 80.6583
40.2437 81.1583
40.4916 81.6583
40.7395 82.1583
40.9875 82.6583
41.2354 83.1583
41.4833 83.6583
41.7313 84.1583
42.2271 85.1583
42.2271 85.1583
42.4751 85.6583
42.723 86.1583
42.723 86.1583
42.9709 86.6583
43.2189 87.1583
43.4668 87.6583
43.4668 87.6583
43.7147 88.1583
43.7147 88.1583
43.9627 88.6583
43.9627 88.6583
44.2106 89.1583
44.2106 89.1583
44.4585 89.6583
44.7065 90.1583
45.2023 91.1583
45.2023 91.1583
45.2023 91.1583
45.4503 91.6583
45.6982 92.1583
45.6982 92.1583
45.9461 92.6583
46.1941 93.1583
46.1941 93.1583
46.6899 94.1583
46.6899 94.1583
46.9378 94.6583
47.1858 95.1583
47.1858 95.1583
47.4337 95.6583
47.6816 96.1583
48.1775 97.1583
48.1775 97.1583
48.4254 97.6583
48.6734 98.1583
48.6734 98.1583
48.9213 98.6583
49.1692 99.1583
49.1692 99.1583
49.4172 99.6583
49.6651 100.158
49.6651 100.158
50.161 101.158
50.161 101.158
50.6568 102.158
50.6568 102.158
51.1527 103.158
51.1527 103.158
51.4006 103.658
51.6486 104.158
51.8965 104.658
52.1444 105.158
52.3924 105.658
52.6403 106.158
52.6403 106.158
52.6403 106.158
52.8882 106.658
53.1362 107.158
53.3841 107.658
53.632 108.158
53.632 108.158
53.88 108.658
54.1279 109.158
54.1279 109.158
54.1279 109.158
54.3758 109.658
54.3758 109.658
54.6238 110.158
54.6238 110.158
54.6238 110.158
54.8717 110.658
54.8717 110.658
55.1196 111.158
55.1196 111.158
55.1196 111.158
55.6155 112.158
55.6155 112.158
55.6155 112.158
55.6155 112.158
55.6155 112.158
55.8634 112.658
56.1114 113.158
56.1114 113.158
56.6072 114.158
56.8552 114.658
56.8552 114.658
57.1031 115.158
57.1031 115.158
57.1031 115.158
57.351 115.658
57.351 115.658
57.599 116.158
57.599 116.158
57.599 116.158
57.8469 116.658
57.8469 116.658
58.0948 117.158
58.3428 117.658
58.5907 118.158
59.0866 119.158
59.5824 120.158
59.5824 120.158
59.5824 120.158
59.5824 120.158
59.5824 120.158
59.8304 120.658
59.8304 120.658
60.0783 121.158
60.0783 121.158
60.0783 121.158
60.3262 121.658
60.3262 121.658
60.5742 122.158
60.5742 122.158
60.5742 122.158
60.8221 122.658
60.8221 122.658
61.07 123.158
61.07 123.158
61.07 123.158
61.318 123.658
61.5659 124.158
61.5659 124.158
61.5659 124.158
61.8138 124.658
61.8138 124.658
62.0618 125.158
62.0618 125.158
62.0618 125.158
62.3097 125.658
62.3097 125.658
62.5576 126.158
62.5576 126.158
62.8056 126.658
63.0535 127.158
63.0535 127.158
63.0535 127.158
63.3014 127.658
63.5494 128.158
63.7973 128.658
64.0452 129.158
64.2932 129.658
64.5411 130.158
64.5411 130.158
64.789 130.658
65.037 131.158
65.2849 131.658
65.5328 132.158
66.0287 133.158
66.0287 133.158
66.0287 133.158
66.0287 133.158
66.2766 133.658
66.5246 134.158
66.5246 134.158
66.7725 134.658
67.0204 135.158
67.2684 135.658
67.2684 135.658
67.5163 136.158
67.5163 136.158
67.5163 136.158
67.7642 136.658
67.7642 136.658
68.0122 137.158
68.0122 137.158
68.0122 137.158
68.2601 137.658
68.508 138.158
69.0039 139.158
69.0039 139.158
69.0039 139.158
69.2518 139.658
69.4998 140.158
69.4998 140.158
69.7477 140.658
69.9956 141.158
69.9956 141.158
69.9956 141.158
70.4915 142.158
70.4915 142.158
70.4915 142.158
70.7394 142.658
70.9874 143.158
70.9874 143.158
70.9874 143.158
71.2353 143.658
71.4832 144.158
71.9791 145.158
71.9791 145.158
71.9791 145.158
72.227 145.658
72.4749 146.158
72.4749 146.158
72.7229 146.658
72.9708 147.158
72.9708 147.158
73.2187 147.658
73.4667 148.158
73.4667 148.158
73.4667 148.158
73.9625 149.158
73.9625 149.158
73.9625 149.158
74.4584 150.158
74.4584 150.158
74.4584 150.158
74.9543 151.158
74.9543 151.158
74.9543 151.158
75.2022 151.658
75.4501 152.158
75.6981 152.658
75.946 153.158
76.1939 153.658
76.4419 154.158
76.4419 154.158
76.4419 154.158
76.6898 154.658
76.9377 155.158
77.1857 155.658
77.4336 156.158
77.6815 156.658
77.9295 157.158
77.9295 157.158
77.9295 157.158
77.9295 157.158
77.9295 157.158
77.9295 157.158
78.1774 157.658
78.4253 158.158
78.4253 158.158
78.6733 158.658
78.9212 159.158
78.9212 159.158
79.4171 160.158
79.4171 160.158
79.4171 160.158
79.4171 160.158
79.665 160.658
79.9129 161.158
79.9129 161.158
79.9129 161.158
80.1609 161.658
80.4088 162.158
80.4088 162.158
80.6567 162.658
80.6567 162.658
80.9047 163.158
80.9047 163.158
80.9047 163.158
81.1526 163.658
81.1526 163.658
81.4005 164.158
81.4005 164.158
81.6485 164.658
81.8964 165.158
82.1443 165.658
82.3923 166.158
82.3923 166.158
82.8881 167.158
82.8881 167.158
83.1361 167.658
83.1361 167.658
83.384 168.158
83.384 168.158
83.6319 168.658
83.6319 168.658
83.8799 169.158
83.8799 169.158
83.8799 169.158
83.8799 169.158
83.8799 169.158
84.1278 169.658
84.3757 170.158
84.3757 170.158
84.6237 170.658
84.8716 171.158
84.8716 171.158
85.1195 171.658
85.3675 172.158
85.3675 172.158
85.3675 172.158
85.3675 172.158
85.6154 172.658
85.8633 173.158
85.8633 173.158
86.1113 173.658
86.3592 174.158
86.3592 174.158
86.3592 174.158
86.6071 174.658
86.6071 174.658
86.8551 175.158
86.8551 175.158
86.8551 175.158
87.103 175.658
87.3509 176.158
87.3509 176.158
87.5989 176.658
87.8468 177.158
87.8468 177.158
88.0947 177.658
88.3427 178.158
88.3427 178.158
88.3427 178.158
88.5906 178.658
88.8385 179.158
89.0865 179.658
89.0865 179.658
89.3344 180.158
89.5823 180.658
89.8303 181.158
89.8303 181.158
89.8303 181.158
89.8303 181.158
90.0782 181.658
90.3261 182.158
90.3261 182.158
90.3261 182.158
90.5741 182.658
90.822 183.158
90.822 183.158
91.0699 183.658
91.0699 183.658
91.3179 184.158
91.3179 184.158
91.3179 184.158
91.5658 184.658
91.8137 185.158
91.8137 185.158
92.0617 185.658
92.3096 186.158
92.5575 186.658
92.8055 187.158
92.8055 187.158
92.8055 187.158
93.0534 187.658
93.3013 188.158
93.3013 188.158
93.3013 188.158
93.5493 188.658
93.7972 189.158
93.7972 189.158
93.7972 189.158
94.0451 189.658
94.2931 190.158
94.2931 190.158
94.2931 190.158
94.541 190.658
94.7889 191.158
95.0369 191.658
95.2848 192.158
95.7807 193.158
95.7807 193.158
95.7807 193.158
95.7807 193.158
95.7807 193.158
96.0286 193.658
96.2765 194.158
96.2765 194.158
96.5244 194.658
96.7724 195.158
96.7724 195.158
97.0203 195.658
97.2682 196.158
97.2682 196.158
97.5162 196.658
97.7641 197.158
97.7641 197.158
98.012 197.658
98.26 198.158
98.26 198.158
98.5079 198.658
98.7558 199.158
98.7558 199.158
98.7558 199.158
98.7558 199.158
98.7558 199.158
99.0038 199.658
99.0038 199.658
99.2517 200.158
99.2517 200.158
99.4996 200.658
99.4996 200.658
99.4996 200.658
99.7476 201.158
99.7476 201.158
99.9955 201.658
99.9955 201.658
99.9955 201.658
100.243 202.158
100.243 202.158
100.243 202.158
100.243 202.158
100.491 202.658
100.739 203.158
100.739 203.158
100.739 203.158
100.987 203.658
100.987 203.658
100.987 203.658
101.235 204.158
101.235 204.158
101.483 204.658
101.483 204.658
101.483 204.658
101.731 205.158
101.731 205.158
101.731 205.158
101.731 205.158
101.731 205.158
101.731 205.158
101.979 205.658
102.227 206.158
102.227 206.158
102.475 206.658
102.723 207.158
102.723 207.158
103.219 208.158
103.219 208.158
103.219 208.158
103.219 208.158
103.467 208.658
103.715 209.158
103.715 209.158
103.715 209.158
103.962 209.658
104.21 210.158
104.21 210.158
104.458 210.658
104.458 210.658
104.706 211.158
104.706 211.158
104.706 211.158
104.954 211.658
104.954 211.658
105.202 212.158
105.202 212.158
105.45 212.658
105.698 213.158
105.946 213.658
106.194 214.158
106.194 214.158
106.69 215.158
106.69 215.158
106.938 215.658
106.938 215.658
107.186 216.158
107.186 216.158
107.434 216.658
107.434 216.658
107.681 217.158
107.681 217.158
107.681 217.158
107.681 217.158
107.681 217.158
107.929 217.658
108.177 218.158
108.177 218.158
108.425 218.658
108.673 219.158
108.673 219.158
108.921 219.658
109.169 220.158
109.169 220.158
109.169 220.158
109.169 220.158
109.417 220.658
109.665 221.158
109.665 221.158
109.913 221.658
110.161 222.158
110.161 222.158
110.161 222.158
110.409 222.658
110.409 222.658
110.657 223.158
110.657 223.158
110.657 223.158
110.905 223.658
111.152 224.158
111.152 224.158
111.4 224.658
111.648 225.158
111.648 225.158
111.896 225.658
112.144 226.158
112.144 226.158
112.144 226.158
112.384 226.642
112.392 226.658
112.64 227.158
112.649 227.177
112.888 227.658
112.888 227.658
113.136 228.158
113.384 228.658
113.632 229.158
113.632 229.158
113.632 229.158
113.632 229.158
113.88 229.658
114.128 230.158
114.128 230.158
114.376 230.658
114.624 231.158
114.624 231.158
114.871 231.658
114.871 231.658
115.119 232.158
115.119 232.158
115.119 232.158
115.367 232.658
115.615 233.158
115.615 233.158
115.863 233.658
116.111 234.158
116.359 234.658
116.607 235.158
116.607 235.158
116.607 235.158
116.855 235.658
117.103 236.158
117.103 236.158
117.103 236.158
117.351 236.658
117.599 237.158
117.599 237.158
117.599 237.158
117.847 237.658
118.095 238.158
118.095 238.158
118.095 238.158
118.343 238.658
118.59 239.158
118.838 239.658
119.086 240.158
119.582 241.158
119.582 241.158
119.582 241.158
119.582 241.158
119.83 241.658
120.078 242.158
120.078 242.158
120.326 242.658
120.574 243.158
120.574 243.158
121.07 244.158
121.07 244.158
121.07 244.158
121.318 244.658
121.566 245.158
121.566 245.158
121.814 245.658
122.062 246.158
122.062 246.158
122.557 247.158
122.557 247.158
122.557 247.158
122.557 247.158
122.557 247.158
122.805 247.658
123.053 248.158
123.053 248.158
123.301 248.658
123.549 249.158
123.797 249.658
124.045 250.158
124.045 250.158
124.293 250.658
124.541 251.158
124.541 251.158
125.283 252.654
125.424 252.94
125.533 253.158
125.568 253.229
125.781 253.658
125.793 253.683
126.011 254.123
126.028 254.158
126.24 254.585
126.276 254.658
126.524 255.158
126.524 255.158
126.772 255.658
127.02 256.158
127.02 256.158
127.268 256.658
127.516 257.158
127.764 257.658
128.508 259.158
128.508 259.158
128.756 259.658
128.756 259.658
129.004 260.158
129.004 260.158
129.128 260.408
129.252 260.658
129.5 261.158
129.747 261.658
129.747 261.658
129.995 262.158
129.995 262.158
130.243 262.658
130.491 263.158
130.739 263.658
130.987 264.158
131.198 264.583
131.339 264.869
131.483 265.158
131.483 265.158
131.708 265.613
131.731 265.658
131.926 266.052
131.979 266.158
132.103 266.408
132.227 266.658
132.475 267.158
132.475 267.158
132.723 267.658
132.723 267.658
132.971 268.158
132.971 268.158
133.219 268.658
133.466 269.158
133.466 269.158
133.714 269.658
133.962 270.158
133.962 270.158
133.962 270.158
134.21 270.658
134.458 271.158
134.458 271.158
134.706 271.658
134.954 272.158
135.202 272.658
135.45 273.158
135.698 273.658
135.946 274.158
136.194 274.658
136.442 275.158
136.69 275.658
136.938 276.158
136.938 276.158
137.185 276.658
137.185 276.658
137.433 277.158
137.433 277.158
137.681 277.658
137.929 278.158
137.929 278.158
138.177 278.658
138.425 279.158
138.425 279.158
138.673 279.658
138.673 279.658
138.921 280.158
138.921 280.158
139.169 280.658
139.417 281.158
139.665 281.658
139.913 282.158
140.161 282.658
140.409 283.158
140.409 283.158
140.657 283.658
140.904 284.158
140.904 284.158
141.152 284.658
141.4 285.158
141.4 285.158
141.648 285.658
141.648 285.658
141.896 286.158
141.896 286.158
142.392 287.158
142.64 287.658
142.888 288.158
143.136 288.658
143.136 288.658
143.384 289.158
143.384 289.158
143.632 289.658
143.88 290.158
144.128 290.658
144.128 290.658
144.376 291.158
144.376 291.158
144.623 291.658
144.871 292.158
144.871 292.158
145.119 292.658
145.367 293.158
145.615 293.658
145.863 294.158
145.863 294.158
146.11 294.658
146.11 294.658
146.358 295.158
146.358 295.158
146.605 295.658
146.852 296.158
147.099 296.658
147.346 297.158
147.593 297.658
147.84 298.158
147.84 298.158
147.84 298.158
147.84 298.158
148.334 299.158
148.582 299.658
148.829 300.158
148.829 300.158
148.829 300.158
149.076 300.658
149.076 300.658
149.323 301.158
149.323 301.158
149.323 301.158
149.57 301.658
149.57 301.658
149.817 302.158
149.817 302.158
149.817 302.158
150.064 302.658
150.064 302.658
150.311 303.158
150.311 303.158
150.311 303.158
150.806 304.158
150.806 304.158
150.806 304.158
150.806 304.158
150.806 304.158
151.054 304.658
151.302 305.158
151.302 305.158
151.798 306.158
152.046 306.658
152.046 306.658
152.294 307.158
152.294 307.158
152.294 307.158
152.542 307.658
152.542 307.658
152.789 308.158
152.789 308.158
152.789 308.158
153.037 308.658
153.037 308.658
153.285 309.158
153.533 309.658
153.781 310.158
154.277 311.158
154.773 312.158
154.773 312.158
154.773 312.158
154.773 312.158
154.773 312.158
155.021 312.658
155.021 312.658
155.269 313.158
155.269 313.158
155.269 313.158
155.517 313.658
155.517 313.658
155.765 314.158
155.765 314.158
155.765 314.158
156.013 314.658
156.013 314.658
156.261 315.158
156.261 315.158
156.261 315.158
156.508 315.658
156.756 316.158
156.756 316.158
156.756 316.158
157.004 316.658
157.004 316.658
157.252 317.158
157.252 317.158
157.252 317.158
157.5 317.658
157.5 317.658
157.748 318.158
157.748 318.158
157.996 318.658
158.244 319.158
158.244 319.158
158.244 319.158
158.492 319.658
158.74 320.158
158.988 320.658
159.236 321.158
159.484 321.658
159.732 322.158
159.732 322.158
159.98 322.658
160.227 323.158
160.475 323.658
160.723 324.158
161.219 325.158
161.219 325.158
161.219 325.158
161.219 325.158
161.467 325.658
161.715 326.158
161.715 326.158
161.963 326.658
162.211 327.158
162.459 327.658
162.459 327.658
162.707 328.158
162.707 328.158
162.707 328.158
162.955 328.658
162.955 328.658
163.203 329.158
163.203 329.158
163.203 329.158
163.451 329.658
163.699 330.158
164.194 331.158
164.194 331.158
164.194 331.158
164.442 331.658
164.69 332.158
164.69 332.158
164.938 332.658
165.186 333.158
165.186 333.158
165.186 333.158
165.682 334.158
165.682 334.158
165.682 334.158
165.93 334.658
166.178 335.158
166.178 335.158
166.178 335.158
166.426 335.658
166.674 336.158
167.17 337.158
167.17 337.158
167.17 337.158
167.418 337.658
167.665 338.158
167.665 338.158
167.913 338.658
168.161 339.158
168.161 339.158
168.409 339.658
168.657 340.158
168.657 340.158
168.657 340.158
169.153 341.158
169.153 341.158
169.153 341.158
169.649 342.158
169.649 342.158
169.649 342.158
170.145 343.158
170.145 343.158
170.145 343.158
170.393 343.658
170.641 344.158
170.889 344.658
171.137 345.158
171.384 345.658
171.632 346.158
171.632 346.158
171.632 346.158
171.88 346.658
172.128 347.158
172.376 347.658
172.624 348.158
172.872 348.658
173.12 349.158
173.12 349.158
173.12 349.158
173.12 349.158
173.12 349.158
173.12 349.158
173.368 349.658
173.616 350.158
173.616 350.158
173.864 350.658
174.112 351.158
174.112 351.158
174.608 352.158
174.608 352.158
174.608 352.158
174.608 352.158
174.856 352.658
175.103 353.158
175.103 353.158
175.103 353.158
175.351 353.658
175.599 354.158
175.599 354.158
175.847 354.658
175.847 354.658
176.095 355.158
176.095 355.158
176.095 355.158
176.343 355.658
176.343 355.658
176.591 356.158
176.591 356.158
176.839 356.658
177.087 357.158
177.335 357.658
177.583 358.158
177.583 358.158
178.079 359.158
178.079 359.158
178.327 359.658
178.327 359.658
178.575 360.158
178.575 360.158
178.822 360.658
178.822 360.658
179.07 361.158
179.07 361.158
179.07 361.158
179.07 361.158
179.07 361.158
179.318 361.658
179.566 362.158
179.566 362.158
179.814 362.658
180.062 363.158
180.062 363.158
180.31 363.658
180.558 364.158
180.558 364.158
180.558 364.158
180.558 364.158
180.806 364.658
181.054 365.158
181.054 365.158
181.302 365.658
181.55 366.158
181.55 366.158
181.55 366.158
181.798 366.658
181.798 366.658
182.046 367.158
182.046 367.158
182.046 367.158
182.294 367.658
182.541 368.158
182.541 368.158
182.789 368.658
183.037 369.158
183.037 369.158
183.285 369.658
183.533 370.158
183.533 370.158
183.533 370.158
183.781 370.658
184.029 371.158
184.277 371.658
184.277 371.658
184.525 372.158
184.773 372.658
185.021 373.158
185.021 373.158
185.021 373.158
185.021 373.158
185.269 373.658
185.517 374.158
185.517 374.158
185.517 374.158
185.765 374.658
186.013 375.158
186.013 375.158
186.26 375.658
186.26 375.658
186.508 376.158
186.508 376.158
186.508 376.158
186.756 376.658
187.004 377.158
187.004 377.158
187.252 377.658
187.5 378.158
187.748 378.658
187.996 379.158
187.996 379.158
187.996 379.158
188.244 379.658
188.492 380.158
188.492 380.158
188.492 380.158
188.74 380.658
188.988 381.158
188.988 381.158
188.988 381.158
189.236 381.658
189.484 382.158
189.484 382.158
189.484 382.158
189.732 382.658
189.979 383.158
190.227 383.658
190.475 384.158
190.971 385.158
190.971 385.158
190.971 385.158
190.971 385.158
190.971 385.158
191.219 385.658
191.467 386.158
191.467 386.158
191.715 386.658
191.963 387.158
191.963 387.158
192.211 387.658
192.459 388.158
192.459 388.158
192.707 388.658
192.955 389.158
192.955 389.158
193.203 389.658
193.451 390.158
193.451 390.158
193.698 390.658
193.946 391.158
193.946 391.158
193.946 391.158
193.946 391.158
193.946 391.158
194.194 391.658
194.194 391.658
194.442 392.158
194.442 392.158
194.69 392.658
194.69 392.658
194.69 392.658
194.938 393.158
194.938 393.158
195.186 393.658
195.186 393.658
195.186 393.658
195.434 394.158
195.434 394.158
195.434 394.158
195.434 394.158
195.682 394.658
195.93 395.158
195.93 395.158
195.93 395.158
196.178 395.658
196.178 395.658
196.178 395.658
196.426 396.158
196.426 396.158
196.674 396.658
196.674 396.658
196.674 396.658
196.922 397.158
196.922 397.158
196.922 397.158
196.922 397.158
196.922 397.158
196.922 397.158
197.169 397.658
197.417 398.158
197.417 398.158
197.665 398.658
197.913 399.158
197.913 399.158
198.409 400.158
198.409 400.158
198.409 400.158
198.409 400.158
198.657 400.658
198.905 401.158
198.905 401.158
198.905 401.158
199.153 401.658
199.401 402.158
199.401 402.158
199.649 402.658
199.649 402.658
199.897 403.158
199.897 403.158
199.897 403.158
200.145 403.658
200.145 403.658
200.393 404.158
200.393 404.158
200.641 404.658
200.888 405.158
201.136 405.658
201.384 406.158
201.384 406.158
201.88 407.158
201.88 407.158
202.128 407.658
202.128 407.658
202.376 408.158
202.376 408.158
202.624 408.658
202.624 408.658
202.872 409.158
202.872 409.158
202.872 409.158
202.872 409.158
202.872 409.158
203.12 409.658
203.368 410.158
203.368 410.158
203.616 410.658
203.864 411.158
203.864 411.158
204.112 411.658
204.36 412.158
204.36 412.158
204.36 412.158
204.607 412.658
204.855 413.158
204.855 413.158
205.103 413.658
205.351 414.158
205.351 414.158
205.351 414.158
205.599 414.658
205.599 414.658
205.847 415.158
205.847 415.158
205.847 415.158
206.095 415.658
206.343 416.158
206.343 416.158
206.591 416.658
206.839 417.158
206.839 417.158
207.087 417.658
207.335 418.158
207.335 418.158
207.335 418.158
207.583 418.658
207.831 419.158
208.079 419.658
208.079 419.658
208.317 420.14
208.326 420.158
208.574 420.658
208.822 421.158
208.822 421.158
208.822 421.158
209.07 421.658
209.318 422.158
209.318 422.158
209.566 422.658
209.814 423.158
209.814 423.158
210.062 423.658
210.062 423.658
210.31 424.158
210.31 424.158
210.31 424.158
210.558 424.658
210.806 425.158
210.806 425.158
211.054 425.658
211.302 426.158
211.55 426.658
211.798 427.158
211.798 427.158
211.798 427.158
212.045 427.658
212.293 428.158
212.293 428.158
212.293 428.158
212.541 428.658
212.789 429.158
212.789 429.158
212.789 429.158
213.037 429.658
213.285 430.158
213.285 430.158
213.285 430.158
213.533 430.658
213.781 431.158
214.029 431.658
214.277 432.158
214.773 433.158
214.773 433.158
214.773 433.158
214.773 433.158
215.021 433.658
215.269 434.158
215.269 434.158
215.517 434.658
215.764 435.158
215.764 435.158
216.26 436.158
216.26 436.158
216.26 436.158
216.508 436.658
216.756 437.158
216.756 437.158
217.004 437.658
217.252 438.158
217.252 438.158
217.748 439.158
217.748 439.158
217.748 439.158
217.748 439.158
217.748 439.158
217.996 439.658
218.244 440.158
218.244 440.158
218.492 440.658
218.74 441.158
218.988 441.658
219.236 442.158
219.236 442.158
219.483 442.658
219.731 443.158
219.731 443.158
220.475 444.658
220.723 445.158
220.723 445.158
220.723 445.158
220.723 445.158
220.723 445.158
220.723 445.158
220.971 445.658
221.219 446.158
221.219 446.158
221.467 446.658
221.715 447.158
221.715 447.158
222.211 448.158
222.211 448.158
222.211 448.158
222.211 448.158
222.459 448.658
222.707 449.158
222.707 449.158
222.707 449.158
222.955 449.658
223.202 450.158
223.202 450.158
223.45 450.658
223.45 450.658
223.698 451.158
223.698 451.158
223.698 451.158
223.946 451.658
223.946 451.658
224.194 452.158
224.194 452.158
224.442 452.658
224.69 453.158
224.938 453.658
225.186 454.158
225.186 454.158
225.682 455.158
225.682 455.158
225.93 455.658
225.93 455.658
226.178 456.158
226.178 456.158
226.426 456.658
226.426 456.658
226.674 457.158
226.674 457.158
226.674 457.158
226.674 457.158
226.674 457.158
226.921 457.658
227.169 458.158
227.169 458.158
227.417 458.658
227.665 459.158
227.665 459.158
227.913 459.658
228.161 460.158
228.161 460.158
228.161 460.158
228.161 460.158
228.409 460.658
228.657 461.158
228.657 461.158
228.905 461.658
229.153 462.158
229.153 462.158
229.153 462.158
229.401 462.658
229.401 462.658
229.649 463.158
229.649 463.158
229.649 463.158
229.897 463.658
230.145 464.158
230.145 464.158
230.393 464.658
230.64 465.158
230.64 465.158
230.888 465.658
231.136 466.158
231.136 466.158
231.136 466.158
231.384 466.658
231.632 467.158
231.88 467.658
231.88 467.658
232.128 468.158
232.376 468.658
232.624 469.158
232.624 469.158
232.624 469.158
232.624 469.158
232.872 469.658
233.12 470.158
233.12 470.158
233.12 470.158
233.368 470.658
233.616 471.158
233.616 471.158
233.864 471.658
233.864 471.658
234.112 472.158
234.112 472.158
234.112 472.158
234.359 472.658
234.607 473.158
234.607 473.158
234.855 473.658
235.103 474.158
235.351 474.658
235.599 475.158
235.599 475.158
235.599 475.158
235.847 475.658
236.095 476.158
236.095 476.158
236.095 476.158
236.343 476.658
236.591 477.158
236.591 477.158
236.591 477.158
236.839 477.658
237.087 478.158
237.087 478.158
237.087 478.158
237.335 478.658
237.583 479.158
237.831 479.658
238.078 480.158
238.574 481.158
238.574 481.158
238.574 481.158
238.574 481.158
238.574 481.158
238.822 481.658
239.07 482.158
239.07 482.158
239.318 482.658
239.566 483.158
239.566 483.158
239.814 483.658
240.035 484.104
240.062 484.158
240.272 484.581
240.471 484.983
240.558 485.158
240.716 485.477
240.955 485.96
241.234 486.523
241.363 486.781
242.789 489.658
243.33 490.75
243.343 490.775
243.569 491.231
243.582 491.256
243.634 491.362
243.812 491.721
243.844 491.785
244.078 492.258
244.304 492.712
244.53 493.169
244.85 493.815
244.932 493.979
245.013 494.144
245.197 494.515
245.374 494.871
245.433 494.99
245.662 495.452
245.717 495.562
245.75 495.629
245.898 495.927
246.164 496.465
246.171 496.479
246.171 496.479
246.367 496.873
246.632 497.408
246.855 497.858
247.101 498.354
247.296 498.748
247.334 498.823
247.444 499.046
247.609 499.379
247.625 499.41
247.865 499.894
247.99 500.146
248.111 500.392
248.134 500.438
248.288 500.748
248.353 500.879
248.591 501.358
248.652 501.481
249.092 502.369
249.104 502.394
249.112 502.41
249.334 502.856
249.585 503.363
249.83 503.858
249.839 503.875
249.979 504.158
250.069 504.34
250.078 504.358
250.119 504.44
250.246 504.696
250.315 504.835
250.383 504.973
250.568 505.346
250.584 505.377
250.593 505.396
250.812 505.837
251.048 506.315
251.084 506.385
251.329 506.881
251.566 507.358
251.584 507.394
251.823 507.877
252.038 508.31
252.081 508.398
252.105 508.446
252.311 508.86
252.558 509.358
252.796 509.84
253.052 510.354
253.052 510.354
253.577 511.415
253.599 511.458
253.619 511.498
253.877 512.019
254.161 512.592
254.439 513.152
254.783 513.846
255.434 515.158
255.47 515.231
255.549 515.392
255.592 515.477
259.34 523.035
259.464 523.285
259.555 523.469
259.783 523.929
259.996 524.358
260.242 524.854
260.483 525.342
260.745 525.869
261.06 526.504
261.394 527.179
261.776 527.948
262.365 529.135
262.408 529.223
262.966 530.348
263.029 530.475
265.18 534.812
265.247 534.948
