0.927557 1.36042
0.927557 1.36042
0.927557 1.36042
0.927557 1.36042
0.927557 1.36042
1.26847 1.86042
1.60937 2.36042
1.60937 2.36042
1.60937 2.36042
1.60937 2.36042
1.60937 2.36042
1.60937 2.36042
1.60937 2.36042
1.95028 2.86042
2.29119 3.36042
2.29119 3.36042
2.29119 3.36042
2.29119 3.36042
2.29119 3.36042
2.6321 3.86042
2.6321 3.86042
2.97301 4.36042
2.97301 4.36042
2.97301 4.36042
2.97301 4.36042
2.97301 4.36042
2.97301 4.36042
3.31392 4.86042
3.65483 5.36042
3.65483 5.36042
3.65483 5.36042
3.65483 5.36042
3.65483 5.36042
3.99574 5.86042
4.33665 6.36042
4.33665 6.36042
4.33665 6.36042
4.33665 6.36042
4.33665 6.36042
4.33665 6.36042
4.33665 6.36042
4.67756 6.86042
5.01846 7.36042
5.01846 7.36042
5.01846 7.36042
5.01846 7.36042
5.01846 7.36042
5.35937 7.86042
5.35937 7.86042
5.35937 7.86042
5.35937 7.86042
5.70028 8.36042
5.70028 8.36042
5.70028 8.36042
5.70028 8.36042
5.70028 8.36042
6.04119 8.86042
6.04119 8.86042
6.04119 8.86042
6.04119 8.86042
6.3821 9.36042
6.3821 9.36042
6.3821 9.36042
6.3821 9.36042
6.3821 9.36042
6.72301 9.86042
6.72301 9.86042
7.06392 10.3604
7.06392 10.3604
7.06392 10.3604
7.06392 10.3604
7.06392 10.3604
7.06392 10.3604
7.06392 10.3604
7.40483 10.8604
7.74574 11.3604
7.74574 11.3604
7.74574 11.3604
7.74574 11.3604
7.74574 11.3604
8.08665 11.8604
8.08665 11.8604
8.42755 12.3604
8.42755 12.3604
8.42755 12.3604
8.42755 12.3604
8.42755 12.3604
8.42755 12.3604
8.76846 12.8604
9.10937 13.3604
9.10937 13.3604
9.10937 13.3604
9.10937 13.3604
9.10937 13.3604
9.45028 13.8604
9.79119 14.3604
9.79119 14.3604
9.79119 14.3604
9.79119 14.3604
9.79119 14.3604
9.79119 14.3604
9.79119 14.3604
10.1321 14.8604
10.1321 14.8604
10.473 15.3604
10.473 15.3604
10.473 15.3604
10.473 15.3604
10.473 15.3604
10.8139 15.8604
10.8139 15.8604
10.8139 15.8604
10.8139 15.8604
10.8139 15.8604
11.1548 16.3604
11.1548 16.3604
11.1548 16.3604
11.1548 16.3604
11.1548 16.3604
11.4957 16.8604
11.4957 16.8604
11.4957 16.8604
11.4957 16.8604
11.4957 16.8604
11.8366 17.3604
11.8366 17.3604
11.8366 17.3604
11.8366 17.3604
11.8366 17.3604
12.1776 17.8604
12.5185 18.3604
12.5185 18.3604
12.5185 18.3604
12.5185 18.3604
12.5185 18.3604
12.5185 18.3604
12.8537 18.8521
12.8594 18.8604
12.8594 18.8604
13.2003 19.3604
13.2003 19.3604
13.2003 19.3604
13.2003 19.3604
13.2003 19.3604
13.5412 19.8604
13.5412 19.8604
13.5412 19.8604
13.8821 20.3604
13.8821 20.3604
13.8821 20.3604
13.8821 20.3604
13.8821 20.3604
14.223 20.8604
14.223 20.8604
14.5639 21.3604
14.5639 21.3604
14.5639 21.3604
14.5639 21.3604
14.5639 21.3604
14.9048 21.8604
15.2457 22.3604
15.2457 22.3604
15.2457 22.3604
15.2457 22.3604
15.2457 22.3604
15.2457 22.3604
15.2457 22.3604
15.5866 22.8604
15.5866 22.8604
15.5866 22.8604
15.9276 23.3604
15.9276 23.3604
15.9276 23.3604
15.9276 23.3604
15.9276 23.3604
15.9276 23.3604
16.2685 23.8604
16.2685 23.8604
16.2685 23.8604
16.2685 23.8604
16.6094 24.3604
16.6094 24.3604
16.6094 24.3604
16.6094 24.3604
16.6094 24.3604
16.9503 24.8604
16.9503 24.8604
16.9503 24.8604
17.2912 25.3604
17.2912 25.3604
17.2912 25.3604
17.2912 25.3604
17.2912 25.3604
17.6321 25.8604
17.973 26.3604
17.973 26.3604
17.973 26.3604
17.973 26.3604
17.973 26.3604
17.973 26.3604
17.973 26.3604
17.973 26.3604
18.3139 26.8604
18.3139 26.8604
18.6548 27.3604
18.6548 27.3604
18.6548 27.3604
18.6548 27.3604
18.6548 27.3604
18.6548 27.3604
18.9957 27.8604
18.9957 27.8604
18.9957 27.8604
19.3366 28.3604
19.3366 28.3604
19.3366 28.3604
19.3366 28.3604
19.3366 28.3604
19.3366 28.3604
19.3366 28.3604
19.3366 28.3604
19.6776 28.8604
19.6776 28.8604
20.0185 29.3604
20.0185 29.3604
20.0185 29.3604
20.0185 29.3604
20.0185 29.3604
20.0185 29.3604
20.3594 29.8604
20.3594 29.8604
20.7003 30.3604
20.7003 30.3604
20.7003 30.3604
20.7003 30.3604
20.7003 30.3604
20.7003 30.3604
20.7003 30.3604
20.7003 30.3604
21.0412 30.8604
21.0412 30.8604
21.0412 30.8604
21.3821 31.3604
21.3821 31.3604
21.3821 31.3604
21.3821 31.3604
21.723 31.8604
21.723 31.8604
21.723 31.8604
22.0639 32.3604
22.0639 32.3604
22.0639 32.3604
22.0639 32.3604
22.0639 32.3604
22.0639 32.3604
22.4048 32.8604
22.4048 32.8604
22.4048 32.8604
22.7457 33.3604
22.7457 33.3604
22.7457 33.3604
23.0866 33.8604
23.4276 34.3604
23.4276 34.3604
23.4276 34.3604
23.4276 34.3604
23.4276 34.3604
23.598 34.6104
23.7685 34.8604
23.7685 34.8604
23.9389 35.1104
24.1094 35.3604
24.1094 35.3604
24.1094 35.3604
24.1094 35.3604
24.4503 35.8604
24.4503 35.8604
24.4503 35.8604
24.7912 36.3604
24.7912 36.3604
25.1321 36.8604
25.1321 36.8604
25.473 37.3604
25.473 37.3604
25.473 37.3604
25.8139 37.8604
25.8139 37.8604
26.1548 38.3604
26.1548 38.3604
26.1548 38.3604
26.1548 38.3604
26.1548 38.3604
26.1548 38.3604
26.4957 38.8604
26.4957 38.8604
26.8366 39.3604
26.8366 39.3604
26.8366 39.3604
27.1775 39.8604
27.5185 40.3604
27.5185 40.3604
27.5185 40.3604
27.5185 40.3604
27.5185 40.3604
27.8594 40.8604
28.2003 41.3604
28.2003 41.3604
28.2003 41.3604
28.5412 41.8604
28.8821 42.3604
28.8821 42.3604
28.8821 42.3604
28.8821 42.3604
28.8821 42.3604
28.8821 42.3604
29.0525 42.6104
29.223 42.8604
29.223 42.8604
29.3935 43.1104
29.5639 43.3604
29.5639 43.3604
29.5639 43.3604
29.5639 43.3604
29.9048 43.8604
29.9048 43.8604
30.2457 44.3604
30.2457 44.3604
30.2457 44.3604
30.2457 44.3604
30.5866 44.8604
30.5866 44.8604
30.9275 45.3604
30.9275 45.3604
30.9275 45.3604
31.2685 45.8604
31.2685 45.8604
31.6094 46.3604
31.6094 46.3604
31.6094 46.3604
31.6094 46.3604
31.6094 46.3604
31.6094 46.3604
31.9503 46.8604
31.9503 46.8604
32.2912 47.3604
32.2912 47.3604
32.2912 47.3604
32.6321 47.8604
32.6321 47.8604
32.8977 48.25
32.973 48.3604
32.973 48.3604
32.973 48.3604
33.3139 48.8604
33.3139 48.8604
33.6548 49.3604
33.6548 49.3604
33.6548 49.3604
33.9957 49.8604
34.3366 50.3604
34.3366 50.3604
34.3366 50.3604
34.3366 50.3604
34.3366 50.3604
34.3366 50.3604
34.5071 50.6104
34.6775 50.8604
34.6775 50.8604
34.6775 50.8604
34.848 51.1104
35.0185 51.3604
35.0185 51.3604
35.0185 51.3604
35.0185 51.3604
35.0185 51.3604
35.0185 51.3604
35.3594 51.8604
35.3594 51.8604
35.4986 52.0646
35.7003 52.3604
35.7003 52.3604
35.7003 52.3604
35.7003 52.3604
36.0412 52.8604
36.0412 52.8604
36.0412 52.8604
36.3821 53.3604
36.3821 53.3604
36.3821 53.3604
36.3821 53.3604
36.3821 53.3604
36.723 53.8604
37.0639 54.3604
37.0639 54.3604
37.0639 54.3604
37.0639 54.3604
37.0639 54.3604
37.2344 54.6104
37.4048 54.8604
37.4048 54.8604
37.7457 55.3604
37.7457 55.3604
37.7457 55.3604
37.7457 55.3604
37.7457 55.3604
37.7457 55.3604
37.7457 55.3604
38.0866 55.8604
38.2571 56.1104
38.4275 56.3604
38.4275 56.3604
38.4275 56.3604
38.4275 56.3604
38.4275 56.3604
38.7685 56.8604
38.7685 56.8604
39.1094 57.3604
39.1094 57.3604
39.1094 57.3604
39.1094 57.3604
39.1094 57.3604
39.4503 57.8604
39.7628 58.3188
39.7912 58.3604
39.7912 58.3604
39.7912 58.3604
39.7912 58.3604
39.7912 58.3604
40.1321 58.8604
40.473 59.3604
40.473 59.3604
40.473 59.3604
40.473 59.3604
40.8139 59.8604
40.8139 59.8604
40.8139 59.8604
41.1548 60.3604
41.1548 60.3604
41.1548 60.3604
41.1548 60.3604
41.4957 60.8604
41.4957 60.8604
41.4957 60.8604
41.8366 61.3604
41.8366 61.3604
41.8366 61.3604
41.8366 61.3604
41.8366 61.3604
42.1775 61.8604
42.1775 61.8604
42.1775 61.8604
42.5185 62.3604
42.5185 62.3604
42.5185 62.3604
42.5185 62.3604
42.5185 62.3604
42.5185 62.3604
42.8594 62.8604
42.8594 62.8604
43.2003 63.3604
43.2003 63.3604
43.2003 63.3604
43.2003 63.3604
43.2003 63.3604
43.5412 63.8604
43.5412 63.8604
43.5412 63.8604
43.8821 64.3604
43.8821 64.3604
43.8821 64.3604
43.8821 64.3604
43.8821 64.3604
43.8821 64.3604
43.8821 64.3604
44.223 64.8604
44.223 64.8604
44.223 64.8604
44.5639 65.3604
44.5639 65.3604
44.5639 65.3604
44.5639 65.3604
44.5639 65.3604
44.9048 65.8604
44.9048 65.8604
45.2457 66.3604
45.2457 66.3604
45.2457 66.3604
45.2457 66.3604
45.5866 66.8604
45.5866 66.8604
45.5866 66.8604
45.9275 67.3604
45.9275 67.3604
45.9275 67.3604
45.9275 67.3604
46.2685 67.8604
46.2685 67.8604
46.2685 67.8604
46.2685 67.8604
46.6094 68.3604
46.6094 68.3604
46.6094 68.3604
46.6094 68.3604
46.6094 68.3604
46.6094 68.3604
46.6094 68.3604
46.9503 68.8604
46.9503 68.8604
46.9503 68.8604
47.2912 69.3604
47.2912 69.3604
47.2912 69.3604
47.2912 69.3604
47.2912 69.3604
47.6321 69.8604
47.6321 69.8604
47.973 70.3604
47.973 70.3604
47.973 70.3604
47.973 70.3604
47.973 70.3604
48.3139 70.8604
48.6548 71.3604
48.6548 71.3604
48.6548 71.3604
48.6548 71.3604
48.6548 71.3604
48.6548 71.3604
48.9957 71.8604
48.9957 71.8604
49.3366 72.3604
49.3366 72.3604
49.3366 72.3604
49.3366 72.3604
49.3366 72.3604
49.3366 72.3604
49.3366 72.3604
49.6775 72.8604
49.6775 72.8604
50.0185 73.3604
50.0185 73.3604
50.0185 73.3604
50.0185 73.3604
50.0185 73.3604
50.0185 73.3604
50.3594 73.8604
50.3594 73.8604
50.7003 74.3604
50.7003 74.3604
50.7003 74.3604
50.7003 74.3604
50.7003 74.3604
51.0412 74.8604
51.0412 74.8604
51.3821 75.3604
51.3821 75.3604
51.3821 75.3604
51.3821 75.3604
51.3821 75.3604
51.723 75.8604
51.723 75.8604
51.723 75.8604
52.0639 76.3604
52.0639 76.3604
52.0639 76.3604
52.0639 76.3604
52.0639 76.3604
52.0639 76.3604
52.4048 76.8604
52.4048 76.8604
52.7457 77.3604
52.7457 77.3604
52.7457 77.3604
52.7457 77.3604
52.7457 77.3604
52.7457 77.3604
52.9233 77.6208
53.0866 77.8604
53.0866 77.8604
53.4275 78.3604
53.4275 78.3604
53.4275 78.3604
53.4275 78.3604
53.4275 78.3604
53.7685 78.8604
53.7685 78.8604
54.1094 79.3604
54.1094 79.3604
54.1094 79.3604
54.1094 79.3604
54.1094 79.3604
54.1094 79.3604
54.4503 79.8604
54.4503 79.8604
54.4503 79.8604
54.4503 79.8604
54.7912 80.3604
54.7912 80.3604
54.7912 80.3604
54.7912 80.3604
54.7912 80.3604
54.7912 80.3604
55.1321 80.8604
55.1321 80.8604
55.473 81.3604
55.473 81.3604
55.473 81.3604
55.473 81.3604
55.473 81.3604
55.8139 81.8604
56.1548 82.3604
56.1548 82.3604
56.1548 82.3604
56.1548 82.3604
56.1548 82.3604
56.1548 82.3604
56.4957 82.8604
56.4957 82.8604
56.8366 83.3604
56.8366 83.3604
56.8366 83.3604
56.8366 83.3604
56.8366 83.3604
57.1775 83.8604
57.5185 84.3604
57.5185 84.3604
57.5185 84.3604
57.5185 84.3604
57.5185 84.3604
57.5185 84.3604
57.8594 84.8604
57.8594 84.8604
58.2003 85.3604
58.2003 85.3604
58.2003 85.3604
58.2003 85.3604
58.2003 85.3604
58.5412 85.8604
58.5412 85.8604
58.8821 86.3604
58.8821 86.3604
58.8821 86.3604
58.8821 86.3604
59.223 86.8604
59.3935 87.1104
59.5639 87.3604
59.5639 87.3604
59.5639 87.3604
59.5639 87.3604
59.5639 87.3604
59.5639 87.3604
59.9048 87.8604
59.9048 87.8604
59.9048 87.8604
60.1278 88.1875
60.2457 88.3604
60.2457 88.3604
60.2457 88.3604
60.2457 88.3604
60.2457 88.3604
60.2457 88.3604
60.4829 88.7083
60.5866 88.8604
60.5866 88.8604
60.9275 89.3604
60.9275 89.3604
60.9275 89.3604
60.9275 89.3604
60.9275 89.3604
60.9275 89.3604
61.2684 89.8604
61.6094 90.3604
61.6094 90.3604
61.6094 90.3604
61.6094 90.3604
61.6094 90.3604
61.9503 90.8604
62.2912 91.3604
62.6321 91.8604
62.6321 91.8604
62.6321 91.8604
62.973 92.3604
62.973 92.3604
62.973 92.3604
62.973 92.3604
62.973 92.3604
62.973 92.3604
63.3139 92.8604
63.3352 92.8917
63.6548 93.3604
63.6548 93.3604
63.6548 93.3604
63.6548 93.3604
63.6548 93.3604
63.6548 93.3604
63.9773 93.8333
63.9957 93.8604
64.3366 94.3604
64.3366 94.3604
64.3366 94.3604
64.3366 94.3604
64.3366 94.3604
64.6775 94.8604
64.6775 94.8604
65.0184 95.3604
65.0184 95.3604
65.0184 95.3604
65.0184 95.3604
65.0184 95.3604
65.0184 95.3604
65.0184 95.3604
65.3594 95.8604
65.7003 96.3604
66.0412 96.8604
66.3821 97.3604
66.3821 97.3604
66.3821 97.3604
66.3821 97.3604
66.3821 97.3604
66.3821 97.3604
66.723 97.8604
67.0639 98.3604
67.0639 98.3604
67.0639 98.3604
67.0639 98.3604
67.0639 98.3604
67.0639 98.3604
67.0639 98.3604
67.4048 98.8604
67.4048 98.8604
67.4048 98.8604
67.7457 99.3604
67.7457 99.3604
67.7457 99.3604
67.7457 99.3604
67.7457 99.3604
67.7457 99.3604
68.0866 99.8604
68.0866 99.8604
68.0866 99.8604
68.4275 100.36
68.4275 100.36
68.4275 100.36
68.4275 100.36
68.4275 100.36
68.4275 100.36
68.4275 100.36
68.7684 100.86
68.7684 100.86
69.1094 101.36
69.1094 101.36
69.1094 101.36
69.1094 101.36
69.1094 101.36
69.1094 101.36
69.4503 101.86
69.4503 101.86
69.7912 102.36
69.7912 102.36
69.7912 102.36
69.7912 102.36
69.7912 102.36
69.7912 102.36
69.7912 102.36
69.7912 102.36
70.1321 102.86
70.473 103.36
70.473 103.36
70.473 103.36
70.473 103.36
70.473 103.36
70.473 103.36
70.8139 103.86
70.8139 103.86
70.8139 103.86
70.8139 103.86
71.1548 104.36
71.1548 104.36
71.1548 104.36
71.1548 104.36
71.1548 104.36
71.4957 104.86
71.4957 104.86
71.4957 104.86
71.8366 105.36
71.8366 105.36
71.8366 105.36
71.8366 105.36
71.8366 105.36
72.1775 105.86
72.5184 106.36
72.5184 106.36
72.5184 106.36
72.5184 106.36
72.5184 106.36
72.5184 106.36
72.5184 106.36
72.5184 106.36
72.8594 106.86
72.8594 106.86
73.2003 107.36
73.2003 107.36
73.2003 107.36
73.2003 107.36
73.2003 107.36
73.2003 107.36
73.5412 107.86
73.5412 107.86
73.5412 107.86
73.8821 108.36
73.8821 108.36
73.8821 108.36
73.8821 108.36
73.8821 108.36
73.8821 108.36
73.8821 108.36
73.8821 108.36
74.223 108.86
74.223 108.86
74.5639 109.36
74.5639 109.36
74.5639 109.36
74.5639 109.36
74.5639 109.36
74.5639 109.36
74.9048 109.86
74.9048 109.86
75.2457 110.36
75.2457 110.36
75.2457 110.36
75.2457 110.36
75.2457 110.36
75.2457 110.36
75.2457 110.36
75.2457 110.36
75.5866 110.86
75.5866 110.86
75.9275 111.36
75.9275 111.36
75.9275 111.36
75.9275 111.36
76.2684 111.86
76.2684 111.86
76.2684 111.86
76.6094 112.36
76.6094 112.36
76.6094 112.36
76.6094 112.36
76.6094 112.36
76.6094 112.36
76.9503 112.86
76.9503 112.86
76.9503 112.86
77.2912 113.36
77.2912 113.36
77.2912 113.36
77.2912 113.36
77.2912 113.36
77.6321 113.86
77.973 114.36
77.973 114.36
77.973 114.36
77.973 114.36
77.973 114.36
78.1434 114.61
78.3139 114.86
78.3139 114.86
78.4844 115.11
78.6548 115.36
78.6548 115.36
78.6548 115.36
78.6548 115.36
78.6548 115.36
78.9957 115.86
78.9957 115.86
78.9957 115.86
79.3366 116.36
79.3366 116.36
79.3366 116.36
79.6775 116.86
79.6775 116.86
80.0184 117.36
80.0184 117.36
80.0184 117.36
80.0184 117.36
80.3594 117.86
80.3594 117.86
80.7003 118.36
80.7003 118.36
80.7003 118.36
80.7003 118.36
80.7003 118.36
80.7003 118.36
81.0412 118.86
81.0412 118.86
81.3821 119.36
81.3821 119.36
81.3821 119.36
81.723 119.86
82.0639 120.36
82.0639 120.36
82.0639 120.36
82.0639 120.36
82.0639 120.36
82.0639 120.36
82.4048 120.86
82.7457 121.36
82.7457 121.36
82.7457 121.36
82.7457 121.36
82.7457 121.36
83.0866 121.86
83.4275 122.36
83.4275 122.36
83.4275 122.36
83.4275 122.36
83.4275 122.36
83.4275 122.36
83.598 122.61
83.7684 122.86
83.7684 122.86
83.9389 123.11
84.1094 123.36
84.1094 123.36
84.1094 123.36
84.1094 123.36
84.1094 123.36
84.1094 123.36
84.4503 123.86
84.4503 123.86
84.7912 124.36
84.7912 124.36
84.7912 124.36
84.7912 124.36
85.1321 124.86
85.1321 124.86
85.473 125.36
85.473 125.36
85.473 125.36
85.473 125.36
85.8139 125.86
85.8139 125.86
86.1548 126.36
86.1548 126.36
86.1548 126.36
86.1548 126.36
86.1548 126.36
86.1548 126.36
86.4957 126.86
86.4957 126.86
86.8366 127.36
86.8366 127.36
86.8366 127.36
87.1775 127.86
87.1775 127.86
87.5184 128.36
87.5184 128.36
87.5184 128.36
87.5184 128.36
87.5426 128.396
87.8594 128.86
87.8594 128.86
88.2003 129.36
88.2003 129.36
88.2003 129.36
88.2003 129.36
88.5412 129.86
88.8821 130.36
88.8821 130.36
88.8821 130.36
88.8821 130.36
88.8821 130.36
88.8821 130.36
89.0525 130.61
89.223 130.86
89.223 130.86
89.223 130.86
89.223 130.86
89.3934 131.11
89.5639 131.36
89.5639 131.36
89.5639 131.36
89.5639 131.36
89.5639 131.36
89.9048 131.86
89.9048 131.86
89.9048 131.86
90.2457 132.36
90.2457 132.36
90.2457 132.36
90.2457 132.36
90.5866 132.86
90.5866 132.86
90.5866 132.86
90.9275 133.36
90.9275 133.36
90.9275 133.36
90.9275 133.36
91.2684 133.86
91.6094 134.36
91.6094 134.36
91.6094 134.36
91.6094 134.36
91.6094 134.36
91.7798 134.61
91.9503 134.86
91.9503 134.86
92.2912 135.36
92.2912 135.36
92.2912 135.36
92.2912 135.36
92.2912 135.36
92.6321 135.86
92.8025 136.11
92.973 136.36
92.973 136.36
92.973 136.36
92.973 136.36
92.973 136.36
92.973 136.36
93.3139 136.86
93.3139 136.86
93.6548 137.36
93.6548 137.36
93.6548 137.36
93.6548 137.36
93.9957 137.86
94.3366 138.36
94.3366 138.36
94.3366 138.36
94.3366 138.36
94.3366 138.36
94.6775 138.86
95.0184 139.36
95.0184 139.36
95.0184 139.36
95.0184 139.36
95.3593 139.86
95.3593 139.86
95.3593 139.86
95.3593 139.86
95.7003 140.36
95.7003 140.36
95.7003 140.36
95.7003 140.36
95.7003 140.36
96.0412 140.86
96.0412 140.86
96.0412 140.86
96.0412 140.86
96.3821 141.36
96.3821 141.36
96.3821 141.36
96.3821 141.36
96.723 141.86
96.723 141.86
96.723 141.86
96.723 141.86
97.0639 142.36
97.0639 142.36
97.0639 142.36
97.0639 142.36
97.0639 142.36
97.0639 142.36
97.0639 142.36
97.4048 142.86
97.4048 142.86
97.7457 143.36
97.7457 143.36
97.7457 143.36
97.7457 143.36
97.7457 143.36
98.0866 143.86
98.0866 143.86
98.0866 143.86
98.4275 144.36
98.4275 144.36
98.4275 144.36
98.4275 144.36
98.4275 144.36
98.4275 144.36
98.4275 144.36
98.7684 144.86
98.7684 144.86
98.7684 144.86
98.7684 144.86
99.1093 145.36
99.1093 145.36
99.1093 145.36
99.1093 145.36
99.4503 145.86
99.4503 145.86
99.4503 145.86
99.7912 146.36
99.7912 146.36
99.7912 146.36
99.7912 146.36
100.132 146.86
100.132 146.86
100.132 146.86
100.473 147.36
100.473 147.36
100.473 147.36
100.473 147.36
100.473 147.36
100.814 147.86
100.814 147.86
100.814 147.86
101.155 148.36
101.155 148.36
101.155 148.36
101.155 148.36
101.155 148.36
101.155 148.36
101.496 148.86
101.496 148.86
101.496 148.86
101.837 149.36
101.837 149.36
101.837 149.36
101.837 149.36
101.837 149.36
102.178 149.86
102.178 149.86
102.518 150.36
102.518 150.36
102.518 150.36
102.518 150.36
102.518 150.36
102.859 150.86
102.859 150.86
103.2 151.36
103.2 151.36
103.2 151.36
103.2 151.36
103.2 151.36
103.2 151.36
103.541 151.86
103.541 151.86
103.541 151.86
103.882 152.36
103.882 152.36
103.882 152.36
103.882 152.36
103.882 152.36
103.882 152.36
103.882 152.36
104.223 152.86
104.223 152.86
104.564 153.36
104.564 153.36
104.564 153.36
104.564 153.36
104.564 153.36
104.564 153.36
104.905 153.86
105.246 154.36
105.246 154.36
105.246 154.36
105.246 154.36
105.246 154.36
105.587 154.86
105.587 154.86
105.928 155.36
105.928 155.36
105.928 155.36
105.928 155.36
105.928 155.36
106.268 155.86
106.268 155.86
106.609 156.36
106.609 156.36
106.609 156.36
106.609 156.36
106.609 156.36
106.609 156.36
106.95 156.86
106.95 156.86
106.95 156.86
107.291 157.36
107.291 157.36
107.291 157.36
107.291 157.36
107.291 157.36
107.291 157.36
107.462 157.61
107.632 157.86
107.632 157.86
107.973 158.36
107.973 158.36
107.973 158.36
107.973 158.36
107.973 158.36
108.314 158.86
108.314 158.86
108.655 159.36
108.655 159.36
108.655 159.36
108.655 159.36
108.655 159.36
108.996 159.86
108.996 159.86
108.996 159.86
108.996 159.86
109.337 160.36
109.337 160.36
109.337 160.36
109.337 160.36
109.337 160.36
109.337 160.36
109.337 160.36
109.678 160.86
109.678 160.86
110.018 161.36
110.018 161.36
110.018 161.36
110.018 161.36
110.018 161.36
110.359 161.86
110.7 162.36
110.7 162.36
110.7 162.36
110.7 162.36
110.7 162.36
110.7 162.36
111.041 162.86
111.041 162.86
111.382 163.36
111.382 163.36
111.382 163.36
111.382 163.36
111.382 163.36
111.544 163.598
111.723 163.86
112.064 164.36
112.064 164.36
112.064 164.36
112.064 164.36
112.064 164.36
112.064 164.36
112.064 164.36
112.405 164.86
112.405 164.86
112.405 164.86
112.746 165.36
112.746 165.36
112.746 165.36
112.746 165.36
112.746 165.36
113.087 165.86
113.087 165.86
113.428 166.36
113.428 166.36
113.428 166.36
113.768 166.86
113.939 167.11
114.109 167.36
114.109 167.36
114.109 167.36
114.109 167.36
114.109 167.36
114.109 167.36
114.45 167.86
114.45 167.86
114.673 168.188
114.791 168.36
114.791 168.36
114.791 168.36
114.791 168.36
114.791 168.36
114.791 168.36
115.075 168.777
115.132 168.86
115.229 169.002
115.348 169.177
115.466 169.35
115.473 169.36
115.473 169.36
115.473 169.36
115.473 169.36
115.473 169.36
115.814 169.86
116.155 170.36
116.155 170.36
116.155 170.36
116.155 170.36
116.155 170.36
116.496 170.86
116.837 171.36
117.178 171.86
117.178 171.86
117.178 171.86
117.518 172.36
117.518 172.36
117.518 172.36
117.518 172.36
117.518 172.36
117.518 172.36
117.841 172.833
117.859 172.86
117.859 172.86
118.2 173.36
118.2 173.36
118.2 173.36
118.2 173.36
118.2 173.36
118.2 173.36
118.513 173.819
118.541 173.86
118.541 173.86
118.882 174.36
118.882 174.36
118.882 174.36
118.882 174.36
118.882 174.36
118.882 174.36
119.223 174.86
119.223 174.86
119.564 175.36
119.564 175.36
119.564 175.36
119.564 175.36
119.564 175.36
119.564 175.36
119.564 175.36
119.905 175.86
119.905 175.86
119.905 175.86
119.905 175.86
120.246 176.36
120.246 176.36
120.246 176.36
120.246 176.36
120.246 176.36
120.246 176.36
120.587 176.86
120.587 176.86
120.587 176.86
120.928 177.36
120.928 177.36
120.928 177.36
120.928 177.36
121.268 177.86
121.268 177.86
121.268 177.86
121.609 178.36
121.609 178.36
121.609 178.36
121.609 178.36
121.609 178.36
121.609 178.36
121.95 178.86
121.95 178.86
121.95 178.86
122.291 179.36
122.291 179.36
122.291 179.36
122.291 179.36
122.291 179.36
122.632 179.86
122.632 179.86
122.632 179.86
122.632 179.86
122.973 180.36
122.973 180.36
122.973 180.36
122.973 180.36
122.973 180.36
122.973 180.36
123.314 180.86
123.314 180.86
123.314 180.86
123.314 180.86
123.655 181.36
123.655 181.36
123.655 181.36
123.655 181.36
123.655 181.36
123.996 181.86
123.996 181.86
123.996 181.86
123.996 181.86
124.337 182.36
124.337 182.36
124.337 182.36
124.337 182.36
124.337 182.36
124.337 182.36
124.678 182.86
124.678 182.86
124.678 182.86
125.018 183.36
125.018 183.36
125.018 183.36
125.018 183.36
125.018 183.36
125.018 183.36
125.359 183.86
125.646 184.281
125.972 184.758
126.382 185.36
126.382 185.36
126.382 185.36
126.382 185.36
126.382 185.36
126.723 185.86
126.723 185.86
127.064 186.36
127.064 186.36
127.064 186.36
127.405 186.86
127.405 186.86
127.746 187.36
127.746 187.36
127.746 187.36
128.087 187.86
128.087 187.86
128.087 187.86
128.415 188.342
128.428 188.36
128.428 188.36
128.428 188.36
128.428 188.36
128.72 188.79
128.768 188.86
129.109 189.36
129.109 189.36
129.109 189.36
129.109 189.36
129.109 189.36
129.45 189.86
129.45 189.86
129.791 190.36
129.791 190.36
129.791 190.36
129.791 190.36
129.791 190.36
129.791 190.36
130.132 190.86
130.132 190.86
130.473 191.36
130.473 191.36
130.473 191.36
130.814 191.86
130.814 191.86
130.814 191.86
131.128 192.321
131.155 192.36
131.155 192.36
131.155 192.36
131.155 192.36
131.155 192.36
131.42 192.75
131.837 193.36
131.837 193.36
131.837 193.36
131.837 193.36
132.159 193.833
132.178 193.86
132.178 193.86
132.518 194.36
132.518 194.36
132.518 194.36
132.518 194.36
132.518 194.36
132.859 194.86
132.859 194.86
133.2 195.36
133.2 195.36
133.2 195.36
133.2 195.36
133.541 195.86
133.541 195.86
133.858 196.325
133.882 196.36
133.882 196.36
133.882 196.36
133.882 196.36
134.172 196.785
134.223 196.86
134.223 196.86
134.564 197.36
134.564 197.36
134.564 197.36
134.564 197.36
134.905 197.86
134.905 197.86
135.246 198.36
135.246 198.36
135.246 198.36
135.246 198.36
135.246 198.36
135.587 198.86
135.587 198.86
135.587 198.86
135.928 199.36
135.928 199.36
135.928 199.36
135.928 199.36
135.928 199.36
136.268 199.86
136.268 199.86
136.268 199.86
136.268 199.86
136.609 200.36
136.609 200.36
136.609 200.36
136.609 200.36
136.609 200.36
136.919 200.815
136.95 200.86
137.041 200.994
137.206 201.235
137.291 201.36
137.291 201.36
137.291 201.36
137.291 201.36
137.632 201.86
137.632 201.86
137.632 201.86
137.973 202.36
137.973 202.36
137.973 202.36
137.973 202.36
138.314 202.86
138.314 202.86
138.314 202.86
138.655 203.36
138.655 203.36
138.655 203.36
138.655 203.36
138.655 203.36
138.996 203.86
138.996 203.86
138.996 203.86
139.337 204.36
139.337 204.36
139.337 204.36
139.337 204.36
139.337 204.36
139.337 204.36
139.678 204.86
139.678 204.86
139.678 204.86
140.018 205.36
140.018 205.36
140.018 205.36
140.018 205.36
140.018 205.36
140.359 205.86
140.359 205.86
140.7 206.36
140.7 206.36
140.7 206.36
140.7 206.36
140.7 206.36
141.041 206.86
141.041 206.86
141.382 207.36
141.382 207.36
141.382 207.36
141.382 207.36
141.382 207.36
141.382 207.36
141.723 207.86
141.723 207.86
141.723 207.86
142.064 208.36
142.064 208.36
142.064 208.36
142.064 208.36
142.064 208.36
142.064 208.36
142.064 208.36
142.405 208.86
142.405 208.86
142.746 209.36
142.746 209.36
142.746 209.36
142.746 209.36
142.746 209.36
142.746 209.36
143.044 209.798
143.087 209.86
143.428 210.36
143.428 210.36
143.428 210.36
143.428 210.36
143.428 210.36
143.768 210.86
143.768 210.86
144.109 211.36
144.109 211.36
144.109 211.36
144.109 211.36
144.109 211.36
144.422 211.819
144.45 211.86
144.45 211.86
144.791 212.36
144.791 212.36
144.791 212.36
144.791 212.36
144.791 212.36
144.791 212.36
145.132 212.86
145.132 212.86
145.132 212.86
145.473 213.36
145.473 213.36
145.473 213.36
145.473 213.36
145.473 213.36
145.473 213.36
145.635 213.598
145.785 213.819
145.814 213.86
146.155 214.36
146.155 214.36
146.155 214.36
146.155 214.36
146.155 214.36
146.496 214.86
146.496 214.86
146.837 215.36
146.837 215.36
146.837 215.36
146.837 215.36
146.837 215.36
147.178 215.86
147.178 215.86
147.178 215.86
147.178 215.86
147.518 216.36
147.518 216.36
147.518 216.36
147.518 216.36
147.518 216.36
147.518 216.36
147.518 216.36
147.859 216.86
147.859 216.86
148.2 217.36
148.2 217.36
148.2 217.36
148.2 217.36
148.2 217.36
148.541 217.86
148.882 218.36
148.882 218.36
148.882 218.36
148.882 218.36
148.882 218.36
148.882 218.36
149.223 218.86
149.226 218.865
149.564 219.36
149.564 219.36
149.564 219.36
149.564 219.36
149.564 219.36
149.734 219.61
149.905 219.86
150.246 220.36
150.246 220.36
150.246 220.36
150.246 220.36
150.246 220.36
150.246 220.36
150.246 220.36
150.587 220.86
150.587 220.86
150.587 220.86
150.928 221.36
150.928 221.36
150.928 221.36
150.928 221.36
150.928 221.36
151.268 221.86
151.268 221.86
151.609 222.36
151.609 222.36
151.609 222.36
151.95 222.86
152.121 223.11
152.291 223.36
152.291 223.36
152.291 223.36
152.291 223.36
152.291 223.36
152.291 223.36
152.632 223.86
152.632 223.86
152.973 224.36
152.973 224.36
152.973 224.36
152.973 224.36
152.973 224.36
152.973 224.36
152.973 224.36
153.138 224.602
153.298 224.838
153.314 224.86
153.45 225.06
153.629 225.323
153.655 225.36
153.655 225.36
153.655 225.36
153.655 225.36
153.655 225.36
153.996 225.86
154.337 226.36
154.337 226.36
154.337 226.36
154.337 226.36
154.337 226.36
154.678 226.86
155.018 227.36
155.359 227.86
155.359 227.86
155.359 227.86
155.7 228.36
155.7 228.36
155.7 228.36
155.7 228.36
155.7 228.36
155.7 228.36
155.858 228.592
156.041 228.86
156.041 228.86
156.055 228.881
156.382 229.36
156.382 229.36
156.382 229.36
156.382 229.36
156.382 229.36
156.382 229.36
156.723 229.86
156.723 229.86
156.73 229.871
157.064 230.36
157.064 230.36
157.064 230.36
157.064 230.36
157.064 230.36
157.064 230.36
157.405 230.86
157.405 230.86
157.746 231.36
157.746 231.36
157.746 231.36
157.746 231.36
157.746 231.36
157.746 231.36
157.746 231.36
158.087 231.86
158.087 231.86
158.087 231.86
158.087 231.86
158.428 232.36
158.428 232.36
158.428 232.36
158.428 232.36
158.428 232.36
158.428 232.36
158.736 232.812
158.768 232.86
158.768 232.86
158.832 232.954
159.109 233.36
159.109 233.36
159.109 233.36
159.109 233.36
159.109 233.36
159.45 233.86
159.45 233.86
159.45 233.86
159.791 234.36
159.791 234.36
159.791 234.36
159.791 234.36
159.791 234.36
159.791 234.36
160.067 234.765
160.132 234.86
160.132 234.86
160.132 234.86
160.473 235.36
160.473 235.36
160.473 235.36
160.473 235.36
160.473 235.36
160.814 235.86
160.814 235.86
160.814 235.86
160.814 235.86
161.155 236.36
161.155 236.36
161.155 236.36
161.155 236.36
161.155 236.36
161.155 236.36
161.155 236.36
161.155 236.36
161.496 236.86
161.496 236.86
161.496 236.86
161.837 237.36
161.837 237.36
161.837 237.36
161.837 237.36
161.837 237.36
162.178 237.86
162.178 237.86
162.518 238.36
162.518 238.36
162.518 238.36
162.518 238.36
162.518 238.36
162.518 238.36
162.518 238.36
162.859 238.86
162.859 238.86
163.2 239.36
163.2 239.36
163.2 239.36
163.2 239.36
163.2 239.36
163.2 239.36
163.2 239.36
163.541 239.86
163.541 239.86
163.882 240.36
163.882 240.36
163.882 240.36
163.882 240.36
163.882 240.36
163.882 240.36
163.882 240.36
163.882 240.36
164.223 240.86
164.223 240.86
164.223 240.86
164.564 241.36
164.564 241.36
164.564 241.36
164.564 241.36
164.564 241.36
164.905 241.86
164.905 241.86
165.246 242.36
165.246 242.36
165.246 242.36
165.246 242.36
165.246 242.36
165.246 242.36
165.246 242.36
165.246 242.36
165.587 242.86
165.587 242.86
165.928 243.36
165.928 243.36
165.928 243.36
165.928 243.36
165.928 243.36
166.183 243.735
166.268 243.86
166.268 243.86
166.268 243.86
166.609 244.36
166.609 244.36
166.609 244.36
166.609 244.36
166.609 244.36
166.609 244.36
166.609 244.36
166.95 244.86
166.95 244.86
167.291 245.36
167.291 245.36
167.291 245.36
167.291 245.36
167.291 245.36
167.291 245.36
167.466 245.617
167.608 245.825
167.632 245.86
167.632 245.86
167.973 246.36
167.973 246.36
167.973 246.36
167.973 246.36
167.973 246.36
167.973 246.36
167.973 246.36
168.314 246.86
168.314 246.86
168.655 247.36
168.655 247.36
168.655 247.36
168.655 247.36
168.655 247.36
168.655 247.36
168.655 247.36
168.996 247.86
168.996 247.86
168.996 247.86
168.996 247.86
168.996 247.86
169.337 248.36
169.337 248.36
169.337 248.36
169.337 248.36
169.337 248.36
169.337 248.36
169.337 248.36
169.678 248.86
169.678 248.86
170.018 249.36
170.018 249.36
170.018 249.36
170.018 249.36
170.018 249.36
170.359 249.86
170.359 249.86
170.7 250.36
170.7 250.36
170.7 250.36
170.7 250.36
170.7 250.36
170.7 250.36
170.7 250.36
171.041 250.86
171.041 250.86
171.382 251.36
171.382 251.36
171.382 251.36
171.382 251.36
171.382 251.36
171.723 251.86
171.723 251.86
171.723 251.86
172.064 252.36
172.064 252.36
172.064 252.36
172.064 252.36
172.064 252.36
172.064 252.36
172.064 252.36
172.405 252.86
172.405 252.86
172.746 253.36
172.746 253.36
172.746 253.36
172.746 253.36
172.746 253.36
172.746 253.36
173.087 253.86
173.087 253.86
173.087 253.86
173.428 254.36
173.428 254.36
173.428 254.36
173.428 254.36
173.429 254.363
173.768 254.86
174.109 255.36
174.109 255.36
174.109 255.36
174.109 255.36
174.109 255.36
174.109 255.36
174.45 255.86
174.45 255.86
174.621 256.11
174.791 256.36
174.791 256.36
174.791 256.36
174.791 256.36
174.791 256.36
174.791 256.36
174.791 256.36
174.791 256.36
174.962 256.61
175.132 256.86
175.132 256.86
175.132 256.86
175.473 257.36
175.473 257.36
175.473 257.36
175.473 257.36
175.473 257.36
175.473 257.36
175.643 257.61
175.814 257.86
175.814 257.86
175.814 257.86
176.155 258.36
176.155 258.36
176.155 258.36
176.155 258.36
176.155 258.36
176.155 258.36
176.155 258.36
176.155 258.36
176.496 258.86
176.496 258.86
176.837 259.36
176.837 259.36
176.837 259.36
177.178 259.86
177.178 259.86
177.178 259.86
177.178 259.86
177.518 260.36
177.518 260.36
177.518 260.36
177.518 260.36
177.518 260.36
177.518 260.36
177.518 260.36
177.692 260.615
177.856 260.856
177.859 260.86
178.2 261.36
178.2 261.36
178.2 261.36
178.2 261.36
178.2 261.36
178.2 261.36
178.516 261.823
178.541 261.86
178.541 261.86
178.882 262.36
178.882 262.36
178.882 262.36
178.882 262.36
178.882 262.36
178.882 262.36
178.882 262.36
179.223 262.86
179.223 262.86
179.564 263.36
179.564 263.36
179.564 263.36
179.564 263.36
179.564 263.36
179.564 263.36
179.564 263.36
179.564 263.36
179.905 263.86
179.905 263.86
179.905 263.86
179.905 263.86
180.246 264.36
180.246 264.36
180.246 264.36
180.246 264.36
180.246 264.36
180.246 264.36
180.587 264.86
180.587 264.86
180.928 265.36
180.928 265.36
180.928 265.36
180.928 265.36
180.928 265.36
180.928 265.36
181.268 265.86
181.609 266.36
181.609 266.36
181.609 266.36
181.609 266.36
181.609 266.36
181.609 266.36
181.609 266.36
181.95 266.86
182.291 267.36
182.291 267.36
182.291 267.36
182.291 267.36
182.291 267.36
182.632 267.86
182.632 267.86
182.973 268.36
182.973 268.36
182.973 268.36
182.973 268.36
182.973 268.36
182.973 268.36
183.314 268.86
183.655 269.36
183.655 269.36
183.655 269.36
183.655 269.36
183.655 269.36
183.996 269.86
184.337 270.36
184.337 270.36
184.337 270.36
184.337 270.36
184.337 270.36
184.337 270.36
184.337 270.36
184.678 270.86
185.018 271.36
185.018 271.36
185.018 271.36
185.018 271.36
185.018 271.36
185.359 271.86
185.359 271.86
185.359 271.86
185.359 271.86
185.7 272.36
185.7 272.36
185.7 272.36
185.7 272.36
185.7 272.36
186.041 272.86
186.041 272.86
186.041 272.86
186.041 272.86
186.382 273.36
186.382 273.36
186.382 273.36
186.382 273.36
186.382 273.36
186.723 273.86
186.723 273.86
187.064 274.36
187.064 274.36
187.064 274.36
187.064 274.36
187.064 274.36
187.064 274.36
187.064 274.36
187.405 274.86
187.746 275.36
187.746 275.36
187.746 275.36
187.746 275.36
187.746 275.36
188.087 275.86
188.087 275.86
188.428 276.36
188.428 276.36
188.428 276.36
188.428 276.36
188.428 276.36
188.428 276.36
188.768 276.86
189.109 277.36
189.109 277.36
189.109 277.36
189.109 277.36
189.109 277.36
189.45 277.86
189.791 278.36
189.791 278.36
189.791 278.36
189.791 278.36
189.791 278.36
189.791 278.36
189.791 278.36
190.132 278.86
190.132 278.86
190.473 279.36
190.473 279.36
190.473 279.36
190.473 279.36
190.473 279.36
190.814 279.86
190.814 279.86
190.814 279.86
190.814 279.86
190.814 279.86
191.155 280.36
191.155 280.36
191.155 280.36
191.155 280.36
191.155 280.36
191.496 280.86
191.496 280.86
191.496 280.86
191.496 280.86
191.496 280.86
191.837 281.36
191.837 281.36
191.837 281.36
191.837 281.36
191.837 281.36
192.178 281.86
192.518 282.36
192.518 282.36
192.518 282.36
192.518 282.36
192.518 282.36
192.518 282.36
192.518 282.36
192.859 282.86
192.859 282.86
192.859 282.86
193.2 283.36
193.2 283.36
193.2 283.36
193.2 283.36
193.2 283.36
193.2 283.36
193.541 283.86
193.541 283.86
193.541 283.86
193.882 284.36
193.882 284.36
193.882 284.36
193.882 284.36
193.882 284.36
193.882 284.36
193.882 284.36
194.223 284.86
194.223 284.86
194.564 285.36
194.564 285.36
194.564 285.36
194.564 285.36
194.564 285.36
194.564 285.36
194.905 285.86
194.905 285.86
195.246 286.36
195.246 286.36
195.246 286.36
195.246 286.36
195.246 286.36
195.246 286.36
195.246 286.36
195.246 286.36
195.587 286.86
195.928 287.36
195.928 287.36
195.928 287.36
195.928 287.36
195.928 287.36
195.928 287.36
196.268 287.86
196.268 287.86
196.268 287.86
196.268 287.86
196.609 288.36
196.609 288.36
196.609 288.36
196.609 288.36
196.609 288.36
196.95 288.86
196.95 288.86
196.95 288.86
197.291 289.36
197.291 289.36
197.291 289.36
197.291 289.36
197.291 289.36
197.632 289.86
197.973 290.36
197.973 290.36
197.973 290.36
197.973 290.36
197.973 290.36
197.973 290.36
197.973 290.36
197.973 290.36
198.314 290.86
198.314 290.86
198.655 291.36
198.655 291.36
198.655 291.36
198.655 291.36
198.655 291.36
198.655 291.36
198.996 291.86
198.996 291.86
198.996 291.86
199.337 292.36
199.337 292.36
199.337 292.36
199.337 292.36
199.337 292.36
199.337 292.36
199.337 292.36
199.337 292.36
199.678 292.86
199.678 292.86
199.916 293.21
200.01 293.348
200.011 293.35
200.018 293.36
200.018 293.36
200.018 293.36
200.044 293.398
