1.48397 1.92917
1.48397 1.92917
1.86859 2.42917
2.2532 2.92917
2.63781 3.42917
2.63781 3.42917
3.02243 3.92917
3.02243 3.92917
3.02243 3.92917
3.40704 4.42917
3.79166 4.92917
3.79166 4.92917
3.79166 4.92917
4.17627 5.42917
4.56089 5.92917
4.56089 5.92917
4.9455 6.42917
4.9455 6.42917
5.33012 6.92917
5.71473 7.42917
5.71473 7.42917
6.09934 7.92917
6.09934 7.92917
6.86857 8.92917
7.6378 9.92917
7.6378 9.92917
7.6378 9.92917
8.02242 10.4292
8.40703 10.9292
8.79165 11.4292
8.79165 11.4292
8.79165 11.4292
9.17626 11.9292
9.17626 11.9292
9.17626 11.9292
9.56088 12.4292
9.56088 12.4292
9.94549 12.9292
9.94549 12.9292
10.3301 13.4292
10.3301 13.4292
10.7147 13.9292
10.7147 13.9292
10.7147 13.9292
10.7147 13.9292
10.7147 13.9292
11.0993 14.4292
11.4839 14.9292
11.4839 14.9292
11.8686 15.4292
11.8686 15.4292
12.2532 15.9292
12.2532 15.9292
12.2532 15.9292
13.0224 16.9292
13.0224 16.9292
13.7916 17.9292
13.7916 17.9292
13.7916 17.9292
13.7916 17.9292
13.7916 17.9292
14.1762 18.4292
14.5609 18.9292
14.5609 18.9292
14.9455 19.4292
14.9455 19.4292
15.3301 19.9292
15.3301 19.9292
15.3301 19.9292
15.7147 20.4292
16.0993 20.9292
16.4839 21.4292
16.8686 21.9292
16.8686 21.9292
16.8686 21.9292
16.8686 21.9292
16.8686 21.9292
17.2532 22.4292
17.6378 22.9292
17.6378 22.9292
17.6378 22.9292
18.0224 23.4292
18.0224 23.4292
18.0224 23.4292
18.407 23.9292
18.407 23.9292
18.407 23.9292
18.7916 24.4292
19.1762 24.9292
19.9455 25.9292
19.9455 25.9292
19.9455 25.9292
20.3301 26.4292
20.7147 26.9292
21.0993 27.4292
21.0993 27.4292
21.4839 27.9292
21.4839 27.9292
22.2532 28.9292
22.2532 28.9292
22.2532 28.9292
22.2532 28.9292
22.6378 29.4292
23.0224 29.9292
23.0224 29.9292
23.0224 29.9292
23.0224 29.9292
23.0224 29.9292
23.407 30.4292
23.7916 30.9292
24.1762 31.4292
24.5608 31.9292
24.5608 31.9292
24.9455 32.4292
24.9455 32.4292
25.3301 32.9292
25.7147 33.4292
26.0993 33.9292
26.0993 33.9292
26.0993 33.9292
26.0993 33.9292
26.4839 34.4292
26.4839 34.4292
26.8685 34.9292
26.8685 34.9292
27.2531 35.4292
27.2531 35.4292
27.6378 35.9292
27.6378 35.9292
28.0224 36.4292
28.0224 36.4292
28.407 36.9292
28.407 36.9292
28.7916 37.4292
29.1762 37.9292
29.5608 38.4292
29.5608 38.4292
29.9454 38.9292
29.9454 38.9292
30.3301 39.4292
30.3301 39.4292
30.7147 39.9292
30.7147 39.9292
30.7147 39.9292
31.0993 40.4292
31.4839 40.9292
32.2531 41.9292
32.2531 41.9292
32.2531 41.9292
32.6377 42.4292
32.8301 42.6792
33.0224 42.9292
33.0224 42.9292
33.407 43.4292
33.407 43.4292
33.7916 43.9292
33.7916 43.9292
33.7916 43.9292
34.1762 44.4292
34.1762 44.4292
34.5608 44.9292
34.5608 44.9292
34.9454 45.4292
35.33 45.9292
35.33 45.9292
35.7147 46.4292
36.0993 46.9292
36.4839 47.4292
36.4839 47.4292
36.6762 47.6792
36.8685 47.9292
36.8685 47.9292
36.8685 47.9292
37.2531 48.4292
37.4454 48.6792
37.6377 48.9292
37.6377 48.9292
38.0223 49.4292
38.407 49.9292
38.407 49.9292
38.407 49.9292
38.407 49.9292
38.7916 50.4292
38.7916 50.4292
39.1762 50.9292
39.1762 50.9292
39.5608 51.4292
39.5608 51.4292
39.9454 51.9292
39.9454 51.9292
39.9454 51.9292
40.33 52.4292
40.33 52.4292
40.7146 52.9292
40.7146 52.9292
41.0993 53.4292
41.4839 53.9292
41.4839 53.9292
41.4839 53.9292
41.4839 53.9292
41.4839 53.9292
41.8685 54.4292
42.2531 54.9292
42.6377 55.4292
42.6377 55.4292
43.0223 55.9292
43.0223 55.9292
43.0223 55.9292
43.407 56.4292
43.7916 56.9292
43.7916 56.9292
43.7916 56.9292
44.1762 57.4292
44.5608 57.9292
44.5608 57.9292
44.5608 57.9292
44.5608 57.9292
44.5608 57.9292
44.9454 58.4292
45.33 58.9292
45.33 58.9292
45.7146 59.4292
45.7146 59.4292
46.0993 59.9292
46.0993 59.9292
46.4839 60.4292
46.8685 60.9292
46.8685 60.9292
47.2531 61.4292
47.6377 61.9292
47.6377 61.9292
47.6377 61.9292
47.6377 61.9292
48.0223 62.4292
48.0223 62.4292
48.4069 62.9292
48.4069 62.9292
48.4069 62.9292
48.7916 63.4292
48.7916 63.4292
49.1762 63.9292
49.1762 63.9292
49.1762 63.9292
49.5608 64.4292
49.5608 64.4292
49.9454 64.9292
49.9454 64.9292
50.33 65.4292
50.7146 65.9292
50.7146 65.9292
50.7146 65.9292
50.7146 65.9292
50.7146 65.9292
51.0992 66.4292
51.0992 66.4292
51.4839 66.9292
51.4839 66.9292
51.8685 67.4292
51.8685 67.4292
52.2531 67.9292
52.2531 67.9292
52.2531 67.9292
52.2531 67.9292
52.6377 68.4292
52.6377 68.4292
53.0223 68.9292
53.0223 68.9292
53.0223 68.9292
53.4069 69.4292
53.7915 69.9292
53.7915 69.9292
53.7915 69.9292
53.7915 69.9292
53.7915 69.9292
54.1762 70.4292
54.1762 70.4292
54.5608 70.9292
54.5608 70.9292
54.9454 71.4292
54.9454 71.4292
55.33 71.9292
55.33 71.9292
55.33 71.9292
55.7146 72.4292
56.0992 72.9292
56.0992 72.9292
56.0992 72.9292
56.0992 72.9292
56.4838 73.4292
56.8685 73.9292
56.8685 73.9292
56.8685 73.9292
56.8685 73.9292
57.2531 74.4292
57.4454 74.6792
57.6377 74.9292
57.6377 74.9292
58.0223 75.4292
58.0223 75.4292
58.4069 75.9292
58.4069 75.9292
58.4069 75.9292
58.7915 76.4292
58.7915 76.4292
59.1761 76.9292
59.1761 76.9292
59.1761 76.9292
59.5608 77.4292
59.5608 77.4292
59.9454 77.9292
59.9454 77.9292
59.9454 77.9292
60.33 78.4292
60.7146 78.9292
61.0992 79.4292
61.4838 79.9292
61.4838 79.9292
61.8684 80.4292
62.2531 80.9292
62.2531 80.9292
63.0223 81.9292
63.0223 81.9292
63.0223 81.9292
63.0223 81.9292
63.4069 82.4292
63.4069 82.4292
63.7915 82.9292
63.7915 82.9292
64.1761 83.4292
64.1761 83.4292
64.5607 83.9292
64.5607 83.9292
64.5607 83.9292
64.9454 84.4292
64.9454 84.4292
65.33 84.9292
65.33 84.9292
65.33 84.9292
65.7146 85.4292
66.0992 85.9292
66.0992 85.9292
66.0992 85.9292
66.0992 85.9292
66.0992 85.9292
66.4838 86.4292
66.8684 86.9292
66.8684 86.9292
67.2531 87.4292
67.2531 87.4292
67.6377 87.9292
67.6377 87.9292
67.6377 87.9292
68.0223 88.4292
68.4069 88.9292
68.4069 88.9292
68.4069 88.9292
68.7915 89.4292
68.7915 89.4292
69.1761 89.9292
69.1761 89.9292
69.1761 89.9292
69.1761 89.9292
69.1761 89.9292
69.5607 90.4292
69.9454 90.9292
69.9454 90.9292
70.33 91.4292
70.33 91.4292
70.7146 91.9292
70.7146 91.9292
71.0992 92.4292
71.4838 92.9292
71.4838 92.9292
71.4838 92.9292
71.8684 93.4292
72.253 93.9292
72.253 93.9292
72.253 93.9292
72.253 93.9292
72.253 93.9292
72.6377 94.4292
72.6377 94.4292
73.0223 94.9292
73.0223 94.9292
73.0223 94.9292
73.4069 95.4292
73.4069 95.4292
73.7915 95.9292
73.7915 95.9292
73.7915 95.9292
73.7915 95.9292
74.1761 96.4292
74.5607 96.9292
75.33 97.9292
75.33 97.9292
75.33 97.9292
75.33 97.9292
75.33 97.9292
75.7146 98.4292
75.7146 98.4292
76.0992 98.9292
76.0992 98.9292
76.4838 99.4292
76.4838 99.4292
76.8684 99.9292
76.8684 99.9292
76.8684 99.9292
76.8684 99.9292
76.8684 99.9292
77.253 100.429
77.253 100.429
77.6376 100.929
77.6376 100.929
77.6376 100.929
78.0223 101.429
78.4069 101.929
78.4069 101.929
78.4069 101.929
78.4069 101.929
78.4069 101.929
78.4069 101.929
78.4069 101.929
78.7915 102.429
79.1761 102.929
79.1761 102.929
79.5607 103.429
79.5607 103.429
79.9453 103.929
79.9453 103.929
80.3299 104.429
80.3299 104.429
80.7146 104.929
80.7146 104.929
80.7146 104.929
80.7146 104.929
81.0992 105.429
81.4838 105.929
81.4838 105.929
81.4838 105.929
81.4838 105.929
81.4838 105.929
81.4838 105.929
81.8684 106.429
81.8684 106.429
82.253 106.929
82.253 106.929
82.253 106.929
82.6376 107.429
82.6376 107.429
83.0222 107.929
83.0222 107.929
83.0222 107.929
83.0222 107.929
83.4069 108.429
83.4069 108.429
83.7915 108.929
83.7915 108.929
83.7915 108.929
84.1761 109.429
84.1761 109.429
84.5607 109.929
84.5607 109.929
84.5607 109.929
84.5607 109.929
84.9453 110.429
85.3299 110.929
85.7145 111.429
85.7145 111.429
86.0992 111.929
86.0992 111.929
86.0992 111.929
86.4838 112.429
86.8684 112.929
86.8684 112.929
86.8684 112.929
87.253 113.429
87.6376 113.929
87.6376 113.929
87.6376 113.929
87.6376 113.929
87.6376 113.929
88.0222 114.429
88.0222 114.429
88.4068 114.929
88.4068 114.929
88.4068 114.929
88.7915 115.429
88.7915 115.429
89.1761 115.929
89.1761 115.929
89.1761 115.929
89.1761 115.929
89.1761 115.929
89.5607 116.429
89.5607 116.429
89.9453 116.929
89.9453 116.929
90.3299 117.429
90.3299 117.429
90.3299 117.429
90.7145 117.929
90.7145 117.929
90.7145 117.929
90.7145 117.929
90.7145 117.929
91.0991 118.429
91.4838 118.929
91.4838 118.929
91.8684 119.429
92.253 119.929
92.253 119.929
92.253 119.929
92.253 119.929
92.253 119.929
92.6376 120.429
93.0222 120.929
93.0222 120.929
93.0222 120.929
93.4068 121.429
93.7915 121.929
93.7915 121.929
93.7915 121.929
93.7915 121.929
93.7915 121.929
93.7915 121.929
94.1761 122.429
94.1761 122.429
94.5607 122.929
94.5607 122.929
94.9453 123.429
94.9453 123.429
95.3299 123.929
95.3299 123.929
95.3299 123.929
95.7145 124.429
96.0991 124.929
96.0991 124.929
96.0991 124.929
96.4838 125.429
96.4838 125.429
96.8684 125.929
96.8684 125.929
96.8684 125.929
96.8684 125.929
96.8684 125.929
97.253 126.429
97.253 126.429
97.6376 126.929
97.6376 126.929
97.6376 126.929
98.0222 127.429
98.0222 127.429
98.4068 127.929
98.4068 127.929
98.4068 127.929
98.4068 127.929
98.4068 127.929
98.7914 128.429
98.7914 128.429
99.1761 128.929
99.5607 129.429
99.5607 129.429
99.9453 129.929
99.9453 129.929
99.9453 129.929
99.9453 129.929
99.9453 129.929
99.9453 129.929
100.33 130.429
100.33 130.429
100.522 130.679
100.715 130.929
100.715 130.929
100.715 130.929
101.099 131.429
101.099 131.429
101.099 131.429
101.484 131.929
101.484 131.929
101.484 131.929
101.484 131.929
101.484 131.929
101.868 132.429
101.868 132.429
102.253 132.929
102.253 132.929
102.253 132.929
102.253 132.929
102.253 132.929
102.638 133.429
102.638 133.429
103.022 133.929
103.022 133.929
103.022 133.929
103.022 133.929
103.022 133.929
103.407 134.429
103.791 134.929
104.176 135.429
104.561 135.929
104.561 135.929
104.561 135.929
104.945 136.429
104.945 136.429
105.33 136.929
105.33 136.929
105.33 136.929
105.33 136.929
105.715 137.429
105.715 137.429
106.099 137.929
106.099 137.929
106.099 137.929
106.099 137.929
106.099 137.929
106.484 138.429
106.484 138.429
106.868 138.929
106.868 138.929
107.253 139.429
107.253 139.429
107.638 139.929
107.638 139.929
107.638 139.929
108.022 140.429
108.214 140.679
108.407 140.929
108.791 141.429
108.791 141.429
109.176 141.929
109.176 141.929
109.176 141.929
109.176 141.929
109.176 141.929
109.561 142.429
109.945 142.929
109.945 142.929
110.33 143.429
110.33 143.429
110.714 143.929
110.714 143.929
110.714 143.929
110.714 143.929
110.714 143.929
111.099 144.429
111.484 144.929
111.484 144.929
111.868 145.429
112.253 145.929
112.253 145.929
112.253 145.929
112.253 145.929
112.638 146.429
112.638 146.429
113.022 146.929
113.022 146.929
113.407 147.429
113.407 147.429
113.791 147.929
113.791 147.929
114.176 148.429
114.176 148.429
114.368 148.679
114.561 148.929
114.561 148.929
114.561 148.929
114.945 149.429
114.945 149.429
114.945 149.429
115.33 149.929
115.33 149.929
115.33 149.929
115.33 149.929
115.33 149.929
115.714 150.429
116.099 150.929
116.099 150.929
116.484 151.429
116.868 151.929
116.868 151.929
116.868 151.929
117.253 152.429
117.638 152.929
117.638 152.929
117.638 152.929
117.638 152.929
118.022 153.429
118.407 153.929
118.407 153.929
118.407 153.929
118.407 153.929
118.407 153.929
118.791 154.429
118.984 154.679
119.176 154.929
119.176 154.929
119.176 154.929
119.561 155.429
119.561 155.429
119.945 155.929
119.945 155.929
119.945 155.929
119.945 155.929
119.945 155.929
120.33 156.429
120.522 156.679
120.714 156.929
120.714 156.929
121.099 157.429
121.099 157.429
121.484 157.929
121.484 157.929
121.484 157.929
121.484 157.929
121.484 157.929
121.868 158.429
121.868 158.429
122.061 158.679
122.253 158.929
122.253 158.929
122.638 159.429
122.638 159.429
123.022 159.929
123.022 159.929
123.022 159.929
123.022 159.929
123.022 159.929
123.407 160.429
123.791 160.929
123.791 160.929
124.176 161.429
124.561 161.929
124.561 161.929
124.561 161.929
124.561 161.929
124.945 162.429
124.945 162.429
125.33 162.929
125.33 162.929
125.714 163.429
125.714 163.429
125.714 163.429
126.099 163.929
126.099 163.929
126.099 163.929
126.099 163.929
126.099 163.929
126.484 164.429
126.484 164.429
126.868 164.929
126.868 164.929
126.868 164.929
126.868 164.929
127.253 165.429
127.253 165.429
127.638 165.929
127.638 165.929
127.638 165.929
127.638 165.929
127.638 165.929
127.638 165.929
128.022 166.429
128.407 166.929
128.791 167.429
129.176 167.929
129.561 168.429
129.945 168.929
129.945 168.929
130.33 169.429
130.714 169.929
130.714 169.929
131.099 170.429
131.484 170.929
131.868 171.429
131.868 171.429
132.253 171.929
132.253 171.929
132.253 171.929
132.638 172.429
133.022 172.929
133.022 172.929
133.022 172.929
133.407 173.429
133.791 173.929
133.791 173.929
134.176 174.429
134.176 174.429
134.561 174.929
134.945 175.429
134.945 175.429
135.33 175.929
135.33 175.929
136.099 176.929
136.868 177.929
136.868 177.929
136.868 177.929
137.253 178.429
137.638 178.929
138.022 179.429
138.022 179.429
138.022 179.429
138.407 179.929
138.407 179.929
138.407 179.929
138.791 180.429
138.791 180.429
139.176 180.929
139.176 180.929
139.561 181.429
139.561 181.429
139.945 181.929
139.945 181.929
139.945 181.929
139.945 181.929
139.945 181.929
140.33 182.429
140.714 182.929
140.714 182.929
141.099 183.429
141.099 183.429
141.484 183.929
141.484 183.929
141.484 183.929
142.253 184.929
142.253 184.929
143.022 185.929
143.022 185.929
143.022 185.929
143.022 185.929
143.022 185.929
143.407 186.429
143.791 186.929
143.791 186.929
144.176 187.429
144.176 187.429
144.561 187.929
144.561 187.929
144.561 187.929
144.945 188.429
145.33 188.929
145.714 189.429
146.099 189.929
146.099 189.929
146.099 189.929
146.099 189.929
146.099 189.929
146.484 190.429
146.868 190.929
146.868 190.929
146.868 190.929
147.253 191.429
147.253 191.429
147.253 191.429
147.637 191.929
147.637 191.929
147.637 191.929
148.022 192.429
148.407 192.929
149.176 193.929
149.176 193.929
149.176 193.929
149.561 194.429
149.945 194.929
150.33 195.429
150.33 195.429
150.714 195.929
150.714 195.929
151.484 196.929
151.484 196.929
151.484 196.929
151.484 196.929
151.868 197.429
152.253 197.929
152.253 197.929
152.253 197.929
152.253 197.929
152.253 197.929
152.637 198.429
153.022 198.929
153.407 199.429
153.791 199.929
153.791 199.929
154.176 200.429
154.176 200.429
154.561 200.929
154.945 201.429
155.33 201.929
155.33 201.929
155.33 201.929
155.33 201.929
155.714 202.429
155.714 202.429
156.099 202.929
156.099 202.929
156.484 203.429
156.484 203.429
156.868 203.929
156.868 203.929
157.253 204.429
157.253 204.429
157.637 204.929
157.637 204.929
158.022 205.429
158.407 205.929
158.791 206.429
158.791 206.429
159.176 206.929
159.176 206.929
159.561 207.429
159.561 207.429
159.945 207.929
159.945 207.929
159.945 207.929
160.33 208.429
160.714 208.929
161.484 209.929
161.484 209.929
161.484 209.929
161.484 209.929
161.868 210.429
162.061 210.679
162.253 210.929
162.253 210.929
162.637 211.429
162.637 211.429
163.022 211.929
163.022 211.929
163.022 211.929
163.407 212.429
163.407 212.429
163.791 212.929
163.791 212.929
163.791 212.929
164.176 213.429
164.176 213.429
164.561 213.929
164.561 213.929
164.561 213.929
164.945 214.429
165.33 214.929
165.714 215.429
166.099 215.929
166.099 215.929
166.484 216.429
166.868 216.929
166.868 216.929
167.637 217.929
167.637 217.929
167.637 217.929
167.637 217.929
168.022 218.429
168.022 218.429
168.407 218.929
168.407 218.929
168.791 219.429
168.791 219.429
169.176 219.929
169.176 219.929
169.176 219.929
169.561 220.429
169.561 220.429
169.945 220.929
169.945 220.929
169.945 220.929
170.33 221.429
170.714 221.929
170.714 221.929
170.714 221.929
170.714 221.929
170.714 221.929
171.099 222.429
171.484 222.929
171.484 222.929
171.868 223.429
171.868 223.429
172.253 223.929
172.253 223.929
172.253 223.929
172.637 224.429
173.022 224.929
173.022 224.929
173.022 224.929
173.407 225.429
173.407 225.429
173.791 225.929
173.791 225.929
173.791 225.929
173.791 225.929
173.791 225.929
174.176 226.429
174.56 226.929
174.56 226.929
174.945 227.429
174.945 227.429
175.33 227.929
175.33 227.929
175.714 228.429
176.099 228.929
176.099 228.929
176.099 228.929
176.484 229.429
176.868 229.929
176.868 229.929
176.868 229.929
176.868 229.929
176.868 229.929
177.253 230.429
177.253 230.429
177.637 230.929
177.637 230.929
177.637 230.929
178.022 231.429
178.022 231.429
178.407 231.929
178.407 231.929
178.407 231.929
178.407 231.929
178.791 232.429
179.176 232.929
179.945 233.929
179.945 233.929
179.945 233.929
179.945 233.929
179.945 233.929
180.33 234.429
180.33 234.429
180.714 234.929
180.714 234.929
181.099 235.429
181.099 235.429
181.484 235.929
181.484 235.929
181.484 235.929
181.484 235.929
181.484 235.929
181.868 236.429
181.868 236.429
182.253 236.929
182.253 236.929
182.253 236.929
182.637 237.429
183.022 237.929
183.022 237.929
183.022 237.929
183.022 237.929
183.022 237.929
183.022 237.929
183.022 237.929
183.407 238.429
183.791 238.929
183.791 238.929
184.176 239.429
184.176 239.429
184.56 239.929
184.56 239.929
184.945 240.429
184.945 240.429
185.33 240.929
185.33 240.929
185.33 240.929
185.33 240.929
185.714 241.429
186.099 241.929
186.099 241.929
186.099 241.929
186.099 241.929
186.099 241.929
186.099 241.929
186.484 242.429
186.484 242.429
186.868 242.929
186.868 242.929
186.868 242.929
187.253 243.429
187.253 243.429
187.637 243.929
187.637 243.929
187.637 243.929
187.637 243.929
188.022 244.429
188.022 244.429
188.407 244.929
188.407 244.929
188.407 244.929
188.791 245.429
188.791 245.429
189.176 245.929
189.176 245.929
189.176 245.929
189.176 245.929
189.56 246.429
189.945 246.929
190.33 247.429
190.33 247.429
190.714 247.929
190.714 247.929
190.714 247.929
191.099 248.429
191.484 248.929
191.484 248.929
191.484 248.929
191.868 249.429
192.253 249.929
192.253 249.929
192.253 249.929
192.253 249.929
192.253 249.929
192.637 250.429
192.637 250.429
193.022 250.929
193.022 250.929
193.022 250.929
193.407 251.429
193.407 251.429
193.791 251.929
193.791 251.929
193.791 251.929
193.791 251.929
193.791 251.929
194.176 252.429
194.176 252.429
194.56 252.929
194.56 252.929
194.945 253.429
194.945 253.429
194.945 253.429
195.33 253.929
195.33 253.929
195.33 253.929
195.33 253.929
195.33 253.929
195.714 254.429
196.099 254.929
196.099 254.929
196.484 255.429
196.868 255.929
196.868 255.929
196.868 255.929
196.868 255.929
196.868 255.929
197.253 256.429
197.637 256.929
197.637 256.929
197.637 256.929
198.022 257.429
198.407 257.929
198.407 257.929
198.407 257.929
198.407 257.929
198.407 257.929
198.407 257.929
198.791 258.429
198.791 258.429
199.176 258.929
199.176 258.929
199.56 259.429
199.56 259.429
199.945 259.929
199.945 259.929
199.945 259.929
200.33 260.429
200.714 260.929
200.714 260.929
200.714 260.929
201.099 261.429
201.099 261.429
201.484 261.929
201.484 261.929
201.484 261.929
201.484 261.929
201.484 261.929
201.868 262.429
201.868 262.429
202.253 262.929
202.253 262.929
202.253 262.929
202.637 263.429
202.637 263.429
203.022 263.929
203.022 263.929
203.022 263.929
203.022 263.929
203.022 263.929
203.407 264.429
203.407 264.429
203.791 264.929
204.176 265.429
204.176 265.429
204.56 265.929
204.56 265.929
204.56 265.929
204.56 265.929
204.56 265.929
204.56 265.929
204.945 266.429
204.945 266.429
205.137 266.679
205.33 266.929
205.33 266.929
205.33 266.929
205.714 267.429
205.714 267.429
205.714 267.429
206.099 267.929
206.099 267.929
206.099 267.929
206.099 267.929
206.099 267.929
206.483 268.429
206.483 268.429
206.868 268.929
206.868 268.929
206.868 268.929
206.868 268.929
206.868 268.929
207.253 269.429
207.253 269.429
207.637 269.929
207.637 269.929
207.637 269.929
207.637 269.929
207.637 269.929
208.022 270.429
208.407 270.929
208.791 271.429
209.176 271.929
209.176 271.929
209.176 271.929
209.56 272.429
209.56 272.429
209.945 272.929
209.945 272.929
209.945 272.929
209.945 272.929
210.33 273.429
210.33 273.429
210.714 273.929
210.714 273.929
210.714 273.929
210.714 273.929
210.714 273.929
211.099 274.429
211.099 274.429
211.483 274.929
211.483 274.929
211.868 275.429
211.868 275.429
212.253 275.929
212.253 275.929
212.253 275.929
212.637 276.429
212.83 276.679
213.022 276.929
213.407 277.429
213.407 277.429
213.791 277.929
213.791 277.929
213.791 277.929
213.791 277.929
213.791 277.929
214.176 278.429
214.56 278.929
214.56 278.929
214.945 279.429
214.945 279.429
215.33 279.929
215.33 279.929
215.33 279.929
215.33 279.929
215.33 279.929
215.714 280.429
216.099 280.929
216.099 280.929
216.483 281.429
216.868 281.929
216.868 281.929
216.868 281.929
216.868 281.929
217.253 282.429
217.253 282.429
217.637 282.929
217.637 282.929
218.022 283.429
218.022 283.429
218.407 283.929
218.407 283.929
218.791 284.429
218.791 284.429
218.983 284.679
219.176 284.929
219.176 284.929
219.176 284.929
219.56 285.429
219.56 285.429
219.56 285.429
219.945 285.929
219.945 285.929
219.945 285.929
219.945 285.929
219.945 285.929
220.33 286.429
220.714 286.929
220.714 286.929
221.099 287.429
221.483 287.929
221.483 287.929
221.483 287.929
221.868 288.429
222.253 288.929
222.253 288.929
222.253 288.929
222.253 288.929
222.637 289.429
223.022 289.929
223.022 289.929
223.022 289.929
223.022 289.929
223.022 289.929
223.407 290.429
223.599 290.679
223.791 290.929
223.791 290.929
223.791 290.929
224.176 291.429
224.176 291.429
224.56 291.929
224.56 291.929
224.56 291.929
224.56 291.929
224.56 291.929
224.945 292.429
225.137 292.679
225.33 292.929
225.33 292.929
225.714 293.429
225.714 293.429
226.099 293.929
226.099 293.929
226.099 293.929
226.099 293.929
226.099 293.929
226.483 294.429
226.483 294.429
226.676 294.679
226.868 294.929
226.868 294.929
227.253 295.429
227.253 295.429
227.637 295.929
227.637 295.929
227.637 295.929
227.637 295.929
227.637 295.929
228.022 296.429
228.407 296.929
228.407 296.929
228.791 297.429
229.176 297.929
229.176 297.929
229.176 297.929
229.176 297.929
229.56 298.429
229.56 298.429
229.945 298.929
229.945 298.929
230.33 299.429
230.33 299.429
230.33 299.429
230.714 299.929
230.714 299.929
230.714 299.929
230.714 299.929
230.714 299.929
231.099 300.429
231.099 300.429
231.483 300.929
231.483 300.929
231.483 300.929
231.483 300.929
231.868 301.429
231.868 301.429
232.253 301.929
232.253 301.929
232.253 301.929
232.253 301.929
232.253 301.929
232.253 301.929
232.637 302.429
233.022 302.929
233.022 302.929
233.407 303.429
233.407 303.429
233.791 303.929
233.791 303.929
234.176 304.429
234.176 304.429
234.56 304.929
234.56 304.929
234.56 304.929
234.945 305.429
234.945 305.429
235.33 305.929
235.33 305.929
235.33 305.929
235.33 305.929
235.33 305.929
235.33 305.929
235.714 306.429
235.714 306.429
236.099 306.929
236.099 306.929
236.099 306.929
236.483 307.429
236.483 307.429
236.868 307.929
236.868 307.929
236.868 307.929
236.868 307.929
237.253 308.429
237.253 308.429
237.637 308.929
237.637 308.929
237.637 308.929
238.022 309.429
238.022 309.429
238.407 309.929
238.407 309.929
238.407 309.929
238.407 309.929
238.791 310.429
239.176 310.929
239.56 311.429
239.56 311.429
239.945 311.929
239.945 311.929
239.945 311.929
240.33 312.429
240.714 312.929
240.714 312.929
240.714 312.929
241.099 313.429
241.483 313.929
241.483 313.929
241.483 313.929
241.483 313.929
241.483 313.929
241.868 314.429
241.868 314.429
242.253 314.929
242.253 314.929
242.253 314.929
242.637 315.429
242.637 315.429
243.022 315.929
243.022 315.929
243.022 315.929
243.022 315.929
243.022 315.929
243.406 316.429
243.406 316.429
243.791 316.929
243.791 316.929
244.176 317.429
244.176 317.429
244.176 317.429
244.56 317.929
244.56 317.929
244.56 317.929
244.56 317.929
244.56 317.929
244.945 318.429
245.33 318.929
245.33 318.929
245.714 319.429
246.099 319.929
246.099 319.929
246.099 319.929
246.099 319.929
246.099 319.929
246.483 320.429
246.868 320.929
246.868 320.929
246.868 320.929
247.253 321.429
247.637 321.929
247.637 321.929
247.637 321.929
247.637 321.929
247.637 321.929
247.637 321.929
248.022 322.429
248.022 322.429
248.406 322.929
248.406 322.929
248.791 323.429
248.791 323.429
249.176 323.929
249.176 323.929
249.176 323.929
249.56 324.429
249.945 324.929
249.945 324.929
249.945 324.929
250.33 325.429
250.33 325.429
250.714 325.929
250.714 325.929
250.714 325.929
250.714 325.929
250.714 325.929
251.099 326.429
251.099 326.429
251.483 326.929
251.483 326.929
251.483 326.929
251.868 327.429
251.868 327.429
252.253 327.929
252.253 327.929
252.253 327.929
252.253 327.929
252.253 327.929
252.637 328.429
252.637 328.429
253.022 328.929
253.406 329.429
253.406 329.429
253.791 329.929
253.791 329.929
253.791 329.929
253.791 329.929
253.791 329.929
253.791 329.929
254.176 330.429
254.176 330.429
254.368 330.679
254.56 330.929
254.56 330.929
254.56 330.929
254.945 331.429
254.945 331.429
254.945 331.429
255.33 331.929
255.33 331.929
255.33 331.929
255.33 331.929
255.33 331.929
255.714 332.429
255.714 332.429
256.099 332.929
256.099 332.929
256.099 332.929
256.099 332.929
256.099 332.929
256.483 333.429
256.483 333.429
256.868 333.929
256.868 333.929
256.868 333.929
256.868 333.929
256.868 333.929
257.253 334.429
257.637 334.929
258.022 335.429
258.406 335.929
258.406 335.929
258.406 335.929
258.791 336.429
258.791 336.429
259.176 336.929
259.176 336.929
259.176 336.929
259.176 336.929
259.56 337.429
259.56 337.429
259.945 337.929
259.945 337.929
259.945 337.929
259.945 337.929
259.945 337.929
260.33 338.429
260.33 338.429
260.714 338.929
260.714 338.929
261.099 339.429
261.099 339.429
261.483 339.929
261.483 339.929
261.483 339.929
261.868 340.429
262.06 340.679
262.253 340.929
262.637 341.429
262.637 341.429
263.022 341.929
263.022 341.929
263.022 341.929
263.022 341.929
263.022 341.929
263.406 342.429
263.791 342.929
263.791 342.929
264.176 343.429
264.176 343.429
264.56 343.929
264.56 343.929
264.56 343.929
264.56 343.929
264.56 343.929
264.945 344.429
265.33 344.929
265.33 344.929
265.714 345.429
266.099 345.929
266.099 345.929
266.099 345.929
266.099 345.929
266.483 346.429
266.483 346.429
266.868 346.929
266.868 346.929
267.253 347.429
267.253 347.429
267.637 347.929
267.637 347.929
268.022 348.429
268.022 348.429
268.214 348.679
268.406 348.929
268.406 348.929
268.406 348.929
268.791 349.429
268.791 349.429
268.791 349.429
269.176 349.929
269.176 349.929
269.176 349.929
269.176 349.929
269.176 349.929
269.56 350.429
269.945 350.929
269.945 350.929
270.33 351.429
270.714 351.929
270.714 351.929
270.714 351.929
271.099 352.429
271.483 352.929
271.483 352.929
271.483 352.929
271.483 352.929
271.868 353.429
272.253 353.929
272.253 353.929
272.253 353.929
272.253 353.929
272.253 353.929
272.637 354.429
272.83 354.679
273.022 354.929
273.022 354.929
273.022 354.929
273.406 355.429
273.406 355.429
273.791 355.929
273.791 355.929
273.791 355.929
273.791 355.929
273.791 355.929
274.176 356.429
274.368 356.679
274.56 356.929
274.56 356.929
274.945 357.429
274.945 357.429
275.329 357.929
275.329 357.929
275.329 357.929
275.329 357.929
275.329 357.929
275.714 358.429
275.714 358.429
275.906 358.679
276.099 358.929
276.099 358.929
276.483 359.429
276.483 359.429
276.868 359.929
276.868 359.929
276.868 359.929
276.868 359.929
276.868 359.929
277.253 360.429
277.637 360.929
277.637 360.929
278.022 361.429
278.406 361.929
278.406 361.929
278.406 361.929
278.406 361.929
278.791 362.429
278.791 362.429
279.176 362.929
279.176 362.929
279.56 363.429
279.56 363.429
279.56 363.429
279.945 363.929
279.945 363.929
279.945 363.929
279.945 363.929
279.945 363.929
280.329 364.429
280.329 364.429
280.714 364.929
280.714 364.929
280.714 364.929
280.714 364.929
281.099 365.429
281.099 365.429
281.483 365.929
281.483 365.929
281.483 365.929
281.483 365.929
281.483 365.929
281.483 365.929
281.868 366.429
282.253 366.929
282.637 367.429
283.022 367.929
283.406 368.429
283.791 368.929
283.791 368.929
284.176 369.429
284.503 369.854
284.506 369.858
284.507 369.86
284.56 369.929
284.56 369.929
284.56 369.929
284.881 370.346
284.945 370.429
285.294 370.883
285.329 370.929
285.69 371.398
285.714 371.429
286.036 371.848
286.099 371.929
286.099 371.929
286.443 372.377
286.483 372.429
286.868 372.929
286.874 372.937
287.249 373.429
287.298 373.494
287.645 373.954
287.804 374.167
287.809 374.173
287.894 374.287
287.991 374.417
288.045 374.49
289.11 375.887
289.115 375.894
289.116 375.896
289.137 375.923
289.142 375.929
289.144 375.931
289.15 375.94
289.477 376.365
289.823 376.815
290.214 377.323
290.58 377.798
290.951 378.281
291.36 378.812
291.362 378.815
291.362 378.815
291.368 378.823
291.719 379.279
291.77 379.346
292.126 379.808
292.128 379.81
292.134 379.819
292.153 379.844
292.515 380.315
292.886 380.796
293.281 381.31
293.679 381.827
294.063 382.327
294.443 382.821
294.45 382.829
294.466 382.85
294.791 383.273
295.198 383.802
295.2 383.804
295.205 383.81
295.243 383.86
295.61 384.337
296.027 384.879
296.386 385.346
296.793 385.875
296.794 385.877
297.18 386.379
297.591 386.913
297.64 386.977
297.647 386.985
298.193 387.696
298.741 388.408
298.762 388.435
298.767 388.442
298.815 388.504
299.158 388.95
299.376 389.233
299.571 389.488
299.757 389.729
299.956 389.988
300.136 390.221
300.35 390.5
300.568 390.783
300.797 391.081
301.051 391.41
301.373 391.829
