4.81249 9.46458
4.81249 9.46458
4.81249 9.46458
4.81249 9.46458
4.81249 9.46458
4.9396 9.71458
5.19384 10.2146
5.44808 10.7146
5.57519 10.9646
6.08367 11.9646
6.46502 12.7146
6.59214 12.9646
6.84638 13.4646
7.10061 13.9646
7.35485 14.4646
7.60909 14.9646
8.11756 15.9646
8.3718 16.4646
8.88027 17.4646
8.88027 17.4646
8.88027 17.4646
8.88027 17.4646
8.88027 17.4646
8.88027 17.4646
9.13451 17.9646
9.38874 18.4646
9.64298 18.9646
10.1515 19.9646
10.4057 20.4646
10.6599 20.9646
10.9142 21.4646
11.1684 21.9646
11.4226 22.4646
11.6769 22.9646
12.1853 23.9646
12.4396 24.4646
12.6938 24.9646
12.9481 25.4646
12.9481 25.4646
12.9481 25.4646
12.9481 25.4646
12.9481 25.4646
12.9481 25.4646
13.2023 25.9646
13.4565 26.4646
13.7108 26.9646
14.2192 27.9646
14.4735 28.4646
14.7277 28.9646
14.8548 29.2146
14.9819 29.4646
15.2362 29.9646
15.4904 30.4646
15.7447 30.9646
16.2531 31.9646
16.5074 32.4646
16.7616 32.9646
17.0158 33.4646
17.0158 33.4646
17.0158 33.4646
17.0158 33.4646
17.0158 33.4646
17.0158 33.4646
17.2701 33.9646
17.5243 34.4646
17.7785 34.9646
18.287 35.9646
18.5413 36.4646
18.7955 36.9646
21.0836 41.4646
21.0836 41.4646
21.0836 41.4646
21.0836 41.4646
21.0836 41.4646
21.0836 41.4646
21.3379 41.9646
21.5921 42.4646
21.8463 42.9646
21.8463 42.9646
21.8463 42.9646
21.8463 42.9646
21.8463 42.9646
22.1006 43.4646
22.1006 43.4646
22.3548 43.9646
22.3548 43.9646
22.609 44.4646
22.609 44.4646
22.609 44.4646
22.8633 44.9646
23.1175 45.4646
23.1175 45.4646
23.1175 45.4646
23.1175 45.4646
23.1175 45.4646
23.8802 46.9646
23.8802 46.9646
23.8802 46.9646
23.8802 46.9646
24.1345 47.4646
24.1345 47.4646
24.2616 47.7146
24.3887 47.9646
24.6429 48.4646
24.6429 48.4646
24.6429 48.4646
24.6429 48.4646
24.8972 48.9646
25.1514 49.4646
25.1514 49.4646
25.1514 49.4646
25.1514 49.4646
25.1514 49.4646
25.1514 49.4646
25.9141 50.9646
25.9141 50.9646
25.9141 50.9646
25.9141 50.9646
26.1684 51.4646
26.6768 52.4646
26.9311 52.9646
26.9311 52.9646
26.9311 52.9646
27.1853 53.4646
27.1853 53.4646
27.1853 53.4646
27.1853 53.4646
27.1853 53.4646
27.948 54.9646
27.948 54.9646
27.948 54.9646
27.948 54.9646
28.2022 55.4646
28.4565 55.9646
28.7107 56.4646
28.7107 56.4646
28.7107 56.4646
28.965 56.9646
29.2192 57.4646
29.2192 57.4646
29.2192 57.4646
29.2192 57.4646
29.2192 57.4646
29.2192 57.4646
29.7277 58.4646
29.9819 58.9646
29.9819 58.9646
29.9819 58.9646
29.9819 58.9646
29.9819 58.9646
29.9819 58.9646
30.2361 59.4646
30.2361 59.4646
30.4904 59.9646
30.7446 60.4646
30.7446 60.4646
30.7446 60.4646
30.7446 60.4646
30.9988 60.9646
30.9988 60.9646
31.2531 61.4646
31.2531 61.4646
31.2531 61.4646
31.2531 61.4646
31.2531 61.4646
32.0158 62.9646
32.0158 62.9646
32.0158 62.9646
32.0158 62.9646
32.27 63.4646
32.27 63.4646
32.5243 63.9646
32.5243 63.9646
32.7785 64.4646
32.7785 64.4646
32.7785 64.4646
33.0327 64.9646
33.0327 64.9646
33.287 65.4646
33.287 65.4646
33.287 65.4646
33.287 65.4646
33.287 65.4646
33.7954 66.4646
34.0497 66.9646
34.0497 66.9646
34.0497 66.9646
34.0497 66.9646
34.3039 67.4646
34.5582 67.9646
34.8124 68.4646
34.8124 68.4646
34.8124 68.4646
35.0666 68.9646
35.3209 69.4646
35.3209 69.4646
35.3209 69.4646
35.3209 69.4646
35.8293 70.4646
36.0836 70.9646
36.0836 70.9646
36.0836 70.9646
36.0836 70.9646
36.3378 71.4646
36.592 71.9646
36.8463 72.4646
36.8463 72.4646
36.8463 72.4646
37.3548 73.4646
37.3548 73.4646
37.3548 73.4646
37.3548 73.4646
37.3548 73.4646
37.3548 73.4646
37.609 73.9646
37.8632 74.4646
38.1175 74.9646
38.1175 74.9646
38.1175 74.9646
38.1175 74.9646
38.1175 74.9646
38.3717 75.4646
38.3717 75.4646
38.6259 75.9646
38.6259 75.9646
38.8802 76.4646
38.8802 76.4646
38.8802 76.4646
39.1344 76.9646
39.3886 77.4646
39.3886 77.4646
39.3886 77.4646
39.3886 77.4646
40.1514 78.9646
40.1514 78.9646
40.1514 78.9646
40.1514 78.9646
40.4056 79.4646
40.4056 79.4646
40.7869 80.2146
40.9141 80.4646
40.9141 80.4646
40.9141 80.4646
41.1683 80.9646
41.4225 81.4646
41.4225 81.4646
41.4225 81.4646
41.4225 81.4646
41.4225 81.4646
41.931 82.4646
42.1853 82.9646
42.1853 82.9646
42.1853 82.9646
42.1853 82.9646
42.1853 82.9646
42.4395 83.4646
42.948 84.4646
43.2022 84.9646
43.2022 84.9646
43.2022 84.9646
43.2022 84.9646
43.4564 85.4646
43.4564 85.4646
43.4564 85.4646
43.4564 85.4646
43.4564 85.4646
43.4564 85.4646
44.2191 86.9646
44.2191 86.9646
44.2191 86.9646
44.2191 86.9646
44.2191 86.9646
44.2191 86.9646
44.4734 87.4646
44.9819 88.4646
44.9819 88.4646
44.9819 88.4646
44.9819 88.4646
44.9819 88.4646
45.2361 88.9646
45.4903 89.4646
45.4903 89.4646
45.4903 89.4646
45.4903 89.4646
45.4903 89.4646
45.4903 89.4646
46.2403 90.9396
46.2403 90.9396
46.2403 90.9396
46.253 90.9646
46.253 90.9646
46.5073 91.4646
47.5242 93.4646
47.5242 93.4646
47.5242 93.4646
47.5242 93.4646
47.5242 93.4646
48.2869 94.9646
48.2869 94.9646
48.2869 94.9646
48.2869 94.9646
48.5412 95.4646
48.5412 95.4646
48.7954 95.9646
49.0496 96.4646
49.0496 96.4646
49.0496 96.4646
49.0496 96.4646
49.3039 96.9646
49.5581 97.4646
49.5581 97.4646
49.5581 97.4646
49.5581 97.4646
49.5581 97.4646
50.3208 98.9646
50.3208 98.9646
50.3208 98.9646
50.3208 98.9646
50.5751 99.4646
50.8293 99.9646
51.0835 100.465
51.0835 100.465
51.0835 100.465
51.592 101.465
51.592 101.465
51.592 101.465
51.592 101.465
52.1005 102.465
52.3547 102.965
52.3547 102.965
52.3547 102.965
52.3547 102.965
52.6089 103.465
52.6089 103.465
52.8632 103.965
53.1174 104.465
53.1174 104.465
53.1174 104.465
53.1174 104.465
53.6259 105.465
53.6259 105.465
53.6259 105.465
53.6259 105.465
53.6259 105.465
53.6259 105.465
53.8801 105.965
54.1344 106.465
54.1344 106.465
54.1344 106.465
54.3886 106.965
54.3886 106.965
54.3886 106.965
54.3886 106.965
54.6428 107.465
54.6428 107.465
54.8971 107.965
54.8971 107.965
54.8971 107.965
55.1513 108.465
55.1513 108.465
55.1513 108.465
55.1513 108.465
55.4055 108.965
55.4055 108.965
55.6598 109.465
55.6598 109.465
55.6598 109.465
55.6598 109.465
55.6598 109.465
55.914 109.965
56.1683 110.465
56.1683 110.465
56.4225 110.965
56.4225 110.965
56.4225 110.965
56.4225 110.965
56.6767 111.465
56.6767 111.465
56.931 111.965
56.931 111.965
57.1852 112.465
57.1852 112.465
57.1852 112.465
57.1852 112.465
57.1852 112.465
57.4394 112.965
57.6937 113.465
57.6937 113.465
57.6937 113.465
57.6937 113.465
57.6937 113.465
57.9479 113.965
58.2022 114.465
58.2022 114.465
58.4564 114.965
58.4564 114.965
58.4564 114.965
58.4564 114.965
58.7106 115.465
58.7106 115.465
58.9649 115.965
58.9649 115.965
59.2191 116.465
59.2191 116.465
59.4733 116.965
59.4733 116.965
59.7276 117.465
59.7276 117.465
59.7276 117.465
59.7276 117.465
59.9818 117.965
60.236 118.465
60.4903 118.965
60.4903 118.965
60.4903 118.965
60.4903 118.965
60.7445 119.465
60.7445 119.465
60.9988 119.965
61.253 120.465
61.253 120.465
61.253 120.465
61.253 120.465
61.253 120.465
61.5072 120.965
61.7615 121.465
61.7615 121.465
61.7615 121.465
61.7615 121.465
61.7615 121.465
62.0157 121.965
62.0157 121.965
62.2699 122.465
62.2699 122.465
62.5242 122.965
62.5242 122.965
62.5242 122.965
62.5242 122.965
62.5242 122.965
62.7784 123.465
63.0326 123.965
63.2869 124.465
63.2869 124.465
63.2869 124.465
63.2869 124.465
63.5411 124.965
63.5411 124.965
63.7954 125.465
63.7954 125.465
63.7954 125.465
63.7954 125.465
63.7954 125.465
64.0496 125.965
64.3038 126.465
64.3038 126.465
64.5581 126.965
64.5581 126.965
64.5581 126.965
64.5581 126.965
64.5581 126.965
64.8123 127.465
65.0665 127.965
65.0665 127.965
65.3208 128.465
65.3208 128.465
65.3208 128.465
65.3208 128.465
65.3208 128.465
65.575 128.965
65.575 128.965
65.8292 129.465
65.8292 129.465
65.8292 129.465
65.8292 129.465
66.0835 129.965
66.3377 130.465
66.592 130.965
66.592 130.965
66.592 130.965
66.592 130.965
66.8462 131.465
67.1004 131.965
67.3547 132.465
67.3547 132.465
67.3547 132.465
67.3547 132.465
67.6089 132.965
67.8547 133.448
67.8631 133.465
67.8631 133.465
67.8631 133.465
68.0909 133.912
68.3462 134.415
68.5888 134.892
68.6258 134.965
68.6258 134.965
68.6258 134.965
68.8642 135.433
68.8801 135.465
69.1004 135.898
69.3568 136.402
69.3886 136.465
69.3886 136.465
69.3886 136.465
69.3886 136.465
69.6015 136.883
69.8462 137.365
69.897 137.465
70.0919 137.848
70.3472 138.35
70.4055 138.465
70.6163 138.879
70.6597 138.965
70.6597 138.965
70.6597 138.965
70.8727 139.383
70.914 139.465
71.1068 139.844
71.1682 139.965
71.3737 140.369
71.4224 140.465
71.4224 140.465
71.4224 140.465
71.6089 140.831
71.6767 140.965
71.8515 141.308
71.9309 141.465
71.9309 141.465
71.9309 141.465
72.1195 141.835
72.4394 142.465
72.6513 142.881
72.6936 142.965
72.6936 142.965
72.6936 142.965
72.9479 143.465
72.9479 143.465
73.1618 143.885
73.4563 144.465
73.4563 144.465
73.4563 144.465
73.4563 144.465
73.4563 144.465
73.6724 144.89
73.9648 145.465
73.9648 145.465
73.9648 145.465
73.9648 145.465
73.9648 145.465
74.219 145.965
74.4733 146.465
74.4733 146.465
74.7275 146.965
74.7275 146.965
74.7275 146.965
74.7275 146.965
74.9818 147.465
74.9818 147.465
75.236 147.965
75.236 147.965
75.4902 148.465
75.4902 148.465
75.4902 148.465
75.4902 148.465
75.7445 148.965
75.7445 148.965
75.9987 149.465
75.9987 149.465
75.9987 149.465
75.9987 149.465
76.2529 149.965
76.5072 150.465
76.7614 150.965
76.7614 150.965
76.7614 150.965
76.7614 150.965
77.0157 151.465
77.0157 151.465
77.2699 151.965
77.5241 152.465
77.5241 152.465
77.5241 152.465
77.5241 152.465
77.5241 152.465
77.7784 152.965
78.0326 153.465
78.0326 153.465
78.0326 153.465
78.0326 153.465
78.0326 153.465
78.2868 153.965
78.2868 153.965
78.5411 154.465
78.5411 154.465
78.7953 154.965
78.7953 154.965
78.7953 154.965
78.7953 154.965
78.7953 154.965
79.0495 155.465
79.3038 155.965
79.558 156.465
79.558 156.465
79.558 156.465
79.558 156.465
79.8123 156.965
79.8123 156.965
80.0665 157.465
80.0665 157.465
80.0665 157.465
80.0665 157.465
80.0665 157.465
80.2614 157.848
80.575 158.465
80.575 158.465
80.7021 158.715
80.7021 158.715
80.7021 158.715
80.7889 158.885
80.8292 158.965
81.0834 159.465
81.2879 159.867
81.3377 159.965
81.5919 160.465
81.5919 160.465
81.5919 160.465
81.5919 160.465
81.5919 160.465
81.7889 160.852
81.8461 160.965
82.1004 161.465
82.1004 161.465
82.1004 161.465
82.1004 161.465
82.3546 161.965
82.6089 162.465
82.8631 162.965
82.8631 162.965
82.8631 162.965
82.8631 162.965
83.1173 163.465
83.3716 163.965
83.6258 164.465
83.6258 164.465
83.6258 164.465
83.6258 164.465
83.88 164.965
84.1343 165.465
84.1343 165.465
84.1343 165.465
84.1343 165.465
84.3885 165.965
84.6427 166.465
84.897 166.965
85.1512 167.465
85.1512 167.465
85.1512 167.465
85.1512 167.465
85.4055 167.965
85.6597 168.465
85.6597 168.465
85.6597 168.465
85.6597 168.465
85.9139 168.965
86.1682 169.465
86.1682 169.465
86.1682 169.465
86.1682 169.465
86.1682 169.465
86.4224 169.965
86.6766 170.465
86.9309 170.965
86.9309 170.965
86.9309 170.965
86.9309 170.965
86.9309 170.965
87.1851 171.465
87.1851 171.465
87.4393 171.965
87.6936 172.465
87.6936 172.465
87.6936 172.465
87.9478 172.965
88.2021 173.465
88.2021 173.465
88.2021 173.465
88.2021 173.465
88.9648 174.965
88.9648 174.965
88.9648 174.965
88.9648 174.965
89.219 175.465
89.219 175.465
89.4732 175.965
89.7275 176.465
89.7275 176.465
89.7275 176.465
89.7275 176.465
89.9817 176.965
90.2359 177.465
90.2359 177.465
90.2359 177.465
90.2359 177.465
90.2359 177.465
90.9987 178.965
90.9987 178.965
90.9987 178.965
90.9987 178.965
91.2529 179.465
92.0156 180.965
92.0156 180.965
92.0156 180.965
92.2698 181.465
92.2698 181.465
92.2698 181.465
92.2698 181.465
93.0326 182.965
93.0326 182.965
93.0326 182.965
93.0326 182.965
93.2868 183.465
93.7953 184.465
93.7953 184.465
93.7953 184.465
94.0495 184.965
94.3037 185.465
94.3037 185.465
94.3037 185.465
94.3037 185.465
94.3037 185.465
94.8122 186.465
95.0664 186.965
95.0664 186.965
95.0664 186.965
95.0664 186.965
95.0664 186.965
95.3207 187.465
95.3207 187.465
95.8292 188.465
95.8292 188.465
95.8292 188.465
95.8292 188.465
96.0834 188.965
96.3376 189.465
96.3376 189.465
96.3376 189.465
96.3376 189.465
97.1003 190.965
97.1003 190.965
97.1003 190.965
97.1003 190.965
97.3546 191.465
97.3546 191.465
97.6088 191.965
97.863 192.465
97.863 192.465
97.863 192.465
98.1173 192.965
98.3715 193.465
98.3715 193.465
98.3715 193.465
98.3715 193.465
98.3715 193.465
98.88 194.465
99.1342 194.965
99.1342 194.965
99.1342 194.965
99.1342 194.965
99.3885 195.465
99.6427 195.965
99.8969 196.465
99.8969 196.465
99.8969 196.465
100.151 196.965
100.405 197.465
100.405 197.465
100.405 197.465
100.405 197.465
100.914 198.465
101.168 198.965
101.168 198.965
101.168 198.965
101.168 198.965
101.422 199.465
101.677 199.965
101.931 200.465
101.931 200.465
101.931 200.465
102.439 201.465
102.439 201.465
102.439 201.465
102.439 201.465
102.439 201.465
102.439 201.465
102.694 201.965
102.948 202.465
103.202 202.965
103.202 202.965
103.202 202.965
103.202 202.965
103.202 202.965
103.456 203.465
103.456 203.465
103.71 203.965
103.71 203.965
103.965 204.465
103.965 204.465
103.965 204.465
104.219 204.965
104.473 205.465
104.473 205.465
104.473 205.465
104.473 205.465
105.236 206.965
105.236 206.965
105.236 206.965
105.236 206.965
105.49 207.465
105.49 207.465
105.871 208.215
105.999 208.465
105.999 208.465
105.999 208.465
106.253 208.965
106.507 209.465
106.507 209.465
106.507 209.465
106.507 209.465
106.507 209.465
107.016 210.465
107.27 210.965
107.27 210.965
107.27 210.965
107.27 210.965
107.27 210.965
107.524 211.465
108.033 212.465
108.287 212.965
108.287 212.965
108.287 212.965
108.287 212.965
108.541 213.465
108.541 213.465
108.541 213.465
108.541 213.465
108.541 213.465
108.541 213.465
108.541 213.465
109.049 214.465
109.049 214.465
109.304 214.965
109.304 214.965
109.304 214.965
109.304 214.965
109.304 214.965
109.304 214.965
109.304 214.965
109.558 215.465
109.812 215.965
110.066 216.465
110.066 216.465
110.066 216.465
110.066 216.465
110.066 216.465
110.321 216.965
110.321 216.965
110.575 217.465
110.575 217.465
110.575 217.465
110.575 217.465
110.575 217.465
110.575 217.465
111.338 218.965
111.338 218.965
111.338 218.965
111.338 218.965
111.338 218.965
111.592 219.465
112.609 221.465
112.609 221.465
112.609 221.465
112.609 221.465
112.609 221.465
113.371 222.965
113.371 222.965
113.371 222.965
113.371 222.965
113.626 223.465
113.626 223.465
113.88 223.965
114.134 224.465
114.134 224.465
114.134 224.465
114.134 224.465
114.388 224.965
114.643 225.465
114.643 225.465
114.643 225.465
114.643 225.465
114.643 225.465
114.643 225.465
115.151 226.465
115.405 226.965
115.405 226.965
115.405 226.965
115.405 226.965
115.66 227.465
116.168 228.465
116.168 228.465
116.168 228.465
116.677 229.465
116.677 229.465
116.677 229.465
116.677 229.465
116.677 229.465
116.677 229.465
117.185 230.465
117.439 230.965
117.439 230.965
117.439 230.965
117.439 230.965
117.693 231.465
117.948 231.965
118.202 232.465
118.202 232.465
118.202 232.465
118.202 232.465
118.456 232.965
118.71 233.465
118.71 233.465
118.71 233.465
118.71 233.465
118.71 233.465
118.965 233.965
119.219 234.465
119.473 234.965
119.473 234.965
119.473 234.965
119.473 234.965
119.727 235.465
119.982 235.965
120.236 236.465
120.236 236.465
120.236 236.465
120.236 236.465
120.49 236.965
120.744 237.465
120.744 237.465
120.744 237.465
120.744 237.465
120.999 237.965
121.253 238.465
121.507 238.965
121.507 238.965
121.507 238.965
121.634 239.215
121.761 239.465
122.016 239.965
122.27 240.465
122.27 240.465
122.27 240.465
122.27 240.465
122.524 240.965
122.778 241.465
122.778 241.465
122.778 241.465
122.778 241.465
122.778 241.465
123.032 241.965
123.287 242.465
123.541 242.965
123.541 242.965
123.541 242.965
123.541 242.965
123.795 243.465
124.049 243.965
124.304 244.465
124.304 244.465
124.304 244.465
124.304 244.465
124.558 244.965
124.812 245.465
124.812 245.465
124.812 245.465
124.812 245.465
125.066 245.965
125.321 246.465
125.575 246.965
125.575 246.965
125.575 246.965
125.575 246.965
125.829 247.465
126.083 247.965
126.338 248.465
126.338 248.465
126.338 248.465
126.338 248.465
126.592 248.965
126.846 249.465
126.846 249.465
126.846 249.465
126.846 249.465
126.846 249.465
127.1 249.965
127.354 250.465
127.609 250.965
127.609 250.965
127.609 250.965
127.609 250.965
127.863 251.465
128.117 251.965
128.371 252.465
128.371 252.465
128.371 252.465
128.371 252.465
128.626 252.965
128.88 253.465
128.88 253.465
128.88 253.465
128.88 253.465
128.88 253.465
129.134 253.965
129.388 254.465
129.643 254.965
129.643 254.965
129.643 254.965
129.643 254.965
129.897 255.465
130.151 255.965
130.405 256.465
130.405 256.465
130.405 256.465
130.405 256.465
130.405 256.465
130.66 256.965
130.914 257.465
130.914 257.465
130.914 257.465
130.914 257.465
130.914 257.465
131.168 257.965
131.422 258.465
131.676 258.965
131.676 258.965
131.676 258.965
131.676 258.965
131.931 259.465
132.185 259.965
132.439 260.465
132.439 260.465
132.439 260.465
132.439 260.465
132.439 260.465
132.693 260.965
132.948 261.465
132.948 261.465
132.948 261.465
132.948 261.465
132.948 261.465
133.202 261.965
133.456 262.465
133.71 262.965
133.71 262.965
133.71 262.965
133.71 262.965
133.965 263.465
134.219 263.965
134.473 264.465
134.473 264.465
134.473 264.465
134.473 264.465
134.727 264.965
134.982 265.465
134.982 265.465
134.982 265.465
134.982 265.465
134.982 265.465
134.982 265.465
135.49 266.465
135.49 266.465
135.744 266.965
135.744 266.965
135.744 266.965
135.744 266.965
136.253 267.965
136.253 267.965
136.507 268.465
136.507 268.465
136.507 268.465
136.761 268.965
137.015 269.465
137.015 269.465
137.015 269.465
137.015 269.465
137.015 269.465
137.524 270.465
137.524 270.465
137.778 270.965
137.778 270.965
137.778 270.965
138.032 271.465
138.287 271.965
138.287 271.965
138.541 272.465
138.541 272.465
138.541 272.465
139.049 273.465
139.049 273.465
139.049 273.465
139.049 273.465
139.049 273.465
139.558 274.465
139.558 274.465
139.812 274.965
139.812 274.965
139.812 274.965
139.812 274.965
140.321 275.965
140.321 275.965
140.575 276.465
140.575 276.465
140.575 276.465
141.083 277.465
141.083 277.465
141.083 277.465
141.083 277.465
141.083 277.465
141.337 277.965
141.592 278.465
141.592 278.465
141.846 278.965
141.846 278.965
141.846 278.965
142.1 279.465
142.354 279.965
142.354 279.965
142.609 280.465
142.609 280.465
142.609 280.465
143.117 281.465
143.117 281.465
143.117 281.465
143.117 281.465
143.117 281.465
143.117 281.465
143.626 282.465
143.626 282.465
143.88 282.965
143.88 282.965
143.88 282.965
143.88 282.965
144.388 283.965
144.388 283.965
144.643 284.465
144.643 284.465
144.643 284.465
144.643 284.465
144.897 284.965
145.151 285.465
145.151 285.465
145.151 285.465
145.151 285.465
145.151 285.465
145.914 286.965
145.914 286.965
145.914 286.965
146.168 287.465
146.422 287.965
146.422 287.965
146.676 288.465
146.676 288.465
146.676 288.465
146.931 288.965
147.185 289.465
147.185 289.465
147.185 289.465
147.185 289.465
147.185 289.465
147.185 289.465
147.693 290.465
147.948 290.965
147.948 290.965
147.948 290.965
148.456 291.965
148.71 292.465
148.71 292.465
148.71 292.465
149.219 293.465
149.219 293.465
149.219 293.465
149.219 293.465
149.219 293.465
149.727 294.465
149.727 294.465
149.727 294.465
149.727 294.465
149.727 294.465
150.236 295.465
150.236 295.465
150.236 295.465
150.236 295.465
150.236 295.465
150.236 295.465
150.744 296.465
150.744 296.465
150.744 296.465
150.744 296.465
150.744 296.465
150.744 296.465
151.253 297.465
151.253 297.465
151.253 297.465
151.253 297.465
151.253 297.465
151.507 297.965
151.761 298.465
151.761 298.465
152.015 298.965
152.015 298.965
152.015 298.965
152.015 298.965
152.27 299.465
152.27 299.465
152.524 299.965
152.524 299.965
152.778 300.465
152.778 300.465
152.778 300.465
152.778 300.465
153.032 300.965
153.032 300.965
153.287 301.465
153.287 301.465
153.287 301.465
153.287 301.465
153.541 301.965
153.795 302.465
154.049 302.965
154.049 302.965
154.049 302.965
154.049 302.965
154.304 303.465
154.304 303.465
154.558 303.965
154.812 304.465
154.812 304.465
154.812 304.465
154.812 304.465
154.812 304.465
155.066 304.965
155.32 305.465
155.32 305.465
155.32 305.465
155.32 305.465
155.32 305.465
155.575 305.965
155.829 306.465
155.829 306.465
156.083 306.965
156.083 306.965
156.083 306.965
156.083 306.965
156.337 307.465
156.337 307.465
156.592 307.965
156.592 307.965
156.846 308.465
157.1 308.965
157.1 308.965
157.354 309.465
157.354 309.465
157.354 309.465
157.354 309.465
157.609 309.965
157.863 310.465
158.117 310.965
158.117 310.965
158.117 310.965
158.117 310.965
158.371 311.465
158.371 311.465
158.626 311.965
158.88 312.465
158.88 312.465
158.88 312.465
158.88 312.465
158.88 312.465
159.134 312.965
159.388 313.465
159.388 313.465
159.388 313.465
159.388 313.465
159.388 313.465
159.643 313.965
159.643 313.965
159.897 314.465
159.897 314.465
160.151 314.965
160.151 314.965
160.151 314.965
160.151 314.965
160.151 314.965
160.405 315.465
160.659 315.965
160.914 316.465
160.914 316.465
160.914 316.465
160.914 316.465
161.168 316.965
161.168 316.965
161.422 317.465
161.422 317.465
161.422 317.465
161.422 317.465
161.422 317.465
161.676 317.965
161.931 318.465
161.931 318.465
162.185 318.965
162.185 318.965
162.185 318.965
162.185 318.965
162.185 318.965
162.439 319.465
162.693 319.965
162.693 319.965
162.948 320.465
162.948 320.465
162.948 320.465
162.948 320.465
162.948 320.465
163.202 320.965
163.202 320.965
163.456 321.465
163.456 321.465
163.456 321.465
163.456 321.465
163.71 321.965
163.965 322.465
164.219 322.965
164.219 322.965
164.219 322.965
164.219 322.965
164.473 323.465
164.727 323.965
164.981 324.465
164.981 324.465
164.981 324.465
164.981 324.465
165.236 324.965
165.49 325.465
165.49 325.465
165.49 325.465
165.49 325.465
165.744 325.965
165.998 326.465
166.253 326.965
166.253 326.965
166.253 326.965
166.253 326.965
166.507 327.465
166.507 327.465
166.761 327.965
167.015 328.465
167.015 328.465
167.015 328.465
167.015 328.465
167.015 328.465
167.27 328.965
167.524 329.465
167.524 329.465
167.778 329.965
168.032 330.465
168.032 330.465
168.287 330.965
168.287 330.965
168.287 330.965
168.287 330.965
168.541 331.465
168.541 331.465
168.795 331.965
168.795 331.965
169.049 332.465
169.049 332.465
169.049 332.465
169.049 332.465
169.304 332.965
169.304 332.965
169.558 333.465
169.558 333.465
169.558 333.465
169.558 333.465
169.812 333.965
170.066 334.465
170.32 334.965
170.32 334.965
170.32 334.965
170.32 334.965
170.575 335.465
170.575 335.465
170.829 335.965
171.083 336.465
171.083 336.465
171.083 336.465
171.083 336.465
171.083 336.465
171.337 336.965
171.592 337.465
171.592 337.465
171.592 337.465
171.592 337.465
171.592 337.465
171.846 337.965
172.1 338.465
172.1 338.465
172.354 338.965
172.354 338.965
172.354 338.965
172.354 338.965
172.609 339.465
172.609 339.465
172.863 339.965
172.863 339.965
173.117 340.465
173.117 340.465
173.117 340.465
173.117 340.465
173.371 340.965
173.371 340.965
173.626 341.465
173.626 341.465
173.626 341.465
173.626 341.465
173.88 341.965
174.134 342.465
174.388 342.965
174.388 342.965
174.388 342.965
174.388 342.965
174.642 343.465
174.642 343.465
174.897 343.965
175.151 344.465
175.151 344.465
175.151 344.465
175.151 344.465
175.151 344.465
175.405 344.965
175.659 345.465
175.659 345.465
175.659 345.465
175.659 345.465
175.659 345.465
175.914 345.965
176.168 346.465
176.422 346.965
176.422 346.965
176.422 346.965
176.422 346.965
176.422 346.965
176.676 347.465
177.185 348.465
177.185 348.465
177.185 348.465
177.439 348.965
177.693 349.465
177.693 349.465
177.693 349.465
177.693 349.465
177.693 349.465
178.202 350.465
178.456 350.965
178.456 350.965
178.456 350.965
178.456 350.965
178.456 350.965
178.71 351.465
178.964 351.965
179.219 352.465
179.219 352.465
179.219 352.465
179.219 352.465
179.473 352.965
179.727 353.465
179.727 353.465
179.727 353.465
179.727 353.465
180.49 354.965
180.49 354.965
180.49 354.965
180.49 354.965
180.744 355.465
181.253 356.465
181.507 356.965
181.507 356.965
181.507 356.965
181.507 356.965
183.032 359.965
183.795 361.465
183.795 361.465
183.795 361.465
183.795 361.465
183.795 361.465
183.795 361.465
184.812 363.465
184.812 363.465
185.829 365.465
185.829 365.465
185.829 365.465
187.354 368.465
187.863 369.465
187.863 369.465
187.863 369.465
187.863 369.465
187.863 369.465
188.88 371.465
188.88 371.465
188.88 371.465
189.897 373.465
189.897 373.465
189.897 373.465
190.914 375.465
190.914 375.465
190.914 375.465
191.931 377.465
191.931 377.465
191.931 377.465
191.931 377.465
191.931 377.465
191.931 377.465
194.727 382.965
194.981 383.465
195.49 384.465
195.998 385.465
195.998 385.465
195.998 385.465
195.998 385.465
195.998 385.465
198.032 389.465
199.939 393.215
200.066 393.465
200.066 393.465
200.066 393.465
200.066 393.465
