0.388587 0.297917
0.442935 0.339583
0.491848 0.377083
0.491848 0.377083
2.44837 1.87708
2.60326 1.99583
2.77446 2.12708
2.88587 2.2125
2.99185 2.29375
3.10054 2.37708
4.35054 3.12708
4.47554 3.20208
4.5936 3.27292
4.67693 3.32292
4.76721 3.37708
7.93146 6.12708
7.93146 6.12708
8.37745 6.72917
8.37745 6.72917
8.85739 7.37708
8.85739 7.37708
8.85739 7.37708
8.85739 7.37708
8.85739 7.37708
8.85739 7.37708
8.85739 7.37708
9.31193 7.87708
9.31193 7.87708
9.76648 8.37708
9.76648 8.37708
9.76648 8.37708
9.76648 8.37708
9.76648 8.37708
9.76648 8.37708
9.76648 8.37708
10.3434 8.87708
10.3434 8.87708
10.9203 9.37708
10.9203 9.37708
10.9203 9.37708
10.9203 9.37708
10.9203 9.37708
10.9203 9.37708
10.9203 9.37708
11.3257 9.62708
11.5419 9.76042
11.5521 9.76667
12.5419 10.3771
12.5419 10.3771
12.5419 10.3771
12.5419 10.3771
12.5419 10.3771
12.5419 10.3771
12.5419 10.3771
13.0258 10.8771
13.0258 10.8771
13.0258 10.8771
13.5097 11.3771
13.5097 11.3771
13.5097 11.3771
13.5097 11.3771
13.5097 11.3771
13.5097 11.3771
13.9936 11.8771
13.9936 11.8771
13.9936 11.8771
14.4774 12.3771
14.4774 12.3771
14.4774 12.3771
14.4774 12.3771
14.4774 12.3771
14.4774 12.3771
15.1422 12.8646
15.1422 12.8646
15.1592 12.8771
15.8411 13.3771
15.8411 13.3771
15.8411 13.3771
15.8411 13.3771
15.8411 13.3771
15.8411 13.3771
16.3674 13.8771
16.8893 14.3729
16.8937 14.3771
16.8937 14.3771
16.8937 14.3771
16.8937 14.3771
16.8937 14.3771
16.8937 14.3771
16.8937 14.3771
17.4022 14.8771
17.9652 15.4417
17.9687 15.4458
18.0163 15.5021
18.1219 15.6271
18.1219 15.6271
18.3332 15.8771
18.3332 15.8771
19.439 17.2313
19.4974 17.3042
19.5557 17.3771
19.5557 17.3771
19.5557 17.3771
19.5557 17.3771
19.5557 17.3771
19.8818 17.6271
20.2079 17.8771
20.2079 17.8771
20.534 18.1271
20.534 18.1271
20.8601 18.3771
21.2259 18.6271
21.2259 18.6271
21.9576 19.1271
22.3235 19.3771
23.113 20.3771
27.3755 24.8771
27.7702 25.3771
27.7702 25.3771
28.1452 25.8771
28.5202 26.3771
28.8952 26.8771
29.2702 27.3771
29.2702 27.3771
29.6756 27.8771
30.081 28.3771
30.4864 28.8771
30.8918 29.3771
30.8918 29.3771
31.3085 29.8771
31.3085 29.8771
31.7252 30.3771
31.7252 30.3771
32.1361 30.8771
32.5471 31.3771
32.9175 31.8771
33.2878 32.3771
34.0571 33.3771
34.0571 33.3771
34.4796 33.8771
34.4796 33.8771
34.9021 34.3771
34.9021 34.3771
35.3433 34.8771
35.7845 35.3771
36.1595 35.8771
36.5345 36.3771
36.8833 36.8771
37.2322 37.3771
37.2322 37.3771
37.6547 37.8771
38.0772 38.3771
38.4998 38.8771
38.9223 39.3771
38.9223 39.3771
39.7674 40.3771
39.9622 40.6271
40.5466 41.3771
40.5466 41.3771
40.5466 41.3771
40.5466 41.3771
41.3258 42.3771
41.7154 42.8771
42.105 43.3771
42.105 43.3771
42.105 43.3771
42.105 43.3771
42.8842 44.3771
43.2897 44.8771
43.2897 44.8771
43.6951 45.3771
43.6951 45.3771
43.6951 45.3771
43.6951 45.3771
43.6951 45.3771
44.0898 45.8771
44.4845 46.3771
44.4845 46.3771
44.6819 46.6271
44.8793 46.8771
44.8793 46.8771
45.274 47.3771
45.274 47.3771
45.274 47.3771
45.274 47.3771
46.074 48.3771
46.8432 49.3771
46.8432 49.3771
46.8432 49.3771
46.8432 49.3771
47.2542 49.8771
47.2542 49.8771
47.6652 50.3771
47.6652 50.3771
48.0761 50.8771
48.0761 50.8771
48.4871 51.3771
48.4871 51.3771
48.4871 51.3771
48.4871 51.3771
48.8871 51.8771
49.2871 52.3771
49.2871 52.3771
49.8871 53.1271
50.0871 53.3771
50.0871 53.3771
50.4871 53.8771
50.8871 54.3771
51.2871 54.8771
51.4871 55.1271
51.4871 55.1271
51.6871 55.3771
52.4563 56.3771
52.4563 56.3771
52.8313 56.8771
53.2063 57.3771
53.2063 57.3771
53.2063 57.3771
53.2063 57.3771
53.6541 57.8771
53.6541 57.8771
54.1018 58.3771
54.1018 58.3771
54.4914 58.8771
54.4914 58.8771
55.281 59.8771
55.681 60.3771
55.681 60.3771
56.281 61.1271
56.481 61.3771
56.481 61.3771
56.481 61.3771
56.881 61.8771
57.281 62.3771
57.681 62.8771
58.881 64.3771
58.881 64.3771
58.881 64.3771
58.881 64.3771
58.881 64.3771
59.2758 64.8771
59.2758 64.8771
59.6705 65.3771
59.6705 65.3771
59.6705 65.3771
59.6705 65.3771
59.6705 65.3771
60.0653 65.8771
60.0653 65.8771
60.46 66.3771
60.46 66.3771
60.8547 66.8771
60.8547 66.8771
61.6442 67.8771
61.6442 67.8771
62.0389 68.3771
62.0389 68.3771
62.0389 68.3771
62.4337 68.8771
62.8284 69.3771
62.8284 69.3771
62.8284 69.3771
63.2394 69.8771
63.2394 69.8771
63.6503 70.3771
64.0503 70.8771
64.4503 71.3771
64.867 71.8771
65.2837 72.3771
65.2837 72.3771
65.7003 72.8771
65.7003 72.8771
65.7003 72.8771
65.9087 73.1271
66.117 73.3771
66.117 73.3771
66.117 73.3771
66.517 73.8771
66.517 73.8771
66.917 74.3771
66.917 74.3771
67.317 74.8771
67.317 74.8771
68.117 75.8771
68.117 75.8771
68.517 76.3771
68.517 76.3771
68.517 76.3771
68.517 76.3771
68.917 76.8771
68.917 76.8771
69.317 77.3771
69.317 77.3771
69.317 77.3771
69.717 77.8771
69.717 77.8771
70.117 78.3771
70.117 78.3771
70.117 78.3771
70.5117 78.8771
70.5117 78.8771
70.9065 79.3771
71.3012 79.8771
71.4986 80.1271
71.6959 80.3771
71.8933 80.6271
72.0907 80.8771
72.288 81.1271
72.4854 81.3771
72.4854 81.3771
72.4854 81.3771
72.4854 81.3771
72.8802 81.8771
72.8802 81.8771
73.2749 82.3771
73.2749 82.3771
73.6696 82.8771
73.6696 82.8771
74.0644 83.3771
74.0644 83.3771
74.0644 83.3771
74.0644 83.3771
74.4591 83.8771
74.4591 83.8771
74.8538 84.3771
74.8538 84.3771
75.2486 84.8771
75.4459 85.1271
75.6433 85.3771
75.6433 85.3771
75.6433 85.3771
76.038 85.8771
76.038 85.8771
76.038 85.8771
76.4328 86.3771
76.4328 86.3771
76.4328 86.3771
76.8382 86.8771
77.2436 87.3771
77.2436 87.3771
77.2436 87.3771
77.6603 87.8771
77.6603 87.8771
77.6603 87.8771
78.0769 88.3771
78.0769 88.3771
78.0769 88.3771
78.0769 88.3771
78.4823 88.8771
78.4823 88.8771
78.4823 88.8771
78.8877 89.3771
78.8877 89.3771
78.8877 89.3771
78.8877 89.3771
79.2931 89.8771
79.2931 89.8771
79.6986 90.3771
79.6986 90.3771
80.104 90.8771
80.104 90.8771
80.104 90.8771
80.5094 91.3771
80.5094 91.3771
80.5094 91.3771
80.9203 91.8771
80.9203 91.8771
81.3313 92.3771
81.3313 92.3771
81.3313 92.3771
81.3313 92.3771
81.7422 92.8771
81.7422 92.8771
81.9477 93.1271
82.1532 93.3771
82.1532 93.3771
82.1532 93.3771
82.1532 93.3771
82.5282 93.8771
82.7157 94.1271
82.9032 94.3771
83.1006 94.6271
83.2979 94.8771
83.4953 95.1271
83.6927 95.3771
83.6927 95.3771
83.6927 95.3771
84.0874 95.8771
84.0874 95.8771
84.0874 95.8771
84.4821 96.3771
84.4821 96.3771
84.4821 96.3771
84.4821 96.3771
84.4821 96.3771
84.8821 96.8771
84.8821 96.8771
85.2821 97.3771
85.2821 97.3771
85.2821 97.3771
85.2821 97.3771
85.2821 97.3771
85.6821 97.8771
85.6821 97.8771
86.0821 98.3771
86.0821 98.3771
86.2821 98.6271
86.4821 98.8771
86.4821 98.8771
86.4821 98.8771
86.6821 99.1271
86.8821 99.3771
86.8821 99.3771
87.0821 99.6271
87.2821 99.8771
87.2821 99.8771
87.2821 99.8771
87.4821 100.127
87.6821 100.377
87.6821 100.377
87.6821 100.377
87.8821 100.627
88.0821 100.877
88.0821 100.877
88.0821 100.877
88.2821 101.127
88.4821 101.377
88.4821 101.377
88.4821 101.377
88.4821 101.377
88.8821 101.877
89.2821 102.377
89.2821 102.377
89.2821 102.377
89.2821 102.377
89.6821 102.877
90.0821 103.377
90.0821 103.377
90.0821 103.377
90.4821 103.877
90.4821 103.877
90.4821 103.877
90.8821 104.377
90.8821 104.377
91.2821 104.877
91.2821 104.877
91.2821 104.877
91.4821 105.127
91.6821 105.377
91.6821 105.377
91.6821 105.377
91.6821 105.377
91.6821 105.377
91.6821 105.377
92.0821 105.877
92.0821 105.877
92.4821 106.377
92.4821 106.377
92.4821 106.377
92.4821 106.377
92.4821 106.377
92.8821 106.877
92.8821 106.877
93.2821 107.377
93.2821 107.377
93.6821 107.877
93.6821 107.877
94.0821 108.377
94.0821 108.377
94.0821 108.377
94.2821 108.627
94.4821 108.877
94.4821 108.877
94.8821 109.377
94.8821 109.377
94.8821 109.377
94.8821 109.377
95.2821 109.877
95.2821 109.877
95.6821 110.377
95.6821 110.377
95.6821 110.377
95.6821 110.377
96.0821 110.877
96.0821 110.877
96.0821 110.877
96.0821 110.877
96.0821 110.877
96.4821 111.377
96.8821 111.877
97.0821 112.127
97.2821 112.377
97.4821 112.627
97.6821 112.877
97.8821 113.127
98.0821 113.377
98.0821 113.377
98.0821 113.377
98.0821 113.377
98.0821 113.377
98.4821 113.877
98.8821 114.377
98.8821 114.377
98.8821 114.377
99.2821 114.877
99.2821 114.877
99.6821 115.377
99.6821 115.377
99.6821 115.377
100.082 115.877
100.082 115.877
100.482 116.377
100.482 116.377
100.482 116.377
100.882 116.877
100.882 116.877
101.082 117.127
101.282 117.377
101.282 117.377
101.282 117.377
101.682 117.877
102.082 118.377
102.482 118.877
102.882 119.377
103.082 119.627
103.282 119.877
103.482 120.127
103.682 120.377
103.882 120.627
104.082 120.877
104.282 121.127
104.482 121.377
104.482 121.377
104.882 121.877
104.882 121.877
105.282 122.377
105.282 122.377
105.682 122.877
105.682 122.877
106.482 123.877
106.482 123.877
107.682 125.377
107.682 125.377
108.082 125.877
108.082 125.877
108.482 126.377
108.482 126.377
108.882 126.877
108.882 126.877
109.682 127.877
109.682 127.877
110.684 129.129
110.735 129.194
110.814 129.292
110.882 129.377
110.882 129.377
111.282 129.877
111.282 129.877
111.682 130.377
111.682 130.377
112.082 130.877
112.082 130.877
112.882 131.877
113.282 132.377
113.282 132.377
113.682 132.877
114.082 133.377
114.082 133.377
114.482 133.877
114.882 134.377
115.282 134.877
115.282 134.877
115.482 135.127
115.682 135.377
115.682 135.377
116.082 135.877
116.482 136.377
116.482 136.377
116.682 136.627
116.882 136.877
117.082 137.127
117.282 137.377
117.282 137.377
117.282 137.377
118.082 138.377
118.082 138.377
118.482 138.877
118.482 138.877
118.482 138.877
118.882 139.377
118.882 139.377
118.882 139.377
119.282 139.877
119.482 140.127
119.482 140.127
119.482 140.127
119.682 140.377
119.882 140.627
119.882 140.627
120.082 140.877
120.482 141.377
120.482 141.377
120.482 141.377
120.482 141.377
120.882 141.877
121.082 142.127
121.282 142.377
121.482 142.627
121.682 142.877
121.882 143.127
122.082 143.377
122.082 143.377
122.082 143.377
122.082 143.377
122.285 143.627
122.488 143.877
122.69 144.127
122.69 144.127
122.69 144.127
122.893 144.377
122.893 144.377
123.096 144.627
123.298 144.877
123.298 144.877
123.298 144.877
123.501 145.127
123.704 145.377
123.704 145.377
123.704 145.377
123.704 145.377
123.704 145.377
123.704 145.377
123.709 145.383
123.709 145.383
124.104 145.877
124.504 146.377
124.504 146.377
124.504 146.377
124.507 146.381
124.507 146.381
124.904 146.877
124.904 146.877
125.304 147.377
125.304 147.377
125.304 147.377
125.304 147.377
125.304 147.377
125.307 147.381
125.704 147.877
126.104 148.377
126.104 148.377
126.104 148.377
126.117 148.394
126.12 148.398
126.504 148.877
126.904 149.377
126.904 149.377
126.904 149.377
126.904 149.377
126.937 149.419
126.937 149.419
127.304 149.877
127.704 150.377
128.104 150.877
128.504 151.377
128.504 151.377
128.504 151.377
128.504 151.377
128.504 151.377
129.504 152.627
129.704 152.877
130.104 153.377
130.104 153.377
130.104 153.377
130.504 153.877
130.904 154.377
130.904 154.377
131.304 154.877
131.304 154.877
133.304 157.377
133.701 157.894
134.345 158.717
134.4 158.785
134.471 158.875
134.553 158.977
136.084 160.877
136.495 161.377
136.495 161.377
136.495 161.377
136.495 161.377
136.495 161.377
136.906 161.877
137.317 162.377
137.317 162.377
137.522 162.627
137.728 162.877
137.728 162.877
137.728 162.877
137.933 163.127
138.139 163.377
138.139 163.377
138.139 163.377
138.533 163.877
138.928 164.377
138.928 164.377
139.126 164.627
139.126 164.627
139.323 164.877
139.323 164.877
139.323 164.877
139.52 165.127
139.718 165.377
139.718 165.377
139.718 165.377
139.718 165.377
139.718 165.377
140.112 165.877
140.112 165.877
140.507 166.377
140.507 166.377
140.507 166.377
140.507 166.377
140.507 166.377
140.705 166.627
140.902 166.877
140.902 166.877
140.902 166.877
141.099 167.127
141.099 167.127
141.297 167.377
141.297 167.377
141.297 167.377
141.297 167.377
141.691 167.877
142.086 168.377
142.283 168.627
142.481 168.877
142.678 169.127
142.876 169.377
142.876 169.377
142.876 169.377
143.281 169.877
143.281 169.877
143.281 169.877
143.686 170.377
143.686 170.377
143.686 170.377
144.092 170.877
144.092 170.877
144.092 170.877
144.497 171.377
144.497 171.377
144.497 171.377
144.903 171.877
145.308 172.377
145.308 172.377
145.713 172.877
145.713 172.877
146.119 173.377
146.119 173.377
146.119 173.377
146.311 173.627
146.503 173.877
146.503 173.877
146.503 173.877
146.888 174.377
146.888 174.377
147.288 174.877
147.288 174.877
147.488 175.127
147.688 175.377
147.688 175.377
147.688 175.377
147.688 175.377
148.088 175.877
148.088 175.877
148.488 176.377
148.488 176.377
148.488 176.377
148.488 176.377
148.888 176.877
148.888 176.877
149.288 177.377
149.288 177.377
149.288 177.377
149.288 177.377
149.688 177.877
150.088 178.377
150.288 178.627
150.488 178.877
150.488 178.877
150.688 179.127
150.888 179.377
150.888 179.377
150.888 179.377
150.888 179.377
150.888 179.377
151.288 179.877
151.688 180.377
151.888 180.627
152.088 180.877
152.088 180.877
152.288 181.127
152.488 181.377
152.488 181.377
152.488 181.377
152.488 181.377
152.488 181.377
152.488 181.377
152.888 181.877
152.888 181.877
153.288 182.377
153.288 182.377
153.288 182.377
153.288 182.377
153.488 182.627
153.688 182.877
153.688 182.877
153.888 183.127
154.088 183.377
154.088 183.377
154.088 183.377
154.888 184.377
155.088 184.627
155.288 184.877
155.488 185.127
155.688 185.377
155.688 185.377
155.688 185.377
155.688 185.377
155.688 185.377
155.688 185.377
156.088 185.877
156.488 186.377
156.488 186.377
156.488 186.377
156.488 186.377
156.888 186.877
156.888 186.877
157.288 187.377
157.288 187.377
157.288 187.377
157.288 187.377
157.288 187.377
157.688 187.877
158.088 188.377
158.088 188.377
158.088 188.377
158.088 188.377
158.488 188.877
158.488 188.877
158.888 189.377
158.888 189.377
158.888 189.377
159.288 189.877
159.288 189.877
159.288 189.877
159.688 190.377
159.688 190.377
159.688 190.377
160.088 190.877
160.088 190.877
160.088 190.877
160.288 191.127
160.488 191.377
160.488 191.377
160.688 191.627
160.688 191.627
160.888 191.877
160.888 191.877
161.088 192.127
161.088 192.127
161.288 192.377
161.288 192.377
161.288 192.377
161.488 192.627
161.488 192.627
161.688 192.877
161.688 192.877
161.888 193.127
162.088 193.377
162.088 193.377
162.088 193.377
162.088 193.377
162.488 193.877
162.488 193.877
162.888 194.377
162.888 194.377
163.288 194.877
163.288 194.877
164.088 195.877
164.488 196.377
164.488 196.377
165.088 197.127
165.288 197.377
165.288 197.377
165.288 197.377
165.288 197.377
165.688 197.877
166.088 198.377
166.088 198.377
166.488 198.877
166.488 198.877
167.688 200.377
167.688 200.377
167.688 200.377
167.688 200.377
167.688 200.377
168.088 200.877
168.088 200.877
168.488 201.377
168.488 201.377
168.488 201.377
168.488 201.377
168.488 201.377
168.888 201.877
168.888 201.877
169.288 202.377
169.288 202.377
169.688 202.877
169.688 202.877
170.088 203.377
170.488 203.877
170.488 203.877
170.888 204.377
170.888 204.377
170.888 204.377
171.288 204.877
171.688 205.377
171.688 205.377
171.688 205.377
171.888 205.627
172.088 205.877
172.088 205.877
172.288 206.127
172.488 206.377
172.688 206.627
172.888 206.877
172.888 206.877
173.288 207.377
173.288 207.377
173.688 207.877
174.088 208.377
174.088 208.377
174.088 208.377
174.488 208.877
174.488 208.877
174.488 208.877
174.688 209.127
174.888 209.377
174.888 209.377
174.888 209.377
174.888 209.377
175.288 209.877
175.288 209.877
175.688 210.377
175.688 210.377
176.088 210.877
176.088 210.877
176.488 211.377
176.888 211.877
176.888 211.877
177.288 212.377
177.288 212.377
177.288 212.377
177.288 212.377
177.688 212.877
177.688 212.877
178.088 213.377
178.088 213.377
178.088 213.377
178.088 213.377
178.488 213.877
178.488 213.877
178.888 214.377
178.888 214.377
178.888 214.377
179.288 214.877
179.288 214.877
179.688 215.377
180.088 215.877
180.288 216.127
180.488 216.377
180.688 216.627
180.888 216.877
181.088 217.127
181.288 217.377
181.288 217.377
181.288 217.377
181.288 217.377
181.288 217.377
181.688 217.877
181.688 217.877
182.088 218.377
182.088 218.377
182.488 218.877
182.488 218.877
182.888 219.377
182.888 219.377
182.888 219.377
182.888 219.377
183.288 219.877
183.288 219.877
183.688 220.377
183.688 220.377
184.088 220.877
184.288 221.127
184.488 221.377
184.488 221.377
184.488 221.377
184.488 221.377
184.888 221.877
184.888 221.877
184.888 221.877
185.288 222.377
185.288 222.377
185.288 222.377
185.688 222.877
186.088 223.377
186.088 223.377
186.088 223.377
186.088 223.377
186.488 223.877
186.488 223.877
186.488 223.877
186.888 224.377
186.888 224.377
186.888 224.377
186.888 224.377
186.888 224.377
187.288 224.877
187.288 224.877
187.288 224.877
187.688 225.377
187.688 225.377
187.688 225.377
187.688 225.377
188.088 225.877
188.088 225.877
188.488 226.377
188.488 226.377
188.888 226.877
188.888 226.877
188.888 226.877
189.288 227.377
189.288 227.377
189.288 227.377
189.688 227.877
189.688 227.877
190.088 228.377
190.088 228.377
190.088 228.377
190.088 228.377
190.488 228.877
190.488 228.877
190.688 229.127
190.888 229.377
190.888 229.377
190.888 229.377
190.888 229.377
190.888 229.377
191.288 229.877
191.488 230.127
191.688 230.377
191.888 230.627
192.088 230.877
192.288 231.127
192.488 231.377
192.488 231.377
192.488 231.377
192.488 231.377
192.888 231.877
192.888 231.877
192.888 231.877
193.288 232.377
193.288 232.377
193.288 232.377
193.288 232.377
193.288 232.377
193.688 232.877
193.688 232.877
194.088 233.377
194.088 233.377
194.088 233.377
194.088 233.377
194.088 233.377
194.088 233.377
194.488 233.877
194.488 233.877
194.888 234.377
194.888 234.377
195.088 234.627
195.288 234.877
195.288 234.877
195.288 234.877
195.488 235.127
195.688 235.377
195.688 235.377
195.888 235.627
196.088 235.877
196.088 235.877
196.088 235.877
196.288 236.127
196.488 236.377
196.488 236.377
196.488 236.377
196.688 236.627
196.888 236.877
196.888 236.877
196.888 236.877
197.088 237.127
197.288 237.377
197.288 237.377
197.288 237.377
197.288 237.377
197.288 237.377
197.688 237.877
198.088 238.377
198.088 238.377
198.088 238.377
198.088 238.377
198.088 238.377
198.488 238.877
198.675 239.11
198.888 239.377
198.888 239.377
198.888 239.377
198.888 239.377
198.918 239.415
198.936 239.438
199.173 239.733
199.288 239.877
199.288 239.877
199.288 239.877
199.481 240.119
199.688 240.377
199.688 240.377
199.718 240.415
200.088 240.877
200.088 240.877
200.088 240.877
200.288 241.127
200.488 241.377
200.488 241.377
200.488 241.377
200.488 241.377
200.488 241.377
200.488 241.377
200.888 241.877
200.888 241.877
201.288 242.377
201.288 242.377
201.288 242.377
201.288 242.377
201.288 242.377
201.688 242.877
201.688 242.877
202.088 243.377
202.088 243.377
202.488 243.877
202.488 243.877
202.888 244.377
202.888 244.377
202.888 244.377
203.088 244.627
203.288 244.877
203.288 244.877
203.688 245.377
203.688 245.377
203.688 245.377
203.688 245.377
203.688 245.377
204.088 245.877
204.088 245.877
204.488 246.377
204.488 246.377
204.488 246.377
204.488 246.377
204.888 246.877
204.888 246.877
204.888 246.877
204.888 246.877
204.888 246.877
204.888 246.877
205.288 247.377
205.688 247.877
205.688 247.877
205.888 248.127
206.088 248.377
206.088 248.377
206.288 248.627
206.488 248.877
206.488 248.877
206.688 249.127
206.888 249.377
206.888 249.377
206.888 249.377
206.888 249.377
206.888 249.377
206.888 249.377
207.288 249.877
207.688 250.377
207.688 250.377
207.688 250.377
208.088 250.877
208.088 250.877
208.488 251.377
208.488 251.377
208.488 251.377
208.888 251.877
208.888 251.877
209.288 252.377
209.288 252.377
209.288 252.377
209.688 252.877
209.688 252.877
209.888 253.127
210.088 253.377
210.088 253.377
210.088 253.377
210.493 253.877
210.899 254.377
211.304 254.877
211.71 255.377
211.912 255.627
212.115 255.877
212.318 256.127
212.52 256.377
212.52 256.377
212.723 256.627
212.926 256.877
212.926 256.877
213.129 257.127
213.331 257.377
213.731 257.877
213.731 257.877
213.731 257.877
213.731 257.877
213.731 257.877
213.731 257.877
214.131 258.377
214.131 258.377
214.131 258.377
214.131 258.377
214.131 258.377
214.131 258.377
214.531 258.877
214.531 258.877
214.531 258.877
214.531 258.877
214.531 258.877
214.531 258.877
215.331 259.877
215.531 260.127
215.731 260.377
215.731 260.377
215.731 260.377
215.731 260.377
216.154 260.877
216.154 260.877
216.154 260.877
216.576 261.377
216.999 261.877
216.999 261.877
216.999 261.877
216.999 261.877
216.999 261.877
217.421 262.377
217.832 262.877
217.832 262.877
218.038 263.127
218.038 263.127
218.243 263.377
218.243 263.377
218.243 263.377
218.243 263.377
218.243 263.377
218.638 263.877
218.638 263.877
218.835 264.127
218.835 264.127
218.835 264.127
219.033 264.377
219.033 264.377
219.23 264.627
219.23 264.627
219.23 264.627
219.428 264.877
219.428 264.877
219.822 265.377
219.822 265.377
219.822 265.377
219.822 265.377
219.822 265.377
219.822 265.377
220.245 265.877
220.245 265.877
220.667 266.377
220.667 266.377
220.667 266.377
220.667 266.377
221.073 266.877
221.073 266.877
221.073 266.877
221.073 266.877
221.478 267.377
221.478 267.377
221.478 267.377
221.884 267.877
221.884 267.877
222.289 268.377
222.289 268.377
222.289 268.377
222.289 268.377
222.492 268.627
222.694 268.877
222.897 269.127
223.1 269.377
223.1 269.377
223.1 269.377
223.1 269.377
223.505 269.877
223.505 269.877
223.505 269.877
223.505 269.877
223.708 270.127
223.708 270.127
223.911 270.377
224.113 270.627
224.113 270.627
224.316 270.877
224.519 271.127
224.519 271.127
224.924 271.627
224.924 271.627
225.127 271.877
225.33 272.127
225.532 272.377
225.532 272.377
225.735 272.627
225.735 272.627
225.938 272.877
225.938 272.877
225.938 272.877
225.938 272.877
226.14 273.127
226.14 273.127
226.343 273.377
226.343 273.377
226.343 273.377
226.343 273.377
226.343 273.377
226.748 273.877
226.748 273.877
227.154 274.377
227.154 274.377
227.154 274.377
227.154 274.377
227.559 274.877
227.559 274.877
227.965 275.377
227.965 275.377
227.965 275.377
228.37 275.877
228.37 275.877
228.775 276.377
228.775 276.377
228.775 276.377
228.978 276.627
229.181 276.877
229.181 276.877
229.384 277.127
229.586 277.377
229.586 277.377
229.586 277.377
229.586 277.377
229.992 277.877
229.992 277.877
230.397 278.377
230.397 278.377
230.397 278.377
230.397 278.377
230.803 278.877
230.803 278.877
231.208 279.377
231.208 279.377
231.208 279.377
231.613 279.877
232.019 280.377
232.019 280.377
232.019 280.377
232.424 280.877
232.83 281.377
232.83 281.377
232.83 281.377
232.83 281.377
233.23 281.877
233.23 281.877
233.23 281.877
233.23 281.877
233.63 282.377
233.63 282.377
233.63 282.377
233.63 282.377
233.63 282.377
234.03 282.877
234.03 282.877
234.03 282.877
234.03 282.877
234.43 283.377
234.43 283.377
234.43 283.377
234.83 283.877
234.83 283.877
234.83 283.877
234.83 283.877
235.23 284.377
235.23 284.377
235.23 284.377
235.63 284.877
235.63 284.877
236.03 285.377
236.03 285.377
236.43 285.877
236.83 286.377
237.23 286.877
237.63 287.377
238.041 287.877
238.451 288.377
238.862 288.877
238.862 288.877
239.273 289.377
239.273 289.377
239.273 289.377
239.684 289.877
239.684 289.877
240.095 290.377
240.095 290.377
240.095 290.377
240.506 290.877
240.712 291.127
240.917 291.377
240.917 291.377
240.917 291.377
240.917 291.377
241.328 291.877
241.739 292.377
241.739 292.377
242.15 292.877
242.15 292.877
242.561 293.377
242.561 293.377
242.561 293.377
242.972 293.877
242.972 293.877
243.383 294.377
243.383 294.377
243.383 294.377
243.383 294.377
243.588 294.627
243.794 294.877
243.794 294.877
244.205 295.377
244.205 295.377
244.205 295.377
244.616 295.877
245.027 296.377
245.849 297.377
245.849 297.377
245.849 297.377
245.849 297.377
245.849 297.377
246.26 297.877
246.26 297.877
246.671 298.377
246.671 298.377
247.082 298.877
247.082 298.877
247.493 299.377
247.493 299.377
247.493 299.377
247.493 299.377
248.314 300.377
248.725 300.877
249.342 301.627
249.547 301.877
249.958 302.377
249.958 302.377
250.369 302.877
250.369 302.877
251.191 303.877
251.602 304.377
252.424 305.377
252.467 305.429
252.47 305.433
252.474 305.438
252.479 305.444
252.835 305.877
253.246 306.377
253.657 306.877
254.405 307.788
254.407 307.79
254.41 307.794
254.415 307.8
258.177 312.377
259.354 313.377
259.354 313.377
259.765 313.877
260.176 314.377
260.587 314.877
260.998 315.377
261.474 315.877
261.95 316.377
262.903 317.377
262.903 317.377
263.379 317.877
263.855 318.377
264.908 319.377
265.875 320.377
265.875 320.377
266.875 321.377
266.875 321.377
267.411 321.877
267.947 322.377
268.964 323.377
270.406 324.627
272.425 326.377
273.002 326.877
273.291 327.127
273.579 327.377
273.868 327.627
274.156 327.877
274.444 328.127
274.733 328.377
275.31 328.877
275.598 329.127
275.887 329.377
276.175 329.627
276.752 330.127
277.329 330.627
278.194 331.377
278.194 331.377
278.194 331.377
