0.300403 0.310417
0.300403 0.310417
0.542338 0.560417
0.784273 0.810417
0.784273 0.810417
1.02621 1.06042
1.26814 1.31042
1.26814 1.31042
1.51008 1.56042
1.75201 1.81042
1.75201 1.81042
1.99395 2.06042
2.23588 2.31042
2.23588 2.31042
2.47782 2.56042
2.71976 2.81042
2.71976 2.81042
2.96169 3.06042
3.20363 3.31042
3.20363 3.31042
3.44556 3.56042
3.6875 3.81042
3.6875 3.81042
3.92943 4.06042
4.17137 4.31042
4.17137 4.31042
4.4133 4.56042
4.65524 4.81042
4.65524 4.81042
4.89717 5.06042
5.13911 5.31042
5.13911 5.31042
5.38104 5.56042
5.62298 5.81042
5.62298 5.81042
5.86491 6.06042
6.10685 6.31042
6.34878 6.56042
6.59072 6.81042
6.83265 7.06042
7.07459 7.31042
7.31653 7.56042
7.55846 7.81042
8.04233 8.31042
8.04233 8.31042
8.28427 8.56042
8.5262 8.81042
8.5262 8.81042
8.76814 9.06042
9.01007 9.31042
9.01007 9.31042
9.25201 9.56042
9.49394 9.81042
9.49394 9.81042
9.73588 10.0604
9.97781 10.3104
9.97781 10.3104
10.2197 10.5604
10.4617 10.8104
10.4617 10.8104
10.7036 11.0604
10.9456 11.3104
10.9456 11.3104
11.1875 11.5604
11.4294 11.8104
11.4294 11.8104
11.6714 12.0604
11.9133 12.3104
12.1552 12.5604
12.3972 12.8104
12.3972 12.8104
12.6391 13.0604
12.881 13.3104
12.881 13.3104
13.123 13.5604
13.3649 13.8104
13.3649 13.8104
13.6068 14.0604
13.8488 14.3104
13.8488 14.3104
14.0907 14.5604
14.3326 14.8104
14.5746 15.0604
14.8165 15.3104
15.0585 15.5604
15.3004 15.8104
15.7843 16.3104
16.0262 16.5604
16.2681 16.8104
16.5101 17.0604
16.752 17.3104
16.752 17.3104
16.9939 17.5604
16.9939 17.5604
17.2359 17.8104
17.2359 17.8104
17.4778 18.0604
17.4778 18.0604
17.7197 18.3104
17.7197 18.3104
17.9617 18.5604
18.2036 18.8104
18.2036 18.8104
18.4455 19.0604
18.4455 19.0604
18.6875 19.3104
18.9294 19.5604
18.9294 19.5604
19.1714 19.8104
19.1714 19.8104
19.4133 20.0604
19.6552 20.3104
19.8972 20.5604
19.8972 20.5604
20.1391 20.8104
20.381 21.0604
20.8649 21.5604
21.1068 21.8104
21.3488 22.0604
21.5907 22.3104
21.8326 22.5604
22.0746 22.8104
22.3165 23.0604
22.5584 23.3104
22.8004 23.5604
23.0423 23.8104
23.2843 24.0604
23.5262 24.3104
23.7681 24.5604
24.0101 24.8104
24.252 25.0604
24.4939 25.3104
24.4939 25.3104
24.7359 25.5604
24.9778 25.8104
24.9778 25.8104
25.2197 26.0604
25.2197 26.0604
25.4617 26.3104
25.4617 26.3104
25.7036 26.5604
25.7036 26.5604
25.9455 26.8104
25.9455 26.8104
26.1875 27.0604
26.1875 27.0604
26.4294 27.3104
26.6713 27.5604
26.6713 27.5604
26.9133 27.8104
26.9133 27.8104
27.1552 28.0604
27.1552 28.0604
27.3972 28.3104
27.6391 28.5604
27.6391 28.5604
27.881 28.8104
28.123 29.0604
28.6068 29.5604
28.8488 29.8104
28.8488 29.8104
29.0907 30.0604
29.0907 30.0604
29.3326 30.3104
29.5746 30.5604
29.8165 30.8104
30.0584 31.0604
30.3004 31.3104
30.5423 31.5604
30.7842 31.8104
31.0262 32.0604
31.0262 32.0604
31.2681 32.3104
31.2681 32.3104
31.5101 32.5604
31.752 32.8104
31.752 32.8104
31.9939 33.0604
31.9939 33.0604
32.2359 33.3104
32.4778 33.5604
32.7197 33.8104
32.7197 33.8104
32.9617 34.0604
32.9617 34.0604
33.2036 34.3104
33.4455 34.5604
33.6875 34.8104
33.6875 34.8104
33.9294 35.0604
33.9294 35.0604
33.9294 35.0604
34.4133 35.5604
34.4133 35.5604
34.6552 35.8104
34.8971 36.0604
35.1391 36.3104
35.1391 36.3104
35.381 36.5604
35.6229 36.8104
35.6229 36.8104
35.8649 37.0604
35.8649 37.0604
36.3488 37.5604
36.5907 37.8104
36.5907 37.8104
36.8326 38.0604
36.8326 38.0604
37.0746 38.3104
37.0746 38.3104
37.3165 38.5604
37.5584 38.8104
37.5584 38.8104
37.8004 39.0604
37.8004 39.0604
38.2842 39.5604
38.2842 39.5604
38.5262 39.8104
38.7681 40.0604
39.01 40.3104
39.01 40.3104
39.252 40.5604
39.4939 40.8104
39.4939 40.8104
39.7358 41.0604
39.7358 41.0604
40.2197 41.5604
40.4617 41.8104
40.4617 41.8104
40.7036 42.0604
40.7036 42.0604
40.9455 42.3104
41.1875 42.5604
41.4294 42.8104
41.4294 42.8104
41.6713 43.0604
41.6713 43.0604
42.1552 43.5604
42.1552 43.5604
42.6391 44.0604
42.881 44.3104
42.881 44.3104
43.1229 44.5604
43.3649 44.8104
43.3649 44.8104
43.6068 45.0604
43.6068 45.0604
44.0907 45.5604
44.3326 45.8104
44.3326 45.8104
44.5746 46.0604
44.5746 46.0604
44.8165 46.3104
44.8165 46.3104
44.8165 46.3104
44.8165 46.3104
48.6875 50.3104
48.6875 50.3104
48.9294 50.5604
49.1713 50.8104
49.1713 50.8104
49.4133 51.0604
49.6552 51.3104
49.6552 51.3104
49.8971 51.5604
50.1391 51.8104
50.1391 51.8104
50.381 52.0604
50.6229 52.3104
50.6229 52.3104
50.6229 52.3104
51.1068 52.8104
51.3487 53.0604
51.5907 53.3104
51.5907 53.3104
51.8326 53.5604
52.0745 53.8104
52.0745 53.8104
52.3165 54.0604
52.5584 54.3104
52.5584 54.3104
52.5584 54.3104
52.5584 54.3104
52.5584 54.3104
53.0423 54.8104
53.0423 54.8104
53.2842 55.0604
53.5262 55.3104
53.5262 55.3104
53.5262 55.3104
54.01 55.8104
54.01 55.8104
54.4939 56.3104
54.4939 56.3104
54.4939 56.3104
54.4939 56.3104
54.4939 56.3104
54.9778 56.8104
55.2197 57.0604
55.4616 57.3104
55.7036 57.5604
55.9455 57.8104
56.1874 58.0604
56.4294 58.3104
56.4294 58.3104
56.4294 58.3104
56.4294 58.3104
56.6713 58.5604
56.9133 58.8104
57.1552 59.0604
57.1552 59.0604
57.3971 59.3104
57.3971 59.3104
57.3971 59.3104
57.6391 59.5604
57.881 59.8104
58.1229 60.0604
58.1229 60.0604
58.3649 60.3104
58.3649 60.3104
58.3649 60.3104
58.3649 60.3104
58.6068 60.5604
58.6068 60.5604
58.8487 60.8104
58.8487 60.8104
58.8487 60.8104
59.0907 61.0604
59.0907 61.0604
59.3326 61.3104
59.3326 61.3104
59.5745 61.5604
59.5745 61.5604
59.8165 61.8104
60.0584 62.0604
60.3003 62.3104
60.5423 62.5604
60.7842 62.8104
61.0262 63.0604
61.2681 63.3104
61.2681 63.3104
61.51 63.5604
61.51 63.5604
61.752 63.8104
61.9939 64.0604
61.9939 64.0604
62.2358 64.3104
62.4778 64.5604
62.4778 64.5604
62.7197 64.8104
62.9616 65.0604
63.2036 65.3104
63.2036 65.3104
63.4455 65.5604
63.6874 65.8104
63.6874 65.8104
64.1713 66.3104
64.1713 66.3104
64.1713 66.3104
64.1713 66.3104
64.1713 66.3104
64.4132 66.5604
64.6552 66.8104
64.6552 66.8104
64.6552 66.8104
64.8971 67.0604
64.8971 67.0604
65.139 67.3104
65.381 67.5604
65.6229 67.8104
65.6229 67.8104
65.8649 68.0604
66.1068 68.3104
66.1068 68.3104
66.1068 68.3104
66.1068 68.3104
66.3487 68.5604
66.5907 68.8104
66.8326 69.0604
66.8326 69.0604
67.0745 69.3104
67.3165 69.5604
67.5584 69.8104
67.8003 70.0604
68.0423 70.3104
68.0423 70.3104
68.0423 70.3104
68.0423 70.3104
68.0423 70.3104
68.5261 70.8104
68.5261 70.8104
68.7681 71.0604
69.01 71.3104
69.01 71.3104
69.01 71.3104
69.01 71.3104
69.4939 71.8104
69.4939 71.8104
69.9778 72.3104
69.9778 72.3104
69.9778 72.3104
69.9778 72.3104
69.9778 72.3104
70.2197 72.5604
70.4616 72.8104
70.7036 73.0604
70.9455 73.3104
70.9455 73.3104
71.1874 73.5604
71.4294 73.8104
71.6713 74.0604
71.9132 74.3104
71.9132 74.3104
72.1552 74.5604
72.3971 74.8104
72.3971 74.8104
72.639 75.0604
72.881 75.3104
72.881 75.3104
73.1229 75.5604
73.3648 75.8104
73.3648 75.8104
73.6068 76.0604
73.8487 76.3104
73.8487 76.3104
73.8487 76.3104
74.0907 76.5604
74.3326 76.8104
74.3326 76.8104
74.5745 77.0604
74.5745 77.0604
74.8165 77.3104
75.0584 77.5604
75.3003 77.8104
75.3003 77.8104
75.5423 78.0604
75.7842 78.3104
75.7842 78.3104
76.0261 78.5604
76.2681 78.8104
76.51 79.0604
76.7519 79.3104
76.7519 79.3104
76.9939 79.5604
77.2358 79.8104
77.4777 80.0604
77.7197 80.3104
77.7197 80.3104
77.7197 80.3104
77.7197 80.3104
78.2036 80.8104
78.2036 80.8104
78.6874 81.3104
78.6874 81.3104
78.6874 81.3104
78.6874 81.3104
79.1713 81.8104
79.6552 82.3104
79.6552 82.3104
79.6552 82.3104
79.6552 82.3104
79.6552 82.3104
79.6552 82.3104
79.8971 82.5604
80.139 82.8104
80.139 82.8104
80.381 83.0604
80.6229 83.3104
80.8648 83.5604
81.1068 83.8104
81.3487 84.0604
81.5906 84.3104
81.5906 84.3104
81.5906 84.3104
81.5906 84.3104
81.5906 84.3104
83.2842 86.0604
83.4052 86.1854
83.5261 86.3104
83.5261 86.3104
83.5261 86.3104
83.5261 86.3104
83.5261 86.3104
83.7681 86.5604
84.01 86.8104
84.2519 87.0604
84.4939 87.3104
84.7358 87.5604
84.9777 87.8104
85.2197 88.0604
85.4616 88.3104
85.4616 88.3104
85.4616 88.3104
85.4616 88.3104
88.3648 91.3104
88.4858 91.4354
88.6068 91.5604
89.3326 92.3104
89.5745 92.5604
89.8164 92.8104
90.0584 93.0604
90.3003 93.3104
90.3003 93.3104
90.5423 93.5604
90.5423 93.5604
90.7842 93.8104
90.7842 93.8104
91.0261 94.0604
91.0261 94.0604
91.2681 94.3104
91.2681 94.3104
91.51 94.5604
91.51 94.5604
91.7519 94.8104
91.7519 94.8104
91.9939 95.0604
91.9939 95.0604
92.2358 95.3104
92.4777 95.5604
92.4777 95.5604
92.7197 95.8104
92.7197 95.8104
92.9616 96.0604
93.2035 96.3104
93.2035 96.3104
93.4455 96.5604
93.6874 96.8104
93.9293 97.0604
94.4132 97.5604
94.6552 97.8104
94.8971 98.0604
94.8971 98.0604
95.0181 98.1854
95.139 98.3104
95.139 98.3104
95.381 98.5604
95.381 98.5604
95.6229 98.8104
95.6229 98.8104
95.8648 99.0604
95.8648 99.0604
96.1068 99.3104
96.1068 99.3104
96.3487 99.5604
96.3487 99.5604
96.5906 99.8104
96.8326 100.06
97.0745 100.31
97.3164 100.56
97.5584 100.81
97.8003 101.06
98.0422 101.31
98.0422 101.31
98.2842 101.56
98.5261 101.81
98.5261 101.81
98.768 102.06
98.768 102.06
99.01 102.31
99.01 102.31
99.2519 102.56
99.2519 102.56
99.4939 102.81
99.4939 102.81
99.7358 103.06
99.7358 103.06
99.9777 103.31
100.22 103.56
100.22 103.56
100.462 103.81
100.462 103.81
100.704 104.06
100.704 104.06
100.945 104.31
100.945 104.31
101.187 104.56
101.429 104.81
101.671 105.06
102.155 105.56
102.397 105.81
102.639 106.06
102.881 106.31
103.123 106.56
103.365 106.81
103.607 107.06
103.849 107.31
103.97 107.435
104.091 107.56
104.091 107.56
104.212 107.685
104.333 107.81
104.333 107.81
104.454 107.935
104.574 108.06
104.574 108.06
104.574 108.06
104.695 108.185
104.816 108.31
104.816 108.31
104.816 108.31
105.058 108.56
105.3 108.81
105.3 108.81
105.542 109.06
105.542 109.06
105.784 109.31
106.026 109.56
106.268 109.81
106.268 109.81
106.51 110.06
106.51 110.06
106.752 110.31
106.994 110.56
107.236 110.81
107.236 110.81
107.236 110.81
107.478 111.06
107.478 111.06
107.478 111.06
107.72 111.31
107.962 111.56
107.962 111.56
108.204 111.81
108.204 111.81
108.445 112.06
108.687 112.31
108.687 112.31
108.687 112.31
108.929 112.56
109.171 112.81
109.171 112.81
109.413 113.06
109.413 113.06
109.655 113.31
109.897 113.56
110.139 113.81
110.139 113.81
110.381 114.06
110.381 114.06
110.623 114.31
110.623 114.31
110.865 114.56
111.107 114.81
111.107 114.81
111.349 115.06
111.349 115.06
111.833 115.56
111.833 115.56
112.074 115.81
112.316 116.06
112.558 116.31
112.558 116.31
112.8 116.56
113.042 116.81
113.042 116.81
113.284 117.06
113.284 117.06
113.768 117.56
114.01 117.81
114.01 117.81
114.252 118.06
114.252 118.06
114.494 118.31
114.494 118.31
114.736 118.56
114.978 118.81
114.978 118.81
114.978 118.81
115.22 119.06
115.22 119.06
115.22 119.06
115.704 119.56
115.704 119.56
115.704 119.56
116.187 120.06
116.429 120.31
116.429 120.31
116.671 120.56
116.913 120.81
116.913 120.81
117.155 121.06
117.155 121.06
117.639 121.56
117.639 121.56
117.639 121.56
117.881 121.81
117.881 121.81
117.881 121.81
118.123 122.06
118.123 122.06
118.365 122.31
118.365 122.31
118.365 122.31
118.365 122.31
118.365 122.31
118.365 122.31
119.816 123.81
119.937 123.935
120.058 124.06
120.179 124.185
120.3 124.31
120.3 124.31
120.3 124.31
120.542 124.56
120.784 124.81
120.784 124.81
121.026 125.06
121.268 125.31
121.268 125.31
121.51 125.56
121.752 125.81
121.752 125.81
121.994 126.06
122.236 126.31
122.236 126.31
122.236 126.31
122.72 126.81
122.962 127.06
123.204 127.31
123.204 127.31
123.445 127.56
123.687 127.81
123.687 127.81
123.929 128.06
124.171 128.31
124.171 128.31
124.171 128.31
124.171 128.31
124.171 128.31
124.655 128.81
124.655 128.81
124.897 129.06
125.139 129.31
125.139 129.31
125.139 129.31
125.623 129.81
125.623 129.81
126.107 130.31
126.107 130.31
126.107 130.31
126.107 130.31
126.591 130.81
126.833 131.06
127.074 131.31
127.316 131.56
127.558 131.81
127.8 132.06
128.042 132.31
128.042 132.31
128.042 132.31
128.284 132.56
128.526 132.81
128.768 133.06
128.768 133.06
129.01 133.31
129.01 133.31
129.01 133.31
129.252 133.56
129.494 133.81
129.736 134.06
129.736 134.06
129.978 134.31
129.978 134.31
129.978 134.31
130.22 134.56
130.22 134.56
130.462 134.81
130.462 134.81
130.704 135.06
130.704 135.06
130.945 135.31
131.187 135.56
131.187 135.56
131.429 135.81
131.429 135.81
131.671 136.06
131.671 136.06
131.913 136.31
131.913 136.31
132.155 136.56
132.397 136.81
132.639 137.06
132.881 137.31
132.881 137.31
133.123 137.56
133.123 137.56
133.365 137.81
133.607 138.06
133.607 138.06
133.849 138.31
134.091 138.56
134.091 138.56
134.333 138.81
134.574 139.06
134.816 139.31
135.058 139.56
135.058 139.56
135.3 139.81
135.3 139.81
135.542 140.06
135.784 140.31
135.784 140.31
135.784 140.31
135.784 140.31
135.784 140.31
136.026 140.56
136.268 140.81
136.268 140.81
136.268 140.81
136.51 141.06
136.51 141.06
136.752 141.31
136.752 141.31
136.994 141.56
137.236 141.81
137.236 141.81
137.236 141.81
137.478 142.06
137.72 142.31
137.72 142.31
137.72 142.31
137.72 142.31
137.72 142.31
137.962 142.56
138.203 142.81
138.445 143.06
138.445 143.06
138.687 143.31
138.929 143.56
139.171 143.81
139.413 144.06
139.655 144.31
139.655 144.31
139.655 144.31
139.655 144.31
139.655 144.31
140.139 144.81
140.139 144.81
140.381 145.06
140.623 145.31
140.623 145.31
140.623 145.31
141.107 145.81
141.107 145.81
141.591 146.31
141.591 146.31
141.591 146.31
141.591 146.31
141.591 146.31
141.833 146.56
142.074 146.81
142.316 147.06
142.558 147.31
142.8 147.56
142.8 147.56
143.042 147.81
143.042 147.81
143.042 147.81
143.284 148.06
143.284 148.06
143.526 148.31
143.526 148.31
143.526 148.31
143.768 148.56
144.01 148.81
144.252 149.06
144.494 149.31
144.494 149.31
144.736 149.56
144.978 149.81
145.22 150.06
145.462 150.31
145.462 150.31
145.703 150.56
145.945 150.81
146.187 151.06
146.429 151.31
146.429 151.31
146.671 151.56
146.913 151.81
146.913 151.81
147.155 152.06
147.397 152.31
147.397 152.31
147.397 152.31
147.639 152.56
147.881 152.81
147.881 152.81
148.123 153.06
148.123 153.06
148.365 153.31
148.607 153.56
148.849 153.81
148.849 153.81
149.091 154.06
149.091 154.06
149.333 154.31
149.333 154.31
149.816 154.81
149.816 154.81
150.3 155.31
150.3 155.31
150.3 155.31
150.784 155.81
151.268 156.31
151.268 156.31
151.268 156.31
151.268 156.31
151.268 156.31
151.752 156.81
152.236 157.31
152.236 157.31
152.236 157.31
152.236 157.31
152.236 157.31
152.236 157.31
152.72 157.81
152.72 157.81
152.72 157.81
152.72 157.81
152.72 157.81
153.203 158.31
153.203 158.31
153.203 158.31
153.203 158.31
153.203 158.31
153.687 158.81
153.687 158.81
153.687 158.81
153.687 158.81
153.687 158.81
154.171 159.31
154.171 159.31
154.171 159.31
154.171 159.31
154.171 159.31
154.655 159.81
154.897 160.06
155.139 160.31
155.139 160.31
155.139 160.31
155.139 160.31
155.623 160.81
155.623 160.81
155.865 161.06
155.865 161.06
156.107 161.31
156.107 161.31
156.349 161.56
156.591 161.81
156.833 162.06
157.074 162.31
157.074 162.31
157.074 162.31
157.074 162.31
157.558 162.81
157.8 163.06
157.8 163.06
158.042 163.31
158.042 163.31
158.042 163.31
158.284 163.56
158.526 163.81
159.01 164.31
159.01 164.31
159.01 164.31
159.01 164.31
159.252 164.56
159.494 164.81
159.494 164.81
159.736 165.06
159.736 165.06
159.736 165.06
159.736 165.06
160.22 165.56
160.22 165.56
160.462 165.81
160.462 165.81
160.462 165.81
160.703 166.06
160.703 166.06
160.945 166.31
160.945 166.31
160.945 166.31
160.945 166.31
161.429 166.81
161.429 166.81
161.671 167.06
161.671 167.06
161.671 167.06
161.671 167.06
162.155 167.56
162.155 167.56
162.397 167.81
162.397 167.81
162.397 167.81
162.881 168.31
162.881 168.31
162.881 168.31
162.881 168.31
163.101 168.537
163.123 168.56
163.353 168.798
163.365 168.81
163.365 168.81
163.578 169.031
163.607 169.06
163.824 169.285
163.849 169.31
163.849 169.31
163.849 169.31
164.07 169.54
164.091 169.56
164.3 169.777
164.333 169.81
164.556 170.042
164.816 170.31
164.816 170.31
164.816 170.31
164.816 170.31
165.058 170.56
165.3 170.81
165.3 170.81
165.542 171.06
165.542 171.06
165.542 171.06
165.784 171.31
165.784 171.31
165.784 171.31
166.026 171.56
166.026 171.56
166.268 171.81
166.51 172.06
166.752 172.31
166.752 172.31
166.752 172.31
166.752 172.31
166.752 172.31
166.994 172.56
167.236 172.81
167.478 173.06
167.478 173.06
167.72 173.31
167.72 173.31
167.72 173.31
167.962 173.56
168.203 173.81
168.203 173.81
168.445 174.06
168.445 174.06
168.445 174.06
168.687 174.31
168.929 174.56
168.929 174.56
168.929 174.56
169.413 175.06
169.655 175.31
169.897 175.56
170.139 175.81
170.139 175.81
170.381 176.06
170.381 176.06
170.623 176.31
170.623 176.31
170.623 176.31
170.623 176.31
170.623 176.31
174.978 180.81
175.099 180.935
175.22 181.06
175.341 181.185
175.462 181.31
175.462 181.31
175.462 181.31
175.462 181.31
175.462 181.31
175.462 181.31
175.945 181.81
175.945 181.81
176.187 182.06
176.429 182.31
176.429 182.31
176.429 182.31
176.429 182.31
176.913 182.81
176.913 182.81
177.397 183.31
177.397 183.31
177.397 183.31
177.397 183.31
177.397 183.31
177.639 183.56
177.881 183.81
178.123 184.06
178.123 184.06
178.123 184.06
178.607 184.56
178.849 184.81
178.849 184.81
178.849 184.81
179.091 185.06
179.332 185.31
179.332 185.31
179.332 185.31
179.332 185.31
179.332 185.31
179.816 185.81
179.816 185.81
180.058 186.06
180.3 186.31
180.3 186.31
180.3 186.31
180.3 186.31
180.784 186.81
180.784 186.81
181.268 187.31
181.268 187.31
181.268 187.31
181.268 187.31
181.268 187.31
181.51 187.56
181.752 187.81
181.752 187.81
181.994 188.06
181.994 188.06
182.236 188.31
182.236 188.31
182.478 188.56
182.478 188.56
182.72 188.81
182.72 188.81
182.72 188.81
183.203 189.31
183.203 189.31
183.203 189.31
183.203 189.31
183.203 189.31
183.203 189.31
183.445 189.56
183.687 189.81
183.687 189.81
183.929 190.06
183.929 190.06
184.171 190.31
184.171 190.31
184.171 190.31
184.171 190.31
184.413 190.56
184.655 190.81
184.897 191.06
185.139 191.31
185.139 191.31
185.139 191.31
185.139 191.31
185.381 191.56
185.623 191.81
185.623 191.81
185.865 192.06
185.865 192.06
186.107 192.31
186.107 192.31
186.107 192.31
186.107 192.31
186.107 192.31
186.349 192.56
186.349 192.56
186.349 192.56
186.591 192.81
186.591 192.81
186.591 192.81
187.074 193.31
187.074 193.31
187.074 193.31
187.074 193.31
187.8 194.06
188.042 194.31
188.042 194.31
188.042 194.31
188.042 194.31
188.284 194.56
188.526 194.81
188.768 195.06
189.01 195.31
189.01 195.31
189.01 195.31
189.01 195.31
189.252 195.56
189.494 195.81
189.736 196.06
189.978 196.31
189.978 196.31
189.978 196.31
190.22 196.56
190.462 196.81
190.462 196.81
190.462 196.81
190.945 197.31
190.945 197.31
191.429 197.81
191.429 197.81
191.671 198.06
191.913 198.31
191.913 198.31
191.913 198.31
191.913 198.31
191.913 198.31
192.397 198.81
192.397 198.81
192.397 198.81
192.639 199.06
192.881 199.31
192.881 199.31
192.881 199.31
192.881 199.31
192.881 199.31
192.881 199.31
193.607 200.06
193.849 200.31
193.849 200.31
193.849 200.31
194.091 200.56
194.332 200.81
194.332 200.81
194.332 200.81
194.816 201.31
194.816 201.31
194.816 201.31
194.816 201.31
194.816 201.31
195.3 201.81
195.542 202.06
195.784 202.31
195.784 202.31
195.784 202.31
195.784 202.31
196.268 202.81
196.268 202.81
196.752 203.31
196.752 203.31
196.752 203.31
196.752 203.31
196.752 203.31
197.236 203.81
197.478 204.06
197.72 204.31
197.72 204.31
198.203 204.81
198.203 204.81
198.687 205.31
198.687 205.31
198.687 205.31
198.687 205.31
198.687 205.31
199.171 205.81
199.413 206.06
199.655 206.31
199.655 206.31
199.655 206.31
199.655 206.31
200.139 206.81
200.623 207.31
200.623 207.31
200.623 207.31
200.623 207.31
200.623 207.31
201.107 207.81
201.349 208.06
201.591 208.31
201.591 208.31
201.591 208.31
202.074 208.81
202.558 209.31
202.558 209.31
202.558 209.31
202.558 209.31
202.558 209.31
203.042 209.81
203.042 209.81
203.284 210.06
203.284 210.06
203.526 210.31
203.526 210.31
203.526 210.31
204.01 210.81
204.01 210.81
204.252 211.06
204.494 211.31
204.494 211.31
204.494 211.31
204.494 211.31
204.978 211.81
204.978 211.81
205.22 212.06
205.461 212.31
205.703 212.56
205.945 212.81
206.187 213.06
206.429 213.31
206.429 213.31
206.445 213.327
209.332 216.31
209.332 216.31
209.332 216.31
209.332 216.31
209.574 216.56
209.816 216.81
210.058 217.06
210.3 217.31
210.3 217.31
210.542 217.56
210.784 217.81
210.784 217.81
211.026 218.06
211.026 218.06
211.268 218.31
211.268 218.31
211.268 218.31
211.268 218.31
211.268 218.31
211.51 218.56
211.51 218.56
211.752 218.81
211.752 218.81
211.994 219.06
212.478 219.56
212.72 219.81
212.961 220.06
213.203 220.31
213.203 220.31
213.203 220.31
213.203 220.31
213.445 220.56
213.687 220.81
213.929 221.06
214.413 221.56
214.655 221.81
214.897 222.06
215.139 222.31
215.167 222.34
215.381 222.56
215.623 222.81
215.865 223.06
216.349 223.56
216.54 223.758
216.812 224.04
217.175 224.415
217.53 224.781
218.042 225.31
218.216 225.49
219.33 226.642
219.47 226.785
219.556 226.875
