1.92168 2.65833
2.19427 3.03542
2.28915 3.16667
2.38554 3.3
2.63855 3.65
2.84939 3.94167
2.99999 4.15
3.10993 4.30208
3.25752 4.50625
4.87348 6.74167
5.24698 7.25833
5.4789 7.57917
5.6521 7.81875
5.79667 8.01875
5.9021 8.16458
6.06173 8.38542
6.23041 8.61875
6.83884 9.46042
7.03161 9.72708
7.10992 9.83542
7.23794 10.0125
7.32378 10.1312
7.43673 10.2875
8.29064 11.4688
8.57378 11.8604
9.58883 13.2646
9.79365 13.5479
9.96082 13.7792
10.1536 14.0458
10.2259 14.1458
10.3162 14.2708
10.3283 14.2875
10.3343 14.2958
10.3358 14.2979
11.0271 15.2542
11.2394 15.5479
11.4171 15.7937
11.8027 16.3271
12.8418 17.7646
12.8418 17.7646
12.8479 17.7729
13.015 18.0042
13.2138 18.2792
13.2199 18.2875
13.2364 18.3104
14.2695 19.7396
14.2711 19.7417
14.2726 19.7437
14.8027 20.4771
14.8192 20.5
14.8253 20.5083
15.3554 21.2417
15.3569 21.2437
15.3629 21.2521
15.7259 21.7542
15.893 21.9854
16.0135 22.1521
16.0602 22.2167
16.0662 22.225
16.0858 22.2521
16.0903 22.2583
16.1988 22.4083
17.1265 23.6917
17.3207 23.9604
17.4879 24.1917
17.6716 24.4458
18.1912 25.1646
18.1957 25.1708
18.1972 25.1729
18.9457 26.2083
18.9503 26.2146
18.9563 26.2229
18.9578 26.225
19.5256 27.0104
19.5346 27.0229
20.0406 27.7229
20.0572 27.7458
20.0632 27.7542
20.5602 28.4417
20.5722 28.4583
21.1009 29.1896
21.1039 29.1938
21.1054 29.1958
21.7259 30.0542
21.8945 30.2875
21.8945 30.2875
21.8945 30.2875
21.8945 30.2875
21.8945 30.2875
21.8945 30.2875
21.8945 30.2875
22.003 30.4375
22.9382 31.7312
22.9789 31.7875
22.9789 31.7875
22.9789 31.7875
23.3072 32.2417
23.521 32.5375
23.6551 32.7229
23.7018 32.7875
23.9999 33.2
24.0632 33.2875
24.0632 33.2875
24.0632 33.2875
24.3659 33.7062
24.7545 34.2437
24.7861 34.2875
24.7861 34.2875
24.7861 34.2875
25.1099 34.7354
25.3283 35.0375
25.3283 35.0375
25.7093 35.5646
25.7635 35.6396
25.8102 35.7042
25.8569 35.7687
25.8704 35.7875
25.8704 35.7875
25.9051 35.8354
25.9578 35.9083
26.0105 35.9813
26.0737 36.0688
26.131 36.1479
26.1897 36.2292
26.2319 36.2875
26.2364 36.2938
26.2846 36.3604
26.3313 36.425
26.3885 36.5042
26.4126 36.5375
26.4126 36.5375
26.4412 36.5771
26.4939 36.65
26.5361 36.7083
26.5903 36.7833
26.634 36.8438
26.6761 36.9021
26.7138 36.9542
26.7514 37.0063
26.7861 37.0542
26.8192 37.1
26.9292 37.2521
26.9548 37.2875
26.9548 37.2875
26.9548 37.2875
27.3162 37.7875
27.6581 38.2604
27.6777 38.2875
27.6777 38.2875
27.6777 38.2875
27.6777 38.2875
28.0391 38.7875
28.4005 39.2875
28.4005 39.2875
28.762 39.7875
28.9427 40.0375
29.1234 40.2875
29.1234 40.2875
29.1234 40.2875
29.1234 40.2875
29.4849 40.7875
29.8463 41.2875
29.8463 41.2875
29.8463 41.2875
29.8463 41.2875
30.2078 41.7875
30.2078 41.7875
30.5692 42.2875
30.5692 42.2875
30.5692 42.2875
30.5692 42.2875
30.5692 42.2875
30.9307 42.7875
31.2921 43.2875
31.2921 43.2875
31.2921 43.2875
31.2921 43.2875
31.2921 43.2875
32.015 44.2875
32.015 44.2875
32.015 44.2875
32.015 44.2875
32.015 44.2875
32.3764 44.7875
32.7379 45.2875
32.7379 45.2875
32.7379 45.2875
32.7379 45.2875
33.0993 45.7875
33.0993 45.7875
33.4608 46.2875
33.4608 46.2875
33.4608 46.2875
33.4608 46.2875
33.4608 46.2875
33.8222 46.7875
34.1837 47.2875
34.1837 47.2875
34.1837 47.2875
34.1837 47.2875
34.5451 47.7875
34.5451 47.7875
34.5451 47.7875
34.7258 48.0375
34.9066 48.2875
34.9066 48.2875
34.9066 48.2875
34.9066 48.2875
35.0873 48.5375
35.268 48.7875
35.6294 49.2875
35.6294 49.2875
35.6294 49.2875
35.6294 49.2875
35.9909 49.7875
36.3523 50.2875
36.3523 50.2875
36.3523 50.2875
36.3523 50.2875
36.3523 50.2875
36.7138 50.7875
37.0752 51.2875
37.0752 51.2875
37.0752 51.2875
37.6174 52.0375
37.6174 52.0375
37.7981 52.2875
38.1596 52.7875
38.521 53.2875
38.521 53.2875
39.2439 54.2875
39.2439 54.2875
39.2439 54.2875
39.2439 54.2875
39.6053 54.7875
39.9668 55.2875
39.9668 55.2875
40.3282 55.7875
40.6897 56.2875
40.6897 56.2875
40.6897 56.2875
41.0511 56.7875
41.4126 57.2875
41.4126 57.2875
41.774 57.7875
41.774 57.7875
42.1355 58.2875
42.1355 58.2875
42.1355 58.2875
42.1355 58.2875
42.4969 58.7875
42.8583 59.2875
42.8583 59.2875
42.8583 59.2875
43.2198 59.7875
43.5812 60.2875
43.5812 60.2875
43.5812 60.2875
43.5812 60.2875
43.9427 60.7875
44.3041 61.2875
44.3041 61.2875
45.027 62.2875
45.027 62.2875
45.027 62.2875
45.027 62.2875
45.3885 62.7875
45.7499 63.2875
45.7499 63.2875
46.4728 64.2875
46.4728 64.2875
46.4728 64.2875
46.4728 64.2875
46.8342 64.7875
47.1957 65.2875
47.1957 65.2875
47.9186 66.2875
47.9186 66.2875
47.9186 66.2875
47.9186 66.2875
48.28 66.7875
48.6415 67.2875
49.0029 67.7875
49.3644 68.2875
49.3644 68.2875
49.7258 68.7875
50.0872 69.2875
50.0872 69.2875
50.4487 69.7875
50.8101 70.2875
50.8101 70.2875
50.8101 70.2875
50.8101 70.2875
51.1716 70.7875
51.533 71.2875
51.533 71.2875
51.533 71.2875
51.8945 71.7875
52.2559 72.2875
52.2559 72.2875
52.2559 72.2875
52.6174 72.7875
52.9788 73.2875
52.9788 73.2875
52.9788 73.2875
53.3402 73.7875
53.7017 74.2875
53.7017 74.2875
53.7017 74.2875
53.7017 74.2875
54.0631 74.7875
54.4246 75.2875
54.4246 75.2875
54.786 75.7875
55.1475 76.2875
55.1475 76.2875
55.1475 76.2875
55.1475 76.2875
55.5089 76.7875
55.8704 77.2875
56.5933 78.2875
56.5933 78.2875
56.5933 78.2875
56.5933 78.2875
56.9547 78.7875
57.3161 79.2875
57.3161 79.2875
58.039 80.2875
58.039 80.2875
58.039 80.2875
58.039 80.2875
58.4005 80.7875
58.7619 81.2875
58.7619 81.2875
59.1234 81.7875
59.1234 81.7875
59.4848 82.2875
59.4848 82.2875
59.4848 82.2875
59.4848 82.2875
59.8463 82.7875
60.2077 83.2875
60.5691 83.7875
60.6429 83.8896
60.7438 84.0292
60.8327 84.1521
60.8387 84.1604
60.8869 84.2271
60.9306 84.2875
60.9306 84.2875
60.9592 84.3271
61.292 84.7875
61.6535 85.2875
62.0149 85.7875
62.3764 86.2875
62.3764 86.2875
62.3764 86.2875
62.3764 86.2875
62.3764 86.2875
62.7378 86.7875
63.0993 87.2875
63.4607 87.7875
63.4607 87.7875
63.8222 88.2875
63.8222 88.2875
63.8222 88.2875
63.8222 88.2875
63.8222 88.2875
64.1836 88.7875
64.1836 88.7875
64.545 89.2875
64.545 89.2875
64.545 89.2875
64.9065 89.7875
65.2679 90.2875
65.2679 90.2875
65.2679 90.2875
65.2679 90.2875
65.2679 90.2875
65.2679 90.2875
65.6294 90.7875
65.9908 91.2875
66.3523 91.7875
66.3523 91.7875
66.7137 92.2875
66.7137 92.2875
66.7137 92.2875
66.7137 92.2875
67.0752 92.7875
67.4366 93.2875
67.4366 93.2875
67.798 93.7875
67.798 93.7875
68.1595 94.2875
68.1595 94.2875
68.1595 94.2875
68.1595 94.2875
68.1595 94.2875
68.5209 94.7875
68.8824 95.2875
69.2438 95.7875
69.6053 96.2875
69.6053 96.2875
69.6053 96.2875
69.6053 96.2875
69.6053 96.2875
69.6053 96.2875
69.9667 96.7875
70.3282 97.2875
70.3282 97.2875
70.6896 97.7875
71.0511 98.2875
71.0511 98.2875
71.0511 98.2875
71.0511 98.2875
71.0511 98.2875
71.4125 98.7875
71.7739 99.2875
71.7739 99.2875
72.1354 99.7875
72.1354 99.7875
72.4968 100.287
72.4968 100.287
72.4968 100.287
72.8583 100.787
72.8583 100.787
73.2197 101.287
73.2197 101.287
73.5812 101.787
73.5812 101.787
73.9426 102.287
73.9426 102.287
73.9426 102.287
73.9426 102.287
73.9426 102.287
74.3041 102.787
74.3041 102.787
74.6655 103.287
74.6655 103.287
74.6655 103.287
74.6655 103.287
75.0269 103.788
75.3884 104.287
75.3884 104.287
75.3884 104.287
75.3884 104.287
75.3884 104.287
75.7498 104.787
75.7498 104.787
76.1113 105.287
76.1113 105.287
76.1113 105.287
76.4727 105.788
76.4727 105.788
76.4727 105.788
76.8342 106.287
76.8342 106.287
76.8342 106.287
76.8342 106.287
76.8342 106.287
77.1956 106.787
77.5571 107.287
77.5571 107.287
77.5571 107.287
77.9185 107.787
77.9185 107.787
78.28 108.287
78.28 108.287
78.28 108.287
78.28 108.287
78.28 108.287
78.28 108.287
78.6414 108.787
78.6414 108.787
79.0028 109.287
79.0028 109.287
79.0028 109.287
79.3643 109.787
79.7257 110.288
79.7257 110.288
79.7257 110.288
79.7257 110.288
79.7257 110.288
80.0872 110.787
80.4486 111.287
80.4486 111.287
80.8101 111.787
81.1715 112.288
81.1715 112.288
81.1715 112.288
81.1715 112.288
81.1715 112.288
81.1715 112.288
81.533 112.787
81.8944 113.287
81.8944 113.287
82.2558 113.787
82.6173 114.287
82.6173 114.287
82.6173 114.287
82.6173 114.287
82.6173 114.287
82.9787 114.787
82.9787 114.787
83.3402 115.287
83.3402 115.287
83.3402 115.287
83.7016 115.787
84.0631 116.287
84.0631 116.287
84.0631 116.287
84.0631 116.287
84.0631 116.287
84.4245 116.788
84.786 117.287
84.786 117.287
84.786 117.287
84.786 117.287
84.786 117.287
85.1474 117.787
85.5089 118.287
85.5089 118.287
85.5089 118.287
85.5089 118.287
85.8703 118.788
85.8703 118.788
86.2317 119.287
86.2317 119.287
86.2317 119.287
86.2317 119.287
86.5932 119.787
86.5932 119.787
86.9546 120.287
86.9546 120.287
86.9546 120.287
86.9546 120.287
87.3161 120.787
87.3161 120.787
87.6775 121.287
87.6775 121.287
87.6775 121.287
88.039 121.787
88.039 121.787
88.4004 122.287
88.4004 122.287
88.4004 122.287
88.4004 122.287
88.4004 122.287
88.7619 122.787
89.1233 123.287
89.1233 123.287
89.1233 123.287
89.4847 123.787
89.4847 123.787
89.8462 124.287
89.8462 124.287
89.8462 124.287
89.8462 124.287
90.2076 124.787
90.5691 125.288
90.5691 125.288
90.9305 125.787
91.292 126.287
91.292 126.287
91.292 126.287
91.292 126.287
91.292 126.287
91.292 126.287
91.6534 126.787
92.0149 127.288
92.0149 127.288
92.0149 127.288
92.0149 127.288
92.3763 127.787
92.7378 128.287
92.7378 128.287
92.7378 128.287
92.7378 128.287
92.7378 128.287
92.7378 128.287
93.0992 128.787
93.4606 129.287
93.4606 129.287
93.8221 129.787
94.1835 130.287
94.1835 130.287
94.1835 130.287
94.1835 130.287
94.1835 130.287
94.545 130.787
94.545 130.787
94.9064 131.287
94.9064 131.287
95.2679 131.787
95.2679 131.787
95.6293 132.287
95.6293 132.287
95.6293 132.287
95.6293 132.287
95.9908 132.787
96.3522 133.287
96.3522 133.287
96.3522 133.287
96.7136 133.787
96.7136 133.787
97.0751 134.287
97.0751 134.287
97.0751 134.287
97.0751 134.287
97.0751 134.287
97.0751 134.287
97.4365 134.787
97.798 135.287
97.798 135.287
97.798 135.287
98.1594 135.787
98.1594 135.787
98.5209 136.287
98.5209 136.287
98.5209 136.287
98.5209 136.287
98.5209 136.287
98.5209 136.287
98.8823 136.787
99.2438 137.287
99.2438 137.287
99.2438 137.287
99.2438 137.287
99.6052 137.787
99.6052 137.787
99.9667 138.287
99.9667 138.287
99.9667 138.287
99.9667 138.287
99.9667 138.287
100.328 138.787
100.328 138.787
100.69 139.287
100.69 139.287
100.69 139.287
100.69 139.287
101.051 139.787
101.412 140.287
101.412 140.287
101.412 140.287
101.412 140.287
101.412 140.287
101.412 140.287
101.774 140.787
102.135 141.287
102.135 141.287
102.135 141.287
102.135 141.287
102.497 141.787
102.497 141.787
102.858 142.287
102.858 142.287
102.858 142.287
102.858 142.287
102.858 142.287
102.858 142.287
103.22 142.787
103.581 143.287
103.581 143.287
103.581 143.287
103.581 143.287
103.943 143.787
103.943 143.787
104.304 144.287
104.304 144.287
104.304 144.287
104.304 144.287
104.304 144.287
104.665 144.787
105.027 145.287
105.027 145.287
105.388 145.787
105.75 146.287
105.75 146.287
105.75 146.287
105.75 146.287
105.75 146.287
106.111 146.787
106.473 147.287
106.473 147.287
106.834 147.787
106.834 147.787
107.196 148.287
107.196 148.287
107.196 148.287
107.557 148.787
107.918 149.287
107.918 149.287
108.28 149.787
108.28 149.787
108.641 150.287
108.641 150.287
108.641 150.287
108.641 150.287
108.641 150.287
108.641 150.287
108.641 150.287
109.003 150.787
109.364 151.287
109.726 151.787
109.726 151.787
110.087 152.287
110.087 152.287
110.087 152.287
110.087 152.287
110.087 152.287
110.449 152.787
110.449 152.787
110.81 153.287
110.81 153.287
110.81 153.287
111.171 153.787
111.171 153.787
111.171 153.787
111.533 154.287
111.533 154.287
111.533 154.287
111.533 154.287
111.533 154.287
111.894 154.787
111.894 154.787
112.256 155.287
112.256 155.287
112.256 155.287
112.256 155.287
112.979 156.287
112.979 156.287
112.979 156.287
112.979 156.287
112.979 156.287
113.34 156.787
113.702 157.287
113.702 157.287
113.702 157.287
114.063 157.787
114.424 158.287
114.424 158.287
114.424 158.287
114.424 158.287
114.424 158.287
114.786 158.787
115.147 159.287
115.147 159.287
115.147 159.287
115.509 159.787
115.87 160.287
115.87 160.287
115.87 160.287
115.87 160.287
115.87 160.287
115.87 160.287
116.232 160.787
116.593 161.287
116.593 161.287
116.955 161.787
117.316 162.287
117.316 162.287
117.316 162.287
117.316 162.287
117.316 162.287
117.677 162.787
118.039 163.287
118.4 163.787
118.4 163.787
118.762 164.287
118.762 164.287
118.762 164.287
118.762 164.287
119.123 164.787
119.485 165.287
120.208 166.287
120.208 166.287
120.208 166.287
120.208 166.287
120.388 166.537
120.569 166.787
120.569 166.787
120.75 167.037
120.93 167.287
120.93 167.287
120.93 167.287
121.111 167.537
121.653 168.287
121.653 168.287
121.653 168.287
121.653 168.287
122.015 168.787
122.376 169.287
122.738 169.787
123.099 170.287
123.099 170.287
123.099 170.287
123.28 170.537
123.461 170.787
123.461 170.787
123.822 171.287
124.183 171.787
124.183 171.787
124.364 172.037
124.545 172.287
124.545 172.287
124.545 172.287
124.906 172.787
125.268 173.287
125.991 174.287
125.991 174.287
125.991 174.287
125.991 174.287
126.352 174.787
126.714 175.287
126.714 175.287
126.714 175.287
126.714 175.287
127.075 175.787
127.075 175.787
127.436 176.287
127.436 176.287
127.436 176.287
127.798 176.787
128.159 177.287
128.159 177.287
128.159 177.287
128.521 177.787
128.882 178.287
128.882 178.287
128.882 178.287
128.882 178.287
128.882 178.287
129.244 178.787
129.605 179.287
129.967 179.788
129.967 179.788
130.328 180.287
130.328 180.287
130.328 180.287
130.328 180.287
130.328 180.287
130.328 180.287
130.689 180.787
131.051 181.287
131.051 181.287
131.051 181.287
131.232 181.537
131.409 181.783
131.412 181.787
131.498 181.906
131.577 182.015
131.634 182.094
131.688 182.169
131.735 182.233
131.774 182.287
131.774 182.287
131.774 182.287
131.955 182.537
132.135 182.787
132.316 183.037
132.497 183.287
132.677 183.537
132.858 183.787
133.039 184.038
133.22 184.288
133.22 184.288
133.22 184.288
133.4 184.537
133.581 184.787
133.762 185.037
133.942 185.287
134.123 185.537
134.301 185.783
134.304 185.787
134.39 185.906
134.468 186.015
134.485 186.037
134.525 186.094
134.58 186.169
134.626 186.233
134.665 186.287
134.665 186.287
134.665 186.287
134.846 186.537
135.027 186.787
135.208 187.037
135.388 187.287
135.75 187.787
135.93 188.037
136.093 188.262
136.111 188.288
136.111 188.288
136.292 188.538
136.473 188.787
136.653 189.037
136.807 189.25
136.834 189.287
136.834 189.287
137.015 189.537
137.167 189.748
137.195 189.787
137.361 190.017
137.376 190.037
137.551 190.279
137.557 190.287
137.557 190.287
137.557 190.287
137.738 190.537
137.918 190.787
138.099 191.037
138.275 191.281
138.28 191.287
138.461 191.537
138.488 191.575
138.629 191.771
138.641 191.787
138.78 191.979
138.822 192.037
138.894 192.137
139.003 192.287
139.031 192.327
139.111 192.438
139.183 192.538
139.22 192.588
139.311 192.715
139.364 192.788
139.415 192.858
139.495 192.969
139.545 193.037
139.616 193.135
139.694 193.244
139.726 193.287
139.817 193.415
139.906 193.537
140.087 193.787
140.128 193.844
140.302 194.085
140.448 194.287
140.448 194.287
140.448 194.287
140.448 194.287
140.461 194.304
140.81 194.787
140.991 195.037
141.171 195.287
141.352 195.537
141.533 195.787
141.714 196.037
141.894 196.287
141.894 196.287
142.069 196.529
142.075 196.537
142.254 196.785
142.256 196.788
142.429 197.027
142.436 197.038
142.607 197.273
142.617 197.288
142.617 197.288
142.617 197.288
142.784 197.519
142.798 197.537
142.955 197.754
142.979 197.787
143.138 198.008
143.159 198.037
143.34 198.287
143.34 198.287
143.34 198.287
143.34 198.287
143.34 198.287
143.34 198.287
143.358 198.312
143.701 198.787
144.063 199.287
144.424 199.787
144.424 199.787
144.786 200.287
144.786 200.287
144.786 200.287
144.786 200.287
144.786 200.287
145.147 200.787
145.147 200.787
145.509 201.288
145.509 201.288
145.509 201.288
145.87 201.787
146.232 202.287
146.232 202.287
146.232 202.287
146.232 202.287
146.232 202.287
146.232 202.287
146.593 202.787
146.955 203.287
147.316 203.787
147.316 203.787
147.677 204.287
147.677 204.287
147.677 204.287
147.677 204.287
148.039 204.787
148.4 205.287
148.4 205.287
148.762 205.788
148.762 205.788
149.123 206.287
149.123 206.287
149.123 206.287
149.123 206.287
149.123 206.287
149.485 206.787
149.846 207.287
150.208 207.787
150.569 208.287
150.569 208.287
150.569 208.287
150.569 208.287
150.569 208.287
150.569 208.287
150.93 208.787
151.292 209.287
151.292 209.287
151.653 209.788
152.015 210.287
152.015 210.287
152.015 210.287
152.015 210.287
152.015 210.287
152.376 210.787
152.738 211.287
152.738 211.287
153.099 211.787
153.099 211.787
153.461 212.287
153.461 212.287
153.461 212.287
153.822 212.787
153.822 212.787
154.183 213.287
154.183 213.287
154.545 213.787
154.545 213.787
154.906 214.288
154.906 214.288
154.906 214.288
154.906 214.288
154.906 214.288
155.268 214.787
155.268 214.787
155.629 215.287
155.629 215.287
155.629 215.287
155.629 215.287
155.991 215.787
156.352 216.287
156.352 216.287
156.352 216.287
156.352 216.287
156.352 216.287
156.714 216.787
156.714 216.787
157.075 217.287
157.075 217.287
157.075 217.287
157.436 217.787
157.436 217.787
157.436 217.787
157.798 218.288
157.798 218.288
157.798 218.288
157.798 218.288
157.798 218.288
158.159 218.787
158.521 219.287
158.521 219.287
158.521 219.287
158.882 219.787
158.882 219.787
159.244 220.287
159.244 220.287
159.244 220.287
159.244 220.287
159.244 220.287
159.244 220.287
159.605 220.787
159.605 220.787
159.967 221.287
159.967 221.287
159.967 221.287
160.328 221.787
160.689 222.287
160.689 222.287
160.689 222.287
160.689 222.287
160.689 222.287
161.051 222.788
161.412 223.287
161.412 223.287
161.774 223.787
162.135 224.287
162.135 224.287
162.135 224.287
162.135 224.287
162.135 224.287
162.135 224.287
162.497 224.787
162.858 225.287
162.858 225.287
163.22 225.787
163.581 226.287
163.581 226.287
163.581 226.287
163.581 226.287
163.581 226.287
163.942 226.788
163.942 226.788
164.304 227.288
164.304 227.288
164.304 227.288
164.665 227.787
165.027 228.287
165.027 228.287
165.027 228.287
165.027 228.287
165.027 228.287
165.388 228.787
165.75 229.287
165.75 229.287
165.75 229.287
165.75 229.287
165.75 229.287
166.111 229.787
166.473 230.287
166.473 230.287
166.473 230.287
166.473 230.287
166.834 230.787
166.834 230.787
167.195 231.288
167.195 231.288
167.195 231.288
167.195 231.288
167.557 231.787
167.557 231.787
167.918 232.287
167.918 232.287
167.918 232.287
167.918 232.287
168.28 232.787
168.28 232.787
168.641 233.287
168.641 233.287
168.641 233.287
169.003 233.787
169.003 233.787
169.364 234.287
169.364 234.287
169.364 234.287
169.364 234.287
169.364 234.287
169.726 234.787
170.087 235.287
170.087 235.287
170.087 235.287
170.448 235.788
170.448 235.788
170.81 236.287
170.81 236.287
170.81 236.287
170.81 236.287
171.171 236.787
171.533 237.287
171.533 237.287
171.894 237.787
172.256 238.287
172.256 238.287
172.256 238.287
172.256 238.287
172.256 238.287
172.256 238.287
172.617 238.787
172.979 239.287
172.979 239.287
172.979 239.287
172.979 239.287
173.34 239.788
173.701 240.287
173.701 240.287
173.701 240.287
173.701 240.287
173.701 240.287
173.701 240.287
174.063 240.787
174.424 241.287
174.424 241.287
174.786 241.787
175.147 242.287
175.147 242.287
175.147 242.287
175.147 242.287
175.147 242.287
175.509 242.787
175.509 242.787
175.87 243.287
175.87 243.287
176.232 243.787
176.232 243.787
176.593 244.288
176.593 244.288
176.593 244.288
176.593 244.288
176.954 244.787
177.316 245.287
177.316 245.287
177.316 245.287
177.677 245.787
177.677 245.787
178.039 246.287
178.039 246.287
178.039 246.287
178.039 246.287
178.039 246.287
178.039 246.287
178.4 246.787
178.762 247.287
178.762 247.287
178.762 247.287
179.123 247.787
179.123 247.787
179.485 248.288
179.485 248.288
179.485 248.288
179.485 248.288
179.485 248.288
179.485 248.288
179.846 248.788
180.207 249.287
180.207 249.287
180.207 249.287
180.207 249.287
180.569 249.787
180.569 249.787
180.93 250.287
180.93 250.287
180.93 250.287
180.93 250.287
180.93 250.287
181.292 250.787
181.292 250.787
181.653 251.287
181.653 251.287
181.653 251.287
181.653 251.287
182.015 251.787
182.376 252.287
182.376 252.287
182.376 252.287
182.376 252.287
182.376 252.287
182.376 252.287
182.738 252.788
183.099 253.287
183.099 253.287
183.099 253.287
183.099 253.287
183.46 253.787
183.46 253.787
183.822 254.287
183.822 254.287
183.822 254.287
183.822 254.287
183.822 254.287
183.822 254.287
184.183 254.787
184.545 255.287
184.545 255.287
184.545 255.287
184.545 255.287
184.906 255.787
184.906 255.787
185.268 256.288
185.268 256.288
185.268 256.288
185.268 256.288
185.268 256.288
185.629 256.788
185.991 257.288
185.991 257.288
186.352 257.788
186.713 258.288
186.713 258.288
186.713 258.288
186.713 258.288
186.713 258.288
187.075 258.788
187.436 259.288
187.436 259.288
187.798 259.788
187.798 259.788
188.159 260.288
188.159 260.288
188.159 260.288
188.521 260.788
188.882 261.288
188.882 261.288
189.244 261.788
189.244 261.788
189.605 262.288
189.605 262.288
189.605 262.288
189.605 262.288
189.605 262.288
189.605 262.288
189.605 262.288
189.966 262.788
190.328 263.288
190.689 263.788
190.689 263.788
191.051 264.288
191.051 264.288
191.051 264.288
191.051 264.288
191.051 264.288
191.412 264.788
191.412 264.788
191.774 265.288
191.774 265.288
191.774 265.288
192.135 265.788
192.135 265.788
192.135 265.788
192.497 266.288
192.497 266.288
192.497 266.288
192.497 266.288
192.497 266.288
192.858 266.788
192.858 266.788
193.219 267.288
193.219 267.288
193.219 267.288
193.219 267.288
193.942 268.288
193.942 268.288
193.942 268.288
193.942 268.288
193.942 268.288
194.304 268.788
194.665 269.288
194.665 269.288
194.665 269.288
195.027 269.788
195.388 270.288
195.388 270.288
195.388 270.288
195.388 270.288
195.388 270.288
195.75 270.788
196.111 271.288
196.111 271.288
196.111 271.288
196.472 271.788
196.834 272.288
196.834 272.288
196.834 272.288
196.834 272.288
196.834 272.288
196.834 272.288
197.195 272.788
197.557 273.288
197.557 273.288
197.918 273.788
198.28 274.288
198.28 274.288
198.28 274.288
198.28 274.288
198.28 274.288
198.641 274.788
199.003 275.288
199.364 275.788
199.364 275.788
199.725 276.288
199.725 276.288
199.725 276.288
199.725 276.288
200.087 276.788
200.087 276.788
200.448 277.288
200.448 277.288
200.448 277.288
200.81 277.788
200.81 277.788
201.171 278.288
201.171 278.288
201.171 278.288
201.171 278.288
201.171 278.288
201.171 278.288
201.533 278.788
201.894 279.288
201.894 279.288
201.894 279.288
202.256 279.788
202.256 279.788
202.617 280.288
202.617 280.288
202.617 280.288
202.617 280.288
202.617 280.288
202.617 280.288
202.978 280.788
203.34 281.288
203.34 281.288
203.34 281.288
203.34 281.288
203.701 281.788
203.701 281.788
204.063 282.288
204.063 282.288
204.063 282.288
204.063 282.288
204.063 282.288
204.424 282.788
204.424 282.788
204.786 283.288
204.786 283.288
204.786 283.288
204.786 283.288
205.147 283.788
205.509 284.288
205.509 284.288
205.509 284.288
205.509 284.288
205.509 284.288
205.509 284.288
205.87 284.788
206.231 285.288
206.231 285.288
206.231 285.288
206.231 285.288
206.593 285.788
206.593 285.788
206.954 286.288
206.954 286.288
206.954 286.288
206.954 286.288
206.954 286.288
206.954 286.288
207.316 286.788
207.677 287.288
207.677 287.288
207.677 287.288
207.677 287.288
208.039 287.788
208.039 287.788
208.4 288.288
208.4 288.288
208.4 288.288
208.4 288.288
208.4 288.288
208.762 288.788
209.123 289.288
209.123 289.288
209.484 289.788
209.846 290.288
209.846 290.288
209.846 290.288
209.846 290.288
209.846 290.288
210.207 290.788
210.569 291.288
210.569 291.288
210.93 291.788
210.93 291.788
211.292 292.288
211.292 292.288
211.292 292.288
211.653 292.788
212.015 293.288
212.015 293.288
212.376 293.788
212.376 293.788
212.737 294.288
212.737 294.288
212.737 294.288
212.737 294.288
212.737 294.288
212.737 294.288
212.737 294.288
213.099 294.788
213.46 295.288
213.822 295.788
213.822 295.788
214.183 296.288
214.183 296.288
214.183 296.288
214.183 296.288
214.183 296.288
214.545 296.788
214.545 296.788
214.906 297.288
214.906 297.288
214.906 297.288
215.268 297.788
215.268 297.788
215.268 297.788
215.629 298.288
215.629 298.288
215.629 298.288
215.629 298.288
215.629 298.288
215.99 298.788
215.99 298.788
216.352 299.288
216.352 299.288
216.352 299.288
216.352 299.288
217.075 300.288
217.075 300.288
217.075 300.288
217.075 300.288
217.075 300.288
217.436 300.788
217.798 301.288
217.798 301.288
217.798 301.288
218.159 301.788
218.521 302.288
218.521 302.288
218.521 302.288
218.521 302.288
218.521 302.288
218.882 302.788
219.244 303.288
219.244 303.288
219.244 303.288
219.605 303.788
219.966 304.288
219.966 304.288
219.966 304.288
219.966 304.288
219.966 304.288
219.966 304.288
220.328 304.788
220.689 305.288
220.689 305.288
221.051 305.788
221.412 306.288
221.412 306.288
221.412 306.288
221.412 306.288
221.412 306.288
221.774 306.788
222.135 307.288
222.497 307.788
222.497 307.788
222.858 308.288
222.858 308.288
222.858 308.288
222.858 308.288
223.219 308.788
223.581 309.288
224.304 310.288
224.304 310.288
224.304 310.288
224.304 310.288
224.665 310.788
225.027 311.288
225.027 311.288
225.388 311.788
225.569 312.038
225.75 312.288
225.75 312.288
225.75 312.288
225.75 312.288
226.111 312.788
226.472 313.288
226.472 313.288
226.472 313.288
226.472 313.288
226.834 313.788
226.834 313.788
227.195 314.288
227.195 314.288
227.195 314.288
227.195 314.288
227.195 314.288
227.557 314.788
227.918 315.288
227.918 315.288
227.918 315.288
227.918 315.288
227.918 315.288
228.641 316.288
228.641 316.288
228.641 316.288
228.641 316.288
228.641 316.288
229.003 316.788
229.364 317.288
229.364 317.288
229.364 317.288
229.364 317.288
229.725 317.788
229.725 317.788
230.087 318.288
230.087 318.288
230.087 318.288
230.087 318.288
230.087 318.288
230.448 318.788
230.81 319.288
230.81 319.288
230.81 319.288
230.81 319.288
231.171 319.788
231.171 319.788
231.171 319.788
231.352 320.038
231.533 320.288
231.533 320.288
231.533 320.288
231.533 320.288
231.713 320.538
231.894 320.788
232.256 321.288
232.256 321.288
232.256 321.288
232.256 321.288
232.617 321.788
232.858 322.121
232.917 322.202
232.932 322.223
232.978 322.288
232.978 322.288
232.978 322.288
232.98 322.29
233.34 322.788
233.67 323.244
233.701 323.288
234.034 323.748
234.04 323.756
234.063 323.788
234.424 324.288
234.786 324.788
235.146 325.285
235.147 325.288
235.313 325.517
235.509 325.788
235.513 325.794
235.76 326.135
235.864 326.279
235.87 326.288
235.87 326.288
235.891 326.317
235.896 326.323
236.231 326.788
236.57 327.256
236.579 327.269
236.585 327.277
236.591 327.285
236.593 327.288
236.954 327.788
237.105 327.996
237.108 328
237.316 328.288
237.677 328.788
238.039 329.288
238.207 329.521
238.382 329.762
238.4 329.788
238.56 330.008
238.727 330.24
238.737 330.254
238.74 330.258
238.762 330.288
239.123 330.788
239.456 331.248
239.474 331.273
239.484 331.288
239.846 331.788
239.981 331.975
239.981 331.975
240.207 332.288
240.522 332.723
240.522 332.723
240.569 332.788
240.93 333.288
241.094 333.515
241.096 333.517
241.292 333.788
241.605 334.221
241.608 334.225
241.609 334.227
241.653 334.288
242.015 334.788
242.368 335.277
242.37 335.279
242.376 335.288
242.737 335.788
242.914 336.031
242.924 336.046
243.099 336.288
243.459 336.785
243.46 336.788
243.465 336.794
243.822 337.288
244.012 337.55
244.018 337.558
244.183 337.788
244.515 338.246
244.545 338.288
244.573 338.327
244.615 338.385
244.906 338.788
245.268 339.288
245.274 339.296
245.278 339.302
245.629 339.788
245.793 340.015
245.801 340.025
246.331 340.758
246.335 340.765
246.843 341.467
246.846 341.471
247.364 342.188
247.374 342.202
247.38 342.21
