0.0904606 0.114583
0.485198 0.614583
0.879935 1.11458
1.27467 1.61458
1.66941 2.11458
2.06415 2.61458
2.45888 3.11458
2.45888 3.11458
2.85362 3.61458
3.24836 4.11458
3.64309 4.61458
4.03783 5.11458
4.43257 5.61458
4.8273 6.11458
5.22204 6.61458
5.61678 7.11458
6.01152 7.61458
6.40625 8.11458
6.80099 8.61458
7.19573 9.11458
7.59046 9.61458
7.9852 10.1146
8.37994 10.6146
8.77467 11.1146
9.16941 11.6146
9.56415 12.1146
9.95889 12.6146
10.3536 13.1146
10.7484 13.6146
10.7484 13.6146
11.1431 14.1146
11.5378 14.6146
11.5378 14.6146
11.9326 15.1146
11.9326 15.1146
12.3273 15.6146
12.3273 15.6146
12.722 16.1146
12.722 16.1146
13.1168 16.6146
13.5115 17.1146
13.9063 17.6146
14.301 18.1146
14.6957 18.6146
14.6957 18.6146
15.0905 19.1146
15.4852 19.6146
15.4852 19.6146
15.8799 20.1146
15.8799 20.1146
16.2747 20.6146
16.6694 21.1146
17.0642 21.6146
17.4589 22.1146
17.8536 22.6146
17.8536 22.6146
18.2484 23.1146
18.2484 23.1146
18.6431 23.6146
18.6431 23.6146
19.0378 24.1146
19.0378 24.1146
19.4326 24.6146
19.8273 25.1146
19.8273 25.1146
20.222 25.6146
20.6168 26.1146
20.6168 26.1146
21.0115 26.6146
21.4063 27.1146
21.4063 27.1146
21.801 27.6146
22.1957 28.1146
22.1957 28.1146
22.5905 28.6146
22.9852 29.1146
23.3799 29.6146
23.7747 30.1146
24.1694 30.6146
24.5642 31.1146
24.9589 31.6146
25.3536 32.1146
26.5378 33.6146
26.9326 34.1146
27.3273 34.6146
27.7221 35.1146
28.1168 35.6146
28.5115 36.1146
28.5115 36.1146
28.9063 36.6146
29.301 37.1146
29.6957 37.6146
30.0905 38.1146
30.4852 38.6146
30.4852 38.6146
30.6826 38.8646
30.8799 39.1146
30.8799 39.1146
31.2747 39.6146
31.6694 40.1146
32.0642 40.6146
32.0642 40.6146
32.4589 41.1146
32.4589 41.1146
32.8536 41.6146
32.8536 41.6146
33.2484 42.1146
33.2484 42.1146
33.6431 42.6146
33.6431 42.6146
34.0378 43.1146
34.0378 43.1146
34.4326 43.6146
34.4326 43.6146
34.8273 44.1146
34.8273 44.1146
35.2221 44.6146
35.6168 45.1146
36.0115 45.6146
36.4063 46.1146
36.801 46.6146
37.1957 47.1146
37.5905 47.6146
37.9852 48.1146
38.3799 48.6146
38.7747 49.1146
39.1694 49.6146
39.1694 49.6146
39.5642 50.1146
39.5642 50.1146
39.9589 50.6146
40.3536 51.1146
40.3536 51.1146
40.7484 51.6146
40.7484 51.6146
41.1431 52.1146
41.1431 52.1146
41.5378 52.6146
41.9326 53.1146
41.9326 53.1146
42.3273 53.6146
42.7221 54.1146
42.7221 54.1146
43.1168 54.6146
43.5115 55.1146
43.5115 55.1146
43.9063 55.6146
43.9063 55.6146
44.301 56.1146
44.6957 56.6146
44.6957 56.6146
45.0905 57.1146
45.0905 57.1146
45.4852 57.6146
45.4852 57.6146
45.88 58.1146
45.88 58.1146
46.2747 58.6146
46.2747 58.6146
46.6694 59.1146
46.6694 59.1146
47.0642 59.6146
47.0642 59.6146
47.4589 60.1146
47.4589 60.1146
47.8536 60.6146
48.2484 61.1146
48.6431 61.6146
49.0378 62.1146
49.4326 62.6146
49.8273 63.1146
50.2221 63.6146
50.6168 64.1146
50.6168 64.1146
50.6168 64.1146
51.801 65.6146
52.1957 66.1146
52.5905 66.6146
52.9852 67.1146
53.38 67.6146
53.7747 68.1146
53.8191 68.1708
54.2138 68.6708
54.6086 69.1708
55.0033 69.6708
55.398 70.1708
55.7484 70.6146
55.7928 70.6708
55.9457 70.8646
56.1431 71.1146
56.1875 71.1708
56.5823 71.6708
56.977 72.1708
57.3273 72.6146
57.3717 72.6708
57.7221 73.1146
57.7665 73.1708
58.1168 73.6146
58.1612 73.6708
58.5115 74.1146
58.5559 74.1708
58.9063 74.6146
58.9507 74.6708
59.301 75.1146
59.3454 75.1708
59.6957 75.6146
59.7402 75.6708
60.0905 76.1146
60.1349 76.1708
60.5296 76.6708
60.9244 77.1708
61.3191 77.6708
61.7138 78.1708
62.1086 78.6708
62.5033 79.1708
62.8981 79.6708
63.2928 80.1708
63.6875 80.6708
64.0823 81.1708
64.4326 81.6146
64.477 81.6708
64.8273 82.1146
64.8717 82.1708
65.2665 82.6708
65.6168 83.1146
65.6612 83.1708
66.0115 83.6146
66.0559 83.6708
66.4063 84.1146
66.4507 84.1708
66.8454 84.6708
67.1958 85.1146
67.2402 85.1708
67.6349 85.6708
67.9852 86.1146
68.0296 86.1708
68.4244 86.6708
68.7747 87.1146
68.8191 87.1708
69.1694 87.6146
69.2138 87.6708
69.6086 88.1708
69.9589 88.6146
70.0033 88.6708
70.3536 89.1146
70.3981 89.1708
70.7484 89.6146
70.7928 89.6708
71.1431 90.1146
71.1875 90.1708
71.5379 90.6146
71.5823 90.6708
71.9326 91.1146
71.977 91.1708
72.3273 91.6146
72.3717 91.6708
72.7221 92.1146
72.7665 92.1708
73.1612 92.6708
73.556 93.1708
73.9063 93.6146
73.9507 93.6708
74.301 94.1146
74.3454 94.1708
74.6958 94.6146
74.7402 94.6708
75.0905 95.1146
75.1349 95.1708
75.5296 95.6708
75.88 96.1146
75.88 96.1146
75.9244 96.1708
75.9244 96.1708
75.9244 96.1708
77.0642 97.6146
77.4589 98.1146
78.2484 99.1146
78.6431 99.6146
79.0379 100.115
79.0379 100.115
79.2352 100.365
79.4326 100.615
79.4326 100.615
79.63 100.865
79.8273 101.115
79.8273 101.115
80.0247 101.365
80.2221 101.615
80.2221 101.615
80.4194 101.865
80.6168 102.115
80.6168 102.115
80.8142 102.365
81.0115 102.615
81.0115 102.615
81.2089 102.865
81.4063 103.115
81.4063 103.115
81.6037 103.365
81.801 103.615
81.801 103.615
81.9984 103.865
82.1958 104.115
82.1958 104.115
82.3931 104.365
82.5905 104.615
82.5905 104.615
82.7879 104.865
82.9852 105.115
82.9852 105.115
83.1826 105.365
83.38 105.615
83.38 105.615
83.5773 105.865
83.7747 106.115
83.7747 106.115
83.9721 106.365
84.1694 106.615
84.3668 106.865
84.5642 107.115
84.5642 107.115
84.7615 107.365
84.9589 107.615
84.9589 107.615
85.1563 107.865
85.3537 108.115
85.3537 108.115
85.551 108.365
85.7484 108.615
85.7484 108.615
85.9458 108.865
86.1431 109.115
86.1431 109.115
86.3405 109.365
86.5379 109.615
86.5379 109.615
86.7352 109.865
86.9326 110.115
86.9326 110.115
87.13 110.365
87.3273 110.615
87.3273 110.615
87.5247 110.865
87.7221 111.115
87.7221 111.115
87.9194 111.365
88.1168 111.615
88.1168 111.615
88.3142 111.865
88.5115 112.115
88.5115 112.115
88.7089 112.365
88.9063 112.615
88.9063 112.615
89.1037 112.865
89.301 113.115
89.301 113.115
89.4984 113.365
89.6958 113.615
89.6958 113.615
89.8931 113.865
90.0905 114.115
90.0905 114.115
90.2879 114.365
90.4852 114.615
90.6826 114.865
90.88 115.115
90.88 115.115
91.0773 115.365
91.2747 115.615
91.2747 115.615
91.4721 115.865
91.6694 116.115
91.6694 116.115
91.8668 116.365
92.0642 116.615
92.0642 116.615
92.2616 116.865
92.4589 117.115
92.4589 117.115
92.6563 117.365
92.8537 117.615
92.8537 117.615
93.051 117.865
93.2484 118.115
93.2484 118.115
93.4458 118.365
93.6431 118.615
93.8405 118.865
94.0379 119.115
94.0379 119.115
94.2352 119.365
94.4326 119.615
94.4326 119.615
94.63 119.865
94.8273 120.115
94.8273 120.115
95.0247 120.365
95.2221 120.615
95.4194 120.865
95.6168 121.115
95.6168 121.115
95.8142 121.365
96.0116 121.615
96.0116 121.615
96.2089 121.865
96.4063 122.115
96.4063 122.115
96.6037 122.365
96.801 122.615
96.801 122.615
96.9984 122.865
97.1958 123.115
97.1958 123.115
97.3931 123.365
97.5905 123.615
97.5905 123.615
97.7879 123.865
97.9852 124.115
98.1826 124.365
98.38 124.615
98.38 124.615
98.5773 124.865
98.7747 125.115
98.9721 125.365
99.1694 125.615
99.1694 125.615
99.3668 125.865
99.5642 126.115
99.5642 126.115
99.7616 126.365
99.9589 126.615
99.9589 126.615
100.156 126.865
100.354 127.115
100.354 127.115
100.354 127.115
100.551 127.365
100.748 127.615
100.748 127.615
100.748 127.615
100.946 127.865
101.143 128.115
101.143 128.115
101.143 128.115
101.341 128.365
101.538 128.615
101.538 128.615
101.735 128.865
101.933 129.115
101.933 129.115
102.13 129.365
102.327 129.615
102.327 129.615
102.525 129.865
102.722 130.115
102.722 130.115
102.919 130.365
103.117 130.615
103.117 130.615
103.314 130.865
103.512 131.115
103.512 131.115
103.709 131.365
103.906 131.615
103.906 131.615
104.104 131.865
104.301 132.115
104.301 132.115
104.498 132.365
104.696 132.615
104.696 132.615
104.893 132.865
105.091 133.115
105.091 133.115
105.288 133.365
105.485 133.615
105.485 133.615
105.683 133.865
105.88 134.115
105.88 134.115
105.88 134.115
106.077 134.365
106.275 134.615
106.472 134.865
106.669 135.115
106.669 135.115
106.669 135.115
106.867 135.365
107.064 135.615
107.064 135.615
107.064 135.615
107.262 135.865
107.459 136.115
107.459 136.115
107.459 136.115
107.656 136.365
107.854 136.615
107.854 136.615
108.051 136.865
108.248 137.115
108.248 137.115
108.446 137.365
108.643 137.615
108.643 137.615
108.841 137.865
109.038 138.115
109.038 138.115
109.235 138.365
109.433 138.615
109.433 138.615
109.63 138.865
109.827 139.115
109.827 139.115
110.025 139.365
110.222 139.615
110.222 139.615
110.419 139.865
110.617 140.115
110.617 140.115
110.814 140.365
111.012 140.615
111.012 140.615
111.209 140.865
111.406 141.115
111.406 141.115
111.604 141.365
111.801 141.615
111.801 141.615
111.998 141.865
112.196 142.115
112.196 142.115
112.393 142.365
112.591 142.615
112.591 142.615
112.788 142.865
112.985 143.115
112.985 143.115
112.985 143.115
113.183 143.365
113.38 143.615
113.38 143.615
113.577 143.865
113.775 144.115
113.775 144.115
113.775 144.115
113.972 144.365
114.169 144.615
114.169 144.615
114.367 144.865
114.564 145.115
114.564 145.115
114.762 145.365
114.959 145.615
114.959 145.615
115.156 145.865
115.354 146.115
115.354 146.115
115.551 146.365
115.748 146.615
115.946 146.865
116.143 147.115
116.143 147.115
116.341 147.365
116.538 147.615
116.538 147.615
116.735 147.865
116.933 148.115
116.933 148.115
117.13 148.365
117.327 148.615
117.525 148.865
117.722 149.115
117.722 149.115
117.919 149.365
118.117 149.615
118.117 149.615
118.314 149.865
118.512 150.115
118.512 150.115
118.709 150.365
118.906 150.615
119.104 150.865
119.301 151.115
119.301 151.115
119.498 151.365
119.696 151.615
119.696 151.615
119.893 151.865
120.091 152.115
120.091 152.115
120.091 152.115
120.288 152.365
120.485 152.615
120.485 152.615
120.683 152.865
120.88 153.115
121.077 153.365
121.275 153.615
121.472 153.865
121.669 154.115
122.459 155.115
122.459 155.115
122.854 155.615
123.248 156.115
123.643 156.615
124.038 157.115
124.433 157.615
124.827 158.115
125.222 158.615
125.617 159.115
125.617 159.115
126.012 159.615
126.406 160.115
126.406 160.115
126.801 160.615
126.801 160.615
127.196 161.115
127.591 161.615
127.591 161.615
127.985 162.115
128.38 162.615
128.775 163.115
128.775 163.115
129.169 163.615
129.564 164.115
129.959 164.615
130.354 165.115
130.748 165.615
130.748 165.615
130.748 165.615
130.748 165.615
130.748 165.615
132.722 168.115
132.722 168.115
132.722 168.115
132.722 168.115
132.722 168.115
132.722 168.115
133.906 169.615
134.301 170.115
134.696 170.615
135.091 171.115
135.485 171.615
135.88 172.115
135.924 172.171
136.319 172.671
136.714 173.171
137.109 173.671
137.503 174.171
137.854 174.615
137.898 174.671
138.051 174.865
138.248 175.115
138.293 175.171
138.688 175.671
139.082 176.171
139.433 176.615
139.477 176.671
139.827 177.115
139.872 177.171
140.222 177.615
140.267 177.671
140.617 178.115
140.661 178.171
141.012 178.615
141.056 178.671
141.406 179.115
141.451 179.171
141.801 179.615
141.845 179.671
142.196 180.115
142.24 180.171
142.635 180.671
143.03 181.171
143.424 181.671
143.819 182.171
144.214 182.671
144.609 183.171
145.003 183.671
145.398 184.171
145.793 184.671
146.188 185.171
146.538 185.615
146.582 185.671
146.933 186.115
146.977 186.171
147.372 186.671
147.722 187.115
147.767 187.171
148.117 187.615
148.161 187.671
148.512 188.115
148.556 188.171
148.951 188.671
149.301 189.115
149.345 189.171
149.74 189.671
150.091 190.115
150.135 190.171
150.53 190.671
150.88 191.115
150.924 191.171
151.275 191.615
151.319 191.671
151.714 192.171
152.064 192.615
152.109 192.671
152.459 193.115
152.503 193.171
152.854 193.615
152.898 193.671
153.248 194.115
153.293 194.171
153.643 194.615
153.688 194.671
154.038 195.115
154.082 195.171
154.433 195.615
154.477 195.671
154.827 196.115
154.872 196.171
155.267 196.671
155.661 197.171
156.012 197.615
156.056 197.671
156.406 198.115
156.451 198.171
156.801 198.615
156.845 198.671
157.196 199.115
157.24 199.171
157.635 199.671
157.985 200.115
157.985 200.115
158.03 200.171
158.03 200.171
158.03 200.171
159.169 201.615
159.564 202.115
160.354 203.115
160.748 203.615
161.143 204.115
161.143 204.115
161.341 204.365
161.538 204.615
161.538 204.615
161.735 204.865
161.933 205.115
161.933 205.115
162.13 205.365
162.327 205.615
162.327 205.615
162.525 205.865
162.722 206.115
162.722 206.115
162.919 206.365
163.117 206.615
163.117 206.615
163.314 206.865
163.512 207.115
163.512 207.115
163.709 207.365
163.906 207.615
163.906 207.615
164.104 207.865
164.301 208.115
164.301 208.115
164.498 208.365
164.696 208.615
164.696 208.615
164.893 208.865
165.091 209.115
165.091 209.115
165.288 209.365
165.485 209.615
165.485 209.615
165.683 209.865
165.88 210.115
165.88 210.115
166.077 210.365
166.275 210.615
166.472 210.865
166.669 211.115
166.669 211.115
166.867 211.365
167.064 211.615
167.064 211.615
167.262 211.865
167.459 212.115
167.459 212.115
167.656 212.365
167.854 212.615
167.854 212.615
168.051 212.865
168.248 213.115
168.248 213.115
168.446 213.365
168.643 213.615
168.643 213.615
168.841 213.865
169.038 214.115
169.038 214.115
169.235 214.365
169.433 214.615
169.433 214.615
169.63 214.865
169.827 215.115
169.827 215.115
170.025 215.365
170.222 215.615
170.222 215.615
170.419 215.865
170.617 216.115
170.617 216.115
170.814 216.365
171.012 216.615
171.012 216.615
171.209 216.865
171.406 217.115
171.406 217.115
171.604 217.365
171.801 217.615
171.801 217.615
171.998 217.865
172.196 218.115
172.196 218.115
172.393 218.365
172.591 218.615
172.788 218.865
172.985 219.115
172.985 219.115
173.183 219.365
173.38 219.615
173.38 219.615
173.577 219.865
173.775 220.115
173.775 220.115
173.972 220.365
174.169 220.615
174.169 220.615
174.367 220.865
174.564 221.115
174.564 221.115
174.762 221.365
174.959 221.615
174.959 221.615
175.156 221.865
175.354 222.115
175.354 222.115
175.551 222.365
175.748 222.615
175.946 222.865
176.143 223.115
176.143 223.115
176.341 223.365
176.538 223.615
176.538 223.615
176.735 223.865
176.933 224.115
176.933 224.115
177.13 224.365
177.327 224.615
177.525 224.865
177.722 225.115
177.722 225.115
177.919 225.365
178.117 225.615
178.117 225.615
178.314 225.865
178.512 226.115
178.512 226.115
178.709 226.365
178.906 226.615
178.906 226.615
179.104 226.865
179.301 227.115
179.301 227.115
179.498 227.365
179.696 227.615
179.696 227.615
179.893 227.865
180.091 228.115
180.288 228.365
180.485 228.615
180.485 228.615
180.683 228.865
180.88 229.115
181.077 229.365
181.275 229.615
181.275 229.615
181.472 229.865
181.669 230.115
181.669 230.115
181.867 230.365
182.064 230.615
182.064 230.615
182.262 230.865
182.459 231.115
182.459 231.115
182.459 231.115
182.656 231.365
182.854 231.615
182.854 231.615
182.854 231.615
183.051 231.865
183.248 232.115
183.248 232.115
183.248 232.115
183.446 232.365
183.643 232.615
183.643 232.615
183.841 232.865
184.038 233.115
184.038 233.115
184.235 233.365
184.433 233.615
184.433 233.615
184.63 233.865
184.827 234.115
184.827 234.115
185.025 234.365
185.222 234.615
185.222 234.615
185.419 234.865
185.617 235.115
185.617 235.115
185.814 235.365
186.012 235.615
186.012 235.615
186.209 235.865
186.406 236.115
186.406 236.115
186.604 236.365
186.801 236.615
186.801 236.615
186.998 236.865
187.196 237.115
187.196 237.115
187.393 237.365
187.591 237.615
187.591 237.615
187.788 237.865
187.985 238.115
187.985 238.115
187.985 238.115
188.183 238.365
188.38 238.615
188.577 238.865
188.775 239.115
188.775 239.115
188.775 239.115
188.972 239.365
189.169 239.615
189.169 239.615
189.169 239.615
189.367 239.865
189.564 240.115
189.564 240.115
189.564 240.115
189.762 240.365
189.959 240.615
189.959 240.615
190.156 240.865
190.354 241.115
190.354 241.115
190.551 241.365
190.748 241.615
190.748 241.615
190.946 241.865
191.143 242.115
191.143 242.115
191.341 242.365
191.538 242.615
191.538 242.615
191.735 242.865
191.933 243.115
191.933 243.115
192.13 243.365
192.327 243.615
192.327 243.615
192.525 243.865
192.722 244.115
192.722 244.115
192.919 244.365
193.117 244.615
193.117 244.615
193.314 244.865
193.512 245.115
193.512 245.115
193.709 245.365
193.906 245.615
193.906 245.615
194.104 245.865
194.301 246.115
194.301 246.115
194.498 246.365
194.696 246.615
194.696 246.615
194.893 246.865
195.091 247.115
195.091 247.115
195.091 247.115
195.288 247.365
195.485 247.615
195.485 247.615
195.683 247.865
195.88 248.115
195.88 248.115
195.88 248.115
196.077 248.365
196.275 248.615
196.275 248.615
196.472 248.865
196.669 249.115
196.669 249.115
196.867 249.365
197.064 249.615
197.064 249.615
197.262 249.865
197.459 250.115
197.459 250.115
197.656 250.365
197.854 250.615
198.051 250.865
198.248 251.115
198.248 251.115
198.446 251.365
198.643 251.615
198.643 251.615
198.841 251.865
199.038 252.115
199.038 252.115
199.235 252.365
199.433 252.615
199.63 252.865
199.827 253.115
199.827 253.115
200.025 253.365
200.222 253.615
200.222 253.615
200.419 253.865
200.617 254.115
200.617 254.115
200.617 254.115
200.617 254.115
200.617 254.115
200.617 254.115
200.617 254.115
201.406 255.115
201.801 255.615
202.196 256.115
202.196 256.115
202.591 256.615
202.985 257.115
202.985 257.115
203.38 257.615
203.577 257.865
203.577 257.865
203.775 258.115
204.169 258.615
204.564 259.115
204.959 259.615
205.156 259.865
205.354 260.115
205.748 260.615
206.143 261.115
206.143 261.115
206.538 261.615
206.735 261.865
206.735 261.865
206.933 262.115
207.722 263.115
208.117 263.615
208.512 264.115
208.512 264.115
208.906 264.615
209.104 264.865
209.301 265.115
209.696 265.615
209.893 265.865
210.091 266.115
210.288 266.365
210.485 266.615
210.683 266.865
210.683 266.865
210.88 267.115
210.88 267.115
211.275 267.615
211.275 267.615
211.669 268.115
211.669 268.115
211.867 268.365
212.064 268.615
212.262 268.865
212.459 269.115
212.656 269.365
212.854 269.615
213.051 269.865
213.248 270.115
213.643 270.615
214.038 271.115
214.038 271.115
214.433 271.615
214.63 271.865
214.827 272.115
214.827 272.115
215.025 272.365
215.222 272.615
215.419 272.865
215.617 273.115
215.814 273.365
216.012 273.615
216.209 273.865
216.406 274.115
216.604 274.365
216.801 274.615
216.801 274.615
216.998 274.865
217.196 275.115
217.196 275.115
217.393 275.365
217.591 275.615
217.591 275.615
217.788 275.865
217.985 276.115
217.985 276.115
218.183 276.365
218.38 276.615
218.577 276.865
218.775 277.115
218.972 277.365
219.169 277.615
219.367 277.865
219.564 278.115
219.762 278.365
219.959 278.615
220.156 278.865
220.354 279.115
220.354 279.115
220.748 279.615
220.748 279.615
221.143 280.115
221.143 280.115
221.341 280.365
221.538 280.615
221.735 280.865
221.933 281.115
222.13 281.365
222.327 281.615
222.525 281.865
222.722 282.115
222.919 282.365
223.117 282.615
223.117 282.615
223.314 282.865
223.512 283.115
223.709 283.365
223.906 283.615
223.906 283.615
224.104 283.865
224.301 284.115
224.301 284.115
224.498 284.365
224.696 284.615
224.893 284.865
225.091 285.115
225.288 285.365
225.485 285.615
225.485 285.615
225.683 285.865
225.88 286.115
226.077 286.365
226.275 286.615
226.472 286.865
226.669 287.115
226.669 287.115
226.867 287.365
227.064 287.615
227.262 287.865
227.459 288.115
227.459 288.115
227.656 288.365
227.854 288.615
228.051 288.865
228.248 289.115
228.446 289.365
228.643 289.615
228.841 289.865
229.038 290.115
229.433 290.615
229.433 290.615
229.827 291.115
229.827 291.115
229.827 291.115
230.222 291.615
230.222 291.615
230.617 292.115
230.617 292.115
230.814 292.365
231.012 292.615
231.209 292.865
231.406 293.115
231.406 293.115
231.604 293.365
231.801 293.615
231.801 293.615
231.998 293.865
232.196 294.115
232.591 294.615
232.985 295.115
232.985 295.115
233.775 296.115
233.775 296.115
233.775 296.115
234.17 296.615
234.564 297.115
234.959 297.615
234.959 297.615
235.354 298.115
235.354 298.115
235.748 298.615
236.143 299.115
236.143 299.115
236.341 299.365
236.538 299.615
236.538 299.615
236.735 299.865
236.933 300.115
236.933 300.115
237.13 300.365
237.327 300.615
237.327 300.615
237.525 300.865
237.722 301.115
237.722 301.115
237.92 301.365
238.117 301.615
238.117 301.615
238.314 301.865
238.512 302.115
238.512 302.115
238.709 302.365
238.906 302.615
238.906 302.615
239.104 302.865
239.301 303.115
239.301 303.115
239.498 303.365
239.696 303.615
239.696 303.615
239.893 303.865
240.091 304.115
240.091 304.115
240.288 304.365
240.485 304.615
240.485 304.615
240.683 304.865
240.88 305.115
240.88 305.115
241.077 305.365
241.275 305.615
241.275 305.615
241.472 305.865
241.67 306.115
241.67 306.115
241.867 306.365
242.064 306.615
242.262 306.865
242.459 307.115
242.459 307.115
242.656 307.365
242.854 307.615
242.854 307.615
243.051 307.865
243.248 308.115
243.248 308.115
243.446 308.365
243.643 308.615
243.643 308.615
243.841 308.865
244.038 309.115
244.038 309.115
244.235 309.365
244.433 309.615
244.433 309.615
244.63 309.865
244.827 310.115
244.827 310.115
245.025 310.365
245.222 310.615
245.222 310.615
245.42 310.865
245.617 311.115
245.617 311.115
245.814 311.365
246.012 311.615
246.012 311.615
246.209 311.865
246.406 312.115
246.406 312.115
246.604 312.365
246.801 312.615
246.801 312.615
246.998 312.865
247.196 313.115
247.196 313.115
247.393 313.365
247.591 313.615
247.591 313.615
247.788 313.865
247.985 314.115
247.985 314.115
247.985 314.115
248.183 314.365
248.38 314.615
248.577 314.865
248.775 315.115
248.775 315.115
248.775 315.115
248.972 315.365
249.17 315.615
249.17 315.615
249.367 315.865
249.564 316.115
249.564 316.115
249.564 316.115
249.762 316.365
249.959 316.615
249.959 316.615
250.156 316.865
250.354 317.115
250.354 317.115
250.551 317.365
250.748 317.615
250.748 317.615
250.946 317.865
251.143 318.115
251.143 318.115
251.341 318.365
251.538 318.615
251.735 318.865
251.933 319.115
251.933 319.115
251.933 319.115
252.13 319.365
252.327 319.615
252.327 319.615
252.327 319.615
252.525 319.865
252.722 320.115
252.722 320.115
252.722 320.115
252.92 320.365
253.117 320.615
253.314 320.865
253.512 321.115
253.512 321.115
253.709 321.365
253.906 321.615
253.906 321.615
254.104 321.865
254.301 322.115
254.301 322.115
254.498 322.365
254.696 322.615
254.696 322.615
254.893 322.865
255.091 323.115
255.091 323.115
255.288 323.365
255.485 323.615
255.485 323.615
255.683 323.865
255.88 324.115
256.077 324.365
256.275 324.615
256.275 324.615
256.472 324.865
256.67 325.115
256.867 325.365
257.064 325.615
257.064 325.615
257.262 325.865
257.459 326.115
257.459 326.115
257.656 326.365
257.854 326.615
257.854 326.615
258.051 326.865
258.248 327.115
258.248 327.115
258.248 327.115
258.446 327.365
258.643 327.615
258.643 327.615
258.643 327.615
258.841 327.865
259.038 328.115
259.038 328.115
259.038 328.115
259.235 328.365
259.433 328.615
259.433 328.615
259.63 328.865
259.827 329.115
259.827 329.115
260.025 329.365
260.222 329.615
260.222 329.615
260.42 329.865
260.617 330.115
260.617 330.115
260.814 330.365
261.012 330.615
261.012 330.615
261.209 330.865
261.406 331.115
261.406 331.115
261.604 331.365
261.801 331.615
261.801 331.615
261.998 331.865
262.196 332.115
262.196 332.115
262.393 332.365
262.591 332.615
262.591 332.615
262.788 332.865
262.985 333.115
262.985 333.115
263.183 333.365
263.38 333.615
263.38 333.615
263.577 333.865
263.775 334.115
263.775 334.115
263.775 334.115
263.972 334.365
264.17 334.615
264.367 334.865
264.564 335.115
264.564 335.115
264.564 335.115
264.762 335.365
264.959 335.615
264.959 335.615
264.959 335.615
265.156 335.865
265.354 336.115
265.354 336.115
265.354 336.115
265.551 336.365
265.748 336.615
265.748 336.615
265.946 336.865
266.143 337.115
266.143 337.115
266.341 337.365
266.538 337.615
266.538 337.615
266.735 337.865
266.933 338.115
266.933 338.115
267.13 338.365
267.327 338.615
267.327 338.615
267.525 338.865
267.722 339.115
267.722 339.115
267.92 339.365
268.117 339.615
268.117 339.615
268.314 339.865
268.512 340.115
268.512 340.115
268.709 340.365
268.906 340.615
268.906 340.615
269.104 340.865
269.301 341.115
269.301 341.115
269.498 341.365
269.696 341.615
269.696 341.615
269.893 341.865
270.091 342.115
270.091 342.115
270.288 342.365
270.485 342.615
270.485 342.615
270.683 342.865
270.88 343.115
270.88 343.115
270.88 343.115
271.077 343.365
271.275 343.615
271.275 343.615
271.472 343.865
271.67 344.115
271.67 344.115
271.67 344.115
271.867 344.365
272.064 344.615
272.064 344.615
272.262 344.865
272.459 345.115
272.459 345.115
272.656 345.365
272.854 345.615
272.854 345.615
273.051 345.865
273.248 346.115
273.248 346.115
273.446 346.365
273.643 346.615
273.841 346.865
274.038 347.115
274.038 347.115
274.235 347.365
274.433 347.615
274.433 347.615
274.63 347.865
274.827 348.115
274.827 348.115
275.025 348.365
275.222 348.615
275.42 348.865
275.617 349.115
275.617 349.115
275.814 349.365
276.012 349.615
276.012 349.615
276.209 349.865
276.406 350.115
276.406 350.115
276.406 350.115
276.406 350.115
276.406 350.115
277.196 351.115
277.591 351.615
277.985 352.115
277.985 352.115
277.985 352.115
278.38 352.615
278.38 352.615
278.775 353.115
279.17 353.615
279.959 354.615
280.354 355.115
280.354 355.115
280.748 355.615
280.748 355.615
280.946 355.865
281.143 356.115
281.538 356.615
281.933 357.115
281.933 357.115
282.327 357.615
283.117 358.615
283.512 359.115
283.906 359.615
284.104 359.865
284.301 360.115
284.301 360.115
284.696 360.615
284.696 360.615
285.091 361.115
285.485 361.615
285.485 361.615
286.67 363.115
286.67 363.115
286.867 363.365
287.064 363.615
287.064 363.615
287.262 363.865
287.459 364.115
287.854 364.615
288.248 365.115
288.643 365.615
290.617 368.115
290.617 368.115
290.617 368.115
290.617 368.115
290.617 368.115
290.617 368.115
