4.88962 7.66042
4.88962 7.66042
4.88962 7.66042
4.88962 7.66042
5.20877 8.16042
5.52792 8.66042
5.84707 9.16042
6.16621 9.66042
6.48536 10.1604
6.80451 10.6604
7.12366 11.1604
7.44281 11.6604
7.44281 11.6604
7.44281 11.6604
7.76196 12.1604
8.40025 13.1604
8.7194 13.6604
9.03855 14.1604
9.3577 14.6604
9.3577 14.6604
9.3577 14.6604
9.67685 15.1604
9.996 15.6604
9.996 15.6604
9.996 15.6604
9.996 15.6604
10.3151 16.1604
10.6343 16.6604
10.9534 17.1604
11.2726 17.6604
11.5917 18.1604
11.9109 18.6604
12.23 19.1604
12.23 19.1604
12.5492 19.6604
12.5492 19.6604
12.5492 19.6604
12.8683 20.1604
13.5066 21.1604
13.8258 21.6604
14.1449 22.1604
14.4641 22.6604
14.7832 23.1604
15.1024 23.6604
15.1024 23.6604
15.1024 23.6604
15.1024 23.6604
15.4215 24.1604
15.4215 24.1604
15.7407 24.6604
15.7407 24.6604
16.0598 25.1604
16.379 25.6604
16.6981 26.1604
17.0173 26.6604
17.1768 26.9104
17.3364 27.1604
17.6556 27.6604
17.6556 27.6604
17.6556 27.6604
17.6556 27.6604
17.9747 28.1604
18.2939 28.6604
18.613 29.1604
18.9322 29.6604
19.2513 30.1604
19.5705 30.6604
19.8896 31.1604
20.2087 31.6604
20.2087 31.6604
20.2087 31.6604
20.2087 31.6604
20.5279 32.1604
20.847 32.6604
21.1662 33.1604
21.4853 33.6604
21.8045 34.1604
22.1236 34.6604
22.4428 35.1604
22.4428 35.1604
22.7619 35.6604
22.7619 35.6604
22.7619 35.6604
22.7619 35.6604
24.0385 37.6604
24.996 39.1604
25.3151 39.6604
25.3151 39.6604
25.3151 39.6604
25.3151 39.6604
25.3151 39.6604
25.6343 40.1604
25.6343 40.1604
25.9534 40.6604
25.9534 40.6604
25.9534 40.6604
26.2726 41.1604
26.5917 41.6604
26.5917 41.6604
26.5917 41.6604
26.9109 42.1604
27.23 42.6604
27.23 42.6604
27.5492 43.1604
27.8683 43.6604
27.8683 43.6604
27.8683 43.6604
27.8683 43.6604
28.1875 44.1604
28.5066 44.6604
28.5066 44.6604
28.8258 45.1604
29.1449 45.6604
29.1449 45.6604
29.1449 45.6604
29.1449 45.6604
29.4641 46.1604
29.4641 46.1604
29.7832 46.6604
29.7832 46.6604
29.7832 46.6604
30.1024 47.1604
30.1024 47.1604
30.4215 47.6604
30.4215 47.6604
30.4215 47.6604
30.4215 47.6604
30.4215 47.6604
30.7406 48.1604
30.7406 48.1604
31.0598 48.6604
31.0598 48.6604
31.0598 48.6604
31.0598 48.6604
31.3789 49.1604
31.6981 49.6604
31.6981 49.6604
31.6981 49.6604
32.0172 50.1604
32.3364 50.6604
32.3364 50.6604
32.6555 51.1604
32.9747 51.6604
32.9747 51.6604
32.9747 51.6604
32.9747 51.6604
33.2938 52.1604
33.2938 52.1604
33.613 52.6604
33.613 52.6604
33.9321 53.1604
34.2513 53.6604
34.2513 53.6604
34.2513 53.6604
34.2513 53.6604
34.5704 54.1604
34.5704 54.1604
34.8896 54.6604
34.8896 54.6604
35.2087 55.1604
35.2087 55.1604
35.5279 55.6604
35.5279 55.6604
35.5279 55.6604
35.5279 55.6604
35.5279 55.6604
35.847 56.1604
35.847 56.1604
36.1662 56.6604
36.1662 56.6604
36.1662 56.6604
36.4853 57.1604
36.4853 57.1604
36.8045 57.6604
36.8045 57.6604
36.8045 57.6604
37.1236 58.1604
37.1236 58.1604
37.4428 58.6604
37.4428 58.6604
37.7619 59.1604
38.0811 59.6604
38.0811 59.6604
38.0811 59.6604
38.0811 59.6604
38.4002 60.1604
38.4002 60.1604
38.7194 60.6604
38.7194 60.6604
39.0385 61.1604
39.3577 61.6604
39.3577 61.6604
39.3577 61.6604
39.3577 61.6604
39.6768 62.1604
39.6768 62.1604
39.996 62.6604
39.996 62.6604
39.996 62.6604
40.3151 63.1604
40.3151 63.1604
40.6343 63.6604
40.6343 63.6604
40.6343 63.6604
40.6343 63.6604
40.9534 64.1604
40.9534 64.1604
41.2725 64.6604
41.2725 64.6604
41.2725 64.6604
41.5917 65.1604
41.9108 65.6604
41.9108 65.6604
42.23 66.1604
42.23 66.1604
42.5491 66.6604
42.5491 66.6604
43.1874 67.6604
43.1874 67.6604
43.1874 67.6604
43.1874 67.6604
43.1874 67.6604
43.5066 68.1604
43.8257 68.6604
44.1449 69.1604
44.464 69.6604
44.464 69.6604
44.464 69.6604
45.1023 70.6604
45.4215 71.1604
45.7406 71.6604
45.7406 71.6604
45.7406 71.6604
45.7406 71.6604
45.7406 71.6604
45.7406 71.6604
45.7406 71.6604
46.0598 72.1604
46.0598 72.1604
46.3789 72.6604
46.3789 72.6604
46.3789 72.6604
46.6981 73.1604
47.0172 73.6604
47.0172 73.6604
47.0172 73.6604
47.0172 73.6604
47.3364 74.1604
47.3364 74.1604
47.6555 74.6604
47.6555 74.6604
47.9747 75.1604
47.9747 75.1604
48.2938 75.6604
48.2938 75.6604
48.2938 75.6604
48.2938 75.6604
48.2938 75.6604
48.613 76.1604
48.613 76.1604
48.9321 76.6604
48.9321 76.6604
48.9321 76.6604
49.2513 77.1604
49.5704 77.6604
49.5704 77.6604
49.5704 77.6604
49.5704 77.6604
49.8896 78.1604
49.8896 78.1604
50.2087 78.6604
50.2087 78.6604
50.2087 78.6604
50.5279 79.1604
50.5279 79.1604
50.847 79.6604
50.847 79.6604
50.847 79.6604
50.847 79.6604
50.847 79.6604
50.847 79.6604
51.1662 80.1604
51.1662 80.1604
51.4853 80.6604
51.4853 80.6604
51.4853 80.6604
51.8045 81.1604
51.8045 81.1604
51.8045 81.1604
52.1236 81.6604
52.1236 81.6604
52.1236 81.6604
52.4427 82.1604
52.4427 82.1604
52.6023 82.4104
52.7619 82.6604
52.7619 82.6604
52.7619 82.6604
53.081 83.1604
53.4002 83.6604
53.4002 83.6604
53.4002 83.6604
53.4002 83.6604
53.4002 83.6604
53.7193 84.1604
53.7193 84.1604
54.0385 84.6604
54.0385 84.6604
54.3576 85.1604
54.3576 85.1604
54.3576 85.1604
54.6768 85.6604
54.6768 85.6604
54.6768 85.6604
54.6768 85.6604
54.6768 85.6604
54.9959 86.1604
54.9959 86.1604
55.3151 86.6604
55.3151 86.6604
55.3151 86.6604
55.6342 87.1604
55.6342 87.1604
55.9534 87.6604
55.9534 87.6604
55.9534 87.6604
55.9534 87.6604
55.9534 87.6604
55.9534 87.6604
55.9534 87.6604
56.2725 88.1604
56.2725 88.1604
56.5917 88.6604
56.5917 88.6604
56.5917 88.6604
56.9108 89.1604
57.23 89.6604
57.23 89.6604
57.23 89.6604
57.5491 90.1604
57.5491 90.1604
57.5491 90.1604
57.8683 90.6604
57.8683 90.6604
58.1874 91.1604
58.1874 91.1604
58.5066 91.6604
58.5066 91.6604
58.5066 91.6604
58.5066 91.6604
58.5066 91.6604
58.8257 92.1604
58.8257 92.1604
59.1449 92.6604
59.1449 92.6604
59.464 93.1604
59.7832 93.6604
59.7832 93.6604
59.7832 93.6604
59.7832 93.6604
59.7832 93.6604
59.9427 93.9104
60.1023 94.1604
60.2619 94.4104
60.2619 94.4104
60.4215 94.6604
60.4215 94.6604
60.7406 95.1604
60.7406 95.1604
61.0598 95.6604
61.0598 95.6604
61.0598 95.6604
61.0598 95.6604
61.0598 95.6604
61.0598 95.6604
61.0598 95.6604
61.3789 96.1604
61.3789 96.1604
61.3789 96.1604
61.6981 96.6604
61.6981 96.6604
62.0172 97.1604
62.0172 97.1604
62.3364 97.6604
62.3364 97.6604
62.3364 97.6604
62.6555 98.1604
62.6555 98.1604
62.9746 98.6604
62.9746 98.6604
63.2938 99.1604
63.6129 99.6604
63.6129 99.6604
63.6129 99.6604
63.6129 99.6604
63.6129 99.6604
63.6129 99.6604
63.6129 99.6604
63.9321 100.16
63.9321 100.16
64.2512 100.66
64.2512 100.66
64.5704 101.16
64.8895 101.66
64.8895 101.66
64.8895 101.66
64.8895 101.66
65.2087 102.16
65.2087 102.16
65.5278 102.66
65.5278 102.66
65.5278 102.66
65.847 103.16
66.1661 103.66
66.1661 103.66
66.1661 103.66
66.1661 103.66
66.1661 103.66
66.1661 103.66
66.4853 104.16
66.4853 104.16
66.8044 104.66
66.8044 104.66
67.1236 105.16
67.1236 105.16
67.4427 105.66
67.4427 105.66
67.4427 105.66
68.081 106.66
68.081 106.66
68.3922 107.148
68.4002 107.16
68.7193 107.66
68.7193 107.66
69.0385 108.16
69.3576 108.66
69.3576 108.66
69.6768 109.16
69.9959 109.66
69.9959 109.66
69.9959 109.66
69.9959 109.66
69.9959 109.66
70.3151 110.16
70.3151 110.16
70.6342 110.66
70.6342 110.66
70.6342 110.66
70.6342 110.66
70.6342 110.66
70.9534 111.16
71.2725 111.66
71.2725 111.66
71.2725 111.66
71.2725 111.66
71.2725 111.66
71.2725 111.66
71.5917 112.16
71.5917 112.16
71.9108 112.66
71.9108 112.66
72.23 113.16
72.23 113.16
72.5491 113.66
72.5491 113.66
72.5491 113.66
72.5491 113.66
72.8683 114.16
72.8683 114.16
73.1874 114.66
73.1874 114.66
73.5065 115.16
73.5065 115.16
73.8257 115.66
74.1448 116.16
74.1448 116.16
74.464 116.66
74.7831 117.16
75.1023 117.66
75.1023 117.66
75.1023 117.66
75.1023 117.66
75.2619 117.91
75.4214 118.16
75.7406 118.66
75.7406 118.66
75.7406 118.66
75.7406 118.66
75.7406 118.66
76.0597 119.16
76.0597 119.16
76.0597 119.16
76.0597 119.16
76.3789 119.66
76.3789 119.66
76.3789 119.66
76.3789 119.66
76.3789 119.66
76.3789 119.66
76.5385 119.91
77.0172 120.66
77.0172 120.66
77.3363 121.16
77.6555 121.66
77.6555 121.66
77.8151 121.91
77.9746 122.16
78.2938 122.66
78.2938 122.66
78.2938 122.66
78.6129 123.16
78.6129 123.16
78.9321 123.66
78.9321 123.66
78.9321 123.66
78.9321 123.66
78.9321 123.66
79.0916 123.91
79.5704 124.66
79.5704 124.66
79.8895 125.16
79.8895 125.16
80.2087 125.66
80.2087 125.66
80.2087 125.66
80.2087 125.66
80.5278 126.16
80.847 126.66
80.847 126.66
81.1661 127.16
81.1661 127.16
81.4853 127.66
81.4853 127.66
81.4853 127.66
81.4853 127.66
81.4853 127.66
81.4853 127.66
81.8044 128.16
81.8044 128.16
82.1236 128.66
82.1236 128.66
82.4427 129.16
82.4427 129.16
82.7619 129.66
82.7619 129.66
82.7619 129.66
82.7619 129.66
83.081 130.16
83.081 130.16
83.4002 130.66
83.4002 130.66
83.4002 130.66
83.4002 130.66
83.7193 131.16
83.7193 131.16
84.0384 131.66
84.0384 131.66
84.0384 131.66
84.0384 131.66
84.0384 131.66
84.3576 132.16
84.6767 132.66
84.6767 132.66
84.6767 132.66
84.9959 133.16
85.315 133.66
85.315 133.66
85.315 133.66
85.315 133.66
85.315 133.66
85.315 133.66
85.6342 134.16
85.6342 134.16
85.6342 134.16
85.9533 134.66
85.9533 134.66
85.9533 134.66
85.9533 134.66
86.2725 135.16
86.5916 135.66
86.5916 135.66
86.5916 135.66
86.5916 135.66
86.5916 135.66
86.5916 135.66
86.9108 136.16
86.9108 136.16
87.2299 136.66
87.2299 136.66
87.5491 137.16
87.5491 137.16
87.8682 137.66
87.8682 137.66
87.8682 137.66
88.1874 138.16
88.5065 138.66
88.5065 138.66
88.8177 139.148
88.8257 139.16
89.1448 139.66
89.1448 139.66
89.1448 139.66
89.1448 139.66
89.464 140.16
89.464 140.16
89.6235 140.41
89.7831 140.66
89.7831 140.66
89.9427 140.91
90.1023 141.16
90.2618 141.41
90.4214 141.66
90.4214 141.66
90.4214 141.66
90.581 141.91
90.581 141.91
90.7406 142.16
90.9001 142.41
91.0597 142.66
91.0597 142.66
91.0597 142.66
91.0597 142.66
91.3789 143.16
91.698 143.66
91.698 143.66
91.698 143.66
91.698 143.66
91.698 143.66
91.698 143.66
92.0172 144.16
92.0172 144.16
92.3363 144.66
92.3363 144.66
92.3363 144.66
92.6555 145.16
92.6555 145.16
92.9746 145.66
92.9746 145.66
92.9746 145.66
92.9746 145.66
93.2938 146.16
93.2938 146.16
93.6129 146.66
93.6129 146.66
93.9321 147.16
94.2512 147.66
94.2512 147.66
94.2512 147.66
94.5703 148.16
94.5703 148.16
94.5703 148.16
94.8895 148.66
94.8895 148.66
94.8895 148.66
95.2086 149.16
95.2086 149.16
95.5278 149.66
95.5278 149.66
95.5278 149.66
95.5278 149.66
95.8469 150.16
95.8469 150.16
95.8469 150.16
96.1661 150.66
96.1661 150.66
96.1661 150.66
96.1661 150.66
96.1661 150.66
96.4852 151.16
96.4852 151.16
96.8044 151.66
96.8044 151.66
96.8044 151.66
96.8044 151.66
96.8044 151.66
96.8044 151.66
97.1235 152.16
97.4427 152.66
97.4427 152.66
97.7618 153.16
97.7618 153.16
98.081 153.66
98.081 153.66
98.081 153.66
98.081 153.66
98.4001 154.16
98.4001 154.16
98.7193 154.66
98.7193 154.66
98.7193 154.66
98.7193 154.66
98.7193 154.66
99.0384 155.16
99.0384 155.16
99.3576 155.66
99.3576 155.66
99.3576 155.66
99.3576 155.66
99.3576 155.66
99.3576 155.66
99.3576 155.66
99.6767 156.16
99.9959 156.66
99.9959 156.66
100.315 157.16
100.315 157.16
100.315 157.16
100.315 157.16
100.953 158.16
101.272 158.66
101.272 158.66
101.272 158.66
101.272 158.66
101.592 159.16
101.592 159.16
101.911 159.66
101.911 159.66
101.911 159.66
101.911 159.66
101.911 159.66
102.23 160.16
102.23 160.16
102.549 160.66
102.549 160.66
102.868 161.16
102.868 161.16
102.868 161.16
102.868 161.16
103.187 161.66
103.507 162.16
103.507 162.16
103.507 162.16
103.826 162.66
104.145 163.16
104.145 163.16
104.145 163.16
104.145 163.16
104.145 163.16
104.464 163.66
104.783 164.16
105.102 164.66
105.102 164.66
105.421 165.16
105.741 165.66
105.741 165.66
105.741 165.66
106.379 166.66
106.698 167.16
107.017 167.66
107.017 167.66
107.017 167.66
107.017 167.66
107.017 167.66
107.336 168.16
107.336 168.16
107.655 168.66
107.975 169.16
108.613 170.16
108.772 170.41
109.251 171.16
109.57 171.66
109.57 171.66
109.57 171.66
109.57 171.66
109.889 172.16
110.209 172.66
110.368 172.91
110.847 173.66
110.847 173.66
110.847 173.66
110.847 173.66
111.006 173.91
111.166 174.16
111.166 174.16
111.326 174.41
111.485 174.66
111.485 174.66
111.645 174.91
111.804 175.16
111.964 175.41
112.124 175.66
112.124 175.66
112.124 175.66
112.124 175.66
112.443 176.16
112.921 176.91
113.081 177.16
113.081 177.16
113.081 177.16
113.241 177.41
113.4 177.66
113.719 178.16
113.719 178.16
114.358 179.16
114.677 179.66
114.677 179.66
114.677 179.66
114.996 180.16
115.634 181.16
115.634 181.16
115.634 181.16
115.953 181.66
116.272 182.16
116.592 182.66
116.592 182.66
116.592 182.66
116.592 182.66
116.911 183.16
116.911 183.16
116.911 183.16
117.23 183.66
117.23 183.66
117.23 183.66
117.23 183.66
117.549 184.16
117.868 184.66
118.187 185.16
118.187 185.16
118.826 186.16
118.826 186.16
118.826 186.16
119.783 187.66
119.783 187.66
119.783 187.66
119.783 187.66
120.102 188.16
120.421 188.66
120.741 189.16
120.741 189.16
121.06 189.66
121.379 190.16
121.379 190.16
121.379 190.16
121.698 190.66
121.698 190.66
122.017 191.16
122.017 191.16
122.307 191.615
122.336 191.66
122.467 191.865
122.626 192.115
122.786 192.365
122.945 192.615
123.105 192.865
123.264 193.115
123.424 193.365
123.584 193.615
123.743 193.865
123.903 194.115
124.062 194.365
124.222 194.615
124.381 194.865
124.541 195.115
124.701 195.365
124.86 195.615
124.889 195.66
124.889 195.66
124.889 195.66
124.889 195.66
124.889 195.66
124.889 195.66
124.889 195.66
126.166 197.66
127.123 199.16
127.443 199.66
127.443 199.66
127.443 199.66
127.443 199.66
127.443 199.66
127.762 200.16
127.762 200.16
128.081 200.66
128.081 200.66
128.081 200.66
128.4 201.16
128.719 201.66
128.719 201.66
128.719 201.66
129.038 202.16
129.358 202.66
129.358 202.66
129.677 203.16
129.996 203.66
129.996 203.66
129.996 203.66
129.996 203.66
130.315 204.16
130.634 204.66
130.634 204.66
130.953 205.16
131.272 205.66
131.272 205.66
131.272 205.66
131.272 205.66
131.592 206.16
131.592 206.16
131.911 206.66
131.911 206.66
131.911 206.66
132.23 207.16
132.23 207.16
132.549 207.66
132.549 207.66
132.549 207.66
132.549 207.66
132.549 207.66
132.868 208.16
132.868 208.16
133.187 208.66
133.187 208.66
133.187 208.66
133.187 208.66
133.506 209.16
133.826 209.66
133.826 209.66
133.826 209.66
134.145 210.16
134.464 210.66
134.464 210.66
134.783 211.16
135.102 211.66
135.102 211.66
135.102 211.66
135.102 211.66
135.421 212.16
135.421 212.16
135.741 212.66
135.741 212.66
136.06 213.16
136.379 213.66
136.379 213.66
136.379 213.66
136.379 213.66
136.698 214.16
136.698 214.16
137.017 214.66
137.017 214.66
137.336 215.16
137.336 215.16
137.655 215.66
137.655 215.66
137.655 215.66
137.655 215.66
137.655 215.66
137.975 216.16
137.975 216.16
138.294 216.66
138.294 216.66
138.294 216.66
138.613 217.16
138.613 217.16
138.932 217.66
138.932 217.66
138.932 217.66
139.251 218.16
139.251 218.16
139.57 218.66
139.57 218.66
139.889 219.16
140.209 219.66
140.209 219.66
140.209 219.66
140.209 219.66
140.528 220.16
140.528 220.16
140.847 220.66
140.847 220.66
141.166 221.16
141.485 221.66
141.485 221.66
141.485 221.66
141.485 221.66
141.804 222.16
141.804 222.16
142.123 222.66
142.123 222.66
142.123 222.66
142.443 223.16
142.443 223.16
142.762 223.66
142.762 223.66
142.762 223.66
142.762 223.66
143.081 224.16
143.081 224.16
143.4 224.66
143.4 224.66
143.4 224.66
143.719 225.16
144.038 225.66
144.038 225.66
144.358 226.16
144.358 226.16
144.677 226.66
144.677 226.66
145.315 227.66
145.315 227.66
145.315 227.66
145.315 227.66
145.315 227.66
145.634 228.16
145.953 228.66
146.272 229.16
146.592 229.66
146.592 229.66
146.592 229.66
147.23 230.66
147.549 231.16
147.868 231.66
147.868 231.66
147.868 231.66
147.868 231.66
147.868 231.66
147.868 231.66
147.868 231.66
148.187 232.16
148.187 232.16
148.506 232.66
148.506 232.66
148.506 232.66
148.826 233.16
149.145 233.66
149.145 233.66
149.145 233.66
149.145 233.66
149.464 234.16
149.464 234.16
149.783 234.66
149.783 234.66
150.102 235.16
150.102 235.16
150.421 235.66
150.421 235.66
150.421 235.66
150.421 235.66
150.421 235.66
150.74 236.16
150.74 236.16
151.06 236.66
151.06 236.66
151.06 236.66
151.379 237.16
151.698 237.66
151.698 237.66
151.698 237.66
151.698 237.66
152.017 238.16
152.017 238.16
152.336 238.66
152.336 238.66
152.336 238.66
152.655 239.16
152.655 239.16
152.975 239.66
152.975 239.66
152.975 239.66
152.975 239.66
152.975 239.66
152.975 239.66
153.294 240.16
153.294 240.16
153.613 240.66
153.613 240.66
153.613 240.66
153.932 241.16
153.932 241.16
153.932 241.16
154.251 241.66
154.251 241.66
154.251 241.66
154.57 242.16
154.57 242.16
154.73 242.41
154.889 242.66
154.889 242.66
154.889 242.66
155.209 243.16
155.528 243.66
155.528 243.66
155.528 243.66
155.528 243.66
155.528 243.66
155.847 244.16
155.847 244.16
156.166 244.66
156.166 244.66
156.485 245.16
156.485 245.16
156.485 245.16
156.804 245.66
156.804 245.66
156.804 245.66
156.804 245.66
156.804 245.66
157.123 246.16
157.123 246.16
157.283 246.41
157.443 246.66
157.443 246.66
157.443 246.66
157.762 247.16
157.762 247.16
158.081 247.66
158.081 247.66
158.081 247.66
158.081 247.66
158.081 247.66
158.081 247.66
158.081 247.66
158.4 248.16
158.4 248.16
158.719 248.66
158.719 248.66
158.719 248.66
159.038 249.16
159.038 249.16
159.357 249.66
159.357 249.66
159.357 249.66
159.677 250.16
159.677 250.16
159.677 250.16
159.996 250.66
159.996 250.66
160.315 251.16
160.315 251.16
160.634 251.66
160.634 251.66
160.634 251.66
160.634 251.66
160.634 251.66
160.953 252.16
160.953 252.16
161.272 252.66
161.272 252.66
161.592 253.16
161.592 253.16
161.911 253.66
161.911 253.66
161.911 253.66
161.911 253.66
161.911 253.66
162.07 253.91
162.23 254.16
162.389 254.41
162.389 254.41
162.549 254.66
162.549 254.66
162.868 255.16
162.868 255.16
163.187 255.66
163.187 255.66
163.187 255.66
163.187 255.66
163.187 255.66
163.187 255.66
163.187 255.66
163.506 256.16
163.506 256.16
163.826 256.66
163.826 256.66
164.145 257.16
164.145 257.16
164.145 257.16
164.464 257.66
164.464 257.66
164.464 257.66
164.783 258.16
164.783 258.16
165.102 258.66
165.102 258.66
165.421 259.16
165.74 259.66
165.74 259.66
165.74 259.66
165.74 259.66
165.74 259.66
165.74 259.66
165.74 259.66
166.06 260.16
166.06 260.16
166.379 260.66
166.379 260.66
166.698 261.16
167.017 261.66
167.017 261.66
167.017 261.66
167.017 261.66
167.336 262.16
167.336 262.16
167.655 262.66
167.655 262.66
167.655 262.66
167.975 263.16
168.294 263.66
168.294 263.66
168.294 263.66
168.294 263.66
168.294 263.66
168.294 263.66
168.613 264.16
168.613 264.16
168.932 264.66
168.932 264.66
169.251 265.16
169.251 265.16
169.57 265.66
169.57 265.66
169.57 265.66
169.893 266.167
170.205 266.654
170.209 266.66
170.528 267.16
170.532 267.167
170.847 267.66
171.166 268.16
171.17 268.167
171.485 268.66
171.804 269.16
171.804 269.16
172.123 269.66
172.123 269.66
172.123 269.66
172.123 269.66
172.443 270.16
172.443 270.16
172.443 270.16
172.762 270.66
172.762 270.66
172.762 270.66
172.762 270.66
173.081 271.16
173.4 271.66
173.4 271.66
173.4 271.66
173.4 271.66
173.4 271.66
173.4 271.66
173.719 272.16
173.719 272.16
174.038 272.66
174.038 272.66
174.038 272.66
174.038 272.66
174.357 273.16
174.357 273.16
174.357 273.16
174.677 273.66
174.677 273.66
174.677 273.66
174.677 273.66
174.677 273.66
174.677 273.66
174.996 274.16
174.996 274.16
175.315 274.66
175.315 274.66
175.634 275.16
175.634 275.16
175.953 275.66
175.953 275.66
176.272 276.16
176.272 276.16
176.592 276.66
176.911 277.16
176.911 277.16
177.23 277.66
177.23 277.66
177.23 277.66
177.23 277.66
177.23 277.66
177.389 277.91
177.549 278.16
177.549 278.16
177.868 278.66
177.868 278.66
177.868 278.66
177.868 278.66
177.868 278.66
177.868 278.66
178.187 279.16
178.187 279.16
178.187 279.16
178.187 279.16
178.506 279.66
178.506 279.66
178.506 279.66
178.506 279.66
178.506 279.66
178.506 279.66
178.666 279.91
178.964 280.377
179.145 280.66
179.464 281.16
179.464 281.16
179.783 281.66
179.783 281.66
179.783 281.66
179.783 281.66
179.943 281.91
180.102 282.16
180.421 282.66
180.421 282.66
180.421 282.66
180.74 283.16
180.74 283.16
181.06 283.66
181.06 283.66
181.06 283.66
181.06 283.66
181.06 283.66
181.219 283.91
181.595 284.5
181.698 284.66
182.017 285.16
182.017 285.16
182.336 285.66
182.336 285.66
182.336 285.66
182.655 286.16
182.655 286.16
182.974 286.66
182.974 286.66
182.974 286.66
183.294 287.16
183.294 287.16
183.613 287.66
183.613 287.66
183.613 287.66
183.613 287.66
183.613 287.66
183.613 287.66
183.932 288.16
183.932 288.16
184.251 288.66
184.251 288.66
184.57 289.16
184.57 289.16
184.889 289.66
184.889 289.66
184.889 289.66
184.889 289.66
185.209 290.16
185.209 290.16
185.209 290.16
185.528 290.66
185.528 290.66
185.528 290.66
185.528 290.66
185.845 291.158
185.847 291.16
185.847 291.16
186.008 291.413
186.166 291.66
186.166 291.66
186.166 291.66
186.166 291.66
186.485 292.16
186.804 292.66
186.804 292.66
187.123 293.16
187.443 293.66
187.443 293.66
187.443 293.66
187.443 293.66
187.443 293.66
187.762 294.16
187.762 294.16
188.081 294.66
188.081 294.66
188.081 294.66
188.081 294.66
188.081 294.66
188.4 295.16
188.719 295.66
188.719 295.66
188.719 295.66
188.719 295.66
188.719 295.66
188.719 295.66
189.038 296.16
189.038 296.16
189.038 296.16
189.357 296.66
189.357 296.66
189.357 296.66
189.357 296.66
189.677 297.16
189.677 297.16
189.996 297.66
189.996 297.66
189.996 297.66
189.996 297.66
189.996 297.66
190.315 298.16
190.316 298.163
190.627 298.65
190.634 298.66
190.634 298.66
190.634 298.66
190.953 299.16
190.953 299.16
190.957 299.167
191.26 299.642
191.272 299.66
191.272 299.66
191.272 299.66
191.272 299.66
191.272 299.66
191.591 300.16
191.751 300.41
191.762 300.427
191.911 300.66
191.911 300.66
192.07 300.91
192.23 301.16
192.389 301.41
192.549 301.66
192.549 301.66
192.549 301.66
192.549 301.66
192.709 301.91
192.709 301.91
192.868 302.16
193.028 302.41
193.187 302.66
193.187 302.66
193.187 302.66
193.187 302.66
193.187 302.66
193.506 303.16
193.826 303.66
193.826 303.66
193.826 303.66
193.826 303.66
193.826 303.66
193.826 303.66
194.145 304.16
194.145 304.16
194.464 304.66
194.464 304.66
194.464 304.66
194.783 305.16
194.783 305.16
195.102 305.66
195.102 305.66
195.102 305.66
195.102 305.66
195.421 306.16
195.421 306.16
195.74 306.66
195.74 306.66
195.74 306.66
195.74 306.66
196.06 307.16
196.06 307.16
196.379 307.66
196.379 307.66
196.379 307.66
196.379 307.66
196.379 307.66
196.698 308.16
196.698 308.16
197.017 308.66
197.017 308.66
197.017 308.66
197.017 308.66
197.336 309.16
197.336 309.16
197.655 309.66
197.655 309.66
197.655 309.66
197.655 309.66
197.655 309.66
197.974 310.16
197.974 310.16
198.294 310.66
198.294 310.66
198.294 310.66
198.294 310.66
198.294 310.66
198.613 311.16
198.932 311.66
198.932 311.66
198.932 311.66
198.932 311.66
198.932 311.66
199.251 312.16
199.376 312.356
199.57 312.66
199.889 313.16
199.889 313.16
200.209 313.66
200.209 313.66
200.209 313.66
200.209 313.66
200.528 314.16
200.528 314.16
200.847 314.66
200.847 314.66
200.847 314.66
200.847 314.66
201.166 315.16
201.166 315.16
201.166 315.16
201.485 315.66
201.485 315.66
201.485 315.66
201.485 315.66
201.485 315.66
201.485 315.66
201.804 316.16
201.94 316.373
202.123 316.66
202.443 317.16
202.443 317.16
202.443 317.16
202.443 317.16
202.762 317.66
203.081 318.16
203.24 318.41
203.4 318.66
203.4 318.66
203.4 318.66
203.719 319.16
203.719 319.16
204.038 319.66
204.038 319.66
204.038 319.66
204.038 319.66
204.038 319.66
204.357 320.16
204.357 320.16
204.677 320.66
204.677 320.66
204.996 321.16
204.996 321.16
204.996 321.16
204.996 321.16
205.315 321.66
205.634 322.16
205.634 322.16
205.634 322.16
205.953 322.66
206.272 323.16
206.272 323.16
206.272 323.16
206.272 323.16
206.272 323.16
206.591 323.66
206.911 324.16
207.23 324.66
207.23 324.66
207.549 325.16
207.868 325.66
207.868 325.66
207.868 325.66
207.868 325.66
207.868 325.66
208.506 326.66
208.506 326.66
208.826 327.16
209.145 327.66
209.145 327.66
209.145 327.66
209.304 327.91
209.464 328.16
209.464 328.16
209.464 328.16
209.623 328.41
209.623 328.41
209.623 328.41
209.783 328.66
209.943 328.91
209.943 328.91
210.102 329.16
210.102 329.16
210.102 329.16
210.262 329.41
210.421 329.66
210.581 329.91
210.693 330.085
210.74 330.16
210.74 330.16
210.74 330.16
210.9 330.41
210.9 330.41
210.992 330.554
211.06 330.66
211.06 330.66
211.219 330.91
211.298 331.033
211.379 331.16
211.379 331.16
211.379 331.16
211.538 331.41
211.538 331.41
211.698 331.66
211.698 331.66
211.698 331.66
211.857 331.91
212.017 332.16
212.017 332.16
212.177 332.41
212.177 332.41
212.177 332.41
212.336 332.66
212.496 332.91
212.496 332.91
212.655 333.16
212.655 333.16
212.655 333.16
212.815 333.41
212.815 333.41
212.974 333.66
212.974 333.66
213.134 333.91
213.134 333.91
213.294 334.16
213.294 334.16
213.453 334.41
213.453 334.41
213.613 334.66
213.613 334.66
213.613 334.66
213.772 334.91
213.772 334.91
213.932 335.16
213.932 335.16
213.932 335.16
214.091 335.41
214.091 335.41
214.251 335.66
214.251 335.66
214.251 335.66
214.411 335.91
214.57 336.16
214.73 336.41
214.73 336.41
214.889 336.66
215.049 336.91
215.208 337.16
215.208 337.16
215.208 337.16
215.208 337.16
215.288 337.285
215.288 337.285
215.368 337.41
215.368 337.41
215.368 337.41
215.368 337.41
215.448 337.535
215.448 337.535
215.528 337.66
215.528 337.66
215.528 337.66
215.528 337.66
215.528 337.66
215.847 338.16
215.847 338.16
215.847 338.16
215.847 338.16
215.847 338.16
216.166 338.66
216.166 338.66
216.166 338.66
216.166 338.66
216.166 338.66
216.485 339.16
216.485 339.16
216.485 339.16
216.485 339.16
216.485 339.16
216.804 339.66
216.804 339.66
216.804 339.66
216.964 339.91
217.123 340.16
217.23 340.327
217.283 340.41
217.443 340.66
217.602 340.91
217.762 341.16
217.762 341.16
217.921 341.41
218.081 341.66
218.081 341.66
218.24 341.91
218.294 341.994
218.4 342.16
218.506 342.327
218.613 342.494
218.719 342.66
218.825 342.827
218.932 342.994
219.038 343.16
219.145 343.327
219.251 343.494
219.357 343.66
219.357 343.66
219.357 343.66
219.357 343.66
219.357 343.66
219.357 343.66
219.677 344.16
219.677 344.16
219.836 344.41
219.836 344.41
219.996 344.66
219.996 344.66
219.996 344.66
219.996 344.66
219.996 344.66
219.996 344.66
220.315 345.16
220.315 345.16
220.315 345.16
220.315 345.16
220.315 345.16
220.315 345.16
220.634 345.66
220.634 345.66
220.634 345.66
220.634 345.66
220.634 345.66
220.634 345.66
220.634 345.66
220.953 346.16
221.272 346.66
221.591 347.16
221.911 347.66
221.911 347.66
221.911 347.66
222.23 348.16
222.23 348.16
222.549 348.66
222.549 348.66
222.868 349.16
222.868 349.16
223.187 349.66
223.187 349.66
223.825 350.66
224.137 351.148
224.145 351.16
224.464 351.66
224.464 351.66
224.464 351.66
224.783 352.16
225.102 352.66
225.102 352.66
225.421 353.16
225.74 353.66
225.74 353.66
226.06 354.16
226.379 354.66
226.379 354.66
226.379 354.66
226.698 355.16
227.017 355.66
227.017 355.66
227.017 355.66
227.017 355.66
227.017 355.66
227.336 356.16
227.336 356.16
227.655 356.66
227.655 356.66
227.974 357.16
227.974 357.16
228.294 357.66
228.613 358.16
228.932 358.66
229.251 359.16
229.57 359.66
229.57 359.66
229.889 360.16
229.889 360.16
230.208 360.66
230.528 361.16
230.542 361.183
230.712 361.45
230.847 361.66
230.847 361.66
230.849 361.665
231.166 362.16
231.166 362.16
231.166 362.16
231.171 362.169
231.485 362.66
231.485 362.66
231.485 362.66
231.489 362.667
231.804 363.16
231.804 363.16
231.804 363.16
231.814 363.175
232.123 363.66
232.123 363.66
232.123 363.66
232.123 363.66
232.123 363.66
232.123 363.66
232.283 363.91
232.762 364.66
232.762 364.66
233.081 365.16
233.081 365.16
233.4 365.66
233.4 365.66
233.4 365.66
233.4 365.66
233.56 365.91
233.719 366.16
234.038 366.66
234.038 366.66
234.038 366.66
234.357 367.16
234.357 367.16
234.677 367.66
234.677 367.66
234.677 367.66
234.677 367.66
234.677 367.66
234.836 367.91
235.315 368.66
235.315 368.66
235.634 369.16
235.634 369.16
235.953 369.66
235.953 369.66
235.953 369.66
236.272 370.16
236.272 370.16
236.591 370.66
236.591 370.66
236.591 370.66
236.911 371.16
236.911 371.16
237.23 371.66
237.23 371.66
237.23 371.66
237.23 371.66
237.23 371.66
237.23 371.66
237.549 372.16
237.549 372.16
237.868 372.66
237.868 372.66
238.187 373.16
238.187 373.16
238.506 373.66
238.506 373.66
238.506 373.66
238.506 373.66
238.825 374.16
238.825 374.16
238.825 374.16
239.145 374.66
239.145 374.66
239.145 374.66
239.145 374.66
239.464 375.16
239.464 375.16
239.464 375.16
239.783 375.66
239.783 375.66
239.783 375.66
239.783 375.66
240.102 376.16
240.421 376.66
240.421 376.66
240.74 377.16
241.06 377.66
241.06 377.66
241.06 377.66
241.06 377.66
241.06 377.66
241.379 378.16
241.379 378.16
241.698 378.66
241.698 378.66
241.698 378.66
241.698 378.66
241.698 378.66
242.017 379.16
242.336 379.66
242.336 379.66
242.336 379.66
242.336 379.66
242.336 379.66
242.336 379.66
242.655 380.16
242.655 380.16
242.655 380.16
242.974 380.66
242.974 380.66
242.974 380.66
242.974 380.66
243.294 381.16
243.294 381.16
243.613 381.66
243.613 381.66
243.613 381.66
243.613 381.66
243.613 381.66
243.932 382.16
244.244 382.65
244.251 382.66
244.251 382.66
244.251 382.66
244.562 383.148
244.57 383.16
244.57 383.16
244.889 383.66
244.889 383.66
244.889 383.66
244.889 383.66
244.889 383.66
245.203 384.152
245.208 384.16
245.368 384.41
245.528 384.66
245.528 384.66
245.528 384.66
245.687 384.91
245.847 385.16
246.006 385.41
246.166 385.66
246.166 385.66
246.166 385.66
246.166 385.66
246.325 385.91
246.325 385.91
246.485 386.16
246.645 386.41
246.804 386.66
246.804 386.66
246.804 386.66
246.804 386.66
246.804 386.66
247.123 387.16
247.442 387.66
247.442 387.66
247.442 387.66
247.442 387.66
247.442 387.66
247.442 387.66
247.762 388.16
247.762 388.16
248.081 388.66
248.081 388.66
248.081 388.66
248.4 389.16
248.4 389.16
248.719 389.66
248.719 389.66
248.719 389.66
248.719 389.66
249.038 390.16
249.038 390.16
249.357 390.66
249.357 390.66
249.357 390.66
249.357 390.66
249.677 391.16
249.677 391.16
249.996 391.66
249.996 391.66
249.996 391.66
249.996 391.66
249.996 391.66
250.315 392.16
250.315 392.16
250.634 392.66
250.634 392.66
250.634 392.66
250.634 392.66
250.953 393.16
250.953 393.16
251.272 393.66
251.272 393.66
251.272 393.66
251.272 393.66
251.272 393.66
251.591 394.16
251.591 394.16
251.911 394.66
251.911 394.66
251.911 394.66
251.911 394.66
251.911 394.66
252.23 395.16
252.549 395.66
252.549 395.66
252.549 395.66
252.549 395.66
252.549 395.66
252.868 396.16
253.187 396.66
253.187 396.66
253.506 397.16
253.506 397.16
253.825 397.66
253.825 397.66
253.825 397.66
253.825 397.66
254.145 398.16
254.145 398.16
254.464 398.66
254.464 398.66
254.464 398.66
254.464 398.66
254.783 399.16
254.783 399.16
254.783 399.16
255.102 399.66
255.102 399.66
255.102 399.66
255.102 399.66
255.102 399.66
255.102 399.66
255.421 400.16
255.74 400.66
255.74 400.66
256.059 401.16
256.059 401.16
256.059 401.16
256.059 401.16
256.379 401.66
256.698 402.16
256.857 402.41
257.017 402.66
257.017 402.66
257.017 402.66
257.336 403.16
257.336 403.16
257.655 403.66
257.655 403.66
257.655 403.66
257.655 403.66
257.655 403.66
257.974 404.16
257.974 404.16
258.294 404.66
258.294 404.66
258.613 405.16
258.613 405.16
258.613 405.16
258.613 405.16
258.932 405.66
259.251 406.16
259.251 406.16
259.57 406.66
259.889 407.16
259.889 407.16
259.889 407.16
259.889 407.16
259.889 407.16
260.208 407.66
260.528 408.16
260.528 408.16
260.847 408.66
260.847 408.66
261.166 409.16
261.485 409.66
261.485 409.66
261.485 409.66
261.485 409.66
262.123 410.66
264.038 413.66
264.676 414.66
264.996 415.16
265.315 415.66
265.315 415.66
265.315 415.66
265.315 415.66
265.634 416.16
265.634 416.16
265.953 416.66
266.272 417.16
266.591 417.66
266.911 418.16
267.23 418.66
267.549 419.16
267.868 419.66
267.868 419.66
267.868 419.66
268.187 420.16
268.825 421.16
269.145 421.66
269.464 422.16
269.783 422.66
269.783 422.66
269.783 422.66
270.102 423.16
270.421 423.66
270.421 423.66
270.421 423.66
270.421 423.66
270.74 424.16
271.059 424.66
271.379 425.16
271.698 425.66
272.017 426.16
272.336 426.66
272.655 427.16
272.655 427.16
272.974 427.66
272.974 427.66
272.974 427.66
273.294 428.16
273.932 429.16
274.251 429.66
274.251 429.66
274.57 430.16
274.889 430.66
274.889 430.66
275.208 431.16
275.208 431.16
275.528 431.66
275.528 431.66
275.528 431.66
275.528 431.66
275.847 432.16
275.847 432.16
275.847 432.16
276.166 432.66
276.166 432.66
276.485 433.16
276.804 433.66
277.123 434.16
277.442 434.66
277.602 434.91
277.762 435.16
278.081 435.66
278.081 435.66
278.081 435.66
278.081 435.66
278.4 436.16
279.038 437.16
279.357 437.66
279.357 437.66
279.676 438.16
279.996 438.66
279.996 438.66
280.315 439.16
280.315 439.16
280.61 439.623
280.928 440.121
281.246 440.619
281.577 441.137
281.591 441.16
281.918 441.673
282.226 442.154
282.583 442.715
282.904 443.217
283.244 443.75
283.266 443.783
283.276 443.8
283.641 444.371
284.082 445.062
284.538 445.777
285.154 446.742
285.315 446.994
285.438 447.187
285.54 447.346
285.629 447.485
