1.11433 1.52292
1.11433 1.52292
1.11433 1.52292
1.13414 1.55
1.48018 2.02292
1.84603 2.52292
2.21189 3.02292
2.57774 3.52292
2.94359 4.02292
3.27286 4.47292
3.30945 4.52292
4.01371 5.48542
4.04115 5.52292
4.04115 5.52292
4.04115 5.52292
4.407 6.02292
4.77286 6.52292
5.13871 7.02292
5.50456 7.52292
5.87042 8.02292
6.23627 8.52292
6.96798 9.52292
6.97712 9.53542
7.33383 10.0229
7.33383 10.0229
7.69968 10.5229
7.69968 10.5229
8.06553 11.0229
8.06553 11.0229
8.43139 11.5229
8.43139 11.5229
8.79724 12.0229
8.79724 12.0229
9.16309 12.5229
9.16309 12.5229
9.47102 12.9437
9.52895 13.0229
9.84145 13.45
9.8948 13.5229
9.8948 13.5229
10.2607 14.0229
10.6265 14.5229
10.9924 15.0229
11.3582 15.5229
11.7241 16.0229
12.0289 16.4396
12.0899 16.5229
12.0899 16.5229
12.4177 16.9708
12.4558 17.0229
12.4558 17.0229
12.4558 17.0229
12.7957 17.4875
12.8216 17.5229
12.8216 17.5229
13.1875 18.0229
13.5533 18.5229
13.9192 19.0229
14.285 19.5229
14.285 19.5229
14.6509 20.0229
14.6509 20.0229
15.0167 20.5229
15.0167 20.5229
15.3292 20.95
15.4969 21.1792
15.6936 21.4479
15.7484 21.5229
15.7484 21.5229
16.1143 22.0229
16.4802 22.5229
16.846 23.0229
17.2119 23.5229
17.5777 24.0229
17.9039 24.4688
17.9436 24.5229
18.2698 24.9688
18.6417 25.4771
18.6753 25.5229
18.6753 25.5229
19.0411 26.0229
19.407 26.5229
19.7728 27.0229
20.1311 27.5125
20.1387 27.5229
20.1387 27.5229
20.5045 28.0229
20.8704 28.5229
21.2362 29.0229
21.5365 29.4333
21.6021 29.5229
21.6021 29.5229
21.9679 30.0229
22.3338 30.5229
22.6997 31.0229
23.0655 31.5229
23.4314 32.0229
23.7972 32.5229
23.7972 32.5229
23.8125 32.5438
24.1631 33.0229
24.5289 33.5229
24.5289 33.5229
24.5289 33.5229
24.5457 33.5458
24.8948 34.0229
25.2606 34.5229
25.6265 35.0229
25.9923 35.5229
26.3582 36.0229
26.724 36.5229
27.0899 37.0229
27.4557 37.5229
27.4557 37.5229
27.4557 37.5229
27.4557 37.5229
27.4557 37.5229
27.8216 38.0229
28.1874 38.5229
28.925 39.5229
28.925 39.5229
30.4609 41.5229
30.8458 42.0229
30.8458 42.0229
31.2127 42.5229
31.2127 42.5229
31.5797 43.0229
31.7632 43.2729
31.9467 43.5229
31.9467 43.5229
32.3137 44.0229
32.3137 44.0229
32.6806 44.5229
33.0476 45.0229
33.4146 45.5229
33.4146 45.5229
33.7816 46.0229
33.7816 46.0229
34.1485 46.5229
34.1485 46.5229
34.5155 47.0229
34.5155 47.0229
34.8825 47.5229
35.2494 48.0229
35.6164 48.5229
35.9834 49.0229
36.3504 49.5229
36.3504 49.5229
36.5338 49.7729
36.7173 50.0229
36.7173 50.0229
37.0843 50.5229
37.4513 51.0229
37.8182 51.5229
38.1852 52.0229
38.5522 52.5229
38.5522 52.5229
38.9192 53.0229
39.2861 53.5229
39.6531 54.0229
39.6531 54.0229
40.0201 54.5229
40.387 55.0229
40.754 55.5229
41.488 56.5229
41.488 56.5229
41.8549 57.0229
42.2219 57.5229
42.5889 58.0229
42.5889 58.0229
42.9559 58.5229
42.9559 58.5229
43.3228 59.0229
43.3228 59.0229
43.6898 59.5229
43.6898 59.5229
44.0568 60.0229
44.0568 60.0229
44.4237 60.5229
44.4237 60.5229
44.7907 61.0229
45.1577 61.5229
45.1577 61.5229
45.5247 62.0229
45.5247 62.0229
45.8916 62.5229
45.8916 62.5229
46.2586 63.0229
46.2586 63.0229
46.6256 63.5229
46.9925 64.0229
47.3595 64.5229
47.7265 65.0229
48.0935 65.5229
48.0935 65.5229
48.2769 65.7729
48.4604 66.0229
48.4604 66.0229
48.8274 66.5229
49.1944 67.0229
49.5613 67.5229
49.9283 68.0229
50.2953 68.5229
50.2953 68.5229
50.2953 68.5229
50.6623 69.0229
51.0292 69.5229
51.0292 69.5229
51.0292 69.5229
51.0292 69.5229
51.3962 70.0229
51.7632 70.5229
51.7632 70.5229
52.1302 71.0229
52.1302 71.0229
52.4971 71.5229
52.8641 72.0229
52.8641 72.0229
53.2311 72.5229
53.2311 72.5229
53.598 73.0229
53.965 73.5229
53.965 73.5229
53.965 73.5229
53.965 73.5229
53.965 73.5229
54.332 74.0229
54.332 74.0229
54.332 74.0229
54.699 74.5229
54.699 74.5229
55.0659 75.0229
55.0659 75.0229
55.0659 75.0229
55.4329 75.5229
55.4329 75.5229
55.4329 75.5229
55.7999 76.0229
55.7999 76.0229
56.1668 76.5229
56.5338 77.0229
56.9008 77.5229
56.9008 77.5229
56.9008 77.5229
57.2678 78.0229
57.2678 78.0229
57.6347 78.5229
57.6347 78.5229
57.6347 78.5229
58.0017 79.0229
58.0017 79.0229
58.0017 79.0229
58.3687 79.5229
58.3687 79.5229
58.7356 80.0229
59.1026 80.5229
59.1026 80.5229
59.1026 80.5229
59.4696 81.0229
59.4696 81.0229
59.8366 81.5229
59.8366 81.5229
60.2035 82.0229
60.2035 82.0229
60.2035 82.0229
60.5705 82.5229
60.5705 82.5229
60.5705 82.5229
60.9375 83.0229
60.9375 83.0229
60.9375 83.0229
61.3045 83.5229
61.3045 83.5229
61.3045 83.5229
61.6714 84.0229
61.6714 84.0229
62.0384 84.5229
62.4054 85.0229
62.4054 85.0229
62.4054 85.0229
62.4054 85.0229
62.7723 85.5229
62.7723 85.5229
62.7723 85.5229
62.7723 85.5229
62.7723 85.5229
62.7723 85.5229
63.1393 86.0229
63.5063 86.5229
63.8733 87.0229
64.2402 87.5229
64.2402 87.5229
64.2402 87.5229
64.2402 87.5229
64.6072 88.0229
64.9742 88.5229
64.9742 88.5229
65.7081 89.5229
65.7081 89.5229
65.7081 89.5229
65.7081 89.5229
66.0751 90.0229
66.0751 90.0229
66.4421 90.5229
66.4421 90.5229
66.809 91.0229
66.809 91.0229
67.176 91.5229
67.176 91.5229
67.543 92.0229
67.543 92.0229
67.9099 92.5229
67.9099 92.5229
67.9099 92.5229
68.2769 93.0229
68.2769 93.0229
68.6439 93.5229
68.6439 93.5229
68.6439 93.5229
68.6439 93.5229
68.6439 93.5229
69.0109 94.0229
69.0109 94.0229
69.3778 94.5229
69.3778 94.5229
69.7448 95.0229
69.7448 95.0229
70.1118 95.5229
70.4788 96.0229
70.8457 96.5229
71.2127 97.0229
71.2127 97.0229
71.5797 97.5229
71.5797 97.5229
71.5797 97.5229
71.5797 97.5229
71.5797 97.5229
71.9466 98.0229
72.3136 98.5229
72.3136 98.5229
72.6806 99.0229
73.0476 99.5229
73.0476 99.5229
73.0476 99.5229
73.4145 100.023
73.4145 100.023
73.7815 100.523
74.1485 101.023
74.1485 101.023
74.5154 101.523
74.5154 101.523
74.8824 102.023
74.8824 102.023
75.2494 102.523
75.2494 102.523
75.6164 103.023
75.9833 103.523
75.9833 103.523
76.3503 104.023
76.7173 104.523
76.7173 104.523
77.0842 105.023
77.4512 105.523
77.4512 105.523
77.4512 105.523
77.8182 106.023
78.1852 106.523
78.1852 106.523
78.5521 107.023
78.9191 107.523
78.9191 107.523
78.9191 107.523
79.2861 108.023
79.6577 108.523
79.6577 108.523
80.0404 109.023
80.4404 109.523
80.4404 109.523
80.4404 109.523
80.4404 109.523
80.8404 110.023
81.2404 110.523
81.2404 110.523
81.2404 110.523
81.638 111.023
81.638 111.023
82.005 111.523
82.005 111.523
82.005 111.523
82.372 112.023
82.7389 112.523
82.7389 112.523
82.7389 112.523
82.7389 112.523
83.1059 113.023
83.1059 113.023
83.4729 113.523
83.4729 113.523
83.8399 114.023
84.2068 114.523
84.2068 114.523
84.2068 114.523
84.2068 114.523
84.5738 115.023
84.9408 115.523
85.3078 116.023
85.3078 116.023
85.6747 116.523
86.0417 117.023
86.0417 117.023
86.4087 117.523
86.4087 117.523
86.4087 117.523
86.7756 118.023
87.1426 118.523
87.1426 118.523
87.1426 118.523
87.1426 118.523
87.1426 118.523
87.1426 118.523
87.1426 118.523
87.5096 119.023
87.8766 119.523
88.2435 120.023
88.2435 120.023
88.2435 120.023
88.2435 120.023
88.6105 120.523
88.6105 120.523
88.6105 120.523
88.6105 120.523
88.9775 121.023
88.9775 121.023
89.3444 121.523
89.3444 121.523
89.7114 122.023
90.0784 122.523
90.0784 122.523
90.0784 122.523
90.0784 122.523
90.0784 122.523
90.4454 123.023
90.4454 123.023
90.8123 123.523
91.1793 124.023
91.5463 124.523
91.5463 124.523
91.9132 125.023
91.9132 125.023
92.2802 125.523
92.2802 125.523
92.2802 125.523
92.6472 126.023
93.0142 126.523
93.0142 126.523
93.0142 126.523
93.0142 126.523
93.0142 126.523
93.3811 127.023
93.7481 127.523
93.7481 127.523
94.1151 128.023
94.1151 128.023
94.4821 128.523
94.4821 128.523
94.849 129.023
94.849 129.023
95.216 129.523
95.216 129.523
95.216 129.523
95.583 130.023
95.583 130.023
95.9499 130.523
95.9499 130.523
95.9499 130.523
95.9499 130.523
95.9499 130.523
96.3169 131.023
96.6839 131.523
96.6839 131.523
96.6839 131.523
96.6839 131.523
96.6839 131.523
97.4178 132.523
97.4178 132.523
97.4178 132.523
97.4178 132.523
97.4178 132.523
97.4178 132.523
97.4178 132.523
97.7848 133.023
98.1518 133.523
98.5187 134.023
98.5187 134.023
98.8857 134.523
98.8857 134.523
98.8857 134.523
98.8857 134.523
99.2527 135.023
99.2527 135.023
99.6197 135.523
99.6197 135.523
99.9866 136.023
99.9866 136.023
100.354 136.523
100.354 136.523
100.354 136.523
100.721 137.023
101.088 137.523
101.455 138.023
101.797 138.49
101.821 138.523
102.188 139.023
102.188 139.023
102.555 139.523
102.922 140.023
103.253 140.473
103.289 140.523
103.289 140.523
103.656 141.023
103.656 141.023
104.023 141.523
104.023 141.523
104.023 141.523
104.023 141.523
104.023 141.523
104.39 142.023
104.39 142.023
104.757 142.523
104.757 142.523
104.757 142.523
104.785 142.56
105.124 143.023
105.491 143.523
105.491 143.523
105.51 143.548
105.858 144.023
105.86 144.025
106.225 144.523
106.225 144.523
106.225 144.523
106.245 144.55
106.592 145.023
106.592 145.023
106.959 145.523
106.959 145.523
107.326 146.023
107.326 146.023
107.693 146.523
107.693 146.523
107.693 146.523
107.693 146.523
107.693 146.523
107.722 146.562
108.06 147.023
108.427 147.523
108.436 147.535
108.794 148.023
108.794 148.023
108.799 148.029
109.161 148.523
109.161 148.523
109.161 148.523
109.161 148.523
109.172 148.537
109.528 149.023
109.528 149.023
109.895 149.523
109.895 149.523
109.895 149.523
110.262 150.023
110.262 150.023
110.629 150.523
110.629 150.523
110.629 150.523
110.629 150.523
110.629 150.523
110.647 150.548
110.996 151.023
111.363 151.523
111.377 151.542
111.73 152.023
111.73 152.023
112.097 152.523
112.097 152.523
112.097 152.523
112.464 153.023
112.817 153.504
112.831 153.523
112.831 153.523
112.831 153.523
112.831 153.523
113.155 153.965
113.198 154.023
113.198 154.023
113.198 154.023
113.539 154.488
113.565 154.523
113.565 154.523
113.565 154.523
113.932 155.023
113.932 155.023
114.299 155.523
114.32 155.552
114.666 156.023
114.666 156.023
115.032 156.523
115.032 156.523
115.078 156.585
115.399 157.023
115.399 157.023
115.766 157.523
115.766 157.523
116.133 158.023
116.133 158.023
116.499 158.521
116.5 158.523
116.5 158.523
116.867 159.023
117.234 159.523
117.254 159.55
117.601 160.023
117.601 160.023
117.927 160.467
117.968 160.523
118.335 161.023
118.335 161.023
118.702 161.523
118.702 161.523
118.702 161.523
118.702 161.523
119.069 162.023
119.069 162.023
119.436 162.523
119.436 162.523
119.436 162.523
119.436 162.523
119.436 162.523
119.803 163.023
120.17 163.523
120.17 163.523
120.17 163.523
120.17 163.523
120.17 163.523
120.904 164.523
120.904 164.523
120.904 164.523
120.904 164.523
120.904 164.523
120.904 164.523
121.271 165.023
121.638 165.523
122.005 166.023
122.372 166.523
122.372 166.523
122.372 166.523
122.739 167.023
122.739 167.023
123.106 167.523
123.106 167.523
123.473 168.023
123.473 168.023
123.84 168.523
123.84 168.523
124.574 169.523
124.574 169.523
124.941 170.023
125.308 170.523
125.308 170.523
125.308 170.523
125.308 170.523
125.675 171.023
125.675 171.023
126.042 171.523
126.042 171.523
126.409 172.023
126.409 172.023
126.776 172.523
126.776 172.523
126.776 172.523
126.776 172.523
126.776 172.523
126.776 172.523
127.143 173.023
127.519 173.523
128.295 174.523
129.08 175.523
129.08 175.523
129.08 175.523
129.08 175.523
129.08 175.523
129.47 176.023
129.47 176.023
129.837 176.523
129.837 176.523
130.204 177.023
130.204 177.023
130.571 177.523
130.571 177.523
130.571 177.523
130.938 178.023
131.305 178.523
131.672 179.023
132.039 179.523
132.039 179.523
132.039 179.523
132.039 179.523
132.406 180.023
132.406 180.023
132.773 180.523
132.773 180.523
133.14 181.023
133.14 181.023
133.507 181.523
133.507 181.523
133.874 182.023
133.874 182.023
133.874 182.023
134.241 182.523
134.241 182.523
134.241 182.523
134.241 182.523
134.608 183.023
134.975 183.523
134.975 183.523
134.975 183.523
134.975 183.523
134.975 183.523
134.975 183.523
135.341 184.023
135.708 184.523
135.708 184.523
136.075 185.023
136.075 185.023
136.442 185.523
136.442 185.523
136.442 185.523
136.809 186.023
136.809 186.023
137.176 186.523
137.176 186.523
137.176 186.523
137.176 186.523
137.176 186.523
137.543 187.023
137.543 187.023
137.91 187.523
137.91 187.523
137.91 187.523
137.91 187.523
137.91 187.523
138.277 188.023
138.277 188.023
138.644 188.523
138.644 188.523
138.644 188.523
139.011 189.023
139.011 189.023
139.011 189.023
139.378 189.523
139.378 189.523
139.378 189.523
139.745 190.023
140.112 190.523
140.846 191.523
140.846 191.523
140.846 191.523
140.846 191.523
140.846 191.523
141.213 192.023
141.58 192.523
141.58 192.523
141.58 192.523
141.947 193.023
141.947 193.023
142.314 193.523
142.314 193.523
142.314 193.523
142.681 194.023
143.048 194.523
143.048 194.523
143.048 194.523
143.415 195.023
143.782 195.523
143.782 195.523
143.782 195.523
143.782 195.523
143.782 195.523
144.516 196.523
144.516 196.523
144.516 196.523
144.516 196.523
144.516 196.523
145.25 197.523
145.25 197.523
145.25 197.523
145.25 197.523
145.25 197.523
145.617 198.023
145.984 198.523
145.984 198.523
145.984 198.523
146.351 199.023
146.351 199.023
146.718 199.523
146.718 199.523
146.718 199.523
146.718 199.523
146.718 199.523
147.085 200.023
147.452 200.523
147.452 200.523
147.819 201.023
148.186 201.523
148.186 201.523
148.186 201.523
148.552 202.023
148.919 202.523
148.919 202.523
148.919 202.523
149.286 203.023
149.286 203.023
149.653 203.523
149.653 203.523
149.653 203.523
149.653 203.523
149.653 203.523
150.02 204.023
150.387 204.523
150.754 205.023
151.121 205.523
151.121 205.523
151.121 205.523
151.488 206.023
151.855 206.523
151.855 206.523
152.589 207.523
152.589 207.523
152.589 207.523
152.589 207.523
152.956 208.023
152.956 208.023
152.956 208.023
153.323 208.523
153.323 208.523
153.69 209.023
153.69 209.023
153.69 209.023
154.057 209.523
154.057 209.523
154.057 209.523
154.424 210.023
154.424 210.023
154.791 210.523
155.158 211.023
155.525 211.523
155.525 211.523
155.525 211.523
155.892 212.023
155.892 212.023
156.259 212.523
156.259 212.523
156.259 212.523
156.626 213.023
156.626 213.023
156.626 213.023
156.993 213.523
156.993 213.523
157.36 214.023
157.727 214.523
157.727 214.523
157.727 214.523
158.094 215.023
158.094 215.023
158.461 215.523
158.461 215.523
158.461 215.523
158.828 216.023
158.828 216.023
158.828 216.023
159.195 216.523
159.195 216.523
159.195 216.523
159.562 217.023
159.562 217.023
159.562 217.023
159.929 217.523
159.929 217.523
159.929 217.523
160.296 218.023
160.296 218.023
160.663 218.523
161.03 219.023
161.03 219.023
161.03 219.023
161.03 219.023
161.397 219.523
161.397 219.523
161.397 219.523
161.397 219.523
161.397 219.523
161.397 219.523
161.763 220.023
162.13 220.523
162.497 221.023
162.864 221.523
162.864 221.523
162.864 221.523
162.864 221.523
163.231 222.023
163.598 222.523
163.598 222.523
164.332 223.523
164.332 223.523
164.332 223.523
164.332 223.523
164.699 224.023
164.699 224.023
165.066 224.523
165.066 224.523
165.433 225.023
165.433 225.023
165.8 225.523
165.8 225.523
166.167 226.023
166.167 226.023
166.534 226.523
166.534 226.523
166.534 226.523
166.901 227.023
166.901 227.023
167.268 227.523
167.268 227.523
167.268 227.523
167.268 227.523
167.268 227.523
167.635 228.023
167.635 228.023
168.002 228.523
168.002 228.523
168.369 229.023
168.369 229.023
168.736 229.523
169.103 230.023
169.47 230.523
169.837 231.023
169.837 231.023
170.204 231.523
170.204 231.523
170.204 231.523
170.204 231.523
170.204 231.523
170.571 232.023
170.938 232.523
170.938 232.523
171.305 233.023
171.672 233.523
171.672 233.523
171.672 233.523
172.039 234.023
172.039 234.023
172.406 234.523
172.773 235.023
172.773 235.023
173.14 235.523
173.14 235.523
173.507 236.023
173.507 236.023
173.874 236.523
173.874 236.523
174.241 237.023
174.608 237.523
174.608 237.523
174.974 238.023
175.341 238.523
175.341 238.523
175.708 239.023
176.075 239.523
176.075 239.523
176.075 239.523
176.442 240.023
176.809 240.523
176.809 240.523
177.176 241.023
177.543 241.523
177.543 241.523
177.543 241.523
177.91 242.023
178.277 242.523
178.277 242.523
178.644 243.023
179.011 243.523
179.011 243.523
179.011 243.523
179.011 243.523
179.178 243.75
179.27 243.875
179.361 244
179.378 244.023
179.453 244.125
179.545 244.25
179.637 244.375
179.728 244.5
179.742 244.519
179.745 244.523
179.745 244.523
179.745 244.523
179.82 244.625
180.112 245.023
180.112 245.023
180.479 245.523
180.479 245.523
180.54 245.606
180.846 246.023
180.851 246.029
181.213 246.523
181.213 246.523
181.213 246.523
181.213 246.523
181.213 246.523
181.58 247.023
181.58 247.023
181.947 247.523
181.947 247.523
182.314 248.023
182.681 248.523
182.681 248.523
182.681 248.523
182.681 248.523
182.696 248.544
183.048 249.023
183.404 249.508
183.415 249.523
183.782 250.023
183.782 250.023
184.124 250.49
184.149 250.523
184.516 251.023
184.516 251.023
184.883 251.523
184.883 251.523
184.883 251.523
185.25 252.023
185.617 252.523
185.617 252.523
185.617 252.523
185.617 252.523
185.617 252.523
185.617 252.523
185.617 252.523
185.984 253.023
186.351 253.523
186.718 254.023
186.718 254.023
186.718 254.023
186.718 254.023
187.085 254.523
187.085 254.523
187.085 254.523
187.085 254.523
187.435 255
187.452 255.023
187.452 255.023
187.802 255.5
187.818 255.523
187.818 255.523
188.169 256
188.185 256.023
188.536 256.5
188.552 256.523
188.552 256.523
188.552 256.523
188.552 256.523
188.552 256.523
188.919 257.023
188.919 257.023
189.27 257.5
189.286 257.523
189.637 258
189.653 258.023
190.004 258.5
190.02 258.523
190.02 258.523
190.387 259.023
190.387 259.023
190.737 259.5
190.754 259.523
190.754 259.523
191.121 260.023
191.485 260.519
191.488 260.523
191.488 260.523
191.488 260.523
191.488 260.523
191.488 260.523
191.855 261.023
192.222 261.523
192.222 261.523
192.228 261.531
192.589 262.023
192.589 262.023
192.956 262.523
192.956 262.523
192.961 262.529
193.323 263.023
193.323 263.023
193.69 263.523
193.69 263.523
193.69 263.523
194.037 263.996
194.057 264.023
194.057 264.023
194.424 264.523
194.424 264.523
194.424 264.523
194.424 264.523
194.424 264.523
194.426 264.525
194.791 265.023
195.158 265.523
195.158 265.523
195.158 265.523
195.158 265.523
195.158 265.523
195.892 266.523
195.892 266.523
195.892 266.523
195.892 266.523
195.892 266.523
195.892 266.523
195.892 266.523
196.259 267.023
196.626 267.523
196.635 267.535
196.993 268.023
196.993 268.023
197.354 268.515
197.36 268.523
197.36 268.523
197.36 268.523
197.36 268.523
197.727 269.023
197.727 269.023
198.094 269.523
198.094 269.523
198.461 270.023
198.461 270.023
198.828 270.523
198.828 270.523
198.828 270.523
198.828 270.523
199.195 271.023
199.562 271.523
199.929 272.023
200.283 272.506
200.296 272.523
200.296 272.523
200.663 273.023
200.663 273.023
201.029 273.523
201.396 274.023
201.763 274.523
201.763 274.523
201.763 274.523
202.13 275.023
202.13 275.023
202.13 275.023
202.497 275.523
202.497 275.523
202.497 275.523
202.497 275.523
202.497 275.523
202.864 276.023
202.864 276.023
203.222 276.51
203.231 276.523
203.231 276.523
203.231 276.523
203.598 277.023
203.962 277.519
203.965 277.523
203.965 277.523
204.311 277.994
204.332 278.023
204.695 278.517
204.699 278.523
204.699 278.523
204.699 278.523
205.066 279.023
205.066 279.023
205.433 279.523
205.433 279.523
205.8 280.023
205.8 280.023
206.163 280.517
206.167 280.523
206.167 280.523
206.167 280.523
206.167 280.523
206.167 280.523
206.534 281.023
206.901 281.523
206.913 281.54
207.265 282.019
207.268 282.023
207.268 282.023
207.635 282.523
207.635 282.523
207.635 282.523
207.635 282.523
207.659 282.556
208.002 283.023
208.002 283.023
208.369 283.523
208.369 283.523
208.369 283.523
208.736 284.023
208.736 284.023
209.103 284.523
209.103 284.523
209.103 284.523
209.103 284.523
209.103 284.523
209.114 284.538
209.47 285.023
209.808 285.483
209.837 285.523
210.182 285.994
210.204 286.023
210.204 286.023
210.571 286.523
210.571 286.523
210.588 286.546
210.938 287.023
211.305 287.523
211.305 287.523
211.305 287.523
211.305 287.523
211.344 287.577
211.672 288.023
211.672 288.023
211.672 288.023
211.676 288.029
212.039 288.523
212.039 288.523
212.039 288.523
212.049 288.538
212.406 289.023
212.406 289.023
212.773 289.523
212.834 289.606
213.14 290.023
213.14 290.023
213.205 290.113
213.507 290.523
213.507 290.523
213.559 290.594
213.874 291.023
213.874 291.023
214.24 291.523
214.24 291.523
214.607 292.023
214.607 292.023
214.974 292.523
214.974 292.523
214.974 292.523
214.974 292.523
214.985 292.538
215.341 293.023
215.702 293.515
215.708 293.523
216.075 294.023
216.075 294.023
216.441 294.521
216.442 294.523
216.809 295.023
216.809 295.023
217.176 295.523
217.176 295.523
217.176 295.523
217.176 295.523
217.523 295.996
217.543 296.023
217.543 296.023
217.91 296.523
217.91 296.523
217.91 296.523
217.91 296.523
217.91 296.523
217.956 296.585
218.277 297.023
218.644 297.523
218.644 297.523
218.644 297.523
218.644 297.523
218.644 297.523
218.672 297.56
219.378 298.523
219.378 298.523
219.378 298.523
219.378 298.523
219.378 298.523
219.378 298.523
219.396 298.548
219.745 299.023
220.081 299.481
220.112 299.523
220.481 300.023
220.798 300.45
220.852 300.523
220.852 300.523
220.852 300.523
221.222 301.023
221.222 301.023
221.593 301.523
221.593 301.523
221.963 302.023
221.963 302.023
222.333 302.523
222.333 302.523
223.074 303.523
223.074 303.523
223.444 304.023
223.762 304.452
223.815 304.523
223.815 304.523
223.815 304.523
223.815 304.523
224.185 305.023
224.185 305.023
224.556 305.523
224.556 305.523
224.926 306.023
224.926 306.023
225.296 306.523
225.296 306.523
225.296 306.523
225.296 306.523
225.296 306.523
225.296 306.523
225.667 307.023
226.037 307.523
226.778 308.523
227.519 309.523
227.519 309.523
227.519 309.523
227.519 309.523
227.884 310.017
227.889 310.023
228.213 310.467
228.255 310.523
228.558 310.938
228.62 311.023
228.931 311.448
228.986 311.523
228.986 311.523
229.718 312.523
230.046 312.971
230.084 313.023
230.427 313.492
230.45 313.523
230.45 313.523
230.777 313.971
230.816 314.023
231.181 314.523
231.181 314.523
231.547 315.023
231.913 315.523
231.913 315.523
231.913 315.523
231.913 315.523
232.645 316.523
232.645 316.523
232.645 316.523
233.011 317.023
233.011 317.023
233.011 317.023
233.377 317.523
233.377 317.523
233.377 317.523
233.377 317.523
233.377 317.523
233.377 317.523
234.108 318.523
234.108 318.523
234.108 318.523
234.108 318.523
234.832 319.512
234.84 319.523
234.84 319.523
234.963 319.692
234.973 319.704
234.985 319.721
236.692 322.054
236.953 322.41
237.044 322.535
237.326 322.921
237.376 322.99
237.736 323.475
237.737 323.477
237.754 323.5
238.075 323.933
238.118 323.992
238.134 324.012
238.489 324.492
238.524 324.54
238.554 324.579
239.963 326.481
239.976 326.5
240.339 326.99
240.345 326.998
240.748 327.542
240.754 327.55
240.771 327.573
240.824 327.644
241.145 328.077
241.205 328.158
241.515 328.577
241.594 328.683
241.609 328.704
241.614 328.71
242.02 329.258
242.51 329.921
242.986 330.562
243.327 331.023
243.876 331.765
243.878 331.767
243.878 331.767
243.993 331.923
244.179 332.173
244.574 332.706
244.887 333.129
245.257 333.629
246.621 335.471
246.77 335.671
246.785 335.692
246.993 335.973
247.344 336.446
247.746 336.99
248.168 337.558
248.608 338.152
249.034 338.727
249.037 338.731
250.41 340.585
250.421 340.6
250.432 340.615
250.433 340.617
250.464 340.658
250.824 341.144
251.183 341.629
251.564 342.144
251.918 342.621
252.263 343.087
252.566 343.496
252.645 343.602
253.325 344.521
253.331 344.529
253.336 344.535
253.339 344.54
253.353 344.558
253.737 345.077
254.078 345.538
254.442 346.029
254.793 346.502
255.142 346.973
255.606 347.6
258.165 351.054
258.503 351.51
258.513 351.525
258.524 351.54
258.645 351.702
258.916 352.069
259.154 352.39
259.373 352.685
259.603 352.996
259.87 353.356
260.148 353.731
260.438 354.123
260.751 354.546
261.08 354.99
261.455 355.496
261.461 355.504
261.904 356.102
261.925 356.131
262.418 356.796
262.422 356.802
