1.82774 2.49792
2.55945 3.49792
2.55945 3.49792
2.9253 3.99792
3.48006 4.49792
4.03562 4.99792
4.59118 5.49792
4.59118 5.49792
5.14673 5.99792
5.14673 5.99792
5.66413 6.49792
5.92275 6.74792
6.18137 6.99792
6.18137 6.99792
6.68988 7.49792
6.94412 7.74792
7.19836 7.99792
7.68233 8.49792
7.68233 8.49792
8.1662 8.99792
8.66613 9.49792
9.16613 9.99792
9.65797 10.4979
9.65797 10.4979
10.1498 10.9979
10.4273 11.2479
10.7051 11.4979
10.7051 11.4979
11.2606 11.9979
11.7226 12.4979
12.1841 12.9979
12.6254 13.4979
13.0665 13.9979
13.5352 14.4979
13.5352 14.4979
14.0039 14.9979
14.4266 15.4979
14.4266 15.4979
14.8492 15.9979
15.1983 16.4979
15.5472 16.9979
16.7681 18.7479
17.037 19.1333
17.2913 19.4979
17.2913 19.4979
17.4658 19.7479
17.6402 19.9979
17.6402 19.9979
18.0801 20.475
18.1012 20.4979
18.2955 20.7083
18.5628 20.9979
19.0243 21.4979
19.2551 21.7479
19.4859 21.9979
19.4859 21.9979
19.7166 22.2479
19.8397 22.3813
19.9474 22.4979
19.9474 22.4979
20.1782 22.7479
20.4089 22.9979
20.4089 22.9979
20.8705 23.4979
20.8705 23.4979
21.1012 23.7479
21.332 23.9979
21.332 23.9979
21.5628 24.2479
21.7936 24.4979
21.7936 24.4979
22.0243 24.7479
22.2551 24.9979
22.2551 24.9979
22.4859 25.2479
22.7166 25.4979
22.7166 25.4979
22.9474 25.7479
23.1782 25.9979
23.1782 25.9979
23.4055 26.2479
23.5343 26.3896
23.6327 26.4979
23.6327 26.4979
23.6327 26.4979
23.7464 26.6229
23.86 26.7479
24.0873 26.9979
24.0873 26.9979
24.556 27.4979
24.556 27.4979
24.556 27.4979
24.556 27.4979
24.7904 27.7479
25.0247 27.9979
25.0247 27.9979
25.2591 28.2479
25.4935 28.4979
25.4935 28.4979
25.7279 28.7479
25.9622 28.9979
26.1896 29.2479
26.4168 29.4979
26.4168 29.4979
26.4168 29.4979
26.4168 29.4979
26.6441 29.7479
26.8714 29.9979
26.8714 29.9979
26.985 30.1229
27.0987 30.2479
27.3259 30.4979
27.3259 30.4979
27.4528 30.6375
27.5532 30.7479
27.7805 30.9979
27.7805 30.9979
28.242 31.4979
28.242 31.4979
28.242 31.4979
28.4727 31.7479
28.7035 31.9979
28.7035 31.9979
28.9343 32.2479
29.1651 32.4979
29.1651 32.4979
29.3958 32.7479
29.6266 32.9979
29.6266 32.9979
29.8609 33.2479
30.0953 33.4979
30.0953 33.4979
30.0953 33.4979
30.2594 33.6729
30.4039 33.8271
30.5641 33.9979
30.5641 33.9979
30.5641 33.9979
30.7026 34.1479
30.8564 34.3146
31.0256 34.4979
31.0256 34.4979
31.0256 34.4979
31.1641 34.6479
31.3141 34.8104
31.4872 34.9979
31.4872 34.9979
31.4872 34.9979
31.9487 35.4979
31.9487 35.4979
31.9487 35.4979
32.1795 35.7479
32.4102 35.9979
32.4102 35.9979
32.8648 36.4979
32.8648 36.4979
32.8648 36.4979
33.0921 36.7479
33.3194 36.9979
33.3194 36.9979
33.7739 37.4979
33.7739 37.4979
34.0012 37.7479
34.2285 37.9979
34.2285 37.9979
34.4628 38.2479
34.5643 38.3563
34.6972 38.4979
34.6972 38.4979
34.6972 38.4979
34.6972 38.4979
34.9315 38.7479
35.1659 38.9979
35.1659 38.9979
35.6275 39.4979
35.6275 39.4979
35.6275 39.4979
35.6275 39.4979
35.8582 39.7479
36.089 39.9979
36.089 39.9979
36.3163 40.2479
36.5436 40.4979
36.5436 40.4979
36.7709 40.7479
36.9981 40.9979
36.9981 40.9979
37.4668 41.4979
37.4668 41.4979
37.4668 41.4979
37.4668 41.4979
37.5977 41.6375
37.7012 41.7479
37.9356 41.9979
37.9356 41.9979
38.0337 42.1042
38.1664 42.2479
38.3971 42.4979
38.3971 42.4979
38.3971 42.4979
38.3971 42.4979
38.5125 42.6229
38.6279 42.7479
38.8587 42.9979
38.8587 42.9979
39.3202 43.4979
39.3202 43.4979
39.3202 43.4979
39.3202 43.4979
39.551 43.7479
39.7818 43.9979
39.7818 43.9979
40.0125 44.2479
40.2433 44.4979
40.2433 44.4979
40.7048 44.9979
40.7048 44.9979
40.7048 44.9979
40.9356 45.2479
41.1664 45.4979
41.1664 45.4979
41.1664 45.4979
41.1664 45.4979
41.1664 45.4979
41.3971 45.7479
41.6279 45.9979
41.6279 45.9979
41.8587 46.2479
42.0894 46.4979
42.0894 46.4979
42.3202 46.7479
42.551 46.9979
42.551 46.9979
42.6856 47.1437
43.0125 47.4979
43.0125 47.4979
43.0125 47.4979
43.2433 47.7479
43.4741 47.9979
43.4741 47.9979
43.7048 48.2479
43.9356 48.4979
43.9356 48.4979
43.9356 48.4979
43.9356 48.4979
44.3971 48.9979
44.3971 48.9979
44.6279 49.2479
44.8587 49.4979
44.8587 49.4979
44.8587 49.4979
44.8587 49.4979
45.0894 49.7479
45.3202 49.9979
45.3202 49.9979
45.3202 49.9979
45.3202 49.9979
45.551 50.2479
45.7818 50.4979
45.7818 50.4979
45.7818 50.4979
45.7818 50.4979
46.0125 50.7479
46.2433 50.9979
46.2433 50.9979
46.2433 50.9979
46.7048 51.4979
46.7048 51.4979
46.7048 51.4979
46.7048 51.4979
47.1664 51.9979
47.1664 51.9979
47.6351 52.4979
47.6351 52.4979
48.1038 52.9979
48.1038 52.9979
48.5726 53.4979
49.0413 53.9979
49.0413 53.9979
49.262 54.2479
49.4826 54.4979
49.4826 54.4979
49.7032 54.7479
49.7032 54.7479
49.9238 54.9979
49.9238 54.9979
50.1545 55.2479
50.3853 55.4979
50.3853 55.4979
50.3853 55.4979
50.3853 55.4979
50.3853 55.4979
50.8468 55.9979
50.8468 55.9979
51.3083 56.4979
51.3083 56.4979
51.3083 56.4979
51.3083 56.4979
51.7699 56.9979
51.7699 56.9979
52.246 57.4979
52.246 57.4979
52.246 57.4979
52.246 57.4979
52.246 57.4979
52.7076 57.9979
52.9384 58.2479
52.9384 58.2479
53.1691 58.4979
53.1691 58.4979
53.3999 58.7479
53.3999 58.7479
53.6307 58.9979
53.6307 58.9979
53.8615 59.2479
54.0922 59.4979
54.0922 59.4979
54.0922 59.4979
54.0922 59.4979
54.5538 59.9979
54.5538 59.9979
54.7811 60.2479
54.7811 60.2479
55.0083 60.4979
55.0083 60.4979
55.2356 60.7479
55.4629 60.9979
55.4629 60.9979
55.6936 61.2479
55.9244 61.4979
56.1552 61.7479
56.3859 61.9979
56.3859 61.9979
56.6167 62.2479
56.8475 62.4979
56.8475 62.4979
57.0782 62.7479
57.0782 62.7479
57.309 62.9979
57.309 62.9979
57.5433 63.2479
57.7777 63.4979
57.7777 63.4979
57.7777 63.4979
57.7777 63.4979
57.7777 63.4979
58.0121 63.7479
58.2465 63.9979
58.2465 63.9979
58.4738 64.2479
58.7011 64.4979
58.7011 64.4979
58.9284 64.7479
59.1556 64.9979
59.1556 64.9979
59.3864 65.2479
59.3864 65.2479
59.6171 65.4979
59.6171 65.4979
59.8479 65.7479
59.8479 65.7479
60.0787 65.9979
60.0787 65.9979
60.3094 66.2479
60.3094 66.2479
60.3094 66.2479
60.5402 66.4979
60.771 66.7479
60.771 66.7479
60.771 66.7479
61.0017 66.9979
61.4633 67.4979
61.4633 67.4979
61.4633 67.4979
61.4633 67.4979
61.6941 67.7479
61.9248 67.9979
61.9248 67.9979
62.1556 68.2479
62.1556 68.2479
62.3864 68.4979
62.6171 68.7479
62.8479 68.9979
62.8479 68.9979
63.0787 69.2479
63.3094 69.4979
63.5402 69.7479
63.771 69.9979
63.771 69.9979
64.0017 70.2479
64.2325 70.4979
64.4633 70.7479
64.4633 70.7479
64.6941 70.9979
64.6941 70.9979
64.9248 71.2479
65.1556 71.4979
65.1556 71.4979
65.3864 71.7479
65.6171 71.9979
65.6171 71.9979
65.8479 72.2479
66.0787 72.4979
66.3094 72.7479
66.5402 72.9979
66.5402 72.9979
66.771 73.2479
66.771 73.2479
67.0017 73.4979
67.0017 73.4979
67.2325 73.7479
67.2325 73.7479
67.4633 73.9979
67.4633 73.9979
67.6941 74.2479
67.9248 74.4979
68.1556 74.7479
68.3864 74.9979
68.6171 75.2479
68.8479 75.4979
69.0787 75.7479
69.3094 75.9979
69.3094 75.9979
69.5402 76.2479
69.771 76.4979
70.0017 76.7479
70.2325 76.9979
70.2325 76.9979
70.4633 77.2479
70.6941 77.4979
70.6941 77.4979
70.9248 77.7479
71.1556 77.9979
71.1556 77.9979
71.3864 78.2479
71.6171 78.4979
71.8479 78.7479
72.0787 78.9979
72.0787 78.9979
72.5402 79.4979
72.5402 79.4979
72.5402 79.4979
72.5402 79.4979
72.5402 79.4979
72.771 79.7479
73.0017 79.9979
73.0017 79.9979
73.2325 80.2479
73.4633 80.4979
73.4633 80.4979
73.6941 80.7479
73.9248 80.9979
73.9248 80.9979
74.1556 81.2479
74.3864 81.4979
74.3864 81.4979
74.8479 81.9979
75.3317 82.4979
75.3317 82.4979
75.3317 82.4979
75.3317 82.4979
75.3317 82.4979
75.3317 82.4979
75.8146 82.9979
76.2762 83.4979
76.2762 83.4979
76.2762 83.4979
76.2762 83.4979
76.5069 83.7479
76.7377 83.9979
76.7377 83.9979
76.9616 84.2479
76.9616 84.2479
76.9616 84.2479
77.1855 84.4979
77.4094 84.7479
77.6333 84.9979
77.8605 85.2479
78.0878 85.4979
78.0878 85.4979
78.3151 85.7479
78.5423 85.9979
78.5423 85.9979
78.7696 86.2479
78.7696 86.2479
78.9969 86.4979
79.2242 86.7479
79.2242 86.7479
79.4514 86.9979
79.4514 86.9979
79.6857 87.2479
79.9201 87.4979
79.9201 87.4979
79.9201 87.4979
79.9201 87.4979
80.1545 87.7479
80.3889 87.9979
80.3889 87.9979
80.6232 88.2479
80.6232 88.2479
80.8576 88.4979
81.092 88.7479
81.3264 88.9979
81.3264 88.9979
81.5503 89.2479
81.5503 89.2479
81.7742 89.4979
81.7742 89.4979
81.7742 89.4979
81.9981 89.7479
81.9981 89.7479
82.222 89.9979
82.4563 90.2479
82.6906 90.4979
82.6906 90.4979
82.925 90.7479
83.1594 90.9979
83.1594 90.9979
83.3902 91.2479
83.621 91.4979
83.621 91.4979
83.621 91.4979
83.8517 91.7479
84.0825 91.9979
84.0825 91.9979
84.3133 92.2479
84.3133 92.2479
84.3133 92.2479
84.544 92.4979
84.544 92.4979
84.7748 92.7479
85.0056 92.9979
85.2397 93.2479
85.4741 93.4979
85.4741 93.4979
85.7084 93.7479
85.9428 93.9979
85.9428 93.9979
86.1701 94.2479
86.3974 94.4979
86.3974 94.4979
86.6247 94.7479
86.6247 94.7479
86.852 94.9979
86.852 94.9979
87.0792 95.2479
87.3065 95.4979
87.3065 95.4979
87.3065 95.4979
87.5338 95.7479
87.7611 95.9979
87.7611 95.9979
87.9954 96.2479
87.9954 96.2479
88.2297 96.4979
88.4641 96.7479
88.6985 96.9979
88.6985 96.9979
88.6985 96.9979
88.9329 97.2479
88.9329 97.2479
89.1672 97.4979
89.1672 97.4979
89.4016 97.7479
89.4016 97.7479
89.636 97.9979
89.8633 98.2479
90.0906 98.4979
90.0906 98.4979
90.3179 98.7479
90.3179 98.7479
90.3179 98.7479
90.5451 98.9979
90.5451 98.9979
90.7795 99.2479
91.0138 99.4979
91.0138 99.4979
91.0138 99.4979
91.0138 99.4979
91.2482 99.7479
91.4826 99.9979
91.4826 99.9979
91.717 100.248
91.9513 100.498
92.1857 100.748
92.1857 100.748
92.4201 100.998
92.4201 100.998
92.6408 101.248
92.6408 101.248
92.6408 101.248
92.8614 101.498
93.082 101.748
93.3025 101.998
93.3025 101.998
93.5368 102.248
93.7712 102.498
94.0056 102.748
94.0056 102.748
94.2399 102.998
94.2399 102.998
94.4707 103.248
94.7015 103.498
94.7015 103.498
94.7015 103.498
94.7015 103.498
95.163 103.998
95.6246 104.498
95.6246 104.498
95.6246 104.498
95.6246 104.498
95.6246 104.498
95.8553 104.748
96.0861 104.998
96.3169 105.248
96.5477 105.498
96.5477 105.498
96.5477 105.498
96.5477 105.498
96.5477 105.498
96.7784 105.748
97.4707 106.498
97.7015 106.748
97.9323 106.998
98.163 107.248
98.163 107.248
98.163 107.248
98.3938 107.498
98.3938 107.498
98.3938 107.498
98.3938 107.498
98.6246 107.748
98.8553 107.998
98.8553 107.998
99.0861 108.248
99.3169 108.498
99.5477 108.748
99.7784 108.998
99.7784 108.998
100.24 109.498
100.24 109.498
100.24 109.498
100.24 109.498
100.24 109.498
100.24 109.498
100.471 109.748
100.932 110.248
101.163 110.498
101.163 110.498
101.163 110.498
101.625 110.998
101.855 111.248
102.086 111.498
102.086 111.498
102.086 111.498
102.086 111.498
102.086 111.498
102.086 111.498
102.086 111.498
102.548 111.998
103.009 112.498
103.009 112.498
103.009 112.498
103.009 112.498
103.009 112.498
103.471 112.998
103.471 112.998
103.702 113.248
103.932 113.498
103.932 113.498
103.932 113.498
103.932 113.498
104.163 113.748
104.394 113.998
104.394 113.998
104.625 114.248
104.855 114.498
104.855 114.498
105.086 114.748
105.317 114.998
105.317 114.998
105.548 115.248
105.778 115.498
105.778 115.498
105.778 115.498
105.778 115.498
105.778 115.498
106.24 115.998
106.24 115.998
106.471 116.248
106.471 116.248
106.702 116.498
106.702 116.498
106.932 116.748
107.163 116.998
107.394 117.248
107.625 117.498
107.625 117.498
107.855 117.748
108.086 117.998
108.086 117.998
108.317 118.248
108.548 118.498
108.548 118.498
108.778 118.748
108.778 118.748
109.009 118.998
109.009 118.998
109.24 119.248
109.471 119.498
109.471 119.498
109.471 119.498
109.702 119.748
109.932 119.998
109.932 119.998
110.163 120.248
110.163 120.248
110.394 120.498
110.625 120.748
110.855 120.998
110.855 120.998
111.086 121.248
111.086 121.248
111.317 121.498
111.317 121.498
111.548 121.748
111.548 121.748
111.778 121.998
112.009 122.248
112.24 122.498
112.24 122.498
112.471 122.748
112.702 122.998
112.702 122.998
112.932 123.248
113.163 123.498
113.163 123.498
113.163 123.498
113.163 123.498
113.163 123.498
113.625 123.998
113.625 123.998
113.855 124.248
114.086 124.498
114.086 124.498
114.086 124.498
114.086 124.498
114.317 124.748
114.548 124.998
114.778 125.248
115.009 125.498
115.009 125.498
115.009 125.498
115.009 125.498
115.471 125.998
115.702 126.248
115.932 126.498
116.163 126.748
116.163 126.748
116.394 126.998
116.394 126.998
116.625 127.248
116.625 127.248
116.855 127.498
116.855 127.498
116.855 127.498
116.855 127.498
116.855 127.498
117.086 127.748
117.317 127.998
117.317 127.998
117.548 128.248
117.548 128.248
117.778 128.498
118.009 128.748
118.24 128.998
118.24 128.998
118.471 129.248
118.471 129.248
118.702 129.498
118.702 129.498
118.702 129.498
118.702 129.498
118.932 129.748
118.932 129.748
119.163 129.998
119.394 130.248
119.625 130.498
119.625 130.498
119.855 130.748
120.086 130.998
120.086 130.998
120.317 131.248
120.548 131.498
120.548 131.498
120.548 131.498
120.548 131.498
120.548 131.498
120.548 131.498
121.009 131.998
121.009 131.998
121.471 132.498
121.471 132.498
121.471 132.498
121.471 132.498
121.702 132.748
121.932 132.998
121.932 132.998
122.163 133.248
122.394 133.498
122.394 133.498
122.394 133.498
122.855 133.998
122.855 133.998
123.086 134.248
123.317 134.498
123.317 134.498
123.548 134.748
123.548 134.748
123.778 134.998
123.778 134.998
124.009 135.248
124.009 135.248
124.24 135.498
124.24 135.498
124.24 135.498
124.471 135.748
124.702 135.998
124.702 135.998
124.932 136.248
125.163 136.498
125.163 136.498
125.163 136.498
125.163 136.498
125.394 136.748
125.394 136.748
125.625 136.998
125.625 136.998
125.855 137.248
125.855 137.248
126.086 137.498
126.086 137.498
126.086 137.498
126.086 137.498
126.317 137.748
126.548 137.998
127.009 138.498
127.471 138.998
127.702 139.248
127.932 139.498
127.932 139.498
127.932 139.498
127.932 139.498
127.932 139.498
128.394 139.998
128.855 140.498
128.855 140.498
128.855 140.498
128.855 140.498
129.317 140.998
129.317 140.998
129.778 141.498
129.778 141.498
129.778 141.498
129.778 141.498
129.778 141.498
130.009 141.748
130.471 142.248
130.702 142.498
130.702 142.498
130.702 142.498
131.163 142.998
131.394 143.248
131.394 143.248
131.625 143.498
131.625 143.498
131.625 143.498
131.625 143.498
131.625 143.498
132.086 143.998
132.086 143.998
132.548 144.498
132.548 144.498
132.548 144.498
132.548 144.498
132.548 144.498
133.009 144.998
133.009 144.998
133.24 145.248
133.471 145.498
133.471 145.498
133.471 145.498
133.471 145.498
133.471 145.498
133.913 145.977
134.163 146.248
134.388 146.492
134.394 146.498
134.394 146.498
134.394 146.498
134.836 146.977
134.855 146.998
135.315 147.496
135.317 147.498
135.317 147.498
135.317 147.498
136.009 148.248
136.009 148.248
136.009 148.248
136.04 148.281
136.471 148.748
136.702 148.998
136.932 149.248
137.163 149.498
137.163 149.498
137.163 149.498
137.625 149.998
137.855 150.248
138.086 150.498
138.086 150.498
138.086 150.498
138.317 150.748
138.548 150.998
138.548 150.998
138.778 151.248
139.009 151.498
139.471 151.998
139.932 152.498
140.394 152.998
140.855 153.498
141.317 153.998
141.778 154.498
142.24 154.998
142.702 155.498
143.163 155.998
143.625 156.498
144.086 156.998
144.548 157.498
145.009 157.998
145.471 158.498
145.932 158.998
146.394 159.498
146.855 159.998
147.317 160.498
147.778 160.998
148.24 161.498
148.702 161.998
149.163 162.498
149.625 162.998
149.855 163.248
150.086 163.498
150.086 163.498
150.317 163.748
150.548 163.998
150.548 163.998
151.009 164.498
151.009 164.498
151.24 164.748
151.471 164.998
151.932 165.498
152.163 165.748
152.394 165.998
152.394 165.998
152.625 166.248
152.855 166.498
152.855 166.498
152.855 166.498
153.086 166.748
153.317 166.998
153.317 166.998
153.778 167.498
153.778 167.498
154.009 167.748
154.24 167.998
154.24 167.998
154.471 168.248
154.702 168.498
154.702 168.498
154.932 168.748
155.163 168.998
155.163 168.998
155.394 169.248
155.625 169.498
155.625 169.498
155.855 169.748
156.086 169.998
156.086 169.998
156.317 170.248
156.548 170.498
156.548 170.498
156.548 170.498
156.548 170.498
156.548 170.498
156.778 170.748
157.009 170.998
157.009 170.998
157.471 171.498
157.471 171.498
157.471 171.498
157.471 171.498
157.702 171.748
157.932 171.998
157.932 171.998
158.163 172.248
158.394 172.498
158.394 172.498
158.625 172.748
158.855 172.998
159.086 173.248
159.317 173.498
159.317 173.498
159.317 173.498
159.317 173.498
159.548 173.748
159.778 173.998
159.778 173.998
160.009 174.248
160.009 174.248
160.24 174.498
160.24 174.498
160.471 174.748
160.471 174.748
160.702 174.998
160.702 174.998
161.163 175.498
161.163 175.498
161.163 175.498
161.394 175.748
161.625 175.998
161.625 175.998
161.855 176.248
162.086 176.498
162.086 176.498
162.317 176.748
162.548 176.998
162.548 176.998
162.778 177.248
163.009 177.498
163.009 177.498
163.009 177.498
163.24 177.748
163.24 177.748
163.471 177.998
163.471 177.998
163.471 177.998
163.702 178.248
163.702 178.248
163.932 178.498
163.932 178.498
163.932 178.498
164.163 178.748
164.163 178.748
164.394 178.998
164.394 178.998
164.394 178.998
164.855 179.498
164.855 179.498
164.855 179.498
165.086 179.748
165.317 179.998
165.317 179.998
165.778 180.498
165.778 180.498
165.778 180.498
166.009 180.748
166.24 180.998
166.24 180.998
166.702 181.498
166.702 181.498
166.932 181.748
167.163 181.998
167.163 181.998
167.394 182.248
167.394 182.248
167.625 182.498
167.625 182.498
167.625 182.498
167.625 182.498
167.855 182.748
168.086 182.998
168.086 182.998
168.548 183.498
168.548 183.498
168.548 183.498
168.548 183.498
168.778 183.748
169.009 183.998
169.009 183.998
169.24 184.248
169.471 184.498
169.471 184.498
169.702 184.748
169.932 184.998
169.932 184.998
170.394 185.498
170.394 185.498
170.394 185.498
170.394 185.498
170.625 185.748
170.625 185.748
170.855 185.998
170.855 185.998
170.855 185.998
171.086 186.248
171.317 186.498
171.317 186.498
171.317 186.498
171.317 186.498
171.317 186.498
171.548 186.748
171.778 186.998
171.778 186.998
172.24 187.498
172.24 187.498
172.24 187.498
172.24 187.498
172.471 187.748
172.702 187.998
172.702 187.998
172.932 188.248
173.163 188.498
173.163 188.498
173.625 188.998
173.625 188.998
173.625 188.998
173.855 189.248
174.086 189.498
174.086 189.498
174.086 189.498
174.086 189.498
174.086 189.498
174.317 189.748
174.548 189.998
174.548 189.998
174.778 190.248
175.009 190.498
175.009 190.498
175.24 190.748
175.471 190.998
175.471 190.998
175.702 191.248
175.932 191.498
175.932 191.498
175.932 191.498
176.163 191.748
176.394 191.998
176.394 191.998
176.625 192.248
176.855 192.498
176.855 192.498
176.855 192.498
176.855 192.498
177.317 192.998
177.317 192.998
177.548 193.248
177.778 193.498
177.778 193.498
177.778 193.498
177.778 193.498
178.009 193.748
178.24 193.998
178.24 193.998
178.24 193.998
178.24 193.998
178.471 194.248
178.702 194.498
178.702 194.498
178.702 194.498
178.702 194.498
178.932 194.748
179.163 194.998
179.163 194.998
179.163 194.998
179.625 195.498
179.625 195.498
179.625 195.498
179.625 195.498
180.086 195.998
180.086 195.998
180.548 196.498
180.548 196.498
181.009 196.998
181.009 196.998
181.471 197.498
181.932 197.998
181.932 197.998
182.163 198.248
182.394 198.498
182.394 198.498
182.625 198.748
182.625 198.748
182.855 198.998
182.855 198.998
183.086 199.248
183.317 199.498
183.317 199.498
183.317 199.498
183.317 199.498
183.317 199.498
183.778 199.998
183.778 199.998
184.24 200.498
184.24 200.498
184.24 200.498
184.24 200.498
184.702 200.998
184.702 200.998
185.163 201.498
185.163 201.498
185.163 201.498
185.163 201.498
185.163 201.498
185.625 201.998
185.855 202.248
185.855 202.248
186.086 202.498
186.086 202.498
186.317 202.748
186.317 202.748
186.548 202.998
186.548 202.998
186.778 203.248
187.009 203.498
187.009 203.498
187.009 203.498
187.009 203.498
187.471 203.998
187.471 203.998
187.702 204.248
187.702 204.248
187.932 204.498
187.932 204.498
188.163 204.748
188.394 204.998
188.394 204.998
188.625 205.248
188.855 205.498
189.086 205.748
189.317 205.998
189.317 205.998
189.548 206.248
189.778 206.498
189.778 206.498
190.009 206.748
190.009 206.748
190.24 206.998
190.24 206.998
190.471 207.248
190.702 207.498
190.702 207.498
190.702 207.498
190.702 207.498
190.702 207.498
190.932 207.748
191.163 207.998
191.163 207.998
191.394 208.248
191.625 208.498
191.625 208.498
191.855 208.748
192.086 208.998
192.086 208.998
192.317 209.248
192.317 209.248
192.548 209.498
192.548 209.498
192.778 209.748
192.778 209.748
193.009 209.998
193.009 209.998
193.24 210.248
193.24 210.248
193.24 210.248
193.471 210.498
193.702 210.748
193.702 210.748
193.702 210.748
193.932 210.998
194.394 211.498
194.394 211.498
194.394 211.498
194.394 211.498
194.625 211.748
194.855 211.998
194.855 211.998
195.086 212.248
195.086 212.248
195.317 212.498
195.548 212.748
195.778 212.998
195.778 212.998
196.009 213.248
196.24 213.498
196.471 213.748
196.702 213.998
196.702 213.998
196.932 214.248
197.163 214.498
197.394 214.748
197.394 214.748
197.625 214.998
197.625 214.998
197.855 215.248
198.086 215.498
198.086 215.498
198.317 215.748
198.548 215.998
198.548 215.998
198.778 216.248
199.009 216.498
199.24 216.748
199.471 216.998
199.471 216.998
199.702 217.248
199.702 217.248
199.932 217.498
199.932 217.498
200.163 217.748
200.163 217.748
200.394 217.998
200.394 217.998
200.625 218.248
200.855 218.498
201.086 218.748
201.317 218.998
201.548 219.248
201.778 219.498
202.009 219.748
202.24 219.998
202.24 219.998
202.471 220.248
202.702 220.498
202.932 220.748
203.163 220.998
203.163 220.998
203.394 221.248
203.625 221.498
203.625 221.498
203.855 221.748
204.086 221.998
204.086 221.998
204.317 222.248
204.548 222.498
204.778 222.748
205.009 222.998
205.009 222.998
205.471 223.498
205.471 223.498
205.471 223.498
205.471 223.498
205.471 223.498
205.702 223.748
205.932 223.998
205.932 223.998
206.163 224.248
206.394 224.498
206.394 224.498
206.625 224.748
206.855 224.998
206.855 224.998
207.086 225.248
207.317 225.498
207.317 225.498
207.778 225.998
208.24 226.498
208.24 226.498
208.24 226.498
208.24 226.498
208.24 226.498
208.24 226.498
208.702 226.998
209.163 227.498
209.163 227.498
209.163 227.498
209.163 227.498
209.394 227.748
209.625 227.998
209.625 227.998
209.855 228.248
209.855 228.248
209.855 228.248
210.086 228.498
210.317 228.748
210.548 228.998
210.778 229.248
211.009 229.498
211.009 229.498
211.24 229.748
211.471 229.998
211.471 229.998
211.702 230.248
211.702 230.248
211.932 230.498
212.163 230.748
212.163 230.748
212.394 230.998
212.394 230.998
212.625 231.248
212.855 231.498
212.855 231.498
212.855 231.498
212.855 231.498
213.086 231.748
213.317 231.998
213.317 231.998
213.548 232.248
213.548 232.248
213.778 232.498
214.009 232.748
214.24 232.998
214.24 232.998
214.471 233.248
214.471 233.248
214.702 233.498
214.702 233.498
214.702 233.498
214.932 233.748
214.932 233.748
215.163 233.998
215.394 234.248
215.625 234.498
215.625 234.498
215.855 234.748
216.086 234.998
216.086 234.998
216.317 235.248
216.548 235.498
216.548 235.498
216.548 235.498
216.778 235.748
217.009 235.998
217.009 235.998
217.24 236.248
217.24 236.248
217.24 236.248
217.471 236.498
217.471 236.498
217.702 236.748
217.932 236.998
218.163 237.248
218.394 237.498
218.394 237.498
218.625 237.748
218.855 237.998
218.855 237.998
219.086 238.248
219.317 238.498
219.317 238.498
219.548 238.748
219.548 238.748
219.778 238.998
219.778 238.998
220.009 239.248
220.24 239.498
220.24 239.498
220.24 239.498
220.471 239.748
220.702 239.998
220.702 239.998
220.932 240.248
220.932 240.248
221.163 240.498
221.394 240.748
221.625 240.998
221.625 240.998
221.625 240.998
221.855 241.248
221.855 241.248
222.086 241.498
222.086 241.498
222.317 241.748
222.317 241.748
222.548 241.998
222.778 242.248
223.009 242.498
223.009 242.498
223.24 242.748
223.24 242.748
223.24 242.748
223.471 242.998
223.471 242.998
223.702 243.248
223.932 243.498
223.932 243.498
223.932 243.498
223.932 243.498
224.163 243.748
224.394 243.998
224.394 243.998
224.625 244.248
224.855 244.498
225.086 244.748
225.086 244.748
225.317 244.998
225.317 244.998
225.548 245.248
225.548 245.248
225.548 245.248
225.778 245.498
226.009 245.748
226.24 245.998
226.24 245.998
226.471 246.248
226.702 246.498
226.932 246.748
226.932 246.748
227.163 246.998
227.163 246.998
227.394 247.248
227.625 247.498
227.625 247.498
227.625 247.498
227.625 247.498
228.086 247.998
228.548 248.498
228.548 248.498
228.548 248.498
228.548 248.498
228.548 248.498
228.778 248.748
229.009 248.998
229.24 249.248
229.471 249.498
229.471 249.498
229.471 249.498
229.471 249.498
229.471 249.498
229.702 249.748
230.394 250.498
230.625 250.748
230.855 250.998
231.086 251.248
231.086 251.248
231.086 251.248
231.317 251.498
231.317 251.498
231.317 251.498
231.317 251.498
231.548 251.748
231.778 251.998
231.778 251.998
232.009 252.248
232.24 252.498
232.471 252.748
232.702 252.998
232.702 252.998
233.163 253.498
233.163 253.498
233.163 253.498
233.163 253.498
233.163 253.498
233.163 253.498
233.394 253.748
233.855 254.248
234.086 254.498
234.086 254.498
234.086 254.498
234.548 254.998
234.778 255.248
235.009 255.498
235.009 255.498
235.009 255.498
235.009 255.498
235.009 255.498
235.009 255.498
235.009 255.498
235.471 255.998
235.932 256.498
235.932 256.498
235.932 256.498
235.932 256.498
235.932 256.498
236.394 256.998
236.394 256.998
236.625 257.248
236.855 257.498
236.855 257.498
236.855 257.498
236.855 257.498
236.855 257.498
237.317 257.998
237.778 258.498
238.24 258.998
238.702 259.498
238.702 259.498
238.702 259.498
238.702 259.498
238.702 259.498
239.163 259.998
239.163 259.998
239.394 260.248
239.394 260.248
239.625 260.498
239.625 260.498
239.855 260.748
240.086 260.998
240.317 261.248
240.548 261.498
240.548 261.498
240.778 261.748
241.009 261.998
241.009 261.998
241.24 262.248
241.471 262.498
241.471 262.498
241.702 262.748
241.702 262.748
241.932 262.998
241.932 262.998
242.163 263.248
242.394 263.498
242.394 263.498
242.394 263.498
242.625 263.748
242.855 263.998
242.855 263.998
243.086 264.248
243.086 264.248
243.317 264.498
243.548 264.748
243.778 264.998
243.778 264.998
244.009 265.248
244.009 265.248
244.24 265.498
244.24 265.498
244.471 265.748
244.471 265.748
244.702 265.998
244.932 266.248
245.163 266.498
245.163 266.498
245.394 266.748
245.625 266.998
245.625 266.998
245.855 267.248
246.086 267.498
246.086 267.498
246.086 267.498
246.086 267.498
246.086 267.498
246.548 267.998
246.548 267.998
246.778 268.248
247.009 268.498
247.009 268.498
247.009 268.498
247.009 268.498
247.24 268.748
247.471 268.998
247.702 269.248
247.932 269.498
247.932 269.498
247.932 269.498
247.932 269.498
248.394 269.998
248.625 270.248
248.855 270.498
249.086 270.748
249.086 270.748
249.317 270.998
249.317 270.998
249.548 271.248
249.548 271.248
249.778 271.498
249.778 271.498
249.778 271.498
249.778 271.498
249.778 271.498
250.009 271.748
250.24 271.998
250.24 271.998
250.471 272.248
250.471 272.248
250.702 272.498
250.932 272.748
251.163 272.998
251.163 272.998
251.394 273.248
251.394 273.248
251.625 273.498
251.625 273.498
251.625 273.498
251.625 273.498
251.855 273.748
251.855 273.748
252.086 273.998
252.317 274.248
252.548 274.498
252.548 274.498
252.778 274.748
253.009 274.998
253.009 274.998
253.24 275.248
253.471 275.498
253.471 275.498
253.471 275.498
253.471 275.498
253.471 275.498
253.471 275.498
253.932 275.998
253.932 275.998
254.394 276.498
254.394 276.498
254.394 276.498
254.394 276.498
254.625 276.748
254.855 276.998
254.855 276.998
255.086 277.248
255.317 277.498
255.317 277.498
255.317 277.498
255.778 277.998
255.778 277.998
256.009 278.248
256.24 278.498
256.24 278.498
256.471 278.748
256.471 278.748
256.702 278.998
256.702 278.998
256.932 279.248
256.932 279.248
257.163 279.498
257.163 279.498
257.163 279.498
257.394 279.748
257.625 279.998
257.625 279.998
257.855 280.248
258.086 280.498
258.086 280.498
258.086 280.498
258.086 280.498
258.317 280.748
258.317 280.748
258.548 280.998
258.548 280.998
258.778 281.248
258.778 281.248
259.009 281.498
259.009 281.498
259.009 281.498
259.009 281.498
259.24 281.748
259.471 281.998
259.932 282.498
260.394 282.998
260.625 283.248
260.855 283.498
260.855 283.498
260.855 283.498
260.855 283.498
260.855 283.498
261.317 283.998
261.778 284.498
261.778 284.498
261.778 284.498
261.778 284.498
262.24 284.998
262.24 284.998
262.702 285.498
262.702 285.498
262.702 285.498
262.702 285.498
262.702 285.498
262.932 285.748
263.394 286.248
263.625 286.498
263.625 286.498
263.625 286.498
264.086 286.998
264.317 287.248
264.317 287.248
264.548 287.498
264.548 287.498
264.548 287.498
264.548 287.498
264.548 287.498
265.009 287.998
265.009 287.998
265.471 288.498
265.471 288.498
265.471 288.498
265.471 288.498
265.471 288.498
265.932 288.998
265.932 288.998
266.163 289.248
266.394 289.498
266.394 289.498
266.394 289.498
266.394 289.498
266.394 289.498
266.855 289.998
267.086 290.248
267.317 290.498
267.317 290.498
267.317 290.498
267.317 290.498
267.778 290.998
267.778 290.998
268.24 291.498
268.24 291.498
268.24 291.498
268.24 291.498
268.24 291.498
268.702 291.998
268.702 291.998
268.932 292.248
268.932 292.248
269.163 292.498
269.163 292.498
269.394 292.748
269.625 292.998
269.855 293.248
270.086 293.498
270.086 293.498
270.317 293.748
270.548 293.998
270.548 293.998
270.778 294.248
271.009 294.498
271.009 294.498
271.24 294.748
271.24 294.748
271.471 294.998
271.471 294.998
271.702 295.248
271.932 295.498
271.932 295.498
271.932 295.498
272.163 295.748
272.394 295.998
272.394 295.998
272.625 296.248
272.625 296.248
272.855 296.498
273.086 296.748
273.086 296.748
273.317 296.998
273.317 296.998
273.548 297.248
273.548 297.248
273.778 297.498
273.778 297.498
274.009 297.748
274.009 297.748
274.24 297.998
274.471 298.248
274.702 298.498
274.702 298.498
274.932 298.748
275.163 298.998
275.163 298.998
275.394 299.248
275.625 299.498
275.625 299.498
275.625 299.498
275.625 299.498
275.625 299.498
276.086 299.998
276.086 299.998
276.317 300.248
276.548 300.498
276.548 300.498
276.548 300.498
276.778 300.748
276.778 300.748
277.009 300.998
277.24 301.248
277.471 301.498
277.471 301.498
277.471 301.498
277.471 301.498
277.932 301.998
278.163 302.248
278.394 302.498
278.625 302.748
278.625 302.748
278.855 302.998
278.855 302.998
279.086 303.248
279.086 303.248
279.317 303.498
279.317 303.498
279.317 303.498
279.317 303.498
279.317 303.498
279.548 303.748
279.778 303.998
279.778 303.998
280.009 304.248
280.009 304.248
280.24 304.498
280.471 304.748
280.702 304.998
280.702 304.998
280.932 305.248
280.932 305.248
281.163 305.498
281.163 305.498
281.163 305.498
281.163 305.498
281.394 305.748
281.394 305.748
281.625 305.998
281.855 306.248
282.086 306.498
282.086 306.498
282.317 306.748
282.548 306.998
282.548 306.998
282.778 307.248
283.009 307.498
283.009 307.498
283.009 307.498
283.009 307.498
283.009 307.498
283.009 307.498
283.471 307.998
283.471 307.998
283.932 308.498
283.932 308.498
283.932 308.498
283.932 308.498
284.163 308.748
284.394 308.998
284.394 308.998
284.625 309.248
284.855 309.498
284.855 309.498
284.855 309.498
285.317 309.998
285.317 309.998
285.548 310.248
285.778 310.498
285.778 310.498
286.009 310.748
286.009 310.748
286.24 310.998
286.24 310.998
286.471 311.248
286.471 311.248
286.702 311.498
286.702 311.498
286.702 311.498
286.932 311.748
287.163 311.998
287.163 311.998
287.394 312.248
287.625 312.498
287.625 312.498
287.625 312.498
287.625 312.498
287.855 312.748
287.855 312.748
288.086 312.998
288.086 312.998
288.317 313.248
288.317 313.248
288.548 313.498
288.548 313.498
288.548 313.498
288.548 313.498
288.778 313.748
289.009 313.998
289.471 314.498
289.932 314.998
290.163 315.248
290.394 315.498
290.394 315.498
290.394 315.498
290.394 315.498
290.394 315.498
290.855 315.998
291.317 316.498
291.317 316.498
291.317 316.498
291.317 316.498
291.778 316.998
291.778 316.998
292.24 317.498
292.24 317.498
292.24 317.498
292.24 317.498
292.24 317.498
292.471 317.748
292.932 318.248
293.163 318.498
293.163 318.498
293.163 318.498
293.625 318.998
293.855 319.248
293.855 319.248
294.086 319.498
294.086 319.498
294.086 319.498
294.086 319.498
294.086 319.498
294.548 319.998
294.548 319.998
294.778 320.248
295.009 320.498
295.009 320.498
295.009 320.498
295.009 320.498
295.471 320.998
295.471 320.998
295.702 321.248
295.932 321.498
295.932 321.498
295.932 321.498
295.932 321.498
295.932 321.498
296.625 322.248
296.855 322.498
296.855 322.498
296.855 322.498
296.855 322.498
297.086 322.748
297.317 322.998
297.317 322.998
297.548 323.248
297.778 323.498
297.778 323.498
297.778 323.498
297.778 323.498
298.24 323.998
298.471 324.248
298.471 324.248
298.471 324.248
298.471 324.248
298.932 324.748
299.163 324.998
299.394 325.248
299.625 325.498
299.625 325.498
299.625 325.498
300.086 325.998
300.317 326.248
300.548 326.498
300.548 326.498
300.548 326.498
300.778 326.748
301.009 326.998
301.009 326.998
301.24 327.248
301.471 327.498
301.932 327.998
302.394 328.498
302.855 328.998
303.317 329.498
303.778 329.998
304.24 330.498
304.702 330.998
305.163 331.498
305.625 331.998
306.086 332.498
306.548 332.998
307.009 333.498
307.471 333.998
307.932 334.498
308.394 334.998
308.855 335.498
309.317 335.998
309.778 336.498
310.24 336.998
310.702 337.498
311.163 337.998
311.625 338.498
