0.923213 1.07708
1.35178 1.57708
1.35178 1.57708
1.78036 2.07708
2.20893 2.57708
2.6375 3.07708
3.06607 3.57708
3.06607 3.57708
3.92321 4.57708
4.35178 5.07708
4.78035 5.57708
4.78035 5.57708
5.20892 6.07708
5.63749 6.57708
6.06607 7.07708
6.49464 7.57708
6.49464 7.57708
7.35178 8.57708
7.56606 8.82708
7.78035 9.07708
7.99463 9.32708
8.20892 9.57708
8.20892 9.57708
8.20892 9.57708
8.20892 9.57708
8.20892 9.57708
8.63749 10.0771
9.06606 10.5771
9.49463 11.0771
9.9232 11.5771
10.7803 12.5771
11.6375 13.5771
11.6375 13.5771
11.6375 13.5771
11.6375 13.5771
11.6375 13.5771
12.0661 14.0771
12.4946 14.5771
12.9232 15.0771
13.3518 15.5771
14.6375 17.0771
15.0661 17.5771
15.0661 17.5771
15.4946 18.0771
15.4946 18.0771
15.9232 18.5771
15.9232 18.5771
15.9232 18.5771
16.3518 19.0771
16.5661 19.3271
16.5661 19.3271
17.2089 20.0771
17.6375 20.5771
17.6375 20.5771
17.6375 20.5771
17.8518 20.8271
18.0661 21.0771
18.4946 21.5771
18.4946 21.5771
18.9232 22.0771
19.3518 22.5771
19.7803 23.0771
19.9946 23.3271
19.9946 23.3271
20.6375 24.0771
20.8518 24.3271
21.0661 24.5771
21.0661 24.5771
21.2803 24.8271
21.4946 25.0771
21.7089 25.3271
21.9232 25.5771
21.9232 25.5771
22.3518 26.0771
22.7803 26.5771
22.7803 26.5771
23.2089 27.0771
23.4232 27.3271
23.4232 27.3271
23.8518 27.8271
24.2803 28.3271
24.4946 28.5771
24.4946 28.5771
24.7089 28.8271
24.9232 29.0771
24.9232 29.0771
25.1375 29.3271
25.3518 29.5771
25.3518 29.5771
25.3518 29.5771
25.3518 29.5771
25.3518 29.5771
25.3518 29.5771
26.2089 30.5771
26.2089 30.5771
28.7803 33.5771
28.7803 33.5771
28.7803 33.5771
28.7803 33.5771
28.7803 33.5771
28.7803 33.5771
29.2089 34.0771
29.6375 34.5771
30.066 35.0771
30.4946 35.5771
30.9232 36.0771
31.3518 36.5771
31.7803 37.0771
32.2089 37.5771
32.2089 37.5771
32.6375 38.0771
33.066 38.5771
33.066 38.5771
33.066 38.5771
33.4946 39.0771
33.7089 39.3271
34.1375 39.8271
34.3518 40.0771
34.566 40.3271
34.7803 40.5771
35.2089 41.0771
35.4232 41.3271
35.6375 41.5771
35.6375 41.5771
36.066 42.0771
36.066 42.0771
36.4946 42.5771
36.4946 42.5771
36.4946 42.5771
36.9232 43.0771
36.9232 43.0771
37.3517 43.5771
37.3517 43.5771
37.7803 44.0771
37.7803 44.0771
38.2089 44.5771
38.2089 44.5771
38.2089 44.5771
38.4232 44.8271
38.6375 45.0771
38.6375 45.0771
39.066 45.5771
39.066 45.5771
39.2803 45.8271
39.4946 46.0771
39.4946 46.0771
39.9232 46.5771
39.9232 46.5771
39.9232 46.5771
40.3517 47.0771
40.566 47.3271
40.566 47.3271
40.566 47.3271
41.2089 48.0771
41.4232 48.3271
41.6375 48.5771
41.6375 48.5771
41.8517 48.8271
42.066 49.0771
42.2803 49.3271
42.4946 49.5771
42.4946 49.5771
42.9232 50.0771
42.9232 50.0771
43.3517 50.5771
43.3517 50.5771
43.3517 50.5771
43.3517 50.5771
43.7803 51.0771
43.7803 51.0771
44.2089 51.5771
44.2089 51.5771
44.2089 51.5771
44.2089 51.5771
44.6375 52.0771
44.6375 52.0771
45.066 52.5771
45.066 52.5771
45.2803 52.8271
45.4946 53.0771
45.4946 53.0771
45.7089 53.3271
45.9232 53.5771
45.9232 53.5771
46.3517 54.0771
46.7803 54.5771
47.2089 55.0771
47.4232 55.3271
47.4232 55.3271
47.4232 55.3271
48.066 56.0771
48.4946 56.5771
48.4946 56.5771
48.4946 56.5771
48.7089 56.8271
48.7089 56.8271
48.9232 57.0771
48.9232 57.0771
49.1375 57.3271
49.3517 57.5771
49.3517 57.5771
49.7803 58.0771
50.2089 58.5771
50.2089 58.5771
50.2089 58.5771
50.2089 58.5771
50.6374 59.0771
50.8517 59.3271
51.4946 60.0771
51.9232 60.5771
51.9232 60.5771
51.9232 60.5771
52.1374 60.8271
52.3517 61.0771
52.7803 61.5771
52.7803 61.5771
53.2089 62.0771
53.6374 62.5771
53.6374 62.5771
54.066 63.0771
54.2803 63.3271
54.2803 63.3271
54.9232 64.0771
55.3517 64.5771
55.566 64.8271
55.7803 65.0771
56.2089 65.5771
56.2089 65.5771
56.2089 65.5771
56.2089 65.5771
56.2089 65.5771
56.2089 65.5771
56.6374 66.0771
57.066 66.5771
57.4946 67.0771
57.9232 67.5771
58.3517 68.0771
58.7803 68.5771
59.2089 69.0771
59.6374 69.5771
59.6374 69.5771
60.066 70.0771
60.4946 70.5771
60.4946 70.5771
60.4946 70.5771
60.9232 71.0771
61.1374 71.3271
61.566 71.8271
61.7803 72.0771
61.9946 72.3271
62.2089 72.5771
62.6374 73.0771
62.8517 73.3271
63.066 73.5771
63.066 73.5771
63.4946 74.0771
63.4946 74.0771
63.9232 74.5771
63.9232 74.5771
63.9232 74.5771
64.3517 75.0771
64.3517 75.0771
64.7803 75.5771
64.7803 75.5771
65.2089 76.0771
65.2089 76.0771
65.6374 76.5771
65.6374 76.5771
65.6374 76.5771
65.8517 76.8271
66.066 77.0771
66.066 77.0771
66.4946 77.5771
66.4946 77.5771
66.7089 77.8271
66.9231 78.0771
66.9231 78.0771
67.3517 78.5771
67.3517 78.5771
67.3517 78.5771
67.7803 79.0771
67.9946 79.3271
67.9946 79.3271
67.9946 79.3271
68.6374 80.0771
68.8517 80.3271
69.066 80.5771
69.066 80.5771
69.2803 80.8271
69.4946 81.0771
69.7089 81.3271
69.9231 81.5771
69.9231 81.5771
70.3517 82.0771
70.3517 82.0771
70.7803 82.5771
70.7803 82.5771
70.7803 82.5771
70.7803 82.5771
71.2089 83.0771
71.2089 83.0771
71.6374 83.5771
71.6374 83.5771
71.6374 83.5771
71.6374 83.5771
72.066 84.0771
72.066 84.0771
72.4946 84.5771
72.4946 84.5771
72.7089 84.8271
72.9231 85.0771
72.9231 85.0771
73.1374 85.3271
73.3517 85.5771
73.3517 85.5771
73.7803 86.0771
74.2089 86.5771
74.6374 87.0771
74.8517 87.3271
74.8517 87.3271
74.8517 87.3271
75.4946 88.0771
75.9231 88.5771
75.9231 88.5771
75.9231 88.5771
76.1374 88.8271
76.1374 88.8271
76.3517 89.0771
76.3517 89.0771
76.566 89.3271
76.7803 89.5771
76.7803 89.5771
77.2089 90.0771
77.2089 90.0771
77.4231 90.3271
77.6374 90.5771
77.6374 90.5771
77.6374 90.5771
78.066 91.0771
78.2803 91.3271
78.9231 92.0771
79.3517 92.5771
79.3517 92.5771
79.3517 92.5771
79.566 92.8271
79.7803 93.0771
80.2088 93.5771
80.2088 93.5771
80.2088 93.5771
80.2088 93.5771
80.2088 93.5771
80.6374 94.0771
81.066 94.5771
81.066 94.5771
81.066 94.5771
81.4946 95.0771
81.7088 95.3271
81.7088 95.3271
82.1374 95.8271
82.1374 95.8271
82.3517 96.0771
82.566 96.3271
82.7803 96.5771
82.7803 96.5771
82.9946 96.8271
82.9946 96.8271
83.2088 97.0771
83.2088 97.0771
83.4231 97.3271
83.6374 97.5771
83.6374 97.5771
83.8517 97.8271
84.066 98.0771
84.2803 98.3271
84.4946 98.5771
84.7088 98.8271
84.9231 99.0771
84.9231 99.0771
85.1374 99.3271
85.3517 99.5771
85.3517 99.5771
85.566 99.8271
85.7803 100.077
85.9946 100.327
86.2088 100.577
86.4231 100.827
86.6374 101.077
86.6374 101.077
86.8517 101.327
87.066 101.577
87.066 101.577
87.2803 101.827
87.4946 102.077
87.4946 102.077
87.7088 102.327
87.9231 102.577
87.9231 102.577
88.1374 102.827
88.3517 103.077
88.3517 103.077
88.566 103.327
88.7803 103.577
88.7803 103.577
88.9946 103.827
89.2088 104.077
89.4231 104.327
89.6374 104.577
89.8517 104.827
90.066 105.077
90.066 105.077
90.2803 105.327
90.2803 105.327
90.4946 105.577
90.4946 105.577
90.7088 105.827
90.9231 106.077
91.1374 106.327
91.3517 106.577
91.3517 106.577
91.566 106.827
91.7803 107.077
91.7803 107.077
91.9946 107.327
92.2088 107.577
92.2088 107.577
92.4231 107.827
92.6374 108.077
92.6374 108.077
92.8517 108.327
93.066 108.577
93.2803 108.827
93.4945 109.077
93.4945 109.077
93.7088 109.327
93.7088 109.327
93.9231 109.577
93.9231 109.577
94.1374 109.827
94.1374 109.827
94.3517 110.077
94.3517 110.077
94.566 110.327
94.7803 110.577
94.7803 110.577
95.2088 111.077
95.4231 111.327
95.4231 111.327
95.4231 111.327
95.8517 111.827
95.8517 111.827
96.066 112.077
96.2803 112.327
96.4945 112.577
96.4945 112.577
96.4945 112.577
96.7088 112.827
96.7088 112.827
96.9231 113.077
96.9231 113.077
97.1374 113.327
97.1374 113.327
97.3517 113.577
97.3517 113.577
97.566 113.827
97.7803 114.077
97.9945 114.327
98.2088 114.577
98.4231 114.827
98.6374 115.077
98.6374 115.077
98.8517 115.327
99.066 115.577
99.066 115.577
99.2803 115.827
99.4945 116.077
99.7088 116.327
99.9231 116.577
100.137 116.827
100.352 117.077
100.352 117.077
100.566 117.327
100.78 117.577
100.78 117.577
100.995 117.827
101.209 118.077
101.209 118.077
101.423 118.327
101.637 118.577
101.637 118.577
101.852 118.827
102.066 119.077
102.066 119.077
102.28 119.327
102.495 119.577
102.495 119.577
102.709 119.827
102.923 120.077
103.137 120.327
103.352 120.577
103.566 120.827
103.78 121.077
103.78 121.077
103.995 121.327
103.995 121.327
104.209 121.577
104.209 121.577
104.423 121.827
104.637 122.077
104.852 122.327
105.066 122.577
105.28 122.827
105.495 123.077
105.495 123.077
105.709 123.327
105.923 123.577
105.923 123.577
106.137 123.827
106.352 124.077
106.352 124.077
106.566 124.327
106.78 124.577
106.995 124.827
107.209 125.077
107.209 125.077
107.423 125.327
107.423 125.327
107.637 125.577
107.637 125.577
107.852 125.827
108.066 126.077
108.066 126.077
108.28 126.327
108.495 126.577
108.709 126.827
108.923 127.077
109.137 127.327
109.352 127.577
109.566 127.827
109.78 128.077
109.995 128.327
110.209 128.577
110.209 128.577
110.209 128.577
110.423 128.827
110.423 128.827
110.637 129.077
110.637 129.077
111.066 129.577
111.066 129.577
111.28 129.827
111.495 130.077
111.709 130.327
111.923 130.577
112.137 130.827
112.352 131.077
112.352 131.077
112.566 131.327
112.566 131.327
112.78 131.577
112.78 131.577
112.995 131.827
113.209 132.077
113.423 132.327
113.637 132.577
113.852 132.827
114.066 133.077
114.28 133.327
114.495 133.577
114.495 133.577
114.709 133.827
114.923 134.077
114.923 134.077
115.137 134.327
115.352 134.577
115.352 134.577
115.566 134.827
115.78 135.077
115.78 135.077
116.209 135.577
116.209 135.577
116.423 135.827
116.637 136.077
116.852 136.327
117.066 136.577
117.28 136.827
117.495 137.077
117.495 137.077
117.709 137.327
117.709 137.327
117.923 137.577
117.923 137.577
118.137 137.827
118.352 138.077
118.566 138.327
118.78 138.577
118.995 138.827
119.209 139.077
119.209 139.077
119.423 139.327
119.637 139.577
119.637 139.577
119.852 139.827
120.066 140.077
120.066 140.077
120.28 140.327
120.495 140.577
120.709 140.827
120.923 141.077
120.923 141.077
121.137 141.327
121.137 141.327
121.352 141.577
121.352 141.577
121.566 141.827
121.78 142.077
121.995 142.327
122.209 142.577
122.423 142.827
122.637 143.077
122.852 143.327
123.066 143.577
123.28 143.827
123.495 144.077
123.709 144.327
123.923 144.577
123.923 144.577
124.137 144.827
124.352 145.077
124.566 145.327
124.78 145.577
125.637 146.577
125.637 146.577
125.637 146.577
126.066 147.077
126.28 147.327
126.28 147.327
128.209 149.577
128.209 149.577
128.637 150.077
129.066 150.577
129.495 151.077
129.923 151.577
129.923 151.577
130.352 152.077
130.78 152.577
130.78 152.577
131.209 153.077
131.209 153.077
131.637 153.577
131.637 153.577
132.066 154.077
132.495 154.577
132.923 155.077
133.352 155.577
133.352 155.577
133.78 156.077
134.209 156.577
134.209 156.577
134.209 156.577
134.637 157.077
134.852 157.327
135.066 157.577
135.066 157.577
135.495 158.077
135.923 158.577
135.923 158.577
135.923 158.577
136.352 159.077
136.78 159.577
136.78 159.577
137.209 160.077
137.637 160.577
137.637 160.577
137.637 160.577
138.066 161.077
138.28 161.327
138.495 161.577
138.495 161.577
138.923 162.077
138.923 162.077
139.352 162.577
139.352 162.577
139.78 163.077
140.209 163.577
140.209 163.577
140.637 164.077
141.066 164.577
141.495 165.077
141.923 165.577
141.923 165.577
142.137 165.827
142.352 166.077
142.566 166.327
142.78 166.577
142.994 166.827
143.209 167.077
143.423 167.327
143.637 167.577
144.066 168.077
144.494 168.577
144.494 168.577
144.494 168.577
144.494 168.577
144.923 169.077
144.923 169.077
145.352 169.577
145.352 169.577
145.78 170.077
146.209 170.577
146.209 170.577
146.209 170.577
146.637 171.077
147.066 171.577
147.066 171.577
147.066 171.577
147.494 172.077
147.923 172.577
147.923 172.577
148.78 173.577
148.78 173.577
148.78 173.577
148.78 173.577
148.78 173.577
149.637 174.577
149.637 174.577
149.637 174.577
150.494 175.577
150.494 175.577
150.494 175.577
150.494 175.577
150.494 175.577
150.923 176.077
151.352 176.577
151.352 176.577
151.352 176.577
151.78 177.077
151.78 177.077
152.209 177.577
152.209 177.577
152.637 178.077
153.066 178.577
153.066 178.577
153.066 178.577
153.494 179.077
153.923 179.577
153.923 179.577
153.923 179.577
153.923 179.577
153.923 179.577
153.923 179.577
153.923 179.577
155.637 181.577
155.637 181.577
155.637 181.577
155.637 181.577
155.637 181.577
155.637 181.577
156.066 182.077
156.494 182.577
156.923 183.077
157.352 183.577
157.78 184.077
158.209 184.577
158.637 185.077
159.066 185.577
159.066 185.577
159.494 186.077
159.923 186.577
159.923 186.577
159.923 186.577
160.352 187.077
160.566 187.327
160.994 187.827
161.209 188.077
161.423 188.327
161.637 188.577
162.066 189.077
162.28 189.327
162.494 189.577
162.494 189.577
162.923 190.077
162.923 190.077
163.352 190.577
163.352 190.577
163.352 190.577
163.78 191.077
163.78 191.077
164.209 191.577
164.209 191.577
164.637 192.077
164.637 192.077
165.066 192.577
165.066 192.577
165.066 192.577
165.28 192.827
165.494 193.077
165.494 193.077
165.923 193.577
165.923 193.577
166.137 193.827
166.352 194.077
166.352 194.077
166.78 194.577
166.78 194.577
166.78 194.577
167.209 195.077
167.423 195.327
167.423 195.327
167.423 195.327
168.066 196.077
168.28 196.327
168.494 196.577
168.494 196.577
168.709 196.827
168.923 197.077
169.137 197.327
169.352 197.577
169.352 197.577
169.78 198.077
169.78 198.077
170.209 198.577
170.209 198.577
170.209 198.577
170.209 198.577
170.637 199.077
170.637 199.077
171.066 199.577
171.066 199.577
171.066 199.577
171.066 199.577
171.494 200.077
171.494 200.077
171.923 200.577
171.923 200.577
172.137 200.827
172.352 201.077
172.352 201.077
172.566 201.327
172.78 201.577
172.78 201.577
173.209 202.077
173.637 202.577
174.066 203.077
174.28 203.327
174.28 203.327
174.28 203.327
174.923 204.077
175.352 204.577
175.352 204.577
175.352 204.577
175.566 204.827
175.566 204.827
175.78 205.077
175.78 205.077
175.994 205.327
176.209 205.577
176.209 205.577
176.637 206.077
176.637 206.077
176.852 206.327
177.066 206.577
177.066 206.577
177.066 206.577
177.494 207.077
177.709 207.327
178.352 208.077
178.78 208.577
178.78 208.577
178.78 208.577
178.994 208.827
179.209 209.077
179.637 209.577
179.637 209.577
179.637 209.577
179.637 209.577
179.637 209.577
180.066 210.077
180.494 210.577
180.494 210.577
180.494 210.577
180.923 211.077
181.137 211.327
181.137 211.327
181.566 211.827
181.566 211.827
181.78 212.077
181.994 212.327
182.209 212.577
182.209 212.577
182.423 212.827
182.423 212.827
182.637 213.077
182.637 213.077
182.852 213.327
183.066 213.577
183.066 213.577
183.28 213.827
183.494 214.077
183.709 214.327
183.923 214.577
184.137 214.827
184.352 215.077
184.352 215.077
184.566 215.327
184.78 215.577
184.78 215.577
184.994 215.827
185.209 216.077
185.423 216.327
185.637 216.577
185.852 216.827
186.066 217.077
186.066 217.077
186.28 217.327
186.494 217.577
186.494 217.577
186.709 217.827
186.923 218.077
186.923 218.077
187.137 218.327
187.352 218.577
187.352 218.577
187.566 218.827
187.78 219.077
187.78 219.077
187.994 219.327
188.209 219.577
188.209 219.577
188.423 219.827
188.637 220.077
188.852 220.327
189.066 220.577
189.28 220.827
189.494 221.077
189.494 221.077
189.709 221.327
189.709 221.327
189.923 221.577
189.923 221.577
190.137 221.827
190.352 222.077
190.566 222.327
190.78 222.577
190.78 222.577
190.994 222.827
191.209 223.077
191.209 223.077
191.423 223.327
191.637 223.577
191.637 223.577
191.852 223.827
192.066 224.077
192.066 224.077
192.28 224.327
192.494 224.577
192.709 224.827
192.923 225.077
192.923 225.077
193.137 225.327
193.137 225.327
193.352 225.577
193.352 225.577
193.566 225.827
193.566 225.827
193.78 226.077
193.78 226.077
193.994 226.327
194.209 226.577
194.209 226.577
194.637 227.077
194.852 227.327
194.852 227.327
194.852 227.327
195.28 227.827
195.28 227.827
195.494 228.077
195.709 228.327
195.923 228.577
195.923 228.577
195.923 228.577
196.137 228.827
196.137 228.827
196.352 229.077
196.352 229.077
196.566 229.327
196.566 229.327
196.78 229.577
196.78 229.577
196.994 229.827
197.209 230.077
197.423 230.327
197.637 230.577
197.852 230.827
198.066 231.077
198.066 231.077
198.28 231.327
198.494 231.577
198.494 231.577
198.709 231.827
198.923 232.077
199.137 232.327
199.352 232.577
199.566 232.827
199.78 233.077
199.78 233.077
199.994 233.327
200.209 233.577
200.209 233.577
200.423 233.827
200.637 234.077
200.637 234.077
200.852 234.327
201.066 234.577
201.066 234.577
201.28 234.827
201.494 235.077
201.494 235.077
201.709 235.327
201.923 235.577
201.923 235.577
202.137 235.827
202.352 236.077
202.566 236.327
202.78 236.577
202.994 236.827
203.209 237.077
203.209 237.077
203.423 237.327
203.423 237.327
203.637 237.577
203.637 237.577
203.852 237.827
204.066 238.077
204.28 238.327
204.494 238.577
204.709 238.827
204.923 239.077
204.923 239.077
205.137 239.327
205.352 239.577
205.352 239.577
205.566 239.827
205.78 240.077
205.78 240.077
205.994 240.327
206.209 240.577
206.423 240.827
206.637 241.077
206.637 241.077
206.852 241.327
206.852 241.327
207.066 241.577
207.066 241.577
207.28 241.827
207.494 242.077
207.494 242.077
207.709 242.327
207.923 242.577
208.137 242.827
208.352 243.077
208.566 243.327
208.78 243.577
208.994 243.827
209.209 244.077
209.423 244.327
209.637 244.577
209.637 244.577
209.637 244.577
209.852 244.827
209.852 244.827
210.066 245.077
210.066 245.077
210.494 245.577
210.494 245.577
210.709 245.827
210.923 246.077
211.137 246.327
211.352 246.577
211.566 246.827
211.78 247.077
211.78 247.077
211.994 247.327
211.994 247.327
212.209 247.577
212.209 247.577
212.423 247.827
212.637 248.077
212.852 248.327
213.066 248.577
213.28 248.827
213.494 249.077
213.709 249.327
213.923 249.577
213.923 249.577
214.137 249.827
214.352 250.077
214.352 250.077
214.566 250.327
214.78 250.577
214.78 250.577
214.994 250.827
215.209 251.077
215.209 251.077
215.637 251.577
215.637 251.577
215.852 251.827
216.066 252.077
216.28 252.327
216.494 252.577
216.709 252.827
216.923 253.077
216.923 253.077
217.137 253.327
217.137 253.327
217.352 253.577
217.352 253.577
217.566 253.827
217.78 254.077
217.994 254.327
218.209 254.577
218.423 254.827
218.637 255.077
218.637 255.077
218.852 255.327
219.066 255.577
219.066 255.577
219.28 255.827
219.494 256.077
219.494 256.077
219.709 256.327
219.923 256.577
220.137 256.827
220.352 257.077
220.352 257.077
220.566 257.327
220.566 257.327
220.78 257.577
220.78 257.577
220.994 257.827
221.209 258.077
221.423 258.327
221.637 258.577
221.852 258.827
222.066 259.077
222.28 259.327
222.494 259.577
222.709 259.827
222.923 260.077
223.137 260.327
223.352 260.577
223.352 260.577
223.566 260.827
223.78 261.077
223.994 261.327
224.209 261.577
224.209 261.577
224.209 261.577
224.209 261.577
224.209 261.577
224.209 261.577
227.209 265.077
227.637 265.577
227.637 265.577
228.066 266.077
228.494 266.577
228.923 267.077
229.352 267.577
229.78 268.077
230.209 268.577
230.209 268.577
230.637 269.077
230.852 269.327
231.066 269.577
231.066 269.577
231.494 270.077
231.923 270.577
232.352 271.077
232.566 271.327
232.994 271.827
233.209 272.077
233.423 272.327
233.637 272.577
233.637 272.577
233.637 272.577
233.852 272.827
234.066 273.077
234.28 273.327
234.494 273.577
234.494 273.577
234.923 274.077
235.352 274.577
235.352 274.577
235.78 275.077
235.994 275.327
235.994 275.327
236.423 275.827
236.852 276.327
237.066 276.577
237.066 276.577
237.066 276.577
237.28 276.827
237.494 277.077
237.494 277.077
237.923 277.577
237.923 277.577
238.352 278.077
238.78 278.577
238.78 278.577
238.78 278.577
239.209 279.077
239.423 279.327
239.423 279.327
239.423 279.327
239.852 279.827
240.28 280.327
240.494 280.577
240.494 280.577
240.709 280.827
240.923 281.077
241.352 281.577
241.78 282.077
242.209 282.577
242.209 282.577
242.209 282.577
242.209 282.577
242.637 283.077
243.066 283.577
243.066 283.577
243.066 283.577
243.494 284.077
243.923 284.577
244.137 284.827
244.352 285.077
244.352 285.077
244.566 285.327
244.78 285.577
244.78 285.577
245.209 286.077
245.637 286.577
245.637 286.577
245.637 286.577
246.066 287.077
246.28 287.327
246.28 287.327
246.923 288.077
247.137 288.327
247.352 288.577
247.352 288.577
247.566 288.827
247.78 289.077
247.994 289.327
248.209 289.577
248.209 289.577
248.637 290.077
249.066 290.577
249.066 290.577
249.066 290.577
249.494 291.077
249.709 291.327
249.709 291.327
249.709 291.327
250.137 291.827
250.137 291.827
250.137 291.827
250.566 292.327
250.78 292.577
250.78 292.577
250.994 292.827
251.209 293.077
251.637 293.577
251.637 293.577
251.637 293.577
251.637 293.577
251.637 293.577
252.066 294.077
252.494 294.577
252.494 294.577
252.494 294.577
252.494 294.577
252.923 295.077
253.137 295.327
253.137 295.327
253.137 295.327
253.137 295.327
253.566 295.827
253.566 295.827
253.566 295.827
253.566 295.827
253.994 296.327
254.209 296.577
254.209 296.577
254.209 296.577
254.209 296.577
254.423 296.827
254.637 297.077
255.066 297.577
255.066 297.577
255.066 297.577
255.066 297.577
255.066 297.577
255.066 297.577
