0.169207 0.23125
0.53506 0.73125
0.53506 0.73125
0.900913 1.23125
0.900913 1.23125
1.26677 1.73125
1.26677 1.73125
1.63262 2.23125
1.63262 2.23125
1.99847 2.73125
1.99847 2.73125
2.36433 3.23125
2.36433 3.23125
2.73018 3.73125
2.73018 3.73125
3.09603 4.23125
3.09603 4.23125
3.46188 4.73125
3.46188 4.73125
3.82774 5.23125
3.82774 5.23125
4.19359 5.73125
4.19359 5.73125
4.55944 6.23125
4.55944 6.23125
4.9253 6.73125
5.29115 7.23125
5.657 7.73125
6.02286 8.23125
6.38871 8.73125
6.38871 8.73125
6.38871 8.73125
6.75456 9.23125
6.75456 9.23125
6.75456 9.23125
7.12041 9.73125
7.12041 9.73125
7.12041 9.73125
7.48627 10.2312
7.48627 10.2312
7.48627 10.2312
7.85212 10.7312
7.85212 10.7312
8.21797 11.2312
8.21797 11.2312
8.58383 11.7312
8.58383 11.7312
8.94968 12.2312
8.94968 12.2312
9.31553 12.7312
9.68139 13.2313
10.0472 13.7312
10.4131 14.2312
10.7789 14.7312
11.1448 15.2312
11.5107 15.7312
11.8765 16.2312
12.2424 16.7312
12.2424 16.7312
12.6082 17.2312
12.6082 17.2312
12.9741 17.7312
12.9741 17.7312
13.3399 18.2312
13.3399 18.2312
13.7058 18.7312
13.7058 18.7312
14.0716 19.2312
14.0716 19.2312
14.0716 19.2312
14.4375 19.7312
14.4375 19.7312
14.8033 20.2312
14.8033 20.2312
15.1692 20.7312
15.535 21.2312
15.9009 21.7312
16.2667 22.2312
16.6326 22.7312
16.9984 23.2312
17.3643 23.7312
17.7302 24.2312
18.096 24.7312
18.096 24.7312
18.096 24.7312
18.4619 25.2313
18.4619 25.2313
18.4619 25.2313
18.8277 25.7312
18.8277 25.7312
18.8277 25.7312
19.1936 26.2312
19.1936 26.2312
19.1936 26.2312
19.5594 26.7312
19.5594 26.7312
19.9253 27.2312
19.9253 27.2312
20.2911 27.7312
20.2911 27.7312
20.657 28.2313
20.657 28.2313
21.0228 28.7312
21.3887 29.2313
21.7545 29.7312
22.1204 30.2313
22.4862 30.7312
22.8521 31.2313
23.2179 31.7312
23.5838 32.2313
23.9497 32.7313
24.3155 33.2313
24.6814 33.7313
25.0472 34.2313
25.4131 34.7313
25.7789 35.2313
26.5106 36.2313
26.8765 36.7313
26.8765 36.7313
26.8765 36.7313
27.2423 37.2313
27.2423 37.2313
27.2423 37.2313
27.6082 37.7313
27.6082 37.7313
27.6082 37.7313
27.974 38.2313
27.974 38.2313
27.974 38.2313
28.3399 38.7313
28.3399 38.7313
28.3399 38.7313
28.7057 39.2313
28.7057 39.2313
28.7057 39.2313
29.0716 39.7313
29.0716 39.7313
29.0716 39.7313
29.4374 40.2313
29.4374 40.2313
29.4374 40.2313
29.8033 40.7313
30.1692 41.2313
30.535 41.7313
30.9009 42.2313
30.9009 42.2313
31.2667 42.7313
31.6326 43.2313
31.9984 43.7313
32.3643 44.2313
32.7301 44.7313
32.7301 44.7313
32.7301 44.7313
32.7301 44.7313
33.096 45.2312
33.096 45.2312
33.096 45.2312
33.096 45.2312
33.4618 45.7313
33.4618 45.7313
33.4618 45.7313
33.4618 45.7313
33.8277 46.2313
33.8277 46.2313
33.8277 46.2313
33.8277 46.2313
33.8277 46.2313
34.1935 46.7312
34.1935 46.7312
34.1935 46.7312
34.1935 46.7312
34.5594 47.2313
34.5594 47.2313
34.5594 47.2313
34.5594 47.2313
34.9252 47.7313
34.9252 47.7313
34.9252 47.7313
35.2911 48.2313
35.6569 48.7313
35.6569 48.7313
36.0228 49.2313
36.3887 49.7313
36.7545 50.2312
37.1204 50.7313
37.4862 51.2313
37.8521 51.7312
38.2179 52.2313
38.5838 52.7313
38.5838 52.7313
38.5838 52.7313
38.7667 52.9813
38.9496 53.2313
38.9496 53.2313
39.3155 53.7313
39.3155 53.7313
39.3155 53.7313
39.6813 54.2313
39.6813 54.2313
39.6813 54.2313
39.6813 54.2313
40.0472 54.7312
40.0472 54.7312
40.0472 54.7312
40.413 55.2312
40.413 55.2312
40.413 55.2312
40.7789 55.7313
40.7789 55.7313
40.7789 55.7313
41.1447 56.2313
41.1447 56.2313
41.1447 56.2313
41.5106 56.7313
41.8764 57.2312
42.2423 57.7313
42.2423 57.7313
42.6082 58.2313
42.6082 58.2313
42.974 58.7313
42.974 58.7313
43.3399 59.2313
43.3399 59.2313
43.7057 59.7313
43.7057 59.7313
44.0716 60.2313
44.0716 60.2313
44.4374 60.7313
44.4374 60.7313
44.8033 61.2313
44.8033 61.2313
45.1691 61.7312
45.1691 61.7312
45.535 62.2313
45.535 62.2313
45.9008 62.7313
45.9008 62.7313
46.2667 63.2313
46.2667 63.2313
46.6325 63.7312
46.6325 63.7312
46.9984 64.2313
46.9984 64.2313
47.3642 64.7313
47.3642 64.7313
47.7301 65.2313
48.096 65.7313
48.4618 66.2313
48.8277 66.7313
49.1935 67.2313
49.5594 67.7313
49.9252 68.2313
50.2911 68.7313
50.2911 68.7313
50.2911 68.7313
50.6569 69.2313
50.6569 69.2313
50.6569 69.2313
51.0228 69.7313
51.0228 69.7313
51.0228 69.7313
51.3886 70.2313
51.3886 70.2313
51.3886 70.2313
51.3886 70.2313
51.7545 70.7313
51.7545 70.7313
51.7545 70.7313
52.1203 71.2313
52.1203 71.2313
52.1203 71.2313
52.4862 71.7313
52.4862 71.7313
52.4862 71.7313
52.852 72.2313
52.852 72.2313
52.852 72.2313
53.2179 72.7313
53.5837 73.2313
53.9496 73.7313
54.3155 74.2313
54.6813 74.7313
55.0472 75.2313
55.413 75.7313
55.7789 76.2313
56.1447 76.7313
56.1447 76.7313
56.1447 76.7313
56.1447 76.7313
56.5106 77.2313
56.5106 77.2313
56.5106 77.2313
56.5106 77.2313
56.8764 77.7313
56.8764 77.7313
56.8764 77.7313
56.8764 77.7313
57.2423 78.2313
57.2423 78.2313
57.2423 78.2313
57.2423 78.2313
57.6081 78.7313
57.6081 78.7313
57.6081 78.7313
57.974 79.2313
57.974 79.2313
57.974 79.2313
58.3398 79.7313
58.3398 79.7313
58.3398 79.7313
58.7057 80.2313
58.7057 80.2313
58.7057 80.2313
59.0715 80.7313
59.4374 81.2313
59.8032 81.7313
60.1691 82.2313
60.535 82.7313
60.9008 83.2313
60.9008 83.2313
61.2667 83.7313
61.6325 84.2313
61.9984 84.7313
61.9984 84.7313
61.9984 84.7313
62.3642 85.2313
62.3642 85.2313
62.3642 85.2313
62.5471 85.4813
62.7301 85.7313
62.7301 85.7313
63.0959 86.2313
63.0959 86.2313
63.0959 86.2313
63.4618 86.7313
63.4618 86.7313
63.4618 86.7313
63.8276 87.2313
63.8276 87.2313
63.8276 87.2313
64.1935 87.7313
64.1935 87.7313
64.1935 87.7313
64.5593 88.2313
64.5593 88.2313
64.5593 88.2313
64.7423 88.4813
64.9252 88.7313
65.1081 88.9813
65.291 89.2313
65.6569 89.7313
66.0227 90.2313
66.3886 90.7312
66.7545 91.2312
66.9374 91.4813
67.1203 91.7313
67.3032 91.9813
67.4862 92.2313
67.6691 92.4813
67.852 92.7313
67.852 92.7313
67.852 92.7313
67.852 92.7313
68.0349 92.9813
68.2179 93.2313
68.2179 93.2313
68.2179 93.2313
68.2179 93.2313
68.5837 93.7313
68.5837 93.7313
68.5837 93.7313
68.5837 93.7313
68.9496 94.2313
68.9496 94.2313
68.9496 94.2313
68.9496 94.2313
69.3154 94.7313
69.3154 94.7313
69.3154 94.7313
69.6813 95.2313
69.6813 95.2313
69.6813 95.2313
69.8642 95.4813
70.0471 95.7313
70.0471 95.7313
70.0471 95.7313
70.2301 95.9813
70.413 96.2313
70.5959 96.4813
70.7788 96.7313
70.7788 96.7313
70.9618 96.9813
71.1447 97.2313
71.5105 97.7312
71.8764 98.2312
72.2422 98.7313
72.6081 99.2313
72.974 99.7313
73.3398 100.231
73.3398 100.231
73.5227 100.481
73.7057 100.731
73.7057 100.731
74.0715 101.231
74.0715 101.231
74.6203 101.981
74.6203 101.981
74.9082 102.731
74.9082 102.731
75.1782 103.231
75.1782 103.231
75.5441 103.731
75.5441 103.731
75.9099 104.231
76.2758 104.731
76.6416 105.231
77.0075 105.731
77.3733 106.231
77.7392 106.731
78.105 107.231
78.4709 107.731
78.8367 108.231
79.2026 108.731
79.2026 108.731
79.2026 108.731
79.5685 109.231
79.5685 109.231
79.5685 109.231
79.9343 109.731
79.9343 109.731
79.9343 109.731
80.3002 110.231
80.3002 110.231
80.3002 110.231
80.666 110.731
80.666 110.731
80.666 110.731
81.0319 111.231
81.0319 111.231
81.0319 111.231
81.3977 111.731
81.3977 111.731
81.3977 111.731
81.7636 112.231
81.7636 112.231
81.7636 112.231
82.1294 112.731
82.4953 113.231
82.8611 113.731
83.227 114.231
83.227 114.231
83.5928 114.731
83.9587 115.231
84.3245 115.731
84.6904 116.231
85.0563 116.731
85.0563 116.731
85.0563 116.731
85.0563 116.731
85.4221 117.231
85.4221 117.231
85.4221 117.231
85.4221 117.231
85.788 117.731
85.788 117.731
85.788 117.731
85.788 117.731
86.1538 118.231
86.1538 118.231
86.1538 118.231
86.1538 118.231
86.1538 118.231
86.5197 118.731
86.5197 118.731
86.5197 118.731
86.5197 118.731
86.8855 119.231
86.8855 119.231
86.8855 119.231
86.8855 119.231
87.2514 119.731
87.2514 119.731
87.2514 119.731
87.6172 120.231
87.9831 120.731
87.9831 120.731
88.3489 121.231
88.7148 121.731
89.0806 122.231
89.4465 122.731
89.8123 123.231
90.1782 123.731
90.544 124.231
90.9099 124.731
90.9099 124.731
90.9099 124.731
91.0928 124.981
91.2758 125.231
91.2758 125.231
91.6416 125.731
91.6416 125.731
91.6416 125.731
92.0075 126.231
92.0075 126.231
92.0075 126.231
92.0075 126.231
92.3733 126.731
92.3733 126.731
92.3733 126.731
92.7392 127.231
92.7392 127.231
92.7392 127.231
93.105 127.731
93.105 127.731
93.105 127.731
93.4709 128.231
93.4709 128.231
93.4709 128.231
93.8367 128.731
94.2026 129.231
94.5684 129.731
94.5684 129.731
94.9343 130.231
94.9343 130.231
95.3001 130.731
95.3001 130.731
95.666 131.231
95.666 131.231
96.0318 131.731
96.0318 131.731
96.3898 132.231
96.3898 132.231
96.7387 132.731
96.7387 132.731
97.0933 133.231
97.0933 133.231
97.4548 133.731
97.4548 133.731
97.8162 134.231
97.8162 134.231
98.1777 134.731
98.1777 134.731
98.5391 135.231
98.5391 135.231
98.9006 135.731
98.9006 135.731
99.262 136.231
99.262 136.231
99.6234 136.731
99.6234 136.731
99.9849 137.231
99.9849 137.231
100.346 137.731
100.346 137.731
100.708 138.231
100.708 138.231
101.069 138.731
101.431 139.231
101.792 139.731
102.154 140.231
102.515 140.731
102.515 140.731
102.515 140.731
102.876 141.231
102.876 141.231
102.876 141.231
103.238 141.731
103.238 141.731
103.238 141.731
103.599 142.231
103.599 142.231
103.599 142.231
103.599 142.231
103.961 142.731
103.961 142.731
103.961 142.731
104.322 143.231
104.322 143.231
104.322 143.231
104.684 143.731
104.684 143.731
104.684 143.731
105.045 144.231
105.045 144.231
105.045 144.231
105.407 144.731
105.768 145.231
106.129 145.731
106.491 146.231
106.852 146.731
107.214 147.231
107.575 147.731
107.937 148.231
108.298 148.731
108.298 148.731
108.298 148.731
108.298 148.731
108.662 149.231
108.662 149.231
108.662 149.231
108.662 149.231
109.027 149.731
109.027 149.731
109.027 149.731
109.027 149.731
109.393 150.231
109.393 150.231
109.393 150.231
109.393 150.231
109.759 150.731
109.759 150.731
109.759 150.731
110.125 151.231
110.125 151.231
110.125 151.231
110.491 151.731
110.491 151.731
110.491 151.731
110.857 152.231
110.857 152.231
110.857 152.231
111.223 152.731
111.588 153.231
111.954 153.731
112.32 154.231
112.686 154.731
113.052 155.231
113.052 155.231
113.418 155.731
113.784 156.231
114.149 156.731
114.149 156.731
114.149 156.731
114.515 157.231
114.515 157.231
114.515 157.231
114.698 157.481
114.881 157.731
114.881 157.731
115.247 158.231
115.247 158.231
115.247 158.231
115.613 158.731
115.613 158.731
115.613 158.731
115.979 159.231
115.979 159.231
115.979 159.231
116.345 159.731
116.345 159.731
116.345 159.731
116.71 160.231
116.71 160.231
116.71 160.231
116.893 160.481
117.076 160.731
117.259 160.981
117.442 161.231
117.808 161.731
118.174 162.231
118.54 162.731
118.906 163.231
119.088 163.481
119.271 163.731
119.454 163.981
119.637 164.231
119.82 164.481
120.003 164.731
120.003 164.731
120.003 164.731
120.003 164.731
120.186 164.981
120.369 165.231
120.369 165.231
120.369 165.231
120.369 165.231
120.735 165.731
120.735 165.731
120.735 165.731
120.735 165.731
121.101 166.231
121.101 166.231
121.101 166.231
121.101 166.231
121.466 166.731
121.466 166.731
121.466 166.731
121.832 167.231
121.832 167.231
121.832 167.231
122.015 167.481
122.198 167.731
122.198 167.731
122.198 167.731
122.381 167.981
122.564 168.231
122.93 168.731
122.93 168.731
123.296 169.231
123.662 169.731
124.027 170.231
124.393 170.731
124.759 171.231
125.125 171.731
125.491 172.231
125.857 172.731
125.857 172.731
126.223 173.231
126.223 173.231
126.588 173.731
126.588 173.731
126.954 174.231
126.954 174.231
127.32 174.731
127.32 174.731
127.686 175.231
127.686 175.231
128.052 175.731
128.052 175.731
128.418 176.231
128.418 176.231
128.784 176.731
128.784 176.731
129.149 177.231
129.149 177.231
129.515 177.731
129.515 177.731
129.881 178.231
129.881 178.231
130.247 178.731
130.247 178.731
130.613 179.231
130.613 179.231
130.796 179.481
130.979 179.731
130.979 179.731
131.162 179.981
131.345 180.231
131.345 180.231
131.71 180.731
131.71 180.731
131.71 180.731
132.076 181.231
132.076 181.231
132.076 181.231
132.442 181.731
132.442 181.731
132.442 181.731
132.808 182.231
132.808 182.231
132.808 182.231
133.174 182.731
133.174 182.731
133.54 183.231
133.54 183.231
133.723 183.481
133.905 183.731
133.905 183.731
134.088 183.981
134.271 184.231
134.271 184.231
134.637 184.731
135.003 185.231
135.003 185.231
135.369 185.731
135.369 185.731
135.735 186.231
135.735 186.231
136.101 186.731
136.466 187.231
136.649 187.481
136.832 187.731
137.198 188.231
137.564 188.731
137.564 188.731
137.93 189.231
137.93 189.231
138.296 189.731
138.296 189.731
138.662 190.231
138.662 190.231
139.027 190.731
139.027 190.731
139.393 191.231
139.393 191.231
139.576 191.481
139.759 191.731
139.759 191.731
139.942 191.981
140.125 192.231
140.125 192.231
140.491 192.731
140.857 193.231
141.223 193.731
141.588 194.231
141.954 194.731
142.32 195.231
142.686 195.731
143.052 196.231
143.418 196.731
143.418 196.731
143.784 197.231
143.784 197.231
144.149 197.731
144.149 197.731
144.515 198.231
144.515 198.231
144.881 198.731
144.881 198.731
145.247 199.231
145.247 199.231
145.613 199.731
145.613 199.731
145.979 200.231
145.979 200.231
146.344 200.731
146.68 201.231
146.98 201.731
147.31 202.231
147.676 202.731
148.042 203.231
148.408 203.731
148.774 204.231
149.14 204.731
149.505 205.231
149.871 205.731
150.237 206.231
150.603 206.731
150.969 207.231
151.335 207.731
151.701 208.231
152.066 208.731
152.066 208.731
152.432 209.231
152.432 209.231
152.798 209.731
152.798 209.731
153.164 210.231
153.164 210.231
153.53 210.731
153.53 210.731
153.896 211.231
153.896 211.231
154.262 211.731
154.262 211.731
154.627 212.231
154.627 212.231
154.993 212.731
155.359 213.231
155.725 213.731
156.091 214.231
156.091 214.231
156.457 214.731
156.823 215.231
157.188 215.731
157.554 216.231
157.92 216.731
157.92 216.731
158.285 217.231
158.285 217.231
158.649 217.731
158.649 217.731
159.012 218.231
159.012 218.231
159.012 218.231
159.376 218.731
159.376 218.731
159.739 219.231
159.739 219.231
160.103 219.731
160.103 219.731
160.467 220.231
160.83 220.731
160.83 220.731
161.194 221.231
161.558 221.731
161.921 222.231
162.285 222.731
162.649 223.231
163.012 223.731
163.376 224.231
163.739 224.731
163.739 224.731
164.103 225.231
164.103 225.231
164.467 225.731
164.467 225.731
164.83 226.231
164.83 226.231
164.83 226.231
165.194 226.731
165.194 226.731
165.558 227.231
165.558 227.231
165.921 227.731
165.921 227.731
166.285 228.231
166.285 228.231
166.649 228.731
167.012 229.231
167.376 229.731
167.739 230.231
168.103 230.731
168.467 231.231
168.83 231.731
169.194 232.231
169.558 232.731
169.558 232.731
169.921 233.231
169.921 233.231
170.285 233.731
170.285 233.731
170.649 234.231
170.649 234.231
171.012 234.731
171.012 234.731
171.376 235.231
171.376 235.231
171.736 235.727
171.739 235.731
172.103 236.231
172.467 236.731
172.467 236.731
172.83 237.231
173.194 237.731
173.558 238.231
173.921 238.731
174.285 239.231
174.649 239.731
175.012 240.231
175.376 240.731
175.376 240.731
175.739 241.231
175.739 241.231
176.103 241.731
176.103 241.731
176.467 242.231
176.467 242.231
176.467 242.231
176.83 242.731
176.83 242.731
177.194 243.231
177.194 243.231
177.558 243.731
177.558 243.731
177.921 244.231
177.921 244.231
178.285 244.731
178.649 245.231
179.012 245.731
179.376 246.231
179.739 246.731
180.103 247.231
180.467 247.731
180.83 248.231
181.194 248.731
181.194 248.731
181.558 249.231
181.558 249.231
181.921 249.731
181.921 249.731
182.285 250.231
182.285 250.231
182.649 250.731
182.649 250.731
183.012 251.231
183.012 251.231
183.376 251.731
183.376 251.731
183.739 252.231
183.739 252.231
184.103 252.731
184.467 253.231
184.83 253.731
185.194 254.231
185.558 254.731
185.922 255.231
185.922 255.231
186.288 255.731
186.654 256.231
187.02 256.731
187.02 256.731
187.386 257.231
187.386 257.231
187.752 257.731
187.752 257.731
188.117 258.231
188.117 258.231
188.483 258.731
188.483 258.731
188.849 259.231
188.849 259.231
189.215 259.731
189.215 259.731
189.581 260.231
189.581 260.231
189.764 260.481
189.947 260.731
190.13 260.981
190.313 261.231
190.678 261.731
191.044 262.231
191.41 262.731
191.776 263.231
191.959 263.481
192.142 263.731
192.325 263.981
192.508 264.231
192.691 264.481
192.874 264.731
192.874 264.731
193.056 264.981
193.239 265.231
193.239 265.231
193.605 265.731
193.605 265.731
193.971 266.231
193.971 266.231
194.337 266.731
194.337 266.731
194.703 267.231
194.703 267.231
194.886 267.481
195.069 267.731
195.069 267.731
195.252 267.981
195.395 268.177
195.773 268.694
195.8 268.731
196.16 269.223
196.505 269.694
196.915 270.254
197.245 270.706
197.611 271.206
197.995 271.731
198.377 272.252
198.727 272.731
198.745 272.756
199.084 273.217
199.095 273.231
199.435 273.69
199.465 273.731
199.836 274.231
199.845 274.244
200.175 274.69
200.206 274.731
200.533 275.173
200.577 275.231
200.936 275.717
200.947 275.731
201.293 276.198
201.317 276.231
201.648 276.677
201.688 276.731
202.035 277.2
202.058 277.231
202.394 277.685
202.428 277.731
202.793 278.223
202.799 278.231
203.14 278.692
203.506 279.185
203.873 279.681
204.219 280.148
204.62 280.69
204.651 280.731
204.651 280.731
204.984 281.181
205.021 281.231
205.021 281.231
205.354 281.681
205.391 281.731
205.391 281.731
205.734 282.196
205.76 282.231
205.76 282.231
206.066 282.65
206.126 282.731
206.472 283.204
206.473 283.206
206.491 283.231
206.827 283.69
206.857 283.731
207.168 284.156
207.223 284.231
207.555 284.685
207.895 285.15
208.293 285.694
208.65 286.181
208.658 286.192
209.058 286.74
209.382 287.181
209.752 287.688
209.757 287.694
210.122 288.194
210.502 288.712
210.516 288.731
210.845 289.181
210.882 289.231
211.214 289.685
211.247 289.731
211.598 290.21
211.604 290.219
211.613 290.231
211.965 290.712
211.979 290.731
212.29 291.156
212.345 291.231
212.345 291.231
212.664 291.667
212.711 291.731
213.023 292.158
213.077 292.231
213.38 292.646
213.776 293.188
214.138 293.681
214.513 294.194
214.886 294.704
215.232 295.177
215.572 295.642
215.93 296.131
216.321 296.665
216.369 296.731
216.369 296.731
216.702 297.185
216.735 297.231
216.735 297.231
217.054 297.667
217.101 297.731
217.101 297.731
217.467 298.231
217.467 298.231
217.47 298.235
217.473 298.24
217.481 298.25
217.828 298.725
217.833 298.731
218.144 299.156
218.199 299.231
218.523 299.675
218.565 299.731
218.898 300.188
218.93 300.231
219.287 300.719
219.626 301.181
219.97 301.652
220.4 302.24
220.837 302.837
221.365 303.558
221.935 304.337
223.447 306.404
223.537 306.527
223.61 306.627
223.667 306.704
223.744 306.81
223.836 306.935
