2.38 2.975
2.44667 3.05833
2.58 3.225
2.77 3.4625
2.77167 3.46458
2.77333 3.46667
2.77833 3.47292
2.78 3.475
2.78 3.475
3.14 3.925
3.145 3.93125
3.535 4.41875
3.545 4.43125
3.545 4.43125
3.905 4.88125
3.945 4.93125
4.31167 5.38958
4.32167 5.40208
4.345 5.43125
5.09167 6.36458
5.67333 7.09167
5.715 7.14375
5.76833 7.21042
5.84 7.3
5.90167 7.37708
5.905 7.38125
5.91333 7.39167
5.98333 7.47917
6.345 7.93125
6.65 8.3125
6.745 8.43125
6.745 8.43125
7.13 8.9125
7.145 8.93125
7.515 9.39375
7.52333 9.40417
7.545 9.43125
8.285 10.3562
9.08333 11.3542
9.09167 11.3646
9.10333 11.3792
9.10667 11.3833
9.12167 11.4021
9.13833 11.4229
9.14333 11.4292
9.52167 11.9021
9.545 11.9313
9.545 11.9313
9.90333 12.3792
9.945 12.4313
10.3117 12.8896
10.345 12.9313
10.7417 13.4271
10.745 13.4313
10.745 13.4313
10.7483 13.4354
11.1317 13.9146
11.5333 14.4167
11.545 14.4313
12.145 15.1812
12.225 15.2812
12.2767 15.3458
12.2917 15.3646
12.2933 15.3667
12.345 15.4313
12.345 15.4313
12.7033 15.8792
13.0383 16.2979
13.145 16.4312
13.145 16.4312
13.455 16.8188
13.94 17.425
13.9433 17.4292
13.945 17.4312
13.945 17.4312
14.7133 18.3917
15.545 19.4312
15.545 19.4312
15.945 19.9312
16.145 20.1812
16.345 20.4312
16.345 20.4312
16.745 20.9312
16.745 20.9312
17.145 21.4312
17.145 21.4312
17.545 21.9312
17.945 22.4312
17.945 22.4312
18.345 22.9312
18.345 22.9312
18.745 23.4312
18.745 23.4312
19.145 23.9312
19.345 24.1812
19.545 24.4312
19.545 24.4312
19.945 24.9312
19.945 24.9312
20.345 25.4312
20.345 25.4312
20.745 25.9312
21.145 26.4312
21.945 27.4312
21.945 27.4312
22.345 27.9312
22.545 28.1812
22.745 28.4312
22.745 28.4312
23.145 28.9312
23.145 28.9312
23.545 29.4312
23.545 29.4312
23.945 29.9312
24.345 30.4312
24.345 30.4312
24.745 30.9312
24.745 30.9312
25.145 31.4312
25.145 31.4312
25.545 31.9312
25.745 32.1812
25.945 32.4312
26.145 32.6812
26.345 32.9312
26.745 33.4312
26.745 33.4312
27.145 33.9312
27.545 34.4312
27.945 34.9312
28.345 35.4312
28.345 35.4312
28.745 35.9312
28.945 36.1812
29.145 36.4312
29.145 36.4312
29.545 36.9312
29.545 36.9312
29.945 37.4312
29.945 37.4312
30.345 37.9312
30.745 38.4312
30.745 38.4312
31.1183 38.8979
31.145 38.9312
31.545 39.4312
31.545 39.4312
31.945 39.9312
32.145 40.1812
32.345 40.4312
32.345 40.4312
32.745 40.9312
32.745 40.9312
33.145 41.4312
33.145 41.4312
33.545 41.9313
33.945 42.4312
33.945 42.4312
34.345 42.9312
34.345 42.9312
34.745 43.4312
34.745 43.4312
35.145 43.9312
35.345 44.1812
35.545 44.4313
35.545 44.4313
35.945 44.9312
35.945 44.9312
36.345 45.4312
36.345 45.4312
36.745 45.9312
37.145 46.4312
37.145 46.4312
37.545 46.9313
37.545 46.9313
37.945 47.4312
37.945 47.4312
37.945 47.4312
37.945 47.4312
38.545 48.1813
38.745 48.4312
38.745 48.4312
38.745 48.4312
38.745 48.4312
39.145 48.9312
39.545 49.4313
39.545 49.4313
39.545 49.4313
39.545 49.4313
39.945 49.9312
40.345 50.4312
40.745 50.9312
41.145 51.4312
41.145 51.4312
41.145 51.4312
41.145 51.4312
41.545 51.9313
41.745 52.1812
41.945 52.4312
41.945 52.4312
42.345 52.9312
42.345 52.9312
42.745 53.4312
42.745 53.4312
43.145 53.9312
43.545 54.4313
43.545 54.4313
43.945 54.9312
43.945 54.9312
44.345 55.4312
44.345 55.4312
44.745 55.9312
44.945 56.1812
45.145 56.4312
45.145 56.4312
45.545 56.9313
45.545 56.9313
45.945 57.4312
45.945 57.4312
46.345 57.9312
46.745 58.4312
47.145 58.9312
47.545 59.4313
47.545 59.4313
47.945 59.9312
48.145 60.1812
48.345 60.4312
48.345 60.4312
48.745 60.9312
48.7717 60.9646
49.145 61.4312
49.145 61.4312
49.545 61.9313
49.945 62.4312
49.945 62.4312
50.345 62.9312
50.3717 62.9646
50.745 63.4312
50.745 63.4312
51.145 63.9312
51.345 64.1813
51.545 64.4313
51.545 64.4313
51.945 64.9313
51.945 64.9313
52.345 65.4313
52.345 65.4313
52.745 65.9313
53.145 66.4313
53.545 66.9313
53.945 67.4313
53.945 67.4313
54.345 67.9313
54.345 67.9313
54.545 68.1813
54.745 68.4313
54.745 68.4313
55.145 68.9313
55.145 68.9313
55.545 69.4313
55.545 69.4313
55.945 69.9313
56.345 70.4313
56.345 70.4313
56.7183 70.8979
56.745 70.9313
57.145 71.4313
57.145 71.4313
57.545 71.9313
57.745 72.1813
57.945 72.4313
57.945 72.4313
58.345 72.9313
58.345 72.9313
58.745 73.4313
58.745 73.4313
59.145 73.9313
59.545 74.4313
59.545 74.4313
59.945 74.9313
60.145 75.1813
60.345 75.4313
60.345 75.4313
60.745 75.9313
60.945 76.1813
61.145 76.4313
61.145 76.4313
61.545 76.9313
61.545 76.9313
61.945 77.4313
61.945 77.4313
62.345 77.9313
62.745 78.4313
62.745 78.4313
63.145 78.9313
63.145 78.9313
63.545 79.4313
63.545 79.4313
63.545 79.4313
63.945 79.9313
64.145 80.1813
64.345 80.4313
64.345 80.4313
64.745 80.9313
64.745 80.9313
65.145 81.4313
65.145 81.4313
65.145 81.4313
65.545 81.9313
65.945 82.4313
65.945 82.4313
66.145 82.6813
66.345 82.9313
66.345 82.9313
66.545 83.1813
66.745 83.4313
66.745 83.4313
67.145 83.9313
67.345 84.1813
67.545 84.4313
67.545 84.4313
67.545 84.4313
67.945 84.9313
68.345 85.4313
68.345 85.4313
68.745 85.9313
69.145 86.4313
69.145 86.4313
69.145 86.4313
69.345 86.6813
69.545 86.9313
69.745 87.1813
69.945 87.4313
69.945 87.4313
69.945 87.4313
69.945 87.4313
70.345 87.9313
70.545 88.1813
70.745 88.4313
70.745 88.4313
70.745 88.4313
71.145 88.9313
71.145 88.9313
71.545 89.4313
71.545 89.4313
71.545 89.4313
71.545 89.4313
71.945 89.9313
72.345 90.4313
72.345 90.4313
72.345 90.4313
72.945 91.1813
73.145 91.4313
73.145 91.4313
73.145 91.4313
73.345 91.6813
73.745 92.1813
73.945 92.4313
73.945 92.4313
73.945 92.4313
74.345 92.9313
74.745 93.4313
74.745 93.4313
74.745 93.4313
74.745 93.4313
75.145 93.9313
75.545 94.4313
75.545 94.4313
75.545 94.4313
75.945 94.9313
76.345 95.4313
76.345 95.4313
76.345 95.4313
76.345 95.4313
76.745 95.9313
76.945 96.1813
77.145 96.4313
77.145 96.4313
77.145 96.4313
77.545 96.9313
77.945 97.4313
77.945 97.4313
77.945 97.4313
77.945 97.4313
78.345 97.9313
78.745 98.4313
78.745 98.4313
78.745 98.4313
78.945 98.6813
78.945 98.6813
79.145 98.9313
79.145 98.9313
79.145 98.9313
79.345 99.1813
79.545 99.4313
79.545 99.4313
79.545 99.4313
79.545 99.4313
79.945 99.9313
80.145 100.181
80.345 100.431
80.345 100.431
80.345 100.431
80.745 100.931
81.145 101.431
81.145 101.431
81.145 101.431
81.145 101.431
81.545 101.931
81.945 102.431
81.945 102.431
81.945 102.431
82.145 102.681
82.345 102.931
82.545 103.181
82.745 103.431
82.745 103.431
82.745 103.431
82.745 103.431
83.145 103.931
83.345 104.181
83.545 104.431
83.545 104.431
83.545 104.431
83.945 104.931
83.945 104.931
84.345 105.431
84.345 105.431
84.345 105.431
84.345 105.431
84.745 105.931
84.745 105.931
85.145 106.431
85.145 106.431
85.145 106.431
85.545 106.931
85.745 107.181
85.945 107.431
85.945 107.431
85.945 107.431
86.345 107.931
86.745 108.431
86.745 108.431
86.745 108.431
87.345 109.181
87.545 109.431
87.545 109.431
87.545 109.431
87.545 109.431
87.945 109.931
87.945 109.931
88.345 110.431
88.345 110.431
88.745 110.931
88.945 111.181
89.145 111.431
89.145 111.431
89.145 111.431
89.145 111.431
89.545 111.931
89.945 112.431
89.945 112.431
89.945 112.431
90.345 112.931
90.745 113.431
90.745 113.431
90.745 113.431
90.745 113.431
91.145 113.931
91.345 114.181
91.545 114.431
91.545 114.431
91.545 114.431
91.545 114.431
91.945 114.931
92.145 115.181
92.145 115.181
92.2767 115.346
92.345 115.431
92.345 115.431
92.345 115.431
92.755 115.944
93.1433 116.429
93.145 116.431
93.545 116.931
93.545 116.931
93.5683 116.96
93.745 117.181
93.945 117.431
93.945 117.431
93.9583 117.448
94.345 117.931
94.7083 118.385
94.745 118.431
95.115 118.894
95.145 118.931
95.145 118.931
95.345 119.181
95.535 119.419
95.545 119.431
95.545 119.431
95.945 119.931
96.0267 120.033
96.345 120.431
96.355 120.444
96.725 120.906
96.745 120.931
96.93 121.162
96.99 121.237
97.0833 121.354
97.1083 121.385
97.145 121.431
97.9133 122.392
97.945 122.431
98.145 122.681
98.345 122.931
98.545 123.181
98.725 123.406
98.7317 123.415
98.7333 123.417
98.745 123.431
98.745 123.431
99.1283 123.91
99.145 123.931
99.345 124.181
99.4983 124.373
99.545 124.431
99.545 124.431
99.8917 124.865
99.945 124.931
99.945 124.931
100.295 125.369
100.298 125.373
100.307 125.383
100.345 125.431
100.345 125.431
100.66 125.825
100.745 125.931
100.745 125.931
101.072 126.34
101.145 126.431
101.145 126.431
101.345 126.681
101.465 126.831
101.903 127.379
101.945 127.431
101.945 127.431
102.345 127.931
102.745 128.431
103.145 128.931
103.545 129.431
105.145 131.431
105.145 131.431
105.145 131.431
105.145 131.431
105.545 131.931
105.745 132.181
105.945 132.431
105.945 132.431
106.345 132.931
106.345 132.931
106.745 133.431
106.745 133.431
107.145 133.931
107.545 134.431
107.545 134.431
107.945 134.931
107.945 134.931
108.345 135.431
108.345 135.431
108.745 135.931
108.945 136.181
109.145 136.431
109.145 136.431
109.545 136.931
109.545 136.931
109.945 137.431
109.945 137.431
110.345 137.931
110.745 138.431
111.145 138.931
111.545 139.431
111.545 139.431
111.945 139.931
112.145 140.181
112.345 140.431
112.345 140.431
112.745 140.931
112.772 140.965
113.145 141.431
113.145 141.431
113.545 141.931
113.945 142.431
113.945 142.431
114.345 142.931
114.372 142.965
114.745 143.431
114.745 143.431
115.145 143.931
115.345 144.181
115.545 144.431
115.545 144.431
115.945 144.931
115.945 144.931
116.345 145.431
116.345 145.431
116.745 145.931
117.145 146.431
117.545 146.931
117.945 147.431
117.945 147.431
118.345 147.931
118.345 147.931
118.545 148.181
118.745 148.431
118.745 148.431
119.145 148.931
119.145 148.931
119.545 149.431
119.545 149.431
119.945 149.931
120.345 150.431
120.345 150.431
120.718 150.898
120.745 150.931
121.145 151.431
121.145 151.431
121.545 151.931
121.745 152.181
121.945 152.431
121.945 152.431
122.345 152.931
122.345 152.931
122.745 153.431
122.745 153.431
123.145 153.931
123.545 154.431
123.545 154.431
123.945 154.931
124.145 155.181
124.345 155.431
124.345 155.431
124.745 155.931
124.945 156.181
125.145 156.431
125.145 156.431
125.545 156.931
125.545 156.931
125.945 157.431
125.945 157.431
126.345 157.931
126.745 158.431
126.745 158.431
127.145 158.931
127.145 158.931
127.545 159.431
127.545 159.431
127.545 159.431
127.945 159.931
128.145 160.181
128.345 160.431
128.345 160.431
128.745 160.931
128.745 160.931
129.145 161.431
129.145 161.431
129.145 161.431
129.545 161.931
129.945 162.431
129.945 162.431
130.145 162.681
130.345 162.931
130.345 162.931
130.545 163.181
130.745 163.431
130.745 163.431
131.145 163.931
131.345 164.181
131.545 164.431
131.545 164.431
131.545 164.431
131.945 164.931
132.345 165.431
132.345 165.431
132.745 165.931
133.145 166.431
133.145 166.431
133.145 166.431
133.345 166.681
133.545 166.931
133.745 167.181
133.945 167.431
133.945 167.431
133.945 167.431
133.945 167.431
134.345 167.931
134.545 168.181
134.745 168.431
134.745 168.431
134.745 168.431
135.145 168.931
135.145 168.931
135.545 169.431
135.545 169.431
135.545 169.431
135.545 169.431
135.945 169.931
136.345 170.431
136.345 170.431
136.345 170.431
136.945 171.181
137.145 171.431
137.145 171.431
137.145 171.431
137.345 171.681
137.745 172.181
137.945 172.431
137.945 172.431
137.945 172.431
138.345 172.931
138.745 173.431
138.745 173.431
138.745 173.431
138.745 173.431
139.145 173.931
139.545 174.431
139.545 174.431
139.545 174.431
139.945 174.931
140.345 175.431
140.345 175.431
140.345 175.431
140.345 175.431
140.745 175.931
140.945 176.181
141.145 176.431
141.145 176.431
141.145 176.431
141.545 176.931
141.945 177.431
141.945 177.431
141.945 177.431
141.945 177.431
142.345 177.931
142.745 178.431
142.745 178.431
142.745 178.431
142.945 178.681
142.945 178.681
143.145 178.931
143.145 178.931
143.145 178.931
143.345 179.181
143.545 179.431
143.545 179.431
143.545 179.431
143.545 179.431
143.945 179.931
144.145 180.181
144.345 180.431
144.345 180.431
144.345 180.431
144.745 180.931
145.145 181.431
145.145 181.431
145.145 181.431
145.145 181.431
145.545 181.931
145.945 182.431
145.945 182.431
145.945 182.431
146.145 182.681
146.345 182.931
146.545 183.181
146.745 183.431
146.745 183.431
146.745 183.431
146.745 183.431
147.145 183.931
147.345 184.181
147.545 184.431
147.545 184.431
147.545 184.431
147.945 184.931
147.945 184.931
148.345 185.431
148.345 185.431
148.345 185.431
148.345 185.431
148.745 185.931
148.745 185.931
149.145 186.431
149.145 186.431
149.145 186.431
149.745 187.181
149.945 187.431
149.945 187.431
149.945 187.431
150.345 187.931
150.745 188.431
150.745 188.431
150.745 188.431
151.345 189.181
151.545 189.431
151.545 189.431
151.545 189.431
151.545 189.431
151.945 189.931
151.945 189.931
152.345 190.431
152.345 190.431
152.745 190.931
152.945 191.181
153.145 191.431
153.145 191.431
153.145 191.431
153.145 191.431
153.545 191.931
153.945 192.431
153.945 192.431
153.945 192.431
154.345 192.931
154.745 193.431
154.745 193.431
154.745 193.431
154.745 193.431
155.145 193.931
155.345 194.181
155.545 194.431
155.545 194.431
155.545 194.431
155.545 194.431
155.745 194.681
155.945 194.931
155.945 194.931
156.145 195.181
156.345 195.431
156.345 195.431
156.345 195.431
156.345 195.431
156.345 195.431
156.745 195.931
157.145 196.431
157.518 196.898
157.545 196.931
157.545 196.931
157.945 197.431
157.945 197.431
157.945 197.431
157.945 197.431
158.745 198.431
158.745 198.431
159.545 199.431
159.545 199.431
159.945 199.931
160.345 200.431
160.345 200.431
160.745 200.931
160.745 200.931
161.145 201.431
161.145 201.431
161.545 201.931
161.945 202.431
161.945 202.431
161.945 202.431
162.745 203.431
162.745 203.431
162.745 203.431
162.745 203.431
162.745 203.431
162.745 203.431
163.145 203.931
163.545 204.431
163.545 204.431
163.945 204.931
164.345 205.431
164.345 205.431
164.345 205.431
164.345 205.431
164.745 205.931
165.145 206.431
165.145 206.431
165.145 206.431
165.545 206.931
165.945 207.431
165.945 207.431
165.945 207.431
165.945 207.431
166.345 207.931
166.545 208.181
166.745 208.431
166.745 208.431
167.145 208.931
167.145 208.931
167.545 209.431
167.545 209.431
167.545 209.431
167.545 209.431
167.945 209.931
168.345 210.431
168.345 210.431
168.345 210.431
168.345 210.431
168.545 210.681
168.745 210.931
168.945 211.181
169.145 211.431
169.145 211.431
169.145 211.431
169.145 211.431
169.345 211.681
169.745 212.181
169.945 212.431
170.345 212.931
170.545 213.181
170.745 213.431
170.745 213.431
170.745 213.431
170.945 213.681
171.545 214.431
171.745 214.681
171.945 214.931
172.145 215.181
172.145 215.181
172.345 215.431
172.345 215.431
172.345 215.431
172.545 215.681
172.945 216.181
173.145 216.431
173.545 216.931
173.945 217.431
173.945 217.431
173.945 217.431
173.945 217.431
174.745 218.431
175.345 219.181
175.545 219.431
175.545 219.431
175.945 219.931
176.145 220.181
176.345 220.431
176.345 220.431
176.345 220.431
176.745 220.931
177.145 221.431
177.145 221.431
177.945 222.431
177.945 222.431
177.945 222.431
178.345 222.931
178.745 223.431
178.745 223.431
178.745 223.431
178.745 223.431
179.345 224.181
179.345 224.181
179.545 224.431
179.545 224.431
179.945 224.931
180.345 225.431
180.345 225.431
180.345 225.431
180.345 225.431
180.745 225.931
181.145 226.431
181.145 226.431
181.145 226.431
181.345 226.681
181.545 226.931
181.545 226.931
181.745 227.181
181.945 227.431
181.945 227.431
181.945 227.431
181.945 227.431
182.345 227.931
182.545 228.181
182.745 228.431
182.745 228.431
182.745 228.431
183.145 228.931
183.545 229.431
183.545 229.431
183.545 229.431
183.545 229.431
183.945 229.931
184.345 230.431
184.345 230.431
184.345 230.431
184.545 230.681
184.745 230.931
184.945 231.181
185.145 231.431
185.145 231.431
185.145 231.431
185.145 231.431
185.545 231.931
185.745 232.181
185.945 232.431
185.945 232.431
185.945 232.431
186.345 232.931
186.345 232.931
186.745 233.431
186.745 233.431
186.745 233.431
186.745 233.431
187.145 233.931
187.145 233.931
187.545 234.431
187.545 234.431
187.545 234.431
188.145 235.181
188.345 235.431
188.345 235.431
188.345 235.431
188.745 235.931
189.145 236.431
189.145 236.431
189.145 236.431
189.745 237.181
189.945 237.431
189.945 237.431
189.945 237.431
189.945 237.431
190.345 237.931
190.345 237.931
190.745 238.431
190.745 238.431
191.145 238.931
191.345 239.181
191.545 239.431
191.545 239.431
191.545 239.431
191.545 239.431
191.945 239.931
192.345 240.431
192.345 240.431
192.345 240.431
192.745 240.931
193.145 241.431
193.145 241.431
193.145 241.431
193.145 241.431
193.545 241.931
193.745 242.181
193.945 242.431
193.945 242.431
193.945 242.431
193.945 242.431
194.345 242.931
194.745 243.431
194.745 243.431
194.745 243.431
194.745 243.431
195.145 243.931
195.545 244.431
195.545 244.431
195.945 244.931
196.345 245.431
196.345 245.431
196.345 245.431
197.145 246.431
197.145 246.431
197.145 246.431
197.145 246.431
197.145 246.431
197.345 246.681
197.545 246.931
197.745 247.181
197.945 247.431
197.945 247.431
198.345 247.931
198.545 248.181
198.745 248.431
198.745 248.431
198.745 248.431
199.145 248.931
199.545 249.431
199.545 249.431
199.918 249.898
200.345 250.431
200.345 250.431
200.345 250.431
200.545 250.681
200.745 250.931
200.945 251.181
201.145 251.431
201.145 251.431
201.145 251.431
201.145 251.431
201.545 251.931
201.745 252.181
201.945 252.431
201.945 252.431
201.945 252.431
202.345 252.931
202.345 252.931
202.745 253.431
202.745 253.431
202.745 253.431
202.745 253.431
203.145 253.931
203.545 254.431
203.545 254.431
203.545 254.431
204.145 255.181
204.345 255.431
204.345 255.431
204.345 255.431
204.545 255.681
204.945 256.181
205.145 256.431
205.145 256.431
205.145 256.431
205.545 256.931
205.945 257.431
205.945 257.431
205.945 257.431
205.945 257.431
206.345 257.931
206.745 258.431
206.745 258.431
206.745 258.431
207.145 258.931
207.545 259.431
207.545 259.431
207.545 259.431
207.545 259.431
207.945 259.931
208.145 260.181
208.345 260.431
208.345 260.431
208.345 260.431
208.745 260.931
209.145 261.431
209.145 261.431
209.145 261.431
209.145 261.431
209.545 261.931
209.945 262.431
209.945 262.431
209.945 262.431
210.145 262.681
210.145 262.681
210.345 262.931
210.345 262.931
210.345 262.931
210.545 263.181
210.745 263.431
210.745 263.431
210.745 263.431
210.745 263.431
211.145 263.931
211.345 264.181
211.545 264.431
211.545 264.431
211.545 264.431
211.945 264.931
212.345 265.431
212.345 265.431
212.345 265.431
212.345 265.431
212.745 265.931
213.145 266.431
213.145 266.431
213.145 266.431
213.345 266.681
213.545 266.931
213.745 267.181
213.945 267.431
213.945 267.431
213.945 267.431
213.945 267.431
214.345 267.931
214.545 268.181
214.745 268.431
214.745 268.431
214.745 268.431
215.145 268.931
215.145 268.931
215.545 269.431
215.545 269.431
215.545 269.431
215.545 269.431
215.945 269.931
215.945 269.931
216.345 270.431
216.345 270.431
216.345 270.431
216.945 271.181
217.145 271.431
217.145 271.431
217.145 271.431
217.545 271.931
217.945 272.431
217.945 272.431
217.945 272.431
218.545 273.181
218.745 273.431
218.745 273.431
218.745 273.431
218.745 273.431
219.145 273.931
219.145 273.931
219.545 274.431
219.545 274.431
219.945 274.931
220.145 275.181
220.345 275.431
220.345 275.431
220.345 275.431
220.345 275.431
220.745 275.931
221.145 276.431
221.145 276.431
221.145 276.431
221.545 276.931
221.945 277.431
221.945 277.431
221.945 277.431
221.945 277.431
222.345 277.931
222.545 278.181
222.745 278.431
222.745 278.431
222.745 278.431
222.745 278.431
223.145 278.931
223.545 279.431
223.545 279.431
223.545 279.431
223.545 279.431
223.945 279.931
224.345 280.431
224.745 280.931
224.745 280.931
225.145 281.431
225.145 281.431
225.145 281.431
225.945 282.431
225.945 282.431
226.345 282.931
226.545 283.181
226.745 283.431
226.745 283.431
226.745 283.431
226.745 283.431
227.145 283.931
227.545 284.431
227.545 284.431
227.545 284.431
227.945 284.931
228.545 285.681
229.145 286.431
231.905 289.881
232.745 290.931
232.78 290.975
232.847 291.058
232.98 291.225
233.045 291.306
233.18 291.475
233.18 291.475
233.478 291.848
233.528 291.91
233.545 291.931
233.942 292.427
233.945 292.431
233.945 292.431
234.335 292.919
234.345 292.931
234.725 293.406
234.745 293.431
235.49 294.363
236.115 295.144
236.168 295.21
236.24 295.3
236.243 295.304
236.383 295.479
236.745 295.931
237.145 296.431
237.145 296.431
237.525 296.906
237.545 296.931
237.932 297.415
237.945 297.431
238.687 298.358
239.483 299.354
239.485 299.356
239.492 299.365
239.538 299.423
239.543 299.429
239.853 299.817
239.945 299.931
239.945 299.931
240.288 300.36
240.345 300.431
240.688 300.86
240.745 300.931
241.133 301.417
241.145 301.431
241.145 301.431
241.897 302.371
241.945 302.431
242.545 303.181
242.625 303.281
242.707 303.383
242.745 303.431
242.745 303.431
243.092 303.865
243.542 304.427
243.545 304.431
243.545 304.431
243.875 304.844
244.308 305.385
244.345 305.431
244.345 305.431
245.142 306.427
245.945 307.431
245.945 307.431
245.945 307.431
245.967 307.458
246.525 308.156
246.938 308.673
