0.16875 0.16875
0.710417 0.710417
2.32917 2.32917
4.10417 4.10417
4.14167 4.14167
4.14167 4.14167
4.14167 4.14167
4.14167 4.14167
4.39167 4.39167
4.39167 4.39167
4.64167 4.64167
4.64167 4.64167
4.89167 4.89167
4.89167 4.89167
5.14167 5.14167
5.14167 5.14167
5.64167 5.64167
6.14167 6.14167
6.14167 6.14167
6.39167 6.39167
6.64167 6.64167
6.89167 6.89167
7.14167 7.14167
7.89167 7.89167
8.14167 8.14167
8.14167 8.14167
8.14167 8.14167
8.14167 8.14167
8.39167 8.39167
8.39167 8.39167
8.64167 8.64167
8.64167 8.64167
8.89167 8.89167
8.89167 8.89167
9.14167 9.14167
9.64167 9.64167
10.1417 10.1417
10.1417 10.1417
10.1417 10.1417
10.1417 10.1417
10.3917 10.3917
10.6417 10.6417
11.1417 11.1417
11.1417 11.1417
11.1417 11.1417
11.1417 11.1417
11.3917 11.3917
11.3917 11.3917
11.6417 11.6417
11.6417 11.6417
11.8917 11.8917
11.8917 11.8917
12.1417 12.1417
12.1417 12.1417
12.1417 12.1417
12.1417 12.1417
12.3917 12.3917
12.3917 12.3917
12.6417 12.6417
12.6417 12.6417
12.8917 12.8917
12.8917 12.8917
13.1417 13.1417
13.1417 13.1417
13.6417 13.6417
14.1417 14.1417
14.1417 14.1417
14.1417 14.1417
14.3917 14.3917
14.6417 14.6417
14.6417 14.6417
14.8917 14.8917
15.1417 15.1417
15.1417 15.1417
15.8063 15.8063
15.9271 15.9271
16.0104 16.0104
16.1396 16.1396
16.1417 16.1417
16.1417 16.1417
16.3917 16.3917
16.6417 16.6417
16.8917 16.8917
17.3917 17.3917
17.8854 17.8854
17.975 17.975
18.0729 18.0729
18.1417 18.1417
18.1417 18.1417
18.3917 18.3917
18.6417 18.6417
18.8917 18.8917
19.1417 19.1417
19.6417 19.6417
20.1417 20.1417
20.1417 20.1417
20.1417 20.1417
20.6417 20.6417
21.1417 21.1417
21.1417 21.1417
21.6417 21.6417
22.1417 22.1417
22.1417 22.1417
22.1417 22.1417
22.6417 22.6417
23.1417 23.1417
23.8917 23.8917
24.1417 24.1417
24.1417 24.1417
24.1417 24.1417
24.3917 24.3917
24.6417 24.6417
24.6417 24.6417
24.8917 24.8917
25.1417 25.1417
25.1417 25.1417
25.3917 25.3917
25.6417 25.6417
25.6417 25.6417
26.1417 26.1417
26.1417 26.1417
26.1417 26.1417
26.1417 26.1417
26.6417 26.6417
27.1417 27.1417
27.3917 27.3917
27.6417 27.6417
27.6417 27.6417
28.1417 28.1417
28.1417 28.1417
28.1417 28.1417
28.1417 28.1417
28.6417 28.6417
29.1417 29.1417
29.6417 29.6417
29.6417 29.6417
30.1417 30.1417
30.1417 30.1417
30.1417 30.1417
30.1417 30.1417
30.6417 30.6417
31.1417 31.1417
31.8917 31.8917
32.1417 32.1417
32.1417 32.1417
32.1417 32.1417
32.3917 32.3917
32.3917 32.3917
32.6417 32.6417
32.6417 32.6417
32.8917 32.8917
32.8917 32.8917
33.1417 33.1417
33.1417 33.1417
33.3917 33.3917
33.6417 33.6417
33.8917 33.8917
34.1417 34.1417
34.3917 34.3917
34.3917 34.3917
34.6417 34.6417
34.6417 34.6417
34.8917 34.8917
34.8917 34.8917
35.1417 35.1417
35.1417 35.1417
35.1417 35.1417
35.3917 35.3917
35.6417 35.6417
35.6417 35.6417
36.1417 36.1417
36.1417 36.1417
36.1417 36.1417
36.1417 36.1417
36.6417 36.6417
36.6417 36.6417
37.1417 37.1417
37.1417 37.1417
37.6417 37.6417
37.8917 37.8917
38.1417 38.1417
38.1417 38.1417
38.3917 38.3917
38.3917 38.3917
38.6417 38.6417
38.6417 38.6417
38.8917 38.8917
39.1417 39.1417
39.6417 39.6417
39.8917 39.8917
40.1417 40.1417
40.1417 40.1417
40.1417 40.1417
40.1417 40.1417
40.3917 40.3917
40.3917 40.3917
40.6417 40.6417
40.6417 40.6417
40.8917 40.8917
40.8917 40.8917
41.1417 41.1417
41.1417 41.1417
41.6417 41.6417
41.8917 41.8917
42.1417 42.1417
42.1417 42.1417
42.1417 42.1417
42.1417 42.1417
42.3917 42.3917
42.3917 42.3917
42.6417 42.6417
42.8917 42.8917
43.1417 43.1417
43.1417 43.1417
43.1417 43.1417
43.3917 43.3917
43.6417 43.6417
43.6417 43.6417
43.6417 43.6417
44.1417 44.1417
44.1417 44.1417
44.1417 44.1417
44.1417 44.1417
44.1417 44.1417
44.3917 44.3917
44.6417 44.6417
45.1417 45.1417
45.6417 45.6417
46.1417 46.1417
46.1417 46.1417
46.1417 46.1417
46.1417 46.1417
46.1417 46.1417
46.3917 46.3917
46.3917 46.3917
46.6417 46.6417
47.1417 47.1417
47.6417 47.6417
47.8917 47.8917
47.8917 47.8917
48.1417 48.1417
48.1417 48.1417
48.1417 48.1417
48.1417 48.1417
48.3917 48.3917
48.3917 48.3917
48.6417 48.6417
48.6417 48.6417
48.8917 48.8917
48.8917 48.8917
49.1417 49.1417
49.1417 49.1417
49.8917 49.8917
50.1417 50.1417
50.1417 50.1417
50.3917 50.3917
50.3917 50.3917
50.6417 50.6417
50.6417 50.6417
50.6417 50.6417
50.8917 50.8917
50.8917 50.8917
51.1417 51.1417
51.1417 51.1417
51.1417 51.1417
51.3917 51.3917
51.6417 51.6417
51.6417 51.6417
51.8917 51.8917
52.1417 52.1417
52.1417 52.1417
52.1417 52.1417
52.1417 52.1417
52.1417 52.1417
52.1417 52.1417
52.3917 52.3917
52.6417 52.6417
52.8917 52.8917
53.3917 53.3917
53.3917 53.3917
53.6417 53.6417
53.6417 53.6417
53.8917 53.8917
53.8917 53.8917
54.1417 54.1417
54.1417 54.1417
54.1417 54.1417
54.1417 54.1417
54.6417 54.6417
54.6417 54.6417
54.8917 54.8917
54.8917 54.8917
55.1417 55.1417
55.3917 55.3917
55.6417 55.6417
55.6417 55.6417
55.6417 55.6417
55.8917 55.8917
56.1417 56.1417
56.1417 56.1417
56.1417 56.1417
56.1417 56.1417
56.6417 56.6417
56.6417 56.6417
56.8917 56.8917
57.1417 57.1417
57.1417 57.1417
57.3917 57.3917
57.6417 57.6417
57.8917 57.8917
58.1417 58.1417
58.1417 58.1417
58.1417 58.1417
58.1417 58.1417
58.1417 58.1417
58.1417 58.1417
58.3917 58.3917
58.3917 58.3917
58.6417 58.6417
58.6417 58.6417
58.8917 58.8917
58.8917 58.8917
59.1417 59.1417
59.1417 59.1417
59.3917 59.3917
59.6417 59.6417
59.6417 59.6417
59.6417 59.6417
59.8917 59.8917
60.1417 60.1417
60.1417 60.1417
60.1417 60.1417
60.1417 60.1417
60.3917 60.3917
60.3917 60.3917
60.6417 60.6417
60.6417 60.6417
60.8917 60.8917
60.8917 60.8917
61.1417 61.1417
61.1417 61.1417
61.1417 61.1417
61.3917 61.3917
61.6417 61.6417
61.6417 61.6417
61.8917 61.8917
62.1417 62.1417
62.1417 62.1417
62.1417 62.1417
62.1417 62.1417
62.1417 62.1417
62.3917 62.3917
62.3917 62.3917
62.6417 62.6417
62.8917 62.8917
63.1417 63.1417
63.3917 63.3917
63.6417 63.6417
63.6417 63.6417
63.8917 63.8917
64.1417 64.1417
64.1417 64.1417
64.1417 64.1417
64.3917 64.3917
64.3917 64.3917
64.6417 64.6417
64.6417 64.6417
64.8917 64.8917
64.8917 64.8917
65.3917 65.3917
65.6417 65.6417
65.6417 65.6417
65.9083 65.9083
66.1417 66.1417
66.1417 66.1417
66.1417 66.1417
66.1417 66.1417
66.3917 66.3917
66.3917 66.3917
66.6417 66.6417
66.6417 66.6417
66.8917 66.8917
66.8917 66.8917
67.1417 67.1417
67.3917 67.3917
67.6417 67.6417
67.6417 67.6417
67.6417 67.6417
67.8917 67.8917
68.1417 68.1417
68.1417 68.1417
68.1417 68.1417
68.1417 68.1417
68.3917 68.3917
68.3917 68.3917
68.6417 68.6417
68.6417 68.6417
68.8917 68.8917
68.8917 68.8917
69.1417 69.1417
69.1417 69.1417
69.1417 69.1417
69.1417 69.1417
69.1417 69.1417
69.3917 69.3917
69.6417 69.6417
69.6417 69.6417
69.8917 69.8917
70.1417 70.1417
70.1417 70.1417
70.1417 70.1417
70.1417 70.1417
70.3917 70.3917
70.6417 70.6417
70.6417 70.6417
70.8917 70.8917
70.8917 70.8917
71.1417 71.1417
71.3917 71.3917
71.6417 71.6417
71.6417 71.6417
71.6417 71.6417
71.8917 71.8917
72.1417 72.1417
72.1417 72.1417
72.1417 72.1417
72.1417 72.1417
72.3917 72.3917
72.6417 72.6417
72.6417 72.6417
72.8917 72.8917
72.8917 72.8917
73.1417 73.1417
73.3917 73.3917
73.3917 73.3917
73.6417 73.6417
73.8917 73.8917
73.8917 73.8917
74.1417 74.1417
74.1417 74.1417
74.1417 74.1417
74.1417 74.1417
74.1417 74.1417
74.1417 74.1417
74.3917 74.3917
74.3917 74.3917
74.6417 74.6417
74.6417 74.6417
74.8917 74.8917
74.8917 74.8917
75.1417 75.1417
75.3917 75.3917
75.6417 75.6417
75.6417 75.6417
75.8917 75.8917
76.1417 76.1417
76.1417 76.1417
76.1417 76.1417
76.1417 76.1417
76.3917 76.3917
76.6417 76.6417
77.1417 77.1417
77.1417 77.1417
77.1417 77.1417
77.1417 77.1417
77.3917 77.3917
77.6417 77.6417
77.6417 77.6417
77.8917 77.8917
77.8917 77.8917
77.8917 77.8917
78.1417 78.1417
78.1417 78.1417
78.3917 78.3917
78.6417 78.6417
78.6417 78.6417
78.8917 78.8917
78.8917 78.8917
79.3917 79.3917
79.6417 79.6417
79.6417 79.6417
79.6417 79.6417
79.8917 79.8917
80.1417 80.1417
80.1417 80.1417
80.1417 80.1417
80.1417 80.1417
80.3917 80.3917
80.3917 80.3917
80.6417 80.6417
80.8917 80.8917
81.1417 81.1417
81.3917 81.3917
81.6417 81.6417
81.6417 81.6417
81.8917 81.8917
82.1417 82.1417
82.1417 82.1417
82.1417 82.1417
82.1417 82.1417
82.1417 82.1417
82.3917 82.3917
82.6417 82.6417
82.6417 82.6417
82.8917 82.8917
83.3917 83.3917
83.6417 83.6417
83.6417 83.6417
84.1417 84.1417
84.1417 84.1417
84.1417 84.1417
84.1417 84.1417
84.1417 84.1417
84.3917 84.3917
84.6417 84.6417
84.6417 84.6417
84.8917 84.8917
84.8917 84.8917
85.8917 85.8917
86.1417 86.1417
86.1417 86.1417
86.1417 86.1417
86.3917 86.3917
86.6417 86.6417
86.6417 86.6417
86.8917 86.8917
87.1417 87.1417
87.8917 87.8917
87.9979 87.9979
88.1417 88.1417
88.1417 88.1417
88.1417 88.1417
88.3917 88.3917
88.6417 88.6417
88.6417 88.6417
88.8917 88.8917
89.1417 89.1417
89.1417 89.1417
89.1417 89.1417
89.3917 89.3917
89.6417 89.6417
89.6417 89.6417
90.1417 90.1417
90.1417 90.1417
90.1417 90.1417
90.1417 90.1417
90.3917 90.3917
90.6417 90.6417
90.6417 90.6417
90.8917 90.8917
91.1417 91.1417
91.1417 91.1417
91.6417 91.6417
92.1417 92.1417
92.1417 92.1417
92.1417 92.1417
92.1417 92.1417
92.3917 92.3917
92.6417 92.6417
92.6417 92.6417
92.8917 92.8917
93.1417 93.1417
93.6417 93.6417
93.8917 93.8917
94.1417 94.1417
94.1417 94.1417
94.1417 94.1417
94.3917 94.3917
94.6417 94.6417
94.6417 94.6417
94.8917 94.8917
95.1417 95.1417
95.1417 95.1417
95.3917 95.3917
95.6417 95.6417
95.6417 95.6417
96.1417 96.1417
96.1417 96.1417
96.1417 96.1417
96.1417 96.1417
96.6417 96.6417
97.1417 97.1417
97.1417 97.1417
97.3917 97.3917
97.3917 97.3917
97.6417 97.6417
97.6417 97.6417
97.6417 97.6417
97.8917 97.8917
98.1417 98.1417
98.1417 98.1417
98.1417 98.1417
98.1417 98.1417
98.1417 98.1417
98.6417 98.6417
99.1417 99.1417
99.6417 99.6417
99.6417 99.6417
100.142 100.142
100.142 100.142
100.142 100.142
100.142 100.142
100.642 100.642
101.142 101.142
101.142 101.142
101.892 101.892
102.142 102.142
102.142 102.142
102.142 102.142
102.142 102.142
102.392 102.392
102.392 102.392
102.642 102.642
102.642 102.642
102.892 102.892
102.892 102.892
103.142 103.142
103.142 103.142
103.142 103.142
103.392 103.392
103.642 103.642
103.892 103.892
104.142 104.142
104.142 104.142
104.392 104.392
104.392 104.392
104.642 104.642
104.642 104.642
104.892 104.892
104.892 104.892
105.142 105.142
105.142 105.142
105.142 105.142
105.142 105.142
105.392 105.392
105.642 105.642
105.642 105.642
106.142 106.142
106.142 106.142
106.142 106.142
106.142 106.142
106.142 106.142
106.642 106.642
107.142 107.142
107.642 107.642
107.892 107.892
108.142 108.142
108.142 108.142
108.392 108.392
108.392 108.392
108.642 108.642
108.642 108.642
108.892 108.892
109.142 109.142
109.892 109.892
110.142 110.142
110.142 110.142
110.142 110.142
110.142 110.142
110.142 110.142
110.392 110.392
110.392 110.392
110.642 110.642
110.642 110.642
110.892 110.892
110.892 110.892
111.142 111.142
111.142 111.142
111.642 111.642
111.892 111.892
111.892 111.892
112.142 112.142
112.142 112.142
112.142 112.142
112.142 112.142
112.392 112.392
112.392 112.392
112.642 112.642
112.892 112.892
113.142 113.142
113.142 113.142
113.142 113.142
113.392 113.392
113.392 113.392
113.642 113.642
113.642 113.642
113.892 113.892
114.142 114.142
114.142 114.142
114.142 114.142
114.142 114.142
114.142 114.142
114.392 114.392
114.392 114.392
114.642 114.642
114.642 114.642
115.142 115.142
115.142 115.142
115.142 115.142
115.392 115.392
115.642 115.642
115.642 115.642
115.892 115.892
116.142 116.142
116.142 116.142
116.142 116.142
116.142 116.142
116.392 116.392
116.392 116.392
116.642 116.642
116.642 116.642
117.142 117.142
117.142 117.142
117.392 117.392
117.642 117.642
117.892 117.892
118.142 118.142
118.142 118.142
118.142 118.142
118.142 118.142
118.392 118.392
118.642 118.642
118.642 118.642
118.892 118.892
118.892 118.892
119.142 119.142
119.642 119.642
119.642 119.642
119.892 119.892
119.892 119.892
120.142 120.142
120.142 120.142
120.142 120.142
120.392 120.392
120.642 120.642
120.892 120.892
121.142 121.142
121.142 121.142
121.392 121.392
121.642 121.642
121.642 121.642
121.892 121.892
122.142 122.142
122.142 122.142
122.142 122.142
122.142 122.142
122.392 122.392
122.642 122.642
122.892 122.892
123.392 123.392
123.392 123.392
123.642 123.642
123.642 123.642
123.892 123.892
123.892 123.892
124.142 124.142
124.142 124.142
124.142 124.142
124.642 124.642
124.642 124.642
124.642 124.642
124.892 124.892
124.892 124.892
125.142 125.142
125.142 125.142
125.142 125.142
125.392 125.392
125.642 125.642
125.642 125.642
125.892 125.892
126.142 126.142
126.142 126.142
126.142 126.142
126.142 126.142
126.142 126.142
126.642 126.642
126.642 126.642
126.892 126.892
127.142 127.142
127.142 127.142
127.392 127.392
127.642 127.642
127.892 127.892
128.142 128.142
128.142 128.142
128.142 128.142
128.142 128.142
128.142 128.142
128.142 128.142
128.392 128.392
128.392 128.392
128.642 128.642
128.642 128.642
128.892 128.892
128.892 128.892
129.142 129.142
129.142 129.142
129.392 129.392
129.642 129.642
129.642 129.642
129.642 129.642
129.642 129.642
129.892 129.892
130.142 130.142
130.142 130.142
130.142 130.142
130.142 130.142
130.392 130.392
130.392 130.392
130.642 130.642
130.642 130.642
130.892 130.892
130.892 130.892
131.142 131.142
131.142 131.142
131.142 131.142
131.392 131.392
131.642 131.642
131.642 131.642
131.892 131.892
132.142 132.142
132.142 132.142
132.142 132.142
132.142 132.142
132.142 132.142
132.392 132.392
132.392 132.392
132.642 132.642
132.892 132.892
133.142 133.142
133.142 133.142
133.392 133.392
133.642 133.642
133.642 133.642
133.892 133.892
134.142 134.142
134.142 134.142
134.142 134.142
134.142 134.142
134.392 134.392
134.392 134.392
134.642 134.642
134.642 134.642
134.892 134.892
134.892 134.892
135.142 135.142
135.392 135.392
135.642 135.642
135.908 135.908
136.142 136.142
136.142 136.142
136.142 136.142
136.142 136.142
136.392 136.392
136.392 136.392
136.642 136.642
136.642 136.642
136.892 136.892
136.892 136.892
137.142 137.142
137.392 137.392
137.642 137.642
137.642 137.642
137.892 137.892
138.142 138.142
138.142 138.142
138.142 138.142
138.142 138.142
138.142 138.142
138.392 138.392
138.392 138.392
138.642 138.642
138.642 138.642
138.892 138.892
138.892 138.892
139.142 139.142
139.142 139.142
139.142 139.142
139.142 139.142
139.142 139.142
139.142 139.142
139.392 139.392
139.642 139.642
139.642 139.642
139.892 139.892
140.142 140.142
140.142 140.142
140.142 140.142
140.142 140.142
140.392 140.392
140.642 140.642
140.642 140.642
140.642 140.642
140.892 140.892
140.892 140.892
141.142 141.142
141.142 141.142
141.392 141.392
141.642 141.642
141.642 141.642
141.892 141.892
142.142 142.142
142.142 142.142
142.142 142.142
142.142 142.142
142.142 142.142
142.392 142.392
142.642 142.642
142.642 142.642
142.642 142.642
142.892 142.892
142.892 142.892
143.142 143.142
143.142 143.142
143.392 143.392
143.392 143.392
143.642 143.642
143.892 143.892
143.892 143.892
144.142 144.142
144.142 144.142
144.142 144.142
144.142 144.142
144.142 144.142
144.142 144.142
144.392 144.392
144.392 144.392
144.642 144.642
144.642 144.642
144.892 144.892
144.892 144.892
145.142 145.142
145.392 145.392
145.642 145.642
145.642 145.642
145.892 145.892
146.142 146.142
146.142 146.142
146.142 146.142
146.142 146.142
146.142 146.142
146.392 146.392
146.642 146.642
147.142 147.142
147.142 147.142
147.142 147.142
147.142 147.142
147.392 147.392
147.642 147.642
147.642 147.642
147.642 147.642
147.892 147.892
147.892 147.892
147.892 147.892
148.142 148.142
148.142 148.142
148.142 148.142
148.392 148.392
148.642 148.642
148.642 148.642
148.892 148.892
148.892 148.892
149.392 149.392
149.642 149.642
149.642 149.642
149.892 149.892
150.142 150.142
150.142 150.142
150.142 150.142
150.142 150.142
150.142 150.142
150.392 150.392
150.392 150.392
150.642 150.642
150.892 150.892
151.142 151.142
151.392 151.392
151.642 151.642
151.642 151.642
151.892 151.892
152.142 152.142
152.142 152.142
152.142 152.142
152.142 152.142
152.142 152.142
152.142 152.142
152.392 152.392
152.642 152.642
152.642 152.642
152.892 152.892
153.142 153.142
153.142 153.142
153.142 153.142
153.142 153.142
153.392 153.392
153.642 153.642
153.642 153.642
153.892 153.892
153.892 153.892
154.142 154.142
154.142 154.142
154.142 154.142
154.142 154.142
154.142 154.142
154.142 154.142
154.392 154.392
154.642 154.642
154.642 154.642
154.892 154.892
154.892 154.892
155.142 155.142
155.142 155.142
155.142 155.142
155.142 155.142
155.142 155.142
155.392 155.392
155.642 155.642
155.892 155.892
155.892 155.892
156.142 156.142
156.142 156.142
156.142 156.142
156.142 156.142
156.142 156.142
156.392 156.392
156.392 156.392
156.642 156.642
156.642 156.642
156.892 156.892
156.892 156.892
156.892 156.892
156.892 156.892
157.392 157.392
157.392 157.392
157.642 157.642
157.642 157.642
157.642 157.642
157.642 157.642
157.892 157.892
157.892 157.892
158.142 158.142
158.142 158.142
158.392 158.392
158.392 158.392
158.392 158.392
158.392 158.392
159.142 159.142
159.142 159.142
159.142 159.142
159.142 159.142
159.142 159.142
159.142 159.142
159.642 159.642
159.642 159.642
159.642 159.642
159.642 159.642
159.642 159.642
159.642 159.642
160.142 160.142
160.142 160.142
160.142 160.142
160.142 160.142
160.142 160.142
160.142 160.142
160.642 160.642
160.892 160.892
161.142 161.142
161.392 161.392
161.642 161.642
161.642 161.642
161.892 161.892
161.892 161.892
162.142 162.142
162.142 162.142
162.142 162.142
162.142 162.142
162.142 162.142
162.142 162.142
162.142 162.142
162.642 162.642
162.642 162.642
162.642 162.642
162.642 162.642
162.642 162.642
162.642 162.642
162.642 162.642
162.892 162.892
162.892 162.892
163.142 163.142
163.142 163.142
163.142 163.142
163.142 163.142
163.142 163.142
163.142 163.142
163.392 163.392
163.642 163.642
163.642 163.642
163.892 163.892
164.142 164.142
164.142 164.142
164.142 164.142
164.142 164.142
164.142 164.142
164.392 164.392
164.642 164.642
164.892 164.892
165.142 165.142
165.142 165.142
165.142 165.142
165.142 165.142
165.142 165.142
165.142 165.142
165.392 165.392
165.642 165.642
165.892 165.892
166.142 166.142
166.142 166.142
166.142 166.142
166.142 166.142
166.142 166.142
166.142 166.142
166.142 166.142
166.392 166.392
166.392 166.392
166.642 166.642
166.642 166.642
166.642 166.642
166.642 166.642
166.892 166.892
166.892 166.892
166.892 166.892
167.142 167.142
167.142 167.142
167.142 167.142
167.392 167.392
167.642 167.642
167.642 167.642
167.642 167.642
167.642 167.642
167.642 167.642
168.142 168.142
168.142 168.142
168.142 168.142
168.142 168.142
168.142 168.142
168.642 168.642
168.642 168.642
168.892 168.892
169.142 169.142
169.142 169.142
169.142 169.142
169.142 169.142
169.142 169.142
169.142 169.142
169.642 169.642
169.892 169.892
170.142 170.142
170.142 170.142
170.142 170.142
170.142 170.142
170.142 170.142
170.142 170.142
170.142 170.142
170.142 170.142
170.142 170.142
170.642 170.642
170.642 170.642
170.642 170.642
170.642 170.642
170.892 170.892
171.142 171.142
171.142 171.142
171.142 171.142
171.142 171.142
171.142 171.142
171.392 171.392
171.642 171.642
171.642 171.642
171.642 171.642
171.642 171.642
171.892 171.892
172.142 172.142
172.142 172.142
172.142 172.142
172.142 172.142
172.142 172.142
172.142 172.142
172.642 172.642
173.142 173.142
173.142 173.142
173.142 173.142
173.392 173.392
173.642 173.642
173.642 173.642
173.642 173.642
173.892 173.892
173.892 173.892
174.142 174.142
174.142 174.142
174.142 174.142
174.142 174.142
174.142 174.142
174.392 174.392
174.642 174.642
174.642 174.642
174.642 174.642
174.892 174.892
174.892 174.892
175.142 175.142
175.142 175.142
175.142 175.142
175.142 175.142
175.392 175.392
175.392 175.392
175.642 175.642
175.642 175.642
175.642 175.642
175.892 175.892
176.142 176.142
176.142 176.142
176.142 176.142
176.142 176.142
176.142 176.142
176.642 176.642
176.642 176.642
177.142 177.142
177.142 177.142
177.142 177.142
177.142 177.142
177.142 177.142
177.142 177.142
177.392 177.392
177.642 177.642
177.892 177.892
177.892 177.892
178.142 178.142
178.142 178.142
178.142 178.142
178.142 178.142
178.142 178.142
178.142 178.142
178.267 178.267
178.267 178.267
178.392 178.392
178.392 178.392
178.517 178.517
178.517 178.517
178.642 178.642
178.642 178.642
178.767 178.767
178.767 178.767
178.892 178.892
178.892 178.892
179.017 179.017
179.017 179.017
179.142 179.142
179.142 179.142
179.267 179.267
179.267 179.267
179.392 179.392
179.392 179.392
179.517 179.517
179.517 179.517
179.642 179.642
179.642 179.642
179.767 179.767
179.767 179.767
179.892 179.892
179.892 179.892
180.017 180.017
180.017 180.017
180.142 180.142
180.142 180.142
180.142 180.142
180.142 180.142
180.142 180.142
180.142 180.142
180.142 180.142
180.142 180.142
180.642 180.642
180.642 180.642
180.892 180.892
180.892 180.892
181.142 181.142
181.392 181.392
181.392 181.392
181.642 181.642
181.892 181.892
181.892 181.892
181.892 181.892
182.142 182.142
182.142 182.142
182.142 182.142
182.642 182.642
182.642 182.642
182.892 182.892
182.892 182.892
183.142 183.142
183.142 183.142
183.392 183.392
183.392 183.392
183.642 183.642
183.642 183.642
183.892 183.892
183.892 183.892
184.142 184.142
184.142 184.142
184.142 184.142
184.142 184.142
184.142 184.142
184.142 184.142
184.392 184.392
184.392 184.392
184.642 184.642
184.642 184.642
184.892 184.892
184.892 184.892
185.142 185.142
185.142 185.142
185.392 185.392
185.642 185.642
185.642 185.642
185.642 185.642
185.892 185.892
186.142 186.142
186.142 186.142
186.142 186.142
186.142 186.142
186.142 186.142
186.392 186.392
186.392 186.392
186.642 186.642
186.642 186.642
186.892 186.892
186.892 186.892
187.142 187.142
187.142 187.142
187.392 187.392
187.642 187.642
187.642 187.642
187.642 187.642
187.892 187.892
188.142 188.142
188.142 188.142
188.142 188.142
188.142 188.142
188.142 188.142
188.392 188.392
188.392 188.392
188.642 188.642
188.892 188.892
189.142 189.142
189.392 189.392
189.642 189.642
189.642 189.642
189.642 189.642
189.892 189.892
190.142 190.142
190.142 190.142
190.142 190.142
190.392 190.392
190.392 190.392
190.642 190.642
190.642 190.642
190.892 190.892
190.892 190.892
191.392 191.392
191.642 191.642
191.642 191.642
191.908 191.908
192.142 192.142
192.142 192.142
192.142 192.142
192.142 192.142
192.392 192.392
192.392 192.392
192.642 192.642
192.642 192.642
192.892 192.892
192.892 192.892
193.142 193.142
193.392 193.392
193.642 193.642
193.642 193.642
193.642 193.642
193.892 193.892
194.142 194.142
194.142 194.142
194.142 194.142
194.142 194.142
194.392 194.392
194.392 194.392
194.642 194.642
194.642 194.642
194.892 194.892
194.892 194.892
195.142 195.142
195.142 195.142
195.142 195.142
195.142 195.142
195.142 195.142
195.392 195.392
195.392 195.392
195.642 195.642
195.642 195.642
195.892 195.892
195.892 195.892
196.142 196.142
196.142 196.142
196.142 196.142
196.142 196.142
196.142 196.142
196.392 196.392
196.642 196.642
196.642 196.642
196.892 196.892
197.392 197.392
197.642 197.642
197.642 197.642
197.642 197.642
197.892 197.892
198.142 198.142
198.142 198.142
198.142 198.142
198.142 198.142
198.392 198.392
198.392 198.392
198.642 198.642
198.642 198.642
198.642 198.642
198.892 198.892
198.892 198.892
198.892 198.892
199.142 199.142
199.392 199.392
199.392 199.392
199.392 199.392
199.642 199.642
199.642 199.642
199.892 199.892
199.892 199.892
199.892 199.892
200.142 200.142
200.142 200.142
200.142 200.142
200.142 200.142
200.142 200.142
200.392 200.392
200.392 200.392
200.642 200.642
200.642 200.642
200.892 200.892
200.892 200.892
201.142 201.142
201.392 201.392
201.642 201.642
201.642 201.642
201.892 201.892
202.142 202.142
202.142 202.142
202.142 202.142
202.142 202.142
202.392 202.392
202.642 202.642
203.142 203.142
203.142 203.142
203.142 203.142
203.142 203.142
203.392 203.392
203.642 203.642
203.642 203.642
203.642 203.642
203.892 203.892
203.892 203.892
203.892 203.892
204.142 204.142
204.392 204.392
204.642 204.642
204.642 204.642
204.892 204.892
204.892 204.892
205.392 205.392
205.642 205.642
205.642 205.642
205.892 205.892
206.142 206.142
206.142 206.142
206.142 206.142
206.142 206.142
206.142 206.142
206.392 206.392
206.642 206.642
206.892 206.892
207.142 207.142
207.142 207.142
207.392 207.392
207.642 207.642
207.892 207.892
208.098 208.098
208.142 208.142
208.142 208.142
208.142 208.142
208.323 208.323
208.569 208.569
208.642 208.642
208.831 208.831
209.333 209.333
209.569 209.569
209.892 209.892
210.1 210.1
210.142 210.142
210.142 210.142
210.36 210.36
210.617 210.617
210.642 210.642
210.89 210.89
210.892 210.892
211.892 211.892
211.971 211.971
212.035 212.035
212.133 212.133
212.142 212.142
212.142 212.142
212.15 212.15
212.181 212.181
212.635 212.635
212.642 212.642
212.892 212.892
213.125 213.125
213.142 213.142
213.369 213.369
213.635 213.635
214.133 214.133
214.142 214.142
214.154 214.154
215.892 215.892
216.023 216.023
216.092 216.092
216.108 216.108
216.142 216.142
216.15 216.15
216.598 216.598
216.642 216.642
216.892 216.892
217.119 217.119
217.61 217.61
217.642 217.642
218.142 218.142
218.15 218.15
218.152 218.152
218.392 218.392
218.683 218.683
219.252 219.252
219.26 219.26
219.892 219.892
220.142 220.142
220.219 220.219
220.642 220.642
220.756 220.756
221.142 221.142
221.292 221.292
221.829 221.829
222.323 222.323
222.502 222.502
222.585 222.585
222.679 222.679
222.81 222.81
222.867 222.867
222.956 222.956
223.369 223.369
223.915 223.915
225.717 225.717
226.325 226.325
226.602 226.602
226.721 226.721
226.775 226.775
226.787 226.787
226.817 226.817
226.89 226.89
227.269 227.269
227.537 227.537
227.783 227.783
227.794 227.794
228.662 228.662
228.735 228.735
228.829 228.829
228.852 228.852
229.317 229.317
229.825 229.825
230.798 230.798
230.86 230.86
230.894 230.894
230.965 230.965
230.988 230.988
231.019 231.019
231.127 231.127
231.506 231.506
231.773 231.773
231.904 231.904
232.004 232.004
232.029 232.029
232.085 232.085
232.1 232.1
232.646 232.646
232.996 232.996
233.069 233.069
233.142 233.142
233.148 233.148
233.16 233.16
233.19 233.19
233.706 233.706
233.713 233.713
234.242 234.242
234.785 234.785
235.369 235.369
235.421 235.421
235.438 235.438
235.492 235.492
235.787 235.787
235.79 235.79
236.067 236.067
236.079 236.079
236.421 236.421
236.438 236.438
236.915 236.915
236.979 236.979
237.162 237.162
237.229 237.229
237.396 237.396
237.479 237.479
237.519 237.519
237.915 237.915
239.617 239.617
239.856 239.856
239.894 239.894
240.031 240.031
240.171 240.171
240.325 240.325
240.537 240.537
240.748 240.748
240.95 240.95
241.225 241.225
241.494 241.494
241.86 241.86
242.806 242.806
242.871 242.871
243.588 243.588
243.65 243.65
