0.551042 1.10208
0.801042 1.60208
2.17604 4.35208
2.30104 4.60208
2.30104 4.60208
2.30104 4.60208
2.30104 4.60208
2.30104 4.60208
3.39472 6.10208
3.74766 6.60208
4.07734 7.10208
4.07734 7.10208
4.07734 7.10208
4.40701 7.60208
4.40701 7.60208
4.76845 8.10208
4.76845 8.10208
5.1299 8.60208
5.1299 8.60208
5.1299 8.60208
5.1299 8.60208
5.1299 8.60208
5.87064 9.60208
5.87064 9.60208
6.24101 10.1021
6.61138 10.6021
6.61138 10.6021
7.35212 11.6021
7.90768 12.3521
8.09286 12.6021
8.09286 12.6021
8.09286 12.6021
8.09286 12.6021
8.46786 13.1021
8.84286 13.6021
9.21786 14.1021
9.21786 14.1021
9.59286 14.6021
9.59286 14.6021
9.96786 15.1021
10.3429 15.6021
10.7179 16.1021
11.0929 16.6021
11.0929 16.6021
11.0929 16.6021
11.0929 16.6021
11.0929 16.6021
11.4679 17.1021
11.8429 17.6021
11.8429 17.6021
12.2179 18.1021
12.2179 18.1021
12.5929 18.6021
12.9679 19.1021
13.3429 19.6021
13.6838 20.1021
14.0247 20.6021
14.0247 20.6021
14.0247 20.6021
14.0247 20.6021
14.0247 20.6021
14.3861 21.1021
14.7476 21.6021
15.109 22.1021
15.109 22.1021
15.109 22.1021
15.4705 22.6021
16.1681 23.6021
16.517 24.1021
16.8658 24.6021
16.8658 24.6021
16.8658 24.6021
16.8658 24.6021
16.8658 24.6021
17.2456 25.1021
17.6253 25.6021
18.005 26.1021
18.005 26.1021
18.3848 26.6021
18.3848 26.6021
19.0991 27.6021
19.0991 27.6021
19.0991 27.6021
19.4562 28.1021
19.8134 28.6021
19.8134 28.6021
19.8134 28.6021
19.8134 28.6021
20.1705 29.1021
20.5277 29.6021
20.8848 30.1021
21.2419 30.6021
21.5991 31.1021
21.9562 31.6021
22.3134 32.1021
22.6705 32.6021
23.3848 33.6021
24.1255 34.6021
25.2509 36.1021
25.6355 36.6021
25.6355 36.6021
25.6355 36.6021
25.6355 36.6021
26.0201 37.1021
26.0201 37.1021
26.4047 37.6021
26.7893 38.1021
26.7893 38.1021
26.7893 38.1021
28.2688 40.1021
28.2688 40.1021
28.6136 40.6021
28.6136 40.6021
28.6136 40.6021
28.9934 41.1021
28.9934 41.1021
29.3731 41.6021
29.3731 41.6021
29.739 42.1021
29.739 42.1021
30.1048 42.6021
30.1048 42.6021
30.1048 42.6021
30.4707 43.1021
30.8365 43.6021
30.8365 43.6021
30.8365 43.6021
31.2024 44.1021
31.5682 44.6021
31.5682 44.6021
31.5682 44.6021
31.5682 44.6021
31.9341 45.1021
31.9341 45.1021
32.117 45.3521
32.2999 45.6021
32.6658 46.1021
32.6658 46.1021
33.2146 46.8521
33.3975 47.1021
33.7633 47.6021
34.1004 48.1021
34.4576 48.6021
34.4576 48.6021
34.6405 48.8521
34.8234 49.1021
34.8234 49.1021
35.1893 49.6021
35.1893 49.6021
35.5551 50.1021
35.5551 50.1021
35.5551 50.1021
35.921 50.6021
36.3007 51.1021
36.3007 51.1021
36.6805 51.6021
36.6805 51.6021
36.6805 51.6021
37.0602 52.1021
37.0602 52.1021
37.44 52.6021
37.44 52.6021
37.44 52.6021
37.8014 53.1021
37.8014 53.1021
38.1629 53.6021
38.5243 54.1021
38.5243 54.1021
39.2472 55.1021
39.6086 55.6021
39.6086 55.6021
39.9701 56.1021
40.3315 56.6021
40.3315 56.6021
40.3315 56.6021
40.7019 57.1021
40.7019 57.1021
40.7019 57.1021
40.7019 57.1021
41.0723 57.6021
41.0723 57.6021
41.4426 58.1021
41.4426 58.1021
41.813 58.6021
41.813 58.6021
41.813 58.6021
41.813 58.6021
42.1834 59.1021
42.1834 59.1021
42.5538 59.6021
42.5538 59.6021
42.5538 59.6021
42.5538 59.6021
42.9152 60.1021
43.2766 60.6021
43.2766 60.6021
43.2766 60.6021
43.2766 60.6021
43.6381 61.1021
43.9995 61.6021
44.361 62.1021
44.361 62.1021
44.361 62.1021
45.0839 63.1021
45.0839 63.1021
45.0839 63.1021
45.4453 63.6021
45.4453 63.6021
45.8157 64.1021
46.1861 64.6021
46.1861 64.6021
46.1861 64.6021
46.1861 64.6021
46.5564 65.1021
46.5564 65.1021
46.9268 65.6021
47.2972 66.1021
47.6675 66.6021
48.0247 67.1021
48.3818 67.6021
48.739 68.1021
48.9175 68.3521
49.0961 68.6021
49.8961 69.6021
50.6104 70.6021
52.039 72.6021
52.2175 72.8521
52.2175 72.8521
52.5747 73.3521
52.5747 73.3521
52.7533 73.6021
52.7533 73.6021
52.9384 73.8521
53.1236 74.1021
53.494 74.6021
53.494 74.6021
53.8644 75.1021
54.2347 75.6021
54.2347 75.6021
54.2347 75.6021
54.6051 76.1021
54.6051 76.1021
54.9755 76.6021
54.9755 76.6021
54.9755 76.6021
55.3458 77.1021
55.3458 77.1021
55.7162 77.6021
55.7162 77.6021
56.0866 78.1021
56.0866 78.1021
56.457 78.6021
56.457 78.6021
56.8228 79.1021
56.8228 79.1021
56.8228 79.1021
57.0057 79.3521
57.1887 79.6021
57.1887 79.6021
57.5545 80.1021
57.5545 80.1021
57.9204 80.6021
57.9204 80.6021
57.9204 80.6021
57.9204 80.6021
58.2862 81.1021
58.2862 81.1021
58.4692 81.3521
58.6521 81.6021
58.6521 81.6021
58.6521 81.6021
59.0179 82.1021
59.0179 82.1021
59.3838 82.6021
59.3838 82.6021
59.3838 82.6021
59.7496 83.1021
59.7496 83.1021
60.1155 83.6021
60.1155 83.6021
60.1155 83.6021
60.2984 83.8521
60.2984 83.8521
60.4813 84.1021
60.8472 84.6021
60.8472 84.6021
60.8472 84.6021
60.8472 84.6021
60.8472 84.6021
61.213 85.1021
61.213 85.1021
61.5789 85.6021
61.5789 85.6021
61.9448 86.1021
61.9448 86.1021
62.3106 86.6021
62.3106 86.6021
62.3106 86.6021
62.6765 87.1021
62.6765 87.1021
62.6765 87.1021
62.6765 87.1021
62.6765 87.1021
63.0423 87.6021
63.0423 87.6021
63.0423 87.6021
63.0423 87.6021
63.4082 88.1021
63.4082 88.1021
63.4082 88.1021
63.774 88.6021
63.774 88.6021
63.774 88.6021
63.774 88.6021
64.1399 89.1021
64.1399 89.1021
64.3228 89.3521
64.5057 89.6021
64.5057 89.6021
64.5057 89.6021
64.8716 90.1021
64.8716 90.1021
64.8716 90.1021
65.2374 90.6021
65.2374 90.6021
65.5946 91.1021
65.5946 91.1021
65.5946 91.1021
65.9517 91.6021
65.9517 91.6021
65.9517 91.6021
65.9517 91.6021
65.9517 91.6021
66.3089 92.1021
66.666 92.6021
66.666 92.6021
66.666 92.6021
66.666 92.6021
66.666 92.6021
67.0319 93.1021
67.0319 93.1021
67.3977 93.6021
67.3977 93.6021
67.7636 94.1021
67.7636 94.1021
68.1294 94.6021
68.1294 94.6021
68.1294 94.6021
68.1294 94.6021
68.4953 95.1021
68.4953 95.1021
68.4953 95.1021
68.8611 95.6021
68.8611 95.6021
68.8611 95.6021
69.227 96.1021
69.227 96.1021
69.5913 96.6
69.5913 96.6
69.5913 96.6
69.5928 96.6021
69.9587 97.1021
69.9587 97.1021
69.9587 97.1021
70.1416 97.3521
70.1416 97.3521
70.3245 97.6021
70.6904 98.1021
70.6904 98.1021
70.6904 98.1021
71.0562 98.6021
71.0562 98.6021
71.0562 98.6021
71.0562 98.6021
71.0562 98.6021
71.4221 99.1021
71.605 99.3521
71.605 99.3521
71.605 99.3521
71.7879 99.6021
72.1538 100.102
72.1538 100.102
72.1538 100.102
72.5196 100.602
72.5196 100.602
72.5196 100.602
72.8855 101.102
72.8855 101.102
72.8855 101.102
72.8855 101.102
73.2514 101.602
73.2514 101.602
73.2514 101.602
73.2514 101.602
73.2514 101.602
73.6172 102.102
73.6172 102.102
73.6172 102.102
73.8001 102.352
73.9831 102.602
73.9831 102.602
73.9831 102.602
73.9831 102.602
74.166 102.852
74.3489 103.102
74.3489 103.102
74.5318 103.352
74.7148 103.602
74.7148 103.602
74.7148 103.602
74.7148 103.602
74.8977 103.852
75.0806 104.102
75.0806 104.102
75.0806 104.102
75.0806 104.102
75.2635 104.352
75.4465 104.602
75.4465 104.602
75.4465 104.602
75.4465 104.602
75.4465 104.602
75.4465 104.602
75.4465 104.602
76.1782 105.602
76.1782 105.602
76.1782 105.602
76.1782 105.602
76.1782 105.602
76.544 106.102
76.544 106.102
76.544 106.102
76.9099 106.602
76.9099 106.602
76.9099 106.602
76.9099 106.602
77.2757 107.102
77.2757 107.102
77.2757 107.102
77.6416 107.602
77.6416 107.602
77.6416 107.602
77.6416 107.602
77.6416 107.602
78.0074 108.102
78.0074 108.102
78.0074 108.102
78.1904 108.352
78.3733 108.602
78.3733 108.602
78.3733 108.602
78.7391 109.102
79.105 109.602
79.105 109.602
79.105 109.602
79.4709 110.102
79.4709 110.102
79.4709 110.102
79.4709 110.102
79.8367 110.602
79.8367 110.602
79.8367 110.602
79.8367 110.602
80.2026 111.102
80.3855 111.352
80.3855 111.352
80.3855 111.352
80.3855 111.352
80.5684 111.602
80.9343 112.102
80.9343 112.102
80.9343 112.102
81.3001 112.602
81.3001 112.602
81.3001 112.602
81.3001 112.602
81.3001 112.602
81.3001 112.602
81.3001 112.602
81.666 113.102
82.0318 113.602
82.0318 113.602
82.0318 113.602
82.0318 113.602
82.0318 113.602
82.3977 114.102
82.3977 114.102
82.3977 114.102
82.3977 114.102
82.3977 114.102
82.5806 114.352
82.7635 114.602
82.7635 114.602
82.7635 114.602
82.7635 114.602
83.1294 115.102
83.3123 115.352
83.3123 115.352
83.4952 115.602
83.4952 115.602
83.4952 115.602
83.6782 115.852
83.8611 116.102
84.044 116.352
84.2269 116.602
84.2269 116.602
84.2269 116.602
84.2269 116.602
84.2269 116.602
84.2269 116.602
84.5928 117.102
84.7757 117.352
84.9587 117.602
84.9587 117.602
84.9587 117.602
84.9587 117.602
85.3245 118.102
85.3245 118.102
85.6904 118.602
85.6904 118.602
85.6904 118.602
85.6904 118.602
85.6904 118.602
86.0562 119.102
86.4221 119.602
86.4221 119.602
86.605 119.852
86.7879 120.102
86.7879 120.102
86.9708 120.352
87.1538 120.602
87.1538 120.602
87.1538 120.602
87.1538 120.602
87.1538 120.602
87.1538 120.602
87.5196 121.102
87.7025 121.352
87.7025 121.352
87.7025 121.352
87.7025 121.352
87.8855 121.602
88.2513 122.102
88.2513 122.102
88.2513 122.102
88.4343 122.352
88.4343 122.352
88.6172 122.602
88.6172 122.602
88.6172 122.602
88.6172 122.602
88.6172 122.602
88.6172 122.602
88.983 123.102
89.166 123.352
89.3489 123.602
89.3489 123.602
89.5318 123.852
89.5318 123.852
89.5318 123.852
89.7147 124.102
89.8977 124.352
90.0806 124.602
90.0806 124.602
90.0806 124.602
90.0806 124.602
90.0806 124.602
90.0806 124.602
90.8123 125.602
90.8123 125.602
90.8123 125.602
91.1782 126.102
91.544 126.602
91.544 126.602
91.544 126.602
91.544 126.602
91.544 126.602
92.2757 127.602
92.2757 127.602
92.2757 127.602
92.2757 127.602
92.2757 127.602
92.4586 127.852
92.6416 128.102
93.0074 128.602
93.0074 128.602
93.0074 128.602
93.0074 128.602
93.0074 128.602
93.392 129.102
93.392 129.102
93.392 129.102
93.7766 129.602
93.7766 129.602
93.7766 129.602
94.1613 130.102
94.1613 130.102
94.1613 130.102
94.1613 130.102
94.5459 130.602
94.5459 130.602
94.5459 130.602
94.5459 130.602
94.7878 130.852
94.7878 130.852
95.0297 131.102
95.0297 131.102
95.0297 131.102
95.0297 131.102
95.2717 131.352
95.2717 131.352
95.2717 131.352
95.2717 131.352
95.5136 131.602
95.5136 131.602
95.5136 131.602
95.5136 131.602
95.5136 131.602
95.7556 131.852
95.7556 131.852
95.9975 132.102
95.9975 132.102
95.9975 132.102
95.9975 132.102
95.9975 132.102
96.2394 132.352
96.2394 132.352
96.4814 132.602
96.4814 132.602
96.4814 132.602
96.4814 132.602
96.6643 132.852
96.6643 132.852
96.8472 133.102
97.2131 133.602
97.2131 133.602
97.2131 133.602
97.5789 134.102
97.5789 134.102
97.9448 134.602
97.9448 134.602
97.9448 134.602
98.3106 135.102
98.4936 135.352
98.4936 135.352
98.4936 135.352
98.4936 135.352
98.6765 135.602
99.0423 136.102
99.0423 136.102
99.4082 136.602
99.4082 136.602
99.4082 136.602
99.4082 136.602
99.4082 136.602
99.774 137.102
99.774 137.102
99.774 137.102
99.957 137.352
99.957 137.352
99.957 137.352
100.14 137.602
100.14 137.602
100.506 138.102
100.506 138.102
100.506 138.102
100.506 138.102
100.872 138.602
100.872 138.602
100.872 138.602
101.055 138.852
101.237 139.102
101.42 139.352
101.603 139.602
101.603 139.602
101.603 139.602
101.603 139.602
101.603 139.602
101.603 139.602
101.786 139.852
101.786 139.852
101.786 139.852
101.786 139.852
101.969 140.102
101.969 140.102
102.152 140.352
102.335 140.602
102.335 140.602
102.335 140.602
102.335 140.602
102.335 140.602
102.335 140.602
102.335 140.602
102.335 140.602
102.335 140.602
102.701 141.102
102.884 141.352
103.067 141.602
103.067 141.602
103.067 141.602
103.067 141.602
103.433 142.102
103.433 142.102
103.433 142.102
103.798 142.602
103.798 142.602
103.798 142.602
103.798 142.602
103.798 142.602
103.798 142.602
104.53 143.602
104.53 143.602
104.53 143.602
104.896 144.102
104.896 144.102
105.079 144.352
105.262 144.602
105.262 144.602
105.262 144.602
105.262 144.602
105.262 144.602
105.262 144.602
105.811 145.352
105.811 145.352
105.811 145.352
105.994 145.602
106.359 146.102
106.359 146.102
106.725 146.602
106.725 146.602
106.725 146.602
106.725 146.602
106.725 146.602
107.457 147.602
107.457 147.602
107.457 147.602
107.64 147.852
107.823 148.102
107.823 148.102
108.006 148.352
108.189 148.602
108.189 148.602
108.189 148.602
108.189 148.602
108.189 148.602
108.189 148.602
108.92 149.602
108.92 149.602
108.92 149.602
109.286 150.102
109.286 150.102
109.652 150.602
109.652 150.602
109.652 150.602
109.652 150.602
109.652 150.602
109.652 150.602
110.384 151.602
110.384 151.602
110.384 151.602
110.384 151.602
110.567 151.852
110.75 152.102
111.115 152.602
111.115 152.602
111.115 152.602
111.115 152.602
111.115 152.602
111.115 152.602
111.298 152.852
111.481 153.102
111.481 153.102
111.664 153.352
111.847 153.602
111.847 153.602
111.847 153.602
112.03 153.852
112.213 154.102
112.213 154.102
112.579 154.602
112.579 154.602
112.579 154.602
112.945 155.102
112.945 155.102
113.311 155.602
113.311 155.602
113.311 155.602
113.676 156.102
113.676 156.102
113.676 156.102
114.042 156.602
114.042 156.602
114.042 156.602
114.042 156.602
115.872 159.102
116.42 159.852
117.152 160.852
119.164 163.602
119.53 164.102
119.713 164.352
120.628 165.602
120.628 165.602
120.994 166.102
120.994 166.102
121.359 166.602
121.359 166.602
121.725 167.102
121.725 167.102
122.091 167.602
122.091 167.602
122.091 167.602
122.091 167.602
122.091 167.602
122.091 167.602
122.091 167.602
122.457 168.102
122.823 168.602
123.189 169.102
123.554 169.602
123.92 170.102
124.286 170.602
124.286 170.602
124.286 170.602
124.652 171.102
124.652 171.102
124.652 171.102
125.018 171.602
125.018 171.602
125.018 171.602
125.018 171.602
125.018 171.602
125.018 171.602
125.384 172.102
125.75 172.602
125.75 172.602
125.75 172.602
126.115 173.102
126.115 173.102
126.847 174.102
127.213 174.602
127.213 174.602
127.213 174.602
127.213 174.602
127.579 175.102
127.579 175.102
127.945 175.602
127.945 175.602
127.945 175.602
127.945 175.602
127.945 175.602
127.945 175.602
127.945 175.602
128.311 176.102
128.676 176.602
129.042 177.102
129.042 177.102
129.774 178.102
130.14 178.602
130.14 178.602
130.14 178.602
130.14 178.602
130.506 179.102
130.506 179.102
130.506 179.102
130.872 179.602
130.872 179.602
130.872 179.602
130.872 179.602
130.872 179.602
130.872 179.602
130.872 179.602
131.237 180.102
131.237 180.102
131.603 180.602
131.969 181.102
131.969 181.102
131.969 181.102
132.335 181.602
132.518 181.852
132.701 182.102
132.701 182.102
132.701 182.102
132.701 182.102
132.884 182.352
133.067 182.602
133.067 182.602
133.067 182.602
133.067 182.602
133.25 182.852
133.433 183.102
133.433 183.102
133.433 183.102
133.798 183.602
133.798 183.602
133.798 183.602
133.798 183.602
133.798 183.602
133.798 183.602
134.164 184.102
134.53 184.602
134.53 184.602
134.53 184.602
134.53 184.602
134.53 184.602
134.896 185.102
135.262 185.602
135.262 185.602
135.262 185.602
135.628 186.102
135.628 186.102
135.628 186.102
135.993 186.602
135.993 186.602
135.993 186.602
135.993 186.602
136.359 187.102
136.725 187.602
136.725 187.602
136.725 187.602
136.725 187.602
136.725 187.602
136.725 187.602
137.091 188.102
137.457 188.602
137.457 188.602
137.823 189.102
137.823 189.102
138.189 189.602
138.372 189.852
138.554 190.102
138.737 190.352
138.92 190.602
138.92 190.602
138.92 190.602
139.103 190.852
139.103 190.852
139.286 191.102
139.286 191.102
139.652 191.602
139.652 191.602
139.652 191.602
139.652 191.602
139.652 191.602
139.652 191.602
139.652 191.602
140.018 192.102
140.384 192.602
140.384 192.602
140.384 192.602
140.75 193.102
141.115 193.602
141.115 193.602
141.481 194.102
141.481 194.102
141.847 194.602
141.847 194.602
141.847 194.602
141.847 194.602
141.847 194.602
142.579 195.602
142.579 195.602
142.579 195.602
142.579 195.602
142.579 195.602
142.579 195.602
142.579 195.602
142.945 196.102
143.311 196.602
143.493 196.852
143.676 197.102
143.859 197.352
144.042 197.602
144.225 197.852
144.408 198.102
144.591 198.352
144.774 198.602
144.957 198.852
145.14 199.102
145.323 199.352
145.506 199.602
146.237 200.602
146.969 201.602
148.432 203.602
148.432 203.602
148.432 203.602
148.798 204.102
148.981 204.352
149.164 204.602
149.164 204.602
149.53 205.102
149.896 205.602
150.262 206.102
150.628 206.602
150.628 206.602
150.993 207.102
150.993 207.102
151.359 207.602
151.359 207.602
151.725 208.102
151.725 208.102
152.091 208.602
152.091 208.602
152.457 209.102
152.457 209.102
152.823 209.602
152.823 209.602
153.189 210.102
153.189 210.102
153.372 210.352
153.554 210.602
153.554 210.602
153.92 211.102
153.92 211.102
154.286 211.602
154.286 211.602
154.286 211.602
154.286 211.602
154.652 212.102
154.652 212.102
154.835 212.352
155.018 212.602
155.018 212.602
155.384 213.102
155.384 213.102
155.75 213.602
155.75 213.602
156.115 214.102
156.115 214.102
156.481 214.602
156.481 214.602
156.664 214.852
156.664 214.852
156.847 215.102
157.213 215.602
157.213 215.602
157.213 215.602
157.213 215.602
157.579 216.102
157.579 216.102
157.945 216.602
157.945 216.602
158.311 217.102
158.311 217.102
158.676 217.602
158.676 217.602
158.676 217.602
159.042 218.102
159.042 218.102
159.042 218.102
159.042 218.102
159.042 218.102
159.408 218.602
159.408 218.602
159.408 218.602
159.408 218.602
159.774 219.102
159.774 219.102
159.774 219.102
160.14 219.602
160.14 219.602
160.14 219.602
160.14 219.602
160.506 220.102
160.506 220.102
160.689 220.352
160.871 220.602
160.871 220.602
161.237 221.102
161.237 221.102
161.237 221.102
161.603 221.602
161.969 222.102
161.969 222.102
161.969 222.102
162.335 222.602
162.335 222.602
162.335 222.602
162.335 222.602
162.701 223.102
163.067 223.602
163.067 223.602
163.067 223.602
163.067 223.602
163.432 224.102
163.432 224.102
163.798 224.602
163.798 224.602
164.164 225.102
164.164 225.102
164.53 225.602
164.53 225.602
164.53 225.602
164.53 225.602
164.896 226.102
164.896 226.102
164.896 226.102
165.262 226.602
165.262 226.602
165.262 226.602
165.628 227.102
165.628 227.102
165.993 227.602
165.993 227.602
165.993 227.602
165.993 227.602
166.359 228.102
166.359 228.102
166.359 228.102
166.542 228.352
166.542 228.352
166.725 228.602
167.091 229.102
167.091 229.102
167.091 229.102
167.457 229.602
167.457 229.602
167.457 229.602
167.457 229.602
167.457 229.602
167.823 230.102
168.006 230.352
168.006 230.352
168.006 230.352
168.189 230.602
168.554 231.102
168.554 231.102
168.554 231.102
168.92 231.602
168.92 231.602
168.92 231.602
169.286 232.102
169.286 232.102
169.286 232.102
169.286 232.102
169.652 232.602
169.652 232.602
169.652 232.602
169.652 232.602
170.018 233.102
170.018 233.102
170.201 233.352
170.384 233.602
170.384 233.602
170.384 233.602
170.567 233.852
170.75 234.102
170.75 234.102
170.932 234.352
171.115 234.602
171.115 234.602
171.115 234.602
171.298 234.852
171.481 235.102
171.481 235.102
171.481 235.102
171.664 235.352
171.847 235.602
171.847 235.602
171.847 235.602
171.847 235.602
171.847 235.602
171.847 235.602
172.579 236.602
172.579 236.602
172.579 236.602
172.579 236.602
172.579 236.602
172.945 237.102
172.945 237.102
172.945 237.102
173.31 237.602
173.31 237.602
173.31 237.602
173.31 237.602
173.676 238.102
173.676 238.102
173.676 238.102
174.042 238.602
174.042 238.602
174.042 238.602
174.042 238.602
174.042 238.602
174.408 239.102
174.408 239.102
174.408 239.102
174.591 239.352
174.774 239.602
174.774 239.602
174.774 239.602
175.14 240.102
175.506 240.602
175.506 240.602
175.506 240.602
175.871 241.102
175.871 241.102
175.871 241.102
175.871 241.102
176.237 241.602
176.237 241.602
176.237 241.602
176.237 241.602
176.603 242.102
176.786 242.352
176.786 242.352
176.786 242.352
176.786 242.352
176.969 242.602
177.335 243.102
177.335 243.102
177.335 243.102
177.701 243.602
177.701 243.602
177.701 243.602
177.701 243.602
177.701 243.602
177.701 243.602
177.701 243.602
178.067 244.102
178.432 244.602
178.432 244.602
178.432 244.602
178.432 244.602
178.432 244.602
178.798 245.102
178.798 245.102
178.798 245.102
178.798 245.102
178.798 245.102
178.981 245.352
179.164 245.602
179.164 245.602
179.164 245.602
179.164 245.602
179.53 246.102
179.713 246.352
179.713 246.352
179.896 246.602
179.896 246.602
179.896 246.602
180.079 246.852
180.262 247.102
180.445 247.352
180.628 247.602
180.628 247.602
180.628 247.602
180.628 247.602
180.628 247.602
180.628 247.602
180.993 248.102
181.176 248.352
181.359 248.602
181.359 248.602
181.359 248.602
181.359 248.602
181.725 249.102
181.725 249.102
182.091 249.602
182.091 249.602
182.091 249.602
182.091 249.602
182.091 249.602
182.457 250.102
182.823 250.602
182.823 250.602
183.006 250.852
183.189 251.102
183.189 251.102
183.371 251.352
183.554 251.602
183.554 251.602
183.554 251.602
183.554 251.602
183.554 251.602
183.554 251.602
183.92 252.102
184.103 252.352
184.103 252.352
184.103 252.352
184.103 252.352
184.286 252.602
184.652 253.102
184.652 253.102
184.652 253.102
184.835 253.352
184.835 253.352
185.018 253.602
185.018 253.602
185.018 253.602
185.018 253.602
185.018 253.602
185.384 254.102
185.567 254.352
185.749 254.602
185.749 254.602
185.932 254.852
185.932 254.852
185.932 254.852
186.115 255.102
186.298 255.352
186.481 255.602
186.481 255.602
186.481 255.602
186.481 255.602
186.481 255.602
186.481 255.602
187.213 256.602
187.213 256.602
187.213 256.602
187.579 257.102
187.945 257.602
187.945 257.602
187.945 257.602
187.945 257.602
187.945 257.602
188.676 258.602
188.676 258.602
188.676 258.602
188.676 258.602
188.676 258.602
188.859 258.852
189.042 259.102
189.408 259.602
189.408 259.602
189.408 259.602
189.408 259.602
189.408 259.602
189.408 259.602
189.774 260.102
189.774 260.102
189.957 260.352
190.14 260.602
190.14 260.602
190.332 260.852
190.524 261.102
190.524 261.102
190.909 261.602
190.909 261.602
190.909 261.602
191.294 262.102
191.294 262.102
191.294 262.102
191.294 262.102
191.831 262.852
191.831 262.852
191.831 262.852
191.831 262.852
192.29 263.602
192.29 263.602
192.29 263.602
192.443 263.852
192.75 264.352
192.75 264.352
192.903 264.602
192.903 264.602
192.903 264.602
192.903 264.602
193.269 265.102
193.634 265.602
193.634 265.602
193.634 265.602
194 266.102
194 266.102
194.366 266.602
194.366 266.602
194.366 266.602
194.732 267.102
194.915 267.352
194.915 267.352
194.915 267.352
194.915 267.352
195.098 267.602
195.464 268.102
195.464 268.102
195.464 268.102
195.83 268.602
195.83 268.602
195.83 268.602
195.83 268.602
195.83 268.602
196.195 269.102
196.195 269.102
196.378 269.352
196.378 269.352
196.378 269.352
196.561 269.602
196.927 270.102
196.927 270.102
197.293 270.602
197.293 270.602
197.476 270.852
197.659 271.102
197.659 271.102
197.842 271.352
198.025 271.602
198.025 271.602
198.025 271.602
198.025 271.602
198.025 271.602
198.208 271.852
198.208 271.852
198.208 271.852
198.208 271.852
198.573 272.352
198.756 272.602
198.756 272.602
198.756 272.602
198.756 272.602
198.756 272.602
198.756 272.602
198.756 272.602
199.122 273.102
199.305 273.352
199.488 273.602
199.488 273.602
199.488 273.602
199.488 273.602
199.854 274.102
199.854 274.102
199.854 274.102
200.22 274.602
200.22 274.602
200.22 274.602
200.22 274.602
200.22 274.602
200.22 274.602
200.951 275.602
200.951 275.602
200.951 275.602
201.317 276.102
201.317 276.102
201.5 276.352
201.683 276.602
201.683 276.602
201.683 276.602
201.683 276.602
201.683 276.602
201.683 276.602
202.232 277.352
202.232 277.352
202.232 277.352
202.415 277.602
202.781 278.102
202.781 278.102
203.147 278.602
203.147 278.602
203.147 278.602
203.147 278.602
203.147 278.602
203.878 279.602
203.878 279.602
203.878 279.602
204.061 279.852
204.244 280.102
204.244 280.102
204.427 280.352
204.61 280.602
204.61 280.602
204.61 280.602
204.61 280.602
204.61 280.602
204.61 280.602
205.342 281.602
205.342 281.602
205.342 281.602
205.708 282.102
205.708 282.102
206.073 282.602
206.073 282.602
206.073 282.602
206.073 282.602
206.073 282.602
206.073 282.602
206.805 283.602
206.805 283.602
206.805 283.602
206.805 283.602
206.988 283.852
207.171 284.102
207.537 284.602
207.537 284.602
207.537 284.602
207.537 284.602
207.537 284.602
207.537 284.602
207.903 285.102
207.903 285.102
208.086 285.352
208.269 285.602
208.269 285.602
208.269 285.602
208.451 285.852
208.634 286.102
208.634 286.102
209 286.602
209 286.602
209 286.602
209.366 287.102
209.366 287.102
209.732 287.602
209.732 287.602
209.732 287.602
210.098 288.102
210.098 288.102
210.098 288.102
210.464 288.602
210.464 288.602
210.464 288.602
210.464 288.602
211.927 290.602
212.659 291.602
212.659 291.602
212.659 291.602
212.659 291.602
212.659 291.602
213.39 292.602
213.39 292.602
213.39 292.602
213.39 292.602
213.39 292.602
213.39 292.602
213.939 293.352
213.939 293.352
214.488 294.102
214.488 294.102
214.854 294.602
214.854 294.602
214.854 294.602
215.22 295.102
215.22 295.102
215.768 295.852
215.768 295.852
216.317 296.602
216.317 296.602
216.317 296.602
216.866 297.352
216.866 297.352
216.866 297.352
217.964 298.852
217.964 298.852
217.964 298.852
