1.7567 1.63958
2.02455 1.88958
2.29241 2.13958
2.56027 2.38958
2.56027 2.38958
2.82813 2.63958
2.82813 2.63958
3.09598 2.88958
3.09598 2.88958
3.36384 3.13958
3.36384 3.13958
3.6317 3.38958
3.6317 3.38958
4.16741 3.88958
4.16741 3.88958
4.43527 4.13958
4.43527 4.13958
4.70313 4.38958
4.70313 4.38958
4.97098 4.63958
4.97098 4.63958
5.23884 4.88958
5.23884 4.88958
5.5067 5.13958
5.5067 5.13958
5.77456 5.38958
5.77456 5.38958
6.04241 5.63958
6.31027 5.88958
6.57813 6.13958
6.84598 6.38958
6.84598 6.38958
7.11384 6.63958
7.11384 6.63958
7.3817 6.88958
7.3817 6.88958
7.64956 7.13958
7.64956 7.13958
7.91741 7.38958
7.91741 7.38958
8.18527 7.63958
8.18527 7.63958
8.45313 7.88958
8.45313 7.88958
8.72099 8.13958
8.72099 8.13958
8.98884 8.38958
8.98884 8.38958
9.2567 8.63958
9.2567 8.63958
9.52456 8.88958
9.79241 9.13958
9.79241 9.13958
10.0603 9.38958
10.3281 9.63958
10.596 9.88958
10.8638 10.1396
10.8638 10.1396
11.1317 10.3896
11.1317 10.3896
11.3996 10.6396
11.3996 10.6396
11.6674 10.8896
11.6674 10.8896
11.9353 11.1396
11.9353 11.1396
12.2031 11.3896
12.2031 11.3896
12.471 11.6396
12.7388 11.8896
13.0067 12.1396
13.0067 12.1396
13.2746 12.3896
13.2746 12.3896
13.5424 12.6396
13.5424 12.6396
13.8103 12.8896
13.8103 12.8896
14.0781 13.1396
14.0781 13.1396
14.346 13.3896
14.346 13.3896
14.6138 13.6396
14.8817 13.8896
15.1496 14.1396
15.4174 14.3896
15.4174 14.3896
15.6853 14.6396
15.6853 14.6396
15.9531 14.8896
15.9531 14.8896
16.221 15.1396
16.221 15.1396
16.4888 15.3896
16.4888 15.3896
16.7567 15.6396
16.7567 15.6396
17.0246 15.8896
17.0246 15.8896
17.2924 16.1396
17.2924 16.1396
17.5603 16.3896
17.5603 16.3896
17.8281 16.6396
18.096 16.8896
18.3638 17.1396
18.6317 17.3896
19.4353 18.1396
19.7031 18.3896
19.7031 18.3896
19.971 18.6396
19.971 18.6396
20.2388 18.8896
20.2388 18.8896
20.5067 19.1396
20.5067 19.1396
20.7746 19.3896
20.7746 19.3896
21.0424 19.6396
21.3103 19.8896
21.5781 20.1396
21.846 20.3896
21.846 20.3896
22.1138 20.6396
22.1138 20.6396
22.3817 20.8896
22.3817 20.8896
22.6496 21.1396
22.6496 21.1396
22.9174 21.3896
22.9174 21.3896
23.9888 22.3896
23.9888 22.3896
24.2567 22.6396
24.2567 22.6396
24.5246 22.8896
24.5246 22.8896
24.7924 23.1396
24.7924 23.1396
25.0603 23.3896
25.0603 23.3896
25.3281 23.6396
25.3281 23.6396
25.596 23.8896
25.596 23.8896
25.8638 24.1396
26.1317 24.3896
26.1317 24.3896
26.3996 24.6396
26.3996 24.6396
26.6674 24.8896
26.6674 24.8896
26.9353 25.1396
26.9353 25.1396
27.2031 25.3896
27.2031 25.3896
28.0067 26.1396
28.2746 26.3896
28.2746 26.3896
28.5424 26.6396
28.5424 26.6396
28.8103 26.8896
28.8103 26.8896
29.0781 27.1396
29.0781 27.1396
29.346 27.3896
29.346 27.3896
29.8817 27.8896
30.1496 28.1396
30.4174 28.3896
30.4174 28.3896
30.6853 28.6396
30.6853 28.6396
30.9531 28.8896
30.9531 28.8896
31.221 29.1396
31.221 29.1396
31.4889 29.3896
31.4889 29.3896
31.7567 29.6396
32.0246 29.8896
32.5603 30.3896
32.5603 30.3896
32.8281 30.6396
32.8281 30.6396
33.096 30.8896
33.096 30.8896
33.3639 31.1396
33.3639 31.1396
33.6317 31.3896
33.6317 31.3896
33.8996 31.6396
33.8996 31.6396
34.1674 31.8896
34.1674 31.8896
34.4353 32.1396
34.4353 32.1396
34.7031 32.3896
34.7031 32.3896
34.971 32.6396
34.971 32.6396
35.2389 32.8896
35.2389 32.8896
35.5067 33.1396
35.5067 33.1396
35.7746 33.3896
35.7746 33.3896
36.0424 33.6396
36.3103 33.8896
36.3103 33.8896
36.5781 34.1396
36.5781 34.1396
36.846 34.3896
36.846 34.3896
37.1139 34.6396
37.1139 34.6396
37.3817 34.8896
37.3817 34.8896
37.6496 35.1396
37.6496 35.1396
37.9174 35.3896
37.9174 35.3896
38.1853 35.6396
38.4531 35.8896
38.4531 35.8896
38.721 36.1396
38.9889 36.3896
38.9889 36.3896
39.2567 36.6396
39.2567 36.6396
39.5246 36.8896
39.5246 36.8896
39.7924 37.1396
39.7924 37.1396
40.0603 37.3896
40.0603 37.3896
40.3281 37.6396
40.596 37.8896
40.596 37.8896
40.8639 38.1396
41.1317 38.3896
41.1317 38.3896
41.3996 38.6396
41.3996 38.6396
41.6674 38.8896
41.6674 38.8896
41.9353 39.1396
41.9353 39.1396
42.2031 39.3896
42.2031 39.3896
42.471 39.6396
42.471 39.6396
42.7389 39.8896
42.7389 39.8896
43.0067 40.1396
43.0067 40.1396
43.2746 40.3896
43.2746 40.3896
43.5424 40.6396
43.8103 40.8896
44.0781 41.1396
44.2121 41.2646
44.346 41.3896
44.346 41.3896
44.346 41.3896
44.346 41.3896
44.346 41.3896
44.6139 41.6396
44.8817 41.8896
44.8817 41.8896
44.8817 41.8896
45.1496 42.1396
45.1496 42.1396
45.1496 42.1396
45.4174 42.3896
45.4174 42.3896
45.4174 42.3896
45.6853 42.6396
45.6853 42.6396
45.9531 42.8896
45.9531 42.8896
46.221 43.1396
46.221 43.1396
46.4889 43.3896
46.4889 43.3896
46.7567 43.6396
47.0246 43.8896
47.0246 43.8896
47.2924 44.1396
47.5603 44.3896
47.5603 44.3896
47.8281 44.6396
47.8281 44.6396
48.096 44.8896
48.096 44.8896
48.3639 45.1396
48.3639 45.1396
48.6317 45.3896
48.6317 45.3896
48.8996 45.6396
49.1674 45.8896
49.1674 45.8896
49.4353 46.1396
49.7031 46.3896
49.7031 46.3896
49.971 46.6396
50.2389 46.8896
50.2389 46.8896
50.5067 47.1396
50.5067 47.1396
50.5067 47.1396
50.7746 47.3896
50.7746 47.3896
51.0424 47.6396
51.0424 47.6396
51.3103 47.8896
51.5781 48.1396
51.846 48.3896
51.846 48.3896
52.1139 48.6396
52.3817 48.8896
52.3817 48.8896
52.6496 49.1396
52.9174 49.3896
53.1853 49.6396
53.4531 49.8896
53.721 50.1396
53.9889 50.3896
55.8639 52.1396
55.9978 52.2646
56.1317 52.3896
56.1317 52.3896
56.1317 52.3896
56.1317 52.3896
56.1317 52.3896
56.1317 52.3896
56.3996 52.6396
56.6674 52.8896
56.9353 53.1396
56.9353 53.1396
56.9353 53.1396
56.9353 53.1396
56.9353 53.1396
56.9353 53.1396
57.471 53.6396
57.7389 53.8896
58.0067 54.1396
58.2746 54.3896
58.2746 54.3896
58.5424 54.6396
58.5424 54.6396
58.8103 54.8896
58.8103 54.8896
59.0781 55.1396
59.0781 55.1396
59.346 55.3896
59.346 55.3896
59.6139 55.6396
59.8817 55.8896
59.8817 55.8896
60.1496 56.1396
60.1496 56.1396
60.4174 56.3896
60.4174 56.3896
60.6853 56.6396
60.6853 56.6396
60.9531 56.8896
60.9531 56.8896
61.221 57.1396
61.221 57.1396
61.4889 57.3896
61.4889 57.3896
61.4889 57.3896
61.7567 57.6396
62.0246 57.8896
62.2924 58.1396
62.2924 58.1396
62.5603 58.3896
62.5603 58.3896
62.8282 58.6396
62.8282 58.6396
63.096 58.8896
63.096 58.8896
63.3639 59.1396
63.3639 59.1396
63.6317 59.3896
63.6317 59.3896
63.8996 59.6396
63.8996 59.6396
64.1674 59.8896
64.1674 59.8896
64.4353 60.1396
64.4353 60.1396
64.7032 60.3896
64.7032 60.3896
64.971 60.6396
64.971 60.6396
65.2389 60.8896
65.5067 61.1396
65.5067 61.1396
65.7746 61.3896
66.0424 61.6396
66.3103 61.8896
66.5782 62.1396
66.5782 62.1396
66.846 62.3896
66.846 62.3896
67.1139 62.6396
67.1139 62.6396
67.3817 62.8896
67.3817 62.8896
67.6496 63.1396
67.6496 63.1396
67.9174 63.3896
67.9174 63.3896
67.9174 63.3896
68.1853 63.6396
68.4532 63.8896
68.721 64.1396
68.721 64.1396
68.9889 64.3896
68.9889 64.3896
69.2567 64.6396
69.2567 64.6396
69.5246 64.8896
69.5246 64.8896
69.7924 65.1396
69.7924 65.1396
69.7924 65.1396
70.0603 65.3896
70.0603 65.3896
70.0603 65.3896
70.3282 65.6396
70.596 65.8896
70.8639 66.1396
71.1317 66.3896
71.1317 66.3896
71.3996 66.6396
71.3996 66.6396
71.6674 66.8896
71.6674 66.8896
71.9353 67.1396
71.9353 67.1396
72.2032 67.3896
72.2032 67.3896
72.471 67.6396
72.471 67.6396
72.7389 67.8896
72.7389 67.8896
73.0067 68.1396
73.0067 68.1396
73.2746 68.3896
73.2746 68.3896
73.5424 68.6396
73.8103 68.8896
74.0782 69.1396
74.346 69.3896
74.346 69.3896
74.346 69.3896
74.346 69.3896
74.6139 69.6396
74.8817 69.8896
74.8817 69.8896
75.1496 70.1396
75.1496 70.1396
75.4174 70.3896
75.4174 70.3896
75.6853 70.6396
75.6853 70.6396
75.9532 70.8896
75.9532 70.8896
76.221 71.1396
76.221 71.1396
76.4889 71.3896
76.4889 71.3896
76.7567 71.6396
77.0246 71.8896
77.0246 71.8896
77.2924 72.1396
77.2924 72.1396
77.5603 72.3896
77.5603 72.3896
77.8282 72.6396
77.8282 72.6396
78.096 72.8896
78.096 72.8896
78.3639 73.1396
78.3639 73.1396
78.6317 73.3896
78.6317 73.3896
78.8996 73.6396
79.1674 73.8896
79.4353 74.1396
79.7032 74.3896
79.7032 74.3896
79.971 74.6396
79.971 74.6396
80.2389 74.8896
80.2389 74.8896
80.5067 75.1396
80.5067 75.1396
80.7746 75.3896
80.7746 75.3896
81.0424 75.6396
81.0424 75.6396
81.3103 75.8896
81.3103 75.8896
81.5782 76.1396
81.5782 76.1396
81.846 76.3896
81.846 76.3896
82.1139 76.6396
82.1139 76.6396
82.3817 76.8896
82.6496 77.1396
82.6496 77.1396
82.9174 77.3896
83.1853 77.6396
83.4532 77.8896
83.721 78.1396
83.721 78.1396
83.9889 78.3896
83.9889 78.3896
84.2567 78.6396
84.2567 78.6396
84.5246 78.8896
84.5246 78.8896
84.7924 79.1396
84.7924 79.1396
85.0603 79.3896
85.0603 79.3896
85.3282 79.6396
85.596 79.8896
85.8639 80.1396
85.8639 80.1396
86.1317 80.3896
86.1317 80.3896
86.3996 80.6396
86.3996 80.6396
86.6674 80.8896
86.6674 80.8896
86.9353 81.1396
86.9353 81.1396
87.2032 81.3896
87.2032 81.3896
87.471 81.6396
87.7389 81.8896
88.0067 82.1396
88.2746 82.3896
88.2746 82.3896
88.5424 82.6396
88.5424 82.6396
88.8103 82.8896
88.8103 82.8896
89.0782 83.1396
89.0782 83.1396
89.346 83.3896
89.346 83.3896
89.6139 83.6396
89.6139 83.6396
89.8817 83.8896
89.8817 83.8896
90.1496 84.1396
90.1496 84.1396
90.4174 84.3896
90.4174 84.3896
90.6853 84.6396
90.6853 84.6396
90.9532 84.8896
90.9532 84.8896
91.221 85.1396
91.4889 85.3896
91.7567 85.6396
91.7567 85.6396
92.0246 85.8896
92.0246 85.8896
92.2924 86.1396
92.2924 86.1396
92.5603 86.3896
92.5715 86.4
92.8282 86.6396
92.8393 86.65
93.096 86.8896
93.1072 86.9
93.3639 87.1396
93.375 87.15
93.6317 87.3896
93.6429 87.4
94.1674 87.8896
94.1786 87.9
94.4353 88.1396
94.4465 88.15
94.7032 88.3896
94.7143 88.4
94.971 88.6396
94.9822 88.65
95.2389 88.8896
95.25 88.9
95.5067 89.1396
95.5179 89.15
95.7746 89.3896
95.7858 89.4
96.0536 89.65
96.3215 89.9
96.5893 90.15
96.846 90.3896
96.8572 90.4
97.1139 90.6396
97.125 90.65
97.3817 90.8896
97.3929 90.9
97.6496 91.1396
97.6608 91.15
97.9174 91.3896
97.9286 91.4
98.1853 91.6396
98.1965 91.65
98.4532 91.8896
98.4643 91.9
98.721 92.1396
98.7322 92.15
98.9889 92.3896
99 92.4
99.2567 92.6396
99.2679 92.65
99.5358 92.9
99.7925 93.1396
99.8036 93.15
100.071 93.4
100.339 93.65
100.607 93.9
100.864 94.1396
100.875 94.15
101.132 94.3896
101.143 94.4
101.4 94.6396
101.411 94.65
101.667 94.8896
101.679 94.9
101.935 95.1396
101.946 95.15
102.203 95.3896
102.214 95.4
102.482 95.65
102.75 95.9
103.007 96.1396
103.018 96.15
103.275 96.3896
103.286 96.4
103.542 96.6396
103.554 96.65
103.81 96.8896
103.821 96.9
104.078 97.1396
104.089 97.15
104.346 97.3896
104.357 97.4
104.625 97.65
104.893 97.9
105.161 98.15
105.417 98.3896
105.429 98.4
105.685 98.6396
105.696 98.65
105.953 98.8896
105.964 98.9
106.221 99.1396
106.232 99.15
106.489 99.3896
106.5 99.4
106.757 99.6396
106.768 99.65
107.025 99.8896
107.036 99.9
107.292 100.14
107.304 100.15
107.56 100.39
107.571 100.4
107.839 100.65
108.107 100.9
108.375 101.15
108.643 101.4
109.435 102.14
109.703 102.39
109.714 102.4
109.971 102.64
109.982 102.65
110.239 102.89
110.25 102.9
110.507 103.14
110.518 103.15
110.775 103.39
110.786 103.4
111.054 103.65
111.321 103.9
111.578 104.14
111.846 104.39
111.857 104.4
112.114 104.64
112.125 104.65
112.382 104.89
112.393 104.9
112.65 105.14
112.661 105.15
112.917 105.39
112.929 105.4
113.989 106.39
114 106.4
114.257 106.64
114.268 106.65
114.525 106.89
114.536 106.9
114.792 107.14
114.804 107.15
115.06 107.39
115.071 107.4
115.328 107.64
115.339 107.65
115.596 107.89
115.607 107.9
115.864 108.14
116.132 108.39
116.143 108.4
116.4 108.64
116.411 108.65
116.667 108.89
116.679 108.9
116.935 109.14
116.938 109.142
116.946 109.15
117.203 109.39
117.205 109.392
117.214 109.4
117.73 109.881
118.007 110.14
118.275 110.39
118.286 110.4
118.542 110.64
118.554 110.65
118.81 110.89
118.821 110.9
119.078 111.14
119.089 111.15
119.346 111.39
119.357 111.4
119.882 111.89
120.15 112.14
120.417 112.39
120.429 112.4
120.685 112.64
120.696 112.65
120.953 112.89
120.964 112.9
121.221 113.14
121.232 113.15
121.489 113.39
121.5 113.4
121.768 113.65
122.036 113.9
122.56 114.39
122.571 114.4
122.828 114.64
122.839 114.65
123.096 114.89
123.107 114.9
123.364 115.14
123.375 115.15
123.632 115.39
123.643 115.4
123.9 115.64
123.911 115.65
124.167 115.89
124.179 115.9
124.435 116.14
124.446 116.15
124.703 116.39
124.714 116.4
124.971 116.64
124.982 116.65
125.239 116.89
125.25 116.9
125.507 117.14
125.518 117.15
125.534 117.165
125.775 117.39
125.786 117.4
125.801 117.415
126.054 117.65
126.31 117.89
126.321 117.9
126.578 118.14
126.589 118.15
126.846 118.39
126.857 118.4
127.114 118.64
127.125 118.65
127.382 118.89
127.393 118.9
127.65 119.14
127.661 119.15
127.917 119.39
127.929 119.4
128.196 119.65
128.453 119.89
128.464 119.9
128.721 120.14
128.989 120.39
129 120.4
129.257 120.64
129.268 120.65
129.525 120.89
129.536 120.9
129.792 121.14
129.804 121.15
130.06 121.39
130.071 121.4
130.339 121.65
130.596 121.89
130.607 121.9
130.864 122.14
131.132 122.39
131.143 122.4
131.4 122.64
131.411 122.65
131.667 122.89
131.679 122.9
131.935 123.14
131.946 123.15
132.203 123.39
132.214 123.4
132.471 123.64
132.482 123.65
132.739 123.89
132.75 123.9
133.007 124.14
133.018 124.15
133.275 124.39
133.286 124.4
133.554 124.65
133.821 124.9
134.094 125.154
134.201 125.254
134.355 125.398
134.357 125.4
134.357 125.4
134.357 125.4
134.357 125.4
134.618 125.644
134.864 125.873
134.882 125.89
134.893 125.9
135.127 126.119
135.15 126.14
135.161 126.15
135.417 126.39
135.429 126.4
135.429 126.4
135.685 126.64
135.696 126.65
135.953 126.89
135.964 126.9
136.221 127.14
136.232 127.15
136.489 127.39
136.5 127.4
136.768 127.65
137.025 127.89
137.036 127.9
137.292 128.14
137.56 128.39
137.571 128.4
137.828 128.64
137.839 128.65
138.096 128.89
138.107 128.9
138.364 129.14
138.375 129.15
138.415 129.188
138.632 129.39
138.643 129.4
138.672 129.427
138.911 129.65
139.167 129.89
139.179 129.9
139.435 130.14
139.703 130.39
139.714 130.4
139.982 130.65
140.239 130.89
140.25 130.9
140.507 131.14
140.518 131.15
140.518 131.15
140.775 131.39
140.786 131.4
141.042 131.64
141.054 131.65
141.321 131.9
141.578 132.14
141.846 132.39
141.846 132.39
142.382 132.89
142.382 132.89
142.917 133.39
142.917 133.39
143.185 133.64
143.453 133.89
143.721 134.14
143.967 134.369
143.989 134.39
143.989 134.39
144.194 134.581
144.257 134.64
144.257 134.64
144.433 134.804
144.525 134.89
144.525 134.89
144.734 135.085
144.792 135.14
144.792 135.14
145.328 135.64
145.596 135.89
145.864 136.14
146.132 136.39
146.143 136.4
146.4 136.64
146.411 136.65
146.667 136.89
146.679 136.9
146.935 137.14
146.946 137.15
147.203 137.39
147.214 137.4
147.482 137.65
147.739 137.89
147.75 137.9
148.007 138.14
148.018 138.15
148.275 138.39
148.286 138.4
148.542 138.64
148.554 138.65
148.81 138.89
148.821 138.9
149.078 139.14
149.089 139.15
149.346 139.39
149.357 139.4
149.357 139.4
149.625 139.65
149.893 139.9
150.161 140.15
150.161 140.15
150.417 140.39
150.429 140.4
150.685 140.64
150.696 140.65
150.953 140.89
150.964 140.9
151.221 141.14
151.232 141.15
151.489 141.39
151.5 141.4
151.757 141.64
151.768 141.65
152.025 141.89
152.036 141.9
152.292 142.14
152.304 142.15
152.56 142.39
152.571 142.4
152.828 142.64
152.839 142.65
153.107 142.9
153.364 143.14
153.375 143.15
153.643 143.4
153.911 143.65
154.179 143.9
154.435 144.14
154.446 144.15
154.703 144.39
154.714 144.4
154.971 144.64
154.982 144.65
155.239 144.89
155.25 144.9
155.507 145.14
155.518 145.15
155.775 145.39
155.786 145.4
155.786 145.4
156.054 145.65
156.321 145.9
156.578 146.14
156.589 146.15
156.846 146.39
156.857 146.4
157.114 146.64
157.125 146.65
157.382 146.89
157.393 146.9
157.65 147.14
157.65 147.14
157.661 147.15
157.917 147.39
157.929 147.4
157.929 147.4
158.196 147.65
158.464 147.9
158.732 148.15
158.989 148.39
159 148.4
159.257 148.64
159.268 148.65
159.525 148.89
159.536 148.9
159.792 149.14
159.804 149.15
160.06 149.39
160.071 149.4
160.328 149.64
160.339 149.65
160.596 149.89
160.607 149.9
160.864 150.14
160.875 150.15
161.132 150.39
161.143 150.4
161.411 150.65
161.679 150.9
161.946 151.15
162.214 151.4
162.214 151.4
162.214 151.4
162.214 151.4
162.471 151.64
162.739 151.89
162.75 151.9
163.007 152.14
163.018 152.15
163.275 152.39
163.286 152.4
163.542 152.64
163.554 152.65
163.81 152.89
163.821 152.9
164.078 153.14
164.089 153.15
164.346 153.39
164.357 153.4
164.625 153.65
164.882 153.89
164.893 153.9
165.15 154.14
165.161 154.15
165.417 154.39
165.429 154.4
165.685 154.64
165.696 154.65
165.953 154.89
165.964 154.9
166.221 155.14
166.232 155.15
166.489 155.39
166.5 155.4
166.768 155.65
167.036 155.9
167.304 156.15
167.56 156.39
167.571 156.4
167.828 156.64
167.839 156.65
168.096 156.89
168.107 156.9
168.364 157.14
168.375 157.15
168.632 157.39
168.643 157.4
168.9 157.64
168.911 157.65
169.167 157.89
169.179 157.9
169.435 158.14
169.446 158.15
169.703 158.39
169.714 158.4
169.971 158.64
169.982 158.65
170.25 158.9
170.507 159.14
170.518 159.15
170.786 159.4
171.054 159.65
171.321 159.9
171.578 160.14
171.589 160.15
171.846 160.39
171.857 160.4
172.114 160.64
172.125 160.65
172.382 160.89
172.393 160.9
172.65 161.14
172.661 161.15
172.917 161.39
172.929 161.4
173.196 161.65
173.464 161.9
173.721 162.14
173.732 162.15
173.989 162.39
174 162.4
174.257 162.64
174.268 162.65
174.525 162.89
174.536 162.9
174.792 163.14
174.804 163.15
175.06 163.39
175.071 163.4
175.339 163.65
175.607 163.9
175.875 164.15
176.132 164.39
176.143 164.4
176.4 164.64
176.411 164.65
176.667 164.89
176.679 164.9
176.935 165.14
176.946 165.15
177.203 165.39
177.214 165.4
177.471 165.64
177.482 165.65
177.739 165.89
177.75 165.9
178.007 166.14
178.018 166.15
178.275 166.39
178.286 166.4
178.542 166.64
178.554 166.65
178.81 166.89
178.822 166.9
179.089 167.15
179.357 167.4
179.625 167.65
179.893 167.9
180.161 168.15
180.417 168.39
180.417 168.39
180.417 168.39
180.417 168.39
180.417 168.39
180.417 168.39
180.417 168.39
180.417 168.39
180.417 168.39
181.757 169.64
182.025 169.89
182.292 170.14
182.56 170.39
182.572 170.4
182.828 170.64
182.839 170.65
183.096 170.89
183.107 170.9
183.364 171.14
183.375 171.15
183.632 171.39
183.643 171.4
183.911 171.65
184.167 171.89
184.179 171.9
184.435 172.14
184.447 172.15
184.703 172.39
184.714 172.4
184.971 172.64
184.982 172.65
185.239 172.89
185.25 172.9
185.507 173.14
185.518 173.15
185.775 173.39
185.786 173.4
185.786 173.4
186.054 173.65
186.089 173.683
186.322 173.9
186.344 173.921
186.58 174.142
186.589 174.15
186.589 174.15
186.837 174.381
186.846 174.39
186.857 174.4
187.114 174.64
187.125 174.65
187.382 174.89
187.393 174.9
187.65 175.14
187.661 175.15
187.917 175.39
187.929 175.4
188.185 175.64
188.197 175.65
188.453 175.89
188.464 175.9
188.721 176.14
188.732 176.15
188.989 176.39
189 176.4
189.257 176.64
189.268 176.65
189.536 176.9
189.792 177.14
189.804 177.15
190.072 177.4
190.313 177.625
190.339 177.65
190.411 177.717
190.529 177.827
190.607 177.9
190.853 178.129
190.864 178.14
190.875 178.15
191.132 178.39
191.143 178.4
191.161 178.417
191.4 178.64
191.411 178.65
191.667 178.89
191.679 178.9
191.935 179.14
191.947 179.15
192.203 179.39
192.214 179.4
192.214 179.4
192.482 179.65
192.576 179.738
192.75 179.9
192.822 179.967
193.007 180.14
193.018 180.15
193.036 180.167
193.275 180.39
193.286 180.4
193.295 180.408
193.542 180.64
193.554 180.65
193.81 180.89
193.822 180.9
194.078 181.14
194.078 181.14
194.089 181.15
194.346 181.39
194.357 181.4
194.357 181.4
194.625 181.65
194.634 181.658
194.893 181.9
194.897 181.904
195.161 182.15
195.172 182.16
195.417 182.39
195.429 182.4
195.551 182.515
195.685 182.64
195.697 182.65
195.953 182.89
195.964 182.9
196.221 183.14
196.232 183.15
196.489 183.39
196.5 183.4
196.757 183.64
196.768 183.65
197.025 183.89
197.036 183.9
197.292 184.14
197.304 184.15
197.56 184.39
197.572 184.4
197.839 184.65
198.107 184.9
198.375 185.15
198.63 185.387
198.638 185.396
198.643 185.4
198.643 185.4
198.643 185.4
198.643 185.4
198.9 185.64
198.902 185.642
198.902 185.642
199.156 185.879
199.165 185.887
199.167 185.89
199.179 185.9
199.433 186.137
199.435 186.14
199.442 186.146
199.447 186.15
199.703 186.39
199.708 186.394
199.71 186.396
199.714 186.4
199.971 186.64
199.982 186.65
200.239 186.89
200.25 186.9
200.507 187.14
200.518 187.15
200.775 187.39
200.786 187.4
201.054 187.65
201.31 187.89
201.322 187.9
201.578 188.14
201.589 188.15
201.846 188.39
201.857 188.4
201.857 188.4
202.114 188.64
202.125 188.65
202.382 188.89
202.393 188.9
202.65 189.14
202.661 189.15
202.917 189.39
202.929 189.4
203.197 189.65
203.464 189.9
203.732 190.15
203.989 190.39
204 190.4
204.027 190.425
204.257 190.64
204.268 190.65
204.525 190.89
204.536 190.9
204.792 191.14
204.804 191.15
205.06 191.39
205.072 191.4
205.328 191.64
205.339 191.65
205.596 191.89
205.607 191.9
205.864 192.14
205.875 192.15
206.132 192.39
206.141 192.398
206.143 192.4
206.4 192.64
206.411 192.65
206.679 192.9
206.935 193.14
206.947 193.15
207.214 193.4
207.482 193.65
207.75 193.9
208.007 194.14
208.018 194.15
208.261 194.377
208.275 194.39
208.286 194.4
208.542 194.64
208.554 194.65
208.81 194.89
208.822 194.9
209.078 195.14
209.089 195.15
209.346 195.39
209.357 195.4
209.625 195.65
209.893 195.9
210.15 196.14
210.161 196.15
210.417 196.39
210.429 196.4
210.462 196.431
210.685 196.64
210.697 196.65
210.953 196.89
210.964 196.9
211.221 197.14
211.232 197.15
211.489 197.39
211.5 197.4
211.768 197.65
212.036 197.9
212.304 198.15
212.56 198.39
212.572 198.4
212.594 198.421
212.828 198.64
212.839 198.65
213.096 198.89
213.107 198.9
213.364 199.14
213.375 199.15
213.627 199.385
213.632 199.39
213.643 199.4
213.9 199.64
213.911 199.65
214.167 199.89
214.179 199.9
214.435 200.14
214.447 200.15
214.703 200.39
214.714 200.4
214.719 200.404
214.971 200.64
214.982 200.65
215.239 200.89
215.25 200.9
215.518 201.15
215.786 201.4
216.054 201.65
216.322 201.9
216.578 202.14
216.589 202.15
216.813 202.358
216.846 202.39
216.846 202.39
217.114 202.64
217.114 202.64
217.382 202.89
217.382 202.89
217.65 203.14
217.65 203.14
217.917 203.39
217.917 203.39
218.185 203.64
218.453 203.89
218.721 204.14
218.721 204.14
218.976 204.377
218.989 204.39
218.989 204.39
219.257 204.64
219.257 204.64
219.525 204.89
219.525 204.89
219.792 205.14
219.792 205.14
220.054 205.383
220.06 205.39
220.06 205.39
220.328 205.64
220.596 205.89
220.596 205.89
220.864 206.14
221.105 206.365
221.132 206.39
221.132 206.39
221.4 206.64
221.4 206.64
221.667 206.89
221.667 206.89
221.935 207.14
221.935 207.14
222.203 207.39
222.203 207.39
222.471 207.64
222.498 207.665
222.853 207.996
223.007 208.14
223.275 208.39
223.275 208.39
223.275 208.39
223.275 208.39
223.275 208.39
223.368 208.477
225.355 210.331
226.009 210.942
226.554 211.45
226.556 211.452
226.567 211.463
226.616 211.508
226.757 211.64
227.025 211.89
227.293 212.14
227.549 212.379
227.56 212.39
227.815 212.627
227.828 212.64
228.078 212.873
228.096 212.89
228.337 213.115
228.364 213.14
228.623 213.381
228.632 213.39
229.168 213.89
229.435 214.14
229.663 214.352
229.703 214.39
229.933 214.604
229.971 214.64
230.212 214.865
230.239 214.89
230.453 215.09
230.507 215.14
230.719 215.338
230.775 215.39
230.98 215.581
231.297 215.877
231.799 216.346
231.846 216.39
232.101 216.627
232.114 216.64
232.364 216.873
232.382 216.89
232.618 217.11
232.65 217.14
232.895 217.369
232.918 217.39
233.145 217.602
233.185 217.64
233.411 217.85
233.453 217.89
233.685 218.106
233.721 218.14
233.951 218.354
233.989 218.39
234.239 218.623
234.257 218.64
234.534 218.898
234.77 219.119
234.793 219.14
235.034 219.365
235.272 219.588
235.563 219.858
235.864 220.14
236.096 220.356
236.132 220.39
236.4 220.64
236.411 220.65
236.668 220.89
236.674 220.896
236.935 221.14
236.938 221.142
237.179 221.367
237.203 221.39
238.007 222.14
238.234 222.352
238.275 222.39
238.522 222.621
238.543 222.64
238.81 222.89
238.817 222.896
239.058 223.121
239.078 223.14
239.326 223.371
239.346 223.39
240.371 224.346
240.418 224.39
240.643 224.6
240.958 224.894
241.279 225.194
241.609 225.502
242.025 225.89
242.56 226.39
243.73 227.481
245.741 229.358
245.801 229.415
246.17 229.758
246.346 229.923
246.402 229.975
246.563 230.125
246.618 230.177
246.77 230.319
246.826 230.371
246.962 230.498
247.067 230.596
247.165 230.688
247.286 230.8
247.502 231.002
247.509 231.008
247.777 231.258
247.784 231.265
247.978 231.446
248.051 231.515
248.368 231.81
248.697 232.117
248.781 232.196
249.134 232.525
249.556 232.919
250.797 234.077
