0.270833 0.40625
0.270833 0.40625
0.270833 0.40625
0.604166 0.90625
0.937499 1.40625
1.27083 1.90625
1.9375 2.90625
2.27083 3.40625
2.27083 3.40625
2.27083 3.40625
2.60416 3.90625
2.9375 4.40625
2.9375 4.40625
2.9375 4.40625
3.27083 4.90625
3.60416 5.40625
3.9375 5.90625
3.9375 5.90625
3.9375 5.90625
4.60416 6.90625
4.9375 7.40625
4.9375 7.40625
4.9375 7.40625
5.27083 7.90625
5.60416 8.40625
5.60416 8.40625
5.60416 8.40625
5.60416 8.40625
5.93749 8.90625
6.27083 9.40625
6.60416 9.90625
6.60416 9.90625
7.27083 10.9062
7.27083 10.9062
7.60416 11.4062
7.60416 11.4062
7.60416 11.4062
7.93749 11.9063
8.27083 12.4062
8.27083 12.4062
8.27083 12.4062
8.27083 12.4062
8.60416 12.9062
8.93749 13.4062
8.93749 13.4062
9.27082 13.9062
9.27082 13.9062
9.27082 13.9062
9.93749 14.9062
10.2708 15.4062
10.2708 15.4062
10.9375 16.4062
10.9375 16.4062
10.9375 16.4062
10.9375 16.4062
11.2708 16.9062
11.6042 17.4062
11.6042 17.4062
11.9375 17.9062
11.9375 17.9062
12.6042 18.9062
12.6042 18.9062
12.9375 19.4062
12.9375 19.4062
12.9375 19.4062
13.2708 19.9062
13.2708 19.9062
13.6042 20.4062
13.6042 20.4062
13.6042 20.4062
13.6042 20.4062
14.2708 21.4062
14.6042 21.9062
14.6042 21.9062
15.2708 22.9062
15.6042 23.4062
15.6042 23.4062
15.6042 23.4062
15.9375 23.9062
15.9375 23.9062
16.2708 24.4062
16.2708 24.4062
16.2708 24.4062
16.2708 24.4062
16.6042 24.9062
16.9375 25.4062
16.9375 25.4062
17.2708 25.9062
17.2708 25.9062
17.9375 26.9062
17.9375 26.9062
18.2708 27.4062
18.2708 27.4062
18.2708 27.4062
18.6041 27.9062
18.6041 27.9062
18.9375 28.4062
18.9375 28.4062
19.2708 28.9063
19.2708 28.9063
19.6041 29.4062
19.6041 29.4062
19.6041 29.4062
19.9375 29.9062
19.9375 29.9062
19.9375 29.9062
20.6041 30.9062
20.6041 30.9062
20.9375 31.4063
21.6041 32.4063
21.6041 32.4063
21.6041 32.4063
21.9375 32.9062
22.1041 33.1562
22.6041 33.9062
22.9375 34.4062
23.2708 34.9062
23.2708 34.9062
23.4375 35.1562
23.6041 35.4062
23.7708 35.6562
24.2708 36.4062
24.2708 36.4062
24.6041 36.9062
24.9375 37.4062
25.2708 37.9063
25.2708 37.9063
25.9375 38.9062
26.2708 39.4062
26.4375 39.6562
26.6041 39.9062
26.9375 40.4062
26.9375 40.4062
26.9375 40.4062
26.9375 40.4062
27.2708 40.9062
27.6041 41.4062
27.6041 41.4062
27.9375 41.9062
27.9375 41.9062
28.2708 42.4062
28.6041 42.9062
28.9375 43.4062
28.9375 43.4062
29.1041 43.6562
29.2708 43.9062
29.2708 43.9062
29.6041 44.4062
29.6041 44.4062
29.9375 44.9062
30.2708 45.4062
30.6041 45.9062
30.7708 46.1562
31.1041 46.6562
31.2708 46.9062
31.6041 47.4062
31.9375 47.9062
32.2708 48.4062
32.2708 48.4062
32.6041 48.9062
32.6041 48.9062
32.9375 49.4063
33.2708 49.9062
33.2708 49.9062
33.6041 50.4063
33.7708 50.6562
33.9375 50.9062
34.2708 51.4063
34.2708 51.4063
34.4375 51.6562
34.7708 52.1562
34.9375 52.4062
34.9375 52.4062
35.2708 52.9062
35.2708 52.9062
35.6041 53.4063
35.9375 53.9063
35.9375 53.9063
36.2708 54.4062
36.6041 54.9062
36.9375 55.4062
37.1041 55.6562
37.2708 55.9063
37.6041 56.4062
37.6041 56.4062
37.9375 56.9062
38.2708 57.4062
38.6041 57.9063
38.6041 57.9063
38.9375 58.4063
39.2708 58.9062
39.6041 59.4062
39.6041 59.4062
39.7708 59.6562
39.9375 59.9062
40.2708 60.4063
40.2708 60.4063
40.2708 60.4063
40.2708 60.4063
40.6041 60.9062
40.6041 60.9062
40.9375 61.4062
41.1041 61.6562
41.2708 61.9062
41.6041 62.4063
41.9375 62.9063
42.2708 63.4062
42.2708 63.4062
42.4375 63.6562
42.6041 63.9062
42.6041 63.9062
42.7708 64.1562
42.9375 64.4062
42.9375 64.4062
43.2708 64.9062
43.6041 65.4062
43.9375 65.9062
44.2708 66.4062
44.6041 66.9062
44.6041 66.9062
44.9375 67.4062
44.9375 67.4062
45.1041 67.6562
45.2708 67.9062
45.6041 68.4062
45.6041 68.4062
45.9375 68.9062
46.2708 69.4062
46.6041 69.9062
46.9375 70.4062
47.2708 70.9062
47.2708 70.9062
47.4375 71.1563
47.6041 71.4062
47.6041 71.4062
47.7708 71.6562
47.9375 71.9062
47.9375 71.9062
48.1041 72.1562
48.2708 72.4062
48.2708 72.4062
48.2708 72.4062
48.2708 72.4062
48.6041 72.9062
48.7708 73.1562
49.2708 73.9062
49.6041 74.4062
49.9375 74.9062
49.9375 74.9062
50.1041 75.1562
50.2708 75.4062
50.4374 75.6562
50.9374 76.4062
50.9374 76.4062
51.2708 76.9062
51.6041 77.4062
51.9374 77.9062
51.9374 77.9062
52.2708 78.4062
52.6041 78.9062
52.6041 78.9062
52.9374 79.4062
52.9374 79.4062
53.1041 79.6562
53.2708 79.9062
53.6041 80.4062
53.6041 80.4062
53.6041 80.4062
53.6041 80.4062
53.6041 80.4062
53.9374 80.9062
54.2708 81.4062
54.2708 81.4062
54.6041 81.9062
54.6041 81.9062
54.9374 82.4063
55.2708 82.9062
55.2708 82.9062
55.6041 83.4062
55.6041 83.4062
55.6041 83.4062
55.7708 83.6562
55.9374 83.9062
55.9374 83.9062
56.2708 84.4062
56.2708 84.4062
56.2708 84.4062
56.6041 84.9062
56.9374 85.4062
57.2708 85.9062
57.4374 86.1562
57.6041 86.4062
57.7708 86.6562
57.9374 86.9062
58.2708 87.4062
58.2708 87.4062
58.6041 87.9062
58.6041 87.9062
58.9374 88.4062
58.9374 88.4062
58.9374 88.4062
58.9374 88.4062
59.2708 88.9062
59.6041 89.4062
59.9374 89.9062
59.9374 89.9062
60.1041 90.1562
60.2708 90.4062
60.4374 90.6562
60.6041 90.9062
60.9374 91.4062
60.9374 91.4062
61.2708 91.9062
61.6041 92.4062
61.6041 92.4062
61.6041 92.4062
61.9374 92.9062
62.2708 93.4062
62.2708 93.4062
62.6041 93.9062
62.7708 94.1562
62.9374 94.4062
62.9374 94.4062
63.1041 94.6562
63.2708 94.9063
63.2708 94.9063
63.6041 95.4062
63.6041 95.4062
63.6041 95.4062
64.2708 96.4063
64.2708 96.4063
64.2708 96.4063
64.2708 96.4063
64.6041 96.9062
64.9374 97.4062
65.1041 97.6562
65.2708 97.9062
65.2708 97.9062
65.6041 98.4062
65.9374 98.9062
65.9374 98.9062
66.2708 99.4062
66.2708 99.4062
66.2708 99.4062
66.4374 99.6562
66.6041 99.9062
66.6041 99.9062
66.9374 100.406
66.9374 100.406
66.9374 100.406
66.9374 100.406
66.9374 100.406
67.2708 100.906
67.2708 100.906
67.6041 101.406
67.9374 101.906
67.9374 101.906
68.2708 102.406
68.6041 102.906
68.6041 102.906
68.9374 103.406
68.9374 103.406
68.9374 103.406
69.1041 103.656
69.2708 103.906
69.2708 103.906
69.2708 103.906
69.4374 104.156
69.6041 104.406
69.6041 104.406
69.6041 104.406
69.9374 104.906
70.2708 105.406
70.4374 105.656
70.6041 105.906
70.7708 106.156
70.9374 106.406
71.2708 106.906
71.6041 107.406
71.9374 107.906
72.2708 108.406
72.2708 108.406
72.6041 108.906
72.9374 109.406
72.9374 109.406
73.2708 109.906
73.6041 110.406
73.6041 110.406
73.6041 110.406
73.6041 110.406
73.6041 110.406
73.9374 110.906
73.9374 110.906
73.9374 110.906
74.2708 111.406
74.2708 111.406
74.4374 111.656
74.6041 111.906
74.9374 112.406
74.9374 112.406
74.9374 112.406
74.9374 112.406
75.2708 112.906
75.2708 112.906
75.4374 113.156
75.6041 113.406
75.9374 113.906
75.9374 113.906
76.2708 114.406
76.6041 114.906
76.6041 114.906
76.6041 114.906
76.7708 115.156
76.9374 115.406
76.9374 115.406
76.9374 115.406
77.1041 115.656
77.2708 115.906
77.2708 115.906
77.2708 115.906
77.4374 116.156
77.6041 116.406
77.6041 116.406
77.6041 116.406
77.9374 116.906
78.1041 117.156
78.2708 117.406
78.6041 117.906
79.1041 118.656
79.2708 118.906
79.4374 119.156
79.6041 119.406
79.9374 119.906
79.9374 119.906
80.1041 120.156
80.2708 120.406
80.2708 120.406
80.2708 120.406
80.6041 120.906
80.6041 120.906
80.9374 121.406
80.9374 121.406
81.2708 121.906
81.2708 121.906
81.4374 122.156
81.6041 122.406
81.6041 122.406
82.2708 123.406
82.2708 123.406
82.2708 123.406
82.2708 123.406
82.6041 123.906
82.6041 123.906
82.6041 123.906
82.9374 124.406
82.9374 124.406
82.9374 124.406
82.9374 124.406
82.9374 124.406
83.2708 124.906
83.6041 125.406
83.6041 125.406
83.6041 125.406
83.9374 125.906
83.9374 125.906
84.1041 126.156
84.2707 126.406
84.2707 126.406
84.2707 126.406
84.6041 126.906
84.9374 127.406
85.2707 127.906
85.6041 128.406
85.6041 128.406
85.6041 128.406
85.6041 128.406
85.6041 128.406
85.6041 128.406
85.9374 128.906
86.2707 129.406
86.2707 129.406
86.6041 129.906
86.7707 130.156
87.1041 130.656
87.2707 130.906
87.6041 131.406
87.6041 131.406
87.6041 131.406
87.9374 131.906
87.9374 131.906
88.2707 132.406
88.2707 132.406
88.2707 132.406
88.2707 132.406
88.2707 132.406
88.6041 132.906
88.7707 133.156
88.9374 133.406
88.9374 133.406
89.2707 133.906
89.2707 133.906
89.6041 134.406
89.6041 134.406
89.6041 134.406
89.6041 134.406
89.6041 134.406
89.9374 134.906
90.1041 135.156
90.2707 135.406
90.2707 135.406
90.4374 135.656
90.6041 135.906
90.6041 135.906
90.9374 136.406
90.9374 136.406
90.9374 136.406
90.9374 136.406
90.9374 136.406
91.2707 136.906
91.6041 137.406
91.9374 137.906
91.9374 137.906
91.9374 137.906
92.1041 138.156
92.2707 138.406
92.2707 138.406
92.2707 138.406
92.2707 138.406
92.6041 138.906
92.7707 139.156
92.9374 139.406
92.9374 139.406
93.1041 139.656
93.2707 139.906
93.2707 139.906
93.6041 140.406
93.6041 140.406
93.6041 140.406
93.6041 140.406
93.6041 140.406
93.9374 140.906
94.2707 141.406
94.6041 141.906
94.7707 142.156
95.1041 142.656
95.2707 142.906
95.6041 143.406
95.7707 143.656
95.9374 143.906
96.2707 144.406
96.2707 144.406
96.2707 144.406
96.2707 144.406
96.2707 144.406
96.2707 144.406
96.6041 144.906
96.9374 145.406
97.2707 145.906
97.6041 146.406
97.6041 146.406
98.6041 147.906
98.9374 148.406
98.9374 148.406
98.9374 148.406
99.2707 148.906
99.2707 148.906
99.6041 149.406
99.6041 149.406
99.9374 149.906
99.9374 149.906
100.271 150.406
100.271 150.406
100.604 150.906
100.604 150.906
100.937 151.406
100.937 151.406
101.604 152.406
101.604 152.406
101.604 152.406
101.604 152.406
101.604 152.406
101.937 152.906
102.271 153.406
102.604 153.906
102.604 153.906
102.937 154.406
103.104 154.656
103.271 154.906
103.437 155.156
103.604 155.406
103.937 155.906
103.937 155.906
104.271 156.406
104.271 156.406
104.271 156.406
104.271 156.406
104.604 156.906
104.937 157.406
104.937 157.406
105.271 157.906
105.437 158.156
105.604 158.406
105.771 158.656
105.937 158.906
106.271 159.406
106.271 159.406
106.604 159.906
106.937 160.406
106.937 160.406
106.937 160.406
106.937 160.406
107.271 160.906
107.604 161.406
107.937 161.906
107.937 161.906
108.604 162.906
108.937 163.406
108.937 163.406
108.937 163.406
109.271 163.906
109.271 163.906
109.604 164.406
109.604 164.406
109.604 164.406
109.937 164.906
110.271 165.406
110.604 165.906
110.604 165.906
111.271 166.906
111.604 167.406
112.271 168.406
112.271 168.406
112.271 168.406
112.271 168.406
112.271 168.406
112.604 168.906
112.937 169.406
113.271 169.906
113.271 169.906
113.937 170.906
114.271 171.406
114.271 171.406
114.271 171.406
114.604 171.906
114.604 171.906
114.937 172.406
114.937 172.406
114.937 172.406
114.937 172.406
114.937 172.406
115.271 172.906
115.604 173.406
115.937 173.906
115.937 173.906
115.937 173.906
116.604 174.906
116.937 175.406
116.937 175.406
116.937 175.406
117.271 175.906
117.604 176.406
117.604 176.406
117.604 176.406
117.604 176.406
117.937 176.906
118.271 177.406
118.604 177.906
118.604 177.906
118.604 177.906
119.604 179.406
119.604 179.406
119.604 179.406
119.604 179.406
119.937 179.906
120.271 180.406
120.271 180.406
120.271 180.406
120.271 180.406
120.604 180.906
120.937 181.406
121.271 181.906
121.937 182.906
122.271 183.406
122.271 183.406
122.271 183.406
122.937 184.406
122.937 184.406
122.937 184.406
122.937 184.406
122.937 184.406
123.271 184.906
123.604 185.406
123.937 185.906
124.604 186.906
124.937 187.406
125.271 187.906
125.604 188.406
125.937 188.906
126.271 189.406
126.604 189.906
126.604 189.906
127.271 190.906
127.271 190.906
127.604 191.406
128.271 192.406
128.271 192.406
128.271 192.406
128.271 192.406
128.271 192.406
128.604 192.906
128.937 193.406
128.937 193.406
129.271 193.906
129.271 193.906
129.271 193.906
129.271 193.906
129.271 193.906
129.604 194.406
129.604 194.406
129.937 194.906
130.271 195.406
130.271 195.406
130.271 195.406
130.604 195.906
130.604 195.906
130.604 195.906
130.937 196.406
130.937 196.406
130.937 196.406
130.937 196.406
130.937 196.406
131.271 196.906
131.604 197.406
131.937 197.906
131.937 197.906
132.271 198.406
132.604 198.906
132.604 198.906
132.937 199.406
133.604 200.406
133.604 200.406
133.604 200.406
133.604 200.406
133.604 200.406
133.937 200.906
134.271 201.406
134.271 201.406
134.604 201.906
134.604 201.906
134.604 201.906
134.604 201.906
134.937 202.406
134.937 202.406
134.937 202.406
135.271 202.906
135.604 203.406
135.604 203.406
135.604 203.406
135.937 203.906
135.937 203.906
135.937 203.906
136.271 204.406
136.271 204.406
136.271 204.406
136.271 204.406
136.271 204.406
136.604 204.906
136.937 205.406
136.937 205.406
137.271 205.906
137.271 205.906
137.604 206.406
137.937 206.906
138.271 207.406
138.271 207.406
138.604 207.906
138.937 208.406
138.937 208.406
138.937 208.406
138.937 208.406
138.937 208.406
139.271 208.906
139.604 209.406
139.604 209.406
139.937 209.906
139.937 209.906
139.937 209.906
139.937 209.906
140.271 210.406
140.271 210.406
140.271 210.406
140.604 210.906
140.937 211.406
140.937 211.406
141.271 211.906
141.604 212.406
141.604 212.406
141.604 212.406
141.604 212.406
141.937 212.906
141.937 212.906
142.271 213.406
142.271 213.406
142.604 213.906
142.604 213.906
142.604 213.906
142.937 214.406
142.937 214.406
142.937 214.406
142.937 214.406
142.937 214.406
143.271 214.906
143.604 215.406
143.604 215.406
143.604 215.406
144.271 216.406
144.271 216.406
144.271 216.406
144.271 216.406
144.271 216.406
144.604 216.906
144.937 217.406
144.937 217.406
145.271 217.906
145.271 217.906
145.271 217.906
145.604 218.406
145.604 218.406
145.604 218.406
145.604 218.406
145.604 218.406
145.937 218.906
146.271 219.406
146.271 219.406
146.604 219.906
146.604 219.906
146.604 219.906
146.937 220.406
146.937 220.406
146.937 220.406
146.937 220.406
146.937 220.406
147.437 221.156
147.437 221.156
147.437 221.156
147.937 221.906
147.937 221.906
147.937 221.906
148.271 222.406
148.271 222.406
148.271 222.406
148.937 223.406
148.937 223.406
148.937 223.406
149.271 223.906
149.604 224.406
149.604 224.406
149.604 224.406
149.604 224.406
149.604 224.406
150.104 225.156
150.104 225.156
150.604 225.906
150.604 225.906
150.937 226.406
150.937 226.406
150.937 226.406
151.437 227.156
151.604 227.406
151.937 227.906
152.271 228.406
152.271 228.406
152.271 228.406
154.937 232.406
154.937 232.406
154.937 232.406
155.271 232.906
155.437 233.156
155.937 233.906
156.271 234.406
156.604 234.906
156.604 234.906
156.771 235.156
156.937 235.406
157.104 235.656
157.604 236.406
157.604 236.406
157.937 236.906
158.271 237.406
158.604 237.906
158.604 237.906
159.271 238.906
159.604 239.406
159.771 239.656
159.937 239.906
160.271 240.406
160.271 240.406
160.271 240.406
160.271 240.406
160.604 240.906
160.937 241.406
160.937 241.406
161.271 241.906
161.271 241.906
161.604 242.406
161.937 242.906
162.271 243.406
162.271 243.406
162.437 243.656
162.604 243.906
162.604 243.906
162.937 244.406
162.937 244.406
163.271 244.906
163.604 245.406
163.937 245.906
164.104 246.156
164.437 246.656
164.604 246.906
164.937 247.406
165.271 247.906
165.604 248.406
165.604 248.406
165.937 248.906
165.937 248.906
166.271 249.406
166.604 249.906
166.604 249.906
166.937 250.406
167.104 250.656
167.271 250.906
167.604 251.406
167.604 251.406
167.771 251.656
168.104 252.156
168.271 252.406
168.271 252.406
168.604 252.906
168.604 252.906
168.937 253.406
169.271 253.906
169.271 253.906
169.604 254.406
169.937 254.906
170.271 255.406
170.437 255.656
170.604 255.906
170.937 256.406
170.937 256.406
171.271 256.906
171.604 257.406
171.937 257.906
171.937 257.906
172.271 258.406
172.604 258.906
172.937 259.406
172.937 259.406
173.104 259.656
173.271 259.906
173.604 260.406
173.604 260.406
173.604 260.406
173.604 260.406
173.937 260.906
173.937 260.906
174.271 261.406
174.437 261.656
174.604 261.906
174.937 262.406
175.271 262.906
175.604 263.406
175.604 263.406
175.771 263.656
175.937 263.906
175.937 263.906
176.104 264.156
176.271 264.406
176.271 264.406
176.604 264.906
176.937 265.406
177.271 265.906
177.604 266.406
177.937 266.906
177.937 266.906
178.271 267.406
178.271 267.406
178.437 267.656
178.604 267.906
178.937 268.406
178.937 268.406
179.271 268.906
179.604 269.406
179.937 269.906
180.271 270.406
180.604 270.906
180.604 270.906
180.771 271.156
180.937 271.406
180.937 271.406
181.104 271.656
181.271 271.906
181.271 271.906
181.437 272.156
181.604 272.406
181.604 272.406
181.604 272.406
181.604 272.406
181.937 272.906
182.104 273.156
182.604 273.906
182.937 274.406
183.271 274.906
183.271 274.906
183.437 275.156
183.604 275.406
183.771 275.656
184.271 276.406
184.271 276.406
184.604 276.906
184.937 277.406
185.271 277.906
185.271 277.906
185.604 278.406
185.937 278.906
185.937 278.906
186.271 279.406
186.271 279.406
186.437 279.656
186.604 279.906
186.937 280.406
186.937 280.406
186.937 280.406
186.937 280.406
186.937 280.406
187.271 280.906
187.604 281.406
187.604 281.406
187.937 281.906
187.937 281.906
188.271 282.406
188.604 282.906
188.604 282.906
188.937 283.406
188.937 283.406
188.937 283.406
189.104 283.656
189.271 283.906
189.271 283.906
189.604 284.406
189.604 284.406
189.604 284.406
189.937 284.906
190.271 285.406
190.604 285.906
190.771 286.156
190.937 286.406
191.104 286.656
191.271 286.906
191.604 287.406
191.604 287.406
191.937 287.906
191.937 287.906
192.271 288.406
192.271 288.406
192.271 288.406
192.271 288.406
192.604 288.906
192.937 289.406
193.271 289.906
193.271 289.906
193.437 290.156
193.604 290.406
193.771 290.656
193.937 290.906
194.271 291.406
194.271 291.406
194.604 291.906
194.937 292.406
194.937 292.406
194.937 292.406
195.271 292.906
195.604 293.406
195.604 293.406
195.937 293.906
196.104 294.156
196.271 294.406
196.271 294.406
196.437 294.656
196.604 294.906
196.604 294.906
196.937 295.406
196.937 295.406
196.937 295.406
197.604 296.406
197.604 296.406
197.604 296.406
197.604 296.406
197.937 296.906
198.271 297.406
198.437 297.656
198.604 297.906
198.604 297.906
198.937 298.406
199.271 298.906
199.271 298.906
199.604 299.406
199.604 299.406
199.604 299.406
199.771 299.656
199.937 299.906
199.937 299.906
200.271 300.406
200.271 300.406
200.271 300.406
200.271 300.406
200.271 300.406
200.604 300.906
200.604 300.906
200.937 301.406
201.271 301.906
201.271 301.906
201.604 302.406
201.937 302.906
201.937 302.906
202.271 303.406
202.271 303.406
202.271 303.406
202.437 303.656
202.604 303.906
202.604 303.906
202.604 303.906
202.771 304.156
202.937 304.406
202.937 304.406
202.937 304.406
203.271 304.906
203.604 305.406
203.771 305.656
203.937 305.906
204.104 306.156
204.271 306.406
204.604 306.906
204.937 307.406
205.271 307.906
205.604 308.406
205.604 308.406
205.937 308.906
206.271 309.406
206.271 309.406
206.604 309.906
206.937 310.406
206.937 310.406
206.937 310.406
206.937 310.406
206.937 310.406
207.271 310.906
207.271 310.906
207.271 310.906
207.604 311.406
207.604 311.406
207.771 311.656
207.937 311.906
208.271 312.406
208.271 312.406
208.271 312.406
208.271 312.406
208.604 312.906
208.604 312.906
208.771 313.156
208.937 313.406
209.271 313.906
209.271 313.906
209.604 314.406
209.937 314.906
209.937 314.906
209.937 314.906
210.104 315.156
210.271 315.406
210.271 315.406
210.271 315.406
210.437 315.656
210.604 315.906
210.604 315.906
210.604 315.906
210.771 316.156
210.937 316.406
210.937 316.406
210.937 316.406
211.271 316.906
211.437 317.156
211.604 317.406
211.937 317.906
212.437 318.656
212.604 318.906
212.771 319.156
212.937 319.406
213.271 319.906
213.271 319.906
213.437 320.156
213.604 320.406
213.604 320.406
213.604 320.406
213.937 320.906
213.937 320.906
214.271 321.406
214.271 321.406
214.604 321.906
214.604 321.906
214.771 322.156
214.937 322.406
214.937 322.406
215.604 323.406
215.604 323.406
215.604 323.406
215.604 323.406
215.937 323.906
215.937 323.906
215.937 323.906
216.271 324.406
216.271 324.406
216.271 324.406
216.271 324.406
216.271 324.406
216.604 324.906
216.937 325.406
216.937 325.406
216.937 325.406
217.271 325.906
217.271 325.906
217.437 326.156
217.604 326.406
217.604 326.406
217.604 326.406
217.937 326.906
218.271 327.406
218.604 327.906
218.937 328.406
218.937 328.406
218.937 328.406
218.937 328.406
218.937 328.406
218.937 328.406
219.271 328.906
219.604 329.406
219.604 329.406
219.937 329.906
220.104 330.156
220.437 330.656
220.604 330.906
220.937 331.406
220.937 331.406
220.937 331.406
221.271 331.906
221.271 331.906
221.604 332.406
221.604 332.406
221.604 332.406
221.604 332.406
221.604 332.406
221.937 332.906
222.104 333.156
222.271 333.406
222.271 333.406
222.604 333.906
222.604 333.906
222.937 334.406
222.937 334.406
222.937 334.406
222.937 334.406
222.937 334.406
223.271 334.906
223.437 335.156
223.604 335.406
223.604 335.406
223.771 335.656
223.937 335.906
223.937 335.906
224.271 336.406
224.271 336.406
224.271 336.406
224.271 336.406
224.271 336.406
224.604 336.906
224.937 337.406
225.271 337.906
225.271 337.906
225.271 337.906
225.437 338.156
225.604 338.406
225.604 338.406
225.604 338.406
225.604 338.406
225.937 338.906
226.104 339.156
226.271 339.406
226.271 339.406
226.437 339.656
226.604 339.906
226.604 339.906
226.937 340.406
226.937 340.406
226.937 340.406
226.937 340.406
226.937 340.406
227.271 340.906
227.603 341.406
227.935 341.906
228.101 342.156
228.433 342.656
228.6 342.906
228.932 343.406
229.098 343.656
229.264 343.906
229.596 344.406
229.596 344.406
229.596 344.406
229.596 344.406
229.596 344.406
229.596 344.406
229.928 344.906
230.261 345.406
230.593 345.906
230.925 346.406
230.925 346.406
231.922 347.906
232.254 348.406
232.254 348.406
232.254 348.406
232.586 348.906
232.586 348.906
232.918 349.406
232.918 349.406
233.251 349.906
233.251 349.906
233.583 350.406
233.583 350.406
233.915 350.906
233.915 350.906
234.247 351.406
234.247 351.406
234.912 352.406
234.912 352.406
234.912 352.406
234.912 352.406
234.912 352.406
234.912 352.406
235.244 352.906
235.576 353.406
235.908 353.906
235.908 353.906
236.241 354.406
236.573 354.906
236.905 355.406
236.905 355.406
236.905 355.406
236.905 355.406
237.57 356.406
237.57 356.406
237.57 356.406
237.57 356.406
237.902 356.906
238.234 357.406
238.566 357.906
238.566 357.906
238.899 358.406
238.899 358.406
238.899 358.406
239.231 358.906
239.563 359.406
239.563 359.406
239.563 359.406
239.563 359.406
239.895 359.906
240.227 360.406
240.227 360.406
240.227 360.406
240.227 360.406
240.56 360.906
240.56 360.906
240.727 361.156
240.894 361.406
241.227 361.906
241.227 361.906
241.56 362.406
241.894 362.906
241.894 362.906
241.894 362.906
242.06 363.156
242.227 363.406
242.227 363.406
242.227 363.406
242.394 363.656
242.56 363.906
242.56 363.906
242.56 363.906
242.727 364.156
242.894 364.406
242.894 364.406
242.894 364.406
243.227 364.906
243.394 365.156
243.56 365.406
243.894 365.906
244.394 366.656
244.56 366.906
244.727 367.156
244.894 367.406
245.227 367.906
245.227 367.906
245.394 368.156
245.56 368.406
245.56 368.406
245.56 368.406
245.894 368.906
245.894 368.906
246.227 369.406
246.227 369.406
246.56 369.906
246.56 369.906
246.727 370.156
246.894 370.406
246.894 370.406
247.56 371.406
247.56 371.406
247.56 371.406
247.56 371.406
247.894 371.906
247.894 371.906
247.894 371.906
248.227 372.406
248.227 372.406
248.227 372.406
248.227 372.406
248.227 372.406
248.56 372.906
248.894 373.406
248.894 373.406
248.894 373.406
249.227 373.906
249.227 373.906
249.394 374.156
249.56 374.406
249.56 374.406
249.56 374.406
249.894 374.906
250.227 375.406
250.56 375.906
250.894 376.406
250.894 376.406
250.894 376.406
250.894 376.406
250.894 376.406
250.894 376.406
251.227 376.906
251.56 377.406
251.56 377.406
251.894 377.906
252.06 378.156
252.394 378.656
252.56 378.906
252.894 379.406
252.894 379.406
252.894 379.406
253.227 379.906
253.227 379.906
253.56 380.406
253.56 380.406
253.56 380.406
253.56 380.406
253.56 380.406
253.894 380.906
254.06 381.156
254.227 381.406
254.227 381.406
254.56 381.906
254.56 381.906
254.894 382.406
254.894 382.406
254.894 382.406
254.894 382.406
254.894 382.406
255.227 382.906
255.394 383.156
255.56 383.406
255.56 383.406
255.727 383.656
255.894 383.906
255.894 383.906
256.227 384.406
256.227 384.406
256.227 384.406
256.227 384.406
256.227 384.406
256.56 384.906
256.894 385.406
257.227 385.906
257.227 385.906
257.227 385.906
257.394 386.156
257.56 386.406
257.56 386.406
257.56 386.406
257.56 386.406
257.894 386.906
258.06 387.156
258.227 387.406
258.227 387.406
258.394 387.656
258.56 387.906
258.56 387.906
258.894 388.406
258.894 388.406
258.894 388.406
258.894 388.406
258.894 388.406
259.227 388.906
259.56 389.406
259.894 389.906
260.06 390.156
260.394 390.656
260.56 390.906
260.894 391.406
261.06 391.656
261.227 391.906
261.381 392.137
261.453 392.246
261.534 392.367
261.549 392.39
261.56 392.406
261.56 392.406
261.56 392.406
261.638 392.523
261.92 392.946
262.228 393.408
262.58 393.935
262.894 394.406
264.066 396.165
264.095 396.208
264.195 396.358
264.227 396.406
264.56 396.906
265.56 398.406
266.227 399.406
266.894 400.406
266.894 400.406
266.894 400.406
266.894 400.406
266.894 400.406
266.894 400.406
267.227 400.906
267.56 401.406
267.894 401.906
267.894 401.906
268.227 402.406
268.56 402.906
268.894 403.406
268.894 403.406
268.894 403.406
269.56 404.406
269.56 404.406
269.56 404.406
269.56 404.406
269.56 404.406
269.894 404.906
270.227 405.406
270.56 405.906
270.56 405.906
270.894 406.406
271.227 406.906
271.56 407.406
271.56 407.406
271.56 407.406
271.56 407.406
271.56 407.406
271.56 407.406
271.894 407.906
272.227 408.406
272.227 408.406
272.227 408.406
272.56 408.906
272.894 409.406
273.227 409.906
273.227 409.906
273.894 410.906
274.894 412.406
274.894 412.406
274.894 412.406
274.894 412.406
274.894 412.406
275.227 412.906
275.227 412.906
275.227 412.906
275.227 412.906
275.227 412.906
275.56 413.406
275.56 413.406
275.56 413.406
275.56 413.406
275.56 413.406
275.894 413.906
275.894 413.906
275.894 413.906
275.894 413.906
275.894 413.906
276.227 414.406
276.227 414.406
276.227 414.406
276.227 414.406
276.227 414.406
276.56 414.906
276.56 414.906
276.56 414.906
276.56 414.906
276.56 414.906
276.894 415.406
276.894 415.406
276.894 415.406
276.894 415.406
276.894 415.406
277.227 415.906
277.227 415.906
277.227 415.906
277.227 415.906
277.227 415.906
277.56 416.406
277.56 416.406
277.56 416.406
277.56 416.406
277.56 416.406
277.56 416.406
