1.71457 1.94375
1.71457 1.94375
1.93509 2.19375
2.15562 2.44375
2.15562 2.44375
2.37614 2.69375
2.59666 2.94375
2.59666 2.94375
2.81719 3.19375
3.03771 3.44375
3.03771 3.44375
3.25823 3.69375
3.47876 3.94375
3.47876 3.94375
3.69928 4.19375
3.91981 4.44375
3.91981 4.44375
4.14033 4.69375
4.36085 4.94375
4.36085 4.94375
4.58138 5.19375
4.8019 5.44375
4.8019 5.44375
5.24295 5.94375
5.24295 5.94375
5.46347 6.19375
5.68399 6.44375
5.68399 6.44375
5.90452 6.69375
6.12504 6.94375
6.12504 6.94375
6.34556 7.19375
6.56609 7.44375
6.56609 7.44375
6.78661 7.69375
7.00713 7.94375
7.00713 7.94375
7.22766 8.19375
7.44818 8.44375
7.44818 8.44375
7.6687 8.69375
7.88923 8.94375
7.88923 8.94375
8.10975 9.19375
8.33028 9.44375
8.33028 9.44375
8.77132 9.94375
8.77132 9.94375
8.99185 10.1937
9.21237 10.4437
9.21237 10.4437
9.43289 10.6938
9.65342 10.9437
9.65342 10.9437
9.87394 11.1937
10.0945 11.4437
10.0945 11.4437
10.315 11.6937
10.5355 11.9437
10.5355 11.9437
10.756 12.1937
10.9766 12.4437
10.9766 12.4437
11.1971 12.6937
11.4176 12.9437
11.4176 12.9437
11.4176 12.9437
11.6381 13.1937
11.6381 13.1937
11.8587 13.4437
11.8587 13.4437
12.0792 13.6937
12.2997 13.9437
12.2997 13.9437
12.7407 14.4437
12.7407 14.4437
13.1818 14.9438
13.6228 15.4437
13.6228 15.4437
14.0639 15.9437
14.0639 15.9437
14.5049 16.4438
14.946 16.9438
14.946 16.9438
15.387 17.4438
15.387 17.4438
15.8281 17.9438
15.8281 17.9438
16.2691 18.4438
16.7102 18.9438
16.7102 18.9438
17.1512 19.4438
17.5923 19.9438
18.0333 20.4437
18.4744 20.9438
18.4744 20.9438
18.6949 21.1937
18.9154 21.4438
18.9154 21.4438
19.1359 21.6938
19.3565 21.9438
19.3565 21.9438
19.7975 22.4438
19.7975 22.4438
20.2385 22.9438
20.2385 22.9438
20.6796 23.4438
20.6796 23.4438
21.1206 23.9438
21.1206 23.9438
21.5617 24.4438
22.0027 24.9438
22.0027 24.9438
22.4438 25.4438
22.4438 25.4438
22.8848 25.9438
22.8848 25.9438
22.8848 25.9438
23.1053 26.1938
23.3259 26.4438
23.3259 26.4438
23.5464 26.6938
23.7669 26.9437
23.7669 26.9437
23.9874 27.1938
24.208 27.4438
24.208 27.4438
24.4285 27.6937
24.649 27.9438
24.649 27.9438
24.8695 28.1938
25.0901 28.4438
25.0901 28.4438
25.3106 28.6938
25.5311 28.9438
25.7516 29.1938
25.9722 29.4437
26.4132 29.9438
26.4132 29.9438
26.6337 30.1938
26.8542 30.4438
26.8542 30.4438
27.0748 30.6938
27.2953 30.9438
27.2953 30.9438
27.7363 31.4438
27.7363 31.4438
28.1774 31.9437
28.1774 31.9437
28.6184 32.4438
28.839 32.6938
29.0595 32.9438
29.0595 32.9438
29.28 33.1938
29.5005 33.4438
29.5005 33.4438
29.7211 33.6938
29.9416 33.9438
29.9416 33.9438
30.1621 34.1938
30.3826 34.4438
30.3826 34.4438
30.6031 34.6938
30.8237 34.9438
30.8237 34.9438
31.2647 35.4438
31.2647 35.4438
31.7058 35.9438
31.7058 35.9438
32.1468 36.4438
32.5879 36.9438
32.5879 36.9438
32.8084 37.1938
33.0289 37.4437
33.0289 37.4437
33.2494 37.6938
33.2494 37.6938
33.2494 37.6938
33.47 37.9437
33.47 37.9437
33.47 37.9437
33.911 38.4438
33.911 38.4438
34.352 38.9438
34.7931 39.4438
34.7931 39.4438
35.0136 39.6938
35.0136 39.6938
35.2341 39.9438
35.4547 40.1938
35.6752 40.4438
35.6752 40.4438
35.8957 40.6938
36.1162 40.9438
36.3368 41.1938
36.5573 41.4438
36.5573 41.4438
36.7778 41.6937
36.9983 41.9438
36.9983 41.9438
36.9983 41.9438
37.2189 42.1937
37.4394 42.4438
37.4394 42.4438
37.6599 42.6938
37.8804 42.9438
37.8804 42.9438
37.8804 42.9438
38.3215 43.4437
38.3215 43.4437
38.7625 43.9438
38.7625 43.9438
38.983 44.1937
39.2036 44.4438
39.4241 44.6938
39.4241 44.6938
39.6446 44.9438
39.6446 44.9438
39.8651 45.1938
39.8651 45.1938
40.0857 45.4438
40.0857 45.4438
40.3062 45.6938
40.3062 45.6938
40.5267 45.9438
40.5267 45.9438
40.5267 45.9438
40.7472 46.1938
40.9678 46.4438
40.9678 46.4438
41.1883 46.6938
41.4088 46.9438
41.4088 46.9438
41.4088 46.9438
41.8498 47.4438
41.8498 47.4438
42.2909 47.9438
42.2909 47.9438
42.7319 48.4437
43.173 48.9438
43.3935 49.1937
43.614 49.4438
43.8346 49.6938
44.0551 49.9438
44.0551 49.9438
44.2756 50.1938
44.4961 50.4438
44.4961 50.4438
44.7167 50.6938
44.9372 50.9438
44.9372 50.9438
45.3782 51.4438
45.3782 51.4438
45.8193 51.9438
45.8193 51.9438
46.0398 52.1938
46.2603 52.4438
46.4808 52.6937
46.7014 52.9438
46.9219 53.1938
47.1424 53.4437
47.3629 53.6938
47.3629 53.6938
47.5835 53.9438
47.5835 53.9438
48.0245 54.4438
48.0245 54.4438
48.4656 54.9438
48.4656 54.9438
48.6861 55.1938
48.9066 55.4438
48.9066 55.4438
49.1271 55.6938
49.3476 55.9438
49.3476 55.9438
49.7887 56.4438
49.7887 56.4438
50.2297 56.9437
50.4503 57.1938
50.6708 57.4438
50.8913 57.6937
51.1118 57.9438
51.1118 57.9438
51.3324 58.1938
51.3324 58.1938
51.5529 58.4437
51.5529 58.4437
51.7734 58.6938
51.7734 58.6938
51.9939 58.9438
51.9939 58.9438
52.2145 59.1938
52.435 59.4438
52.435 59.4438
52.6555 59.6938
52.876 59.9438
52.876 59.9438
53.0965 60.1938
53.3171 60.4438
53.5376 60.6938
53.7581 60.9438
53.9786 61.1938
53.9786 61.1938
54.1992 61.4438
54.1992 61.4438
54.4197 61.6938
54.4197 61.6938
54.6402 61.9437
54.6402 61.9437
54.6402 61.9437
54.8607 62.1938
54.8607 62.1938
55.0813 62.4438
55.0813 62.4438
55.3018 62.6937
55.3018 62.6937
55.5223 62.9438
55.5223 62.9438
55.9634 63.4438
55.9634 63.4438
56.4044 63.9438
56.4044 63.9438
56.8454 64.4437
57.2865 64.9437
57.7275 65.4437
57.7275 65.4437
57.7275 65.4437
57.9481 65.6937
58.1686 65.9437
58.1686 65.9437
58.3891 66.1937
58.3891 66.1937
58.6096 66.4437
58.6096 66.4437
58.8302 66.6937
58.8302 66.6937
59.0507 66.9437
59.0507 66.9437
59.4917 67.4437
59.4917 67.4437
59.9328 67.9437
59.9328 67.9437
60.3738 68.4437
60.5943 68.6937
60.5943 68.6937
60.8149 68.9437
60.8149 68.9437
60.8149 68.9437
61.0354 69.1937
61.2559 69.4437
61.2559 69.4437
61.2559 69.4437
61.697 69.9437
61.697 69.9437
61.9175 70.1937
62.138 70.4437
62.138 70.4437
62.3585 70.6937
62.5791 70.9437
62.5791 70.9437
62.5791 70.9437
62.7996 71.1937
63.0201 71.4437
63.2406 71.6937
63.4612 71.9437
63.6817 72.1937
63.9022 72.4437
63.9022 72.4437
64.1227 72.6937
64.3432 72.9437
64.3432 72.9437
64.3432 72.9437
64.3432 72.9437
64.5638 73.1937
64.7843 73.4438
65.0048 73.6937
65.2253 73.9437
65.2253 73.9437
65.2253 73.9437
65.2253 73.9437
65.2253 73.9437
65.4459 74.1937
65.6664 74.4438
65.6664 74.4438
65.8869 74.6937
66.1074 74.9437
66.1074 74.9437
66.1074 74.9437
66.328 75.1937
66.5485 75.4437
66.5485 75.4437
66.769 75.6937
66.769 75.6937
66.9895 75.9437
66.9895 75.9437
66.9895 75.9437
66.9895 75.9437
67.4306 76.4437
67.8716 76.9437
68.0921 77.1938
68.3127 77.4437
68.3127 77.4437
68.5332 77.6937
68.7537 77.9437
68.7537 77.9437
68.9742 78.1937
68.9742 78.1937
69.1948 78.4437
69.1948 78.4437
69.4153 78.6937
69.4153 78.6937
69.6358 78.9438
69.6358 78.9438
69.8563 79.1937
70.0769 79.4437
70.0769 79.4437
70.2974 79.6937
70.5179 79.9437
70.5179 79.9437
70.7384 80.1937
70.9589 80.4437
71.1795 80.6937
71.4 80.9437
71.6205 81.1937
71.841 81.4437
72.0616 81.6937
72.2821 81.9438
72.2821 81.9438
72.5026 82.1937
72.5026 82.1937
72.7231 82.4437
72.7231 82.4437
72.9437 82.6937
72.9437 82.6937
73.1642 82.9438
73.1642 82.9438
73.3847 83.1937
73.6052 83.4437
73.6052 83.4437
73.8258 83.6937
74.0463 83.9437
74.0463 83.9437
74.2668 84.1937
74.4873 84.4437
74.7078 84.6938
74.9284 84.9437
75.1489 85.1937
75.3694 85.4437
75.5899 85.6938
75.8105 85.9437
75.8105 85.9437
76.031 86.1937
76.031 86.1937
76.2515 86.4437
76.2515 86.4437
76.472 86.6937
76.472 86.6937
76.6926 86.9437
76.6926 86.9437
76.9131 87.1938
77.1336 87.4437
77.3541 87.6937
77.3541 87.6937
77.5747 87.9437
77.7952 88.1937
77.7952 88.1937
78.0157 88.4437
78.0157 88.4437
78.2362 88.6937
78.2362 88.6937
78.4567 88.9437
78.4567 88.9437
78.6773 89.1937
78.6773 89.1937
78.8978 89.4437
79.1183 89.6937
79.3388 89.9438
79.3388 89.9438
79.5594 90.1937
79.5594 90.1937
79.7799 90.4437
79.7799 90.4437
80.0004 90.6937
80.0004 90.6937
80.2209 90.9437
80.2209 90.9437
80.4415 91.1937
80.662 91.4438
80.662 91.4438
80.8825 91.6937
81.103 91.9437
81.103 91.9437
81.3236 92.1937
81.5441 92.4437
81.7646 92.6937
81.9851 92.9437
82.2056 93.1937
82.4262 93.4437
82.6467 93.6937
82.8672 93.9437
82.8672 93.9437
83.0877 94.1938
83.0877 94.1938
83.3083 94.4437
83.3083 94.4437
83.5288 94.6937
83.5288 94.6937
83.7493 94.9437
83.7493 94.9437
83.9698 95.1937
84.1904 95.4437
84.1904 95.4437
84.4109 95.6938
84.6314 95.9437
84.6314 95.9437
84.8519 96.1937
85.0725 96.4437
85.293 96.6937
85.5135 96.9437
85.734 97.1938
85.9545 97.4437
86.1751 97.6937
86.3956 97.9437
86.3956 97.9437
86.6161 98.1937
86.6161 98.1937
86.8366 98.4437
86.8366 98.4437
87.0572 98.6937
87.0572 98.6937
87.2777 98.9437
87.2777 98.9437
87.4982 99.1937
87.7187 99.4437
87.7187 99.4437
87.9393 99.6937
88.1598 99.9438
88.1598 99.9438
88.3803 100.194
88.6008 100.444
88.8214 100.694
89.0419 100.944
89.2624 101.194
89.4829 101.444
89.7034 101.694
89.924 101.944
89.924 101.944
90.1445 102.194
90.1445 102.194
90.365 102.444
90.365 102.444
90.5855 102.694
90.5855 102.694
90.8061 102.944
90.8061 102.944
91.0266 103.194
91.0376 103.206
91.2471 103.444
91.4676 103.694
91.4676 103.694
91.6882 103.944
91.9087 104.194
91.9087 104.194
92.1292 104.444
92.1292 104.444
92.3497 104.694
92.3497 104.694
92.5703 104.944
92.5703 104.944
92.7908 105.194
92.7908 105.194
93.0113 105.444
93.2318 105.694
93.4523 105.944
93.4523 105.944
93.6729 106.194
93.6729 106.194
93.8934 106.444
93.8934 106.444
94.1139 106.694
94.3344 106.944
94.3344 106.944
94.555 107.194
94.7755 107.444
94.7755 107.444
94.996 107.694
95.2165 107.944
95.2165 107.944
95.4371 108.194
95.6576 108.444
95.8781 108.694
96.0986 108.944
96.3192 109.194
96.5397 109.444
96.7643 109.694
96.9997 109.944
96.9997 109.944
97.2203 110.194
97.4408 110.444
97.4408 110.444
97.6613 110.694
97.8818 110.944
97.8818 110.944
98.1024 111.194
98.3229 111.444
98.3229 111.444
98.5434 111.694
98.7639 111.944
98.7639 111.944
98.7639 111.944
98.9845 112.194
99.205 112.444
99.205 112.444
99.4255 112.694
99.646 112.944
99.646 112.944
99.8666 113.194
100.087 113.444
100.087 113.444
100.528 113.944
100.528 113.944
100.749 114.194
100.969 114.444
100.969 114.444
101.19 114.694
101.41 114.944
101.41 114.944
101.631 115.194
101.851 115.444
101.851 115.444
102.072 115.694
102.292 115.944
102.292 115.944
102.292 115.944
102.292 115.944
102.513 116.194
102.733 116.444
102.733 116.444
102.954 116.694
103.174 116.944
103.174 116.944
103.395 117.194
103.615 117.444
103.615 117.444
103.836 117.694
104.057 117.944
104.057 117.944
104.277 118.194
104.498 118.444
104.498 118.444
104.718 118.694
104.939 118.944
104.939 118.944
105.159 119.194
105.38 119.444
105.38 119.444
105.6 119.694
105.821 119.944
105.821 119.944
106.041 120.194
106.262 120.444
106.262 120.444
106.482 120.694
106.703 120.944
106.703 120.944
106.703 120.944
106.923 121.194
107.144 121.444
107.144 121.444
107.144 121.444
107.585 121.944
107.585 121.944
107.805 122.194
108.026 122.444
108.246 122.694
108.467 122.944
108.467 122.944
108.467 122.944
108.687 123.194
108.908 123.444
109.129 123.694
109.129 123.694
109.129 123.694
109.129 123.694
109.129 123.694
109.79 124.444
110.011 124.694
110.011 124.694
110.121 124.819
110.231 124.944
110.231 124.944
110.231 124.944
110.231 124.944
110.452 125.194
110.672 125.444
110.672 125.444
111.113 125.944
111.113 125.944
111.113 125.944
111.113 125.944
111.113 125.944
111.554 126.444
111.995 126.944
111.995 126.944
111.995 126.944
111.995 126.944
112.216 127.194
112.436 127.444
112.657 127.694
112.657 127.694
112.657 127.694
112.657 127.694
113.318 128.444
113.539 128.694
113.539 128.694
113.539 128.694
113.539 128.694
113.649 128.819
113.76 128.944
113.76 128.944
113.98 129.194
114.201 129.444
114.201 129.444
114.421 129.694
114.642 129.944
114.642 129.944
114.642 129.944
114.642 129.944
115.303 130.694
115.524 130.944
115.524 130.944
115.524 130.944
115.965 131.444
116.185 131.694
116.185 131.694
116.185 131.694
116.185 131.694
116.185 131.694
116.296 131.819
116.406 131.944
116.626 132.194
116.847 132.444
116.847 132.444
117.288 132.944
117.288 132.944
117.508 133.194
117.729 133.444
117.953 133.698
118.071 133.831
118.17 133.944
118.17 133.944
118.17 133.944
118.17 133.944
118.172 133.946
118.832 134.694
119.052 134.944
119.052 134.944
119.052 134.944
119.493 135.444
119.714 135.694
119.934 135.944
119.934 135.944
119.934 135.944
119.934 135.944
119.934 135.944
119.934 135.944
120.816 136.944
120.816 136.944
121.037 137.194
121.257 137.444
121.698 137.944
121.698 137.944
121.919 138.194
122.139 138.444
122.36 138.694
122.58 138.944
122.58 138.944
122.801 139.194
123.022 139.444
123.022 139.444
123.242 139.694
123.463 139.944
123.463 139.944
123.683 140.194
123.904 140.444
123.904 140.444
124.124 140.694
124.345 140.944
124.345 140.944
124.345 140.944
124.565 141.194
124.786 141.444
124.786 141.444
125.253 141.944
125.253 141.944
125.48 142.194
125.7 142.444
125.7 142.444
125.921 142.694
126.141 142.944
126.141 142.944
126.582 143.444
126.582 143.444
127.023 143.944
127.023 143.944
127.464 144.444
127.685 144.694
127.905 144.944
127.905 144.944
128.126 145.194
128.346 145.444
128.346 145.444
128.567 145.694
128.788 145.944
128.788 145.944
129.008 146.194
129.229 146.444
129.229 146.444
129.449 146.694
129.67 146.944
129.67 146.944
130.111 147.444
130.111 147.444
130.552 147.944
130.552 147.944
130.993 148.444
131.434 148.944
131.434 148.944
131.654 149.194
131.875 149.444
131.875 149.444
132.095 149.694
132.095 149.694
132.095 149.694
132.316 149.944
132.316 149.944
132.316 149.944
132.757 150.444
132.757 150.444
133.198 150.944
133.198 150.944
133.639 151.444
133.639 151.444
133.86 151.694
133.86 151.694
134.08 151.944
134.301 152.194
134.521 152.444
134.521 152.444
134.742 152.694
134.962 152.944
135.183 153.194
135.403 153.444
135.403 153.444
135.624 153.694
135.844 153.944
135.844 153.944
135.844 153.944
136.065 154.194
136.285 154.444
136.285 154.444
136.506 154.694
136.726 154.944
136.726 154.944
136.726 154.944
137.167 155.444
137.167 155.444
137.608 155.944
137.608 155.944
137.829 156.194
138.049 156.444
138.27 156.694
138.27 156.694
138.491 156.944
138.491 156.944
138.711 157.194
138.711 157.194
138.932 157.444
138.932 157.444
139.152 157.694
139.152 157.694
139.373 157.944
139.373 157.944
139.373 157.944
139.593 158.194
139.814 158.444
139.814 158.444
140.034 158.694
140.255 158.944
140.255 158.944
140.255 158.944
140.696 159.444
140.696 159.444
141.137 159.944
141.137 159.944
141.578 160.444
142.019 160.944
142.239 161.194
142.46 161.444
142.68 161.694
142.901 161.944
142.901 161.944
143.122 162.194
143.342 162.444
143.342 162.444
143.563 162.694
143.783 162.944
143.783 162.944
144.224 163.444
144.224 163.444
144.665 163.944
144.665 163.944
144.886 164.194
145.106 164.444
145.327 164.694
145.547 164.944
145.768 165.194
145.988 165.444
146.209 165.694
146.209 165.694
146.429 165.944
146.429 165.944
146.87 166.444
146.87 166.444
147.311 166.944
147.532 167.194
147.753 167.444
147.753 167.444
147.973 167.694
148.194 167.944
148.194 167.944
148.635 168.444
148.635 168.444
149.076 168.944
149.296 169.194
149.517 169.444
149.737 169.694
149.958 169.944
149.958 169.944
150.178 170.194
150.178 170.194
150.399 170.444
150.399 170.444
150.619 170.694
150.619 170.694
150.84 170.944
150.84 170.944
151.06 171.194
151.281 171.444
151.281 171.444
151.501 171.694
151.722 171.944
151.722 171.944
151.942 172.194
152.163 172.444
152.384 172.694
152.604 172.944
152.825 173.194
152.825 173.194
153.045 173.444
153.045 173.444
153.266 173.694
153.266 173.694
153.486 173.944
153.486 173.944
153.486 173.944
153.707 174.194
153.707 174.194
153.927 174.444
153.927 174.444
154.148 174.694
154.148 174.694
154.368 174.944
154.368 174.944
154.809 175.444
154.809 175.444
155.25 175.944
155.25 175.944
155.691 176.444
156.132 176.944
156.573 177.444
156.573 177.444
156.573 177.444
156.794 177.694
157.015 177.944
157.015 177.944
157.235 178.194
157.235 178.194
157.456 178.444
157.456 178.444
157.676 178.694
157.676 178.694
157.897 178.944
157.897 178.944
158.338 179.444
158.338 179.444
158.779 179.944
158.779 179.944
159.22 180.444
159.44 180.694
159.44 180.694
159.661 180.944
159.661 180.944
159.661 180.944
159.881 181.194
160.102 181.444
160.102 181.444
160.102 181.444
160.543 181.944
160.543 181.944
160.763 182.194
160.984 182.444
160.984 182.444
161.204 182.694
161.425 182.944
161.425 182.944
161.425 182.944
161.646 183.194
161.866 183.444
162.087 183.694
162.307 183.944
162.528 184.194
162.748 184.444
162.748 184.444
162.969 184.694
163.189 184.944
163.189 184.944
163.189 184.944
163.41 185.194
163.63 185.444
163.851 185.694
164.071 185.944
164.071 185.944
164.071 185.944
164.071 185.944
164.071 185.944
164.292 186.194
164.512 186.444
164.512 186.444
164.733 186.694
164.953 186.944
164.953 186.944
164.953 186.944
165.174 187.194
165.394 187.444
165.394 187.444
165.615 187.694
165.615 187.694
165.835 187.944
165.835 187.944
165.835 187.944
165.835 187.944
166.277 188.444
166.718 188.944
166.938 189.194
167.159 189.444
167.159 189.444
167.379 189.694
167.6 189.944
167.6 189.944
167.82 190.194
167.82 190.194
168.041 190.444
168.041 190.444
168.261 190.694
168.261 190.694
168.482 190.944
168.482 190.944
168.702 191.194
168.923 191.444
168.923 191.444
169.143 191.694
169.364 191.944
169.364 191.944
169.584 192.194
169.805 192.444
170.025 192.694
170.246 192.944
170.466 193.194
170.687 193.444
170.907 193.694
171.128 193.944
171.128 193.944
171.349 194.194
171.349 194.194
171.569 194.444
171.569 194.444
171.79 194.694
171.79 194.694
172.01 194.944
172.01 194.944
172.231 195.194
172.451 195.444
172.451 195.444
172.672 195.694
172.892 195.944
172.892 195.944
173.113 196.194
173.333 196.444
173.554 196.694
173.774 196.944
173.995 197.194
174.215 197.444
174.436 197.694
174.656 197.944
174.656 197.944
174.877 198.194
174.877 198.194
175.097 198.444
175.097 198.444
175.318 198.694
175.318 198.694
175.538 198.944
175.538 198.944
175.759 199.194
175.98 199.444
176.2 199.694
176.2 199.694
176.421 199.944
176.641 200.194
176.641 200.194
176.862 200.444
176.862 200.444
177.082 200.694
177.082 200.694
177.303 200.944
177.303 200.944
177.523 201.194
177.523 201.194
177.744 201.444
177.964 201.694
178.185 201.944
178.185 201.944
178.405 202.194
178.405 202.194
178.626 202.444
178.626 202.444
178.846 202.694
178.846 202.694
179.067 202.944
179.067 202.944
179.287 203.194
179.508 203.444
179.508 203.444
179.728 203.694
179.949 203.944
179.949 203.944
180.169 204.194
180.39 204.444
180.611 204.694
180.831 204.944
181.052 205.194
181.272 205.444
181.493 205.694
181.713 205.944
181.713 205.944
181.934 206.194
181.934 206.194
182.154 206.444
182.154 206.444
182.375 206.694
182.375 206.694
182.595 206.944
182.595 206.944
182.816 207.194
183.036 207.444
183.036 207.444
183.257 207.694
183.477 207.944
183.477 207.944
183.698 208.194
183.918 208.444
184.139 208.694
184.359 208.944
184.58 209.194
184.8 209.444
185.021 209.694
185.242 209.944
185.242 209.944
185.462 210.194
185.462 210.194
185.683 210.444
185.683 210.444
185.903 210.694
185.903 210.694
186.124 210.944
186.124 210.944
186.344 211.194
186.565 211.444
186.565 211.444
186.785 211.694
187.006 211.944
187.006 211.944
187.226 212.194
187.447 212.444
187.667 212.694
187.888 212.944
188.108 213.194
188.329 213.444
188.549 213.694
188.77 213.944
188.77 213.944
188.99 214.194
188.99 214.194
189.211 214.444
189.211 214.444
189.431 214.694
189.431 214.694
189.652 214.944
189.652 214.944
189.873 215.194
189.884 215.206
190.093 215.444
190.314 215.694
190.314 215.694
190.534 215.944
190.755 216.194
190.755 216.194
190.975 216.444
190.975 216.444
191.196 216.694
191.196 216.694
191.416 216.944
191.416 216.944
191.637 217.194
191.637 217.194
191.857 217.444
192.078 217.694
192.298 217.944
192.298 217.944
192.519 218.194
192.519 218.194
192.739 218.444
192.739 218.444
192.96 218.694
193.18 218.944
193.18 218.944
193.401 219.194
193.621 219.444
193.621 219.444
193.842 219.694
194.062 219.944
194.062 219.944
194.062 219.944
194.062 219.944
194.062 219.944
194.504 220.444
194.945 220.944
194.945 220.944
194.945 220.944
194.945 220.944
195.165 221.194
195.386 221.444
195.386 221.444
195.827 221.944
195.827 221.944
195.827 221.944
195.827 221.944
195.827 221.944
196.709 222.944
196.709 222.944
196.709 222.944
196.709 222.944
196.709 222.944
197.591 223.944
197.591 223.944
197.591 223.944
197.591 223.944
197.591 223.944
198.032 224.444
198.473 224.944
198.473 224.944
198.473 224.944
198.693 225.194
198.914 225.444
199.135 225.694
199.135 225.694
199.355 225.944
199.355 225.944
199.355 225.944
199.355 225.944
199.796 226.444
200.237 226.944
200.237 226.944
200.237 226.944
200.237 226.944
200.237 226.944
200.459 227.194
200.459 227.194
200.459 227.194
200.459 227.194
201.149 227.944
201.149 227.944
201.37 228.194
201.37 228.194
201.591 228.444
201.591 228.444
201.811 228.694
201.811 228.694
202.032 228.944
202.032 228.944
202.252 229.194
202.473 229.444
202.473 229.444
202.693 229.694
202.914 229.944
202.914 229.944
203.134 230.194
203.355 230.444
203.575 230.694
203.796 230.944
204.016 231.194
204.237 231.444
204.457 231.694
204.678 231.944
204.678 231.944
204.898 232.194
204.898 232.194
205.119 232.444
205.119 232.444
205.339 232.694
205.339 232.694
205.56 232.944
205.56 232.944
205.78 233.194
206.001 233.444
206.001 233.444
206.222 233.694
206.442 233.944
206.442 233.944
206.663 234.194
206.883 234.444
207.104 234.694
207.324 234.944
207.545 235.194
207.765 235.444
207.986 235.694
208.206 235.944
208.206 235.944
208.427 236.194
208.427 236.194
208.647 236.444
208.647 236.444
208.868 236.694
208.868 236.694
209.088 236.944
209.088 236.944
209.309 237.194
209.529 237.444
209.75 237.694
209.75 237.694
209.97 237.944
210.191 238.194
210.191 238.194
210.411 238.444
210.411 238.444
210.632 238.694
210.632 238.694
210.853 238.944
210.853 238.944
211.073 239.194
211.073 239.194
211.294 239.444
211.514 239.694
211.735 239.944
211.735 239.944
211.955 240.194
211.955 240.194
212.176 240.444
212.176 240.444
212.396 240.694
212.396 240.694
212.617 240.944
212.617 240.944
212.837 241.194
213.058 241.444
213.058 241.444
213.278 241.694
213.499 241.944
213.499 241.944
213.719 242.194
213.94 242.444
214.16 242.694
214.381 242.944
214.601 243.194
214.822 243.444
215.042 243.694
215.263 243.944
215.263 243.944
215.484 244.194
215.484 244.194
215.704 244.444
215.704 244.444
215.925 244.694
215.925 244.694
216.145 244.944
216.145 244.944
216.366 245.194
216.586 245.444
216.586 245.444
216.807 245.694
217.027 245.944
217.027 245.944
217.248 246.194
217.468 246.444
217.689 246.694
217.909 246.944
218.13 247.194
218.35 247.444
218.571 247.694
218.791 247.944
218.791 247.944
219.012 248.194
219.012 248.194
219.232 248.444
219.232 248.444
219.453 248.694
219.453 248.694
219.673 248.944
219.673 248.944
219.894 249.194
220.115 249.444
220.115 249.444
220.335 249.694
220.556 249.944
220.556 249.944
220.776 250.194
220.997 250.444
221.217 250.694
221.438 250.944
221.658 251.194
221.879 251.444
222.099 251.694
222.32 251.944
222.32 251.944
222.54 252.194
222.54 252.194
222.761 252.444
222.761 252.444
222.981 252.694
222.981 252.694
223.202 252.944
223.202 252.944
223.422 253.194
223.433 253.206
223.643 253.444
223.863 253.694
223.863 253.694
224.084 253.944
224.304 254.194
224.304 254.194
224.525 254.444
224.525 254.444
224.746 254.694
224.746 254.694
224.966 254.944
224.966 254.944
225.187 255.194
225.187 255.194
225.407 255.444
225.628 255.694
225.848 255.944
225.848 255.944
225.848 255.944
225.848 255.944
225.848 255.944
226.069 256.194
226.289 256.444
226.73 256.944
226.73 256.944
226.73 256.944
226.73 256.944
226.73 256.944
226.857 257.087
227.171 257.444
227.612 257.944
227.644 257.979
227.666 258.004
228.125 258.525
228.566 259.025
228.573 259.033
228.575 259.035
228.577 259.038
228.818 259.31
229.071 259.598
229.29 259.846
229.481 260.062
229.49 260.073
229.492 260.075
229.496 260.079
229.498 260.081
229.512 260.098
229.757 260.375
230.014 260.667
230.257 260.942
230.505 261.223
230.51 261.229
230.518 261.238
230.523 261.244
230.527 261.248
230.814 261.573
231.284 262.106
231.657 262.529
231.661 262.533
231.67 262.544
231.672 262.546
231.674 262.548
231.83 262.725
232.074 263.002
232.243 263.194
232.387 263.356
232.468 263.448
232.618 263.619
232.716 263.729
232.716 263.729
232.717 263.731
232.723 263.738
232.886 263.923
233.826 264.988
233.831 264.994
233.833 264.996
233.835 264.998
233.835 264.998
233.842 265.006
234.162 265.369
234.472 265.721
234.496 265.748
234.829 266.125
235.351 266.717
235.358 266.725
235.358 266.725
235.358 266.725
235.375 266.744
236.124 267.698
237.809 269.944
237.832 269.975
237.859 270.008
237.941 270.096
238.032 270.194
238.189 270.36
238.267 270.444
238.501 270.694
238.706 270.913
238.736 270.944
238.759 270.969
238.97 271.194
239.157 271.394
239.204 271.444
239.439 271.694
239.673 271.944
239.695 271.967
239.907 272.194
240.142 272.444
240.144 272.446
240.376 272.694
240.607 272.94
240.611 272.944
240.845 273.194
241.04 273.402
241.079 273.444
241.509 273.902
241.548 273.944
241.782 274.194
241.982 274.406
242.017 274.444
242.251 274.694
242.45 274.906
242.486 274.944
242.72 275.194
242.919 275.406
242.954 275.444
243.189 275.694
243.423 275.944
243.435 275.956
243.663 276.194
243.893 276.431
243.905 276.444
244.147 276.694
244.371 276.925
244.389 276.944
244.631 277.194
244.845 277.415
244.873 277.444
245.349 277.935
245.357 277.944
245.506 278.098
245.599 278.194
245.829 278.431
245.841 278.444
246.083 278.694
246.226 278.842
246.325 278.944
246.594 279.194
246.752 279.335
246.872 279.444
247.15 279.694
247.323 279.85
247.326 279.852
247.33 279.856
247.333 279.858
247.428 279.944
247.705 280.194
247.916 280.383
247.983 280.444
248.261 280.694
248.583 280.983
248.594 280.994
248.601 281
248.61 281.008
249.067 281.419
249.293 281.623
249.578 281.879
249.749 282.033
250.219 282.456
250.872 283.044
250.946 283.11
251.013 283.171
251.023 283.179
251.175 283.317
251.52 283.627
251.888 283.958
252.305 284.333
252.592 284.592
252.867 284.84
253.117 285.065
253.351 285.275
253.594 285.494
253.826 285.702
254.097 285.946
254.34 286.165
254.624 286.421
254.907 286.675
255.212 286.95
255.58 287.281
255.911 287.579
256.303 287.931
