2.45909 4.50833
2.45909 4.50833
2.45909 4.50833
2.73182 5.00833
3.00454 5.50833
3.00454 5.50833
3.27727 6.00833
4.09545 7.50833
4.09545 7.50833
4.36818 8.00833
4.36818 8.00833
4.6409 8.50833
4.6409 8.50833
4.91363 9.00833
5.18636 9.50833
5.45909 10.0083
5.45909 10.0083
5.73181 10.5083
6.00454 11.0083
6.00454 11.0083
6.27727 11.5083
6.82272 12.5083
6.82272 12.5083
6.82272 12.5083
6.82272 12.5083
6.82272 12.5083
7.09545 13.0083
7.36817 13.5083
7.36817 13.5083
7.6409 14.0083
7.6409 14.0083
7.91363 14.5083
8.18636 15.0083
8.45908 15.5083
8.45908 15.5083
8.73181 16.0083
9.00454 16.5083
9.00454 16.5083
9.00454 16.5083
9.27726 17.0083
9.54999 17.5083
9.82272 18.0083
10.0954 18.5083
10.3682 19.0083
10.3682 19.0083
10.6409 19.5083
10.6409 19.5083
11.1864 20.5083
11.1864 20.5083
11.1864 20.5083
11.1864 20.5083
11.1864 20.5083
11.4591 21.0083
11.7318 21.5083
11.7318 21.5083
12.0045 22.0083
12.8227 23.5083
12.8227 23.5083
13.0954 24.0083
13.0954 24.0083
13.0954 24.0083
13.3682 24.5083
13.3682 24.5083
13.3682 24.5083
13.6409 25.0083
13.9136 25.5083
14.1863 26.0083
14.4591 26.5083
14.7318 27.0083
15.0045 27.5083
15.0045 27.5083
15.55 28.5083
15.55 28.5083
15.55 28.5083
15.55 28.5083
15.55 28.5083
15.8227 29.0083
16.0954 29.5083
16.3682 30.0083
16.3682 30.0083
16.6409 30.5083
16.6409 30.5083
16.9136 31.0083
16.9136 31.0083
17.1863 31.5083
17.4591 32.0083
17.7318 32.5083
17.7318 32.5083
17.7318 32.5083
17.7318 32.5083
18.0045 33.0083
18.2773 33.5083
18.2773 33.5083
18.55 34.0083
18.8227 34.5083
18.8227 34.5083
19.0954 35.0083
19.3682 35.5083
19.3682 35.5083
19.9136 36.5083
19.9136 36.5083
19.9136 36.5083
19.9136 36.5083
19.9136 36.5083
20.1863 37.0083
20.4591 37.5083
20.7318 38.0083
20.7318 38.0083
21.0045 38.5083
21.2773 39.0083
21.55 39.5083
21.55 39.5083
22.0954 40.5083
22.0954 40.5083
22.0954 40.5083
22.0954 40.5083
22.3682 41.0083
22.6409 41.5083
22.9136 42.0083
23.4591 43.0083
23.7318 43.5083
24.2772 44.5083
24.2772 44.5083
24.2772 44.5083
24.2772 44.5083
24.2772 44.5083
24.55 45.0083
24.8227 45.5083
25.0954 46.0083
25.0954 46.0083
25.3682 46.5083
25.6409 47.0083
25.9136 47.5083
25.9136 47.5083
26.4591 48.5083
26.4591 48.5083
26.4591 48.5083
26.4591 48.5083
26.4591 48.5083
26.7318 49.0083
26.7318 49.0083
27.0045 49.5083
27.2772 50.0083
27.2772 50.0083
27.55 50.5083
27.8227 51.0083
28.0954 51.5083
28.6409 52.5083
28.6409 52.5083
28.6409 52.5083
28.6409 52.5083
28.9136 53.0083
29.1863 53.5083
29.4591 54.0083
30.0045 55.0083
30.2772 55.5083
30.2772 55.5083
30.55 56.0083
30.8227 56.5083
30.8227 56.5083
30.8227 56.5083
31.0954 57.0083
31.3682 57.5083
31.3682 57.5083
31.6409 58.0083
31.6409 58.0083
31.9136 58.5083
31.9136 58.5083
32.1863 59.0083
32.4591 59.5083
32.4591 59.5083
32.4591 59.5083
33.0045 60.5083
33.0045 60.5083
33.0045 60.5083
33.0045 60.5083
33.0045 60.5083
33.2772 61.0083
33.55 61.5083
33.8227 62.0083
34.3681 63.0083
34.6409 63.5083
34.9136 64.0083
35.1863 64.5083
35.4591 65.0083
35.7318 65.5083
36.0045 66.0083
36.55 67.0083
36.8227 67.5083
37.3681 68.5083
37.3681 68.5083
37.6409 69.0083
37.9136 69.5083
37.9136 69.5083
38.1863 70.0083
38.1863 70.0083
38.4591 70.5083
38.7318 71.0083
39.0045 71.5083
39.0045 71.5083
39.2772 72.0083
39.2772 72.0083
39.55 72.5083
39.55 72.5083
39.8227 73.0083
39.8227 73.0083
40.0954 73.5083
40.3681 74.0083
40.3681 74.0083
40.9136 75.0083
41.1863 75.5083
41.7318 76.5083
41.7318 76.5083
41.7318 76.5083
42.0045 77.0083
42.2772 77.5083
42.2772 77.5083
42.55 78.0083
42.55 78.0083
42.8227 78.5083
43.0954 79.0083
43.3681 79.5083
43.3681 79.5083
43.6409 80.0083
43.6409 80.0083
43.9136 80.5083
43.9136 80.5083
43.9136 80.5083
44.1863 81.0083
44.459 81.5083
44.459 81.5083
44.7318 82.0083
45.0045 82.5083
45.2772 83.0083
45.55 83.5083
45.55 83.5083
46.0954 84.5083
46.0954 84.5083
46.0954 84.5083
46.3681 85.0083
46.6409 85.5083
46.6409 85.5083
46.9136 86.0083
46.9136 86.0083
47.1863 86.5083
47.459 87.0083
47.7318 87.5083
47.7318 87.5083
48.0045 88.0083
48.0045 88.0083
48.2772 88.5083
48.2772 88.5083
48.2772 88.5083
48.2772 88.5083
48.55 89.0083
48.8227 89.5083
48.8227 89.5083
49.0954 90.0083
49.0954 90.0083
49.6409 91.0083
49.9136 91.5083
50.1863 92.0083
50.459 92.5083
50.459 92.5083
50.459 92.5083
50.7318 93.0083
51.0045 93.5083
51.0045 93.5083
51.2772 94.0083
51.5499 94.5083
51.8227 95.0083
51.8227 95.0083
52.0954 95.5083
52.0954 95.5083
52.3681 96.0083
52.3681 96.0083
52.6409 96.5083
52.6409 96.5083
52.6409 96.5083
52.9136 97.0083
53.1863 97.5083
53.1863 97.5083
53.459 98.0083
53.7318 98.5083
54.0045 99.0083
54.2772 99.5083
54.2772 99.5083
54.5499 100.008
54.8227 100.508
54.8227 100.508
54.8227 100.508
54.8227 100.508
55.0954 101.008
55.3681 101.508
55.3681 101.508
55.6409 102.008
55.9136 102.508
56.1863 103.008
56.459 103.508
56.459 103.508
57.0045 104.508
57.0045 104.508
57.0045 104.508
57.2772 105.008
57.2772 105.008
57.5499 105.508
57.5499 105.508
57.8227 106.008
58.3681 107.008
58.6409 107.508
58.6409 107.508
58.9136 108.008
58.9136 108.008
59.1863 108.508
59.1863 108.508
59.459 109.008
59.7318 109.508
59.7318 109.508
60.0045 110.008
60.0045 110.008
60.2772 110.508
60.5499 111.008
60.8227 111.508
60.8227 111.508
61.0954 112.008
61.3681 112.508
61.3681 112.508
61.3681 112.508
61.3681 112.508
61.6408 113.008
61.9136 113.508
62.1863 114.008
62.459 114.508
62.7318 115.008
63.0045 115.508
63.0045 115.508
63.0045 115.508
63.2772 116.008
63.2772 116.008
63.5499 116.508
63.5499 116.508
63.5499 116.508
63.5499 116.508
63.5499 116.508
63.8227 117.008
64.0954 117.508
64.3681 118.008
64.3681 118.008
64.6408 118.508
64.9136 119.008
65.1863 119.508
65.1863 119.508
65.7318 120.508
65.7318 120.508
65.7318 120.508
66.0045 121.008
66.2772 121.508
66.5499 122.008
67.0954 123.008
67.0954 123.008
67.3681 123.508
67.6408 124.008
67.9136 124.508
67.9136 124.508
67.9136 124.508
68.1863 125.008
68.459 125.508
68.459 125.508
68.7317 126.008
68.9908 126.483
69.0045 126.508
69.2772 127.008
69.384 127.204
69.5499 127.508
69.8033 127.973
70.0954 128.508
70.0954 128.508
70.0954 128.508
70.0954 128.508
70.3681 129.008
70.3681 129.008
70.6408 129.508
70.9136 130.008
71.1863 130.508
71.459 131.008
71.7317 131.508
71.7317 131.508
72.0045 132.008
72.2772 132.508
72.2772 132.508
72.2772 132.508
72.5499 133.008
72.8227 133.508
72.8227 133.508
73.0954 134.008
73.0954 134.008
73.3681 134.508
73.6408 135.008
73.9136 135.508
73.9136 135.508
74.1863 136.008
74.1863 136.008
74.459 136.508
74.459 136.508
74.459 136.508
74.459 136.508
74.7317 137.008
74.7317 137.008
75.0045 137.508
75.2772 138.008
75.2772 138.008
75.8227 139.008
76.0954 139.508
76.6408 140.508
76.6408 140.508
76.6408 140.508
76.6408 140.508
76.9136 141.008
77.1863 141.508
77.459 142.008
77.7317 142.508
78.0045 143.008
78.2772 143.508
78.2772 143.508
78.5499 144.008
78.8226 144.508
78.8226 144.508
78.8226 144.508
78.8226 144.508
78.8226 144.508
79.0954 145.008
79.3681 145.508
79.3681 145.508
79.6408 146.008
79.9136 146.508
80.1863 147.008
80.459 147.508
80.459 147.508
81.0045 148.508
81.0045 148.508
81.0045 148.508
81.2772 149.008
81.5499 149.508
81.5499 149.508
81.8226 150.008
81.8226 150.008
82.0954 150.508
82.3681 151.008
82.6408 151.508
82.6408 151.508
82.9136 152.008
82.9136 152.008
83.1863 152.508
83.1863 152.508
83.1863 152.508
83.1863 152.508
83.459 153.008
83.7317 153.508
83.7317 153.508
84.0045 154.008
84.0045 154.008
84.5499 155.008
84.8226 155.508
85.3681 156.508
85.3681 156.508
85.3681 156.508
85.3681 156.508
85.3681 156.508
85.6408 157.008
85.9136 157.508
85.9136 157.508
86.1863 158.008
86.459 158.508
86.7317 159.008
86.7317 159.008
87.0045 159.508
87.0045 159.508
87.2772 160.008
87.2772 160.008
87.5499 160.508
87.5499 160.508
87.5499 160.508
87.5499 160.508
87.8226 161.008
88.0954 161.508
88.0954 161.508
88.3681 162.008
88.6408 162.508
88.9135 163.008
89.1863 163.508
89.1863 163.508
89.459 164.008
89.7317 164.508
89.7317 164.508
89.7317 164.508
89.7317 164.508
90.0045 165.008
90.2772 165.508
90.2772 165.508
90.5499 166.008
90.8226 166.508
91.0954 167.008
91.3681 167.508
91.3681 167.508
91.9135 168.508
91.9135 168.508
91.9135 168.508
91.9135 168.508
91.9135 168.508
92.1863 169.008
92.1863 169.008
92.459 169.508
92.459 169.508
92.7317 170.008
93.2772 171.008
93.5499 171.508
93.5499 171.508
93.8226 172.008
93.8226 172.008
94.0954 172.508
94.0954 172.508
94.0954 172.508
94.3681 173.008
94.6408 173.508
94.6408 173.508
94.9135 174.008
95.1863 174.508
95.459 175.008
95.7317 175.508
95.7317 175.508
96.0044 176.008
96.2772 176.508
96.2772 176.508
96.2772 176.508
96.2772 176.508
96.2772 176.508
96.5499 177.008
96.8226 177.508
96.8226 177.508
97.0954 178.008
97.3681 178.508
97.6408 179.008
97.9135 179.508
97.9135 179.508
98.1863 180.008
98.1863 180.008
98.459 180.508
98.459 180.508
98.459 180.508
98.459 180.508
98.459 180.508
98.7317 181.008
99.0044 181.508
99.2772 182.008
99.2772 182.008
99.5499 182.508
99.8226 183.008
100.095 183.508
100.095 183.508
100.641 184.508
100.641 184.508
100.641 184.508
100.641 184.508
100.914 185.008
101.186 185.508
101.459 186.008
102.004 187.008
102.004 187.008
102.277 187.508
102.55 188.008
102.823 188.508
102.823 188.508
102.823 188.508
103.095 189.008
103.368 189.508
103.368 189.508
103.641 190.008
103.9 190.483
103.914 190.508
104.186 191.008
104.186 191.008
104.459 191.508
105.004 192.508
105.004 192.508
105.004 192.508
105.004 192.508
105.004 192.508
105.277 193.008
105.55 193.508
105.823 194.008
106.368 195.008
106.641 195.508
106.914 196.008
107.186 196.508
107.186 196.508
107.186 196.508
107.186 196.508
107.186 196.508
107.459 197.008
107.459 197.008
107.732 197.508
107.732 197.508
108.004 198.008
108.004 198.008
108.004 198.008
108.277 198.508
108.277 198.508
108.55 199.008
108.55 199.008
108.55 199.008
108.55 199.008
108.823 199.508
108.823 199.508
109.095 200.008
109.095 200.008
109.368 200.508
109.368 200.508
109.368 200.508
109.368 200.508
109.368 200.508
109.641 201.008
109.914 201.508
110.186 202.008
110.186 202.008
110.459 202.508
110.459 202.508
110.732 203.008
110.732 203.008
111.004 203.508
111.004 203.508
111.55 204.508
111.55 204.508
111.55 204.508
111.55 204.508
111.823 205.008
112.095 205.508
112.368 206.008
112.368 206.008
112.641 206.508
112.641 206.508
112.641 206.508
112.914 207.008
113.186 207.508
113.186 207.508
113.186 207.508
113.459 208.008
113.732 208.508
113.732 208.508
113.732 208.508
113.732 208.508
113.732 208.508
114.004 209.008
114.277 209.508
114.277 209.508
114.55 210.008
114.55 210.008
114.823 210.508
114.823 210.508
114.823 210.508
115.095 211.008
115.368 211.508
115.368 211.508
115.368 211.508
115.641 212.008
115.914 212.508
115.914 212.508
115.914 212.508
115.914 212.508
115.914 212.508
116.186 213.008
116.459 213.508
116.459 213.508
116.732 214.008
117.004 214.508
117.004 214.508
117.004 214.508
117.004 214.508
117.277 215.008
117.55 215.508
117.55 215.508
117.823 216.008
118.095 216.508
118.095 216.508
118.095 216.508
118.095 216.508
118.095 216.508
118.368 217.008
118.641 217.508
118.914 218.008
118.914 218.008
118.914 218.008
119.186 218.508
119.459 219.008
119.459 219.008
119.732 219.508
119.732 219.508
120.004 220.008
120.277 220.508
120.277 220.508
120.55 221.008
120.823 221.508
120.823 221.508
121.095 222.008
121.095 222.008
121.095 222.008
121.368 222.508
121.368 222.508
121.641 223.008
121.641 223.008
121.914 223.508
121.914 223.508
121.914 223.508
122.459 224.508
122.459 224.508
122.459 224.508
122.459 224.508
122.732 225.008
123.004 225.508
123.004 225.508
123.277 226.008
123.277 226.008
123.55 226.508
123.823 227.008
123.823 227.008
123.823 227.008
124.095 227.508
124.641 228.508
124.641 228.508
124.641 228.508
124.641 228.508
124.641 228.508
124.914 229.008
125.186 229.508
125.186 229.508
125.459 230.008
125.459 230.008
125.732 230.508
125.732 230.508
126.004 231.008
126.004 231.008
126.277 231.508
126.277 231.508
126.55 232.008
126.823 232.508
126.823 232.508
126.823 232.508
126.823 232.508
126.823 232.508
127.095 233.008
127.368 233.508
127.368 233.508
127.641 234.008
127.641 234.008
127.914 234.508
128.186 235.008
128.459 235.508
128.459 235.508
129.004 236.508
129.004 236.508
129.004 236.508
129.004 236.508
129.004 236.508
129.277 237.008
129.55 237.508
129.55 237.508
129.823 238.008
129.823 238.008
130.095 238.508
130.095 238.508
130.095 238.508
130.368 239.008
130.368 239.008
130.641 239.508
130.914 240.008
131.186 240.508
131.186 240.508
131.186 240.508
131.186 240.508
131.186 240.508
131.459 241.008
131.732 241.508
131.732 241.508
132.004 242.008
132.004 242.008
132.277 242.508
132.55 243.008
132.823 243.508
132.823 243.508
132.823 243.508
133.368 244.508
133.368 244.508
133.368 244.508
133.368 244.508
133.368 244.508
133.641 245.008
133.914 245.508
133.914 245.508
134.186 246.008
134.186 246.008
134.186 246.008
134.459 246.508
134.459 246.508
134.732 247.008
134.732 247.008
135.004 247.508
135.004 247.508
135.277 248.008
135.55 248.508
135.55 248.508
135.55 248.508
135.55 248.508
135.55 248.508
135.823 249.008
136.095 249.508
136.095 249.508
136.368 250.008
136.368 250.008
136.368 250.008
136.641 250.508
136.913 251.008
136.913 251.008
137.186 251.508
137.186 251.508
137.732 252.508
137.732 252.508
137.732 252.508
137.732 252.508
137.732 252.508
138.004 253.008
138.277 253.508
138.277 253.508
138.55 254.008
138.55 254.008
138.823 254.508
139.095 255.008
139.095 255.008
139.368 255.508
139.913 256.508
139.913 256.508
139.913 256.508
139.913 256.508
139.913 256.508
140.186 257.008
140.459 257.508
140.459 257.508
140.732 258.008
140.732 258.008
141.004 258.508
141.277 259.008
141.277 259.008
141.361 259.163
141.55 259.508
141.767 259.906
141.823 260.008
142.095 260.508
142.095 260.508
142.095 260.508
142.095 260.508
142.095 260.508
142.368 261.008
142.641 261.508
142.913 262.008
142.913 262.008
142.913 262.008
143.186 262.508
143.459 263.008
143.459 263.008
143.459 263.008
143.732 263.508
143.732 263.508
144.004 264.008
144.004 264.008
144.277 264.508
144.277 264.508
144.277 264.508
144.277 264.508
144.277 264.508
144.55 265.008
144.823 265.508
145.095 266.008
145.095 266.008
145.368 266.508
145.368 266.508
145.641 267.008
145.641 267.008
145.913 267.508
145.913 267.508
146.459 268.508
146.459 268.508
146.459 268.508
146.459 268.508
146.732 269.008
147.004 269.508
147.277 270.008
147.277 270.008
147.55 270.508
147.55 270.508
147.55 270.508
147.823 271.008
148.095 271.508
148.095 271.508
148.095 271.508
148.368 272.008
148.641 272.508
148.641 272.508
148.641 272.508
148.641 272.508
148.641 272.508
148.913 273.008
149.186 273.508
149.186 273.508
149.459 274.008
149.459 274.008
149.732 274.508
149.732 274.508
149.732 274.508
150.004 275.008
150.277 275.508
150.277 275.508
150.277 275.508
150.55 276.008
150.823 276.508
150.823 276.508
150.823 276.508
150.823 276.508
150.823 276.508
151.095 277.008
151.368 277.508
151.368 277.508
151.641 278.008
151.913 278.508
151.913 278.508
151.913 278.508
151.913 278.508
152.186 279.008
152.459 279.508
152.459 279.508
152.732 280.008
153.004 280.508
153.004 280.508
153.004 280.508
153.004 280.508
153.004 280.508
153.277 281.008
153.55 281.508
153.823 282.008
153.823 282.008
153.823 282.008
154.095 282.508
154.368 283.008
154.368 283.008
154.641 283.508
154.641 283.508
154.913 284.008
155.186 284.508
155.186 284.508
155.459 285.008
155.732 285.508
155.732 285.508
156.004 286.008
156.004 286.008
156.004 286.008
156.277 286.508
156.277 286.508
156.55 287.008
156.55 287.008
156.823 287.508
156.823 287.508
156.823 287.508
157.095 288.008
157.368 288.508
157.368 288.508
157.368 288.508
157.368 288.508
157.641 289.008
157.913 289.508
157.913 289.508
158.186 290.008
158.186 290.008
158.732 291.008
158.732 291.008
159.004 291.508
159.004 291.508
159.277 292.008
159.55 292.508
159.55 292.508
159.55 292.508
159.55 292.508
159.55 292.508
159.823 293.008
160.095 293.508
160.095 293.508
160.368 294.008
160.368 294.008
160.641 294.508
160.641 294.508
160.913 295.008
160.913 295.008
161.186 295.508
161.186 295.508
161.459 296.008
161.732 296.508
161.732 296.508
161.732 296.508
161.732 296.508
161.732 296.508
162.004 297.008
162.277 297.508
162.277 297.508
162.55 298.008
162.55 298.008
162.823 298.508
163.095 299.008
163.368 299.508
163.368 299.508
163.913 300.508
163.913 300.508
163.913 300.508
163.913 300.508
163.913 300.508
164.186 301.008
164.459 301.508
164.459 301.508
164.732 302.008
164.732 302.008
165.004 302.508
165.004 302.508
165.004 302.508
165.277 303.008
165.277 303.008
165.55 303.508
165.823 304.008
166.095 304.508
166.095 304.508
166.095 304.508
166.095 304.508
166.095 304.508
166.368 305.008
166.641 305.508
166.641 305.508
166.913 306.008
166.913 306.008
167.186 306.508
167.459 307.008
167.732 307.508
167.732 307.508
167.732 307.508
168.277 308.508
168.277 308.508
168.277 308.508
168.277 308.508
168.277 308.508
168.55 309.008
168.823 309.508
168.823 309.508
169.095 310.008
169.095 310.008
169.095 310.008
169.368 310.508
169.368 310.508
169.641 311.008
169.641 311.008
169.913 311.508
169.913 311.508
170.186 312.008
170.459 312.508
170.459 312.508
170.459 312.508
170.459 312.508
170.459 312.508
170.732 313.008
171.004 313.508
171.004 313.508
171.277 314.008
171.277 314.008
171.277 314.008
171.55 314.508
171.823 315.008
171.823 315.008
172.095 315.508
172.095 315.508
172.641 316.508
172.641 316.508
172.641 316.508
172.641 316.508
172.641 316.508
172.913 317.008
173.186 317.508
173.186 317.508
173.186 317.508
173.459 318.008
173.459 318.008
173.459 318.008
173.732 318.508
173.732 318.508
174.004 319.008
174.004 319.008
174.277 319.508
174.823 320.508
174.823 320.508
174.823 320.508
174.823 320.508
174.823 320.508
174.823 320.508
175.095 321.008
175.368 321.508
175.368 321.508
175.641 322.008
175.641 322.008
175.913 322.508
176.186 323.008
176.186 323.008
176.459 323.508
176.459 323.508
176.459 323.508
176.732 324.008
177.004 324.508
177.004 324.508
177.004 324.508
177.004 324.508
177.004 324.508
177.277 325.008
177.55 325.508
177.823 326.008
177.823 326.008
178.368 327.008
178.368 327.008
178.368 327.008
178.641 327.508
178.641 327.508
178.913 328.008
178.913 328.008
179.186 328.508
179.186 328.508
179.186 328.508
179.459 329.008
179.732 329.508
179.732 329.508
180.004 330.008
180.823 331.508
180.823 331.508
181.095 332.008
181.095 332.008
181.368 332.508
181.368 332.508
181.641 333.008
181.913 333.508
182.186 334.008
182.186 334.008
182.459 334.508
182.732 335.008
182.732 335.008
183.004 335.508
183.55 336.508
183.55 336.508
183.55 336.508
183.55 336.508
183.55 336.508
183.823 337.008
184.095 337.508
184.095 337.508
184.368 338.008
184.368 338.008
184.641 338.508
184.913 339.008
185.186 339.508
185.186 339.508
185.459 340.008
185.732 340.508
185.732 340.508
185.732 340.508
186.004 341.008
186.277 341.508
186.55 342.008
186.823 342.508
187.095 343.008
187.095 343.008
187.368 343.508
187.368 343.508
187.913 344.508
187.913 344.508
187.913 344.508
187.913 344.508
187.913 344.508
188.186 345.008
188.459 345.508
188.459 345.508
188.732 346.008
189.55 347.508
189.55 347.508
189.823 348.008
189.823 348.008
189.823 348.008
190.095 348.508
190.095 348.508
190.095 348.508
190.368 349.008
190.641 349.508
190.913 350.008
191.186 350.508
191.459 351.008
191.732 351.508
191.732 351.508
192.277 352.508
192.277 352.508
192.277 352.508
192.277 352.508
192.277 352.508
192.55 353.008
192.823 353.508
193.095 354.008
193.095 354.008
193.368 354.508
193.368 354.508
193.641 355.008
193.641 355.008
193.913 355.508
194.186 356.008
194.459 356.508
194.459 356.508
194.459 356.508
194.459 356.508
194.732 357.008
195.004 357.508
195.004 357.508
195.277 358.008
195.55 358.508
195.55 358.508
195.823 359.008
196.095 359.508
196.095 359.508
196.641 360.508
196.641 360.508
196.641 360.508
196.641 360.508
196.641 360.508
196.913 361.008
197.186 361.508
197.459 362.008
197.459 362.008
197.732 362.508
198.004 363.008
198.277 363.508
198.277 363.508
198.823 364.508
198.823 364.508
198.823 364.508
198.823 364.508
199.095 365.008
199.368 365.508
199.641 366.008
200.186 367.008
200.459 367.508
201.004 368.508
201.004 368.508
201.004 368.508
201.004 368.508
201.004 368.508
201.277 369.008
201.55 369.508
201.823 370.008
201.823 370.008
202.095 370.508
202.368 371.008
202.641 371.508
202.641 371.508
203.186 372.508
203.186 372.508
203.186 372.508
203.186 372.508
203.186 372.508
203.459 373.008
203.459 373.008
203.732 373.508
204.004 374.008
204.004 374.008
204.277 374.508
204.55 375.008
204.823 375.508
205.368 376.508
205.368 376.508
205.368 376.508
205.368 376.508
205.641 377.008
205.913 377.508
206.186 378.008
206.732 379.008
207.004 379.508
207.004 379.508
207.277 380.008
207.55 380.508
207.55 380.508
207.55 380.508
207.823 381.008
208.095 381.508
208.095 381.508
208.368 382.008
208.368 382.008
208.641 382.508
208.641 382.508
208.913 383.008
209.186 383.508
209.186 383.508
209.186 383.508
209.732 384.508
209.732 384.508
209.732 384.508
209.732 384.508
209.732 384.508
210.004 385.008
210.277 385.508
210.55 386.008
211.095 387.008
211.368 387.508
211.641 388.008
211.913 388.508
212.186 389.008
212.459 389.508
212.732 390.008
213.277 391.008
213.55 391.508
214.095 392.508
214.095 392.508
214.095 392.508
214.368 393.008
214.641 393.508
214.641 393.508
214.913 394.008
214.913 394.008
215.186 394.508
215.459 395.008
215.732 395.508
215.732 395.508
216.004 396.008
216.004 396.008
216.277 396.508
216.277 396.508
216.277 396.508
216.277 396.508
216.55 397.008
216.55 397.008
216.823 397.508
217.095 398.008
217.095 398.008
217.641 399.008
217.913 399.508
218.459 400.508
218.459 400.508
218.459 400.508
218.459 400.508
218.732 401.008
219.004 401.508
219.004 401.508
219.277 402.008
219.55 402.508
219.823 403.008
220.095 403.508
220.095 403.508
220.368 404.008
220.641 404.508
220.641 404.508
220.641 404.508
220.641 404.508
220.641 404.508
220.913 405.008
221.186 405.508
221.186 405.508
221.459 406.008
221.732 406.508
222.004 407.008
222.277 407.508
222.277 407.508
222.823 408.508
222.823 408.508
222.823 408.508
223.095 409.008
223.368 409.508
223.368 409.508
223.641 410.008
223.641 410.008
223.913 410.508
224.186 411.008
224.459 411.508
224.459 411.508
224.732 412.008
224.732 412.008
225.004 412.508
225.004 412.508
225.004 412.508
225.004 412.508
225.277 413.008
225.55 413.508
225.55 413.508
225.823 414.008
225.823 414.008
226.368 415.008
226.641 415.508
227.186 416.508
227.186 416.508
227.186 416.508
227.186 416.508
227.186 416.508
227.459 417.008
227.732 417.508
227.732 417.508
228.004 418.008
228.277 418.508
228.55 419.008
228.55 419.008
228.822 419.508
228.822 419.508
229.095 420.008
229.095 420.008
229.368 420.508
229.368 420.508
229.368 420.508
229.368 420.508
229.641 421.008
229.913 421.508
229.913 421.508
230.186 422.008
230.459 422.508
230.732 423.008
231.004 423.508
231.004 423.508
231.277 424.008
231.55 424.508
231.55 424.508
231.55 424.508
231.55 424.508
231.822 425.008
232.095 425.508
232.095 425.508
232.368 426.008
232.641 426.508
232.913 427.008
233.186 427.508
233.186 427.508
233.732 428.508
233.732 428.508
233.732 428.508
233.732 428.508
233.732 428.508
234.004 429.008
234.004 429.008
234.277 429.508
234.277 429.508
234.55 430.008
235.095 431.008
235.368 431.508
235.641 432.008
235.641 432.008
235.913 432.508
235.913 432.508
235.913 432.508
236.186 433.008
236.459 433.508
236.459 433.508
236.732 434.008
237.004 434.508
237.277 435.008
237.55 435.508
237.55 435.508
238.095 436.508
238.095 436.508
238.095 436.508
238.095 436.508
238.095 436.508
238.368 437.008
238.368 437.008
238.641 437.508
238.641 437.508
238.641 437.508
238.913 438.008
239.186 438.508
239.459 439.008
239.732 439.508
239.732 439.508
240.004 440.008
240.004 440.008
240.277 440.508
240.277 440.508
240.277 440.508
240.277 440.508
240.277 440.508
240.55 441.008
240.822 441.508
241.095 442.008
241.095 442.008
241.368 442.508
241.641 443.008
241.913 443.508
241.913 443.508
242.459 444.508
242.459 444.508
242.459 444.508
242.459 444.508
242.732 445.008
243.004 445.508
243.277 446.008
243.822 447.008
243.822 447.008
244.095 447.508
244.368 448.008
244.641 448.508
244.641 448.508
244.641 448.508
244.913 449.008
245.186 449.508
245.186 449.508
245.459 450.008
245.718 450.483
245.732 450.508
246.004 451.008
246.277 451.508
246.277 451.508
246.55 452.008
246.822 452.508
246.822 452.508
246.822 452.508
246.822 452.508
246.822 452.508
247.095 453.008
247.368 453.508
247.641 454.008
248.186 455.008
248.459 455.508
248.732 456.008
249.004 456.508
249.004 456.508
249.004 456.508
249.004 456.508
249.004 456.508
249.277 457.008
249.277 457.008
249.55 457.508
249.55 457.508
249.822 458.008
249.822 458.008
249.822 458.008
250.095 458.508
250.095 458.508
250.368 459.008
250.368 459.008
250.368 459.008
250.368 459.008
250.641 459.508
250.641 459.508
250.913 460.008
250.913 460.008
251.186 460.508
251.186 460.508
251.186 460.508
251.186 460.508
251.186 460.508
251.459 461.008
251.732 461.508
252.004 462.008
252.004 462.008
252.277 462.508
252.277 462.508
252.55 463.008
252.55 463.008
252.822 463.508
252.822 463.508
253.368 464.508
253.368 464.508
253.368 464.508
253.368 464.508
253.641 465.008
253.913 465.508
254.186 466.008
254.186 466.008
254.459 466.508
254.459 466.508
254.459 466.508
254.732 467.008
255.004 467.508
255.004 467.508
255.004 467.508
255.277 468.008
255.55 468.508
255.55 468.508
255.55 468.508
255.55 468.508
255.55 468.508
255.822 469.008
256.095 469.508
256.095 469.508
256.368 470.008
256.368 470.008
256.641 470.508
256.641 470.508
256.641 470.508
256.913 471.008
257.186 471.508
257.186 471.508
257.186 471.508
257.459 472.008
257.732 472.508
257.732 472.508
257.732 472.508
257.732 472.508
257.732 472.508
258.004 473.008
258.277 473.508
258.277 473.508
258.55 474.008
258.822 474.508
258.822 474.508
258.822 474.508
258.822 474.508
259.095 475.008
259.368 475.508
259.368 475.508
259.641 476.008
259.913 476.508
259.913 476.508
259.913 476.508
259.913 476.508
259.913 476.508
260.186 477.008
260.459 477.508
260.732 478.008
260.732 478.008
260.732 478.008
261.004 478.508
261.277 479.008
261.277 479.008
261.55 479.508
261.55 479.508
261.822 480.008
262.095 480.508
262.095 480.508
262.368 481.008
262.641 481.508
262.641 481.508
262.913 482.008
262.913 482.008
262.913 482.008
263.186 482.508
263.186 482.508
263.459 483.008
263.459 483.008
263.732 483.508
263.732 483.508
263.732 483.508
264.277 484.508
264.277 484.508
264.277 484.508
264.277 484.508
264.55 485.008
264.822 485.508
264.822 485.508
265.095 486.008
265.095 486.008
265.368 486.508
265.641 487.008
265.641 487.008
265.641 487.008
265.913 487.508
266.459 488.508
266.459 488.508
266.459 488.508
266.459 488.508
266.459 488.508
266.732 489.008
267.004 489.508
267.004 489.508
267.277 490.008
267.277 490.008
267.55 490.508
267.55 490.508
267.822 491.008
267.822 491.008
268.095 491.508
268.095 491.508
268.368 492.008
268.641 492.508
268.641 492.508
268.641 492.508
268.641 492.508
268.641 492.508
268.913 493.008
269.186 493.508
269.186 493.508
269.459 494.008
269.459 494.008
269.732 494.508
270.004 495.008
270.277 495.508
270.277 495.508
270.822 496.508
270.822 496.508
270.822 496.508
270.822 496.508
270.822 496.508
271.095 497.008
271.368 497.508
271.368 497.508
271.641 498.008
271.641 498.008
271.913 498.508
271.913 498.508
271.913 498.508
272.186 499.008
272.186 499.008
272.459 499.508
272.732 500.008
273.004 500.508
273.004 500.508
273.004 500.508
273.004 500.508
273.004 500.508
273.277 501.008
273.55 501.508
273.55 501.508
273.822 502.008
273.822 502.008
274.095 502.508
274.368 503.008
274.641 503.508
274.641 503.508
274.641 503.508
275.186 504.508
275.186 504.508
275.186 504.508
275.186 504.508
275.186 504.508
275.459 505.008
275.732 505.508
275.732 505.508
276.004 506.008
276.004 506.008
276.004 506.008
276.277 506.508
276.277 506.508
276.55 507.008
276.55 507.008
276.822 507.508
276.822 507.508
277.095 508.008
277.368 508.508
277.368 508.508
277.368 508.508
277.368 508.508
277.368 508.508
277.641 509.008
277.913 509.508
277.913 509.508
278.186 510.008
278.186 510.008
278.186 510.008
278.459 510.508
278.732 511.008
278.732 511.008
279.004 511.508
279.004 511.508
279.55 512.508
279.55 512.508
279.55 512.508
279.55 512.508
279.55 512.508
279.822 513.008
280.095 513.508
280.095 513.508
280.368 514.008
280.368 514.008
280.641 514.508
280.913 515.008
280.913 515.008
281.186 515.508
281.732 516.508
281.732 516.508
281.732 516.508
281.732 516.508
281.732 516.508
282.004 517.008
282.277 517.508
282.277 517.508
282.55 518.008
282.55 518.008
282.822 518.508
283.095 519.008
283.095 519.008
283.179 519.163
283.368 519.508
283.585 519.906
283.641 520.008
283.913 520.508
283.913 520.508
283.913 520.508
283.913 520.508
283.913 520.508
284.186 521.008
284.459 521.508
284.732 522.008
284.732 522.008
284.732 522.008
285.004 522.508
285.277 523.008
285.277 523.008
285.277 523.008
285.55 523.508
285.55 523.508
285.822 524.008
285.822 524.008
286.095 524.508
286.095 524.508
286.095 524.508
286.095 524.508
286.095 524.508
286.368 525.008
286.641 525.508
286.913 526.008
286.913 526.008
287.186 526.508
287.186 526.508
287.459 527.008
287.459 527.008
287.732 527.508
287.732 527.508
288.277 528.508
288.277 528.508
288.277 528.508
288.277 528.508
288.55 529.008
288.822 529.508
289.095 530.008
289.095 530.008
289.368 530.508
289.368 530.508
289.368 530.508
289.641 531.008
289.913 531.508
289.913 531.508
289.913 531.508
290.186 532.008
290.459 532.508
290.459 532.508
290.459 532.508
290.459 532.508
290.459 532.508
290.732 533.008
291.004 533.508
291.004 533.508
291.277 534.008
291.277 534.008
291.55 534.508
291.55 534.508
291.55 534.508
291.822 535.008
292.095 535.508
292.095 535.508
292.095 535.508
292.368 536.008
292.641 536.508
292.641 536.508
292.641 536.508
292.641 536.508
292.641 536.508
292.913 537.008
293.186 537.508
293.186 537.508
293.459 538.008
293.732 538.508
293.732 538.508
293.732 538.508
293.732 538.508
294.004 539.008
294.277 539.508
294.277 539.508
294.55 540.008
294.822 540.508
294.822 540.508
294.822 540.508
294.822 540.508
294.822 540.508
295.095 541.008
295.368 541.508
295.641 542.008
295.641 542.008
295.641 542.008
295.913 542.508
296.186 543.008
296.186 543.008
296.459 543.508
296.459 543.508
296.732 544.008
297.004 544.508
297.004 544.508
297.277 545.008
297.55 545.508
297.55 545.508
297.822 546.008
297.822 546.008
297.822 546.008
298.095 546.508
298.095 546.508
298.368 547.008
298.368 547.008
298.641 547.508
298.641 547.508
298.641 547.508
298.913 548.008
299.186 548.508
299.186 548.508
299.186 548.508
299.186 548.508
299.459 549.008
299.732 549.508
299.732 549.508
300.004 550.008
300.004 550.008
300.55 551.008
300.55 551.008
300.822 551.508
300.822 551.508
301.095 552.008
301.368 552.508
301.368 552.508
301.368 552.508
301.368 552.508
301.368 552.508
301.641 553.008
301.913 553.508
301.913 553.508
302.186 554.008
302.186 554.008
302.459 554.508
302.459 554.508
302.732 555.008
302.732 555.008
303.004 555.508
303.004 555.508
303.277 556.008
303.55 556.508
303.55 556.508
303.55 556.508
303.55 556.508
303.55 556.508
303.822 557.008
304.095 557.508
304.095 557.508
304.368 558.008
304.368 558.008
304.641 558.508
304.913 559.008
305.186 559.508
305.186 559.508
305.732 560.508
305.732 560.508
305.732 560.508
305.732 560.508
305.732 560.508
306.004 561.008
306.277 561.508
306.277 561.508
306.55 562.008
306.55 562.008
306.822 562.508
306.822 562.508
306.822 562.508
307.095 563.008
307.095 563.008
307.368 563.508
307.641 564.008
307.913 564.508
307.913 564.508
307.913 564.508
307.913 564.508
307.913 564.508
308.186 565.008
308.459 565.508
308.459 565.508
308.732 566.008
308.732 566.008
309.004 566.508
309.277 567.008
309.55 567.508
309.55 567.508
309.55 567.508
310.095 568.508
310.095 568.508
310.095 568.508
310.095 568.508
310.095 568.508
310.368 569.008
310.641 569.508
310.641 569.508
310.913 570.008
310.913 570.008
310.913 570.008
311.186 570.508
311.186 570.508
311.459 571.008
311.459 571.008
311.732 571.508
311.732 571.508
312.004 572.008
312.277 572.508
312.277 572.508
312.277 572.508
312.277 572.508
312.277 572.508
312.55 573.008
312.822 573.508
312.822 573.508
313.095 574.008
313.095 574.008
313.095 574.008
313.368 574.508
313.641 575.008
313.641 575.008
313.913 575.508
313.913 575.508
314.459 576.508
314.459 576.508
314.459 576.508
314.459 576.508
314.459 576.508
314.732 577.008
315.004 577.508
315.004 577.508
315.004 577.508
315.277 578.008
315.277 578.008
315.277 578.008
315.55 578.508
315.55 578.508
315.822 579.008
315.822 579.008
316.095 579.508
316.641 580.508
316.641 580.508
316.641 580.508
316.641 580.508
316.641 580.508
316.641 580.508
316.913 581.008
317.186 581.508
317.186 581.508
317.459 582.008
317.459 582.008
317.732 582.508
318.004 583.008
318.004 583.008
318.277 583.508
318.277 583.508
318.277 583.508
318.55 584.008
318.822 584.508
318.822 584.508
318.822 584.508
318.822 584.508
318.822 584.508
319.095 585.008
319.368 585.508
319.641 586.008
319.641 586.008
320.186 587.008
320.186 587.008
320.459 587.508
320.731 588.008
320.984 588.471
321.004 588.508
321.004 588.508
321.004 588.508
321.004 588.508
321.277 589.008
321.55 589.508
321.55 589.508
321.822 590.008
321.822 590.008
322.084 590.487
322.095 590.508
322.368 591.008
322.368 591.008
322.641 591.508
322.641 591.508
322.642 591.51
322.913 592.008
323.183 592.502
323.186 592.508
323.186 592.508
323.186 592.508
323.186 592.508
323.459 593.008
323.731 593.508
323.731 593.508
324.004 594.008
324.004 594.008
324.247 594.454
324.277 594.508
324.55 595.008
324.55 595.008
324.55 595.008
324.813 595.492
325.349 596.473
325.366 596.504
325.368 596.508
325.627 596.983
325.878 597.444
325.913 597.508
326.15 597.942
326.186 598.008
326.449 598.49
326.459 598.508
326.71 598.969
327.009 599.517
327.334 600.112
327.55 600.508
327.755 600.885
329.731 604.508
329.731 604.508
329.731 604.508
329.731 604.508
330.004 605.008
330.277 605.508
330.277 605.508
330.55 606.008
331.368 607.508
331.368 607.508
331.641 608.008
331.641 608.008
331.913 608.508
331.913 608.508
332.186 609.008
332.459 609.508
332.731 610.008
332.731 610.008
333.004 610.508
333.277 611.008
333.277 611.008
333.55 611.508
334.095 612.508
334.095 612.508
334.095 612.508
334.116 612.546
334.368 613.008
334.641 613.508
334.913 614.008
335.459 615.008
335.703 615.456
335.731 615.508
336.221 616.406
336.278 616.51
336.514 616.944
336.786 617.442
336.838 617.538
337.081 617.983
337.4 618.567
337.46 618.677
337.666 619.054
337.975 619.621
338.111 619.871
338.619 620.802
338.818 621.167
338.879 621.279
338.892 621.302
338.972 621.45
339.064 621.619
339.124 621.727
