1.5431 1.49167
1.80172 1.74167
1.80172 1.74167
2.31896 2.24167
2.31896 2.24167
2.57758 2.49167
2.8362 2.74167
3.09483 2.99167
3.87069 3.74167
3.87069 3.74167
4.38793 4.24167
4.38793 4.24167
4.64655 4.49167
4.90517 4.74167
5.16379 4.99167
5.42241 5.24167
5.68103 5.49167
5.93965 5.74167
5.93965 5.74167
6.45689 6.24167
6.45689 6.24167
6.71551 6.49167
6.97413 6.74167
7.49137 7.24167
7.49137 7.24167
8.00861 7.74167
8.00861 7.74167
8.52586 8.24167
9.0431 8.74167
9.30172 8.99167
9.56034 9.24167
10.0776 9.74167
10.0776 9.74167
10.5948 10.2417
10.5948 10.2417
10.8534 10.4917
10.8534 10.4917
11.3707 10.9917
11.6293 11.2417
11.6293 11.2417
11.8879 11.4917
12.1465 11.7417
12.1465 11.7417
12.1465 11.7417
12.9224 12.4917
12.9224 12.4917
13.181 12.7417
13.4396 12.9917
13.6983 13.2417
13.9569 13.4917
14.0862 13.6167
14.2155 13.7417
14.2155 13.7417
14.2155 13.7417
14.9914 14.4917
14.9914 14.4917
15.5086 14.9917
15.7672 15.2417
15.7672 15.2417
16.2845 15.7417
16.2845 15.7417
16.8017 16.2417
17.319 16.7417
17.5776 16.9917
17.8362 17.2417
18.3534 17.7417
18.3534 17.7417
18.3534 17.7417
18.3534 17.7417
18.3534 17.7417
18.6121 17.9917
18.8707 18.2417
19.1293 18.4917
19.3879 18.7417
19.3879 18.7417
19.3879 18.7417
19.6465 18.9917
20.4224 19.7417
20.4224 19.7417
20.4224 19.7417
20.4224 19.7417
20.681 19.9917
20.9396 20.2417
21.1983 20.4917
21.4569 20.7417
21.4569 20.7417
21.4569 20.7417
21.7155 20.9917
22.4914 21.7417
22.4914 21.7417
22.4914 21.7417
22.4914 21.7417
22.4914 21.7417
22.75 21.9917
23.0086 22.2417
23.2672 22.4917
23.5258 22.7417
23.5258 22.7417
23.5258 22.7417
23.5258 22.7417
23.7845 22.9917
24.3017 23.4917
24.5603 23.7417
24.5603 23.7417
24.5603 23.7417
24.5603 23.7417
24.5603 23.7417
25.5948 24.7417
25.5948 24.7417
25.8534 24.9917
26.112 25.2417
26.3707 25.4917
26.3707 25.4917
26.6293 25.7417
26.6293 25.7417
26.6293 25.7417
26.6293 25.7417
26.8879 25.9917
27.1465 26.2417
27.4052 26.4917
27.6638 26.7417
27.6638 26.7417
27.6638 26.7417
28.6983 27.7417
28.6983 27.7417
28.6983 27.7417
28.6983 27.7417
28.6983 27.7417
28.9569 27.9917
29.2155 28.2417
29.4741 28.4917
29.7327 28.7417
29.7327 28.7417
29.7327 28.7417
29.9914 28.9917
30.7672 29.7417
30.7672 29.7417
30.7672 29.7417
30.7672 29.7417
30.7672 29.7417
31.0258 29.9917
31.2845 30.2417
31.5431 30.4917
31.8017 30.7417
31.8017 30.7417
31.8017 30.7417
31.8017 30.7417
32.0603 30.9917
32.3189 31.2417
32.5776 31.4917
32.5776 31.4917
32.8362 31.7417
32.8362 31.7417
33.0948 31.9917
33.3534 32.2417
33.612 32.4917
33.8707 32.7417
34.3879 33.2417
34.9051 33.7417
34.9051 33.7417
34.9051 33.7417
34.9051 33.7417
34.9051 33.7417
35.1638 33.9917
35.4224 34.2417
35.681 34.4917
35.9396 34.7417
35.9396 34.7417
36.1982 34.9917
36.1982 34.9917
36.4569 35.2417
36.7155 35.4917
36.9741 35.7417
36.9741 35.7417
36.9741 35.7417
36.9741 35.7417
37.2327 35.9917
37.4914 36.2417
37.75 36.4917
38.0086 36.7417
38.0086 36.7417
38.2672 36.9917
38.7845 37.4917
38.7845 37.4917
39.0431 37.7417
39.0431 37.7417
39.0431 37.7417
39.0431 37.7417
39.3017 37.9917
39.5603 38.2417
39.5603 38.2417
39.8189 38.4917
39.8189 38.4917
40.0776 38.7417
40.0776 38.7417
40.0776 38.7417
40.3362 38.9917
40.5948 39.2417
40.8534 39.4917
41.112 39.7417
41.112 39.7417
41.112 39.7417
41.112 39.7417
41.6293 40.2417
41.8879 40.4917
42.1465 40.7417
42.1465 40.7417
42.4051 40.9917
42.6638 41.2417
42.6638 41.2417
42.9224 41.4917
43.181 41.7417
43.181 41.7417
43.181 41.7417
43.181 41.7417
43.181 41.7417
43.181 41.7417
43.181 41.7417
43.4396 41.9917
43.6982 42.2417
43.9569 42.4917
44.2155 42.7417
44.2155 42.7417
44.2155 42.7417
44.4741 42.9917
45.25 43.7417
45.25 43.7417
45.25 43.7417
45.25 43.7417
45.5086 43.9917
45.7672 44.2417
46.0258 44.4917
46.2844 44.7417
46.2844 44.7417
46.5431 44.9917
46.5431 44.9917
46.8017 45.2417
47.0603 45.4917
47.3189 45.7417
47.3189 45.7417
47.3189 45.7417
47.3189 45.7417
47.3189 45.7417
47.5776 45.9917
47.8362 46.2417
48.0948 46.4917
48.3534 46.7417
48.3534 46.7417
48.8707 47.2417
48.8707 47.2417
49.1293 47.4917
49.3879 47.7417
49.3879 47.7417
49.3879 47.7417
49.3879 47.7417
49.6465 47.9917
49.9051 48.2417
50.1638 48.4917
50.4224 48.7417
50.681 48.9917
50.9396 49.2417
51.1982 49.4917
51.4569 49.7417
51.4569 49.7417
51.4569 49.7417
51.4569 49.7417
52.75 50.9917
53.0086 51.2417
53.0086 51.2417
53.2672 51.4917
53.5258 51.7417
53.5258 51.7417
53.5258 51.7417
53.5258 51.7417
53.5258 51.7417
53.7844 51.9917
54.0431 52.2417
54.3017 52.4917
54.3017 52.4917
54.5603 52.7417
54.5603 52.7417
54.5603 52.7417
54.8189 52.9917
55.0775 53.2417
55.5948 53.7417
55.5948 53.7417
55.5948 53.7417
55.5948 53.7417
55.5948 53.7417
55.8534 53.9917
56.112 54.2417
56.3706 54.4917
56.3706 54.4917
56.6293 54.7417
56.6293 54.7417
56.8879 54.9917
56.8879 54.9917
57.1465 55.2417
57.1465 55.2417
57.6638 55.7417
57.6638 55.7417
57.6638 55.7417
57.6638 55.7417
57.6638 55.7417
57.9224 55.9917
58.181 56.2417
58.181 56.2417
58.4396 56.4917
58.4396 56.4917
58.6982 56.7417
58.6982 56.7417
58.6982 56.7417
58.6982 56.7417
58.6982 56.7417
58.9569 56.9917
59.2155 57.2417
59.2155 57.2417
59.4741 57.4917
59.4741 57.4917
59.4741 57.4917
59.7327 57.7417
59.7327 57.7417
59.7327 57.7417
59.7327 57.7417
59.9913 57.9917
60.5086 58.4917
60.5086 58.4917
60.7672 58.7417
60.7672 58.7417
60.7672 58.7417
61.0258 58.9917
61.0258 58.9917
61.2844 59.2417
61.5431 59.4917
61.8017 59.7417
61.8017 59.7417
61.8017 59.7417
61.8017 59.7417
61.8017 59.7417
61.8017 59.7417
62.0603 59.9917
62.3189 60.2417
62.3189 60.2417
62.5775 60.4917
62.5775 60.4917
62.8362 60.7417
62.8362 60.7417
63.0948 60.9917
63.0948 60.9917
63.3534 61.2417
63.3534 61.2417
63.8706 61.7417
63.8706 61.7417
63.8706 61.7417
63.8706 61.7417
64.1293 61.9917
64.3879 62.2417
64.6465 62.4917
64.6465 62.4917
64.9051 62.7417
64.9051 62.7417
65.1637 62.9917
65.1637 62.9917
65.4224 63.2417
65.681 63.4917
65.681 63.4917
65.9396 63.7417
65.9396 63.7417
65.9396 63.7417
65.9396 63.7417
65.9396 63.7417
65.9396 63.7417
66.1982 63.9917
66.4568 64.2417
66.7155 64.4917
66.7155 64.4917
66.9741 64.7417
66.9741 64.7417
66.9741 64.7417
67.2327 64.9917
67.2327 64.9917
67.4913 65.2417
67.4913 65.2417
67.75 65.4917
68.0086 65.7417
68.0086 65.7417
68.0086 65.7417
68.0086 65.7417
68.2672 65.9917
68.5258 66.2417
68.7844 66.4917
69.0431 66.7417
69.3017 66.9917
69.5603 67.2417
69.5603 67.2417
69.8189 67.4917
69.8189 67.4917
70.0775 67.7417
70.0775 67.7417
70.0775 67.7417
70.0775 67.7417
70.0775 67.7417
70.3362 67.9917
70.5948 68.2417
70.5948 68.2417
70.8534 68.4917
70.8534 68.4917
71.112 68.7417
71.112 68.7417
71.3706 68.9917
71.3706 68.9917
71.6293 69.2417
71.8879 69.4917
72.1465 69.7417
72.1465 69.7417
72.1465 69.7417
72.1465 69.7417
72.1465 69.7417
72.4051 69.9917
72.6637 70.2417
72.9224 70.4917
72.9224 70.4917
73.181 70.7417
73.181 70.7417
73.4396 70.9917
73.4396 70.9917
73.6982 71.2417
74.2155 71.7417
74.2155 71.7417
74.2155 71.7417
74.2155 71.7417
74.2155 71.7417
74.4741 71.9917
74.7327 72.2417
74.7327 72.2417
74.9913 72.4917
75.2499 72.7417
75.2499 72.7417
75.2499 72.7417
75.2499 72.7417
75.2499 72.7417
75.5086 72.9917
75.7672 73.2417
75.7672 73.2417
76.0258 73.4917
76.0258 73.4917
76.0258 73.4917
76.0258 73.4917
76.2844 73.7417
76.2844 73.7417
76.2844 73.7417
76.2844 73.7417
76.543 73.9917
76.543 73.9917
77.0603 74.4917
77.0603 74.4917
77.3189 74.7417
77.3189 74.7417
77.3189 74.7417
77.3189 74.7417
77.5775 74.9917
77.5775 74.9917
77.8361 75.2417
78.0948 75.4917
78.0948 75.4917
78.2241 75.6167
78.3534 75.7417
78.3534 75.7417
78.3534 75.7417
78.3534 75.7417
78.3534 75.7417
78.3534 75.7417
78.612 75.9917
78.8706 76.2417
78.8706 76.2417
79.1293 76.4917
79.1293 76.4917
79.3879 76.7417
79.3879 76.7417
79.6465 76.9917
79.9051 77.2417
80.4224 77.7417
80.4224 77.7417
80.4224 77.7417
80.4224 77.7417
80.4224 77.7417
80.681 77.9917
80.9396 78.2417
81.1982 78.4917
81.1982 78.4917
81.4568 78.7417
81.4568 78.7417
81.7155 78.9917
81.7155 78.9917
81.9741 79.2417
82.2327 79.4917
82.4913 79.7417
82.4913 79.7417
82.4913 79.7417
82.4913 79.7417
82.4913 79.7417
82.4913 79.7417
82.7499 79.9917
83.0086 80.2417
83.2672 80.4917
83.2672 80.4917
83.5258 80.7417
83.5258 80.7417
83.5258 80.7417
83.7844 80.9917
83.7844 80.9917
84.043 81.2417
84.043 81.2417
84.3017 81.4917
84.5603 81.7417
84.5603 81.7417
84.5603 81.7417
84.5603 81.7417
85.3361 82.4917
85.5948 82.7417
85.5948 82.7417
85.5948 82.7417
85.8534 82.9917
85.8534 82.9917
86.112 83.2417
86.112 83.2417
86.112 83.2417
86.3706 83.4917
86.6292 83.7417
86.6292 83.7417
86.6292 83.7417
86.6292 83.7417
86.8879 83.9917
87.1465 84.2417
87.4051 84.4917
87.6637 84.7417
88.181 85.2417
88.4396 85.4917
88.6982 85.7417
88.6982 85.7417
88.6982 85.7417
88.6982 85.7417
89.2155 86.2417
89.2155 86.2417
89.2155 86.2417
89.7327 86.7417
89.7327 86.7417
90.2499 87.2417
90.2499 87.2417
90.7672 87.7417
90.7672 87.7417
90.7672 87.7417
90.7672 87.7417
90.7672 87.7417
90.8965 87.8667
91.0258 87.9917
91.8017 88.7417
91.8017 88.7417
91.8017 88.7417
91.8017 88.7417
91.8017 88.7417
91.931 88.8667
92.0603 88.9917
92.0603 88.9917
92.3189 89.2417
92.5775 89.4917
92.8361 89.7417
92.8361 89.7417
92.8361 89.7417
92.8361 89.7417
92.8361 89.7417
92.9654 89.8667
93.0948 89.9917
93.612 90.4917
93.8706 90.7417
93.8706 90.7417
94.1292 90.9917
94.3879 91.2417
94.3879 91.2417
94.6465 91.4917
94.9051 91.7417
94.9051 91.7417
94.9051 91.7417
94.9051 91.7417
94.9051 91.7417
95.4223 92.2417
95.681 92.4917
95.9396 92.7417
95.9396 92.7417
96.1982 92.9917
96.1982 92.9917
96.4568 93.2417
96.4568 93.2417
96.4568 93.2417
96.7154 93.4917
96.9741 93.7417
96.9741 93.7417
96.9741 93.7417
96.9741 93.7417
96.9741 93.7417
97.4913 94.2417
97.4913 94.2417
97.7499 94.4917
97.7499 94.4917
98.0085 94.7417
98.0085 94.7417
98.2672 94.9917
98.5258 95.2417
98.5258 95.2417
99.043 95.7417
99.043 95.7417
99.043 95.7417
99.043 95.7417
99.043 95.7417
99.8189 96.4917
99.8189 96.4917
100.078 96.7417
100.078 96.7417
100.078 96.7417
100.595 97.2417
101.112 97.7417
101.112 97.7417
101.112 97.7417
101.112 97.7417
101.112 97.7417
101.888 98.4917
103.181 99.7417
103.181 99.7417
103.181 99.7417
103.181 99.7417
103.181 99.7417
103.44 99.9917
103.698 100.242
103.957 100.492
104.215 100.742
104.215 100.742
104.474 100.992
104.474 100.992
104.733 101.242
104.991 101.492
105.25 101.742
105.25 101.742
105.25 101.742
105.25 101.742
105.509 101.992
105.767 102.242
106.026 102.492
106.284 102.742
106.284 102.742
106.543 102.992
107.06 103.492
107.06 103.492
107.319 103.742
107.319 103.742
107.319 103.742
107.319 103.742
107.578 103.992
107.836 104.242
107.836 104.242
108.095 104.492
108.095 104.492
108.353 104.742
108.353 104.742
108.353 104.742
108.612 104.992
108.871 105.242
109.129 105.492
109.388 105.742
109.388 105.742
109.388 105.742
109.388 105.742
110.164 106.492
110.422 106.742
110.681 106.992
110.94 107.242
111.198 107.492
111.457 107.742
111.457 107.742
111.457 107.742
111.457 107.742
111.457 107.742
111.457 107.742
111.715 107.992
111.974 108.242
112.233 108.492
112.491 108.742
112.491 108.742
112.491 108.742
112.75 108.992
113.526 109.742
113.526 109.742
113.526 109.742
113.526 109.742
113.784 109.992
114.043 110.242
114.302 110.492
114.56 110.742
114.56 110.742
114.819 110.992
114.819 110.992
115.078 111.242
115.336 111.492
115.595 111.742
115.595 111.742
115.595 111.742
115.595 111.742
115.595 111.742
115.853 111.992
116.112 112.242
116.371 112.492
116.629 112.742
116.629 112.742
117.146 113.242
117.146 113.242
117.405 113.492
117.664 113.742
117.664 113.742
117.664 113.742
117.664 113.742
117.922 113.992
118.181 114.242
118.44 114.492
118.698 114.742
118.957 114.992
119.215 115.242
119.474 115.492
119.733 115.742
119.733 115.742
119.733 115.742
119.733 115.742
121.026 116.992
121.284 117.242
121.284 117.242
121.543 117.492
121.802 117.742
121.802 117.742
121.802 117.742
121.802 117.742
121.802 117.742
122.06 117.992
122.319 118.242
122.577 118.492
122.577 118.492
122.836 118.742
122.836 118.742
122.836 118.742
123.095 118.992
123.353 119.242
123.871 119.742
123.871 119.742
123.871 119.742
123.871 119.742
123.871 119.742
124.129 119.992
124.388 120.242
124.646 120.492
124.646 120.492
124.905 120.742
124.905 120.742
125.164 120.992
125.164 120.992
125.422 121.242
125.422 121.242
125.94 121.742
125.94 121.742
125.94 121.742
125.94 121.742
125.94 121.742
126.198 121.992
126.457 122.242
126.457 122.242
126.715 122.492
126.715 122.492
126.974 122.742
126.974 122.742
126.974 122.742
126.974 122.742
126.974 122.742
127.233 122.992
127.491 123.242
127.491 123.242
127.75 123.492
127.75 123.492
127.75 123.492
128.009 123.742
128.009 123.742
128.009 123.742
128.009 123.742
128.267 123.992
128.784 124.492
129.043 124.742
129.043 124.742
129.043 124.742
129.302 124.992
129.431 125.117
129.56 125.242
129.819 125.492
129.948 125.617
130.077 125.742
130.077 125.742
130.077 125.742
130.077 125.742
130.077 125.742
130.077 125.742
130.336 125.992
130.595 126.242
130.595 126.242
130.853 126.492
130.853 126.492
131.112 126.742
131.112 126.742
131.371 126.992
131.371 126.992
131.629 127.242
131.629 127.242
132.146 127.742
132.146 127.742
132.146 127.742
132.146 127.742
132.405 127.992
132.664 128.242
132.922 128.492
132.922 128.492
133.181 128.742
133.181 128.742
133.44 128.992
133.44 128.992
133.698 129.242
133.957 129.492
133.957 129.492
134.215 129.742
134.215 129.742
134.215 129.742
134.215 129.742
134.215 129.742
134.215 129.742
134.474 129.992
134.733 130.242
134.991 130.492
134.991 130.492
135.25 130.742
135.25 130.742
135.25 130.742
135.509 130.992
135.509 130.992
135.767 131.242
135.767 131.242
136.026 131.492
136.284 131.742
136.284 131.742
136.284 131.742
136.284 131.742
136.543 131.992
136.802 132.242
137.06 132.492
137.319 132.742
137.577 132.992
137.836 133.242
137.836 133.242
138.095 133.492
138.095 133.492
138.353 133.742
138.353 133.742
138.353 133.742
138.353 133.742
138.353 133.742
138.612 133.992
138.871 134.242
138.871 134.242
139.129 134.492
139.129 134.492
139.388 134.742
139.388 134.742
139.646 134.992
139.646 134.992
139.905 135.242
140.164 135.492
140.422 135.742
140.422 135.742
140.422 135.742
140.422 135.742
140.422 135.742
140.681 135.992
140.94 136.242
141.198 136.492
141.198 136.492
141.457 136.742
141.457 136.742
141.715 136.992
141.715 136.992
141.974 137.242
142.491 137.742
142.491 137.742
142.491 137.742
142.491 137.742
142.491 137.742
142.75 137.992
143.009 138.242
143.009 138.242
143.267 138.492
143.526 138.742
143.526 138.742
143.526 138.742
143.526 138.742
143.526 138.742
143.784 138.992
144.043 139.242
144.043 139.242
144.302 139.492
144.302 139.492
144.302 139.492
144.302 139.492
144.56 139.742
144.56 139.742
144.56 139.742
144.56 139.742
144.819 139.992
145.336 140.492
145.595 140.742
145.595 140.742
145.853 140.992
146.112 141.242
146.371 141.492
146.629 141.742
146.629 141.742
146.629 141.742
146.629 141.742
146.629 141.742
146.888 141.992
147.146 142.242
147.146 142.242
147.405 142.492
147.405 142.492
147.664 142.742
147.664 142.742
147.922 142.992
148.181 143.242
148.698 143.742
148.698 143.742
148.698 143.742
148.698 143.742
148.698 143.742
148.957 143.992
149.215 144.242
149.474 144.492
149.474 144.492
149.733 144.742
149.733 144.742
149.991 144.992
149.991 144.992
150.25 145.242
150.509 145.492
150.767 145.742
150.767 145.742
150.767 145.742
150.767 145.742
150.767 145.742
150.767 145.742
151.026 145.992
151.284 146.242
151.543 146.492
151.543 146.492
151.802 146.742
151.802 146.742
151.802 146.742
152.06 146.992
152.06 146.992
152.319 147.242
152.319 147.242
152.577 147.492
152.836 147.742
152.836 147.742
152.836 147.742
152.836 147.742
153.612 148.492
153.871 148.742
153.871 148.742
154.129 148.992
154.388 149.242
154.388 149.242
154.388 149.242
154.388 149.242
154.646 149.492
154.905 149.742
154.905 149.742
155.164 149.992
155.422 150.242
155.422 150.242
155.681 150.492
155.94 150.742
155.94 150.742
156.198 150.992
156.457 151.242
156.974 151.742
156.974 151.742
156.974 151.742
156.974 151.742
157.233 151.992
157.491 152.242
157.75 152.492
157.75 152.492
158.009 152.742
158.267 152.992
158.526 153.242
159.043 153.742
159.043 153.742
159.302 153.992
159.56 154.242
159.56 154.242
159.819 154.492
160.077 154.742
160.077 154.742
160.336 154.992
160.595 155.242
160.595 155.242
160.853 155.492
161.112 155.742
161.371 155.992
161.629 156.242
162.146 156.742
162.146 156.742
162.664 157.242
163.181 157.742
163.181 157.742
163.181 157.742
163.181 157.742
163.181 157.742
163.44 157.992
163.698 158.242
163.698 158.242
163.957 158.492
164.215 158.742
164.215 158.742
164.474 158.992
165.25 159.742
165.25 159.742
165.25 159.742
165.25 159.742
165.508 159.992
165.767 160.242
166.026 160.492
166.026 160.492
166.284 160.742
166.284 160.742
166.543 160.992
166.802 161.242
167.06 161.492
167.319 161.742
167.319 161.742
167.319 161.742
167.319 161.742
167.577 161.992
167.836 162.242
168.095 162.492
168.095 162.492
168.353 162.742
168.353 162.742
168.353 162.742
168.612 162.992
168.871 163.242
168.871 163.242
169.129 163.492
169.388 163.742
169.388 163.742
169.388 163.742
169.646 163.992
169.905 164.242
170.164 164.492
170.164 164.492
170.422 164.742
170.422 164.742
170.681 164.992
170.94 165.242
170.94 165.242
170.94 165.242
171.198 165.492
171.198 165.492
171.457 165.742
171.457 165.742
171.457 165.742
171.457 165.742
171.457 165.742
171.715 165.992
171.974 166.242
171.974 166.242
172.233 166.492
172.233 166.492
172.491 166.742
172.491 166.742
172.75 166.992
173.008 167.242
173.526 167.742
173.526 167.742
173.526 167.742
173.526 167.742
173.526 167.742
173.784 167.992
174.043 168.242
174.043 168.242
174.302 168.492
174.302 168.492
174.56 168.742
174.56 168.742
174.819 168.992
174.819 168.992
175.077 169.242
175.595 169.742
175.595 169.742
175.595 169.742
175.595 169.742
175.595 169.742
175.853 169.992
176.112 170.242
176.112 170.242
176.371 170.492
176.629 170.742
176.629 170.742
176.629 170.742
176.629 170.742
176.629 170.742
176.888 170.992
177.146 171.242
177.146 171.242
177.405 171.492
177.405 171.492
177.405 171.492
177.405 171.492
177.664 171.742
177.922 171.992
177.922 171.992
177.922 171.992
178.181 172.242
178.181 172.242
178.44 172.492
178.44 172.492
178.44 172.492
178.44 172.492
178.44 172.492
178.698 172.742
178.698 172.742
178.957 172.992
178.957 172.992
178.957 172.992
179.215 173.242
179.215 173.242
179.215 173.242
179.474 173.492
179.474 173.492
179.733 173.742
179.733 173.742
179.733 173.742
179.733 173.742
179.733 173.742
179.733 173.742
179.991 173.992
180.25 174.242
180.25 174.242
180.508 174.492
180.508 174.492
180.767 174.742
180.767 174.742
181.026 174.992
181.026 174.992
181.284 175.242
181.543 175.492
181.802 175.742
181.802 175.742
181.802 175.742
181.802 175.742
181.802 175.742
182.06 175.992
182.319 176.242
182.319 176.242
182.319 176.242
182.319 176.242
182.577 176.492
182.577 176.492
183.095 176.992
183.095 176.992
183.095 176.992
183.095 176.992
183.353 177.242
183.612 177.492
183.871 177.742
183.871 177.742
183.871 177.742
183.871 177.742
183.871 177.742
184.129 177.992
184.388 178.242
184.646 178.492
184.646 178.492
184.905 178.742
184.905 178.742
184.905 178.742
185.164 178.992
185.422 179.242
185.422 179.242
185.681 179.492
185.681 179.492
185.681 179.492
185.94 179.742
185.94 179.742
186.198 179.992
186.457 180.242
186.715 180.492
186.974 180.742
186.974 180.742
189.043 182.742
189.56 183.242
189.819 183.492
190.077 183.742
190.077 183.742
190.077 183.742
190.595 184.242
190.595 184.242
190.853 184.492
191.112 184.742
191.371 184.992
192.146 185.742
192.146 185.742
192.664 186.242
192.664 186.242
192.922 186.492
193.181 186.742
193.44 186.992
193.698 187.242
193.957 187.492
194.215 187.742
194.215 187.742
194.733 188.242
194.733 188.242
194.991 188.492
195.25 188.742
195.767 189.242
195.767 189.242
196.284 189.742
196.284 189.742
196.802 190.242
197.319 190.742
197.577 190.992
197.836 191.242
198.353 191.742
198.353 191.742
198.871 192.242
198.871 192.242
199.129 192.492
199.129 192.492
199.646 192.992
199.905 193.242
199.905 193.242
200.164 193.492
200.422 193.742
200.422 193.742
200.422 193.742
201.198 194.492
201.198 194.492
201.457 194.742
201.715 194.992
201.974 195.242
202.233 195.492
202.362 195.617
202.491 195.742
202.491 195.742
202.491 195.742
203.267 196.492
203.267 196.492
203.784 196.992
204.043 197.242
204.043 197.242
204.56 197.742
205.077 198.242
205.595 198.742
205.853 198.992
206.112 199.242
