2.47563 4.86875
2.47563 4.86875
2.9841 5.86875
3.49257 6.86875
3.49257 6.86875
3.49257 6.86875
3.74681 7.36875
4.00105 7.86875
4.00105 7.86875
4.50952 8.86875
4.50952 8.86875
4.50952 8.86875
4.50952 8.86875
5.01799 9.86875
5.52647 10.8688
6.03494 11.8688
6.54341 12.8688
6.54341 12.8688
6.54341 12.8688
7.05188 13.8688
7.56036 14.8688
7.56036 14.8688
7.81459 15.3688
8.06883 15.8688
8.5773 16.8687
8.5773 16.8687
8.5773 16.8687
9.08578 17.8687
9.59425 18.8687
9.59425 18.8687
9.59425 18.8687
10.1027 19.8687
10.6112 20.8687
10.6112 20.8687
10.6112 20.8687
10.6112 20.8687
11.1197 21.8687
11.1197 21.8687
11.6281 22.8687
11.6281 22.8687
12.1366 23.8687
12.1366 23.8687
12.6451 24.8687
12.6451 24.8687
12.6451 24.8687
12.6451 24.8687
13.1536 25.8687
13.662 26.8687
13.662 26.8687
14.679 28.8687
14.679 28.8687
14.679 28.8687
15.1875 29.8687
15.6959 30.8687
16.2044 31.8688
16.2044 31.8688
16.7129 32.8687
16.7129 32.8687
16.7129 32.8687
16.7129 32.8687
16.7129 32.8687
17.2213 33.8687
17.7298 34.8687
18.2383 35.8687
18.4925 36.3687
18.7468 36.8687
18.7468 36.8687
18.7468 36.8687
19.2552 37.8687
19.7637 38.8687
20.2722 39.8687
20.5264 40.3687
20.7807 40.8687
20.7807 40.8687
20.7807 40.8687
20.7807 40.8687
21.2891 41.8687
21.7976 42.8687
22.3061 43.8687
22.5603 44.3687
22.8145 44.8687
22.8145 44.8687
22.8145 44.8687
22.8145 44.8687
23.323 45.8687
23.323 45.8687
23.5773 46.3687
23.8315 46.8687
24.34 47.8687
24.7531 48.6812
24.8368 48.8458
25.1737 49.5083
25.3569 49.8687
25.537 50.2229
25.8654 50.8687
25.8707 50.8792
26.2256 51.5771
26.3739 51.8687
26.3739 51.8687
26.5825 52.2792
26.6281 52.3687
26.8823 52.8687
26.8823 52.8687
26.8823 52.8687
26.8823 52.8687
26.9162 52.9354
27.3908 53.8687
27.8993 54.8687
28.4078 55.8687
28.4078 55.8687
28.662 56.3687
28.9162 56.8687
28.9162 56.8687
29.9332 58.8687
29.9332 58.8687
30.4416 59.8687
30.4416 59.8687
30.6959 60.3687
30.9501 60.8687
30.9501 60.8687
30.9501 60.8687
31.4586 61.8687
31.4586 61.8687
31.9671 62.8687
32.4755 63.8687
32.984 64.8688
32.984 64.8688
32.984 64.8688
33.4925 65.8688
34.001 66.8688
34.5094 67.8688
34.7637 68.3688
35.0179 68.8688
35.0179 68.8688
35.0179 68.8688
35.5264 69.8688
35.7806 70.3688
36.0348 70.8688
36.0348 70.8688
36.5433 71.8688
36.5433 71.8688
37.0518 72.8688
37.0518 72.8688
37.0518 72.8688
37.5603 73.8688
38.0687 74.8688
38.0687 74.8688
38.0687 74.8688
38.5772 75.8688
38.5772 75.8688
38.8314 76.3688
39.0857 76.8688
39.0857 76.8688
39.0857 76.8688
39.0857 76.8688
39.0857 76.8688
39.5942 77.8688
39.5942 77.8688
39.8484 78.3688
40.1026 78.8688
40.6111 79.8688
41.0878 80.8063
41.1196 80.8688
42.1143 82.825
42.6037 83.7875
42.645 83.8688
42.8992 84.3688
43.0571 84.6792
43.1461 84.8542
43.1535 84.8688
43.1535 84.8688
43.1535 84.8688
43.1736 84.9083
43.2086 84.9771
43.6619 85.8688
44.1704 86.8688
44.6789 87.8688
44.6789 87.8688
44.9331 88.3688
45.1143 88.725
45.1874 88.8688
45.1874 88.8688
45.198 88.8896
45.6958 89.8688
46.2043 90.8688
46.2043 90.8688
46.2043 90.8688
46.7128 91.8688
46.967 92.3688
47.2213 92.8688
47.2213 92.8688
47.2213 92.8688
47.2213 92.8688
47.2213 92.8688
47.7297 93.8688
47.7297 93.8688
48.2382 94.8688
48.2382 94.8688
48.7467 95.8688
48.7467 95.8688
49.2551 96.8688
49.2551 96.8688
49.2551 96.8688
49.2551 96.8688
49.7636 97.8688
50.2721 98.8688
50.2721 98.8688
50.2721 98.8688
50.5263 99.3688
50.7806 99.8688
50.7806 99.8688
51.0348 100.369
51.0348 100.369
51.289 100.869
51.289 100.869
51.289 100.869
51.5433 101.369
51.7975 101.869
51.7975 101.869
52.0517 102.369
52.306 102.869
52.5602 103.369
52.5602 103.369
52.8145 103.869
53.0687 104.369
53.3229 104.869
53.3229 104.869
53.3229 104.869
53.5772 105.369
53.8314 105.869
54.0856 106.369
54.3399 106.869
54.3399 106.869
54.3399 106.869
54.8483 107.869
55.3568 108.869
55.3568 108.869
55.3568 108.869
55.3568 108.869
55.6111 109.369
55.8653 109.869
56.1195 110.369
56.3738 110.869
56.628 111.369
56.8822 111.869
56.8822 111.869
57.1365 112.369
57.3907 112.869
57.3907 112.869
57.3907 112.869
57.3907 112.869
57.3907 112.869
57.6449 113.369
57.8992 113.869
58.1534 114.369
58.4077 114.869
58.6619 115.369
58.9161 115.869
58.9161 115.869
58.9161 115.869
59.1704 116.369
59.1704 116.369
59.4246 116.869
59.4246 116.869
59.4246 116.869
59.4246 116.869
59.4246 116.869
59.6788 117.369
59.9331 117.869
60.1873 118.369
60.1873 118.369
60.4415 118.869
60.6958 119.369
60.95 119.869
60.95 119.869
61.4585 120.869
61.4585 120.869
61.4585 120.869
61.4585 120.869
61.4585 120.869
61.7127 121.369
61.967 121.869
61.967 121.869
62.2212 122.369
62.2212 122.369
62.4754 122.869
62.4754 122.869
62.7297 123.369
62.9839 123.869
62.9839 123.869
63.2382 124.369
63.2382 124.369
63.4924 124.869
63.4924 124.869
63.4924 124.869
64.0009 125.869
64.0009 125.869
64.2551 126.369
64.5093 126.869
65.0178 127.869
65.0178 127.869
65.5263 128.869
65.5263 128.869
65.5263 128.869
65.7805 129.369
66.0348 129.869
66.0348 129.869
66.289 130.369
66.5432 130.869
66.5432 130.869
66.5432 130.869
66.5432 130.869
67.0517 131.869
67.0517 131.869
67.3059 132.369
67.5602 132.869
67.5602 132.869
67.5602 132.869
67.5602 132.869
67.5602 132.869
67.5602 132.869
68.0686 133.869
68.0686 133.869
68.3229 134.369
68.5771 134.869
68.8314 135.369
69.0856 135.869
69.3398 136.369
69.3398 136.369
69.5941 136.869
69.5941 136.869
69.5941 136.869
69.8483 137.369
70.1025 137.869
70.3568 138.369
70.611 138.869
70.8652 139.369
71.1195 139.869
71.1195 139.869
71.628 140.869
71.628 140.869
71.628 140.869
71.628 140.869
71.8822 141.369
72.1364 141.869
72.1364 141.869
72.3907 142.369
72.6449 142.869
72.6449 142.869
72.8991 143.369
72.8991 143.369
73.1534 143.869
73.1534 143.869
73.4076 144.369
73.4076 144.369
73.6618 144.869
73.6618 144.869
73.6618 144.869
73.9161 145.369
74.1703 145.869
74.6788 146.869
74.6788 146.869
74.6788 146.869
75.1873 147.869
75.4415 148.369
75.6957 148.869
75.6957 148.869
75.6957 148.869
75.6957 148.869
75.6957 148.869
75.6957 148.869
76.2042 149.869
76.4584 150.369
76.7127 150.869
76.9669 151.369
77.2212 151.869
77.2212 151.869
77.7296 152.869
77.7296 152.869
77.7296 152.869
77.7296 152.869
77.7296 152.869
78.2381 153.869
78.4923 154.369
78.7466 154.869
78.7466 154.869
79.0008 155.369
79.0008 155.369
79.2551 155.869
79.2551 155.869
79.7635 156.869
79.7635 156.869
79.7635 156.869
79.7635 156.869
79.7635 156.869
79.7635 156.869
80.272 157.869
80.7805 158.869
81.0347 159.369
81.2889 159.869
81.7974 160.869
81.7974 160.869
82.3059 161.869
82.8144 162.869
83.7042 164.619
83.8038 164.815
83.8313 164.869
84.3398 165.869
84.8483 166.869
85.3567 167.869
85.7455 168.633
85.8652 168.869
85.8652 168.869
85.8652 168.869
85.8652 168.869
86.3737 169.869
86.5898 170.294
86.8821 170.869
87.6046 172.29
87.88 172.831
87.8991 172.869
87.8991 172.869
88.4076 173.869
88.916 174.869
89.88 176.765
89.933 176.869
89.933 176.869
89.933 176.869
90.4415 177.869
90.666 178.31
90.9499 178.869
91.451 179.854
91.4584 179.869
91.916 180.769
91.9669 180.869
91.9669 180.869
92.4753 181.869
92.9838 182.869
93.4923 183.869
93.9806 184.829
94.0008 184.869
94.0008 184.869
94.2338 185.327
94.4955 185.842
94.5092 185.869
94.7243 186.292
95.0008 186.835
95.0177 186.869
95.5209 187.858
95.5262 187.869
95.7667 188.342
95.7804 188.369
96.0272 188.854
96.0347 188.869
96.0347 188.869
96.5431 189.869
97.0516 190.869
97.5601 191.869
98.0357 192.804
98.0686 192.869
98.0686 192.869
98.0686 192.869
98.0686 192.869
98.577 193.869
99.0431 194.785
99.0855 194.869
99.0855 194.869
99.594 195.869
100.083 196.831
100.102 196.869
100.102 196.869
100.102 196.869
100.102 196.869
100.102 196.869
100.357 197.369
100.611 197.869
100.865 198.369
101.119 198.869
101.374 199.369
101.628 199.869
101.628 199.869
101.628 199.869
102.087 200.771
102.136 200.869
102.136 200.869
102.136 200.869
102.136 200.869
102.391 201.369
102.645 201.869
102.899 202.369
103.117 202.798
103.153 202.869
103.408 203.369
103.594 203.735
103.662 203.869
104.106 204.742
104.17 204.869
104.17 204.869
104.17 204.869
104.17 204.869
104.424 205.369
104.679 205.869
104.933 206.369
105.187 206.869
105.441 207.369
105.649 207.777
105.696 207.869
105.696 207.869
105.696 207.869
105.95 208.369
105.95 208.369
105.95 208.369
106.168 208.798
106.204 208.869
106.204 208.869
106.204 208.869
106.458 209.369
106.713 209.869
106.967 210.369
107.221 210.869
107.475 211.369
107.73 211.869
107.73 211.869
107.984 212.369
108.238 212.869
108.238 212.869
108.238 212.869
108.238 212.869
108.238 212.869
108.492 213.369
108.746 213.869
109.001 214.369
109.255 214.869
109.255 214.869
109.509 215.369
109.763 215.869
109.763 215.869
109.763 215.869
110.018 216.369
110.272 216.869
110.272 216.869
110.272 216.869
110.272 216.869
110.272 216.869
110.526 217.369
110.78 217.869
111.035 218.369
111.289 218.869
111.543 219.369
111.797 219.869
111.797 219.869
111.797 219.869
111.797 219.869
112.052 220.369
112.052 220.369
112.052 220.369
112.052 220.369
112.306 220.869
112.306 220.869
112.306 220.869
112.306 220.869
112.306 220.869
112.56 221.369
112.814 221.869
113.069 222.369
113.323 222.869
113.577 223.369
113.831 223.869
113.831 223.869
114.085 224.369
114.34 224.869
114.34 224.869
114.34 224.869
114.848 225.869
115.357 226.869
115.357 226.869
115.865 227.869
115.865 227.869
116.119 228.369
116.374 228.869
116.374 228.869
116.374 228.869
116.882 229.869
117.391 230.869
117.899 231.869
118.153 232.369
118.407 232.869
118.407 232.869
118.407 232.869
118.407 232.869
118.916 233.869
119.424 234.869
119.933 235.869
120.187 236.369
120.441 236.869
120.441 236.869
120.441 236.869
120.441 236.869
120.95 237.869
120.95 237.869
121.204 238.369
121.458 238.869
121.967 239.869
122.354 240.631
122.5 240.917
122.87 241.646
122.984 241.869
123.262 242.417
123.492 242.869
124.001 243.869
124.001 243.869
124.255 244.369
124.509 244.869
124.509 244.869
124.509 244.869
124.509 244.869
125.018 245.869
125.526 246.869
126.027 247.854
126.035 247.869
126.035 247.869
126.26 248.312
126.289 248.369
126.507 248.798
126.543 248.869
126.543 248.869
127.56 250.869
127.56 250.869
128.068 251.869
128.068 251.869
128.323 252.369
128.577 252.869
128.577 252.869
128.577 252.869
129.085 253.869
129.085 253.869
129.594 254.869
130.059 255.783
130.102 255.869
130.31 256.277
130.561 256.771
130.611 256.869
130.611 256.869
130.611 256.869
131.119 257.869
131.628 258.869
132.136 259.869
132.39 260.369
132.632 260.844
132.645 260.869
132.645 260.869
132.645 260.869
133.153 261.869
133.407 262.369
133.662 262.869
133.662 262.869
134.17 263.869
134.17 263.869
134.627 264.767
134.629 264.771
134.679 264.869
134.679 264.869
134.679 264.869
135.187 265.869
135.655 266.79
135.696 266.869
135.696 266.869
135.696 266.869
136.204 267.869
136.204 267.869
136.458 268.369
136.702 268.848
136.712 268.869
136.712 268.869
136.712 268.869
136.712 268.869
137.221 269.869
137.221 269.869
137.475 270.369
137.729 270.869
138.161 271.717
138.238 271.869
138.676 272.731
138.746 272.869
140.272 275.869
140.526 276.369
140.758 276.825
140.78 276.869
140.78 276.869
140.78 276.869
140.78 276.869
141.289 277.869
141.797 278.869
142.306 279.869
142.306 279.869
142.56 280.369
142.814 280.869
142.814 280.869
143.323 281.869
143.831 282.869
143.831 282.869
143.831 282.869
144.34 283.869
144.594 284.369
144.801 284.777
144.816 284.806
144.848 284.869
144.848 284.869
144.848 284.869
144.848 284.869
145.357 285.869
145.357 285.869
145.865 286.869
146.326 287.775
146.373 287.869
146.841 288.788
146.882 288.869
146.882 288.869
146.882 288.869
147.326 289.742
147.39 289.869
147.853 290.779
147.899 290.869
147.899 290.869
148.153 291.369
148.407 291.869
148.407 291.869
148.662 292.369
148.662 292.369
148.916 292.869
148.916 292.869
148.916 292.869
149.17 293.369
149.424 293.869
149.424 293.869
149.679 294.369
149.933 294.869
150.187 295.369
150.187 295.369
150.441 295.869
150.696 296.369
150.95 296.869
150.95 296.869
150.95 296.869
151.204 297.369
151.458 297.869
151.712 298.369
151.967 298.869
151.967 298.869
151.967 298.869
152.475 299.869
152.984 300.869
152.984 300.869
152.984 300.869
152.984 300.869
153.238 301.369
153.492 301.869
153.746 302.369
154.001 302.869
154.255 303.369
154.509 303.869
154.509 303.869
154.763 304.369
155.018 304.869
155.018 304.869
155.018 304.869
155.018 304.869
155.018 304.869
155.272 305.369
155.526 305.869
155.78 306.369
156.034 306.869
156.289 307.369
156.543 307.869
156.543 307.869
156.543 307.869
156.797 308.369
156.797 308.369
157.051 308.869
157.051 308.869
157.051 308.869
157.051 308.869
157.051 308.869
157.306 309.369
157.56 309.869
157.814 310.369
157.814 310.369
158.068 310.869
158.323 311.369
158.577 311.869
158.577 311.869
159.085 312.869
159.085 312.869
159.085 312.869
159.085 312.869
159.085 312.869
159.34 313.369
159.594 313.869
159.594 313.869
159.848 314.369
159.848 314.369
160.102 314.869
160.102 314.869
160.356 315.369
160.611 315.869
160.611 315.869
160.865 316.369
160.865 316.369
161.119 316.869
161.119 316.869
161.119 316.869
161.628 317.869
161.628 317.869
161.882 318.369
162.136 318.869
162.645 319.869
162.645 319.869
163.153 320.869
163.153 320.869
163.153 320.869
163.407 321.369
163.662 321.869
163.662 321.869
163.916 322.369
164.17 322.869
164.17 322.869
164.17 322.869
164.17 322.869
164.679 323.869
164.679 323.869
164.933 324.369
165.187 324.869
165.187 324.869
165.187 324.869
165.187 324.869
165.187 324.869
165.187 324.869
165.695 325.869
165.695 325.869
165.95 326.369
166.204 326.869
166.458 327.369
166.712 327.869
166.967 328.369
166.967 328.369
167.221 328.869
167.221 328.869
167.221 328.869
167.475 329.369
167.729 329.869
167.984 330.369
168.238 330.869
168.492 331.369
168.746 331.869
168.746 331.869
169.255 332.869
169.255 332.869
169.255 332.869
169.255 332.869
169.509 333.369
169.763 333.869
169.763 333.869
170.017 334.369
170.272 334.869
170.272 334.869
170.526 335.369
170.526 335.369
170.78 335.869
170.78 335.869
171.034 336.369
171.034 336.369
171.289 336.869
171.289 336.869
171.289 336.869
171.543 337.369
171.797 337.869
172.306 338.869
172.306 338.869
172.306 338.869
172.814 339.869
173.068 340.369
173.323 340.869
173.323 340.869
173.323 340.869
173.323 340.869
173.323 340.869
173.323 340.869
173.831 341.869
174.085 342.369
174.34 342.869
174.594 343.369
174.848 343.869
174.848 343.869
175.356 344.869
175.356 344.869
175.356 344.869
175.356 344.869
175.356 344.869
175.865 345.869
176.119 346.369
176.373 346.869
176.373 346.869
176.628 347.369
176.628 347.369
176.882 347.869
176.882 347.869
177.39 348.869
177.39 348.869
177.39 348.869
177.39 348.869
177.39 348.869
177.39 348.869
177.899 349.869
178.407 350.869
178.662 351.369
178.916 351.869
179.424 352.869
179.424 352.869
179.933 353.869
180.441 354.869
181.422 356.798
181.745 357.433
182.137 358.204
182.21 358.348
182.275 358.475
182.359 358.64
182.555 359.025
182.757 359.423
182.895 359.694
183.044 359.988
183.169 360.233
183.2 360.294
185.882 365.569
186.615 367.01
186.707 367.192
186.726 367.229
186.758 367.292
187.008 367.783
187.211 368.183
187.352 368.46
187.452 368.656
187.579 368.906
187.772 369.285
190.512 374.675
191.165 375.958
191.683 376.977
195.814 385.102
196.348 386.152
196.367 386.19
196.672 386.79
196.98 387.396
197.3 388.025
197.657 388.727
198.005 389.41
198.374 390.137
198.725 390.827
199.092 391.548
199.474 392.3
199.893 393.125
200.34 394.004
200.874 395.054
201.718 396.712
