0.662947 0.61875
0.665179 0.620833
0.667411 0.622917
0.669643 0.625
0.671875 0.627083
0.674107 0.629167
8.80134 8.21458
9.0692 8.46458
9.33706 8.71458
9.60491 8.96458
9.87277 9.21458
10.1406 9.46458
10.4085 9.71458
10.6763 9.96458
10.9442 10.2146
11.2121 10.4646
11.4799 10.7146
11.7478 10.9646
12.0156 11.2146
12.2835 11.4646
12.5513 11.7146
12.8192 11.9646
13.0791 12.2146
13.3378 12.4646
13.5964 12.7146
13.855 12.9646
14.1136 13.2146
14.3722 13.4646
14.6309 13.7146
14.8895 13.9646
15.1481 14.2146
15.4067 14.4646
15.6653 14.7146
15.924 14.9646
16.1865 15.2146
16.4496 15.4646
16.7128 15.7146
16.9759 15.9646
17.2391 16.2146
17.5023 16.4646
17.7654 16.7146
18.0286 16.9646
18.2804 17.2146
18.5304 17.4646
18.7804 17.7146
19.0304 17.9646
19.2804 18.2146
19.5304 18.4646
19.7804 18.7146
20.0304 18.9646
20.2878 19.2146
20.5465 19.4646
20.8051 19.7146
21.0637 19.9646
21.3223 20.2146
21.5809 20.4646
21.8396 20.7146
22.0982 20.9646
22.3568 21.2146
22.6154 21.4646
22.874 21.7146
23.1327 21.9646
23.3913 22.2146
23.6499 22.4646
23.9085 22.7146
24.1671 22.9646
24.4258 23.2146
24.6844 23.4646
24.943 23.7146
25.4602 24.2146
25.7189 24.4646
25.9775 24.7146
26.2361 24.9646
26.4947 25.2146
26.7534 25.4646
27.012 25.7146
27.2706 25.9646
27.5292 26.2146
27.7878 26.4646
28.0465 26.7146
28.3051 26.9646
28.5637 27.2146
28.8223 27.4646
29.0809 27.7146
29.5982 28.2146
29.5982 28.2146
29.5982 28.2146
29.5982 28.2146
33.2189 31.7146
33.4775 31.9646
33.7361 32.2146
33.7361 32.2146
33.9947 32.4646
33.9947 32.4646
34.2533 32.7146
34.2533 32.7146
34.512 32.9646
34.512 32.9646
34.7706 33.2146
34.7706 33.2146
35.0292 33.4646
35.0292 33.4646
35.2878 33.7146
35.2878 33.7146
35.5464 33.9646
35.5464 33.9646
35.8051 34.2146
35.8051 34.2146
36.0637 34.4646
36.3223 34.7146
36.3223 34.7146
36.5809 34.9646
37.3568 35.7146
37.3568 35.7146
37.6154 35.9646
37.6154 35.9646
37.874 36.2146
37.874 36.2146
38.1327 36.4646
38.3913 36.7146
38.3913 36.7146
38.6499 36.9646
38.6499 36.9646
38.9085 37.2146
39.1671 37.4646
39.4258 37.7146
39.4258 37.7146
39.6844 37.9646
39.6844 37.9646
39.943 38.2146
40.2016 38.4646
40.4602 38.7146
40.7189 38.9646
40.9775 39.2146
41.2361 39.4646
41.4947 39.7146
41.4947 39.7146
41.7533 39.9646
41.7533 39.9646
42.012 40.2146
42.012 40.2146
42.2706 40.4646
42.2706 40.4646
42.5292 40.7146
42.5292 40.7146
42.7878 40.9646
42.7878 40.9646
43.0464 41.2146
43.0464 41.2146
43.3051 41.4646
43.5637 41.7146
43.5637 41.7146
43.8223 41.9646
43.8223 41.9646
44.0809 42.2146
44.0809 42.2146
44.3395 42.4646
44.5982 42.7146
44.5982 42.7146
44.8568 42.9646
44.8568 42.9646
45.1154 43.2146
45.374 43.4646
45.6326 43.7146
45.8913 43.9646
46.1499 44.2146
46.1499 44.2146
46.4085 44.4646
46.4085 44.4646
46.6671 44.7146
46.6671 44.7146
46.9258 44.9646
46.9258 44.9646
47.1844 45.2146
47.1844 45.2146
47.443 45.4646
47.443 45.4646
47.7016 45.7146
47.9602 45.9646
47.9602 45.9646
48.2189 46.2146
48.2189 46.2146
48.4775 46.4646
48.7361 46.7146
48.7361 46.7146
48.9947 46.9646
48.9947 46.9646
49.2533 47.2146
49.512 47.4646
49.7706 47.7146
49.7706 47.7146
50.0292 47.9646
50.2878 48.2146
50.2878 48.2146
50.5464 48.4646
50.5464 48.4646
50.8051 48.7146
50.8051 48.7146
51.0637 48.9646
51.0637 48.9646
51.3223 49.2146
51.3223 49.2146
51.5809 49.4646
51.5809 49.4646
51.8395 49.7146
51.8395 49.7146
52.0982 49.9646
52.0982 49.9646
52.3568 50.2146
52.3568 50.2146
52.874 50.7146
52.874 50.7146
53.1326 50.9646
53.3913 51.2146
53.6499 51.4646
53.9085 51.7146
53.9085 51.7146
54.1671 51.9646
54.1671 51.9646
54.4257 52.2146
54.4257 52.2146
54.6844 52.4646
54.6844 52.4646
54.943 52.7146
54.943 52.7146
55.2016 52.9646
55.2016 52.9646
55.4602 53.2146
55.4602 53.2146
55.7188 53.4646
55.9775 53.7146
55.9775 53.7146
56.2361 53.9646
56.2361 53.9646
56.4947 54.2146
56.7533 54.4646
56.7533 54.4646
57.0119 54.7146
57.2706 54.9646
57.5292 55.2146
57.7878 55.4646
58.0464 55.7146
58.0464 55.7146
58.3051 55.9646
58.3051 55.9646
58.5637 56.2146
58.5637 56.2146
58.8223 56.4646
58.8223 56.4646
59.0809 56.7146
59.0809 56.7146
59.3395 56.9646
59.3395 56.9646
59.5982 57.2146
59.5982 57.2146
59.8568 57.4646
60.1154 57.7146
60.1154 57.7146
60.374 57.9646
60.374 57.9646
60.6326 58.2146
60.6326 58.2146
60.8913 58.4646
61.1499 58.7146
61.1499 58.7146
61.4085 58.9646
61.6671 59.2146
61.6671 59.2146
61.9257 59.4646
62.1844 59.7146
62.7016 60.2146
62.7016 60.2146
62.9602 60.4646
62.9602 60.4646
63.2188 60.7146
63.2188 60.7146
63.4775 60.9646
63.4775 60.9646
63.7361 61.2146
63.7361 61.2146
63.9947 61.4646
64.2533 61.7146
64.5119 61.9646
64.5119 61.9646
64.7706 62.2146
64.7706 62.2146
65.0292 62.4646
65.2878 62.7146
65.5464 62.9646
65.805 63.2146
66.0637 63.4646
66.3223 63.7146
66.3223 63.7146
66.5809 63.9646
66.5809 63.9646
66.8395 64.2146
66.8395 64.2146
67.0981 64.4646
67.3568 64.7146
67.3568 64.7146
67.6154 64.9646
67.6154 64.9646
67.874 65.2146
68.1326 65.4646
68.3913 65.7146
68.3913 65.7146
68.6499 65.9646
68.9085 66.2146
68.9085 66.2146
69.1671 66.4646
69.4257 66.7146
69.4257 66.7146
69.6844 66.9646
69.6844 66.9646
69.6844 66.9646
69.943 67.2146
70.2016 67.4646
70.4602 67.7146
70.4602 67.7146
70.4602 67.7146
70.7188 67.9646
70.7188 67.9646
70.9775 68.2146
70.9775 68.2146
71.2361 68.4646
71.2361 68.4646
71.4947 68.7146
71.4947 68.7146
71.7533 68.9646
71.7533 68.9646
71.7533 68.9646
72.0119 69.2146
72.2706 69.4646
72.5292 69.7146
72.5292 69.7146
72.7878 69.9646
72.7878 69.9646
73.0464 70.2146
73.305 70.4646
73.5637 70.7146
73.8223 70.9646
73.8223 70.9646
74.0809 71.2146
74.3395 71.4646
74.5981 71.7146
74.5981 71.7146
74.8568 71.9646
75.1154 72.2146
75.1154 72.2146
75.374 72.4646
75.6326 72.7146
75.6326 72.7146
75.8912 72.9646
75.8912 72.9646
76.1499 73.2146
76.4085 73.4646
76.6671 73.7146
76.6671 73.7146
76.9257 73.9646
77.1843 74.2146
77.1843 74.2146
77.443 74.4646
77.443 74.4646
77.7016 74.7146
77.9602 74.9646
77.9602 74.9646
78.2188 75.2146
78.4775 75.4646
78.4775 75.4646
78.7361 75.7146
78.7361 75.7146
78.9947 75.9646
78.9947 75.9646
79.2533 76.2146
79.2533 76.2146
79.5119 76.4646
79.5119 76.4646
79.7706 76.7146
79.7706 76.7146
80.0292 76.9646
80.0292 76.9646
80.2878 77.2146
80.2878 77.2146
80.5464 77.4646
80.805 77.7146
80.805 77.7146
81.0637 77.9646
81.0637 77.9646
81.3223 78.2146
81.3223 78.2146
81.5809 78.4646
81.8395 78.7146
81.8395 78.7146
82.0981 78.9646
82.0981 78.9646
82.3568 79.2146
82.6154 79.4646
82.874 79.7146
83.1326 79.9646
83.3912 80.2146
83.3912 80.2146
83.3912 80.2146
83.6499 80.4646
83.9085 80.7146
84.1671 80.9646
84.4257 81.2146
84.6843 81.4646
84.6843 81.4646
84.9063 81.6792
84.943 81.7146
84.943 81.7146
85.1585 81.9229
85.2016 81.9646
85.2016 81.9646
85.4171 82.1729
85.4602 82.2146
85.4602 82.2146
85.4602 82.2146
85.4602 82.2146
85.4602 82.2146
85.7188 82.4646
85.9774 82.7146
85.9774 82.7146
86.2361 82.9646
86.2361 82.9646
86.4947 83.2146
86.4947 83.2146
86.4947 83.2146
86.7533 83.4646
86.943 83.6479
87.0119 83.7146
87.0119 83.7146
87.2705 83.9646
87.2705 83.9646
87.5055 84.1917
87.5292 84.2146
87.5292 84.2146
87.5292 84.2146
87.5292 84.2146
87.5292 84.2146
87.7878 84.4646
88.0464 84.7146
88.0464 84.7146
88.305 84.9646
88.305 84.9646
88.305 84.9646
88.305 84.9646
88.8223 85.4646
89.0809 85.7146
89.0809 85.7146
89.0809 85.7146
89.3395 85.9646
89.3395 85.9646
89.583 86.2
89.5981 86.2146
89.5981 86.2146
89.5981 86.2146
89.5981 86.2146
89.5981 86.2146
90.1154 86.7146
90.1154 86.7146
90.374 86.9646
90.374 86.9646
90.374 86.9646
91.1499 87.7146
91.1499 87.7146
91.1499 87.7146
91.4085 87.9646
91.4085 87.9646
91.6671 88.2146
91.6671 88.2146
91.6671 88.2146
91.6671 88.2146
91.9257 88.4646
92.1843 88.7146
92.443 88.9646
92.443 88.9646
92.443 88.9646
92.7016 89.2146
92.9602 89.4646
93.2188 89.7146
93.2188 89.7146
93.4774 89.9646
93.7361 90.2146
93.7361 90.2146
93.7361 90.2146
93.7361 90.2146
93.7361 90.2146
93.9947 90.4646
93.9947 90.4646
94.2533 90.7146
94.2533 90.7146
94.5119 90.9646
94.5119 90.9646
94.5119 90.9646
94.5119 90.9646
94.7705 91.2146
95.0292 91.4646
95.0292 91.4646
95.2878 91.7146
95.2878 91.7146
95.5464 91.9646
95.5464 91.9646
95.7727 92.1833
95.805 92.2146
95.805 92.2146
95.805 92.2146
96.0636 92.4646
96.0636 92.4646
96.3223 92.7146
96.3223 92.7146
96.5809 92.9646
96.5809 92.9646
96.5809 92.9646
96.5809 92.9646
96.8395 93.2146
97.0981 93.4646
97.0981 93.4646
97.2576 93.6188
97.3567 93.7146
97.3567 93.7146
97.8287 94.1708
97.874 94.2146
97.874 94.2146
98.1326 94.4646
98.1326 94.4646
98.3912 94.7146
98.3912 94.7146
98.6499 94.9646
98.6499 94.9646
98.6499 94.9646
98.6499 94.9646
98.8718 95.1792
98.9085 95.2146
99.1671 95.4646
99.1671 95.4646
99.3934 95.6833
99.4257 95.7146
99.4257 95.7146
99.6843 95.9646
99.9279 96.2
99.943 96.2146
99.943 96.2146
99.943 96.2146
99.943 96.2146
99.943 96.2146
100.202 96.4646
100.46 96.7146
100.719 96.9646
100.719 96.9646
100.719 96.9646
101.236 97.4646
101.236 97.4646
101.495 97.7146
101.495 97.7146
101.495 97.7146
101.682 97.8958
101.753 97.9646
101.988 98.1917
102.012 98.2146
102.012 98.2146
102.012 98.2146
102.012 98.2146
102.012 98.2146
102.271 98.4646
102.271 98.4646
102.529 98.7146
102.529 98.7146
102.788 98.9646
102.788 98.9646
102.788 98.9646
103.046 99.2146
103.046 99.2146
103.305 99.4646
103.305 99.4646
103.486 99.6396
103.564 99.7146
103.564 99.7146
103.822 99.9646
103.822 99.9646
104.072 100.206
104.081 100.215
104.081 100.215
104.081 100.215
104.081 100.215
104.081 100.215
104.598 100.715
104.598 100.715
104.857 100.965
104.857 100.965
104.857 100.965
104.857 100.965
105.374 101.465
105.633 101.715
105.633 101.715
105.633 101.715
105.891 101.965
106.079 102.146
106.15 102.215
106.15 102.215
106.15 102.215
106.15 102.215
106.15 102.215
106.408 102.465
106.667 102.715
106.667 102.715
106.926 102.965
106.926 102.965
106.926 102.965
106.926 102.965
107.443 103.465
107.702 103.715
107.702 103.715
107.702 103.715
107.96 103.965
108.219 104.215
108.219 104.215
108.219 104.215
108.219 104.215
108.219 104.215
108.477 104.465
108.736 104.715
108.995 104.965
108.995 104.965
109.253 105.215
109.253 105.215
109.512 105.465
109.771 105.715
109.771 105.715
110.029 105.965
110.029 105.965
110.288 106.215
110.288 106.215
110.288 106.215
110.288 106.215
110.288 106.215
110.288 106.215
110.546 106.465
110.546 106.465
110.805 106.715
110.805 106.715
111.064 106.965
111.064 106.965
111.064 106.965
111.322 107.215
111.322 107.215
111.581 107.465
111.839 107.715
111.839 107.715
112.083 107.95
112.098 107.965
112.098 107.965
112.339 108.198
112.357 108.215
112.357 108.215
112.357 108.215
112.357 108.215
112.615 108.465
112.874 108.715
112.874 108.715
113.096 108.929
113.133 108.965
113.133 108.965
113.133 108.965
113.387 109.21
113.391 109.215
113.65 109.465
113.865 109.673
113.908 109.715
113.908 109.715
114.167 109.965
114.383 110.173
114.426 110.215
114.426 110.215
114.426 110.215
114.426 110.215
114.426 110.215
114.684 110.465
114.684 110.465
114.943 110.715
114.943 110.715
115.202 110.965
115.202 110.965
115.202 110.965
115.46 111.215
115.719 111.465
115.977 111.715
115.977 111.715
115.977 111.715
116.236 111.965
116.495 112.215
116.495 112.215
116.495 112.215
116.753 112.465
117.012 112.715
117.271 112.965
117.271 112.965
117.529 113.215
117.788 113.465
118.046 113.715
118.046 113.715
118.305 113.965
118.564 114.215
118.564 114.215
118.564 114.215
118.564 114.215
118.564 114.215
118.822 114.465
118.822 114.465
119.081 114.715
119.081 114.715
119.339 114.965
119.339 114.965
119.339 114.965
119.598 115.215
119.857 115.465
119.857 115.465
120.115 115.715
120.115 115.715
120.115 115.715
120.374 115.965
120.374 115.965
120.374 115.965
120.374 115.965
120.374 115.965
120.633 116.215
120.633 116.215
120.891 116.465
120.891 116.465
121.15 116.715
121.15 116.715
121.408 116.965
121.408 116.965
121.408 116.965
121.667 117.215
121.926 117.465
122.184 117.715
122.184 117.715
122.43 117.952
122.551 118.069
122.702 118.215
122.702 118.215
122.702 118.215
122.702 118.215
122.702 118.215
122.96 118.465
123.219 118.715
123.477 118.965
123.477 118.965
123.477 118.965
123.477 118.965
123.995 119.465
124.253 119.715
124.473 119.927
124.512 119.965
124.512 119.965
124.579 120.029
124.771 120.215
124.771 120.215
125.029 120.465
125.029 120.465
125.288 120.715
125.546 120.965
125.546 120.965
126.064 121.465
126.064 121.465
126.322 121.715
126.839 122.215
126.839 122.215
126.839 122.215
126.839 122.215
127.098 122.465
127.357 122.715
127.615 122.965
127.615 122.965
127.615 122.965
127.615 122.965
127.874 123.215
128.391 123.715
128.391 123.715
128.65 123.965
128.65 123.965
128.65 123.965
128.908 124.215
128.908 124.215
128.908 124.215
129.167 124.465
129.426 124.715
129.426 124.715
129.684 124.965
129.684 124.965
129.943 125.215
129.943 125.215
129.943 125.215
130.202 125.465
130.202 125.465
130.202 125.465
130.202 125.465
130.46 125.715
130.719 125.965
130.719 125.965
130.977 126.215
130.977 126.215
130.977 126.215
131.236 126.465
131.495 126.715
131.753 126.965
131.753 126.965
132.012 127.215
132.271 127.465
132.271 127.465
132.529 127.715
132.529 127.715
132.529 127.715
132.747 127.925
132.788 127.965
132.87 128.044
133.046 128.215
133.046 128.215
133.305 128.465
133.305 128.465
133.564 128.715
133.564 128.715
133.822 128.965
134.081 129.215
134.081 129.215
134.081 129.215
134.339 129.465
134.339 129.465
134.598 129.715
134.598 129.715
134.857 129.965
134.857 129.965
134.857 129.965
135.115 130.215
135.115 130.215
135.115 130.215
135.115 130.215
135.115 130.215
135.374 130.465
135.633 130.715
135.891 130.965
136.15 131.215
136.408 131.465
136.667 131.715
136.667 131.715
136.926 131.965
136.926 131.965
137.184 132.215
137.184 132.215
137.184 132.215
137.184 132.215
137.702 132.715
137.96 132.965
138.219 133.215
138.219 133.215
138.736 133.715
138.995 133.965
139.253 134.215
139.253 134.215
139.512 134.465
139.512 134.465
139.771 134.715
139.771 134.715
140.029 134.965
140.029 134.965
140.288 135.215
140.288 135.215
140.546 135.465
140.546 135.465
140.805 135.715
140.805 135.715
141.064 135.965
141.064 135.965
141.322 136.215
141.322 136.215
141.839 136.715
141.839 136.715
142.098 136.965
142.357 137.215
142.615 137.465
142.874 137.715
142.874 137.715
143.133 137.965
143.133 137.965
143.391 138.215
143.391 138.215
143.65 138.465
143.65 138.465
143.908 138.715
143.908 138.715
144.167 138.965
144.167 138.965
144.426 139.215
144.426 139.215
144.684 139.465
144.943 139.715
144.943 139.715
145.202 139.965
145.202 139.965
145.46 140.215
145.719 140.465
145.719 140.465
145.977 140.715
146.236 140.965
146.495 141.215
146.753 141.465
147.012 141.715
147.012 141.715
147.271 141.965
147.271 141.965
147.529 142.215
147.529 142.215
147.788 142.465
147.788 142.465
148.046 142.715
148.046 142.715
148.305 142.965
148.305 142.965
148.564 143.215
148.564 143.215
148.822 143.465
149.081 143.715
149.081 143.715
149.339 143.965
149.339 143.965
149.598 144.215
149.598 144.215
149.857 144.465
150.115 144.715
150.115 144.715
150.374 144.965
150.633 145.215
150.633 145.215
150.891 145.465
151.15 145.715
151.667 146.215
151.667 146.215
151.926 146.465
151.926 146.465
152.184 146.715
152.184 146.715
152.443 146.965
152.443 146.965
152.702 147.215
152.702 147.215
152.96 147.465
153.219 147.715
153.477 147.965
153.477 147.965
153.736 148.215
153.736 148.215
153.995 148.465
154.253 148.715
154.512 148.965
154.77 149.215
155.029 149.465
155.288 149.715
155.288 149.715
155.546 149.965
155.546 149.965
155.805 150.215
155.805 150.215
156.064 150.465
156.322 150.715
156.322 150.715
156.581 150.965
156.581 150.965
156.839 151.215
157.098 151.465
157.357 151.715
157.357 151.715
157.615 151.965
157.874 152.215
157.874 152.215
158.133 152.465
158.391 152.715
158.391 152.715
158.65 152.965
158.65 152.965
158.65 152.965
158.908 153.215
159.167 153.465
159.426 153.715
159.426 153.715
159.426 153.715
159.684 153.965
159.684 153.965
159.943 154.215
159.943 154.215
160.202 154.465
160.202 154.465
160.46 154.715
160.46 154.715
160.719 154.965
160.719 154.965
160.719 154.965
160.977 155.215
161.236 155.465
161.495 155.715
161.495 155.715
161.753 155.965
161.753 155.965
162.012 156.215
162.27 156.465
162.529 156.715
162.788 156.965
162.788 156.965
163.046 157.215
163.305 157.465
163.564 157.715
163.564 157.715
163.822 157.965
164.081 158.215
164.081 158.215
164.339 158.465
164.598 158.715
164.598 158.715
164.857 158.965
164.857 158.965
165.115 159.215
165.374 159.465
165.633 159.715
165.633 159.715
165.891 159.965
166.15 160.215
166.15 160.215
166.408 160.465
166.408 160.465
166.667 160.715
166.926 160.965
166.926 160.965
167.184 161.215
167.443 161.465
167.443 161.465
167.702 161.715
167.702 161.715
167.96 161.965
167.96 161.965
168.219 162.215
168.219 162.215
168.477 162.465
168.477 162.465
168.736 162.715
168.736 162.715
168.995 162.965
168.995 162.965
169.253 163.215
169.253 163.215
169.512 163.465
169.77 163.715
169.77 163.715
170.029 163.965
170.029 163.965
170.288 164.215
170.288 164.215
170.546 164.465
170.805 164.715
170.805 164.715
171.064 164.965
171.064 164.965
171.322 165.215
171.581 165.465
171.839 165.715
172.098 165.965
172.357 166.215
172.357 166.215
172.357 166.215
172.615 166.465
172.874 166.715
173.133 166.965
173.391 167.215
173.65 167.465
173.65 167.465
173.87 167.677
173.908 167.715
173.908 167.715
174.124 167.923
174.167 167.965
174.167 167.965
174.383 168.173
174.426 168.215
174.426 168.215
174.426 168.215
174.426 168.215
174.426 168.215
174.684 168.465
174.943 168.715
174.943 168.715
175.202 168.965
175.202 168.965
175.46 169.215
175.46 169.215
175.46 169.215
175.719 169.465
175.908 169.648
175.977 169.715
175.977 169.715
176.236 169.965
176.236 169.965
176.471 170.192
176.495 170.215
176.495 170.215
176.495 170.215
176.495 170.215
176.495 170.215
176.753 170.465
177.012 170.715
177.012 170.715
177.27 170.965
177.27 170.965
177.27 170.965
177.27 170.965
177.788 171.465
178.046 171.715
178.046 171.715
178.046 171.715
178.305 171.965
178.305 171.965
178.546 172.198
178.564 172.215
178.564 172.215
178.564 172.215
178.564 172.215
178.564 172.215
179.081 172.715
179.081 172.715
179.339 172.965
179.339 172.965
179.339 172.965
180.115 173.715
180.115 173.715
180.115 173.715
180.374 173.965
180.374 173.965
180.633 174.215
180.633 174.215
180.633 174.215
180.633 174.215
180.891 174.465
181.15 174.715
181.408 174.965
181.408 174.965
181.408 174.965
181.667 175.215
181.926 175.465
182.184 175.715
182.184 175.715
182.443 175.965
182.702 176.215
182.702 176.215
182.702 176.215
182.702 176.215
182.702 176.215
182.96 176.465
182.96 176.465
183.219 176.715
183.219 176.715
183.477 176.965
183.477 176.965
183.477 176.965
183.477 176.965
183.736 177.215
183.995 177.465
183.995 177.465
184.253 177.715
184.253 177.715
184.512 177.965
184.512 177.965
184.738 178.183
184.77 178.215
184.77 178.215
184.77 178.215
185.029 178.465
185.029 178.465
185.288 178.715
185.288 178.715
185.546 178.965
185.546 178.965
185.546 178.965
185.546 178.965
185.805 179.215
186.064 179.465
186.064 179.465
186.221 179.617
186.322 179.715
186.322 179.715
186.792 180.169
186.839 180.215
186.839 180.215
187.098 180.465
187.098 180.465
187.357 180.715
187.357 180.715
187.615 180.965
187.615 180.965
187.615 180.965
187.615 180.965
187.835 181.177
187.874 181.215
188.133 181.465
188.133 181.465
188.357 181.681
188.391 181.715
188.391 181.715
188.65 181.965
188.893 182.2
188.908 182.215
188.908 182.215
188.908 182.215
188.908 182.215
188.908 182.215
189.167 182.465
189.426 182.715
189.684 182.965
189.684 182.965
189.684 182.965
190.202 183.465
190.202 183.465
190.46 183.715
190.46 183.715
190.46 183.715
190.645 183.894
190.719 183.965
190.954 184.192
190.977 184.215
190.977 184.215
190.977 184.215
190.977 184.215
190.977 184.215
191.236 184.465
191.236 184.465
191.495 184.715
191.495 184.715
191.753 184.965
191.753 184.965
191.753 184.965
192.012 185.215
192.012 185.215
192.27 185.465
192.27 185.465
192.449 185.637
192.529 185.715
192.529 185.715
192.788 185.965
192.788 185.965
193.036 186.204
193.046 186.215
193.046 186.215
193.046 186.215
193.046 186.215
193.046 186.215
193.564 186.715
193.564 186.715
193.822 186.965
193.822 186.965
193.822 186.965
193.822 186.965
194.339 187.465
194.598 187.715
194.598 187.715
194.598 187.715
194.857 187.965
195.044 188.146
195.115 188.215
195.115 188.215
195.115 188.215
195.115 188.215
195.115 188.215
195.374 188.465
195.633 188.715
195.633 188.715
195.891 188.965
195.891 188.965
195.891 188.965
195.891 188.965
196.408 189.465
196.667 189.715
196.667 189.715
196.667 189.715
196.926 189.965
197.184 190.215
197.184 190.215
197.184 190.215
197.184 190.215
197.184 190.215
197.443 190.465
197.702 190.715
197.96 190.965
197.96 190.965
198.219 191.215
198.219 191.215
198.477 191.465
198.736 191.715
198.736 191.715
198.995 191.965
198.995 191.965
199.253 192.215
199.253 192.215
199.253 192.215
199.253 192.215
199.253 192.215
199.253 192.215
199.512 192.465
199.512 192.465
199.77 192.715
199.77 192.715
200.029 192.965
200.029 192.965
200.029 192.965
200.288 193.215
200.288 193.215
200.546 193.465
200.805 193.715
200.805 193.715
201.001 193.904
201.064 193.965
201.064 193.965
201.286 194.179
201.322 194.215
201.322 194.215
201.322 194.215
201.322 194.215
201.581 194.465
201.839 194.715
201.839 194.715
202.074 194.942
202.098 194.965
202.098 194.965
202.098 194.965
202.342 195.2
202.357 195.215
202.615 195.465
202.874 195.715
202.874 195.715
203.133 195.965
203.344 196.169
203.391 196.215
203.391 196.215
203.391 196.215
203.391 196.215
203.391 196.215
203.65 196.465
203.65 196.465
203.908 196.715
203.908 196.715
204.167 196.965
204.167 196.965
204.167 196.965
204.426 197.215
204.684 197.465
204.917 197.69
204.943 197.715
204.943 197.715
204.943 197.715
205.201 197.965
205.46 198.215
205.46 198.215
205.46 198.215
205.471 198.225
205.719 198.465
205.977 198.715
206.236 198.965
206.236 198.965
206.495 199.215
206.753 199.465
207.012 199.715
207.012 199.715
207.27 199.965
207.471 200.158
207.529 200.215
207.788 200.465
207.788 200.465
208.046 200.715
208.046 200.715
208.046 200.715
208.305 200.965
208.305 200.965
208.822 201.465
209.081 201.715
209.339 201.965
209.598 202.215
209.598 202.215
209.598 202.215
210.115 202.715
210.633 203.215
210.633 203.215
210.633 203.215
210.85 203.425
210.891 203.465
210.891 203.465
211.117 203.683
211.15 203.715
211.15 203.715
211.15 203.715
211.363 203.921
211.408 203.965
211.652 204.2
211.667 204.215
211.667 204.215
211.667 204.215
211.926 204.465
211.926 204.465
212.184 204.715
212.184 204.715
212.443 204.965
212.443 204.965
212.701 205.215
213.219 205.715
213.477 205.965
213.736 206.215
213.736 206.215
213.995 206.465
214.253 206.715
214.253 206.715
214.512 206.965
214.512 206.965
215.029 207.465
215.288 207.715
215.288 207.715
215.546 207.965
215.717 208.129
215.805 208.215
215.805 208.215
216.064 208.465
216.322 208.715
216.322 208.715
216.581 208.965
216.581 208.965
217.357 209.715
217.357 209.715
217.615 209.965
217.615 209.965
217.779 210.123
217.874 210.215
218.133 210.465
218.391 210.715
218.65 210.965
218.889 211.196
218.908 211.215
219.167 211.465
219.426 211.715
219.684 211.965
219.943 212.215
219.943 212.215
219.962 212.233
220.201 212.465
220.201 212.465
220.46 212.715
220.46 212.715
220.719 212.965
220.719 212.965
220.977 213.215
221.236 213.465
221.236 213.465
221.495 213.715
221.753 213.965
221.753 213.965
221.99 214.194
222.012 214.215
222.27 214.465
222.27 214.465
222.529 214.715
222.529 214.715
222.788 214.965
222.788 214.965
223.046 215.215
223.046 215.215
223.305 215.465
223.305 215.465
223.564 215.715
224.07 216.204
224.081 216.215
224.081 216.215
224.339 216.465
224.339 216.465
224.598 216.715
224.598 216.715
224.857 216.965
224.857 216.965
225.115 217.215
225.115 217.215
225.374 217.465
225.374 217.465
225.633 217.715
226.15 218.215
226.15 218.215
226.15 218.215
226.15 218.215
226.15 218.215
226.178 218.242
226.408 218.465
226.667 218.715
226.926 218.965
226.926 218.965
227.184 219.215
227.184 219.215
227.443 219.465
227.443 219.465
227.449 219.471
227.701 219.715
227.701 219.715
227.701 219.715
227.706 219.719
227.951 219.956
227.96 219.965
227.96 219.965
228.219 220.215
228.219 220.215
228.219 220.215
228.219 220.215
228.219 220.215
228.477 220.465
228.736 220.715
228.736 220.715
228.995 220.965
228.995 220.965
229.253 221.215
229.253 221.215
229.253 221.215
229.512 221.465
229.512 221.465
229.699 221.646
229.77 221.715
230.029 221.965
230.201 222.131
230.212 222.142
230.288 222.215
230.288 222.215
230.288 222.215
230.288 222.215
230.288 222.215
230.546 222.465
230.805 222.715
230.805 222.715
231.064 222.965
231.064 222.965
231.064 222.965
231.322 223.215
231.322 223.215
231.581 223.465
231.839 223.715
231.839 223.715
232.098 223.965
232.342 224.2
232.357 224.215
232.357 224.215
232.357 224.215
232.357 224.215
232.357 224.215
232.615 224.465
232.874 224.715
232.874 224.715
233.133 224.965
233.133 224.965
233.133 224.965
233.65 225.465
233.891 225.698
233.908 225.715
233.908 225.715
234.167 225.965
234.167 225.965
234.374 226.165
234.426 226.215
234.426 226.215
234.426 226.215
234.684 226.465
234.943 226.715
235.201 226.965
235.201 226.965
235.46 227.215
235.46 227.215
235.719 227.465
235.977 227.715
235.977 227.715
236.236 227.965
236.236 227.965
236.451 228.173
236.495 228.215
236.495 228.215
236.495 228.215
236.495 228.215
236.753 228.465
236.753 228.465
237.012 228.715
237.012 228.715
237.27 228.965
237.27 228.965
237.529 229.215
237.788 229.465
238.046 229.715
238.046 229.715
238.305 229.965
238.518 230.171
238.564 230.215
238.564 230.215
238.564 230.215
238.564 230.215
238.822 230.465
239.081 230.715
239.081 230.715
239.339 230.965
239.339 230.965
239.546 231.165
239.598 231.215
239.857 231.465
240.115 231.715
240.374 231.965
240.374 231.965
240.633 232.215
240.633 232.215
240.633 232.215
240.637 232.219
240.891 232.465
240.891 232.465
241.15 232.715
241.15 232.715
241.408 232.965
241.408 232.965
241.667 233.215
241.667 233.215
241.926 233.465
242.184 233.715
242.184 233.715
242.443 233.965
242.443 233.965
242.701 234.215
242.701 234.215
242.701 234.215
242.96 234.465
242.96 234.465
243.219 234.715
243.219 234.715
243.477 234.965
243.477 234.965
243.736 235.215
243.736 235.215
243.995 235.465
243.995 235.465
244.253 235.715
244.253 235.715
244.512 235.965
244.512 235.965
244.77 236.215
244.77 236.215
244.77 236.215
244.77 236.215
246.18 237.562
247.134 238.46
248.163 239.429
248.802 240.031
250.076 241.231
250.572 241.698
251.09 242.204
251.57 242.7
252.078 243.225
252.51 243.671
252.867 244.037
253.018 244.183
253.522 244.671
254.033 245.165
254.539 245.654
255.117 246.213
255.117 246.213
255.442 246.527
255.675 246.752
256.761 247.802
257.205 248.231
257.701 248.71
258.298 249.288
258.832 249.804
260.479 251.396
260.496 251.413
260.567 251.481
260.615 251.527
260.649 251.56
260.654 251.565
260.723 251.631
