2.775 3.2375
3.20357 3.7375
3.63214 4.2375
3.63214 4.2375
3.63214 4.2375
3.63214 4.2375
4.06071 4.7375
4.48928 5.2375
4.48928 5.2375
4.91785 5.7375
4.91785 5.7375
5.34642 6.2375
5.34642 6.2375
5.34642 6.2375
5.34642 6.2375
5.77499 6.7375
6.20357 7.2375
6.20357 7.2375
6.20357 7.2375
6.63214 7.7375
7.06071 8.2375
7.06071 8.2375
7.06071 8.2375
7.06071 8.2375
7.48928 8.7375
7.91785 9.2375
7.91785 9.2375
7.91785 9.2375
8.34642 9.7375
8.34642 9.7375
8.77499 10.2375
8.77499 10.2375
8.77499 10.2375
8.77499 10.2375
9.20356 10.7375
9.63213 11.2375
9.63213 11.2375
9.63213 11.2375
10.0607 11.7375
10.0607 11.7375
10.4893 12.2375
10.4893 12.2375
10.4893 12.2375
10.4893 12.2375
10.9178 12.7375
11.3464 13.2375
11.3464 13.2375
11.3464 13.2375
11.3464 13.2375
11.775 13.7375
11.775 13.7375
12.2036 14.2375
12.2036 14.2375
12.2036 14.2375
12.2036 14.2375
12.6321 14.7375
13.0607 15.2375
13.0607 15.2375
13.0607 15.2375
13.0607 15.2375
13.4893 15.7375
13.9178 16.2375
13.9178 16.2375
13.9178 16.2375
14.3464 16.7375
14.775 17.2375
15.2036 17.7375
15.6321 18.2375
15.6321 18.2375
15.6321 18.2375
15.6321 18.2375
16.0607 18.7375
16.4893 19.2375
16.4893 19.2375
16.4893 19.2375
16.4893 19.2375
16.9178 19.7375
16.9178 19.7375
17.3464 20.2375
17.3464 20.2375
17.3464 20.2375
17.3464 20.2375
17.775 20.7375
18.2036 21.2375
18.2036 21.2375
18.2036 21.2375
18.2036 21.2375
18.6321 21.7375
18.6321 21.7375
19.0607 22.2375
19.0607 22.2375
19.0607 22.2375
19.0607 22.2375
19.4893 22.7375
19.9178 23.2375
19.9178 23.2375
19.9178 23.2375
19.9178 23.2375
20.3464 23.7375
20.3464 23.7375
20.775 24.2375
20.775 24.2375
20.775 24.2375
20.775 24.2375
21.2036 24.7375
21.6321 25.2375
21.6321 25.2375
21.6321 25.2375
21.6321 25.2375
22.0607 25.7375
22.0607 25.7375
22.4893 26.2375
22.4893 26.2375
22.4893 26.2375
22.4893 26.2375
22.9178 26.7375
23.3464 27.2375
23.3464 27.2375
23.3464 27.2375
23.3464 27.2375
23.775 27.7375
23.775 27.7375
24.2035 28.2375
24.2035 28.2375
24.2035 28.2375
24.2035 28.2375
24.6321 28.7375
25.0607 29.2375
25.0607 29.2375
25.0607 29.2375
25.0607 29.2375
25.4893 29.7375
25.4893 29.7375
25.9178 30.2375
25.9178 30.2375
25.9178 30.2375
25.9178 30.2375
25.9178 30.2375
26.3464 30.7375
26.775 31.2375
26.775 31.2375
26.775 31.2375
26.775 31.2375
27.2035 31.7375
27.6321 32.2375
27.6321 32.2375
27.6321 32.2375
27.6321 32.2375
28.0607 32.7375
28.4893 33.2375
28.4893 33.2375
28.4893 33.2375
28.9178 33.7375
29.3464 34.2375
29.3464 34.2375
29.3464 34.2375
29.775 34.7375
30.2035 35.2375
30.2035 35.2375
30.2035 35.2375
30.6321 35.7375
31.0607 36.2375
31.0607 36.2375
31.0607 36.2375
31.0607 36.2375
31.4893 36.7375
31.4893 36.7375
31.9178 37.2375
31.9178 37.2375
31.9178 37.2375
32.3464 37.7375
32.3464 37.7375
32.775 38.2375
32.775 38.2375
32.775 38.2375
32.775 38.2375
33.2035 38.7375
33.6321 39.2375
33.6321 39.2375
33.6321 39.2375
34.0607 39.7375
34.0607 39.7375
34.4893 40.2375
34.4893 40.2375
34.4893 40.2375
34.4893 40.2375
34.9178 40.7375
34.9178 40.7375
35.3464 41.2375
35.3464 41.2375
35.3464 41.2375
35.775 41.7375
36.2035 42.2375
36.2035 42.2375
36.6321 42.7375
36.6321 42.7375
37.0607 43.2375
37.0607 43.2375
37.0607 43.2375
37.0607 43.2375
37.4892 43.7375
37.4892 43.7375
37.9178 44.2375
37.9178 44.2375
37.9178 44.2375
37.9178 44.2375
38.3464 44.7375
38.3464 44.7375
38.775 45.2375
38.775 45.2375
38.775 45.2375
39.2035 45.7375
39.2035 45.7375
39.6321 46.2375
39.6321 46.2375
39.6321 46.2375
39.6321 46.2375
39.6321 46.2375
40.0607 46.7375
40.4892 47.2375
40.4892 47.2375
40.4892 47.2375
40.9178 47.7375
41.3464 48.2375
41.3464 48.2375
41.3464 48.2375
41.3464 48.2375
41.775 48.7375
42.2035 49.2375
42.6321 49.7375
43.0607 50.2375
43.0607 50.2375
43.0607 50.2375
43.0607 50.2375
43.4892 50.7375
43.9178 51.2375
43.9178 51.2375
43.9178 51.2375
43.9178 51.2375
44.3464 51.7375
44.3464 51.7375
44.775 52.2375
44.775 52.2375
44.775 52.2375
44.775 52.2375
45.2035 52.7375
45.2035 52.7375
45.6321 53.2375
45.6321 53.2375
45.6321 53.2375
46.0607 53.7375
46.0607 53.7375
46.4892 54.2375
46.4892 54.2375
46.4892 54.2375
46.4892 54.2375
46.9178 54.7375
47.3464 55.2375
47.3464 55.2375
47.3464 55.2375
47.775 55.7375
47.775 55.7375
48.2035 56.2375
48.2035 56.2375
48.2035 56.2375
48.2035 56.2375
48.6321 56.7375
48.6321 56.7375
49.0607 57.2375
49.0607 57.2375
49.0607 57.2375
49.4892 57.7375
49.9178 58.2375
49.9178 58.2375
50.3464 58.7375
50.3464 58.7375
50.7749 59.2375
50.7749 59.2375
50.7749 59.2375
50.7749 59.2375
51.2035 59.7375
51.2035 59.7375
51.6321 60.2375
51.6321 60.2375
51.6321 60.2375
51.6321 60.2375
52.0607 60.7375
52.0607 60.7375
52.4892 61.2375
52.4892 61.2375
52.4892 61.2375
52.9178 61.7375
52.9178 61.7375
53.3464 62.2375
53.3464 62.2375
53.3464 62.2375
53.3464 62.2375
53.3464 62.2375
53.7749 62.7375
53.9892 62.9875
54.2035 63.2375
54.2035 63.2375
54.6321 63.7375
54.6321 63.7375
55.0607 64.2375
55.0607 64.2375
55.0607 64.2375
55.0607 64.2375
55.4892 64.7375
55.9178 65.2375
56.3464 65.7375
56.7749 66.2375
56.7749 66.2375
56.7749 66.2375
56.7749 66.2375
57.2035 66.7375
57.6321 67.2375
57.6321 67.2375
57.6321 67.2375
57.6321 67.2375
58.0607 67.7375
58.0607 67.7375
58.4589 68.2021
58.4892 68.2375
58.4892 68.2375
58.4892 68.2375
58.4892 68.2375
58.9178 68.7375
58.9178 68.7375
59.1321 68.9875
59.3464 69.2375
59.3464 69.2375
59.5607 69.4875
59.7749 69.7375
59.7749 69.7375
60.1749 70.2042
60.2035 70.2375
60.2035 70.2375
60.2035 70.2375
60.2035 70.2375
60.6321 70.7375
61.0607 71.2375
61.0607 71.2375
61.0607 71.2375
61.4892 71.7375
61.4892 71.7375
61.8571 72.1667
61.8624 72.1729
61.9178 72.2375
61.9178 72.2375
61.9178 72.2375
61.9178 72.2375
62.3464 72.7375
62.5607 72.9875
62.7124 73.1646
62.7749 73.2375
62.7749 73.2375
62.7749 73.2375
62.7749 73.2375
62.9892 73.4875
63.2035 73.7375
63.2035 73.7375
63.6249 74.2292
63.6321 74.2375
63.6321 74.2375
63.6321 74.2375
63.6321 74.2375
63.6321 74.2375
63.6321 74.2375
64.0607 74.7375
64.4892 75.2375
64.4892 75.2375
64.4892 75.2375
64.4892 75.2375
64.9178 75.7375
64.9178 75.7375
65.3464 76.2375
65.3464 76.2375
65.3464 76.2375
65.3464 76.2375
65.3589 76.2521
65.3731 76.2687
65.7749 76.7375
65.7749 76.7375
66.2035 77.2375
66.2035 77.2375
66.2035 77.2375
66.2035 77.2375
66.5874 77.6854
66.6321 77.7375
66.6321 77.7375
67.0285 78.2
67.0606 78.2375
67.0606 78.2375
67.0606 78.2375
67.0606 78.2375
67.4892 78.7375
67.7035 78.9875
67.9178 79.2375
67.9178 79.2375
67.9178 79.2375
68.3464 79.7375
68.3464 79.7375
68.7749 80.2375
68.7749 80.2375
68.7749 80.2375
68.7749 80.2375
69.2035 80.7375
69.6321 81.2375
69.6321 81.2375
69.8464 81.4875
70.0464 81.7208
70.0606 81.7375
70.2517 81.9604
70.2749 81.9875
70.4678 82.2125
70.4892 82.2375
70.4892 82.2375
70.4892 82.2375
70.9178 82.7375
71.3142 83.2
71.3464 83.2375
71.3464 83.2375
71.3464 83.2375
71.3464 83.2375
71.7749 83.7375
71.7749 83.7375
72.1928 84.225
72.2035 84.2375
72.2035 84.2375
72.2035 84.2375
72.2035 84.2375
72.6321 84.7375
72.6321 84.7375
73.0606 85.2375
73.0606 85.2375
73.0606 85.2375
73.0606 85.2375
73.2749 85.4875
73.4374 85.6771
73.4892 85.7375
73.4892 85.7375
73.8892 86.2042
73.9178 86.2375
73.9178 86.2375
73.9178 86.2375
73.9178 86.2375
74.3464 86.7375
74.7749 87.2375
74.7749 87.2375
74.7749 87.2375
74.9892 87.4875
75.2035 87.7375
75.2035 87.7375
75.6321 88.2375
75.6321 88.2375
75.6321 88.2375
75.6321 88.2375
76.0606 88.7375
76.0606 88.7375
76.4571 89.2
76.4892 89.2375
76.4892 89.2375
76.4892 89.2375
76.4892 89.2375
76.7035 89.4875
76.8999 89.7167
76.9178 89.7375
76.9178 89.7375
77.1321 89.9875
77.3196 90.2062
77.3464 90.2375
77.3464 90.2375
77.3464 90.2375
77.3464 90.2375
77.5606 90.4875
77.7749 90.7375
77.9892 90.9875
78.2035 91.2375
78.2035 91.2375
78.2035 91.2375
78.2035 91.2375
78.6321 91.7375
78.6321 91.7375
78.9981 92.1646
79.0106 92.1792
79.0606 92.2375
79.0606 92.2375
79.0606 92.2375
79.0606 92.2375
79.4892 92.7375
79.4892 92.7375
79.9178 93.2375
79.9178 93.2375
79.9178 93.2375
79.9178 93.2375
80.1321 93.4875
80.3463 93.7375
80.3463 93.7375
80.7285 94.1833
80.7321 94.1875
80.7749 94.2375
80.7749 94.2375
80.7749 94.2375
80.7749 94.2375
81.2035 94.7375
81.6321 95.2375
81.6321 95.2375
81.6321 95.2375
82.0606 95.7375
82.4249 96.1625
82.4356 96.175
82.4892 96.2375
82.4892 96.2375
82.4892 96.2375
82.4892 96.2375
82.9178 96.7375
83.3463 97.2375
83.3463 97.2375
83.3463 97.2375
83.7749 97.7375
84.2035 98.2375
84.2035 98.2375
84.2035 98.2375
84.6321 98.7375
85.0606 99.2375
85.0606 99.2375
85.0606 99.2375
85.0606 99.2375
85.4892 99.7375
85.4892 99.7375
85.9178 100.237
85.9178 100.237
85.9178 100.237
85.9178 100.237
86.3463 100.738
86.5606 100.987
86.7749 101.237
86.7749 101.237
86.9892 101.487
87.2035 101.737
87.2035 101.737
87.6321 102.238
87.6321 102.238
87.6321 102.238
87.6321 102.238
88.0606 102.737
88.0606 102.737
88.4892 103.237
88.4892 103.237
88.4892 103.237
88.9178 103.738
88.9178 103.738
89.3463 104.237
89.3463 104.237
89.3463 104.237
89.3463 104.237
89.7749 104.737
89.9892 104.987
90.2035 105.237
90.2035 105.237
90.2035 105.237
90.2035 105.237
90.4178 105.487
90.6321 105.737
90.6321 105.737
91.0606 106.237
91.0606 106.237
91.0606 106.237
91.0606 106.237
91.0606 106.237
91.4892 106.737
91.9178 107.237
91.9178 107.237
91.9178 107.237
91.9178 107.237
92.3463 107.737
92.3463 107.737
92.7749 108.237
92.7749 108.237
92.7749 108.237
92.7749 108.237
93.2035 108.737
93.2035 108.737
93.632 109.237
93.632 109.237
93.632 109.237
93.632 109.237
94.0606 109.737
94.0606 109.737
94.4892 110.237
94.4892 110.237
94.4892 110.237
94.4892 110.237
94.9178 110.737
95.3463 111.237
95.3463 111.237
95.3463 111.237
95.3463 111.237
95.7749 111.737
95.7749 111.737
96.2035 112.237
96.2035 112.237
96.2035 112.237
96.2035 112.237
96.632 112.737
97.0606 113.237
97.0606 113.237
97.2749 113.487
97.4892 113.737
97.7035 113.987
97.9178 114.237
97.9178 114.237
97.9178 114.237
98.3463 114.737
98.7749 115.237
98.7749 115.237
98.7749 115.237
98.7749 115.237
99.2035 115.737
99.2035 115.737
99.632 116.237
99.632 116.237
99.632 116.237
99.632 116.237
100.061 116.738
100.489 117.237
100.489 117.237
100.489 117.237
100.489 117.237
100.703 117.487
100.918 117.737
100.918 117.737
101.346 118.237
101.346 118.237
101.346 118.237
101.346 118.237
101.775 118.737
102.203 119.237
102.203 119.237
102.203 119.237
102.418 119.487
102.632 119.737
102.632 119.737
103.061 120.237
103.061 120.237
103.061 120.237
103.061 120.237
103.489 120.737
103.918 121.237
103.918 121.237
103.918 121.237
103.918 121.237
104.132 121.487
104.346 121.738
104.346 121.738
104.561 121.987
104.775 122.237
104.775 122.237
104.775 122.237
104.775 122.237
104.989 122.487
105.203 122.737
105.418 122.987
105.632 123.237
105.632 123.237
105.632 123.237
105.632 123.237
106.061 123.737
106.061 123.737
106.489 124.237
106.489 124.237
106.489 124.237
106.489 124.237
106.918 124.737
107.346 125.237
107.346 125.237
107.346 125.237
107.346 125.237
107.561 125.487
107.775 125.737
107.775 125.737
108.203 126.237
108.203 126.237
108.203 126.237
108.203 126.237
108.632 126.737
109.061 127.237
109.061 127.237
109.061 127.237
109.489 127.737
109.489 127.737
109.918 128.237
109.918 128.237
109.918 128.237
109.918 128.237
110.346 128.738
110.775 129.238
110.775 129.238
110.775 129.238
111.203 129.738
111.632 130.238
111.632 130.238
111.632 130.238
112.061 130.738
112.489 131.238
112.489 131.238
112.489 131.238
112.489 131.238
112.918 131.738
112.918 131.738
113.346 132.238
113.346 132.238
113.346 132.238
113.346 132.238
113.775 132.737
113.775 132.737
114.203 133.238
114.203 133.238
114.203 133.238
114.632 133.738
114.632 133.738
115.061 134.238
115.061 134.238
115.061 134.238
115.061 134.238
115.489 134.738
115.918 135.238
115.918 135.238
115.918 135.238
116.346 135.738
116.346 135.738
116.775 136.238
116.775 136.238
116.775 136.238
116.775 136.238
117.203 136.738
117.203 136.738
117.632 137.238
117.632 137.238
117.632 137.238
118.061 137.738
118.489 138.238
118.489 138.238
118.918 138.738
118.918 138.738
119.346 139.238
119.346 139.238
119.346 139.238
119.346 139.238
119.775 139.738
119.775 139.738
120.203 140.238
120.203 140.238
120.203 140.238
120.203 140.238
120.632 140.738
120.632 140.738
121.061 141.238
121.061 141.238
121.061 141.238
121.489 141.738
121.489 141.738
121.918 142.238
121.918 142.238
121.918 142.238
121.918 142.238
121.918 142.238
122.346 142.738
122.775 143.238
122.775 143.238
122.775 143.238
123.203 143.738
123.203 143.738
123.418 143.988
123.632 144.238
123.632 144.238
123.632 144.238
123.632 144.238
124.061 144.738
124.489 145.238
124.918 145.738
125.346 146.238
125.346 146.238
125.346 146.238
125.346 146.238
125.775 146.738
126.203 147.238
126.203 147.238
126.203 147.238
126.203 147.238
126.632 147.738
126.632 147.738
127.061 148.238
127.061 148.238
127.061 148.238
127.061 148.238
127.489 148.738
127.489 148.738
127.918 149.238
127.918 149.238
127.918 149.238
128.346 149.738
128.346 149.738
128.775 150.237
128.775 150.237
128.775 150.237
128.775 150.237
129.203 150.738
129.632 151.238
129.632 151.238
129.632 151.238
130.061 151.738
130.061 151.738
130.489 152.238
130.489 152.238
130.489 152.238
130.489 152.238
130.918 152.738
130.918 152.738
131.346 153.238
131.346 153.238
131.346 153.238
131.775 153.738
132.203 154.238
132.203 154.238
132.632 154.738
132.632 154.738
133.061 155.238
133.061 155.238
133.061 155.238
133.061 155.238
133.489 155.738
133.489 155.738
133.918 156.238
133.918 156.238
133.918 156.238
133.918 156.238
134.346 156.738
134.346 156.738
134.775 157.238
134.775 157.238
134.775 157.238
135.203 157.738
135.203 157.738
135.632 158.238
135.632 158.238
135.632 158.238
135.632 158.238
135.632 158.238
136.061 158.738
136.275 158.988
136.489 159.238
136.489 159.238
136.918 159.738
136.918 159.738
137.346 160.237
137.346 160.237
137.346 160.237
137.346 160.237
137.775 160.738
138.203 161.238
138.632 161.738
139.061 162.238
139.061 162.238
139.061 162.238
139.061 162.238
139.489 162.738
139.918 163.238
139.918 163.238
139.918 163.238
139.918 163.238
140.346 163.738
140.346 163.738
140.775 164.238
140.775 164.238
140.775 164.238
140.775 164.238
140.791 164.256
140.989 164.488
141.203 164.737
141.203 164.737
141.22 164.756
141.418 164.988
141.423 164.994
141.632 165.238
141.632 165.238
141.636 165.242
141.827 165.465
141.846 165.488
142.037 165.71
142.061 165.738
142.061 165.738
142.22 165.923
142.473 166.219
142.489 166.238
142.489 166.238
142.489 166.238
142.489 166.238
142.686 166.467
142.902 166.719
142.918 166.738
143.123 166.977
143.323 167.21
143.346 167.238
143.346 167.238
143.346 167.238
143.527 167.448
143.737 167.694
143.775 167.738
143.775 167.738
144.203 168.238
144.203 168.238
144.203 168.238
144.203 168.238
144.221 168.258
144.436 168.508
144.616 168.719
144.632 168.738
144.846 168.988
144.848 168.99
145.039 169.213
145.061 169.238
145.061 169.238
145.061 169.238
145.061 169.238
145.252 169.46
145.275 169.488
145.468 169.713
145.489 169.738
145.489 169.738
145.691 169.973
145.896 170.213
145.918 170.238
145.918 170.238
145.918 170.238
145.918 170.238
145.918 170.238
146.134 170.49
146.336 170.725
146.346 170.738
146.553 170.979
146.769 171.231
146.775 171.238
146.775 171.238
146.775 171.238
146.775 171.238
146.973 171.469
147.2 171.733
147.203 171.738
147.203 171.738
147.416 171.985
147.632 172.238
147.632 172.238
147.632 172.238
147.632 172.238
147.636 172.242
147.827 172.465
148.043 172.717
148.061 172.738
148.061 172.738
148.255 172.965
148.461 173.204
148.489 173.238
148.489 173.238
148.489 173.238
148.489 173.238
148.664 173.442
148.886 173.7
148.918 173.738
148.918 173.738
149.082 173.929
149.327 174.215
149.346 174.238
149.346 174.238
149.346 174.238
149.346 174.238
149.541 174.465
149.753 174.713
149.775 174.737
149.975 174.971
149.989 174.988
150.178 175.208
150.203 175.238
150.203 175.238
150.203 175.238
150.394 175.46
150.625 175.729
150.632 175.738
150.632 175.738
150.85 175.992
151.061 176.238
151.061 176.238
151.061 176.238
151.061 176.238
151.068 176.246
151.259 176.469
151.444 176.685
151.489 176.738
151.675 176.954
151.873 177.185
151.918 177.238
151.918 177.238
152.086 177.433
152.132 177.488
152.318 177.704
152.346 177.738
152.546 177.971
152.561 177.988
152.746 178.204
152.775 178.238
152.775 178.238
152.775 178.238
152.973 178.469
153.184 178.715
153.203 178.738
153.405 178.973
153.614 179.217
153.632 179.238
153.632 179.238
153.632 179.238
153.632 179.238
153.837 179.477
154.061 179.738
154.061 179.738
154.066 179.744
154.277 179.99
154.489 180.238
154.489 180.238
154.489 180.238
154.489 180.238
154.491 180.24
154.689 180.471
154.918 180.738
154.918 180.738
154.919 180.74
155.123 180.977
155.336 181.225
155.346 181.238
155.346 181.238
155.346 181.238
155.346 181.238
155.527 181.448
155.561 181.488
155.736 181.692
155.775 181.738
155.775 181.738
155.919 181.906
156.173 182.202
156.203 182.238
156.203 182.238
156.203 182.238
156.203 182.238
156.386 182.45
156.602 182.702
156.632 182.738
156.823 182.96
157.023 183.194
157.061 183.238
157.061 183.238
157.061 183.238
157.227 183.431
157.275 183.488
157.436 183.675
157.489 183.738
157.489 183.738
157.918 184.238
157.918 184.238
157.918 184.238
157.918 184.238
157.921 184.242
158.134 184.49
158.316 184.702
158.346 184.738
158.346 184.738
158.546 184.971
158.737 185.194
158.775 185.238
158.775 185.238
158.775 185.238
158.775 185.238
158.952 185.444
158.989 185.488
159.166 185.694
159.203 185.738
159.203 185.738
159.391 185.956
159.418 185.988
159.596 186.196
159.632 186.238
159.632 186.238
159.632 186.238
159.632 186.238
159.834 186.473
159.846 186.488
160.034 186.706
160.061 186.738
160.253 186.963
160.275 186.987
160.468 187.213
160.489 187.238
160.489 187.238
160.489 187.238
160.489 187.238
160.671 187.45
160.9 187.717
160.918 187.738
160.918 187.738
161.116 187.969
161.334 188.223
161.346 188.238
161.346 188.238
161.346 188.238
161.346 188.238
161.527 188.448
161.741 188.698
161.775 188.738
161.775 188.738
161.953 188.946
162.161 189.188
162.203 189.237
162.203 189.237
162.203 189.237
162.203 189.237
162.362 189.423
162.418 189.488
162.586 189.683
162.632 189.738
162.632 189.738
162.78 189.91
163.025 190.196
163.061 190.238
163.061 190.238
163.061 190.238
163.061 190.238
163.241 190.448
163.453 190.696
163.489 190.738
163.675 190.954
163.878 191.192
163.918 191.238
163.918 191.238
163.918 191.238
164.094 191.444
164.325 191.713
164.346 191.738
164.55 191.975
164.766 192.227
164.775 192.238
164.775 192.238
164.775 192.238
164.775 192.238
165.203 192.738
165.632 193.238
165.632 193.238
165.632 193.238
166.061 193.738
166.489 194.238
166.489 194.238
166.489 194.238
166.918 194.738
167.346 195.238
167.346 195.238
167.346 195.238
167.346 195.238
167.775 195.738
167.775 195.738
168.203 196.238
168.203 196.238
168.203 196.238
168.203 196.238
168.632 196.738
168.846 196.988
169.061 197.238
169.061 197.238
169.275 197.488
169.489 197.738
169.489 197.738
169.918 198.238
169.918 198.238
169.918 198.238
169.918 198.238
170.346 198.738
170.346 198.738
170.775 199.237
170.775 199.237
170.775 199.237
171.203 199.738
171.203 199.738
171.632 200.238
171.632 200.238
171.632 200.238
171.632 200.238
172.061 200.737
172.275 200.988
172.489 201.238
172.489 201.238
172.489 201.238
172.489 201.238
172.703 201.487
172.918 201.738
172.918 201.738
173.346 202.238
173.346 202.238
173.346 202.238
173.346 202.238
173.346 202.238
173.775 202.738
174.203 203.238
174.203 203.238
174.203 203.238
174.203 203.238
174.632 203.738
174.632 203.738
175.061 204.238
175.061 204.238
175.061 204.238
175.061 204.238
175.489 204.738
175.489 204.738
175.918 205.238
175.918 205.238
175.918 205.238
175.918 205.238
176.346 205.738
176.346 205.738
176.775 206.238
176.775 206.238
176.775 206.238
176.775 206.238
177.203 206.738
177.632 207.238
177.632 207.238
177.632 207.238
177.632 207.238
178.061 207.738
178.061 207.738
178.489 208.238
178.489 208.238
178.489 208.238
178.489 208.238
178.918 208.738
179.346 209.238
179.346 209.238
179.561 209.488
179.775 209.738
179.989 209.988
180.203 210.238
180.203 210.238
180.203 210.238
180.632 210.738
181.061 211.238
181.061 211.238
181.061 211.238
181.061 211.238
181.489 211.738
181.489 211.738
181.918 212.238
181.918 212.238
181.918 212.238
181.918 212.238
182.346 212.738
182.775 213.238
182.775 213.238
182.775 213.238
182.775 213.238
182.989 213.488
183.203 213.737
183.203 213.737
183.632 214.238
183.632 214.238
183.632 214.238
183.632 214.238
184.061 214.738
184.489 215.238
184.489 215.238
184.489 215.238
184.703 215.488
184.918 215.738
184.918 215.738
185.346 216.238
185.346 216.238
185.346 216.238
185.346 216.238
185.775 216.738
186.203 217.238
186.203 217.238
186.203 217.238
186.203 217.238
186.418 217.488
186.632 217.738
186.632 217.738
186.846 217.988
187.061 218.238
187.061 218.238
187.061 218.238
187.061 218.238
187.275 218.488
187.489 218.738
187.703 218.988
187.918 219.238
187.918 219.238
187.918 219.238
187.918 219.238
188.346 219.738
188.346 219.738
188.775 220.238
188.775 220.238
188.775 220.238
188.775 220.238
189.203 220.738
189.632 221.238
189.632 221.238
189.632 221.238
189.632 221.238
189.846 221.488
190.061 221.738
190.061 221.738
190.489 222.238
190.489 222.238
190.489 222.238
190.489 222.238
190.918 222.738
191.346 223.238
191.346 223.238
191.346 223.238
191.775 223.738
191.775 223.738
192.203 224.238
192.203 224.238
192.203 224.238
192.203 224.238
192.632 224.738
193.061 225.237
193.061 225.237
193.061 225.237
193.489 225.738
193.918 226.238
193.918 226.238
193.918 226.238
194.346 226.738
194.775 227.238
194.775 227.238
194.775 227.238
194.775 227.238
195.203 227.738
195.203 227.738
195.203 227.738
195.203 227.738
195.632 228.238
195.632 228.238
195.632 228.238
195.632 228.238
195.641 228.248
196.061 228.738
196.061 228.738
196.275 228.988
196.489 229.238
196.489 229.238
196.703 229.488
196.918 229.738
196.918 229.738
197.346 230.238
197.346 230.238
197.346 230.238
197.346 230.238
197.355 230.248
197.775 230.738
198.203 231.238
198.203 231.238
198.203 231.238
198.632 231.738
198.632 231.738
199.037 232.21
199.043 232.217
199.061 232.238
199.061 232.238
199.061 232.238
199.061 232.238
199.489 232.738
199.703 232.988
199.894 233.21
199.918 233.237
199.918 233.237
199.918 233.237
199.918 233.237
200.132 233.488
200.346 233.738
200.346 233.738
200.775 234.238
200.775 234.238
200.775 234.238
200.775 234.238
200.775 234.238
200.807 234.275
200.812 234.281
201.203 234.738
201.632 235.237
201.632 235.237
201.632 235.237
201.632 235.237
202.061 235.738
202.061 235.738
202.489 236.238
202.489 236.238
202.489 236.238
202.489 236.238
202.539 236.296
202.555 236.315
202.918 236.738
202.918 236.738
203.346 237.238
203.346 237.238
203.346 237.238
203.346 237.238
203.769 237.731
203.775 237.738
203.775 237.738
204.203 238.237
204.203 238.237
204.203 238.237
204.203 238.237
204.211 238.246
204.632 238.738
204.846 238.988
205.061 239.238
205.061 239.238
205.061 239.238
205.489 239.737
205.489 239.737
205.918 240.238
205.918 240.238
205.918 240.238
205.918 240.238
206.346 240.738
206.775 241.238
206.775 241.238
206.989 241.488
207.203 241.738
207.227 241.765
207.418 241.988
207.434 242.006
207.632 242.238
207.632 242.238
207.632 242.238
207.648 242.256
208.061 242.738
208.489 243.238
208.489 243.238
208.489 243.238
208.489 243.238
208.496 243.246
208.918 243.738
208.918 243.738
209.346 244.238
209.346 244.238
209.346 244.238
209.346 244.238
209.373 244.269
209.775 244.738
209.775 244.738
210.203 245.238
210.203 245.238
210.203 245.238
210.203 245.238
210.418 245.488
210.618 245.721
210.632 245.738
210.632 245.738
211.061 246.238
211.061 246.238
211.061 246.238
211.061 246.238
211.069 246.248
211.489 246.738
211.918 247.238
211.918 247.238
211.918 247.238
212.132 247.487
212.346 247.738
212.346 247.738
212.775 248.238
212.775 248.238
212.775 248.238
212.775 248.238
213.203 248.738
213.203 248.738
213.632 249.238
213.632 249.238
213.632 249.238
213.632 249.238
213.639 249.246
213.846 249.488
214.061 249.737
214.061 249.737
214.082 249.762
214.275 249.988
214.489 250.238
214.489 250.238
214.489 250.238
214.489 250.238
214.5 250.25
214.703 250.488
214.918 250.738
215.132 250.988
215.346 251.238
215.346 251.238
215.346 251.238
215.346 251.238
215.775 251.738
215.775 251.738
216.18 252.21
216.191 252.223
216.203 252.238
216.203 252.238
216.203 252.238
216.203 252.238
216.632 252.738
216.632 252.738
217.06 253.238
217.06 253.238
217.06 253.238
217.06 253.238
217.275 253.488
217.489 253.738
217.489 253.738
217.91 254.229
217.912 254.231
217.918 254.238
217.918 254.238
217.918 254.238
217.918 254.238
218.346 254.738
218.775 255.238
218.775 255.238
218.775 255.238
219.203 255.738
219.607 256.208
219.616 256.219
219.632 256.238
219.632 256.238
219.632 256.238
219.632 256.238
220.06 256.738
220.489 257.238
220.489 257.238
220.489 257.238
220.918 257.738
221.346 258.238
221.346 258.238
221.346 258.238
221.775 258.738
222.203 259.238
222.203 259.238
222.203 259.238
222.203 259.238
222.632 259.738
222.632 259.738
223.06 260.238
223.06 260.238
223.06 260.238
223.06 260.238
223.062 260.24
223.26 260.471
223.489 260.738
223.489 260.738
223.491 260.74
223.694 260.977
223.703 260.988
223.907 261.225
223.918 261.238
223.918 261.238
224.098 261.448
224.132 261.488
224.307 261.692
224.346 261.738
224.346 261.738
224.491 261.906
224.744 262.202
224.775 262.238
224.775 262.238
224.775 262.238
224.775 262.238
224.957 262.45
225.173 262.702
225.203 262.738
225.394 262.96
225.594 263.194
225.632 263.238
225.632 263.238
225.632 263.238
225.798 263.431
226.009 263.677
226.06 263.738
226.06 263.738
226.489 264.238
226.489 264.238
226.489 264.238
226.489 264.238
226.493 264.242
226.707 264.492
226.887 264.702
226.918 264.738
227.118 264.971
227.132 264.988
227.31 265.196
227.346 265.238
227.346 265.238
227.346 265.238
227.346 265.238
227.523 265.444
227.56 265.488
227.737 265.694
227.775 265.738
227.775 265.738
227.962 265.956
228.168 266.196
228.203 266.238
228.203 266.238
228.203 266.238
228.203 266.238
228.203 266.238
228.405 266.473
228.607 266.708
228.632 266.738
228.825 266.962
229.041 267.215
229.06 267.238
229.06 267.238
229.06 267.238
229.06 267.238
229.244 267.452
229.471 267.717
229.489 267.738
229.489 267.738
229.687 267.969
229.907 268.225
229.918 268.238
229.918 268.238
229.918 268.238
229.918 268.238
230.098 268.448
230.312 268.698
230.346 268.738
230.346 268.738
230.525 268.946
230.732 269.188
230.775 269.238
230.775 269.238
230.775 269.238
230.775 269.238
230.935 269.425
231.157 269.683
231.203 269.738
231.203 269.738
231.353 269.913
231.598 270.198
231.632 270.238
231.632 270.238
231.632 270.238
231.632 270.238
231.812 270.448
232.025 270.696
232.06 270.738
232.246 270.954
232.275 270.988
232.45 271.192
232.489 271.238
232.489 271.238
232.489 271.238
232.666 271.444
232.896 271.712
232.918 271.738
232.918 271.738
233.121 271.975
233.339 272.229
233.346 272.238
233.346 272.238
233.346 272.238
233.346 272.238
233.53 272.452
233.716 272.669
233.775 272.738
233.946 272.938
234.143 273.167
234.203 273.238
234.203 273.238
234.355 273.415
234.418 273.488
234.589 273.688
234.632 273.738
234.818 273.954
234.846 273.988
235.018 274.188
235.06 274.238
235.06 274.238
235.06 274.238
235.244 274.452
235.455 274.698
235.489 274.738
235.677 274.956
235.885 275.2
235.918 275.238
235.918 275.238
235.918 275.238
235.918 275.238
236.109 275.46
236.337 275.727
236.346 275.738
236.346 275.738
236.548 275.973
236.762 276.223
236.775 276.238
236.775 276.238
236.775 276.238
236.775 276.238
236.96 276.454
237.191 276.723
237.203 276.738
237.203 276.738
237.394 276.96
237.607 277.208
237.632 277.238
237.632 277.238
237.632 277.238
237.632 277.238
237.798 277.431
237.846 277.488
238.007 277.675
238.06 277.738
238.06 277.738
238.189 277.887
238.444 278.185
238.489 278.238
238.489 278.238
238.489 278.238
238.489 278.238
238.657 278.433
238.873 278.685
238.918 278.738
239.094 278.944
239.294 279.177
239.346 279.237
239.346 279.237
239.346 279.237
239.498 279.415
239.56 279.488
239.707 279.658
239.775 279.738
239.775 279.738
240.193 280.225
240.203 280.238
240.203 280.238
240.203 280.238
240.203 280.238
240.405 280.473
240.587 280.685
240.632 280.738
240.632 280.738
240.818 280.954
241.009 281.177
241.06 281.238
241.06 281.238
241.06 281.238
241.06 281.238
241.221 281.425
241.275 281.488
241.437 281.677
241.489 281.738
241.489 281.738
241.662 281.94
241.703 281.988
241.868 282.179
241.918 282.238
241.918 282.238
241.918 282.238
241.918 282.238
242.105 282.456
242.132 282.488
242.305 282.69
242.346 282.738
242.525 282.946
242.56 282.988
242.739 283.196
242.775 283.238
242.775 283.238
242.775 283.238
242.775 283.238
242.943 283.433
243.171 283.7
243.203 283.738
243.203 283.738
243.387 283.952
243.605 284.206
243.632 284.238
243.632 284.238
243.632 284.238
243.632 284.238
243.796 284.429
244.012 284.681
244.06 284.738
244.06 284.738
244.225 284.929
244.432 285.171
244.489 285.238
244.489 285.238
244.489 285.238
244.489 285.238
244.634 285.406
244.703 285.488
244.857 285.667
244.918 285.738
244.918 285.738
245.052 285.894
245.296 286.179
245.346 286.238
245.346 286.238
245.346 286.238
245.346 286.238
245.512 286.431
245.725 286.679
245.775 286.738
245.946 286.938
246.15 287.175
246.203 287.238
246.203 287.238
246.203 287.238
246.366 287.427
246.596 287.696
246.632 287.738
246.819 287.956
247.037 288.21
247.06 288.238
247.06 288.238
247.06 288.238
247.06 288.238
247.489 288.738
247.918 289.238
247.918 289.238
247.918 289.238
248.346 289.738
248.775 290.238
248.775 290.238
248.775 290.238
249.203 290.738
249.632 291.238
249.632 291.238
249.632 291.238
250.06 291.738
250.06 291.738
250.28 291.988
250.493 292.229
250.5 292.238
250.5 292.238
250.5 292.238
250.937 292.727
250.946 292.738
251.364 293.204
251.37 293.21
251.437 293.285
251.831 293.725
251.875 293.773
252.3 294.233
252.308 294.242
252.317 294.252
252.344 294.281
252.781 294.754
253.277 295.292
253.714 295.765
253.765 295.821
254.214 296.306
254.287 296.385
254.352 296.456
254.379 296.485
255.942 298.179
256 298.242
256.014 298.256
256.033 298.277
256.477 298.758
257.012 299.337
257.294 299.644
257.639 300.017
257.942 300.346
258.314 300.748
258.74 301.21
259.577 302.117
259.662 302.208
259.733 302.285
259.748 302.302
259.846 302.408
