0.451342 0.560417
0.451342 0.560417
0.451342 0.560417
0.451342 0.560417
0.652684 0.810417
1.25671 1.56042
1.25671 1.56042
1.25671 1.56042
1.25671 1.56042
1.45805 1.81042
1.86074 2.31042
1.86074 2.31042
1.86074 2.31042
2.06208 2.56042
2.26342 2.81042
2.46476 3.06042
2.86745 3.56042
2.86745 3.56042
2.86745 3.56042
2.86745 3.56042
3.27013 4.06042
3.67282 4.56042
3.67282 4.56042
3.87416 4.81042
4.0755 5.06042
4.27684 5.31042
4.47819 5.56042
4.47819 5.56042
4.67953 5.81042
4.88087 6.06042
5.08221 6.31042
5.08221 6.31042
5.28356 6.56042
5.4849 6.81042
5.68624 7.06042
5.68624 7.06042
5.88758 7.31042
6.08893 7.56042
6.08893 7.56042
6.29027 7.81042
6.49161 8.06042
6.69295 8.31042
6.89429 8.56042
7.69966 9.56042
7.69966 9.56042
7.69966 9.56042
8.10235 10.0604
8.10235 10.0604
8.50503 10.5604
8.50503 10.5604
8.50503 10.5604
8.90772 11.0604
9.3104 11.5604
9.3104 11.5604
9.3104 11.5604
9.71309 12.0604
9.71309 12.0604
10.1158 12.5604
10.1158 12.5604
10.1158 12.5604
10.5185 13.0604
10.5185 13.0604
10.854 13.4771
10.8758 13.5042
10.9127 13.55
10.9144 13.5521
11.0369 13.7042
11.1158 13.8021
11.2181 13.9292
11.2919 14.0208
11.344 14.0854
11.6946 14.5208
11.7299 14.5646
11.7466 14.5854
11.7534 14.5937
11.7919 14.6417
11.8758 14.7458
11.8825 14.7542
11.9396 14.825
12.0705 14.9875
12.5403 15.5708
12.5805 15.6208
12.7433 15.8229
12.7768 15.8646
12.8087 15.9042
12.9077 16.0271
12.9648 16.0979
13.1644 16.3458
13.3725 16.6042
13.5667 16.8458
13.682 16.9896
13.8391 17.1854
13.9477 17.3208
14.0848 17.4917
14.2569 17.7063
14.4658 17.9667
14.6563 18.2042
14.785 18.3646
14.9053 18.5146
19.7435 24.5604
20.5462 25.5604
20.5462 25.5604
22.7409 28.2854
22.8348 28.4021
22.9388 28.5312
22.9623 28.5604
22.9623 28.5604
22.9623 28.5604
22.9623 28.5604
23.365 29.0604
23.7677 29.5604
23.7677 29.5604
26.1838 32.5604
26.1838 32.5604
26.1838 32.5604
26.1838 32.5604
26.5865 33.0604
26.7878 33.3104
26.9892 33.5604
27.1905 33.8104
27.3919 34.0604
27.5932 34.3104
27.7945 34.5604
28.1972 35.0604
28.3986 35.3104
28.5999 35.5604
28.5999 35.5604
28.5999 35.5604
28.8013 35.8104
29.0026 36.0604
29.2039 36.3104
29.4053 36.5604
29.4053 36.5604
29.4053 36.5604
29.4053 36.5604
29.808 37.0604
30.0093 37.3104
30.412 37.8104
30.8147 38.3104
31.016 38.5604
31.016 38.5604
31.8214 39.5604
31.8214 39.5604
31.8214 39.5604
32.0227 39.8104
32.2241 40.0604
32.6268 40.5604
32.6268 40.5604
32.6268 40.5604
32.6268 40.5604
33.0294 41.0604
33.2308 41.3104
33.6335 41.8104
33.6335 41.8104
34.0362 42.3104
34.2375 42.5604
34.2375 42.5604
34.2375 42.5604
34.6402 43.0604
34.8415 43.3104
35.0429 43.5604
35.2442 43.8104
35.2442 43.8104
35.4456 44.0604
35.8482 44.5604
35.8482 44.5604
35.8482 44.5604
35.8482 44.5604
36.2509 45.0604
36.4523 45.3104
36.4523 45.3104
36.8549 45.8104
37.2576 46.3104
37.2576 46.3104
38.063 47.3104
38.2643 47.5604
38.2643 47.5604
38.2643 47.5604
38.667 48.0604
39.0697 48.5604
39.0697 48.5604
39.0697 48.5604
39.0697 48.5604
39.4724 49.0604
39.8751 49.5604
39.8751 49.5604
39.8751 49.5604
40.2778 50.0604
40.4791 50.3104
40.4791 50.3104
40.6519 50.525
40.6805 50.5604
40.8818 50.8104
40.8818 50.8104
41.0831 51.0604
41.0831 51.0604
41.2845 51.3104
41.4858 51.5604
41.4858 51.5604
41.8885 52.0604
42.2912 52.5604
42.2912 52.5604
42.2912 52.5604
43.0966 53.5604
43.0966 53.5604
43.0966 53.5604
43.7006 54.3104
43.7006 54.3104
44.1033 54.8104
44.3046 55.0604
44.7073 55.5604
44.7073 55.5604
44.7073 55.5604
45.11 56.0604
45.11 56.0604
45.4657 56.5021
45.4657 56.5021
45.4657 56.5021
45.5127 56.5604
45.9154 57.0604
45.9154 57.0604
46.318 57.5604
46.318 57.5604
46.318 57.5604
46.318 57.5604
46.7207 58.0604
46.9221 58.3104
46.9221 58.3104
46.9221 58.3104
47.1234 58.5604
47.3247 58.8104
47.3247 58.8104
47.5261 59.0604
47.5261 59.0604
47.9288 59.5604
47.9288 59.5604
47.9288 59.5604
47.9288 59.5604
48.3315 60.0604
48.3315 60.0604
48.7341 60.5604
48.7341 60.5604
48.7341 60.5604
49.1368 61.0604
49.5395 61.5604
49.5395 61.5604
49.5395 61.5604
50.1435 62.3104
50.1435 62.3104
50.5462 62.8104
50.5462 62.8104
50.9489 63.3104
51.1502 63.5604
51.1502 63.5604
51.5529 64.0604
51.9556 64.5604
51.9556 64.5604
51.9556 64.5604
52.3583 65.0604
52.3583 65.0604
52.761 65.5604
52.761 65.5604
52.761 65.5604
52.761 65.5604
53.1637 66.0604
53.365 66.3104
53.365 66.3104
53.5664 66.5604
53.5664 66.5604
53.7677 66.8104
53.969 67.0604
53.969 67.0604
54.3717 67.5604
54.3717 67.5604
54.3717 67.5604
54.7744 68.0604
55.1771 68.5604
55.1771 68.5604
55.5798 69.0604
55.9825 69.5604
55.9825 69.5604
55.9825 69.5604
56.3851 70.0604
56.5865 70.3104
56.5865 70.3104
56.7878 70.5604
56.9892 70.8104
57.1905 71.0604
57.1905 71.0604
57.5932 71.5604
57.5932 71.5604
57.5932 71.5604
57.9959 72.0604
58.3986 72.5604
58.3986 72.5604
58.3986 72.5604
58.8013 73.0604
59.2039 73.5604
59.2039 73.5604
59.2039 73.5604
59.6066 74.0604
59.6066 74.0604
59.808 74.3104
59.808 74.3104
60.0093 74.5604
60.0093 74.5604
60.2106 74.8104
60.2106 74.8104
60.412 75.0604
60.412 75.0604
60.8147 75.5604
60.8147 75.5604
60.8147 75.5604
61.2174 76.0604
61.2174 76.0604
61.62 76.5604
61.62 76.5604
61.62 76.5604
62.0227 77.0604
62.0227 77.0604
62.4254 77.5604
62.4254 77.5604
62.8281 78.0604
63.0294 78.3104
63.0294 78.3104
63.4321 78.8104
63.6335 79.0604
64.0362 79.5604
64.0362 79.5604
64.0362 79.5604
64.0362 79.5604
64.4388 80.0604
64.4388 80.0604
64.8415 80.5604
64.8415 80.5604
64.8415 80.5604
64.8415 80.5604
64.8415 80.5604
64.8415 80.5604
65.2442 81.0604
65.6469 81.5604
65.6469 81.5604
65.6469 81.5604
66.0496 82.0604
66.2509 82.3104
66.2509 82.3104
66.4237 82.525
66.4523 82.5604
66.6536 82.8104
66.6536 82.8104
66.8549 83.0604
66.8549 83.0604
67.0563 83.3104
67.2576 83.5604
67.2576 83.5604
67.2576 83.5604
67.6603 84.0604
68.063 84.5604
68.063 84.5604
68.063 84.5604
68.063 84.5604
68.4657 85.0604
68.667 85.3104
68.8684 85.5604
68.8684 85.5604
68.8684 85.5604
69.0898 85.8354
69.4724 86.3104
69.4724 86.3104
69.4724 86.3104
69.6737 86.5604
69.8751 86.8104
70.0764 87.0604
70.0764 87.0604
70.2778 87.3104
70.4791 87.5604
70.4791 87.5604
70.4791 87.5604
70.8818 88.0604
70.8818 88.0604
70.8818 88.0604
71.2375 88.5021
71.2375 88.5021
71.2375 88.5021
71.2845 88.5604
71.6872 89.0604
71.6872 89.0604
72.0898 89.5604
72.0898 89.5604
72.0898 89.5604
72.0898 89.5604
72.4925 90.0604
72.6939 90.3104
72.6939 90.3104
72.6939 90.3104
72.8952 90.5604
73.0966 90.8104
73.0966 90.8104
73.2979 91.0604
73.2979 91.0604
73.7006 91.5604
73.7006 91.5604
73.7006 91.5604
73.7006 91.5604
74.1033 92.0604
74.1033 92.0604
74.5059 92.5604
74.5059 92.5604
74.5059 92.5604
74.5059 92.5604
74.9086 93.0604
74.9086 93.0604
75.11 93.3104
75.3113 93.5604
75.3113 93.5604
75.3113 93.5604
75.3113 93.5604
75.5127 93.8104
75.9153 94.3104
75.9153 94.3104
76.318 94.8104
76.318 94.8104
76.7207 95.3104
76.9221 95.5604
76.9221 95.5604
77.3247 96.0604
77.7274 96.5604
77.7274 96.5604
77.7274 96.5604
78.1299 97.0604
78.1299 97.0604
78.5304 97.5604
78.5304 97.5604
78.5304 97.5604
78.5304 97.5604
78.931 98.0604
79.1312 98.3104
79.1312 98.3104
79.3315 98.5604
79.3315 98.5604
79.5318 98.8104
79.732 99.0604
79.732 99.0604
80.1326 99.5604
80.1326 99.5604
80.1326 99.5604
80.5331 100.06
80.9337 100.56
80.9337 100.56
81.3342 101.06
81.3342 101.06
81.3342 101.06
81.7347 101.56
81.7347 101.56
81.7347 101.56
81.7347 101.56
81.7347 101.56
82.1353 102.06
82.3355 102.31
82.3355 102.31
82.5358 102.56
82.7361 102.81
82.9363 103.06
82.9363 103.06
83.3369 103.56
83.3369 103.56
83.3369 103.56
83.7382 104.06
84.1403 104.56
84.1403 104.56
84.1403 104.56
84.5424 105.06
84.9446 105.56
84.9446 105.56
84.9446 105.56
85.3467 106.06
85.3467 106.06
85.5478 106.31
85.5478 106.31
85.7489 106.56
85.7489 106.56
85.9499 106.81
85.9499 106.81
86.151 107.06
86.151 107.06
86.5532 107.56
86.5532 107.56
86.5532 107.56
86.9554 108.06
86.9554 108.06
87.3581 108.56
87.3581 108.56
87.3581 108.56
87.7607 109.06
87.7607 109.06
88.1634 109.56
88.1634 109.56
88.5661 110.06
88.7675 110.31
88.7675 110.31
89.1701 110.81
89.3715 111.06
89.7742 111.56
89.7742 111.56
89.7742 111.56
90.1768 112.06
90.5795 112.56
90.5795 112.56
90.5795 112.56
90.5795 112.56
90.5795 112.56
90.9822 113.06
91.3849 113.56
91.3849 113.56
91.7876 114.06
91.9889 114.31
91.9889 114.31
92.1903 114.56
92.1903 114.56
92.1903 114.56
92.3916 114.81
92.593 115.06
92.9956 115.56
92.9956 115.56
92.9956 115.56
92.9956 115.56
93.3983 116.06
93.801 116.56
93.801 116.56
93.801 116.56
93.801 116.56
93.801 116.56
93.801 116.56
93.801 116.56
94.2037 117.06
94.6064 117.56
94.6064 117.56
94.6064 117.56
95.0091 118.06
95.0091 118.06
95.2104 118.31
95.2104 118.31
95.2104 118.31
95.2104 118.31
95.6131 118.81
95.8144 119.06
95.8144 119.06
96.2171 119.56
96.2171 119.56
96.2171 119.56
96.2171 119.56
96.6198 120.06
96.6198 120.06
97.0225 120.56
97.0225 120.56
97.0225 120.56
97.0225 120.56
97.0225 120.56
97.4252 121.06
97.4252 121.06
97.8279 121.56
97.8279 121.56
97.8279 121.56
97.8279 121.56
98.2305 122.06
98.4319 122.31
98.4319 122.31
98.4319 122.31
98.6332 122.56
98.8346 122.81
99.0359 123.06
99.4386 123.56
99.4386 123.56
99.4386 123.56
99.8413 124.06
99.8413 124.06
100.244 124.56
100.244 124.56
100.244 124.56
100.244 124.56
100.647 125.06
101.049 125.56
101.049 125.56
101.049 125.56
101.049 125.56
101.049 125.56
101.452 126.06
101.452 126.06
101.653 126.31
101.653 126.31
101.653 126.31
101.653 126.31
101.855 126.56
101.855 126.56
102.056 126.81
102.257 127.06
102.257 127.06
102.66 127.56
102.66 127.56
102.66 127.56
102.66 127.56
103.063 128.06
103.063 128.06
103.465 128.56
103.465 128.56
103.465 128.56
103.465 128.56
103.465 128.56
103.868 129.06
103.868 129.06
104.271 129.56
104.271 129.56
104.271 129.56
104.271 129.56
104.271 129.56
104.673 130.06
104.875 130.31
104.875 130.31
104.875 130.31
105.076 130.56
105.278 130.81
105.479 131.06
105.882 131.56
105.882 131.56
105.882 131.56
105.882 131.56
106.284 132.06
106.284 132.06
106.687 132.56
106.687 132.56
106.687 132.56
106.687 132.56
107.09 133.06
107.09 133.06
107.492 133.56
107.492 133.56
107.492 133.56
107.492 133.56
107.895 134.06
107.895 134.06
108.298 134.56
108.298 134.56
108.298 134.56
108.298 134.56
108.298 134.56
108.7 135.06
108.902 135.31
109.103 135.56
109.103 135.56
109.103 135.56
109.103 135.56
109.506 136.06
109.908 136.56
109.908 136.56
109.908 136.56
109.908 136.56
109.908 136.56
110.311 137.06
110.311 137.06
110.714 137.56
110.714 137.56
110.714 137.56
110.714 137.56
110.714 137.56
111.116 138.06
111.116 138.06
111.519 138.56
111.519 138.56
111.519 138.56
111.519 138.56
111.519 138.56
111.922 139.06
112.123 139.31
112.324 139.56
112.324 139.56
112.324 139.56
112.727 140.06
112.727 140.06
113.13 140.56
113.13 140.56
113.13 140.56
113.13 140.56
113.533 141.06
113.533 141.06
113.533 141.06
113.935 141.56
113.935 141.56
113.935 141.56
113.935 141.56
113.935 141.56
114.338 142.06
114.338 142.06
114.539 142.31
114.539 142.31
114.539 142.31
114.741 142.56
114.942 142.81
115.143 143.06
115.143 143.06
115.546 143.56
115.546 143.56
115.546 143.56
115.546 143.56
115.546 143.56
115.949 144.06
115.949 144.06
116.351 144.56
116.351 144.56
116.351 144.56
116.351 144.56
116.351 144.56
116.351 144.56
117.157 145.56
117.157 145.56
117.157 145.56
117.559 146.06
117.761 146.31
117.761 146.31
117.761 146.31
117.962 146.56
117.962 146.56
117.962 146.56
117.962 146.56
118.163 146.81
118.163 146.81
118.163 146.81
118.365 147.06
118.566 147.31
118.566 147.31
118.566 147.31
118.767 147.56
118.767 147.56
118.767 147.56
118.767 147.56
118.969 147.81
119.17 148.06
119.17 148.06
119.573 148.56
119.573 148.56
119.573 148.56
119.573 148.56
119.573 148.56
119.573 148.56
119.573 148.56
119.976 149.06
120.378 149.56
120.378 149.56
120.378 149.56
120.781 150.06
120.781 150.06
120.982 150.31
120.982 150.31
120.982 150.31
120.982 150.31
121.385 150.81
121.586 151.06
121.586 151.06
121.989 151.56
121.989 151.56
121.989 151.56
121.989 151.56
122.392 152.06
122.392 152.06
122.794 152.56
122.794 152.56
122.794 152.56
122.794 152.56
122.794 152.56
122.794 152.56
122.996 152.81
123.197 153.06
123.398 153.31
123.6 153.56
123.6 153.56
123.6 153.56
123.6 153.56
124.002 154.06
124.204 154.31
124.204 154.31
124.204 154.31
124.405 154.56
124.606 154.81
124.808 155.06
125.21 155.56
125.21 155.56
125.21 155.56
125.613 156.06
125.613 156.06
126.016 156.56
126.016 156.56
126.016 156.56
126.016 156.56
126.418 157.06
126.821 157.56
126.821 157.56
126.821 157.56
126.821 157.56
126.821 157.56
127.224 158.06
127.224 158.06
127.425 158.31
127.425 158.31
127.425 158.31
127.425 158.31
127.627 158.56
127.627 158.56
127.828 158.81
128.029 159.06
128.029 159.06
128.432 159.56
128.432 159.56
128.432 159.56
128.432 159.56
128.835 160.06
128.835 160.06
129.237 160.56
129.237 160.56
129.237 160.56
129.237 160.56
129.237 160.56
129.64 161.06
129.64 161.06
130.043 161.56
130.043 161.56
130.043 161.56
130.043 161.56
130.043 161.56
130.445 162.06
130.647 162.31
130.647 162.31
130.647 162.31
130.848 162.56
131.049 162.81
131.251 163.06
131.653 163.56
131.653 163.56
131.653 163.56
131.653 163.56
132.056 164.06
132.056 164.06
132.459 164.56
132.459 164.56
132.459 164.56
132.459 164.56
132.861 165.06
132.861 165.06
133.264 165.56
133.264 165.56
133.264 165.56
133.264 165.56
133.667 166.06
133.667 166.06
134.069 166.56
134.069 166.56
134.069 166.56
134.069 166.56
134.069 166.56
134.472 167.06
134.673 167.31
134.875 167.56
134.875 167.56
134.875 167.56
134.875 167.56
135.278 168.06
135.68 168.56
135.68 168.56
135.68 168.56
135.68 168.56
135.68 168.56
136.083 169.06
136.083 169.06
136.486 169.56
136.486 169.56
136.486 169.56
136.486 169.56
136.486 169.56
136.888 170.06
136.888 170.06
137.291 170.56
137.291 170.56
137.291 170.56
137.291 170.56
137.291 170.56
137.694 171.06
137.895 171.31
138.096 171.56
138.096 171.56
138.096 171.56
138.499 172.06
138.499 172.06
138.902 172.56
138.902 172.56
138.902 172.56
138.902 172.56
139.304 173.06
139.304 173.06
139.304 173.06
139.707 173.56
139.707 173.56
139.707 173.56
139.707 173.56
139.707 173.56
140.11 174.06
140.11 174.06
140.311 174.31
140.311 174.31
140.311 174.31
140.512 174.56
140.714 174.81
140.915 175.06
140.915 175.06
141.318 175.56
141.318 175.56
141.318 175.56
141.318 175.56
141.318 175.56
141.72 176.06
141.72 176.06
142.123 176.56
142.123 176.56
142.123 176.56
142.123 176.56
142.123 176.56
142.123 176.56
142.929 177.56
142.929 177.56
142.929 177.56
143.331 178.06
143.533 178.31
143.533 178.31
143.533 178.31
143.734 178.56
143.734 178.56
143.734 178.56
143.935 178.81
143.935 178.81
143.935 178.81
144.137 179.06
144.137 179.06
144.338 179.31
144.338 179.31
144.338 179.31
144.539 179.56
144.539 179.56
144.539 179.56
144.539 179.56
144.741 179.81
144.942 180.06
144.942 180.06
144.942 180.06
145.345 180.56
145.345 180.56
145.345 180.56
145.345 180.56
145.747 181.06
146.15 181.56
146.15 181.56
146.15 181.56
146.754 182.31
146.754 182.31
146.955 182.56
147.157 182.81
147.157 182.81
147.358 183.06
147.559 183.31
147.761 183.56
147.761 183.56
147.761 183.56
147.761 183.56
148.163 184.06
148.566 184.56
148.566 184.56
148.969 185.06
149.371 185.56
149.371 185.56
149.774 186.06
149.975 186.31
149.975 186.31
149.975 186.31
150.177 186.56
150.378 186.81
150.378 186.81
150.378 186.81
150.58 187.06
150.982 187.56
150.982 187.56
150.982 187.56
150.982 187.56
151.385 188.06
151.788 188.56
151.788 188.56
151.788 188.56
151.788 188.56
152.19 189.06
152.593 189.56
152.593 189.56
152.593 189.56
152.996 190.06
153.197 190.31
153.197 190.31
153.398 190.56
153.6 190.81
153.6 190.81
153.801 191.06
154.204 191.56
154.204 191.56
154.204 191.56
154.606 192.06
155.009 192.56
155.009 192.56
155.009 192.56
155.009 192.56
155.412 193.06
155.814 193.56
155.814 193.56
155.814 193.56
156.418 194.31
156.418 194.31
156.821 194.81
157.022 195.06
157.425 195.56
157.425 195.56
157.425 195.56
157.828 196.06
157.828 196.06
158.231 196.56
158.231 196.56
158.231 196.56
158.231 196.56
158.231 196.56
158.231 196.56
158.633 197.06
159.036 197.56
159.036 197.56
159.036 197.56
159.439 198.06
159.64 198.31
159.64 198.31
159.813 198.525
159.841 198.56
160.043 198.81
160.043 198.81
160.244 199.06
160.244 199.06
160.445 199.31
160.647 199.56
160.647 199.56
160.647 199.56
161.049 200.06
161.452 200.56
161.452 200.56
161.452 200.56
161.452 200.56
161.855 201.06
162.056 201.31
162.257 201.56
162.257 201.56
162.257 201.56
162.479 201.835
162.861 202.31
162.861 202.31
162.861 202.31
163.063 202.56
163.264 202.81
163.465 203.06
163.465 203.06
163.667 203.31
163.868 203.56
163.868 203.56
163.868 203.56
164.271 204.06
164.271 204.06
164.271 204.06
164.627 204.502
164.627 204.502
164.627 204.502
164.673 204.56
165.076 205.06
165.076 205.06
165.479 205.56
165.479 205.56
165.479 205.56
165.479 205.56
165.882 206.06
166.083 206.31
166.083 206.31
166.083 206.31
166.284 206.56
166.486 206.81
166.486 206.81
166.687 207.06
166.687 207.06
167.09 207.56
167.09 207.56
167.09 207.56
167.09 207.56
167.492 208.06
167.492 208.06
167.895 208.56
167.895 208.56
167.895 208.56
167.895 208.56
168.298 209.06
168.298 209.06
168.499 209.31
168.7 209.56
168.7 209.56
168.7 209.56
168.7 209.56
168.902 209.81
169.304 210.31
169.304 210.31
169.707 210.81
169.707 210.81
170.11 211.31
170.311 211.56
170.311 211.56
170.714 212.06
171.116 212.56
171.116 212.56
171.116 212.56
171.519 213.06
171.519 213.06
171.922 213.56
171.922 213.56
171.922 213.56
171.922 213.56
172.324 214.06
172.526 214.31
172.526 214.31
172.727 214.56
172.727 214.56
172.929 214.81
173.13 215.06
173.13 215.06
173.533 215.56
173.533 215.56
173.533 215.56
173.935 216.06
174.338 216.56
174.338 216.56
174.741 217.06
174.741 217.06
174.741 217.06
175.143 217.56
175.143 217.56
175.143 217.56
175.143 217.56
175.143 217.56
175.546 218.06
175.747 218.31
175.747 218.31
175.949 218.56
176.15 218.81
176.351 219.06
176.351 219.06
176.754 219.56
176.754 219.56
176.754 219.56
177.157 220.06
177.559 220.56
177.559 220.56
177.559 220.56
177.962 221.06
178.365 221.56
178.365 221.56
178.365 221.56
178.767 222.06
178.767 222.06
178.969 222.31
178.969 222.31
179.17 222.56
179.17 222.56
179.371 222.81
179.371 222.81
179.573 223.06
179.573 223.06
179.975 223.56
179.975 223.56
179.975 223.56
180.378 224.06
180.378 224.06
180.781 224.56
180.781 224.56
180.781 224.56
181.184 225.06
181.184 225.06
181.586 225.56
181.586 225.56
181.989 226.06
182.19 226.31
182.19 226.31
182.593 226.81
182.794 227.06
183.197 227.56
183.197 227.56
183.197 227.56
183.6 228.06
184.002 228.56
184.002 228.56
184.002 228.56
184.002 228.56
184.002 228.56
184.405 229.06
184.808 229.56
184.808 229.56
185.21 230.06
185.412 230.31
185.412 230.31
185.613 230.56
185.613 230.56
185.613 230.56
185.814 230.81
186.016 231.06
186.418 231.56
186.418 231.56
186.418 231.56
186.418 231.56
186.821 232.06
187.224 232.56
187.224 232.56
187.224 232.56
187.224 232.56
187.224 232.56
187.224 232.56
187.224 232.56
187.626 233.06
188.029 233.56
188.029 233.56
188.029 233.56
188.432 234.06
188.432 234.06
188.633 234.31
188.633 234.31
188.633 234.31
188.633 234.31
189.036 234.81
189.237 235.06
189.237 235.06
189.64 235.56
189.64 235.56
189.64 235.56
189.64 235.56
190.043 236.06
190.043 236.06
190.445 236.56
190.445 236.56
190.445 236.56
190.445 236.56
190.445 236.56
190.848 237.06
190.848 237.06
191.251 237.56
191.251 237.56
191.251 237.56
191.251 237.56
191.653 238.06
191.855 238.31
191.855 238.31
191.855 238.31
192.056 238.56
192.257 238.81
192.459 239.06
192.861 239.56
192.861 239.56
192.861 239.56
193.264 240.06
193.264 240.06
193.667 240.56
193.667 240.56
193.667 240.56
193.667 240.56
194.069 241.06
194.472 241.56
194.472 241.56
194.472 241.56
194.472 241.56
194.472 241.56
194.875 242.06
194.875 242.06
195.076 242.31
195.076 242.31
195.076 242.31
195.076 242.31
195.278 242.56
195.278 242.56
195.479 242.81
195.68 243.06
195.68 243.06
196.083 243.56
196.083 243.56
196.083 243.56
196.083 243.56
196.486 244.06
196.486 244.06
196.888 244.56
196.888 244.56
196.888 244.56
196.888 244.56
196.888 244.56
197.291 245.06
197.291 245.06
197.694 245.56
197.694 245.56
197.694 245.56
197.694 245.56
197.694 245.56
198.096 246.06
198.298 246.31
198.298 246.31
198.298 246.31
198.499 246.56
198.7 246.81
198.902 247.06
199.304 247.56
199.304 247.56
199.304 247.56
199.304 247.56
199.706 248.06
199.706 248.06
200.107 248.56
200.107 248.56
200.107 248.56
200.107 248.56
200.508 249.06
200.508 249.06
200.909 249.56
200.909 249.56
200.909 249.56
200.909 249.56
201.31 250.06
201.31 250.06
201.711 250.56
201.711 250.56
201.711 250.56
201.711 250.56
201.711 250.56
202.112 251.06
202.313 251.31
202.513 251.56
202.513 251.56
202.513 251.56
202.513 251.56
202.914 252.06
203.315 252.56
203.315 252.56
203.315 252.56
203.315 252.56
203.315 252.56
203.716 253.06
203.716 253.06
204.118 253.56
204.118 253.56
204.118 253.56
204.118 253.56
204.118 253.56
204.519 254.06
204.519 254.06
204.92 254.56
204.92 254.56
204.92 254.56
204.92 254.56
204.92 254.56
205.321 255.06
205.521 255.31
205.722 255.56
205.722 255.56
205.722 255.56
206.123 256.06
206.123 256.06
206.524 256.56
206.524 256.56
206.524 256.56
206.524 256.56
206.925 257.06
206.925 257.06
206.925 257.06
207.326 257.56
207.326 257.56
207.326 257.56
207.326 257.56
207.326 257.56
207.729 258.06
207.729 258.06
207.93 258.31
207.93 258.31
207.93 258.31
208.131 258.56
208.333 258.81
208.534 259.06
208.534 259.06
208.937 259.56
208.937 259.56
208.937 259.56
208.937 259.56
208.937 259.56
209.339 260.06
209.339 260.06
209.742 260.56
209.742 260.56
209.742 260.56
209.742 260.56
209.742 260.56
209.742 260.56
210.547 261.56
210.547 261.56
210.547 261.56
210.95 262.06
211.152 262.31
211.152 262.31
211.152 262.31
211.353 262.56
211.353 262.56
211.353 262.56
211.353 262.56
211.554 262.81
211.554 262.81
211.554 262.81
211.756 263.06
211.957 263.31
211.957 263.31
211.957 263.31
212.158 263.56
212.158 263.56
212.158 263.56
212.158 263.56
212.36 263.81
212.561 264.06
212.561 264.06
212.964 264.56
212.964 264.56
212.964 264.56
212.964 264.56
212.964 264.56
212.964 264.56
212.964 264.56
213.366 265.06
213.769 265.56
213.769 265.56
213.769 265.56
214.172 266.06
214.172 266.06
214.373 266.31
214.373 266.31
214.373 266.31
214.373 266.31
214.776 266.81
214.977 267.06
214.977 267.06
215.38 267.56
215.38 267.56
215.38 267.56
215.38 267.56
215.782 268.06
215.782 268.06
216.185 268.56
216.185 268.56
216.185 268.56
216.185 268.56
216.185 268.56
216.185 268.56
216.386 268.81
216.588 269.06
216.789 269.31
216.99 269.56
216.99 269.56
216.99 269.56
216.99 269.56
217.393 270.06
217.594 270.31
217.594 270.31
217.594 270.31
217.796 270.56
217.997 270.81
218.199 271.06
218.601 271.56
218.601 271.56
218.601 271.56
219.004 272.06
219.004 272.06
219.407 272.56
219.407 272.56
219.407 272.56
219.407 272.56
219.809 273.06
220.212 273.56
220.212 273.56
220.212 273.56
220.212 273.56
220.212 273.56
220.615 274.06
220.615 274.06
220.816 274.31
220.816 274.31
220.816 274.31
220.816 274.31
221.017 274.56
221.017 274.56
221.219 274.81
221.42 275.06
221.42 275.06
221.823 275.56
221.823 275.56
221.823 275.56
221.823 275.56
222.225 276.06
222.225 276.06
222.628 276.56
222.628 276.56
222.628 276.56
222.628 276.56
222.628 276.56
223.031 277.06
223.031 277.06
223.433 277.56
223.433 277.56
223.433 277.56
223.433 277.56
223.433 277.56
223.836 278.06
224.037 278.31
224.037 278.31
224.037 278.31
224.239 278.56
224.44 278.81
224.641 279.06
225.044 279.56
225.044 279.56
225.044 279.56
225.044 279.56
225.447 280.06
225.447 280.06
225.85 280.56
225.85 280.56
225.85 280.56
225.85 280.56
226.252 281.06
226.252 281.06
226.655 281.56
226.655 281.56
226.655 281.56
226.655 281.56
227.058 282.06
227.058 282.06
227.46 282.56
227.46 282.56
227.46 282.56
227.46 282.56
227.46 282.56
227.863 283.06
228.064 283.31
228.266 283.56
228.266 283.56
228.266 283.56
228.266 283.56
228.668 284.06
229.071 284.56
229.071 284.56
229.071 284.56
229.071 284.56
229.071 284.56
229.474 285.06
229.474 285.06
229.876 285.56
229.876 285.56
229.876 285.56
229.876 285.56
229.876 285.56
230.279 286.06
230.279 286.06
230.682 286.56
230.682 286.56
230.682 286.56
230.682 286.56
230.682 286.56
231.084 287.06
231.286 287.31
231.487 287.56
231.487 287.56
231.487 287.56
231.89 288.06
231.89 288.06
232.292 288.56
232.292 288.56
232.292 288.56
232.292 288.56
232.695 289.06
232.695 289.06
232.695 289.06
233.098 289.56
233.098 289.56
233.098 289.56
233.098 289.56
233.098 289.56
233.501 290.06
233.501 290.06
233.702 290.31
233.702 290.31
233.702 290.31
233.903 290.56
234.105 290.81
234.306 291.06
234.306 291.06
234.709 291.56
234.709 291.56
234.709 291.56
234.709 291.56
234.709 291.56
235.111 292.06
235.111 292.06
235.514 292.56
235.514 292.56
235.514 292.56
235.514 292.56
235.514 292.56
235.514 292.56
236.319 293.56
236.319 293.56
236.319 293.56
236.722 294.06
236.923 294.31
236.923 294.31
236.923 294.31
237.125 294.56
237.125 294.56
237.125 294.56
237.326 294.81
237.326 294.81
237.326 294.81
237.527 295.06
237.527 295.06
237.729 295.31
237.729 295.31
237.729 295.31
237.93 295.56
237.93 295.56
237.93 295.56
237.93 295.56
238.131 295.81
238.333 296.06
238.333 296.06
238.333 296.06
238.735 296.56
238.735 296.56
238.735 296.56
238.735 296.56
239.138 297.06
239.138 297.06
239.339 297.31
239.541 297.56
239.541 297.56
239.541 297.56
239.541 297.56
239.742 297.81
240.145 298.31
240.145 298.31
240.145 298.31
240.346 298.56
240.547 298.81
240.547 298.81
240.749 299.06
240.95 299.31
241.152 299.56
241.152 299.56
241.152 299.56
241.152 299.56
241.554 300.06
241.756 300.31
241.957 300.56
241.957 300.56
241.957 300.56
241.957 300.56
242.36 301.06
242.36 301.06
242.561 301.31
242.762 301.56
242.762 301.56
243.366 302.31
243.366 302.31
243.769 302.81
243.769 302.81
244.172 303.31
244.373 303.56
244.373 303.56
244.373 303.56
244.373 303.56
244.776 304.06
244.776 304.06
245.178 304.56
245.178 304.56
245.178 304.56
245.178 304.56
245.581 305.06
245.782 305.31
245.984 305.56
245.984 305.56
245.984 305.56
246.588 306.31
246.588 306.31
246.588 306.31
246.99 306.81
247.192 307.06
247.192 307.06
247.594 307.56
247.594 307.56
247.594 307.56
247.594 307.56
247.594 307.56
247.997 308.06
248.198 308.31
248.4 308.56
248.4 308.56
248.4 308.56
248.4 308.56
248.4 308.56
249.004 309.31
249.004 309.31
249.004 309.31
249.004 309.31
249.608 310.06
249.608 310.06
249.608 310.06
249.608 310.06
250.212 310.81
250.212 310.81
250.212 310.81
250.212 310.81
250.816 311.56
250.816 311.56
250.816 311.56
250.816 311.56
251.219 312.06
251.219 312.06
251.219 312.06
251.219 312.06
251.621 312.56
251.621 312.56
251.621 312.56
251.621 312.56
252.427 313.56
252.427 313.56
252.829 314.06
253.232 314.56
253.232 314.56
253.232 314.56
253.232 314.56
253.232 314.56
253.635 315.06
253.635 315.06
253.635 315.06
253.635 315.06
254.037 315.56
254.037 315.56
254.037 315.56
254.037 315.56
254.037 315.56
254.44 316.06
254.44 316.06
254.44 316.06
254.44 316.06
254.843 316.56
254.843 316.56
254.843 316.56
254.843 316.56
254.843 316.56
254.843 316.56
254.843 316.56
255.245 317.06
255.648 317.56
255.648 317.56
255.648 317.56
256.051 318.06
256.051 318.06
256.252 318.31
256.252 318.31
256.252 318.31
256.252 318.31
256.655 318.81
256.856 319.06
256.856 319.06
257.259 319.56
257.259 319.56
257.259 319.56
257.259 319.56
257.662 320.06
257.662 320.06
258.064 320.56
258.064 320.56
258.064 320.56
258.064 320.56
258.064 320.56
258.064 320.56
258.266 320.81
258.467 321.06
258.668 321.31
258.87 321.56
258.87 321.56
258.87 321.56
258.87 321.56
259.272 322.06
259.474 322.31
259.474 322.31
259.474 322.31
259.675 322.56
259.876 322.81
260.078 323.06
260.48 323.56
260.48 323.56
260.48 323.56
260.883 324.06
260.883 324.06
261.286 324.56
261.286 324.56
261.286 324.56
261.286 324.56
261.688 325.06
262.091 325.56
262.091 325.56
262.091 325.56
262.091 325.56
262.091 325.56
262.494 326.06
262.494 326.06
262.695 326.31
262.695 326.31
262.695 326.31
262.695 326.31
262.896 326.56
262.896 326.56
263.098 326.81
263.299 327.06
263.299 327.06
263.702 327.56
263.702 327.56
263.702 327.56
263.702 327.56
264.105 328.06
264.105 328.06
264.507 328.56
264.507 328.56
264.507 328.56
264.507 328.56
264.507 328.56
264.91 329.06
264.91 329.06
265.313 329.56
265.313 329.56
265.313 329.56
265.313 329.56
265.313 329.56
265.715 330.06
265.917 330.31
265.917 330.31
265.917 330.31
266.118 330.56
266.319 330.81
266.521 331.06
266.923 331.56
266.923 331.56
266.923 331.56
266.923 331.56
267.326 332.06
267.326 332.06
267.729 332.56
267.729 332.56
267.729 332.56
267.729 332.56
268.131 333.06
268.131 333.06
268.534 333.56
268.534 333.56
268.534 333.56
268.534 333.56
268.937 334.06
268.937 334.06
269.339 334.56
269.339 334.56
269.339 334.56
269.339 334.56
269.339 334.56
269.742 335.06
269.943 335.31
270.145 335.56
270.145 335.56
270.145 335.56
270.145 335.56
270.547 336.06
270.95 336.56
270.95 336.56
270.95 336.56
270.95 336.56
270.95 336.56
271.353 337.06
271.353 337.06
271.756 337.56
271.756 337.56
271.756 337.56
271.756 337.56
271.756 337.56
272.158 338.06
272.158 338.06
272.561 338.56
272.561 338.56
272.561 338.56
272.561 338.56
272.561 338.56
272.964 339.06
273.165 339.31
273.366 339.56
273.366 339.56
273.366 339.56
273.769 340.06
273.769 340.06
274.172 340.56
274.172 340.56
274.172 340.56
274.172 340.56
274.574 341.06
274.574 341.06
274.574 341.06
274.977 341.56
274.977 341.56
274.977 341.56
274.977 341.56
274.977 341.56
275.38 342.06
275.38 342.06
275.581 342.31
275.581 342.31
275.581 342.31
275.782 342.56
275.984 342.81
276.185 343.06
276.185 343.06
276.588 343.56
276.588 343.56
276.588 343.56
276.588 343.56
276.588 343.56
276.99 344.06
276.99 344.06
277.393 344.56
277.393 344.56
277.393 344.56
277.393 344.56
277.393 344.56
277.393 344.56
278.198 345.56
278.198 345.56
278.198 345.56
278.601 346.06
278.803 346.31
278.803 346.31
278.803 346.31
279.004 346.56
279.004 346.56
279.004 346.56
279.205 346.81
279.205 346.81
279.205 346.81
279.407 347.06
279.407 347.06
279.608 347.31
279.608 347.31
279.608 347.31
279.809 347.56
279.809 347.56
279.809 347.56
279.809 347.56
280.011 347.81
280.212 348.06
280.212 348.06
280.212 348.06
280.615 348.56
280.615 348.56
280.615 348.56
280.615 348.56
281.017 349.06
281.42 349.56
281.42 349.56
281.42 349.56
282.024 350.31
282.024 350.31
282.225 350.56
282.427 350.81
282.427 350.81
282.628 351.06
282.829 351.31
283.031 351.56
283.031 351.56
283.031 351.56
283.031 351.56
283.433 352.06
283.836 352.56
283.836 352.56
284.239 353.06
284.641 353.56
284.641 353.56
285.044 354.06
285.245 354.31
285.245 354.31
285.245 354.31
285.447 354.56
285.648 354.81
285.648 354.81
285.648 354.81
285.849 355.06
286.252 355.56
286.252 355.56
286.252 355.56
286.252 355.56
286.655 356.06
287.058 356.56
287.058 356.56
287.058 356.56
287.058 356.56
287.46 357.06
287.863 357.56
287.863 357.56
287.863 357.56
288.266 358.06
288.467 358.31
288.467 358.31
288.668 358.56
288.87 358.81
288.87 358.81
289.071 359.06
289.474 359.56
289.474 359.56
289.474 359.56
289.876 360.06
290.279 360.56
290.279 360.56
290.279 360.56
290.279 360.56
290.682 361.06
291.084 361.56
291.084 361.56
291.084 361.56
291.688 362.31
291.688 362.31
292.091 362.81
292.292 363.06
292.695 363.56
292.695 363.56
293.098 364.06
293.501 364.56
293.501 364.56
293.501 364.56
293.501 364.56
293.903 365.06
294.306 365.56
294.306 365.56
294.306 365.56
294.91 366.31
294.91 366.31
295.111 366.56
295.313 366.81
295.313 366.81
295.514 367.06
295.715 367.31
295.917 367.56
295.917 367.56
295.917 367.56
295.917 367.56
296.319 368.06
296.722 368.56
296.722 368.56
297.125 369.06
297.527 369.56
297.527 369.56
297.93 370.06
298.131 370.31
298.131 370.31
298.131 370.31
298.333 370.56
298.534 370.81
298.534 370.81
298.534 370.81
298.735 371.06
299.138 371.56
299.138 371.56
299.138 371.56
299.138 371.56
299.541 372.06
299.943 372.56
299.943 372.56
299.943 372.56
299.943 372.56
300.346 373.06
300.749 373.56
300.749 373.56
300.749 373.56
301.152 374.06
301.353 374.31
301.353 374.31
301.554 374.56
301.756 374.81
301.756 374.81
301.957 375.06
302.36 375.56
302.36 375.56
302.36 375.56
302.762 376.06
303.165 376.56
303.165 376.56
303.165 376.56
303.165 376.56
303.568 377.06
303.97 377.56
303.97 377.56
303.97 377.56
304.574 378.31
304.574 378.31
304.977 378.81
305.178 379.06
305.581 379.56
305.581 379.56
305.984 380.06
306.386 380.56
306.386 380.56
306.386 380.56
