3.57857 4.175
3.57857 4.175
4.00714 4.675
4.43571 5.175
4.86428 5.675
4.86428 5.675
5.72142 6.675
5.72142 6.675
6.14999 7.175
6.14999 7.175
6.57856 7.675
7.00714 8.175
7.00714 8.175
7.43571 8.675
7.64999 8.925
7.86428 9.175
8.29285 9.675
8.29285 9.675
9.14999 10.675
9.57856 11.175
9.57856 11.175
10.0071 11.675
10.0071 11.675
10.2214 11.925
10.4357 12.175
10.4357 12.175
10.4357 12.175
10.4357 12.175
10.8643 12.675
11.2928 13.175
12.15 14.175
12.15 14.175
12.15 14.175
12.15 14.175
12.5786 14.675
12.7928 14.925
13.0071 15.175
13.4357 15.675
13.8643 16.175
13.8643 16.175
13.8643 16.175
13.8643 16.175
14.2928 16.675
14.6946 17.1438
14.9178 17.4042
15.1446 17.6687
15.15 17.675
15.3553 17.9146
15.5786 18.175
16.4357 19.175
16.4357 19.175
16.8643 19.675
17.2928 20.175
17.2928 20.175
17.2928 20.175
17.2928 20.175
17.7214 20.675
18.15 21.175
18.15 21.175
18.5786 21.675
19.4357 22.675
19.4357 22.675
19.8643 23.175
19.8643 23.175
19.8643 23.175
20.2928 23.675
20.2928 23.675
20.7214 24.175
20.7214 24.175
20.7214 24.175
20.7214 24.175
21.15 24.675
21.3643 24.925
21.5785 25.175
22.0071 25.675
22.0071 25.675
22.4357 26.175
22.8643 26.675
23.2928 27.175
23.2928 27.175
23.7214 27.675
23.9357 27.925
24.15 28.175
24.15 28.175
24.15 28.175
24.15 28.175
25.0071 29.175
25.0071 29.175
25.4357 29.675
25.65 29.925
25.8643 30.175
25.8643 30.175
25.8643 30.175
25.8643 30.175
26.2928 30.675
26.7214 31.175
26.7214 31.175
27.15 31.675
27.5785 32.175
27.5785 32.175
27.5785 32.175
27.5785 32.175
28.0071 32.675
28.4357 33.175
28.8643 33.675
29.2928 34.175
29.2928 34.175
29.7214 34.675
31.0071 36.175
31.0071 36.175
31.0071 36.175
31.0071 36.175
31.4357 36.675
31.4357 36.675
31.8643 37.175
31.8643 37.175
32.2928 37.675
32.2928 37.675
32.5071 37.925
32.7214 38.175
32.7214 38.175
33.15 38.675
34.4357 40.175
34.4357 40.175
34.4357 40.175
34.4357 40.175
34.8643 40.675
34.8643 40.675
35.2928 41.175
35.2928 41.175
35.7214 41.675
35.7214 41.675
35.9357 41.925
36.15 42.175
36.15 42.175
36.15 42.175
36.3642 42.425
36.5785 42.675
37.0071 43.175
37.0071 43.175
37.8642 44.175
37.8642 44.175
37.8642 44.175
37.8642 44.175
38.2928 44.675
38.2928 44.675
38.7214 45.175
38.7214 45.175
38.7214 45.175
39.15 45.675
39.5785 46.175
40.0071 46.675
40.0071 46.675
40.4357 47.175
40.4357 47.175
40.4357 47.175
40.8642 47.675
41.2928 48.175
41.2928 48.175
41.2928 48.175
41.2928 48.175
41.7214 48.675
42.15 49.175
42.15 49.175
42.15 49.175
42.3642 49.425
42.5785 49.675
42.5785 49.675
42.7928 49.925
43.0071 50.175
43.0071 50.175
43.0071 50.175
43.8642 51.175
43.8642 51.175
44.2928 51.675
44.7214 52.175
44.7214 52.175
44.7214 52.175
44.7214 52.175
44.7214 52.175
45.15 52.675
45.15 52.675
45.5785 53.175
45.5785 53.175
45.5785 53.175
46.0071 53.675
46.2214 53.925
46.4357 54.175
46.4357 54.175
46.4357 54.175
46.4357 54.175
46.8642 54.675
46.8642 54.675
47.2928 55.175
47.2928 55.175
48.15 56.175
48.15 56.175
48.15 56.175
48.15 56.175
48.15 56.175
48.5785 56.675
48.5785 56.675
49.0071 57.175
49.0071 57.175
49.0071 57.175
49.4357 57.675
49.8642 58.175
49.8642 58.175
49.8642 58.175
49.8642 58.175
49.8642 58.175
50.2928 58.675
50.2928 58.675
50.7214 59.175
50.7214 59.175
50.7214 59.175
51.1499 59.675
51.3642 59.925
51.5785 60.175
51.5785 60.175
51.5785 60.175
51.5785 60.175
52.0071 60.675
52.4357 61.175
52.4357 61.175
52.8642 61.675
53.0785 61.925
53.2928 62.175
53.2928 62.175
53.2928 62.175
53.2928 62.175
53.7214 62.675
53.7214 62.675
54.1499 63.175
54.5785 63.675
54.5785 63.675
55.0071 64.175
55.0071 64.175
55.0071 64.175
55.0071 64.175
55.4357 64.675
55.6499 64.925
55.8642 65.175
55.8642 65.175
55.8642 65.175
55.8642 65.175
56.0785 65.425
56.2928 65.675
56.2928 65.675
56.5071 65.925
56.7214 66.175
56.7214 66.175
56.7214 66.175
56.7214 66.175
57.1499 66.675
57.5785 67.175
58.0071 67.675
58.0071 67.675
58.4357 68.175
58.4357 68.175
58.4357 68.175
58.6499 68.425
58.8642 68.675
58.8642 68.675
59.2928 69.175
59.2928 69.175
59.7214 69.675
59.7214 69.675
59.9357 69.925
59.9357 69.925
59.9357 69.925
60.5785 70.675
61.0071 71.175
61.0071 71.175
61.2214 71.425
61.4357 71.675
61.6499 71.925
61.8642 72.175
61.8642 72.175
61.8642 72.175
61.8642 72.175
62.2928 72.675
62.2928 72.675
62.7214 73.175
62.7214 73.175
62.7214 73.175
63.1499 73.675
63.3642 73.925
63.4053 73.9729
63.4982 74.0812
63.5785 74.175
63.5785 74.175
63.5785 74.175
63.5857 74.1833
63.7928 74.425
64.0071 74.675
64.2214 74.925
64.2214 74.925
64.4356 75.175
64.6499 75.425
64.8428 75.65
64.8642 75.675
65.1481 76.0062
65.2142 76.0833
65.2464 76.1208
65.2928 76.175
65.2928 76.175
65.2928 76.175
65.2928 76.175
65.7214 76.675
65.7214 76.675
66.1499 77.175
66.1499 77.175
66.3642 77.425
66.3678 77.4292
66.5714 77.6667
66.5785 77.675
66.5785 77.675
66.7696 77.8979
67.0071 78.175
67.0071 78.175
67.0071 78.175
67.0106 78.1792
67.4356 78.675
67.8642 79.175
67.8642 79.175
68.0785 79.425
68.2928 79.675
68.2928 79.675
68.7214 80.175
68.7214 80.175
68.7214 80.175
68.7214 80.175
69.1339 80.6562
69.1499 80.675
69.3285 80.8833
69.5553 81.1479
69.5785 81.175
69.5785 81.175
69.7517 81.3771
69.9624 81.6229
70.166 81.8604
70.2214 81.925
70.2214 81.925
70.3999 82.1333
70.4356 82.175
70.4356 82.175
70.8517 82.6604
71.0785 82.925
71.2892 83.1708
71.2928 83.175
71.7124 83.6646
72.1285 84.15
72.1499 84.175
72.1499 84.175
72.1499 84.175
72.1499 84.175
72.5785 84.675
72.5785 84.675
73.0071 85.175
73.0071 85.175
73.4356 85.675
73.6499 85.925
73.8642 86.175
73.8642 86.175
73.8642 86.175
74.0785 86.425
74.2928 86.675
74.2928 86.675
74.5071 86.925
74.7214 87.175
74.9356 87.425
75.1499 87.675
75.5785 88.175
75.5785 88.175
75.5785 88.175
75.5785 88.175
76.0071 88.675
76.0071 88.675
76.2214 88.925
76.4356 89.175
76.6499 89.425
76.8642 89.675
76.8642 89.675
77.2928 90.175
77.2928 90.175
77.2928 90.175
77.2928 90.175
77.7214 90.675
77.7214 90.675
78.1499 91.175
78.3642 91.425
78.5785 91.675
78.5785 91.675
78.7928 91.925
78.7928 91.925
79.0071 92.175
79.0071 92.175
79.0071 92.175
79.0071 92.175
79.4303 92.6688
79.4356 92.675
79.8588 93.1688
79.8642 93.175
80.0785 93.425
80.2838 93.6646
80.2928 93.675
80.2928 93.675
80.5071 93.925
80.7124 94.1646
80.7213 94.175
80.7213 94.175
80.7213 94.175
80.7213 94.175
81.1499 94.675
81.1499 94.675
81.5785 95.175
81.5785 95.175
81.7928 95.425
82.0071 95.675
82.0071 95.675
82.4356 96.175
82.4356 96.175
82.4356 96.175
82.4356 96.175
82.8642 96.675
82.8642 96.675
83.0785 96.925
83.0785 96.925
83.2928 97.175
83.2928 97.175
83.2928 97.175
83.5071 97.425
83.7213 97.675
83.7213 97.675
83.9356 97.925
84.1499 98.175
84.1499 98.175
84.1499 98.175
84.5785 98.675
84.5785 98.675
84.7928 98.925
84.7928 98.925
85.0071 99.175
85.0071 99.175
85.0071 99.175
85.2213 99.425
85.2213 99.425
85.2213 99.425
85.4356 99.675
85.4356 99.675
85.4356 99.675
85.6499 99.925
85.6499 99.925
85.6499 99.925
85.8642 100.175
85.8642 100.175
85.8642 100.175
85.8642 100.175
85.8642 100.175
86.2928 100.675
86.2928 100.675
86.5071 100.925
86.7213 101.175
86.7213 101.175
86.7213 101.175
86.9356 101.425
87.1499 101.675
87.1499 101.675
87.3642 101.925
87.5785 102.175
87.5785 102.175
87.5785 102.175
87.7928 102.425
88.0071 102.675
88.2213 102.925
88.2213 102.925
88.4356 103.175
88.4356 103.175
88.6499 103.425
88.6499 103.425
88.8642 103.675
88.8642 103.675
89.0785 103.925
89.2928 104.175
89.2928 104.175
89.2928 104.175
89.2928 104.175
89.2928 104.175
89.7213 104.675
89.7213 104.675
89.9356 104.925
90.1499 105.175
90.1499 105.175
90.1499 105.175
90.1499 105.175
90.5785 105.675
90.5785 105.675
90.7928 105.925
90.7928 105.925
90.7928 105.925
90.7928 105.925
91.0071 106.175
91.0071 106.175
91.0071 106.175
91.2213 106.425
91.4356 106.675
91.4356 106.675
91.6499 106.925
91.8642 107.175
91.8642 107.175
91.8642 107.175
91.8642 107.175
92.2928 107.675
92.2928 107.675
92.5071 107.925
92.5071 107.925
92.7213 108.175
92.7213 108.175
92.7213 108.175
92.7213 108.175
92.7213 108.175
93.1499 108.675
93.1499 108.675
93.3642 108.925
93.5785 109.175
93.5785 109.175
93.5785 109.175
94.007 109.675
94.007 109.675
94.2213 109.925
94.2213 109.925
94.4356 110.175
94.4356 110.175
94.4356 110.175
94.4356 110.175
94.4356 110.175
94.8642 110.675
94.8642 110.675
95.0785 110.925
95.0785 110.925
95.0785 110.925
95.2928 111.175
95.507 111.425
95.507 111.425
95.7213 111.675
95.7213 111.675
95.7213 111.675
95.9356 111.925
96.1499 112.175
96.1499 112.175
96.1499 112.175
96.1499 112.175
96.1499 112.175
96.5785 112.675
96.5785 112.675
96.7928 112.925
96.7928 112.925
97.007 113.175
97.007 113.175
97.2213 113.425
97.2213 113.425
97.4356 113.675
97.6499 113.925
97.8642 114.175
97.8642 114.175
97.8642 114.175
97.8642 114.175
98.2928 114.675
98.507 114.925
98.507 114.925
98.7213 115.175
98.7213 115.175
98.7213 115.175
98.9356 115.425
99.1499 115.675
99.1499 115.675
99.1499 115.675
99.3642 115.925
99.5785 116.175
99.5785 116.175
99.5785 116.175
99.5785 116.175
99.5785 116.175
100.007 116.675
100.007 116.675
100.221 116.925
100.436 117.175
100.436 117.175
100.65 117.425
100.864 117.675
100.864 117.675
101.078 117.925
101.293 118.175
101.293 118.175
101.293 118.175
101.293 118.175
101.721 118.675
101.721 118.675
101.936 118.925
102.15 119.175
102.15 119.175
102.15 119.175
102.364 119.425
102.364 119.425
102.578 119.675
102.578 119.675
102.578 119.675
102.793 119.925
103.007 120.175
103.007 120.175
103.007 120.175
103.007 120.175
103.007 120.175
103.436 120.675
103.436 120.675
103.65 120.925
103.65 120.925
103.65 120.925
104.078 121.425
104.078 121.425
104.293 121.675
104.293 121.675
104.507 121.925
104.721 122.175
104.721 122.175
104.721 122.175
104.721 122.175
104.721 122.175
104.721 122.175
104.936 122.425
105.15 122.675
105.15 122.675
105.15 122.675
105.364 122.925
105.364 122.925
105.578 123.175
105.578 123.175
105.578 123.175
105.793 123.425
105.793 123.425
106.007 123.675
106.007 123.675
106.007 123.675
106.007 123.675
106.221 123.925
106.436 124.175
106.436 124.175
106.436 124.175
106.436 124.175
106.436 124.175
106.436 124.175
106.65 124.425
106.864 124.675
106.864 124.675
107.078 124.925
107.078 124.925
107.293 125.175
107.507 125.425
107.721 125.675
107.721 125.675
108.15 126.175
108.15 126.175
108.15 126.175
108.15 126.175
108.15 126.175
108.15 126.175
108.793 126.925
108.793 126.925
108.793 126.925
108.793 126.925
108.793 126.925
108.793 126.925
108.793 126.925
109.436 127.675
109.864 128.175
109.864 128.175
109.864 128.175
109.864 128.175
110.078 128.425
110.293 128.675
110.293 128.675
110.293 128.675
110.293 128.675
110.507 128.925
110.721 129.175
110.721 129.175
110.721 129.175
110.721 129.175
110.721 129.175
111.15 129.675
111.15 129.675
111.15 129.675
111.15 129.675
111.15 129.675
111.364 129.925
111.578 130.175
111.578 130.175
111.578 130.175
111.578 130.175
111.578 130.175
111.793 130.425
112.007 130.675
112.007 130.675
112.007 130.675
112.007 130.675
112.007 130.675
112.221 130.925
112.436 131.175
112.436 131.175
112.436 131.175
112.436 131.175
112.436 131.175
112.65 131.425
112.864 131.675
113.078 131.925
113.078 131.925
113.293 132.175
113.293 132.175
113.293 132.175
113.293 132.175
113.293 132.175
113.721 132.675
114.15 133.175
114.15 133.175
114.578 133.675
114.793 133.925
114.793 133.925
115.007 134.175
115.007 134.175
115.221 134.425
115.436 134.675
115.436 134.675
115.436 134.675
115.65 134.925
115.65 134.925
115.65 134.925
115.864 135.175
115.864 135.175
115.864 135.175
116.078 135.425
116.293 135.675
116.293 135.675
116.293 135.675
116.507 135.925
116.507 135.925
116.721 136.175
116.721 136.175
116.721 136.175
116.721 136.175
116.721 136.175
117.15 136.675
117.364 136.925
117.364 136.925
117.364 136.925
117.364 136.925
117.578 137.175
117.578 137.175
117.793 137.425
118.007 137.675
118.007 137.675
118.007 137.675
118.221 137.925
118.221 137.925
118.436 138.175
118.65 138.425
118.864 138.675
118.864 138.675
119.078 138.925
119.293 139.175
119.507 139.425
119.507 139.425
119.721 139.675
119.721 139.675
119.721 139.675
119.936 139.925
119.936 139.925
120.134 140.156
120.15 140.175
120.15 140.175
120.15 140.175
120.578 140.675
120.793 140.925
120.793 140.925
120.793 140.925
120.796 140.929
120.921 141.075
121.007 141.175
121.028 141.2
121.221 141.425
121.236 141.442
121.436 141.675
121.65 141.925
121.852 142.16
121.864 142.175
121.864 142.175
121.864 142.175
122.071 142.417
122.078 142.425
122.268 142.646
122.293 142.675
122.47 142.881
122.507 142.925
122.507 142.925
122.507 142.925
122.703 143.154
122.721 143.175
122.936 143.425
122.936 143.425
122.936 143.425
123.15 143.675
123.573 144.169
123.578 144.175
123.578 144.175
123.864 144.508
123.864 144.508
123.903 144.554
124.15 144.842
124.15 144.842
124.175 144.871
124.436 145.175
124.436 145.175
124.457 145.2
124.721 145.508
124.721 145.508
124.746 145.537
125.007 145.842
125.007 145.842
125.016 145.852
125.289 146.171
125.293 146.175
125.293 146.175
125.293 146.175
125.721 146.675
125.936 146.925
125.936 146.925
126.1 147.117
126.15 147.175
126.32 147.373
126.364 147.425
126.364 147.425
126.555 147.648
126.578 147.675
126.759 147.885
126.793 147.925
126.993 148.158
127.007 148.175
127.007 148.175
127.007 148.175
127.436 148.675
127.864 149.175
127.864 149.175
128.078 149.425
128.293 149.675
128.487 149.902
128.507 149.925
128.6 150.033
128.721 150.175
128.727 150.181
128.936 150.425
129.07 150.581
129.15 150.675
129.32 150.873
129.364 150.925
129.364 150.925
129.364 150.925
129.577 151.173
129.578 151.175
129.793 151.425
129.793 151.425
130.007 151.675
130.221 151.925
130.353 152.079
130.436 152.175
130.436 152.175
130.436 152.175
130.45 152.192
130.641 152.415
130.839 152.646
130.864 152.675
131.052 152.894
131.27 153.148
131.293 153.175
131.293 153.175
131.371 153.267
131.507 153.425
131.509 153.427
131.6 153.533
131.693 153.642
131.721 153.675
131.923 153.91
131.936 153.925
131.936 153.925
131.936 153.925
131.936 153.925
132.15 154.175
132.364 154.425
132.578 154.675
132.793 154.925
132.793 154.925
132.793 154.925
132.998 155.165
133.007 155.175
133.016 155.185
133.221 155.425
133.221 155.425
133.241 155.448
133.436 155.675
133.439 155.679
133.639 155.912
133.65 155.925
133.864 156.175
133.864 156.175
133.864 156.175
133.873 156.185
134.293 156.675
134.507 156.925
134.507 156.925
134.718 157.171
134.721 157.175
134.771 157.233
134.936 157.425
134.936 157.425
135.15 157.675
135.161 157.688
135.364 157.925
135.386 157.95
135.578 158.175
135.578 158.175
135.578 158.175
135.618 158.221
135.821 158.458
136.007 158.675
136.221 158.925
136.221 158.925
136.221 158.925
136.436 159.175
136.65 159.425
136.65 159.425
136.673 159.452
136.862 159.673
136.864 159.675
137.078 159.925
137.293 160.175
137.293 160.175
137.293 160.175
137.293 160.175
138.578 161.675
138.793 161.925
139.007 162.175
139.007 162.175
139.007 162.175
139.864 163.175
139.864 163.175
140.721 164.175
140.721 164.175
140.721 164.175
140.936 164.425
141.15 164.675
141.15 164.675
141.578 165.175
141.578 165.175
142.007 165.675
142.007 165.675
142.221 165.925
142.221 165.925
142.221 165.925
142.864 166.675
143.293 167.175
143.293 167.175
143.507 167.425
143.721 167.675
143.936 167.925
144.15 168.175
144.15 168.175
144.15 168.175
144.15 168.175
144.578 168.675
144.578 168.675
145.007 169.175
145.007 169.175
145.007 169.175
145.436 169.675
145.65 169.925
145.691 169.973
145.784 170.081
145.864 170.175
145.864 170.175
145.864 170.175
145.871 170.183
146.078 170.425
146.293 170.675
146.507 170.925
146.507 170.925
146.721 171.175
146.936 171.425
147.128 171.65
147.15 171.675
147.434 172.006
147.5 172.083
147.532 172.121
147.578 172.175
147.578 172.175
147.578 172.175
147.578 172.175
148.007 172.675
148.007 172.675
148.436 173.175
148.436 173.175
148.65 173.425
148.653 173.429
148.857 173.667
148.864 173.675
148.864 173.675
149.055 173.898
149.293 174.175
149.293 174.175
149.293 174.175
149.296 174.179
149.721 174.675
150.15 175.175
150.15 175.175
150.364 175.425
150.578 175.675
150.578 175.675
151.007 176.175
151.007 176.175
151.007 176.175
151.007 176.175
151.419 176.656
151.436 176.675
151.614 176.883
151.841 177.148
151.864 177.175
151.864 177.175
152.037 177.377
152.248 177.623
152.452 177.86
152.507 177.925
152.507 177.925
152.686 178.133
152.721 178.175
152.721 178.175
153.137 178.66
153.364 178.925
153.575 179.171
153.578 179.175
153.998 179.665
154.414 180.15
154.436 180.175
154.436 180.175
154.436 180.175
154.436 180.175
154.864 180.675
154.864 180.675
155.293 181.175
155.293 181.175
155.721 181.675
155.936 181.925
156.15 182.175
156.15 182.175
156.15 182.175
156.364 182.425
156.578 182.675
156.578 182.675
156.793 182.925
157.007 183.175
157.221 183.425
157.436 183.675
157.864 184.175
157.864 184.175
157.864 184.175
157.864 184.175
158.293 184.675
158.293 184.675
158.507 184.925
158.721 185.175
158.936 185.425
159.15 185.675
159.15 185.675
159.578 186.175
159.578 186.175
159.578 186.175
159.578 186.175
160.007 186.675
160.007 186.675
160.436 187.175
160.65 187.425
160.864 187.675
160.864 187.675
161.078 187.925
161.078 187.925
161.293 188.175
161.293 188.175
161.293 188.175
161.293 188.175
161.716 188.669
161.721 188.675
162.144 189.169
162.15 189.175
162.364 189.425
162.569 189.665
162.578 189.675
162.578 189.675
162.793 189.925
162.998 190.165
163.007 190.175
163.007 190.175
163.007 190.175
163.007 190.175
163.436 190.675
163.436 190.675
163.864 191.175
163.864 191.175
164.078 191.425
164.293 191.675
164.293 191.675
164.721 192.175
164.721 192.175
164.721 192.175
164.721 192.175
165.15 192.675
165.15 192.675
165.364 192.925
165.364 192.925
165.578 193.175
165.578 193.175
165.578 193.175
165.793 193.425
166.007 193.675
166.007 193.675
166.221 193.925
166.436 194.175
166.436 194.175
166.436 194.175
166.864 194.675
166.864 194.675
167.078 194.925
167.078 194.925
167.293 195.175
167.293 195.175
167.293 195.175
167.507 195.425
167.507 195.425
167.507 195.425
167.721 195.675
167.721 195.675
167.721 195.675
167.936 195.925
167.936 195.925
167.936 195.925
168.15 196.175
168.15 196.175
168.15 196.175
168.15 196.175
168.15 196.175
168.578 196.675
168.578 196.675
168.793 196.925
169.007 197.175
169.007 197.175
169.007 197.175
169.221 197.425
169.436 197.675
169.436 197.675
169.65 197.925
169.864 198.175
169.864 198.175
169.864 198.175
170.078 198.425
170.293 198.675
170.507 198.925
170.507 198.925
170.721 199.175
170.721 199.175
170.936 199.425
170.936 199.425
171.15 199.675
171.15 199.675
171.364 199.925
171.578 200.175
171.578 200.175
171.578 200.175
171.578 200.175
171.578 200.175
172.007 200.675
172.007 200.675
172.221 200.925
172.436 201.175
172.436 201.175
172.436 201.175
172.436 201.175
172.864 201.675
172.864 201.675
173.078 201.925
173.078 201.925
173.078 201.925
173.078 201.925
173.293 202.175
173.293 202.175
173.293 202.175
173.507 202.425
173.721 202.675
173.721 202.675
173.936 202.925
174.15 203.175
174.15 203.175
174.15 203.175
174.15 203.175
174.578 203.675
174.578 203.675
174.793 203.925
174.793 203.925
175.007 204.175
175.007 204.175
175.007 204.175
175.007 204.175
175.007 204.175
175.436 204.675
175.436 204.675
175.65 204.925
175.864 205.175
175.864 205.175
175.864 205.175
176.293 205.675
176.293 205.675
176.507 205.925
176.507 205.925
176.721 206.175
176.721 206.175
176.721 206.175
176.721 206.175
176.721 206.175
177.15 206.675
177.15 206.675
177.364 206.925
177.364 206.925
177.364 206.925
177.578 207.175
177.793 207.425
177.793 207.425
178.007 207.675
178.007 207.675
178.007 207.675
178.221 207.925
178.436 208.175
178.436 208.175
178.436 208.175
178.436 208.175
178.436 208.175
178.864 208.675
178.864 208.675
179.078 208.925
179.078 208.925
179.293 209.175
179.293 209.175
179.507 209.425
179.507 209.425
179.721 209.675
179.936 209.925
180.15 210.175
180.15 210.175
180.15 210.175
180.15 210.175
180.578 210.675
180.793 210.925
180.793 210.925
181.007 211.175
181.007 211.175
181.007 211.175
181.221 211.425
181.436 211.675
181.436 211.675
181.436 211.675
181.65 211.925
181.864 212.175
181.864 212.175
181.864 212.175
181.864 212.175
181.864 212.175
182.293 212.675
182.293 212.675
182.507 212.925
182.721 213.175
182.721 213.175
182.936 213.425
183.15 213.675
183.15 213.675
183.364 213.925
183.578 214.175
183.578 214.175
183.578 214.175
183.578 214.175
184.007 214.675
184.007 214.675
184.221 214.925
184.436 215.175
184.436 215.175
184.436 215.175
184.65 215.425
184.65 215.425
184.864 215.675
184.864 215.675
184.864 215.675
185.078 215.925
185.293 216.175
185.293 216.175
185.293 216.175
185.293 216.175
185.293 216.175
185.721 216.675
185.721 216.675
185.936 216.925
185.936 216.925
185.936 216.925
186.364 217.425
186.364 217.425
186.578 217.675
186.578 217.675
186.793 217.925
187.007 218.175
187.007 218.175
187.007 218.175
187.007 218.175
187.007 218.175
187.007 218.175
187.221 218.425
187.436 218.675
187.436 218.675
187.436 218.675
187.65 218.925
187.65 218.925
187.864 219.175
187.864 219.175
187.864 219.175
188.078 219.425
188.078 219.425
188.293 219.675
188.293 219.675
188.293 219.675
188.293 219.675
188.507 219.925
188.721 220.175
188.721 220.175
188.721 220.175
188.721 220.175
188.721 220.175
188.721 220.175
188.936 220.425
189.15 220.675
189.15 220.675
189.364 220.925
189.364 220.925
189.578 221.175
189.793 221.425
190.007 221.675
190.007 221.675
190.436 222.175
190.436 222.175
190.436 222.175
190.436 222.175
190.436 222.175
190.436 222.175
191.078 222.925
191.078 222.925
191.078 222.925
191.078 222.925
191.078 222.925
191.078 222.925
191.078 222.925
191.721 223.675
192.15 224.175
192.15 224.175
192.15 224.175
192.15 224.175
192.364 224.425
192.578 224.675
192.578 224.675
192.578 224.675
192.578 224.675
192.793 224.925
193.007 225.175
193.007 225.175
193.007 225.175
193.007 225.175
193.007 225.175
193.436 225.675
193.436 225.675
193.436 225.675
193.436 225.675
193.436 225.675
193.65 225.925
193.864 226.175
193.864 226.175
193.864 226.175
193.864 226.175
193.864 226.175
194.078 226.425
194.293 226.675
194.293 226.675
194.293 226.675
194.293 226.675
194.293 226.675
194.507 226.925
194.721 227.175
194.721 227.175
194.721 227.175
194.721 227.175
194.721 227.175
194.936 227.425
194.936 227.425
195.15 227.675
195.15 227.675
195.364 227.925
195.364 227.925
195.364 227.925
195.578 228.175
195.578 228.175
195.578 228.175
195.578 228.175
195.578 228.175
195.578 228.175
196.007 228.675
196.436 229.175
196.65 229.425
197.293 230.175
197.721 230.675
197.721 230.675
197.721 230.675
197.936 230.925
197.936 230.925
197.936 230.925
198.15 231.175
198.15 231.175
198.15 231.175
198.578 231.675
198.578 231.675
198.578 231.675
198.578 231.675
198.578 231.675
198.793 231.925
199.007 232.175
199.007 232.175
199.007 232.175
199.007 232.175
199.007 232.175
199.007 232.175
199.007 232.175
199.436 232.675
199.65 232.925
199.864 233.175
200.293 233.675
200.507 233.925
200.721 234.175
200.721 234.175
200.721 234.175
200.721 234.175
200.721 234.175
200.721 234.175
201.15 234.675
201.15 234.675
201.364 234.925
201.364 234.925
201.364 234.925
201.364 234.925
202.007 235.675
202.007 235.675
202.007 235.675
202.007 235.675
202.221 235.925
202.436 236.175
202.436 236.175
202.436 236.175
202.436 236.175
202.436 236.175
202.864 236.675
202.864 236.675
203.078 236.925
203.293 237.175
203.293 237.175
203.293 237.175
203.721 237.675
203.721 237.675
203.936 237.925
203.936 237.925
204.15 238.175
204.15 238.175
204.15 238.175
204.15 238.175
204.15 238.175
204.578 238.675
204.578 238.675
204.793 238.925
204.793 238.925
204.793 238.925
205.007 239.175
205.221 239.425
205.221 239.425
205.436 239.675
205.436 239.675
205.436 239.675
205.65 239.925
205.864 240.175
205.864 240.175
205.864 240.175
205.864 240.175
205.864 240.175
206.293 240.675
206.293 240.675
206.507 240.925
206.507 240.925
206.721 241.175
206.721 241.175
206.936 241.425
206.936 241.425
207.15 241.675
207.364 241.925
207.578 242.175
207.578 242.175
207.578 242.175
207.578 242.175
208.007 242.675
208.221 242.925
208.221 242.925
208.436 243.175
208.436 243.175
208.436 243.175
208.65 243.425
208.864 243.675
208.864 243.675
208.864 243.675
209.078 243.925
209.293 244.175
209.293 244.175
209.293 244.175
209.293 244.175
209.293 244.175
209.721 244.675
209.721 244.675
209.936 244.925
210.15 245.175
210.15 245.175
210.364 245.425
210.578 245.675
210.578 245.675
210.793 245.925
211.007 246.175
211.007 246.175
211.007 246.175
211.007 246.175
211.436 246.675
211.436 246.675
211.65 246.925
211.864 247.175
211.864 247.175
211.864 247.175
212.078 247.425
212.078 247.425
212.293 247.675
212.293 247.675
212.293 247.675
212.507 247.925
212.721 248.175
212.721 248.175
212.721 248.175
212.721 248.175
212.721 248.175
213.15 248.675
213.15 248.675
213.364 248.925
213.364 248.925
213.364 248.925
213.793 249.425
213.793 249.425
214.007 249.675
214.007 249.675
214.221 249.925
214.435 250.175
214.435 250.175
214.435 250.175
214.435 250.175
214.435 250.175
214.435 250.175
214.65 250.425
214.864 250.675
214.864 250.675
214.864 250.675
215.078 250.925
215.078 250.925
215.293 251.175
215.293 251.175
215.293 251.175
215.507 251.425
215.507 251.425
215.721 251.675
215.721 251.675
215.721 251.675
215.721 251.675
215.935 251.925
216.15 252.175
216.15 252.175
216.15 252.175
216.15 252.175
216.15 252.175
216.15 252.175
216.364 252.425
216.578 252.675
216.578 252.675
216.793 252.925
216.793 252.925
217.007 253.175
217.221 253.425
217.435 253.675
217.435 253.675
217.864 254.175
217.864 254.175
217.864 254.175
217.864 254.175
217.864 254.175
217.864 254.175
218.507 254.925
218.507 254.925
218.507 254.925
218.507 254.925
218.507 254.925
218.507 254.925
218.507 254.925
219.15 255.675
219.578 256.175
219.578 256.175
219.578 256.175
219.578 256.175
220.007 256.675
220.435 257.175
220.864 257.675
221.293 258.175
221.293 258.175
222.578 259.675
222.768 259.896
222.968 260.129
222.969 260.131
222.975 260.137
222.977 260.14
222.994 260.16
223.421 260.658
223.635 260.908
224.241 261.615
224.71 262.163
224.714 262.167
224.716 262.169
224.721 262.175
225.096 262.613
225.405 262.973
225.635 263.242
225.798 263.431
226.169 263.865
227.189 265.054
227.285 265.167
227.341 265.231
227.505 265.423
228.712 266.831
229.841 268.148
229.864 268.175
229.864 268.175
229.864 268.175
229.864 268.175
229.864 268.175
230.293 268.675
230.721 269.175
230.721 269.175
231.15 269.675
232.007 270.675
232.007 270.675
232.007 270.675
232.435 271.175
232.435 271.175
232.435 271.175
232.435 271.175
232.864 271.675
232.864 271.675
232.864 271.675
233.293 272.175
233.293 272.175
233.293 272.175
233.293 272.175
233.293 272.175
233.721 272.675
233.935 272.925
233.935 272.925
234.15 273.175
234.578 273.675
234.578 273.675
234.578 273.675
235.007 274.175
235.007 274.175
235.435 274.675
235.864 275.175
235.864 275.175
236.293 275.675
236.293 275.675
236.507 275.925
236.507 275.925
236.721 276.175
236.721 276.175
236.721 276.175
236.721 276.175
236.721 276.175
237.578 277.175
237.578 277.175
238.007 277.675
238.007 277.675
238.221 277.925
238.221 277.925
238.435 278.175
238.435 278.175
238.435 278.175
238.435 278.175
238.435 278.175
238.864 278.675
239.293 279.175
239.293 279.175
239.721 279.675
239.721 279.675
240.15 280.175
240.15 280.175
240.15 280.175
240.15 280.175
240.15 280.175
240.578 280.675
241.007 281.175
241.435 281.675
241.864 282.175
241.864 282.175
242.293 282.675
243.469 284.048
243.612 284.215
243.659 284.269
243.812 284.448
243.853 284.496
