0.152439 0.208333
0.515243 0.704167
0.884145 1.20833
1.22561 1.675
1.6067 2.19583
3.07621 4.20417
3.44664 4.71042
3.80335 5.19792
4.1631 5.68958
4.54267 6.20833
5.9695 8.15833
6.00609 8.20833
6.32163 8.63958
6.71035 9.17083
7.42834 10.1521
7.4695 10.2083
7.76675 10.6146
8.19206 11.1958
8.87498 12.1292
8.88108 12.1375
8.93291 12.2083
9.25456 12.6479
9.62651 13.1562
9.98931 13.6521
10.3872 14.1958
11.8597 16.2083
12.1753 16.6396
12.564 17.1708
13.282 18.1521
13.3231 18.2083
13.6204 18.6146
14.0457 19.1958
14.4207 19.7083
14.7286 20.1292
14.7347 20.1375
14.7866 20.2083
15.1082 20.6479
15.4802 21.1562
15.843 21.6521
16.2408 22.1958
16.9497 23.1646
17.3094 23.6562
17.6798 24.1625
17.7134 24.2083
18.0548 24.675
18.1052 24.7437
18.4344 25.1938
18.4375 25.1979
18.7835 25.6708
18.8094 25.7062
19.192 26.2292
19.1936 26.2312
19.5472 26.7146
19.9207 27.225
19.9253 27.2312
20.2591 27.6875
20.2698 27.7021
20.6067 28.1625
20.6143 28.1729
20.9542 28.6375
20.9771 28.6688
21.3338 29.1562
21.3689 29.2042
21.7103 29.6708
21.7378 29.7083
21.8856 29.9104
22.0701 30.1625
22.1051 30.2104
22.4542 30.6875
22.8216 31.1896
22.8445 31.2208
23.1737 31.6708
23.1875 31.6896
23.3689 31.9375
23.5122 32.1333
23.5548 32.1917
23.9237 32.6958
24.2896 33.1958
24.3003 33.2104
24.6311 33.6625
24.6326 33.6646
24.9923 34.1562
25.0228 34.1979
25.375 34.6792
25.7393 35.1771
25.782 35.2354
26.1082 35.6812
26.1143 35.6896
26.4679 36.1729
26.4939 36.2083
26.8475 36.6917
27.1814 37.1479
27.5701 37.6792
27.9435 38.1896
28.2987 38.675
28.689 39.2083
28.7027 39.2271
29.0548 39.7083
29.4039 40.1854
29.4207 40.2083
29.7743 40.6917
30.1295 41.1771
30.1524 41.2083
30.5182 41.7083
30.8704 42.1896
30.8841 42.2083
31.2286 42.6792
31.5853 43.1667
31.6158 43.2083
31.9816 43.7083
32.3048 44.15
32.3475 44.2083
32.6524 44.625
33.0167 45.1229
33.0792 45.2083
33.3841 45.625
33.4451 45.7083
33.7515 46.1271
33.8109 46.2083
34.1524 46.675
34.5091 47.1625
34.5426 47.2083
34.8627 47.6458
34.9085 47.7083
35.2255 48.1417
35.2743 48.2083
35.6219 48.6833
35.9816 49.175
36.006 49.2083
36.3292 49.65
36.3719 49.7083
36.7149 50.1771
36.7377 50.2083
37.0823 50.6792
37.4618 51.1979
37.4694 51.2083
37.8109 51.675
37.8353 51.7083
38.1691 52.1646
38.1752 52.1729
38.2012 52.2083
38.506 52.625
38.567 52.7083
38.8886 53.1479
38.9329 53.2083
39.2454 53.6354
39.2987 53.7083
39.6173 54.1438
39.6646 54.2083
39.9984 54.6646
40.3734 55.1771
40.3841 55.1917
40.3963 55.2083
40.7332 55.6688
40.7621 55.7083
40.7758 55.7271
41.1112 56.1854
41.128 56.2083
41.4816 56.6917
41.8368 57.1771
41.8597 57.2083
42.2255 57.7083
42.57 58.1792
42.5777 58.1896
42.5914 58.2083
42.9359 58.6792
43.2926 59.1667
43.3231 59.2083
43.6889 59.7083
44.0121 60.15
44.0365 60.1833
44.0548 60.2083
44.3597 60.625
44.724 61.1229
44.7865 61.2083
45.0914 61.625
45.1524 61.7083
45.4588 62.1271
45.5045 62.1896
45.5182 62.2083
45.8597 62.675
46.2164 63.1625
46.2499 63.2083
46.57 63.6458
46.6158 63.7083
46.9328 64.1417
46.9374 64.1479
46.9816 64.2083
47.3292 64.6833
47.6889 65.175
47.7133 65.2083
48.0365 65.65
48.0792 65.7083
48.4222 66.1771
48.4344 66.1937
48.445 66.2083
48.7895 66.6792
49.1691 67.1979
49.1767 67.2083
49.5182 67.675
49.5426 67.7083
49.8764 68.1646
49.8825 68.1729
49.8856 68.1771
49.9084 68.2083
50.2133 68.625
50.2743 68.7083
50.5959 69.1479
50.6051 69.1604
50.6402 69.2083
50.9527 69.6354
51.006 69.7083
51.3246 70.1437
51.3459 70.1729
51.3719 70.2083
51.7057 70.6646
52.0731 71.1667
52.0807 71.1771
52.1036 71.2083
52.4405 71.6688
52.4603 71.6958
52.4694 71.7083
52.8292 72.2
52.8353 72.2083
52.8353 72.2083
53.0182 72.4583
53.2011 72.7083
53.2011 72.7083
53.3841 72.9583
53.567 73.2083
53.567 73.2083
53.7499 73.4583
53.9328 73.7083
53.9328 73.7083
54.1158 73.9583
54.2865 74.1917
54.2987 74.2083
54.2987 74.2083
54.4816 74.4583
54.6645 74.7083
54.8475 74.9583
55.0289 75.2062
55.0304 75.2083
55.0304 75.2083
55.2133 75.4583
55.3962 75.7083
55.3962 75.7083
55.5792 75.9583
55.7301 76.1646
55.7621 76.2083
55.7621 76.2083
55.945 76.4583
56.1279 76.7083
56.1279 76.7083
56.3109 76.9583
56.4938 77.2083
56.4938 77.2083
56.6767 77.4583
56.8597 77.7083
56.8597 77.7083
57.0426 77.9583
57.2255 78.2083
57.2255 78.2083
57.2255 78.2083
57.4084 78.4583
57.5914 78.7083
57.5944 78.7125
57.7743 78.9583
57.9374 79.1813
57.9572 79.2083
57.9572 79.2083
58.1401 79.4583
58.3048 79.6833
58.3231 79.7083
58.3231 79.7083
58.506 79.9583
58.6798 80.1958
58.6889 80.2083
58.6889 80.2083
58.8718 80.4583
59.0548 80.7083
59.2377 80.9583
59.4206 81.2083
59.4206 81.2083
59.6036 81.4583
59.7865 81.7083
59.7865 81.7083
59.9694 81.9583
60.134 82.1833
60.1523 82.2083
60.1523 82.2083
60.3353 82.4583
60.5182 82.7083
60.7011 82.9583
60.881 83.2042
60.884 83.2083
60.884 83.2083
61.067 83.4583
61.2499 83.7083
61.2499 83.7083
61.4328 83.9583
61.5822 84.1625
61.6157 84.2083
61.6157 84.2083
61.7987 84.4583
61.9816 84.7083
61.9816 84.7083
62.1645 84.9583
62.3474 85.2083
62.3474 85.2083
62.5304 85.4583
62.7103 85.7042
62.7133 85.7083
62.7133 85.7083
62.8962 85.9583
63.0639 86.1875
63.0792 86.2083
63.0792 86.2083
63.2621 86.4583
63.413 86.6646
63.445 86.7083
63.6279 86.9583
63.8093 87.2062
63.8109 87.2083
63.8109 87.2083
63.9938 87.4583
64.1706 87.7
64.1767 87.7083
64.1767 87.7083
64.3596 87.9583
64.5243 88.1833
64.5426 88.2083
64.5426 88.2083
64.5426 88.2083
64.7255 88.4583
64.9084 88.7083
64.9084 88.7083
65.0913 88.9583
65.2743 89.2083
65.2743 89.2083
65.4572 89.4583
65.6401 89.7083
65.6401 89.7083
65.8231 89.9583
65.974 90.1646
66.006 90.2083
66.006 90.2083
66.1889 90.4583
66.3718 90.7083
66.5548 90.9583
66.7377 91.2083
66.7377 91.2083
66.7606 91.2396
66.9206 91.4583
67.0883 91.6875
67.1035 91.7083
67.1035 91.7083
67.2865 91.9583
67.4694 92.2083
67.4694 92.2083
67.4755 92.2167
67.6523 92.4583
67.8352 92.7083
67.8352 92.7083
68.0182 92.9583
68.2011 93.2083
68.2011 93.2083
68.384 93.4583
68.5593 93.6979
68.5669 93.7083
68.5669 93.7083
68.7499 93.9583
68.9328 94.2083
68.9328 94.2083
68.9511 94.2333
69.1157 94.4583
69.2758 94.6771
69.2987 94.7083
69.4816 94.9583
69.6477 95.1854
69.6645 95.2083
69.6645 95.2083
69.8474 95.4583
70.0304 95.7083
70.0304 95.7083
70.0395 95.7208
70.2133 95.9583
70.3916 96.2021
70.3962 96.2083
70.3962 96.2083
70.5791 96.4583
70.7621 96.7083
70.945 96.9583
71.1279 97.2083
71.1279 97.2083
71.3108 97.4583
71.4938 97.7083
71.4938 97.7083
71.6767 97.9583
71.6767 97.9583
71.8169 98.15
71.8596 98.2083
71.8596 98.2083
72.0426 98.4583
72.2255 98.7083
72.4084 98.9583
72.5913 99.2083
72.5913 99.2083
72.7743 99.4583
72.9572 99.7083
72.9572 99.7083
73.1401 99.9583
73.2895 100.162
73.3291 100.217
73.4953 100.444
73.6782 100.694
73.6889 100.708
73.849 100.927
74.0319 101.177
74.2346 101.454
74.4236 101.713
74.7605 102.173
74.7666 102.181
76.2316 104.183
76.2438 104.2
76.4191 104.44
76.5852 104.667
76.7758 104.927
76.9572 105.175
77.1325 105.415
77.3352 105.692
77.6858 106.171
77.8794 106.435
78.0578 106.679
78.0654 106.69
78.2316 106.917
78.4038 107.152
78.4206 107.175
78.5822 107.396
78.7971 107.69
78.8032 107.698
78.9557 107.906
79.1538 108.177
79.1599 108.185
79.3108 108.392
79.477 108.619
79.6767 108.892
79.8794 109.169
80.0822 109.446
80.2621 109.692
80.4419 109.938
80.6066 110.163
80.7834 110.404
80.9724 110.662
81.1675 110.929
81.3459 111.173
81.3657 111.2
81.6935 111.648
81.7178 111.681
81.881 111.904
82.0593 112.148
82.0974 112.2
82.2453 112.402
82.4221 112.644
82.6066 112.896
82.8078 113.171
82.8337 113.206
83.0075 113.444
83.1828 113.683
83.2041 113.713
83.3779 113.95
83.5563 114.194
83.5761 114.221
83.7377 114.442
83.9099 114.677
83.9221 114.694
84.0989 114.935
84.2773 115.179
84.2986 115.208
84.445 115.408
84.6386 115.673
84.6462 115.683
84.8093 115.906
84.9953 116.16
85.009 116.179
85.0151 116.188
85.1873 116.423
85.3535 116.65
85.4008 116.715
85.5578 116.929
85.5791 116.958
85.7377 117.175
85.762 117.208
85.9373 117.448
85.9419 117.454
86.0806 117.644
86.1081 117.681
86.2773 117.913
86.2986 117.942
86.445 118.142
86.4816 118.192
86.6248 118.387
86.8154 118.648
87.0075 118.91
87.2056 119.181
87.2331 119.219
87.3977 119.444
87.5471 119.648
87.5791 119.692
87.7636 119.944
87.9297 120.171
87.9511 120.2
88.1187 120.429
88.2956 120.671
88.4892 120.935
88.6751 121.19
88.8687 121.454
89.0288 121.673
89.0593 121.715
89.2498 121.975
89.3931 122.171
89.4023 122.183
89.5623 122.402
89.7575 122.669
89.7697 122.685
89.9663 122.954
90.134 123.183
90.1492 123.204
90.3428 123.469
90.5151 123.704
90.5273 123.721
90.7072 123.967
90.852 124.165
90.8596 124.175
91.0791 124.475
91.2651 124.729
91.4373 124.965
91.6065 125.196
91.6355 125.235
91.9556 125.673
91.9907 125.721
92.0928 125.86
92.3337 126.19
92.3367 126.194
92.5181 126.442
92.698 126.688
92.8809 126.938
93.0501 127.169
93.07 127.196
93.23 127.415
93.4206 127.675
93.4282 127.685
93.6264 127.956
93.762 128.142
93.7864 128.175
93.9678 128.423
94.1507 128.673
94.1507 128.673
94.3291 128.917
94.5105 129.165
94.5349 129.198
94.7056 129.431
94.8794 129.669
94.9038 129.702
95.0608 129.917
95.2285 130.146
95.2834 130.221
95.416 130.402
95.602 130.656
95.8017 130.929
95.9754 131.167
95.9907 131.188
96.1843 131.452
96.3459 131.673
96.3565 131.688
96.541 131.94
96.6858 132.137
96.7346 132.204
96.8779 132.4
97.0806 132.677
97.2605 132.923
97.4358 133.162
97.6446 133.448
97.8398 133.715
98.2178 134.231
98.9327 135.208
99.2986 135.708
99.6645 136.208
100.018 136.692
100.373 137.177
100.396 137.208
100.762 137.708
101.114 138.19
101.128 138.208
101.472 138.679
101.829 139.167
101.86 139.208
102.225 139.708
102.549 140.15
102.591 140.208
102.896 140.625
103.26 141.123
103.323 141.208
103.628 141.625
103.689 141.708
103.995 142.127
104.055 142.208
104.396 142.675
104.753 143.162
104.786 143.208
105.107 143.646
105.152 143.708
105.469 144.142
105.518 144.208
105.866 144.683
106.225 145.175
106.25 145.208
106.573 145.65
106.616 145.708
106.959 146.177
106.982 146.208
107.326 146.679
107.706 147.198
107.713 147.208
108.055 147.675
108.079 147.708
108.413 148.165
108.419 148.173
108.445 148.208
108.75 148.625
108.811 148.708
109.132 149.148
109.177 149.208
109.489 149.635
109.542 149.708
109.861 150.144
109.882 150.173
109.908 150.208
110.242 150.665
110.25 150.675
110.617 151.177
110.629 151.194
110.64 151.208
110.977 151.669
111.006 151.708
111.02 151.727
111.355 152.185
111.372 152.208
111.372 152.208
111.555 152.458
111.738 152.708
111.921 152.958
112.103 153.208
112.103 153.208
112.286 153.458
112.469 153.708
112.469 153.708
112.652 153.958
112.814 154.179
112.835 154.208
112.835 154.208
113.018 154.458
113.201 154.708
113.384 154.958
113.567 155.208
113.567 155.208
113.75 155.458
113.933 155.708
113.933 155.708
114.116 155.958
114.28 156.183
114.299 156.208
114.299 156.208
114.482 156.458
114.664 156.708
114.847 156.958
115.03 157.208
115.03 157.208
115.213 157.458
115.396 157.708
115.396 157.708
115.579 157.958
115.748 158.19
115.762 158.208
115.762 158.208
115.945 158.458
116.128 158.708
116.128 158.708
116.311 158.958
116.494 159.208
116.494 159.208
116.503 159.221
116.677 159.458
116.829 159.667
116.86 159.708
116.86 159.708
117.042 159.958
117.181 160.148
117.193 160.165
117.225 160.208
117.225 160.208
117.408 160.458
117.591 160.708
117.774 160.958
117.957 161.208
117.957 161.208
118.14 161.458
118.323 161.708
118.323 161.708
118.506 161.958
118.678 162.194
118.689 162.208
118.689 162.208
118.73 162.265
118.872 162.458
119.055 162.708
119.238 162.958
119.421 163.208
119.421 163.208
119.603 163.458
119.786 163.708
119.786 163.708
119.969 163.958
120.129 164.177
120.152 164.208
120.152 164.208
120.335 164.458
120.518 164.708
120.518 164.708
120.701 164.958
120.849 165.16
120.884 165.208
120.884 165.208
121.067 165.458
121.25 165.708
121.25 165.708
121.433 165.958
121.59 166.173
121.616 166.208
121.616 166.208
121.799 166.458
121.981 166.708
122.164 166.958
122.317 167.167
122.347 167.208
122.347 167.208
122.53 167.458
122.704 167.696
122.713 167.708
122.713 167.708
122.896 167.958
123.073 168.2
123.079 168.208
123.079 168.208
123.079 168.208
123.262 168.458
123.445 168.708
123.445 168.708
123.628 168.958
123.811 169.208
123.811 169.208
123.994 169.458
124.177 169.708
124.177 169.708
124.36 169.958
124.53 170.192
124.542 170.208
124.542 170.208
124.725 170.458
124.908 170.708
125.091 170.958
125.273 171.206
125.274 171.208
125.274 171.208
125.457 171.458
125.64 171.708
125.64 171.708
125.823 171.958
125.974 172.165
126.006 172.208
126.006 172.208
126.189 172.458
126.372 172.708
126.372 172.708
126.555 172.958
126.738 173.208
126.738 173.208
126.921 173.458
127.103 173.708
127.103 173.708
127.286 173.958
127.469 174.208
127.469 174.208
127.469 174.208
127.652 174.458
127.835 174.708
127.838 174.713
128.018 174.958
128.181 175.181
128.201 175.208
128.201 175.208
128.384 175.458
128.549 175.683
128.567 175.708
128.567 175.708
128.75 175.958
128.924 176.196
128.933 176.208
128.933 176.208
129.116 176.458
129.299 176.708
129.481 176.958
129.664 177.208
129.664 177.208
129.847 177.458
130.03 177.708
130.03 177.708
130.213 177.958
130.213 177.958
130.378 178.183
130.396 178.208
130.396 178.208
130.579 178.458
130.762 178.708
130.945 178.958
131.125 179.204
131.128 179.208
131.128 179.208
131.311 179.458
131.494 179.708
131.494 179.708
131.677 179.958
131.826 180.162
131.86 180.208
131.866 180.217
132.032 180.444
132.215 180.694
132.225 180.708
132.385 180.927
132.568 181.177
132.591 181.208
132.771 181.454
132.954 181.704
132.957 181.708
132.96 181.713
133.297 182.173
133.303 182.181
133.308 182.188
133.323 182.208
133.657 182.665
134.053 183.206
134.055 183.208
134.414 183.7
134.42 183.708
134.768 184.183
134.768 184.183
134.786 184.208
134.956 184.44
135.122 184.667
135.152 184.708
135.312 184.927
135.494 185.175
135.518 185.208
135.669 185.415
135.872 185.692
135.884 185.708
136.218 186.165
136.222 186.171
136.25 186.208
136.416 186.435
136.602 186.69
136.768 186.917
136.957 187.175
136.981 187.208
137.004 187.24
137.119 187.396
137.332 187.688
137.334 187.69
137.347 187.708
137.492 187.906
137.69 188.177
137.713 188.208
137.719 188.217
137.847 188.392
138.013 188.619
138.079 188.708
138.213 188.892
138.416 189.169
138.445 189.208
138.619 189.446
138.799 189.692
138.803 189.698
138.811 189.708
138.978 189.938
139.143 190.162
139.177 190.208
139.195 190.233
139.32 190.404
139.509 190.662
139.52 190.677
139.704 190.929
139.882 191.173
139.892 191.185
139.908 191.208
140.254 191.681
140.274 191.708
140.283 191.721
140.417 191.904
140.596 192.148
140.635 192.202
140.64 192.208
140.782 192.402
140.959 192.644
141.143 192.896
141.344 193.171
141.372 193.208
141.544 193.444
141.719 193.683
141.738 193.708
141.914 193.95
142.061 194.15
142.093 194.194
142.103 194.208
142.274 194.442
142.446 194.677
142.635 194.935
142.814 195.179
142.835 195.208
142.981 195.408
143.175 195.673
143.201 195.708
143.346 195.906
143.527 196.154
143.532 196.16
143.533 196.162
143.552 196.188
143.933 196.708
143.933 196.708
144.286 197.192
144.654 197.694
144.667 197.713
145.003 198.171
145.038 198.219
145.041 198.223
145.367 198.669
145.738 199.175
145.762 199.208
146.103 199.675
146.128 199.708
146.439 200.133
146.449 200.148
146.494 200.208
146.843 200.685
146.859 200.708
147.215 201.194
147.225 201.208
147.57 201.679
147.591 201.708
147.925 202.165
147.957 202.208
147.959 202.21
148.289 202.662
148.674 203.188
148.689 203.208
149.036 203.683
149.055 203.708
149.385 204.16
149.42 204.208
149.757 204.669
149.786 204.708
150.145 205.198
150.152 205.208
150.516 205.706
150.518 205.708
150.843 206.152
150.884 206.208
150.893 206.221
151.251 206.71
151.253 206.713
151.606 207.196
151.614 207.206
151.616 207.208
151.969 207.692
151.977 207.702
151.981 207.708
152.321 208.173
152.334 208.19
152.347 208.208
152.696 208.685
153.064 209.188
153.079 209.208
153.431 209.69
153.445 209.708
153.806 210.202
153.811 210.208
154.178 210.71
154.542 211.208
154.542 211.208
154.908 211.708
154.91 211.71
155.218 212.131
155.274 212.208
155.588 212.637
155.64 212.708
155.984 213.179
156.006 213.208
156.334 213.656
156.372 213.708
156.704 214.162
156.738 214.208
156.914 214.45
157.081 214.677
157.256 214.917
157.44 215.169
157.469 215.208
157.629 215.427
157.786 215.642
157.835 215.708
157.98 215.906
158.201 216.208
158.201 216.208
158.384 216.458
158.567 216.708
158.567 216.708
158.75 216.958
158.933 217.208
158.933 217.208
159.116 217.458
159.298 217.708
159.298 217.708
159.481 217.958
159.664 218.208
159.664 218.208
159.847 218.458
160.03 218.708
160.213 218.958
160.396 219.208
160.396 219.208
160.579 219.458
160.762 219.708
160.762 219.708
160.945 219.958
161.128 220.208
161.128 220.208
161.311 220.458
161.494 220.708
161.494 220.708
161.677 220.958
161.859 221.208
161.859 221.208
162.042 221.458
162.225 221.708
162.225 221.708
162.408 221.958
162.591 222.208
162.591 222.208
162.774 222.458
162.957 222.708
163.14 222.958
163.323 223.208
163.323 223.208
163.506 223.458
163.689 223.708
163.689 223.708
163.872 223.958
164.055 224.208
164.055 224.208
164.238 224.458
164.42 224.708
164.603 224.958
164.786 225.208
164.786 225.208
164.969 225.458
165.152 225.708
165.152 225.708
165.335 225.958
165.518 226.208
165.518 226.208
165.701 226.458
165.884 226.708
166.067 226.958
166.25 227.208
166.25 227.208
166.433 227.458
166.616 227.708
166.616 227.708
166.981 228.208
167.164 228.458
167.347 228.708
167.347 228.708
167.53 228.958
167.713 229.208
167.896 229.458
168.079 229.708
168.445 230.208
169.177 231.208
169.542 231.708
169.902 232.2
169.908 232.208
170.262 232.692
170.274 232.708
170.611 233.169
170.64 233.208
170.972 233.662
171.006 233.708
171.372 234.208
171.373 234.21
171.73 234.698
171.737 234.708
172.103 235.208
172.128 235.242
172.466 235.704
172.469 235.708
172.844 236.221
173.167 236.662
173.201 236.708
173.201 236.708
173.201 236.708
173.548 237.183
173.893 237.654
174.262 238.158
175.03 239.208
175.396 239.708
175.762 240.208
175.806 240.269
176.152 240.742
176.591 241.342
177.074 242.002
177.475 242.55
177.945 243.192
177.975 243.233
178.32 243.704
178.719 244.25
179.138 244.823
179.602 245.456
180.498 246.681
181.059 247.448
181.616 248.208
181.643 248.246
181.913 248.615
181.957 248.675
182.327 249.181
183.026 250.135
183.079 250.208
183.404 250.652
183.774 251.158
184.478 252.121
184.542 252.208
184.843 252.619
185.187 253.09
185.57 253.613
185.94 254.119
185.962 254.148
187.44 256.169
187.469 256.208
187.808 256.671
188.164 257.158
188.166 257.16
188.524 257.65
188.917 258.188
188.933 258.208
189.282 258.685
189.664 259.208
190.394 260.206
190.396 260.208
190.754 260.698
191.119 261.196
191.474 261.681
191.859 262.208
191.914 262.283
194.062 265.219
194.129 265.31
194.134 265.317
194.199 265.406
194.225 265.442
194.254 265.481
194.724 266.123
194.801 266.229
194.919 266.39
194.951 266.433
195.116 266.658
195.314 266.929
195.634 267.367
195.978 267.837
196.359 268.358
196.853 269.033
197.516 269.94
197.529 269.956
197.536 269.967
