0.4625 0.4625
0.7125 0.7125
1.025 1.025
1.4 1.4
1.7125 1.7125
2.025 2.025
2.3375 2.3375
2.7125 2.7125
3.275 3.275
3.775 3.775
4.275 4.275
7.275 7.275
7.7125 7.7125
8.0875 8.0875
8.4625 8.4625
8.9 8.9
9.4 9.4
9.9 9.9
10.4625 10.4625
11.0875 11.0875
29.8375 29.8375
29.8375 29.8375
30.0875 30.0875
30.3375 30.3375
30.3375 30.3375
30.5875 30.5875
30.8375 30.8375
30.8375 30.8375
31.3375 31.3375
31.3375 31.3375
31.8375 31.8375
31.8375 31.8375
32.0875 32.0875
32.0875 32.0875
32.3375 32.3375
32.5875 32.5875
32.5875 32.5875
32.5875 32.5875
33.0875 33.0875
33.3375 33.3375
33.3375 33.3375
33.5875 33.5875
33.5875 33.5875
33.8375 33.8375
33.8375 33.8375
34.0875 34.0875
34.0875 34.0875
34.3375 34.3375
34.5875 34.5875
34.5875 34.5875
34.8375 34.8375
34.8375 34.8375
34.8375 34.8375
35.3375 35.3375
35.3375 35.3375
35.5875 35.5875
35.8375 35.8375
35.8375 35.8375
35.8375 35.8375
35.8375 35.8375
36.5875 36.5875
36.8375 36.8375
37.0875 37.0875
37.3375 37.3375
37.8375 37.8375
37.8375 37.8375
37.8375 37.8375
37.8375 37.8375
37.8375 37.8375
38.0875 38.0875
38.5875 38.5875
38.5875 38.5875
38.8375 38.8375
38.8375 38.8375
38.8375 38.8375
38.8375 38.8375
39.3375 39.3375
39.3375 39.3375
39.5875 39.5875
39.8375 39.8375
39.8375 39.8375
39.8375 39.8375
39.8375 39.8375
39.8375 39.8375
40.3375 40.3375
40.5875 40.5875
40.5875 40.5875
40.8375 40.8375
41.0875 41.0875
41.0875 41.0875
41.3375 41.3375
41.5875 41.5875
41.8375 41.8375
41.8375 41.8375
41.8375 41.8375
41.8375 41.8375
42.8375 42.8375
43.0875 43.0875
43.3375 43.3375
43.5875 43.5875
43.8375 43.8375
43.8375 43.8375
43.8375 43.8375
43.8375 43.8375
43.8375 43.8375
44.8375 44.8375
45.0875 45.0875
45.3375 45.3375
45.8375 45.8375
45.8375 45.8375
45.8375 45.8375
45.8375 45.8375
45.8375 45.8375
46.0875 46.0875
46.3375 46.3375
46.5875 46.5875
46.5875 46.5875
46.8375 46.8375
47.0875 47.0875
47.3375 47.3375
47.3375 47.3375
47.5875 47.5875
47.5875 47.5875
47.8375 47.8375
47.8375 47.8375
48.0875 48.0875
48.0875 48.0875
48.5875 48.5875
48.5875 48.5875
48.8375 48.8375
48.8375 48.8375
48.8375 48.8375
49.0875 49.0875
49.3375 49.3375
49.3375 49.3375
49.3375 49.3375
49.5875 49.5875
49.8375 49.8375
49.8375 49.8375
49.8375 49.8375
49.8375 49.8375
50.0875 50.0875
50.5875 50.5875
50.8375 50.8375
50.8375 50.8375
50.8375 50.8375
50.8375 50.8375
51.3375 51.3375
51.3375 51.3375
51.5875 51.5875
51.8375 51.8375
51.8375 51.8375
51.8375 51.8375
51.8375 51.8375
52.0875 52.0875
52.8375 52.8375
52.8375 52.8375
52.8375 52.8375
53.3375 53.3375
53.3375 53.3375
53.5875 53.5875
53.8375 53.8375
53.8375 53.8375
53.8375 53.8375
53.8375 53.8375
53.8375 53.8375
54.0875 54.0875
54.5875 54.5875
54.8375 54.8375
54.8375 54.8375
54.8375 54.8375
54.8375 54.8375
55.0875 55.0875
55.5875 55.5875
55.8375 55.8375
55.8375 55.8375
55.8375 55.8375
55.8375 55.8375
55.8375 55.8375
56.0875 56.0875
56.5875 56.5875
56.5875 56.5875
56.8375 56.8375
56.8375 56.8375
56.8375 56.8375
57.3375 57.3375
57.8375 57.8375
57.8375 57.8375
58.3375 58.3375
58.3375 58.3375
58.8375 58.8375
58.8375 58.8375
58.8375 58.8375
58.8375 58.8375
58.8375 58.8375
58.8375 58.8375
59.3375 59.3375
59.5875 59.5875
59.8375 59.8375
59.8375 59.8375
59.8375 59.8375
59.8375 59.8375
60.0875 60.0875
60.3375 60.3375
60.5875 60.5875
60.8375 60.8375
61.8375 61.8375
61.8375 61.8375
61.8375 61.8375
61.8375 61.8375
62.8375 62.8375
63.3375 63.3375
63.8375 63.8375
63.8375 63.8375
63.8375 63.8375
64.8375 64.8375
65.0875 65.0875
65.3375 65.3375
65.3375 65.3375
65.8375 65.8375
65.8375 65.8375
65.8375 65.8375
65.8375 65.8375
65.8375 65.8375
66.0875 66.0875
66.3375 66.3375
66.3375 66.3375
66.5875 66.5875
66.5875 66.5875
66.8375 66.8375
66.8375 66.8375
66.8375 66.8375
66.8375 66.8375
67.0875 67.0875
67.3375 67.3375
67.3375 67.3375
67.5875 67.5875
67.8375 67.8375
67.8375 67.8375
67.8375 67.8375
67.8375 67.8375
67.8375 67.8375
68.0875 68.0875
68.3375 68.3375
68.3375 68.3375
68.5875 68.5875
68.5875 68.5875
68.8375 68.8375
68.8375 68.8375
68.8375 68.8375
69.3375 69.3375
69.3375 69.3375
69.8375 69.8375
69.8375 69.8375
69.8375 69.8375
69.8375 69.8375
69.8375 69.8375
70.0875 70.0875
70.3375 70.3375
70.5875 70.5875
70.5875 70.5875
70.8375 70.8375
70.8375 70.8375
70.8375 70.8375
70.8375 70.8375
71.3375 71.3375
71.3375 71.3375
71.5875 71.5875
71.8375 71.8375
71.8375 71.8375
71.8375 71.8375
71.8375 71.8375
72.3375 72.3375
72.5875 72.5875
72.8375 72.8375
72.8375 72.8375
73.0875 73.0875
73.3375 73.3375
73.3375 73.3375
73.5875 73.5875
73.8375 73.8375
73.8375 73.8375
74.0875 74.0875
74.3375 74.3375
74.3375 74.3375
74.5875 74.5875
74.5875 74.5875
74.8375 74.8375
74.8375 74.8375
74.8375 74.8375
75.0875 75.0875
75.0875 75.0875
75.3375 75.3375
75.3375 75.3375
75.5875 75.5875
75.5875 75.5875
75.8375 75.8375
76.0875 76.0875
76.0875 76.0875
76.3375 76.3375
76.3375 76.3375
76.5875 76.5875
76.5875 76.5875
76.8375 76.8375
76.8375 76.8375
76.8375 76.8375
77.0875 77.0875
77.3375 77.3375
77.5875 77.5875
77.8375 77.8375
77.8375 77.8375
77.8375 77.8375
78.0875 78.0875
78.0875 78.0875
78.3375 78.3375
78.3375 78.3375
78.5875 78.5875
78.5875 78.5875
78.8375 78.8375
78.8375 78.8375
78.8375 78.8375
78.8375 78.8375
79.0875 79.0875
79.3375 79.3375
79.3375 79.3375
79.3375 79.3375
79.3375 79.3375
79.5875 79.5875
79.8375 79.8375
79.8375 79.8375
79.8375 79.8375
79.8375 79.8375
79.8375 79.8375
80.0875 80.0875
80.3375 80.3375
80.5875 80.5875
80.5875 80.5875
80.8375 80.8375
80.8375 80.8375
81.0875 81.0875
81.3375 81.3375
81.3375 81.3375
81.5875 81.5875
81.8375 81.8375
81.8375 81.8375
81.8375 81.8375
81.8375 81.8375
81.8375 81.8375
82.0875 82.0875
82.0875 82.0875
82.3375 82.3375
82.3375 82.3375
82.5875 82.5875
82.5875 82.5875
82.8375 82.8375
82.8375 82.8375
82.8375 82.8375
82.8375 82.8375
83.0875 83.0875
83.0875 83.0875
83.3375 83.3375
83.3375 83.3375
83.5875 83.5875
83.5875 83.5875
83.8375 83.8375
83.8375 83.8375
84.0875 84.0875
84.0875 84.0875
84.3375 84.3375
84.3375 84.3375
84.5875 84.5875
84.5875 84.5875
84.5875 84.5875
84.8375 84.8375
85.0875 85.0875
85.3375 85.3375
85.3375 85.3375
85.3375 85.3375
85.5875 85.5875
85.5875 85.5875
85.5875 85.5875
85.8375 85.8375
85.8375 85.8375
85.8375 85.8375
85.8375 85.8375
85.8375 85.8375
86.0875 86.0875
86.3375 86.3375
86.3375 86.3375
86.5875 86.5875
86.5875 86.5875
86.8375 86.8375
86.8375 86.8375
86.8375 86.8375
86.8375 86.8375
87.0875 87.0875
87.0875 87.0875
87.3375 87.3375
87.3375 87.3375
87.5875 87.5875
87.5875 87.5875
87.8375 87.8375
87.8375 87.8375
87.8375 87.8375
88.0875 88.0875
88.3375 88.3375
88.5875 88.5875
88.5875 88.5875
89.0875 89.0875
89.3375 89.3375
89.5875 89.5875
89.5875 89.5875
89.8375 89.8375
89.8375 89.8375
89.8375 89.8375
89.8375 89.8375
89.8375 89.8375
90.0875 90.0875
90.3375 90.3375
90.5875 90.5875
90.5875 90.5875
90.8375 90.8375
90.8375 90.8375
90.8375 90.8375
90.8375 90.8375
91.0875 91.0875
91.3375 91.3375
91.3375 91.3375
91.5875 91.5875
91.5875 91.5875
91.8375 91.8375
91.8375 91.8375
91.8375 91.8375
91.8375 91.8375
92.0875 92.0875
92.3375 92.3375
92.3375 92.3375
92.5875 92.5875
92.5875 92.5875
92.8375 92.8375
92.8375 92.8375
92.8375 92.8375
92.8375 92.8375
93.0875 93.0875
93.3375 93.3375
93.3375 93.3375
93.8375 93.8375
93.8375 93.8375
93.8375 93.8375
94.0875 94.0875
94.0875 94.0875
94.3375 94.3375
94.3375 94.3375
94.5875 94.5875
94.5875 94.5875
94.8375 94.8375
94.8375 94.8375
95.0875 95.0875
95.0875 95.0875
95.3375 95.3375
95.3375 95.3375
95.5875 95.5875
95.5875 95.5875
95.8375 95.8375
95.8375 95.8375
95.8375 95.8375
96.0875 96.0875
96.3375 96.3375
96.5875 96.5875
96.8375 96.8375
96.8375 96.8375
97.0875 97.0875
97.3375 97.3375
97.8375 97.8375
97.8375 97.8375
97.8375 97.8375
97.8375 97.8375
98.5875 98.5875
98.8375 98.8375
98.8375 98.8375
98.8375 98.8375
98.8375 98.8375
99.3375 99.3375
99.3375 99.3375
99.8375 99.8375
99.8375 99.8375
99.8375 99.8375
99.8375 99.8375
99.8375 99.8375
100.338 100.338
100.588 100.588
100.838 100.838
100.838 100.838
100.838 100.838
101.815 101.815
101.817 101.817
101.819 101.819
101.827 101.827
101.838 101.838
102.281 102.281
102.338 102.338
102.588 102.588
102.773 102.773
102.779 102.779
102.796 102.796
102.8 102.8
102.838 102.838
103.338 103.338
103.808 103.808
103.81 103.81
103.812 103.812
103.827 103.827
103.838 103.838
104.027 104.027
104.298 104.298
104.548 104.548
104.79 104.79
104.794 104.794
105.308 105.308
105.838 105.838
105.838 105.838
106.088 106.088
106.338 106.338
106.338 106.338
106.588 106.588
106.838 106.838
106.838 106.838
107.338 107.338
107.338 107.338
107.838 107.838
107.838 107.838
108.088 108.088
108.088 108.088
108.338 108.338
108.588 108.588
108.588 108.588
108.588 108.588
109.088 109.088
109.338 109.338
109.338 109.338
109.588 109.588
109.588 109.588
109.838 109.838
109.838 109.838
110.088 110.088
110.088 110.088
110.338 110.338
110.588 110.588
110.588 110.588
110.838 110.838
110.838 110.838
110.838 110.838
111.338 111.338
111.338 111.338
111.588 111.588
111.838 111.838
111.838 111.838
111.838 111.838
111.838 111.838
112.588 112.588
112.838 112.838
113.088 113.088
113.338 113.338
113.838 113.838
113.838 113.838
113.838 113.838
113.838 113.838
113.838 113.838
114.088 114.088
114.588 114.588
114.588 114.588
114.838 114.838
114.838 114.838
114.838 114.838
114.838 114.838
115.338 115.338
115.338 115.338
115.588 115.588
115.838 115.838
115.838 115.838
115.838 115.838
115.838 115.838
115.838 115.838
116.338 116.338
116.588 116.588
116.588 116.588
116.838 116.838
117.088 117.088
117.088 117.088
117.338 117.338
117.588 117.588
117.838 117.838
117.838 117.838
117.838 117.838
117.838 117.838
118.338 118.338
118.588 118.588
118.838 118.838
119.088 119.088
119.088 119.088
119.338 119.338
119.588 119.588
119.588 119.588
119.838 119.838
119.838 119.838
119.838 119.838
119.838 119.838
119.838 119.838
120.838 120.838
120.838 120.838
121.088 121.088
121.088 121.088
121.338 121.338
121.338 121.338
121.588 121.588
121.838 121.838
121.838 121.838
121.838 121.838
121.838 121.838
121.838 121.838
121.838 121.838
122.088 122.088
122.338 122.338
122.588 122.588
122.588 122.588
122.838 122.838
123.088 123.088
123.338 123.338
123.338 123.338
123.588 123.588
123.588 123.588
123.838 123.838
123.838 123.838
124.088 124.088
124.088 124.088
124.588 124.588
124.588 124.588
124.838 124.838
124.838 124.838
124.838 124.838
125.088 125.088
125.338 125.338
125.338 125.338
125.338 125.338
125.588 125.588
125.838 125.838
125.838 125.838
125.838 125.838
125.838 125.838
126.088 126.088
126.588 126.588
126.838 126.838
126.838 126.838
126.838 126.838
126.838 126.838
127.338 127.338
127.338 127.338
127.588 127.588
127.838 127.838
127.838 127.838
127.838 127.838
127.838 127.838
128.088 128.088
128.838 128.838
128.838 128.838
128.838 128.838
129.338 129.338
129.338 129.338
129.588 129.588
129.838 129.838
129.838 129.838
129.838 129.838
129.838 129.838
129.838 129.838
130.088 130.088
130.588 130.588
130.838 130.838
130.838 130.838
130.838 130.838
130.838 130.838
131.088 131.088
131.588 131.588
131.838 131.838
131.838 131.838
131.838 131.838
131.838 131.838
131.838 131.838
132.088 132.088
132.588 132.588
132.588 132.588
132.838 132.838
132.838 132.838
132.838 132.838
132.838 132.838
133.338 133.338
133.338 133.338
133.838 133.838
133.838 133.838
133.838 133.838
134.338 134.338
134.338 134.338
134.338 134.338
134.838 134.838
134.838 134.838
134.838 134.838
134.838 134.838
134.838 134.838
134.838 134.838
134.838 134.838
135.338 135.338
135.338 135.338
135.588 135.588
135.838 135.838
135.838 135.838
135.838 135.838
135.838 135.838
135.838 135.838
136.088 136.088
136.338 136.338
136.588 136.588
136.838 136.838
137.838 137.838
137.838 137.838
137.838 137.838
137.838 137.838
138.838 138.838
139.338 139.338
139.838 139.838
139.838 139.838
139.838 139.838
140.838 140.838
141.088 141.088
141.338 141.338
141.338 141.338
141.838 141.838
141.838 141.838
141.838 141.838
141.838 141.838
141.838 141.838
142.088 142.088
142.338 142.338
142.338 142.338
142.588 142.588
142.588 142.588
142.838 142.838
142.838 142.838
142.838 142.838
142.838 142.838
143.088 143.088
143.338 143.338
143.338 143.338
143.588 143.588
143.838 143.838
143.838 143.838
143.838 143.838
143.838 143.838
143.838 143.838
144.088 144.088
144.338 144.338
144.338 144.338
144.588 144.588
144.588 144.588
144.838 144.838
144.838 144.838
144.838 144.838
145.338 145.338
145.338 145.338
145.838 145.838
145.838 145.838
145.838 145.838
145.838 145.838
145.838 145.838
146.088 146.088
146.338 146.338
146.588 146.588
146.588 146.588
146.838 146.838
146.838 146.838
146.838 146.838
146.838 146.838
147.338 147.338
147.338 147.338
147.588 147.588
147.838 147.838
147.838 147.838
147.838 147.838
147.838 147.838
148.338 148.338
148.588 148.588
148.838 148.838
148.838 148.838
149.088 149.088
149.338 149.338
149.338 149.338
149.588 149.588
149.838 149.838
149.838 149.838
150.088 150.088
150.338 150.338
150.338 150.338
150.588 150.588
150.588 150.588
150.838 150.838
150.838 150.838
150.838 150.838
151.088 151.088
151.088 151.088
151.338 151.338
151.338 151.338
151.588 151.588
151.588 151.588
151.838 151.838
152.088 152.088
152.088 152.088
152.338 152.338
152.338 152.338
152.588 152.588
152.588 152.588
152.838 152.838
152.838 152.838
152.838 152.838
153.088 153.088
153.338 153.338
153.588 153.588
153.838 153.838
153.838 153.838
153.838 153.838
154.088 154.088
154.088 154.088
154.088 154.088
154.338 154.338
154.338 154.338
154.338 154.338
154.588 154.588
154.588 154.588
154.588 154.588
154.838 154.838
154.838 154.838
154.838 154.838
154.838 154.838
155.088 155.088
155.338 155.338
155.338 155.338
155.338 155.338
155.338 155.338
155.588 155.588
155.588 155.588
155.838 155.838
155.838 155.838
155.838 155.838
155.838 155.838
156.088 156.088
156.338 156.338
156.588 156.588
156.588 156.588
156.838 156.838
156.838 156.838
157.088 157.088
157.338 157.338
157.338 157.338
157.588 157.588
157.838 157.838
157.838 157.838
157.838 157.838
157.838 157.838
157.838 157.838
158.088 158.088
158.088 158.088
158.338 158.338
158.338 158.338
158.588 158.588
158.588 158.588
158.838 158.838
158.838 158.838
158.838 158.838
158.838 158.838
159.088 159.088
159.088 159.088
159.338 159.338
159.338 159.338
159.588 159.588
159.588 159.588
159.838 159.838
159.838 159.838
160.088 160.088
160.088 160.088
160.338 160.338
160.338 160.338
160.588 160.588
160.588 160.588
160.588 160.588
161.088 161.088
161.338 161.338
161.338 161.338
161.588 161.588
161.588 161.588
161.588 161.588
161.838 161.838
161.838 161.838
161.838 161.838
161.838 161.838
162.088 162.088
162.338 162.338
162.338 162.338
162.588 162.588
162.588 162.588
162.838 162.838
162.838 162.838
162.838 162.838
163.088 163.088
163.088 163.088
163.338 163.338
163.338 163.338
163.588 163.588
163.588 163.588
163.838 163.838
163.838 163.838
164.088 164.088
164.338 164.338
164.588 164.588
164.588 164.588
165.088 165.088
165.338 165.338
165.588 165.588
165.588 165.588
165.838 165.838
165.838 165.838
165.838 165.838
165.838 165.838
165.838 165.838
166.088 166.088
166.338 166.338
166.588 166.588
166.588 166.588
166.838 166.838
166.838 166.838
166.838 166.838
166.838 166.838
167.088 167.088
167.338 167.338
167.338 167.338
167.588 167.588
167.588 167.588
167.838 167.838
167.838 167.838
167.838 167.838
167.838 167.838
168.088 168.088
168.338 168.338
168.338 168.338
168.588 168.588
168.588 168.588
168.838 168.838
168.838 168.838
168.838 168.838
169.088 169.088
169.338 169.338
169.838 169.838
169.838 169.838
170.088 170.088
170.088 170.088
170.338 170.338
170.338 170.338
170.588 170.588
170.588 170.588
170.838 170.838
170.838 170.838
171.088 171.088
171.088 171.088
171.338 171.338
171.338 171.338
171.588 171.588
171.588 171.588
171.838 171.838
171.838 171.838
172.088 172.088
172.338 172.338
172.588 172.588
172.838 172.838
172.838 172.838
173.088 173.088
173.338 173.338
173.338 173.338
173.838 173.838
173.838 173.838
173.838 173.838
173.838 173.838
173.838 173.838
174.338 174.338
174.338 174.338
174.588 174.588
174.838 174.838
174.838 174.838
174.838 174.838
175.338 175.338
175.338 175.338
175.838 175.838
175.838 175.838
175.838 175.838
175.838 175.838
175.838 175.838
176.338 176.338
176.588 176.588
176.838 176.838
176.838 176.838
176.838 176.838
177.338 177.338
177.588 177.588
177.838 177.838
177.838 177.838
177.838 177.838
177.838 177.838
177.838 177.838
178.588 178.588
178.838 178.838
178.838 178.838
178.838 178.838
178.838 178.838
179.338 179.338
179.338 179.338
179.588 179.588
179.838 179.838
179.838 179.838
179.838 179.838
179.838 179.838
180.588 180.588
180.838 180.838
180.838 180.838
180.838 180.838
181.338 181.338
181.338 181.338
181.838 181.838
181.838 181.838
182.088 182.088
182.338 182.338
182.588 182.588
182.838 182.838
182.838 182.838
182.838 182.838
182.838 182.838
183.088 183.088
183.338 183.338
183.588 183.588
183.838 183.838
183.838 183.838
183.838 183.838
183.838 183.838
183.838 183.838
184.338 184.338
184.338 184.338
184.588 184.588
184.588 184.588
184.838 184.838
184.838 184.838
184.838 184.838
185.338 185.338
185.588 185.588
185.588 185.588
185.838 185.838
185.838 185.838
185.838 185.838
185.838 185.838
185.838 185.838
186.588 186.588
186.838 186.838
186.838 186.838
186.838 186.838
186.838 186.838
187.338 187.338
187.588 187.588
187.838 187.838
187.838 187.838
187.838 187.838
187.838 187.838
188.088 188.088
188.338 188.338
188.838 188.838
188.838 188.838
188.838 188.838
189.088 189.088
189.338 189.338
189.338 189.338
189.588 189.588
189.838 189.838
189.838 189.838
189.838 189.838
189.838 189.838
189.838 189.838
190.588 190.588
190.838 190.838
190.838 190.838
190.838 190.838
190.838 190.838
190.838 190.838
191.338 191.338
191.588 191.588
191.838 191.838
191.838 191.838
191.838 191.838
191.838 191.838
191.838 191.838
192.588 192.588
192.838 192.838
193.088 193.088
193.338 193.338
193.838 193.838
193.838 193.838
193.838 193.838
193.838 193.838
193.838 193.838
194.838 194.838
194.838 194.838
194.838 194.838
194.838 194.838
194.838 194.838
195.338 195.338
195.588 195.588
195.838 195.838
195.838 195.838
195.838 195.838
195.838 195.838
196.838 196.838
196.838 196.838
196.838 196.838
196.838 196.838
197.088 197.088
197.338 197.338
197.588 197.588
197.838 197.838
197.838 197.838
197.838 197.838
197.838 197.838
197.838 197.838
198.338 198.338
198.838 198.838
198.838 198.838
198.838 198.838
198.838 198.838
199.588 199.588
199.838 199.838
199.838 199.838
199.838 199.838
200.338 200.338
200.588 200.588
200.588 200.588
200.838 200.838
200.838 200.838
200.838 200.838
201.088 201.088
201.338 201.338
201.338 201.338
201.338 201.338
201.588 201.588
201.838 201.838
201.838 201.838
201.838 201.838
201.838 201.838
201.838 201.838
201.838 201.838
202.088 202.088
202.338 202.338
202.338 202.338
202.588 202.588
202.588 202.588
202.838 202.838
202.838 202.838
202.838 202.838
202.838 202.838
203.088 203.088
203.338 203.338
203.338 203.338
203.588 203.588
203.838 203.838
203.838 203.838
203.838 203.838
203.838 203.838
203.838 203.838
203.838 203.838
204.088 204.088
204.088 204.088
204.338 204.338
204.338 204.338
204.338 204.338
204.588 204.588
204.588 204.588
204.588 204.588
204.588 204.588
205.088 205.088
205.088 205.088
205.338 205.338
205.338 205.338
205.338 205.338
205.338 205.338
205.588 205.588
205.588 205.588
205.838 205.838
205.838 205.838
205.838 205.838
205.838 205.838
205.838 205.838
205.838 205.838
206.088 206.088
206.338 206.338
206.588 206.588
206.588 206.588
206.838 206.838
206.838 206.838
206.838 206.838
206.838 206.838
207.338 207.338
207.338 207.338
207.588 207.588
207.838 207.838
207.838 207.838
207.838 207.838
207.838 207.838
208.338 208.338
208.338 208.338
208.588 208.588
208.838 208.838
208.838 208.838
208.838 208.838
209.088 209.088
209.338 209.338
209.338 209.338
209.338 209.338
209.588 209.588
209.838 209.838
209.838 209.838
209.838 209.838
209.838 209.838
209.838 209.838
209.838 209.838
210.088 210.088
210.338 210.338
210.588 210.588
210.588 210.588
210.838 210.838
210.838 210.838
210.838 210.838
210.838 210.838
211.088 211.088
211.338 211.338
211.588 211.588
211.838 211.838
211.838 211.838
211.838 211.838
211.838 211.838
212.088 212.088
212.338 212.338
212.588 212.588
212.588 212.588
212.838 212.838
212.838 212.838
212.838 212.838
212.838 212.838
213.088 213.088
213.338 213.338
213.838 213.838
213.838 213.838
214.088 214.088
214.088 214.088
214.338 214.338
214.338 214.338
214.588 214.588
214.588 214.588
214.838 214.838
214.838 214.838
215.088 215.088
215.338 215.338
215.338 215.338
215.588 215.588
215.588 215.588
215.838 215.838
215.838 215.838
215.838 215.838
216.088 216.088
216.338 216.338
216.588 216.588
216.588 216.588
216.838 216.838
216.838 216.838
216.838 216.838
217.088 217.088
217.338 217.338
217.338 217.338
217.338 217.338
217.588 217.588
217.838 217.838
217.838 217.838
217.838 217.838
217.838 217.838
217.838 217.838
218.088 218.088
218.338 218.338
218.338 218.338
218.588 218.588
218.588 218.588
218.838 218.838
218.838 218.838
218.838 218.838
219.088 219.088
219.088 219.088
219.338 219.338
219.338 219.338
219.338 219.338
219.588 219.588
219.838 219.838
219.838 219.838
219.838 219.838
219.838 219.838
219.838 219.838
220.088 220.088
220.338 220.338
220.588 220.588
220.588 220.588
220.838 220.838
220.838 220.838
220.838 220.838
221.338 221.338
221.338 221.338
221.588 221.588
221.838 221.838
221.838 221.838
221.838 221.838
221.838 221.838
221.838 221.838
222.088 222.088
222.338 222.338
222.588 222.588
222.588 222.588
222.838 222.838
222.838 222.838
222.838 222.838
222.838 222.838
223.088 223.088
223.338 223.338
223.338 223.338
223.588 223.588
223.838 223.838
223.838 223.838
223.838 223.838
223.838 223.838
223.838 223.838
224.338 224.338
224.588 224.588
224.838 224.838
224.838 224.838
224.838 224.838
225.088 225.088
225.338 225.338
225.338 225.338
225.338 225.338
225.588 225.588
225.838 225.838
225.838 225.838
225.838 225.838
225.838 225.838
225.838 225.838
225.838 225.838
226.088 226.088
226.338 226.338
226.338 226.338
226.588 226.588
226.588 226.588
226.838 226.838
226.838 226.838
226.838 226.838
227.088 227.088
227.088 227.088
227.338 227.338
227.338 227.338
227.338 227.338
227.588 227.588
227.588 227.588
227.838 227.838
227.838 227.838
228.088 228.088
228.088 228.088
228.338 228.338
228.338 228.338
228.588 228.588
228.588 228.588
228.838 228.838
228.838 228.838
228.838 228.838
229.088 229.088
229.338 229.338
229.588 229.588
229.838 229.838
229.838 229.838
230.088 230.088
230.088 230.088
230.338 230.338
230.338 230.338
230.588 230.588
230.588 230.588
230.838 230.838
230.838 230.838
230.838 230.838
231.088 231.088
231.088 231.088
231.338 231.338
231.338 231.338
231.588 231.588
231.588 231.588
231.838 231.838
231.838 231.838
232.088 232.088
232.338 232.338
232.588 232.588
232.838 232.838
232.838 232.838
233.088 233.088
233.088 233.088
233.338 233.338
233.588 233.588
233.588 233.588
233.838 233.838
233.838 233.838
233.838 233.838
234.088 234.088
234.088 234.088
234.338 234.338
234.338 234.338
234.588 234.588
234.588 234.588
234.838 234.838
234.838 234.838
235.088 235.088
235.088 235.088
235.338 235.338
235.338 235.338
235.588 235.588
235.588 235.588
235.838 235.838
235.838 235.838
236.088 236.088
236.338 236.338
236.338 236.338
236.588 236.588
236.588 236.588
236.838 236.838
236.838 236.838
236.838 236.838
236.838 236.838
237.338 237.338
237.838 237.838
237.838 237.838
237.838 237.838
237.838 237.838
237.838 237.838
237.838 237.838
238.088 238.088
238.088 238.088
238.338 238.338
238.338 238.338
238.588 238.588
238.588 238.588
238.838 238.838
238.838 238.838
238.838 238.838
238.838 238.838
238.838 238.838
238.838 238.838
239.088 239.088
239.338 239.338
239.588 239.588
239.588 239.588
239.838 239.838
239.838 239.838
239.838 239.838
239.838 239.838
239.838 239.838
239.838 239.838
240.338 240.338
240.588 240.588
240.838 240.838
240.838 240.838
241.338 241.338
241.838 241.838
241.838 241.838
242.088 242.088
242.088 242.088
242.338 242.338
242.338 242.338
242.588 242.588
242.588 242.588
242.838 242.838
242.838 242.838
243.088 243.088
243.088 243.088
243.338 243.338
243.338 243.338
243.588 243.588
243.588 243.588
243.838 243.838
243.838 243.838
243.838 243.838
244.338 244.338
244.588 244.588
244.838 244.838
244.838 244.838
245.338 245.338
245.338 245.338
245.588 245.588
245.838 245.838
245.838 245.838
245.838 245.838
245.838 245.838
246.088 246.088
246.338 246.338
246.338 246.338
246.588 246.588
246.588 246.588
246.838 246.838
246.838 246.838
246.838 246.838
246.838 246.838
247.088 247.088
247.338 247.338
247.338 247.338
247.338 247.338
247.588 247.588
247.838 247.838
247.838 247.838
247.838 247.838
248.588 248.588
248.838 248.838
248.838 248.838
249.088 249.088
249.338 249.338
249.588 249.588
249.838 249.838
249.838 249.838
249.838 249.838
249.838 249.838
249.838 249.838
250.088 250.088
250.338 250.338
250.588 250.588
250.588 250.588
250.838 250.838
250.838 250.838
250.838 250.838
250.838 250.838
251.088 251.088
251.338 251.338
251.338 251.338
251.588 251.588
251.838 251.838
252.088 252.088
252.338 252.338
252.838 252.838
252.838 252.838
253.338 253.338
253.338 253.338
253.588 253.588
253.588 253.588
253.588 253.588
253.838 253.838
253.838 253.838
253.838 253.838
253.838 253.838
254.338 254.338
254.588 254.588
254.838 254.838
254.838 254.838
254.838 254.838
254.838 254.838
255.338 255.338
255.588 255.588
255.838 255.838
255.838 255.838
255.838 255.838
255.838 255.838
255.838 255.838
257.337 257.337
257.587 257.587
257.837 257.837
257.837 257.837
258.087 258.087
258.337 258.337
258.587 258.587
258.587 258.587
258.837 258.837
258.837 258.837
259.087 259.087
259.337 259.337
259.337 259.337
259.587 259.587
259.587 259.587
259.837 259.837
260.087 260.087
260.087 260.087
260.337 260.337
260.587 260.587
260.837 260.837
261.087 261.087
261.337 261.337
261.337 261.337
261.587 261.587
261.587 261.587
261.837 261.837
261.837 261.837
262.087 262.087
262.337 262.337
262.337 262.337
262.587 262.587
262.587 262.587
262.837 262.837
262.837 262.837
263.087 263.087
263.337 263.337
263.337 263.337
263.587 263.587
263.587 263.587
263.837 263.837
264.087 264.087
264.337 264.337
264.587 264.587
264.837 264.837
265.087 265.087
265.337 265.337
265.71 265.71
265.783 265.783
265.796 265.796
265.837 265.837
265.842 265.842
266.837 266.837
267.587 267.587
267.587 267.587
267.835 267.835
268.165 268.165
268.337 268.337
268.479 268.479
268.837 268.837
268.875 268.875
269.333 269.333
269.337 269.337
269.769 269.769
270.244 270.244
