3.8675 6.44583
3.8675 6.44583
3.8675 6.44583
3.8675 6.44583
3.8675 6.44583
4.1675 6.94583
4.1675 6.94583
4.3175 7.19583
4.3175 7.19583
4.3175 7.19583
4.3175 7.19583
4.4675 7.44583
4.4675 7.44583
4.7675 7.94583
4.7675 7.94583
5.0675 8.44583
5.9675 9.94583
5.9675 9.94583
5.9675 9.94583
6.2675 10.4458
6.2675 10.4458
6.2675 10.4458
6.2675 10.4458
6.2675 10.4458
6.5675 10.9458
6.5675 10.9458
6.7175 11.1958
6.7175 11.1958
6.7175 11.1958
6.7175 11.1958
6.7175 11.1958
6.8675 11.4458
6.8675 11.4458
7.1675 11.9458
7.1675 11.9458
7.1675 11.9458
7.3175 12.1958
7.7675 12.9458
7.7675 12.9458
7.7675 12.9458
8.0675 13.4458
8.2175 13.6958
8.2175 13.6958
8.2175 13.6958
8.6675 14.4458
8.6675 14.4458
8.6675 14.4458
8.6675 14.4458
8.6675 14.4458
8.9675 14.9458
8.9675 14.9458
9.1175 15.1958
9.1175 15.1958
9.1175 15.1958
9.1175 15.1958
9.2675 15.4458
9.2675 15.4458
9.5675 15.9458
9.5675 15.9458
9.8675 16.4458
9.8675 16.4458
9.8675 16.4458
10.6175 17.6958
10.7675 17.9458
11.0675 18.4458
11.0675 18.4458
11.0675 18.4458
11.0675 18.4458
11.0675 18.4458
11.3675 18.9458
11.3675 18.9458
11.5175 19.1958
11.5175 19.1958
11.5175 19.1958
11.5175 19.1958
11.6675 19.4458
11.6675 19.4458
11.9675 19.9458
11.9675 19.9458
12.2675 20.4458
12.5675 20.9458
12.5675 20.9458
12.5675 20.9458
12.5675 20.9458
12.8675 21.4458
12.8675 21.4458
13.0175 21.6958
13.0175 21.6958
13.0175 21.6958
13.0175 21.6958
13.1675 21.9458
13.1675 21.9458
13.3175 22.1958
13.4675 22.4458
13.4675 22.4458
13.4675 22.4458
13.4675 22.4458
13.4675 22.4458
13.7675 22.9458
13.7675 22.9458
13.9175 23.1958
13.9175 23.1958
13.9175 23.1958
13.9175 23.1958
14.0675 23.4458
14.0675 23.4458
14.3675 23.9458
14.3675 23.9458
14.3675 23.9458
14.6675 24.4458
14.6675 24.4458
14.8175 24.6958
14.8175 24.6958
14.9675 24.9458
15.1175 25.1958
15.2675 25.4458
15.2675 25.4458
15.2675 25.4458
15.5675 25.9458
15.7175 26.1958
15.8675 26.4458
15.8675 26.4458
15.8675 26.4458
15.8675 26.4458
15.8675 26.4458
15.8675 26.4458
16.1675 26.9458
16.1675 26.9458
16.1675 26.9458
16.3175 27.1958
16.3175 27.1958
16.3175 27.1958
16.3175 27.1958
16.4675 27.4458
16.4675 27.4458
16.4675 27.4458
16.7675 27.9458
16.7675 27.9458
17.0675 28.4458
17.0675 28.4458
17.0675 28.4458
17.2175 28.6958
17.2175 28.6958
17.5175 29.1958
17.5175 29.1958
17.6675 29.4458
17.6675 29.4458
17.8175 29.6958
17.9675 29.9458
17.9675 29.9458
18.1175 30.1958
18.2675 30.4458
18.2675 30.4458
18.2675 30.4458
18.2675 30.4458
18.2675 30.4458
18.2675 30.4458
18.5675 30.9458
18.5675 30.9458
18.5675 30.9458
18.7175 31.1958
18.7175 31.1958
18.7175 31.1958
18.7175 31.1958
18.8675 31.4458
18.8675 31.4458
18.8675 31.4458
19.1675 31.9458
19.1675 31.9458
19.4675 32.4458
19.4675 32.4458
19.9175 33.1958
19.9175 33.1958
19.9175 33.1958
20.0675 33.4458
20.0675 33.4458
20.2175 33.6958
20.3675 33.9458
20.3675 33.9458
20.3675 33.9458
20.6675 34.4458
20.6675 34.4458
20.6675 34.4458
20.6675 34.4458
20.9675 34.9458
21.1175 35.1958
21.1175 35.1958
21.2675 35.4458
21.2675 35.4458
21.4175 35.6958
21.5675 35.9458
21.5675 35.9458
21.5675 35.9458
21.8675 36.4458
21.8675 36.4458
22.0175 36.6958
22.0175 36.6958
22.1675 36.9458
22.4675 37.4458
22.4675 37.4458
22.4675 37.4458
22.6175 37.6958
22.7675 37.9458
22.9175 38.1958
23.0675 38.4458
23.0675 38.4458
23.0675 38.4458
23.0675 38.4458
23.0675 38.4458
23.0675 38.4458
23.3675 38.9458
23.3675 38.9458
23.3675 38.9458
23.5175 39.1958
23.5175 39.1958
23.5175 39.1958
23.5175 39.1958
23.6675 39.4458
23.6675 39.4458
23.6675 39.4458
23.9675 39.9458
23.9675 39.9458
24.2675 40.4458
24.2675 40.4458
24.2675 40.4458
24.4175 40.6958
24.4175 40.6958
24.5675 40.9458
24.5675 40.9458
24.7175 41.1958
24.8675 41.4458
24.8675 41.4458
25.0175 41.6958
25.1675 41.9458
25.1675 41.9458
25.3175 42.1958
25.4675 42.4458
25.4675 42.4458
25.4675 42.4458
25.4675 42.4458
25.4675 42.4458
25.9175 43.1958
25.9175 43.1958
25.9175 43.1958
25.9175 43.1958
26.2175 43.6958
26.2175 43.6958
26.3675 43.9458
26.3675 43.9458
26.3675 43.9458
26.6675 44.4458
26.6675 44.4458
26.9675 44.9458
27.1175 45.1958
27.1175 45.1958
27.2675 45.4458
27.2675 45.4458
27.4175 45.6958
27.5675 45.9458
27.5675 45.9458
27.5675 45.9458
27.8675 46.4458
27.8675 46.4458
27.8675 46.4458
27.8675 46.4458
27.8675 46.4458
28.3175 47.1958
28.3175 47.1958
28.3175 47.1958
28.3175 47.1958
28.6175 47.6958
28.6175 47.6958
28.7675 47.9458
28.7675 47.9458
28.7675 47.9458
29.0675 48.4458
29.0675 48.4458
29.2175 48.6958
29.2175 48.6958
29.3675 48.9458
29.6675 49.4458
29.6675 49.4458
29.6675 49.4458
29.8175 49.6958
29.9675 49.9458
30.2675 50.4458
30.2675 50.4458
30.2675 50.4458
30.2737 50.4562
30.28 50.4667
30.555 50.925
30.7175 51.1958
30.7175 51.1958
30.8612 51.4354
30.8663 51.4438
31.0187 51.6979
31.1437 51.9062
31.1675 51.9458
31.1675 51.9458
31.3012 52.1688
31.4675 52.4458
31.4725 52.4542
31.6175 52.6958
31.6175 52.6958
31.7675 52.9458
31.9175 53.1958
32.0675 53.4458
32.0675 53.4458
32.2175 53.6958
32.3675 53.9458
32.3675 53.9458
32.6675 54.4458
32.6675 54.4458
32.6675 54.4458
32.9675 54.9458
33.1175 55.1958
33.1175 55.1958
33.2675 55.4458
33.2675 55.4458
33.5675 55.9458
33.5675 55.9458
33.5675 55.9458
33.5675 55.9458
33.8675 56.4458
33.8675 56.4458
34.0175 56.6958
34.0175 56.6958
34.1675 56.9458
34.4675 57.4458
34.4675 57.4458
34.7675 57.9458
35.0675 58.4458
35.0675 58.4458
35.0675 58.4458
35.3675 58.9458
35.3675 58.9458
35.5175 59.1958
35.5175 59.1958
35.6675 59.4458
35.9675 59.9458
35.9675 59.9458
35.9675 59.9458
36.2675 60.4458
36.2675 60.4458
36.4175 60.6958
36.4175 60.6958
36.7175 61.1958
36.7175 61.1958
36.8675 61.4458
37.1675 61.9458
37.1675 61.9458
37.4675 62.4458
37.4675 62.4458
37.4675 62.4458
37.4675 62.4458
37.9175 63.1958
37.9175 63.1958
38.0675 63.4458
38.0675 63.4458
38.3675 63.9458
38.3675 63.9458
38.3675 63.9458
38.3675 63.9458
38.6675 64.4458
38.6675 64.4458
38.9675 64.9458
39.1175 65.1958
39.1175 65.1958
39.2675 65.4458
39.5675 65.9458
39.5675 65.9458
39.5675 65.9458
39.8675 66.4458
39.8675 66.4458
39.8675 66.4458
40.1675 66.9458
40.1675 66.9458
40.3175 67.1958
40.3175 67.1958
40.4675 67.4458
40.7675 67.9458
40.7675 67.9458
40.7675 67.9458
41.0675 68.4458
41.0675 68.4458
41.0675 68.4458
41.2175 68.6958
41.2175 68.6958
41.3675 68.9458
41.3675 68.9458
41.5175 69.1958
41.6675 69.4458
41.6675 69.4458
41.6675 69.4458
41.6675 69.4458
41.9675 69.9458
41.9675 69.9458
41.9675 69.9458
42.2675 70.4458
42.2675 70.4458
42.2675 70.4458
42.2675 70.4458
42.2675 70.4458
42.5675 70.9458
42.7175 71.1958
42.7175 71.1958
42.7175 71.1958
42.7175 71.1958
43.1675 71.9458
43.1675 71.9458
43.1675 71.9458
43.1675 71.9458
43.4675 72.4458
43.4675 72.4458
43.6175 72.6958
43.6175 72.6958
43.7675 72.9458
43.9175 73.1958
43.9175 73.1958
44.0675 73.4458
44.0675 73.4458
44.3675 73.9458
44.3675 73.9458
44.3675 73.9458
44.6675 74.4458
44.6675 74.4458
44.6675 74.4458
44.6675 74.4458
44.9675 74.9458
45.1175 75.1958
45.1175 75.1958
45.1175 75.1958
45.1175 75.1958
45.5675 75.9458
45.5675 75.9458
45.5675 75.9458
45.5675 75.9458
45.8675 76.4458
45.8675 76.4458
46.1675 76.9458
46.3175 77.1958
46.3175 77.1958
46.3175 77.1958
46.3175 77.1958
46.4675 77.4458
46.7675 77.9458
46.7675 77.9458
46.7675 77.9458
46.7675 77.9458
46.7675 77.9458
47.0675 78.4458
47.0675 78.4458
47.0675 78.4458
47.3675 78.9458
47.3675 78.9458
47.5175 79.1958
47.5175 79.1958
47.5175 79.1958
47.6675 79.4458
47.9675 79.9458
47.9675 79.9458
47.9675 79.9458
47.9675 79.9458
48.2675 80.4458
48.7175 81.1958
48.7175 81.1958
48.7175 81.1958
49.1675 81.9458
49.1675 81.9458
49.1675 81.9458
49.4675 82.4458
49.4675 82.4458
49.4675 82.4458
49.7675 82.9458
49.9175 83.1958
49.9175 83.1958
49.9175 83.1958
50.0675 83.4458
50.3675 83.9458
50.3675 83.9458
50.3675 83.9458
50.6675 84.4458
50.6675 84.4458
51.1175 85.1958
51.1175 85.1958
51.1175 85.1958
51.1175 85.1958
51.5675 85.9458
51.5675 85.9458
51.5675 85.9458
51.5675 85.9458
51.8675 86.4458
51.8675 86.4458
51.8675 86.4458
52.1675 86.9458
52.3175 87.1958
52.3175 87.1958
52.4675 87.4458
52.4675 87.4458
52.7675 87.9458
52.7675 87.9458
52.7675 87.9458
52.7675 87.9458
53.0675 88.4458
53.0675 88.4458
53.2175 88.6958
53.2175 88.6958
53.3675 88.9458
53.6675 89.4458
53.6675 89.4458
53.9675 89.9458
54.2675 90.4458
54.2675 90.4458
54.2675 90.4458
54.5675 90.9458
54.5675 90.9458
54.7175 91.1958
54.7175 91.1958
54.8675 91.4458
55.1675 91.9458
55.1675 91.9458
55.1675 91.9458
55.4675 92.4458
55.4675 92.4458
55.6175 92.6958
55.6175 92.6958
55.9175 93.1958
55.9175 93.1958
56.0675 93.4458
56.3675 93.9458
56.3675 93.9458
56.6675 94.4458
56.6675 94.4458
56.6675 94.4458
56.6675 94.4458
56.9675 94.9458
57.1175 95.1958
57.1175 95.1958
57.2675 95.4458
57.2675 95.4458
57.5675 95.9458
57.5675 95.9458
57.5675 95.9458
57.5675 95.9458
57.8675 96.4458
57.8675 96.4458
58.1675 96.9458
58.3175 97.1958
58.3175 97.1958
58.4675 97.4458
58.4675 97.4458
58.7675 97.9458
58.7675 97.9458
58.7675 97.9458
59.0675 98.4458
59.0675 98.4458
59.0675 98.4458
59.0675 98.4458
59.3675 98.9458
59.5175 99.1958
59.5175 99.1958
59.6675 99.4458
59.9675 99.9458
59.9675 99.9458
59.9675 99.9458
60.2675 100.446
60.2675 100.446
60.2675 100.446
60.4175 100.696
60.4175 100.696
60.5675 100.946
60.5675 100.946
60.7175 101.196
60.8675 101.446
60.8675 101.446
60.8675 101.446
61.1675 101.946
61.1675 101.946
61.4675 102.446
61.4675 102.446
61.4675 102.446
61.4675 102.446
61.4675 102.446
61.7675 102.946
61.7675 102.946
61.9175 103.196
61.9175 103.196
61.9175 103.196
61.9175 103.196
62.3675 103.946
62.3675 103.946
62.3675 103.946
62.3675 103.946
62.6675 104.446
62.6675 104.446
62.8175 104.696
62.8175 104.696
62.9675 104.946
63.1175 105.196
63.1175 105.196
63.2675 105.446
63.2675 105.446
63.5675 105.946
63.5675 105.946
63.5675 105.946
63.8675 106.446
63.8675 106.446
63.8675 106.446
63.8675 106.446
64.1675 106.946
64.3175 107.196
64.3175 107.196
64.3175 107.196
64.3175 107.196
64.7675 107.946
64.7675 107.946
64.7675 107.946
64.7675 107.946
65.0675 108.446
65.0675 108.446
65.3675 108.946
65.5175 109.196
65.5175 109.196
65.5175 109.196
65.5175 109.196
65.6675 109.446
65.9675 109.946
65.9675 109.946
65.9675 109.946
65.9675 109.946
65.9675 109.946
66.2675 110.446
66.2675 110.446
66.2675 110.446
66.5675 110.946
66.5675 110.946
66.7175 111.196
66.7175 111.196
66.7175 111.196
66.8675 111.446
66.8675 111.446
67.1675 111.946
67.1675 111.946
67.1675 111.946
67.1675 111.946
67.4675 112.446
67.9175 113.196
67.9175 113.196
67.9175 113.196
68.3675 113.946
68.3675 113.946
68.3675 113.946
68.6675 114.446
68.6675 114.446
68.6675 114.446
68.9675 114.946
69.1175 115.196
69.1175 115.196
69.1175 115.196
69.2675 115.446
69.5675 115.946
69.5675 115.946
69.5675 115.946
69.8675 116.446
69.8675 116.446
69.8675 116.446
70.1675 116.946
70.3175 117.196
70.3175 117.196
70.3175 117.196
70.3175 117.196
70.4675 117.446
70.7675 117.946
70.7675 117.946
70.7675 117.946
70.7675 117.946
70.7675 117.946
71.0675 118.446
71.0675 118.446
71.0675 118.446
71.0675 118.446
71.0675 118.446
71.3675 118.946
71.3675 118.946
71.6675 119.446
71.6675 119.446
71.6675 119.446
71.6675 119.446
71.6675 119.446
71.9675 119.946
71.9675 119.946
71.9675 119.946
72.1175 120.196
72.1175 120.196
72.1175 120.196
72.2675 120.446
72.2675 120.446
72.4175 120.696
72.4175 120.696
72.4175 120.696
72.5675 120.946
72.5675 120.946
72.8675 121.446
72.8675 121.446
72.8675 121.446
72.8675 121.446
73.1675 121.946
73.1675 121.946
73.1675 121.946
73.4675 122.446
73.4675 122.446
73.4675 122.446
73.4675 122.446
73.7675 122.946
73.7675 122.946
73.7675 122.946
74.0675 123.446
74.0675 123.446
74.0675 123.446
74.0675 123.446
74.0675 123.446
74.0675 123.446
74.3675 123.946
74.3675 123.946
74.5175 124.196
74.5175 124.196
74.5175 124.196
74.6675 124.446
74.6675 124.446
74.8175 124.696
74.8175 124.696
74.8175 124.696
74.9675 124.946
74.9675 124.946
74.9675 124.946
75.2675 125.446
75.2675 125.446
75.2675 125.446
75.2675 125.446
75.5675 125.946
75.5675 125.946
75.8675 126.446
75.8675 126.446
75.8675 126.446
75.8675 126.446
76.1675 126.946
76.1675 126.946
76.4675 127.446
76.4675 127.446
76.4675 127.446
76.4675 127.446
76.7675 127.946
76.7675 127.946
76.7675 127.946
76.9175 128.196
76.9175 128.196
77.0675 128.446
77.0675 128.446
77.2175 128.696
77.3675 128.946
77.3675 128.946
77.3675 128.946
77.6675 129.446
77.6675 129.446
77.6675 129.446
77.9675 129.946
77.9675 129.946
78.2675 130.446
78.2675 130.446
78.2675 130.446
78.2675 130.446
78.5675 130.946
78.5675 130.946
78.5675 130.946
78.8675 131.446
78.8675 131.446
78.8675 131.446
78.8675 131.446
79.1675 131.946
79.1675 131.946
79.3175 132.196
79.4675 132.446
79.4675 132.446
79.6175 132.696
79.6175 132.696
79.7675 132.946
79.7675 132.946
79.7675 132.946
80.0675 133.446
80.0675 133.446
80.0675 133.446
80.0675 133.446
80.0675 133.446
80.3675 133.946
80.3675 133.946
80.3675 133.946
80.3675 133.946
80.6675 134.446
80.6675 134.446
80.6675 134.446
80.6675 134.446
80.6675 134.446
80.9675 134.946
80.9675 134.946
81.2675 135.446
81.2675 135.446
81.2675 135.446
81.2675 135.446
81.5675 135.946
81.5675 135.946
81.7175 136.196
81.7175 136.196
81.7175 136.196
81.8675 136.446
81.8675 136.446
82.0175 136.696
82.0175 136.696
82.1675 136.946
82.4675 137.446
82.4675 137.446
82.4675 137.446
82.4675 137.446
82.7675 137.946
83.0675 138.446
83.0675 138.446
83.0675 138.446
83.0675 138.446
83.3675 138.946
83.3675 138.946
83.6675 139.446
83.6675 139.446
83.6675 139.446
83.6675 139.446
83.6675 139.446
83.9675 139.946
83.9675 139.946
84.1175 140.196
84.1175 140.196
84.1175 140.196
84.1175 140.196
84.2675 140.446
84.2675 140.446
84.4175 140.696
84.4175 140.696
84.4175 140.696
84.5675 140.946
84.5675 140.946
84.5675 140.946
84.8675 141.446
84.8675 141.446
84.8675 141.446
84.8675 141.446
84.8675 141.446
85.1675 141.946
85.1675 141.946
85.4675 142.446
85.4675 142.446
85.4675 142.446
85.4675 142.446
85.4675 142.446
85.7675 142.946
86.0675 143.446
86.0675 143.446
86.0675 143.446
86.0675 143.446
86.0675 143.446
86.3675 143.946
86.3675 143.946
86.5175 144.196
86.5175 144.196
86.5175 144.196
86.6675 144.446
86.6675 144.446
86.6675 144.446
86.8175 144.696
86.8175 144.696
86.8175 144.696
86.9675 144.946
86.9675 144.946
86.9675 144.946
87.2675 145.446
87.2675 145.446
87.2675 145.446
87.2675 145.446
87.5675 145.946
87.5675 145.946
87.8675 146.446
87.8675 146.446
88.1675 146.946
88.1675 146.946
88.1675 146.946
88.1675 146.946
88.1675 146.946
88.4675 147.446
88.4675 147.446
88.4675 147.446
88.4675 147.446
88.4675 147.446
88.6175 147.696
88.7675 147.946
88.7675 147.946
88.7675 147.946
88.9175 148.196
88.9175 148.196
88.9175 148.196
89.0675 148.446
89.0675 148.446
89.2175 148.696
89.2175 148.696
89.2175 148.696
89.3675 148.946
89.3675 148.946
89.3675 148.946
89.6675 149.446
89.6675 149.446
89.6675 149.446
89.6675 149.446
89.6675 149.446
89.9675 149.946
89.9675 149.946
89.9675 149.946
90.2675 150.446
90.2675 150.446
90.2675 150.446
90.2675 150.446
90.2675 150.446
90.5675 150.946
90.5675 150.946
90.8675 151.446
90.8675 151.446
90.8675 151.446
90.8675 151.446
90.8675 151.446
91.1675 151.946
91.1675 151.946
91.1675 151.946
91.3175 152.196
91.3175 152.196
91.3175 152.196
91.4675 152.446
91.4675 152.446
91.6175 152.696
91.6175 152.696
91.6175 152.696
91.7675 152.946
91.7675 152.946
92.0675 153.446
92.0675 153.446
92.0675 153.446
92.0675 153.446
92.3675 153.946
92.3675 153.946
92.3675 153.946
92.6675 154.446
92.6675 154.446
92.6675 154.446
92.6675 154.446
92.9675 154.946
92.9675 154.946
92.9675 154.946
93.2675 155.446
93.2675 155.446
93.2675 155.446
93.2675 155.446
93.2675 155.446
93.2675 155.446
93.5675 155.946
93.5675 155.946
93.7175 156.196
93.7175 156.196
93.7175 156.196
93.8675 156.446
93.8675 156.446
94.0175 156.696
94.0175 156.696
94.0175 156.696
94.1675 156.946
94.1675 156.946
94.1675 156.946
94.4675 157.446
94.4675 157.446
94.4675 157.446
94.4675 157.446
94.7675 157.946
94.7675 157.946
95.0675 158.446
95.0675 158.446
95.0675 158.446
95.0675 158.446
95.3675 158.946
95.3675 158.946
95.6675 159.446
95.6675 159.446
95.6675 159.446
95.6675 159.446
95.9675 159.946
95.9675 159.946
95.9675 159.946
96.1175 160.196
96.1175 160.196
96.2675 160.446
96.2675 160.446
96.4175 160.696
96.5675 160.946
96.5675 160.946
96.5675 160.946
96.8675 161.446
96.8675 161.446
96.8675 161.446
97.1675 161.946
97.1675 161.946
97.4675 162.446
97.4675 162.446
97.4675 162.446
97.7675 162.946
97.7675 162.946
97.7675 162.946
98.0675 163.446
98.0675 163.446
98.0675 163.446
98.0675 163.446
98.3675 163.946
98.3675 163.946
98.5175 164.196
98.6675 164.446
98.6675 164.446
98.8175 164.696
98.8175 164.696
98.9675 164.946
98.9675 164.946
98.9675 164.946
99.2675 165.446
99.2675 165.446
99.2675 165.446
99.2675 165.446
99.2675 165.446
99.5675 165.946
99.5675 165.946
99.5675 165.946
99.5675 165.946
99.8675 166.446
99.8675 166.446
99.8675 166.446
99.8675 166.446
99.8675 166.446
100.167 166.946
100.167 166.946
100.467 167.446
100.467 167.446
100.467 167.446
100.467 167.446
100.767 167.946
100.917 168.196
100.917 168.196
100.917 168.196
101.067 168.446
101.067 168.446
101.217 168.696
101.217 168.696
101.367 168.946
101.667 169.446
101.667 169.446
101.667 169.446
101.667 169.446
101.967 169.946
101.967 169.946
102.267 170.446
102.267 170.446
102.267 170.446
102.567 170.946
102.567 170.946
102.867 171.446
102.867 171.446
102.867 171.446
102.867 171.446
103.167 171.946
103.167 171.946
103.317 172.196
103.317 172.196
103.317 172.196
103.317 172.196
103.467 172.446
103.467 172.446
103.467 172.446
103.617 172.696
103.617 172.696
103.617 172.696
103.767 172.946
103.767 172.946
103.767 172.946
104.067 173.446
104.067 173.446
104.067 173.446
104.067 173.446
104.367 173.946
104.367 173.946
104.667 174.446
104.667 174.446
104.667 174.446
104.667 174.446
104.967 174.946
104.967 174.946
105.267 175.446
105.267 175.446
105.267 175.446
105.267 175.446
105.267 175.446
105.567 175.946
105.717 176.196
105.717 176.196
105.717 176.196
105.867 176.446
106.017 176.696
106.017 176.696
106.017 176.696
106.167 176.946
106.167 176.946
106.467 177.446
106.467 177.446
106.467 177.446
106.467 177.446
106.767 177.946
106.767 177.946
106.767 177.946
107.067 178.446
107.067 178.446
107.067 178.446
107.067 178.446
107.067 178.446
107.367 178.946
107.667 179.446
107.667 179.446
107.667 179.446
107.667 179.446
107.667 179.446
107.967 179.946
107.967 179.946
108.117 180.196
108.117 180.196
108.267 180.446
108.417 180.696
108.417 180.696
108.417 180.696
108.567 180.946
108.567 180.946
108.867 181.446
108.867 181.446
108.867 181.446
108.867 181.446
108.867 181.446
109.167 181.946
109.167 181.946
109.467 182.446
109.467 182.446
109.467 182.446
109.467 182.446
109.467 182.446
109.767 182.946
109.767 182.946
109.917 183.196
109.917 183.196
109.917 183.196
109.917 183.196
110.067 183.446
110.067 183.446
110.367 183.946
110.367 183.946
110.367 183.946
110.367 183.946
110.667 184.446
110.667 184.446
110.817 184.696
110.817 184.696
110.967 184.946
111.117 185.196
111.267 185.446
111.267 185.446
111.267 185.446
111.567 185.946
111.717 186.196
111.867 186.446
111.867 186.446
111.867 186.446
111.867 186.446
111.867 186.446
111.867 186.446
112.167 186.946
112.167 186.946
112.167 186.946
112.317 187.196
112.317 187.196
112.317 187.196
112.317 187.196
112.317 187.196
112.467 187.446
112.467 187.446
112.467 187.446
112.767 187.946
112.767 187.946
112.767 187.946
113.067 188.446
113.067 188.446
113.067 188.446
113.217 188.696
113.217 188.696
113.517 189.196
113.517 189.196
113.517 189.196
113.667 189.446
113.667 189.446
113.817 189.696
113.967 189.946
113.967 189.946
113.967 189.946
114.117 190.196
114.267 190.446
114.267 190.446
114.267 190.446
114.267 190.446
114.267 190.446
114.267 190.446
114.567 190.946
114.567 190.946
114.567 190.946
114.717 191.196
114.717 191.196
114.717 191.196
114.717 191.196
114.717 191.196
114.867 191.446
114.867 191.446
114.867 191.446
115.167 191.946
115.167 191.946
115.167 191.946
115.467 192.446
115.467 192.446
115.917 193.196
115.917 193.196
115.917 193.196
115.917 193.196
116.067 193.446
116.067 193.446
116.217 193.696
116.367 193.946
116.367 193.946
116.367 193.946
116.367 193.946
116.667 194.446
116.667 194.446
116.667 194.446
116.667 194.446
116.967 194.946
117.117 195.196
117.117 195.196
117.267 195.446
117.267 195.446
117.417 195.696
117.567 195.946
117.567 195.946
117.567 195.946
117.567 195.946
117.867 196.446
117.867 196.446
118.017 196.696
118.017 196.696
118.167 196.946
118.467 197.446
118.467 197.446
118.467 197.446
118.617 197.696
118.767 197.946
118.917 198.196
119.067 198.446
119.067 198.446
119.067 198.446
119.367 198.946
119.517 199.196
119.517 199.196
119.667 199.446
119.667 199.446
119.967 199.946
119.967 199.946
119.967 199.946
119.967 199.946
120.267 200.446
120.267 200.446
120.417 200.696
120.417 200.696
120.567 200.946
120.867 201.446
120.867 201.446
121.167 201.946
121.467 202.446
121.467 202.446
121.467 202.446
121.767 202.946
121.767 202.946
121.917 203.196
121.917 203.196
122.067 203.446
122.367 203.946
122.367 203.946
122.367 203.946
122.667 204.446
122.667 204.446
122.817 204.696
122.817 204.696
123.117 205.196
123.117 205.196
123.267 205.446
123.567 205.946
123.567 205.946
123.867 206.446
123.867 206.446
123.867 206.446
123.867 206.446
124.167 206.946
124.317 207.196
124.317 207.196
124.467 207.446
124.467 207.446
124.767 207.946
124.767 207.946
124.767 207.946
124.767 207.946
125.067 208.446
125.067 208.446
125.367 208.946
125.517 209.196
125.517 209.196
125.667 209.446
125.667 209.446
125.967 209.946
125.967 209.946
125.967 209.946
126.267 210.446
126.267 210.446
126.267 210.446
126.267 210.446
126.567 210.946
126.717 211.196
126.717 211.196
126.867 211.446
127.167 211.946
127.167 211.946
127.167 211.946
127.467 212.446
127.467 212.446
127.467 212.446
127.617 212.696
127.617 212.696
127.767 212.946
127.767 212.946
127.917 213.196
128.067 213.446
128.067 213.446
128.067 213.446
128.367 213.946
128.367 213.946
128.667 214.446
128.667 214.446
128.667 214.446
128.667 214.446
128.667 214.446
128.968 214.946
128.968 214.946
129.117 215.196
129.117 215.196
129.117 215.196
129.117 215.196
129.567 215.946
129.567 215.946
129.567 215.946
129.567 215.946
129.867 216.446
129.867 216.446
130.017 216.696
130.017 216.696
130.167 216.946
130.317 217.196
130.317 217.196
130.468 217.446
130.468 217.446
130.767 217.946
130.767 217.946
130.767 217.946
131.067 218.446
131.067 218.446
131.067 218.446
131.067 218.446
131.367 218.946
131.517 219.196
131.517 219.196
131.517 219.196
131.517 219.196
131.968 219.946
131.968 219.946
131.968 219.946
131.968 219.946
132.267 220.446
132.267 220.446
132.567 220.946
132.718 221.196
132.718 221.196
132.718 221.196
132.718 221.196
132.867 221.446
133.167 221.946
133.167 221.946
133.167 221.946
133.167 221.946
133.167 221.946
133.468 222.446
133.468 222.446
133.468 222.446
133.767 222.946
133.767 222.946
133.917 223.196
133.917 223.196
133.917 223.196
134.067 223.446
134.067 223.446
134.367 223.946
134.367 223.946
134.367 223.946
134.367 223.946
134.667 224.446
135.117 225.196
135.117 225.196
135.117 225.196
135.567 225.946
135.567 225.946
135.567 225.946
135.867 226.446
135.867 226.446
135.867 226.446
136.167 226.946
136.317 227.196
136.317 227.196
136.317 227.196
136.468 227.446
136.767 227.946
136.767 227.946
136.767 227.946
137.067 228.446
137.067 228.446
137.067 228.446
137.367 228.946
137.517 229.196
137.517 229.196
137.517 229.196
137.517 229.196
137.667 229.446
137.968 229.946
137.968 229.946
137.968 229.946
137.968 229.946
137.968 229.946
138.267 230.446
138.267 230.446
138.267 230.446
138.267 230.446
138.267 230.446
138.567 230.946
138.567 230.946
138.867 231.446
138.867 231.446
138.867 231.446
138.867 231.446
138.867 231.446
139.167 231.946
139.167 231.946
139.167 231.946
139.317 232.196
139.317 232.196
139.317 232.196
139.468 232.446
139.468 232.446
139.617 232.696
139.617 232.696
139.617 232.696
139.767 232.946
139.767 232.946
140.067 233.446
140.067 233.446
140.067 233.446
140.067 233.446
140.367 233.946
140.367 233.946
140.367 233.946
140.667 234.446
140.667 234.446
140.667 234.446
140.667 234.446
140.968 234.946
140.968 234.946
140.968 234.946
141.267 235.446
141.267 235.446
141.267 235.446
141.267 235.446
141.267 235.446
141.267 235.446
141.567 235.946
141.567 235.946
141.718 236.196
141.718 236.196
141.718 236.196
141.867 236.446
141.867 236.446
142.017 236.696
142.017 236.696
142.017 236.696
142.167 236.946
142.167 236.946
142.167 236.946
142.468 237.446
142.468 237.446
142.468 237.446
142.468 237.446
142.767 237.946
142.767 237.946
143.067 238.446
143.067 238.446
143.067 238.446
143.067 238.446
143.367 238.946
143.367 238.946
143.667 239.446
143.667 239.446
143.667 239.446
143.667 239.446
143.968 239.946
143.968 239.946
143.968 239.946
144.117 240.196
144.117 240.196
144.267 240.446
144.267 240.446
144.417 240.696
144.567 240.946
144.567 240.946
144.567 240.946
144.867 241.446
144.867 241.446
144.867 241.446
145.167 241.946
145.167 241.946
145.468 242.446
145.468 242.446
145.468 242.446
145.767 242.946
145.767 242.946
145.767 242.946
146.067 243.446
146.067 243.446
146.067 243.446
146.067 243.446
146.367 243.946
146.367 243.946
146.517 244.196
146.667 244.446
146.667 244.446
146.817 244.696
146.817 244.696
146.968 244.946
146.968 244.946
146.968 244.946
147.267 245.446
147.267 245.446
147.267 245.446
147.267 245.446
147.267 245.446
147.567 245.946
147.567 245.946
147.567 245.946
147.567 245.946
147.867 246.446
147.867 246.446
147.867 246.446
147.867 246.446
147.867 246.446
148.167 246.946
148.167 246.946
148.468 247.446
148.468 247.446
148.468 247.446
148.468 247.446
148.767 247.946
148.767 247.946
148.917 248.196
148.917 248.196
148.917 248.196
149.067 248.446
149.067 248.446
149.218 248.696
149.218 248.696
149.367 248.946
149.667 249.446
149.667 249.446
149.667 249.446
149.667 249.446
149.968 249.946
150.267 250.446
150.267 250.446
150.267 250.446
150.267 250.446
150.567 250.946
150.567 250.946
150.867 251.446
150.867 251.446
150.867 251.446
150.867 251.446
150.867 251.446
151.167 251.946
151.167 251.946
151.317 252.196
151.317 252.196
151.317 252.196
151.317 252.196
151.468 252.446
151.468 252.446
151.617 252.696
151.617 252.696
151.617 252.696
151.767 252.946
151.767 252.946
151.767 252.946
152.067 253.446
152.067 253.446
152.067 253.446
152.067 253.446
152.067 253.446
152.367 253.946
152.367 253.946
152.667 254.446
152.667 254.446
152.667 254.446
152.667 254.446
152.667 254.446
152.968 254.946
153.267 255.446
153.267 255.446
153.267 255.446
153.267 255.446
153.267 255.446
153.567 255.946
153.567 255.946
153.718 256.196
153.718 256.196
153.718 256.196
153.867 256.446
153.867 256.446
153.867 256.446
154.017 256.696
154.017 256.696
154.017 256.696
154.167 256.946
154.167 256.946
154.167 256.946
154.468 257.446
154.468 257.446
154.468 257.446
154.468 257.446
154.767 257.946
154.767 257.946
155.067 258.446
155.067 258.446
155.367 258.946
155.367 258.946
155.367 258.946
155.367 258.946
155.367 258.946
155.667 259.446
155.667 259.446
155.667 259.446
155.667 259.446
155.667 259.446
155.968 259.946
155.968 259.946
155.968 259.946
156.117 260.196
156.117 260.196
156.117 260.196
156.267 260.446
156.267 260.446
156.417 260.696
156.417 260.696
156.417 260.696
156.567 260.946
156.567 260.946
156.567 260.946
156.867 261.446
156.867 261.446
156.867 261.446
156.867 261.446
156.867 261.446
157.167 261.946
157.167 261.946
157.167 261.946
157.468 262.446
157.468 262.446
157.468 262.446
157.468 262.446
157.468 262.446
157.767 262.946
157.767 262.946
158.067 263.446
158.067 263.446
158.067 263.446
158.067 263.446
158.067 263.446
158.367 263.946
158.367 263.946
158.367 263.946
158.517 264.196
158.517 264.196
158.517 264.196
158.667 264.446
158.667 264.446
158.817 264.696
158.817 264.696
158.817 264.696
158.968 264.946
158.968 264.946
159.267 265.446
159.267 265.446
159.267 265.446
159.267 265.446
159.567 265.946
159.567 265.946
159.567 265.946
159.867 266.446
159.867 266.446
159.867 266.446
159.867 266.446
160.167 266.946
160.167 266.946
160.167 266.946
160.468 267.446
160.468 267.446
160.468 267.446
160.468 267.446
160.468 267.446
160.468 267.446
160.767 267.946
160.767 267.946
160.917 268.196
160.917 268.196
160.917 268.196
161.067 268.446
161.067 268.446
161.218 268.696
161.218 268.696
161.218 268.696
161.367 268.946
161.367 268.946
161.367 268.946
161.667 269.446
161.667 269.446
161.667 269.446
161.667 269.446
161.968 269.946
161.968 269.946
162.267 270.446
162.267 270.446
162.267 270.446
162.267 270.446
162.567 270.946
162.567 270.946
162.867 271.446
162.867 271.446
162.867 271.446
162.867 271.446
163.167 271.946
163.167 271.946
163.167 271.946
163.317 272.196
163.317 272.196
163.468 272.446
163.468 272.446
163.617 272.696
163.767 272.946
163.767 272.946
163.767 272.946
164.067 273.446
164.067 273.446
164.067 273.446
164.367 273.946
164.367 273.946
164.667 274.446
164.667 274.446
164.667 274.446
164.667 274.446
164.968 274.946
164.968 274.946
164.968 274.946
165.267 275.446
165.267 275.446
165.267 275.446
165.267 275.446
165.567 275.946
165.567 275.946
165.718 276.196
165.867 276.446
165.867 276.446
166.017 276.696
166.017 276.696
166.167 276.946
166.167 276.946
166.167 276.946
166.468 277.446
166.468 277.446
166.468 277.446
166.468 277.446
166.468 277.446
166.767 277.946
166.767 277.946
166.767 277.946
166.767 277.946
167.067 278.446
167.067 278.446
167.067 278.446
167.067 278.446
167.067 278.446
167.367 278.946
167.367 278.946
167.667 279.446
167.667 279.446
167.667 279.446
167.667 279.446
167.968 279.946
168.117 280.196
168.117 280.196
168.117 280.196
168.267 280.446
168.267 280.446
168.417 280.696
168.417 280.696
168.567 280.946
168.867 281.446
168.867 281.446
168.867 281.446
168.867 281.446
169.167 281.946
169.167 281.946
169.468 282.446
169.468 282.446
169.468 282.446
169.767 282.946
169.767 282.946
170.067 283.446
170.067 283.446
170.067 283.446
170.067 283.446
170.367 283.946
170.367 283.946
170.517 284.196
170.517 284.196
170.517 284.196
170.517 284.196
170.667 284.446
170.667 284.446
170.667 284.446
170.817 284.696
170.817 284.696
170.817 284.696
170.968 284.946
170.968 284.946
170.968 284.946
171.267 285.446
171.267 285.446
171.267 285.446
171.267 285.446
171.567 285.946
171.567 285.946
171.867 286.446
171.867 286.446
171.867 286.446
171.867 286.446
172.167 286.946
172.167 286.946
172.468 287.446
172.468 287.446
172.468 287.446
172.468 287.446
172.468 287.446
172.767 287.946
172.917 288.196
172.917 288.196
172.917 288.196
173.067 288.446
173.218 288.696
173.218 288.696
173.218 288.696
173.367 288.946
173.367 288.946
173.667 289.446
173.667 289.446
173.667 289.446
173.667 289.446
173.968 289.946
173.968 289.946
173.968 289.946
174.267 290.446
174.267 290.446
174.267 290.446
174.267 290.446
174.267 290.446
174.567 290.946
174.867 291.446
174.867 291.446
174.867 291.446
174.867 291.446
174.867 291.446
175.167 291.946
175.167 291.946
175.317 292.196
175.317 292.196
175.468 292.446
175.617 292.696
175.617 292.696
175.617 292.696
175.767 292.946
175.767 292.946
175.767 292.946
176.067 293.446
176.067 293.446
176.067 293.446
176.067 293.446
176.067 293.446
176.067 293.446
176.367 293.946
176.367 293.946
176.367 293.946
176.667 294.446
176.667 294.446
176.667 294.446
176.667 294.446
177.117 295.196
177.117 295.196
177.567 295.946
177.567 295.946
177.567 295.946
177.567 295.946
177.867 296.446
178.017 296.696
178.017 296.696
178.167 296.946
178.468 297.446
178.468 297.446
178.468 297.446
178.767 297.946
178.917 298.196
179.067 298.446
179.067 298.446
179.067 298.446
179.067 298.446
179.367 298.946
179.517 299.196
179.517 299.196
179.517 299.196
179.517 299.196
179.667 299.446
179.968 299.946
179.968 299.946
179.968 299.946
179.968 299.946
180.267 300.446
180.267 300.446
180.417 300.696
180.417 300.696
180.417 300.696
180.567 300.946
180.718 301.196
180.718 301.196
180.718 301.196
180.867 301.446
180.867 301.446
181.017 301.696
181.167 301.946
181.167 301.946
181.167 301.946
181.468 302.446
181.468 302.446
181.468 302.446
181.468 302.446
181.767 302.946
181.917 303.196
181.917 303.196
181.917 303.196
181.917 303.196
182.067 303.446
182.218 303.696
182.367 303.946
182.367 303.946
182.367 303.946
182.367 303.946
182.517 304.196
182.667 304.446
182.667 304.446
182.817 304.696
182.968 304.946
183.117 305.196
183.117 305.196
183.117 305.196
183.117 305.196
183.267 305.446
183.267 305.446
183.417 305.696
183.567 305.946
183.567 305.946
183.567 305.946
183.567 305.946
183.718 306.196
183.867 306.446
183.867 306.446
183.867 306.446
183.867 306.446
184.017 306.696
184.167 306.946
184.317 307.196
184.317 307.196
184.317 307.196
184.468 307.446
184.617 307.696
184.767 307.946
184.767 307.946
184.767 307.946
184.767 307.946
184.917 308.196
185.067 308.446
185.067 308.446
185.218 308.696
185.218 308.696
185.517 309.196
185.667 309.446
185.667 309.446
185.667 309.446
185.667 309.446
185.968 309.946
185.968 309.946
186.267 310.446
186.267 310.446
186.267 310.446
186.567 310.946
186.718 311.196
186.718 311.196
186.718 311.196
186.867 311.446
187.017 311.696
187.167 311.946
187.167 311.946
187.167 311.946
187.167 311.946
187.468 312.446
187.617 312.696
187.617 312.696
187.767 312.946
187.917 313.196
188.067 313.446
188.067 313.446
188.067 313.446
188.367 313.946
188.667 314.446
188.667 314.446
188.667 314.446
188.968 314.946
189.117 315.196
189.117 315.196
189.117 315.196
189.117 315.196
189.267 315.446
189.417 315.696
189.567 315.946
189.567 315.946
189.567 315.946
189.718 316.196
189.867 316.446
190.017 316.696
190.017 316.696
190.317 317.196
190.317 317.196
190.468 317.446
190.767 317.946
190.767 317.946
190.767 317.946
191.067 318.446
191.067 318.446
191.067 318.446
191.367 318.946
191.517 319.196
191.517 319.196
191.517 319.196
191.968 319.946
191.968 319.946
191.968 319.946
191.968 319.946
192.267 320.446
192.567 320.946
192.717 321.196
192.717 321.196
192.717 321.196
192.717 321.196
192.867 321.446
192.867 321.446
193.017 321.696
193.167 321.946
193.167 321.946
193.167 321.946
193.167 321.946
193.317 322.196
193.467 322.446
193.467 322.446
193.467 322.446
193.467 322.446
193.617 322.696
193.767 322.946
193.917 323.196
193.917 323.196
193.917 323.196
194.067 323.446
194.217 323.696
194.367 323.946
194.367 323.946
194.367 323.946
194.367 323.946
194.517 324.196
194.667 324.446
194.667 324.446
194.667 324.446
194.817 324.696
194.817 324.696
194.967 324.946
194.967 324.946
195.267 325.446
195.267 325.446
195.267 325.446
195.267 325.446
195.567 325.946
195.567 325.946
195.867 326.446
195.867 326.446
195.867 326.446
195.867 326.446
195.867 326.446
195.867 326.446
196.467 327.446
196.767 327.946
197.067 328.446
197.667 329.446
197.667 329.446
197.667 329.446
197.967 329.946
197.967 329.946
198.237 330.396
198.242 330.404
198.267 330.446
198.267 330.446
198.267 330.446
198.267 330.446
198.567 330.946
198.717 331.196
198.717 331.196
198.717 331.196
198.867 331.446
199.092 331.821
199.094 331.823
199.167 331.946
199.167 331.946
199.167 331.946
199.167 331.946
199.167 331.946
199.167 331.946
199.767 332.946
200.067 333.446
200.329 333.881
200.367 333.946
200.62 334.367
200.667 334.446
200.667 334.446
200.667 334.446
200.667 334.446
201.267 335.446
201.567 335.946
201.867 336.446
202.167 336.946
202.467 337.446
202.467 337.446
202.467 337.446
202.767 337.946
202.767 337.946
203.032 338.387
203.067 338.446
203.067 338.446
203.067 338.446
203.067 338.446
203.067 338.446
203.367 338.946
203.517 339.196
203.517 339.196
203.517 339.196
203.517 339.196
203.667 339.446
203.881 339.802
203.886 339.81
203.967 339.946
203.967 339.946
203.967 339.946
203.967 339.946
203.967 339.946
203.967 339.946
204.567 340.946
204.567 340.946
204.867 341.446
204.867 341.446
204.867 341.446
204.867 341.446
204.867 341.446
205.167 341.946
205.167 341.946
205.167 341.946
205.467 342.446
205.467 342.446
205.467 342.446
205.467 342.446
205.467 342.446
205.767 342.946
205.767 342.946
206.067 343.446
206.067 343.446
206.067 343.446
206.067 343.446
206.367 343.946
206.367 343.946
206.517 344.196
206.517 344.196
206.517 344.196
206.667 344.446
206.667 344.446
206.817 344.696
206.817 344.696
206.967 344.946
207.267 345.446
207.267 345.446
207.267 345.446
207.267 345.446
207.567 345.946
207.867 346.446
207.867 346.446
207.867 346.446
207.867 346.446
208.167 346.946
208.167 346.946
208.467 347.446
208.467 347.446
208.467 347.446
208.467 347.446
208.467 347.446
208.767 347.946
208.767 347.946
208.917 348.196
208.917 348.196
208.917 348.196
208.917 348.196
209.067 348.446
209.067 348.446
209.217 348.696
209.217 348.696
209.217 348.696
209.367 348.946
209.367 348.946
209.367 348.946
209.667 349.446
209.667 349.446
209.667 349.446
209.667 349.446
209.667 349.446
209.967 349.946
209.967 349.946
210.267 350.446
210.267 350.446
210.267 350.446
210.267 350.446
210.267 350.446
210.567 350.946
210.867 351.446
210.867 351.446
210.867 351.446
210.867 351.446
210.867 351.446
211.167 351.946
211.167 351.946
211.317 352.196
211.317 352.196
211.317 352.196
211.467 352.446
211.467 352.446
211.467 352.446
211.617 352.696
211.617 352.696
211.617 352.696
211.767 352.946
211.767 352.946
211.767 352.946
212.067 353.446
212.067 353.446
212.067 353.446
212.067 353.446
212.367 353.946
212.367 353.946
212.667 354.446
212.667 354.446
212.967 354.946
212.967 354.946
212.967 354.946
212.967 354.946
212.967 354.946
213.267 355.446
213.267 355.446
213.267 355.446
213.267 355.446
213.267 355.446
213.417 355.696
213.567 355.946
213.567 355.946
213.567 355.946
213.717 356.196
213.717 356.196
213.717 356.196
213.867 356.446
213.867 356.446
214.017 356.696
214.017 356.696
214.017 356.696
214.167 356.946
214.167 356.946
214.167 356.946
214.467 357.446
214.467 357.446
214.467 357.446
214.467 357.446
214.467 357.446
214.767 357.946
214.767 357.946
214.767 357.946
215.067 358.446
215.067 358.446
215.067 358.446
215.067 358.446
215.067 358.446
215.367 358.946
215.367 358.946
215.667 359.446
215.667 359.446
215.667 359.446
215.667 359.446
215.667 359.446
215.967 359.946
215.967 359.946
215.967 359.946
216.117 360.196
216.117 360.196
216.117 360.196
216.267 360.446
216.267 360.446
216.417 360.696
216.417 360.696
216.417 360.696
216.567 360.946
216.567 360.946
216.867 361.446
216.867 361.446
216.867 361.446
216.867 361.446
217.167 361.946
217.167 361.946
217.167 361.946
217.467 362.446
217.467 362.446
217.467 362.446
217.467 362.446
217.767 362.946
217.767 362.946
217.767 362.946
218.067 363.446
218.067 363.446
218.067 363.446
218.067 363.446
218.067 363.446
218.067 363.446
218.367 363.946
218.367 363.946
218.517 364.196
218.517 364.196
218.517 364.196
218.667 364.446
218.667 364.446
218.817 364.696
218.817 364.696
218.817 364.696
218.967 364.946
218.967 364.946
218.967 364.946
219.267 365.446
219.267 365.446
219.267 365.446
219.267 365.446
219.567 365.946
219.567 365.946
219.867 366.446
219.867 366.446
219.867 366.446
219.867 366.446
220.167 366.946
220.167 366.946
220.467 367.446
220.467 367.446
220.467 367.446
220.467 367.446
220.767 367.946
220.767 367.946
220.767 367.946
220.917 368.196
220.917 368.196
221.067 368.446
221.067 368.446
221.217 368.696
221.367 368.946
221.367 368.946
221.367 368.946
221.667 369.446
221.667 369.446
221.667 369.446
221.967 369.946
221.967 369.946
222.267 370.446
222.267 370.446
222.267 370.446
222.267 370.446
222.567 370.946
222.567 370.946
222.567 370.946
222.867 371.446
222.867 371.446
222.867 371.446
222.867 371.446
223.167 371.946
223.167 371.946
223.317 372.196
223.467 372.446
223.467 372.446
223.617 372.696
223.617 372.696
223.767 372.946
223.767 372.946
223.767 372.946
224.067 373.446
224.067 373.446
224.067 373.446
224.067 373.446
224.067 373.446
224.367 373.946
224.367 373.946
224.367 373.946
224.367 373.946
224.667 374.446
224.667 374.446
224.667 374.446
224.667 374.446
224.667 374.446
224.967 374.946
224.967 374.946
225.267 375.446
225.267 375.446
225.267 375.446
225.267 375.446
225.567 375.946
225.717 376.196
225.717 376.196
225.717 376.196
225.867 376.446
225.867 376.446
226.017 376.696
226.017 376.696
226.167 376.946
226.467 377.446
226.467 377.446
226.467 377.446
226.467 377.446
226.767 377.946
226.767 377.946
227.067 378.446
227.067 378.446
227.067 378.446
227.367 378.946
227.367 378.946
227.667 379.446
227.667 379.446
227.667 379.446
227.667 379.446
227.967 379.946
227.967 379.946
228.117 380.196
228.117 380.196
228.117 380.196
228.117 380.196
228.267 380.446
228.267 380.446
228.267 380.446
228.417 380.696
228.417 380.696
228.417 380.696
228.567 380.946
228.567 380.946
228.567 380.946
228.867 381.446
228.867 381.446
228.867 381.446
228.867 381.446
229.167 381.946
229.167 381.946
229.467 382.446
229.467 382.446
229.467 382.446
229.467 382.446
229.767 382.946
229.767 382.946
230.067 383.446
230.067 383.446
230.067 383.446
230.067 383.446
230.067 383.446
230.367 383.946
230.517 384.196
230.517 384.196
230.517 384.196
230.667 384.446
230.817 384.696
230.817 384.696
230.817 384.696
230.967 384.946
230.967 384.946
231.267 385.446
231.267 385.446
231.267 385.446
231.267 385.446
231.567 385.946
231.567 385.946
231.567 385.946
231.867 386.446
231.867 386.446
231.867 386.446
231.867 386.446
231.867 386.446
232.167 386.946
232.467 387.446
232.467 387.446
232.467 387.446
232.467 387.446
232.467 387.446
232.767 387.946
232.767 387.946
232.917 388.196
232.917 388.196
233.067 388.446
233.217 388.696
233.217 388.696
233.217 388.696
233.367 388.946
233.367 388.946
233.667 389.446
233.667 389.446
233.667 389.446
233.667 389.446
233.667 389.446
233.967 389.946
233.967 389.946
234.267 390.446
234.267 390.446
234.267 390.446
234.267 390.446
234.267 390.446
234.567 390.946
234.567 390.946
234.717 391.196
234.717 391.196
234.717 391.196
234.717 391.196
234.867 391.446
234.867 391.446
235.167 391.946
235.167 391.946
235.467 392.446
236.367 393.946
236.367 393.946
236.367 393.946
236.667 394.446
236.667 394.446
236.667 394.446
236.667 394.446
236.667 394.446
236.967 394.946
236.967 394.946
237.117 395.196
237.117 395.196
237.117 395.196
237.117 395.196
237.117 395.196
237.267 395.446
237.267 395.446
237.567 395.946
237.567 395.946
237.567 395.946
237.717 396.196
238.167 396.946
238.167 396.946
238.167 396.946
238.467 397.446
238.617 397.696
238.617 397.696
238.617 397.696
239.067 398.446
239.067 398.446
239.067 398.446
239.067 398.446
239.067 398.446
239.367 398.946
239.367 398.946
239.517 399.196
239.517 399.196
239.517 399.196
239.517 399.196
239.667 399.446
239.667 399.446
239.967 399.946
239.967 399.946
240.267 400.446
240.267 400.446
240.267 400.446
241.017 401.696
241.167 401.946
241.467 402.446
241.467 402.446
241.467 402.446
241.467 402.446
241.467 402.446
241.767 402.946
241.767 402.946
241.917 403.196
241.917 403.196
241.917 403.196
241.917 403.196
242.067 403.446
242.067 403.446
242.367 403.946
242.367 403.946
242.667 404.446
242.967 404.946
242.967 404.946
242.967 404.946
242.967 404.946
243.267 405.446
243.267 405.446
243.417 405.696
243.417 405.696
243.417 405.696
243.417 405.696
243.567 405.946
243.567 405.946
243.717 406.196
243.867 406.446
243.867 406.446
243.867 406.446
243.867 406.446
243.867 406.446
244.167 406.946
244.167 406.946
244.317 407.196
244.317 407.196
244.317 407.196
244.317 407.196
244.467 407.446
244.467 407.446
244.767 407.946
244.767 407.946
244.767 407.946
245.067 408.446
245.067 408.446
245.217 408.696
245.217 408.696
245.367 408.946
245.517 409.196
245.667 409.446
245.667 409.446
245.667 409.446
245.967 409.946
246.117 410.196
246.267 410.446
246.267 410.446
246.267 410.446
246.267 410.446
246.267 410.446
246.267 410.446
246.567 410.946
246.567 410.946
246.567 410.946
246.717 411.196
246.717 411.196
246.717 411.196
246.717 411.196
246.867 411.446
246.867 411.446
246.867 411.446
247.167 411.946
247.167 411.946
247.467 412.446
247.467 412.446
247.467 412.446
247.617 412.696
247.617 412.696
247.917 413.196
247.917 413.196
248.067 413.446
248.067 413.446
248.217 413.696
248.367 413.946
248.367 413.946
248.517 414.196
248.667 414.446
248.667 414.446
248.667 414.446
248.667 414.446
248.667 414.446
248.667 414.446
248.967 414.946
248.967 414.946
248.967 414.946
249.117 415.196
249.117 415.196
249.117 415.196
249.117 415.196
249.267 415.446
249.267 415.446
249.267 415.446
249.567 415.946
249.567 415.946
249.867 416.446
249.867 416.446
250.317 417.196
250.317 417.196
250.317 417.196
250.467 417.446
250.467 417.446
250.617 417.696
250.767 417.946
250.767 417.946
250.767 417.946
251.067 418.446
251.067 418.446
251.067 418.446
251.067 418.446
251.367 418.946
251.517 419.196
251.517 419.196
251.667 419.446
251.667 419.446
251.817 419.696
251.967 419.946
251.967 419.946
251.967 419.946
252.267 420.446
252.267 420.446
252.417 420.696
252.417 420.696
252.567 420.946
252.867 421.446
252.867 421.446
252.867 421.446
253.017 421.696
253.167 421.946
253.317 422.196
253.467 422.446
253.467 422.446
253.467 422.446
253.467 422.446
253.467 422.446
253.467 422.446
253.767 422.946
253.767 422.946
253.767 422.946
253.917 423.196
253.917 423.196
253.917 423.196
253.917 423.196
254.067 423.446
254.067 423.446
254.067 423.446
254.367 423.946
254.367 423.946
254.667 424.446
254.667 424.446
254.667 424.446
254.817 424.696
254.817 424.696
254.967 424.946
254.967 424.946
255.117 425.196
255.267 425.446
255.267 425.446
255.417 425.696
255.567 425.946
255.567 425.946
255.717 426.196
255.867 426.446
255.867 426.446
255.867 426.446
255.867 426.446
255.867 426.446
256.317 427.196
256.317 427.196
256.317 427.196
256.317 427.196
256.618 427.696
256.618 427.696
256.767 427.946
256.767 427.946
256.767 427.946
257.067 428.446
257.067 428.446
257.368 428.946
257.517 429.196
257.517 429.196
257.667 429.446
257.667 429.446
257.817 429.696
257.967 429.946
257.967 429.946
257.967 429.946
258.267 430.446
258.267 430.446
258.267 430.446
258.267 430.446
258.267 430.446
258.717 431.196
258.717 431.196
258.717 431.196
258.717 431.196
259.017 431.696
259.017 431.696
259.167 431.946
259.167 431.946
259.167 431.946
259.467 432.446
259.467 432.446
259.618 432.696
259.618 432.696
259.767 432.946
260.067 433.446
260.067 433.446
260.067 433.446
260.217 433.696
260.368 433.946
260.558 434.263
260.608 434.346
260.618 434.363
260.665 434.442
260.674 434.456
260.68 434.467
260.691 434.485
261.355 435.592
261.442 435.738
261.624 436.04
261.625 436.042
261.907 436.512
262.105 436.842
262.106 436.844
262.109 436.848
262.126 436.877
262.298 437.163
262.418 437.363
262.481 437.469
262.491 437.485
262.506 437.51
262.565 437.608
262.752 437.921
262.919 438.198
262.931 438.219
263.02 438.367
263.316 438.86
263.429 439.048
263.766 439.61
263.852 439.754
263.859 439.765
263.91 439.85
263.994 439.99
264.277 440.462
264.366 440.61
264.512 440.854
264.597 440.996
264.641 441.069
264.849 441.415
265.002 441.671
265.005 441.675
265.17 441.95
265.277 442.129
265.525 442.542
265.531 442.552
265.762 442.938
265.786 442.977
265.921 443.202
266.036 443.394
266.044 443.406
266.13 443.55
266.234 443.723
266.284 443.806
266.334 443.89
266.449 444.081
266.517 444.196
266.567 444.279
266.644 444.406
266.723 444.538
266.808 444.679
266.933 444.888
267.074 445.123
267.134 445.223
267.269 445.448
267.296 445.494
267.519 445.865
267.637 446.062
267.717 446.196
267.812 446.354
267.917 446.529
268.022 446.704
268.081 446.802
268.097 446.829
268.123 446.871
268.217 447.029
268.317 447.196
268.416 447.36
268.529 447.548
268.632 447.721
268.736 447.894
268.855 448.092
268.962 448.271
269.089 448.481
269.205 448.675
269.345 448.908
269.487 449.146
269.601 449.335
269.811 449.685
270.004 450.006
270.264 450.44
270.265 450.442
270.452 450.754
270.495 450.825
270.553 450.921
270.695 451.158
270.868 451.446
