1.05889 1.83542
1.05889 1.83542
1.34736 2.33542
1.63582 2.83542
1.63582 2.83542
2.21274 3.83542
2.21274 3.83542
2.5012 4.33542
2.78966 4.83542
3.36659 5.83542
3.36659 5.83542
3.65505 6.33542
3.65505 6.33542
3.94351 6.83542
4.23197 7.33542
4.23197 7.33542
4.52043 7.83542
4.52043 7.83542
4.52043 7.83542
4.80889 8.33542
5.09736 8.83542
5.67428 9.83542
5.67428 9.83542
5.67428 9.83542
5.96274 10.3354
6.2512 10.8354
6.2512 10.8354
6.53966 11.3354
6.82812 11.8354
6.82812 11.8354
7.11659 12.3354
7.40505 12.8354
7.40505 12.8354
7.69351 13.3354
7.98197 13.8354
7.98197 13.8354
7.98197 13.8354
8.27043 14.3354
8.55889 14.8354
8.84735 15.3354
9.13582 15.8354
9.76803 16.9312
10.0565 17.4312
10.345 17.9312
10.345 17.9312
10.6334 18.4312
10.9219 18.9312
10.9219 18.9312
11.4988 19.9312
11.4988 19.9312
11.4988 19.9312
11.4988 19.9312
11.7873 20.4312
12.0757 20.9312
12.0757 20.9312
12.3642 21.4312
12.6526 21.9312
12.6526 21.9312
12.6526 21.9312
12.9411 22.4312
12.9411 22.4312
13.2296 22.9312
13.2296 22.9312
13.518 23.4312
13.518 23.4312
13.8065 23.9312
13.8065 23.9312
14.095 24.4312
14.3834 24.9312
14.6719 25.4312
14.9603 25.9312
14.9603 25.9312
14.9603 25.9312
14.9603 25.9312
15.2488 26.4312
15.5373 26.9312
15.5373 26.9312
15.8257 27.4312
16.1142 27.9312
16.1142 27.9312
16.1142 27.9312
16.1142 27.9312
16.4031 28.4313
16.6944 28.9312
16.6944 28.9312
16.9856 29.4312
16.9856 29.4312
17.2769 29.9312
17.2769 29.9312
17.2769 29.9312
17.5682 30.4312
17.8594 30.9312
18.1507 31.4312
18.4419 31.9312
18.7332 32.4312
19.5512 33.8354
19.5512 33.8354
19.5512 33.8354
19.5512 33.8354
19.8424 34.3354
20.1337 34.8354
20.1337 34.8354
20.425 35.3354
20.425 35.3354
21.2987 36.8354
21.59 37.3354
21.59 37.3354
21.8813 37.8354
21.8813 37.8354
22.1725 38.3354
22.4638 38.8354
22.4638 38.8354
22.755 39.3354
22.755 39.3354
23.3376 40.3354
23.6288 40.8354
24.2114 41.8354
24.2114 41.8354
24.2114 41.8354
24.2114 41.8354
24.5026 42.3354
24.7939 42.8354
24.7939 42.8354
25.0851 43.3354
25.0851 43.3354
25.9589 44.8354
25.9589 44.8354
26.2502 45.3354
26.2502 45.3354
26.5415 45.8354
26.5415 45.8354
26.5415 45.8354
26.5415 45.8354
26.8327 46.3354
27.124 46.8354
27.124 46.8354
27.4152 47.3354
27.4152 47.3354
27.9978 48.3354
28.289 48.8354
28.5803 49.3354
28.8715 49.8354
28.8715 49.8354
28.8715 49.8354
28.8715 49.8354
29.1628 50.3354
29.4541 50.8354
29.4541 50.8354
29.7453 51.3354
29.7453 51.3354
30.6191 52.8354
30.6191 52.8354
30.9104 53.3354
30.9104 53.3354
31.2016 53.8354
31.2016 53.8354
31.2016 53.8354
31.4929 54.3354
31.7842 54.8354
31.7842 54.8354
32.0754 55.3354
32.0754 55.3354
32.0754 55.3354
32.3667 55.8354
32.658 56.3354
32.9492 56.8354
33.2405 57.3354
33.2405 57.3354
33.5317 57.8354
33.5317 57.8354
33.823 58.3354
34.1143 58.8354
34.4055 59.3354
34.9881 60.3354
35.2793 60.8354
35.5706 61.3354
35.8618 61.8354
35.8618 61.8354
35.8618 61.8354
36.1531 62.3354
36.4444 62.8354
36.7356 63.3354
36.7356 63.3354
38.1896 65.8354
38.1896 65.8354
38.1896 65.8354
38.1896 65.8354
38.4774 66.3354
38.7652 66.8354
38.7652 66.8354
39.0529 67.3354
39.0529 67.3354
39.6285 68.3354
39.9162 68.8354
39.9858 68.9562
40.204 69.3354
40.4918 69.8354
40.4918 69.8354
40.4918 69.8354
40.4918 69.8354
40.7795 70.3354
41.0673 70.8354
41.0673 70.8354
41.3551 71.3354
41.3551 71.3354
41.9306 72.3354
42.2184 72.8354
42.5062 73.3354
42.7939 73.8354
42.7939 73.8354
42.7939 73.8354
42.7939 73.8354
43.0817 74.3354
43.3695 74.8354
43.3695 74.8354
43.6572 75.3354
43.6572 75.3354
44.2328 76.3354
44.2676 76.3958
44.5205 76.8354
44.8083 77.3354
45.0961 77.8354
45.0961 77.8354
45.0961 77.8354
45.0961 77.8354
45.3839 78.3354
45.6716 78.8354
45.6716 78.8354
45.9594 79.3354
45.9594 79.3354
46.5349 80.3354
46.8227 80.8354
47.1108 81.3354
47.4 81.8354
47.4 81.8354
47.4 81.8354
47.4 81.8354
47.6891 82.3354
47.9783 82.8354
47.9783 82.8354
48.2674 83.3354
48.2674 83.3354
48.8458 84.3354
49.1349 84.8354
49.1349 84.8354
49.4241 85.3354
49.4241 85.3354
49.7132 85.8354
49.7132 85.8354
49.7132 85.8354
49.7132 85.8354
50.0024 86.3354
50.0024 86.3354
50.2915 86.8354
50.2915 86.8354
50.5807 87.3354
50.5807 87.3354
50.8698 87.8354
51.159 88.3354
51.1674 88.35
51.4482 88.8354
51.7373 89.3354
51.7373 89.3354
52.0265 89.8354
52.0265 89.8354
52.0265 89.8354
52.3156 90.3354
52.6048 90.8354
52.8939 91.3354
53.4801 92.3354
53.7742 92.8354
54.0684 93.3354
54.3625 93.8354
54.3625 93.8354
54.3625 93.8354
54.6566 94.3354
54.9507 94.8354
55.2448 95.3354
55.2448 95.3354
55.2448 95.3354
55.2448 95.3354
55.5389 95.8354
55.8331 96.3354
56.1272 96.8354
56.1272 96.8354
56.1272 96.8354
56.4213 97.3354
56.4213 97.3354
56.4213 97.3354
56.7154 97.8354
56.7154 97.8354
56.7154 97.8354
56.7154 97.8354
56.7179 97.8396
57.0095 98.3354
57.2765 98.7958
57.2825 98.8063
57.2994 98.8354
57.5893 99.3354
57.8393 99.7667
57.8792 99.8354
57.8792 99.8354
57.8792 99.8354
57.8792 99.8354
58.169 100.335
58.4589 100.835
58.4589 100.835
58.7487 101.335
58.7487 101.335
59.0386 101.835
59.0386 101.835
59.0386 101.835
59.0386 101.835
59.0398 101.838
59.3176 102.317
59.3284 102.335
59.3284 102.335
59.6171 102.833
59.6183 102.835
59.6183 102.835
59.9081 103.335
59.9081 103.335
59.9154 103.348
60.1895 103.821
60.198 103.835
60.198 103.835
60.198 103.835
60.198 103.835
60.4878 104.335
60.7777 104.835
60.7777 104.835
60.7777 104.835
60.7777 104.835
61.0676 105.335
61.3574 105.835
61.3574 105.835
61.3574 105.835
61.3574 105.835
61.3586 105.838
61.6473 106.335
61.6799 106.392
61.9371 106.835
61.9371 106.835
61.9395 106.84
62.227 107.335
62.5156 107.833
62.5168 107.835
62.5168 107.835
62.5168 107.835
62.5168 107.835
62.8067 108.335
63.0965 108.835
63.0965 108.835
63.0965 108.835
63.0965 108.835
63.3864 109.335
63.3864 109.335
63.669 109.823
63.6763 109.835
63.6763 109.835
63.6763 109.835
63.6763 109.835
63.9661 110.335
63.9661 110.335
64.256 110.835
64.256 110.835
64.256 110.835
64.5458 111.335
64.5458 111.335
64.8357 111.835
64.8357 111.835
64.8357 111.835
64.8357 111.835
65.1255 112.335
65.4154 112.835
65.4154 112.835
65.4154 112.835
65.4154 112.835
65.7052 113.335
65.7052 113.335
65.9951 113.835
65.9951 113.835
65.9951 113.835
65.9951 113.835
65.9999 113.844
66.0084 113.858
66.2849 114.335
66.5748 114.835
66.5748 114.835
66.8647 115.335
67.1448 115.819
67.1473 115.823
67.1545 115.835
67.1545 115.835
67.1545 115.835
67.1545 115.835
67.4444 116.335
67.7342 116.835
67.7342 116.835
68.0241 117.335
68.0241 117.335
68.3139 117.835
68.3139 117.835
68.3139 117.835
68.3139 117.835
68.3151 117.838
68.6038 118.335
68.6038 118.335
68.8936 118.835
68.8936 118.835
69.1843 119.335
69.1843 119.335
69.2182 119.394
69.4749 119.835
69.4749 119.835
69.4749 119.835
69.4749 119.835
69.5075 119.892
69.7654 120.335
70.056 120.835
70.056 120.835
70.056 120.835
70.056 120.835
70.3465 121.335
70.6371 121.835
70.6371 121.835
70.6371 121.835
70.6371 121.835
70.6649 121.883
70.9276 122.335
71.2182 122.835
71.2182 122.835
71.5088 123.335
71.7993 123.835
71.7993 123.835
71.7993 123.835
71.7993 123.835
71.8078 123.85
72.0899 124.335
72.3804 124.835
72.3804 124.835
72.3804 124.835
72.3804 124.835
72.671 125.335
72.671 125.335
72.9615 125.835
72.9615 125.835
72.9615 125.835
73.2448 126.323
73.2485 126.329
73.2521 126.335
73.2521 126.335
73.5426 126.835
73.8332 127.335
74.1238 127.835
74.1238 127.835
74.1238 127.835
74.7053 128.835
74.9965 129.335
74.9965 129.335
75.2878 129.835
75.2878 129.835
75.2878 129.835
75.3133 129.879
75.5791 130.335
75.8703 130.835
75.8703 130.835
76.1616 131.335
76.1616 131.335
77.0354 132.835
77.3266 133.335
77.3266 133.335
77.6179 133.835
77.6179 133.835
77.9092 134.335
78.2004 134.835
78.2004 134.835
78.4917 135.335
78.4917 135.335
79.0742 136.335
79.3655 136.835
79.948 137.835
79.948 137.835
79.948 137.835
79.948 137.835
80.2393 138.335
80.5305 138.835
80.5305 138.835
80.8218 139.335
80.8218 139.335
81.6956 140.835
81.6956 140.835
81.9868 141.335
81.9868 141.335
82.2781 141.835
82.2781 141.835
82.2781 141.835
82.2781 141.835
82.5693 142.335
82.8606 142.835
82.8606 142.835
83.1519 143.335
83.1519 143.335
83.7344 144.335
84.0257 144.835
84.3169 145.335
84.6082 145.835
84.6082 145.835
84.6082 145.835
84.6082 145.835
84.8994 146.335
85.1907 146.835
85.1907 146.835
85.482 147.335
85.482 147.335
86.3558 148.835
86.3558 148.835
86.647 149.335
86.647 149.335
86.9383 149.835
86.9383 149.835
86.9383 149.835
87.2295 150.335
87.5208 150.835
87.5208 150.835
87.8121 151.335
87.8121 151.335
87.8121 151.335
88.1033 151.835
88.3946 152.335
88.6859 152.835
88.9771 153.335
88.9771 153.335
89.2684 153.835
89.2684 153.835
89.5596 154.335
89.8509 154.835
90.1422 155.335
90.7247 156.335
91.0159 156.835
91.3072 157.335
91.5985 157.835
91.5985 157.835
91.5985 157.835
91.8897 158.335
91.9055 158.363
92.181 158.835
92.1834 158.84
92.465 159.323
92.4723 159.335
92.4723 159.335
92.7526 159.817
93.9279 161.835
93.9279 161.835
93.9279 161.835
93.9279 161.835
94.2178 162.335
94.5076 162.835
94.5076 162.835
94.7975 163.335
94.7975 163.335
95.3772 164.335
95.6465 164.8
95.667 164.835
95.9569 165.335
96.2467 165.835
96.2467 165.835
96.2467 165.835
96.2467 165.835
96.5366 166.335
96.8264 166.835
96.8264 166.835
97.1163 167.335
97.1163 167.335
97.696 168.335
97.9859 168.835
98.2757 169.335
98.5656 169.835
98.5656 169.835
98.5656 169.835
98.5656 169.835
98.8554 170.335
99.1453 170.835
99.1453 170.835
99.4351 171.335
99.4351 171.335
99.9508 172.225
100.015 172.335
100.305 172.835
100.595 173.335
100.884 173.835
100.884 173.835
100.884 173.835
100.909 173.877
101.174 174.335
101.464 174.835
101.464 174.835
101.754 175.335
101.754 175.335
102.334 176.335
102.624 176.835
102.913 177.335
103.203 177.835
103.203 177.835
103.203 177.835
103.203 177.835
103.492 178.335
103.78 178.835
103.78 178.835
104.069 179.335
104.069 179.335
104.646 180.335
104.934 180.835
104.934 180.835
105.223 181.335
105.223 181.335
105.511 181.835
105.511 181.835
105.511 181.835
105.511 181.835
105.799 182.335
105.799 182.335
106.088 182.835
106.088 182.835
106.376 183.335
106.376 183.335
106.665 183.835
106.926 184.287
106.953 184.335
107.242 184.835
107.528 185.331
107.53 185.335
107.819 185.835
107.819 185.835
107.819 185.835
108.107 186.335
108.396 186.835
108.684 187.335
109.263 188.335
109.553 188.835
109.843 189.335
110.133 189.835
110.133 189.835
110.133 189.835
110.423 190.335
110.713 190.835
111.003 191.335
111.003 191.335
111.003 191.335
111.003 191.335
111.292 191.835
111.582 192.335
111.872 192.835
111.872 192.835
111.872 192.835
112.162 193.335
112.162 193.335
112.162 193.335
112.452 193.835
112.452 193.835
112.452 193.835
112.452 193.835
112.464 193.856
112.742 194.335
112.846 194.515
113.019 194.815
113.032 194.835
113.032 194.835
113.321 195.335
113.582 195.785
113.611 195.835
113.611 195.835
113.611 195.835
113.611 195.835
113.901 196.335
114.191 196.835
114.191 196.835
114.481 197.335
114.481 197.335
114.751 197.802
114.771 197.835
114.771 197.835
114.771 197.835
114.771 197.835
115.025 198.275
115.061 198.335
115.061 198.335
115.33 198.8
115.35 198.835
115.35 198.835
115.606 199.277
115.64 199.335
115.64 199.335
115.91 199.8
115.93 199.835
115.93 199.835
115.93 199.835
115.93 199.835
116.22 200.335
116.51 200.835
116.51 200.835
116.51 200.835
116.51 200.835
116.8 201.335
117.089 201.835
117.089 201.835
117.089 201.835
117.089 201.835
117.118 201.885
117.379 202.335
117.407 202.383
117.669 202.835
117.669 202.835
117.72 202.923
117.959 203.335
118.249 203.835
118.249 203.835
118.249 203.835
118.249 203.835
118.259 203.852
118.539 204.335
118.829 204.835
118.829 204.835
118.829 204.835
118.829 204.835
119.118 205.335
119.118 205.335
119.408 205.835
119.408 205.835
119.408 205.835
119.408 205.835
119.408 205.835
119.698 206.335
119.698 206.335
119.988 206.835
119.988 206.835
119.988 206.835
120.278 207.335
120.278 207.335
120.568 207.835
120.568 207.835
120.568 207.835
120.568 207.835
120.858 208.335
121.147 208.835
121.147 208.835
121.147 208.835
121.147 208.835
121.437 209.335
121.437 209.335
121.727 209.835
121.727 209.835
121.727 209.835
121.727 209.835
121.75 209.875
121.76 209.892
122.017 210.335
122.307 210.835
122.307 210.835
122.597 211.335
122.882 211.827
122.887 211.835
122.887 211.835
122.887 211.835
122.887 211.835
122.89 211.842
123.176 212.335
123.466 212.835
123.466 212.835
123.756 213.335
123.756 213.335
124.046 213.835
124.046 213.835
124.046 213.835
124.046 213.835
124.058 213.856
124.336 214.335
124.336 214.335
124.626 214.835
124.626 214.835
124.916 215.335
124.916 215.335
124.96 215.412
125.205 215.835
125.205 215.835
125.205 215.835
125.205 215.835
125.249 215.91
125.495 216.335
125.785 216.835
125.785 216.835
125.785 216.835
125.785 216.835
126.075 217.335
126.365 217.835
126.365 217.835
126.365 217.835
126.365 217.835
126.404 217.902
126.655 218.335
126.945 218.835
126.945 218.835
127.235 219.335
127.526 219.835
127.526 219.835
127.526 219.835
127.526 219.835
127.545 219.869
127.817 220.335
128.108 220.835
128.108 220.835
128.108 220.835
128.108 220.835
128.4 221.335
128.4 221.335
128.691 221.835
128.691 221.835
128.691 221.835
128.791 222.006
128.793 222.01
128.982 222.335
128.982 222.335
129.274 222.835
129.565 223.335
129.856 223.835
129.856 223.835
129.856 223.835
130.439 224.835
130.439 224.835
130.73 225.335
130.73 225.335
130.73 225.335
131.021 225.835
131.021 225.835
131.021 225.835
131.021 225.835
131.037 225.863
131.312 226.335
131.419 226.519
131.594 226.819
131.604 226.835
131.604 226.835
131.895 227.335
132.159 227.79
132.186 227.835
132.186 227.835
132.186 227.835
132.186 227.835
132.477 228.335
132.769 228.835
132.769 228.835
133.06 229.335
133.06 229.335
133.335 229.808
133.351 229.835
133.351 229.835
133.351 229.835
133.351 229.835
133.61 230.279
133.642 230.335
133.642 230.335
133.916 230.804
133.934 230.835
133.934 230.835
134.193 231.281
134.225 231.335
134.225 231.335
134.499 231.806
134.516 231.835
134.516 231.835
134.516 231.835
134.516 231.835
134.808 232.335
135.099 232.835
135.099 232.835
135.099 232.835
135.099 232.835
135.39 233.335
135.681 233.835
135.681 233.835
135.681 233.835
135.681 233.835
135.714 233.892
135.973 234.335
136.004 234.39
136.264 234.835
136.264 234.835
136.318 234.929
136.553 235.335
136.841 235.835
136.841 235.835
136.841 235.835
136.841 235.835
136.854 235.858
137.13 236.335
137.418 236.835
137.418 236.835
137.418 236.835
137.418 236.835
137.707 237.335
137.707 237.335
137.995 237.835
137.995 237.835
137.995 237.835
137.995 237.835
137.997 237.84
138.283 238.335
138.283 238.335
138.572 238.835
138.572 238.835
138.572 238.835
138.86 239.335
138.86 239.335
139.149 239.835
139.149 239.835
139.149 239.835
139.149 239.835
139.437 240.335
139.726 240.835
139.726 240.835
139.726 240.835
139.726 240.835
140.014 241.335
140.014 241.335
140.303 241.835
140.303 241.835
140.303 241.835
140.303 241.835
140.329 241.881
140.338 241.896
140.591 242.335
140.88 242.835
140.88 242.835
141.168 243.335
141.454 243.831
141.457 243.835
141.457 243.835
141.457 243.835
141.457 243.835
141.464 243.848
141.745 244.335
142.033 244.835
142.033 244.835
142.322 245.335
142.322 245.335
142.61 245.835
142.61 245.835
142.61 245.835
142.61 245.835
142.625 245.86
142.899 246.335
142.899 246.335
143.187 246.835
143.187 246.835
143.476 247.335
143.476 247.335
143.523 247.417
143.764 247.835
143.764 247.835
143.764 247.835
143.764 247.835
143.81 247.915
144.053 248.335
144.341 248.835
144.341 248.835
144.341 248.835
144.341 248.835
144.63 249.335
144.92 249.835
144.92 249.835
144.92 249.835
144.92 249.835
144.962 249.906
145.212 250.335
145.503 250.835
145.503 250.835
145.794 251.335
146.085 251.835
146.085 251.835
146.085 251.835
146.085 251.835
146.107 251.873
146.377 252.335
146.668 252.835
146.668 252.835
146.668 252.835
146.668 252.835
146.959 253.335
146.959 253.335
147.25 253.835
147.25 253.835
147.25 253.835
147.352 254.01
147.356 254.017
147.542 254.335
147.542 254.335
147.833 254.835
148.124 255.335
148.415 255.835
148.415 255.835
148.415 255.835
148.998 256.835
149.289 257.335
149.289 257.335
149.58 257.835
149.58 257.835
149.58 257.835
149.58 257.835
149.872 258.335
150.163 258.835
150.454 259.335
150.454 259.335
150.454 259.335
150.454 259.335
150.6 259.585
150.746 259.835
151.037 260.335
151.037 260.335
151.328 260.835
151.328 260.835
151.328 260.835
151.619 261.335
151.619 261.335
151.619 261.335
151.911 261.835
151.911 261.835
151.911 261.835
151.911 261.835
152.202 262.335
152.347 262.585
152.493 262.835
152.784 263.335
152.784 263.335
152.784 263.335
152.784 263.335
153.367 264.335
153.367 264.335
153.658 264.835
153.658 264.835
153.658 264.835
153.949 265.335
153.949 265.335
154.095 265.585
154.241 265.835
154.241 265.835
154.241 265.835
154.241 265.835
154.532 266.335
154.678 266.585
154.823 266.835
155.114 267.335
155.114 267.335
155.114 267.335
155.406 267.835
155.697 268.335
155.843 268.585
155.988 268.835
155.988 268.835
156.279 269.335
156.571 269.835
156.571 269.835
156.571 269.835
156.571 269.835
156.862 270.335
157.153 270.835
157.445 271.335
157.445 271.335
157.445 271.335
157.445 271.335
157.59 271.585
157.736 271.835
158.027 272.335
158.318 272.835
158.318 272.835
158.318 272.835
158.61 273.335
158.901 273.835
158.901 273.835
158.901 273.835
159.192 274.335
159.338 274.585
159.483 274.835
159.483 274.835
159.775 275.335
159.775 275.335
159.775 275.335
159.775 275.335
159.92 275.585
160.066 275.835
160.357 276.335
160.357 276.335
160.503 276.585
160.648 276.835
160.648 276.835
160.94 277.335
160.94 277.335
161.231 277.835
161.231 277.835
161.231 277.835
161.231 277.835
161.522 278.335
161.668 278.585
161.813 278.835
162.105 279.335
162.105 279.335
162.105 279.335
162.105 279.335
162.396 279.835
162.396 279.835
162.687 280.335
162.979 280.835
162.979 280.835
163.27 281.335
163.27 281.335
163.27 281.335
163.415 281.585
163.561 281.835
163.561 281.835
163.561 281.835
163.561 281.835
163.561 281.835
163.561 281.835
163.852 282.335
164.144 282.835
164.435 283.335
164.435 283.335
164.435 283.335
165.017 284.335
165.017 284.335
165.017 284.335
165.309 284.835
165.309 284.835
165.309 284.835
165.309 284.835
165.6 285.335
165.6 285.335
165.6 285.335
165.891 285.835
165.891 285.835
165.891 285.835
165.891 285.835
166.182 286.335
166.474 286.835
166.765 287.335
166.765 287.335
166.765 287.335
166.765 287.335
167.056 287.835
167.056 287.835
167.347 288.335
167.347 288.335
167.347 288.335
167.639 288.835
167.639 288.835
167.928 289.335
167.928 289.335
168.218 289.835
168.218 289.835
168.218 289.835
168.218 289.835
168.221 289.842
168.507 290.335
168.601 290.498
168.775 290.8
168.796 290.835
168.796 290.835
169.085 291.335
169.336 291.769
169.374 291.835
169.374 291.835
169.374 291.835
169.374 291.835
169.663 292.335
169.952 292.835
169.952 292.835
170.242 293.335
170.242 293.335
170.503 293.788
170.531 293.835
170.531 293.835
170.531 293.835
170.531 293.835
170.777 294.26
170.82 294.335
170.82 294.335
171.079 294.783
171.109 294.835
171.109 294.835
171.355 295.26
171.398 295.335
171.398 295.335
171.659 295.785
171.687 295.835
171.687 295.835
171.687 295.835
171.687 295.835
171.977 296.335
172.266 296.835
172.266 296.835
172.266 296.835
172.266 296.835
172.555 297.335
172.844 297.835
172.844 297.835
172.844 297.835
172.844 297.835
172.865 297.871
173.133 298.335
173.152 298.369
173.422 298.835
173.422 298.835
173.465 298.908
173.712 299.335
174.001 299.835
174.001 299.835
174.001 299.835
174.001 299.835
174.002 299.837
174.29 300.335
174.579 300.835
174.579 300.835
174.579 300.835
174.579 300.835
174.868 301.335
174.868 301.335
175.148 301.819
175.157 301.835
175.157 301.835
175.157 301.835
175.157 301.835
175.446 302.335
175.446 302.335
175.736 302.835
175.736 302.835
175.736 302.835
176.025 303.335
176.025 303.335
176.314 303.835
176.314 303.835
176.314 303.835
176.314 303.835
176.603 304.335
176.892 304.835
176.892 304.835
176.892 304.835
176.892 304.835
177.181 305.335
177.181 305.335
177.471 305.835
177.471 305.835
177.471 305.835
177.471 305.835
177.485 305.86
177.495 305.877
177.76 306.335
178.049 306.835
178.049 306.835
178.338 307.335
178.614 307.812
178.622 307.827
178.627 307.835
178.627 307.835
178.627 307.835
178.627 307.835
178.916 308.335
179.205 308.835
179.205 308.835
179.495 309.335
179.495 309.335
179.784 309.835
179.784 309.835
179.784 309.835
179.784 309.835
179.786 309.84
180.073 310.335
180.073 310.335
180.362 310.835
180.362 310.835
180.651 311.335
180.651 311.335
180.686 311.396
180.94 311.835
180.94 311.835
180.94 311.835
180.94 311.835
180.975 311.896
181.229 312.335
181.517 312.835
181.517 312.835
181.517 312.835
181.517 312.835
181.806 313.335
182.094 313.835
182.094 313.835
182.094 313.835
182.094 313.835
182.124 313.887
182.383 314.335
182.671 314.835
182.671 314.835
182.96 315.335
183.248 315.835
183.248 315.835
183.248 315.835
183.248 315.835
183.259 315.854
183.537 316.335
183.825 316.835
183.825 316.835
183.825 316.835
183.825 316.835
184.114 317.335
184.114 317.335
184.402 317.835
184.402 317.835
184.402 317.835
184.492 317.992
184.495 317.996
184.69 318.335
184.69 318.335
184.979 318.835
185.267 319.335
185.556 319.835
185.556 319.835
185.556 319.835
186.134 320.835
186.134 320.835
186.425 321.335
186.425 321.335
186.425 321.335
186.717 321.835
186.717 321.835
186.717 321.835
186.717 321.835
186.717 321.835
187.008 322.335
187.099 322.492
187.274 322.792
187.299 322.835
187.299 322.835
187.59 323.335
187.839 323.762
187.882 323.835
187.882 323.835
187.882 323.835
187.882 323.835
188.173 324.335
188.464 324.835
188.464 324.835
188.755 325.335
188.755 325.335
189.015 325.781
189.047 325.835
189.047 325.835
189.047 325.835
189.047 325.835
189.289 326.252
189.338 326.335
189.338 326.335
189.595 326.777
189.629 326.835
189.629 326.835
189.873 327.254
189.92 327.335
189.92 327.335
190.178 327.777
190.212 327.835
190.212 327.835
190.212 327.835
190.212 327.835
190.503 328.335
190.794 328.835
190.794 328.835
190.794 328.835
190.794 328.835
191.086 329.335
191.377 329.835
191.377 329.835
191.377 329.835
191.377 329.835
191.393 329.863
191.668 330.335
191.684 330.363
191.959 330.835
191.959 330.835
191.998 330.902
192.251 331.335
192.538 331.829
192.542 331.835
192.542 331.835
192.542 331.835
192.542 331.835
192.833 332.335
193.124 332.835
193.124 332.835
193.124 332.835
193.124 332.835
193.416 333.335
193.416 333.335
193.694 333.812
193.707 333.835
193.707 333.835
193.707 333.835
193.707 333.835
193.998 334.335
193.998 334.335
194.289 334.835
194.289 334.835
194.289 334.835
194.581 335.335
194.581 335.335
194.872 335.835
194.872 335.835
194.872 335.835
194.872 335.835
195.163 336.335
195.454 336.835
195.454 336.835
195.454 336.835
195.454 336.835
195.746 337.335
195.746 337.335
196.037 337.835
196.037 337.835
196.037 337.835
196.037 337.835
196.048 337.854
196.056 337.869
196.328 338.335
196.619 338.835
196.619 338.835
196.911 339.335
197.184 339.804
197.192 339.819
197.202 339.835
197.202 339.835
197.202 339.835
197.202 339.835
197.493 340.335
197.785 340.835
197.785 340.835
198.076 341.335
198.076 341.335
198.366 341.833
198.367 341.835
198.367 341.835
198.367 341.835
198.367 341.835
198.658 342.335
198.658 342.335
198.95 342.835
198.95 342.835
199.241 343.335
199.241 343.335
199.272 343.39
199.532 343.835
199.532 343.835
199.532 343.835
199.532 343.835
199.562 343.887
199.823 344.335
200.115 344.835
200.115 344.835
200.115 344.835
200.115 344.835
200.406 345.335
200.697 345.835
200.697 345.835
200.697 345.835
200.697 345.835
200.723 345.879
200.988 346.335
201.28 346.835
201.28 346.835
201.571 347.335
201.862 347.835
201.862 347.835
201.862 347.835
201.862 347.835
201.868 347.846
202.153 348.335
202.445 348.835
202.445 348.835
202.445 348.835
202.445 348.835
202.736 349.335
202.736 349.335
203.027 349.835
203.027 349.835
203.027 349.835
203.113 349.983
203.117 349.99
203.319 350.335
203.319 350.335
203.61 350.835
203.901 351.335
204.192 351.835
204.192 351.835
204.192 351.835
204.775 352.835
205.066 353.335
205.066 353.335
205.357 353.835
205.357 353.835
205.357 353.835
205.357 353.835
205.649 354.335
205.94 354.835
205.94 354.835
206.231 355.335
206.231 355.335
206.814 356.335
207.105 356.835
207.396 357.335
207.396 357.335
207.687 357.835
207.687 357.835
207.687 357.835
207.687 357.835
207.979 358.335
208.27 358.835
208.27 358.835
208.561 359.335
208.561 359.335
209.144 360.335
209.435 360.835
209.726 361.335
210.018 361.835
210.018 361.835
210.018 361.835
210.018 361.835
210.309 362.335
210.6 362.835
210.6 362.835
210.891 363.335
210.891 363.335
211.472 364.335
211.503 364.39
211.761 364.835
212.051 365.335
212.341 365.835
212.341 365.835
212.341 365.835
212.341 365.835
212.631 366.335
212.921 366.835
212.921 366.835
213.211 367.335
213.211 367.335
213.79 368.335
214.08 368.835
214.37 369.335
214.66 369.835
214.66 369.835
214.66 369.835
214.66 369.835
214.95 370.335
215.24 370.835
215.24 370.835
215.53 371.335
215.53 371.335
216.109 372.335
216.399 372.835
216.399 372.835
216.689 373.335
216.689 373.335
216.979 373.835
216.979 373.835
216.979 373.835
216.979 373.835
217.269 374.335
217.269 374.335
217.559 374.835
217.559 374.835
217.848 375.335
217.848 375.335
218.138 375.835
218.408 376.3
218.428 376.335
218.718 376.835
219.008 377.335
219.008 377.335
219.298 377.835
219.298 377.835
219.587 378.335
219.877 378.835
219.877 378.835
220.456 379.835
220.456 379.835
220.745 380.335
221.034 380.835
221.613 381.835
221.613 381.835
221.902 382.335
221.902 382.335
222.191 382.835
222.48 383.335
222.48 383.335
222.769 383.835
222.769 383.835
222.769 383.835
223.058 384.335
223.348 384.835
223.926 385.835
223.926 385.835
223.926 385.835
224.215 386.335
224.504 386.835
224.504 386.835
224.793 387.335
225.082 387.835
225.082 387.835
225.372 388.335
225.661 388.835
225.661 388.835
225.95 389.335
226.239 389.835
226.239 389.835
226.239 389.835
226.528 390.335
226.817 390.835
227.107 391.335
227.396 391.835
227.974 392.835
228.263 393.335
228.552 393.835
228.552 393.835
228.841 394.335
229.131 394.835
229.131 394.835
229.709 395.835
229.709 395.835
229.709 395.835
229.709 395.835
229.998 396.335
230.287 396.835
230.287 396.835
230.576 397.335
230.866 397.835
230.866 397.835
230.866 397.835
231.155 398.335
231.155 398.335
231.444 398.835
231.444 398.835
231.733 399.335
231.733 399.335
232.022 399.835
232.022 399.835
232.311 400.335
232.601 400.835
232.89 401.335
233.179 401.835
233.179 401.835
233.179 401.835
233.179 401.835
233.468 402.335
233.757 402.835
233.757 402.835
234.05 403.335
234.347 403.835
234.347 403.835
234.347 403.835
234.347 403.835
234.647 404.335
234.956 404.835
234.956 404.835
235.265 405.335
235.265 405.335
235.58 405.835
235.58 405.835
235.58 405.835
235.895 406.335
236.216 406.835
236.538 407.335
236.861 407.835
237.183 408.335
