3 4
3.375 4.5
3.75 5
3.75 5
3.75 5
3.75 5
3.75 5
4.125 5.5
4.3125 5.75
4.875 6.5
4.875 6.5
4.875 6.5
4.875 6.5
4.875 6.5
6 8
6 8
6.1875 8.25
6.375 8.5
6.375 8.5
6.75 9
6.75 9
6.75 9
6.75 9
7.3125 9.75
7.3125 9.75
7.875 10.5
7.875 10.5
7.875 10.5
8.25 11
8.625 11.5
8.625 11.5
9 12
9 12
9 12
9 12
9.375 12.5
9.375 12.5
9.75 13
9.75 13
9.75 13
9.75 13
10.3125 13.75
10.3125 13.75
10.875 14.5
10.875 14.5
10.875 14.5
12 16
12 16
12.1875 16.25
12.375 16.5
12.375 16.5
12.75 17
12.75 17
12.75 17
12.75 17
13.875 18.5
14.0625 18.75
14.25 19
14.25 19
14.25 19
15.75 21
15.75 21
15.75 21
15.75 21
16.125 21.5
16.125 21.5
16.5 22
16.875 22.5
16.875 22.5
16.875 22.5
17.25 23
17.625 23.5
18 24
18.375 24.5
18.75 25
18.75 25
18.75 25
18.75 25
19.125 25.5
19.5 26
19.5 26
19.875 26.5
19.875 26.5
19.875 26.5
20.625 27.5
21 28
21 28
21.75 29
21.75 29
21.75 29
21.75 29
22.3125 29.75
22.5 30
22.5 30
22.5 30
22.875 30.5
22.875 30.5
23.25 31
23.25 31
23.25 31
23.25 31
23.8125 31.75
24 32
24.375 32.5
24.375 32.5
24.375 32.5
24.75 33
24.75 33
25.125 33.5
25.5 34
25.875 34.5
25.875 34.5
27 36
27 36
27.75 37
27.75 37
27.75 37
27.75 37
28.125 37.5
28.5 38
28.5 38
28.875 38.5
28.875 38.5
29.25 39
29.25 39
29.25 39
29.625 39.5
30.375 40.5
30.375 40.5
30.75 41
30.75 41
30.75 41
30.75 41
31.125 41.5
31.5 42
31.5 42
31.875 42.5
31.875 42.5
32.25 43
32.25 43
32.25 43
32.625 43.5
32.625 43.5
33 44
33 44
33 44
33.375 44.5
33.75 45
33.75 45
33.75 45
33.75 45
33.75 45
34.125 45.5
34.5 46
34.875 46.5
35.25 47
35.25 47
35.25 47
35.25 47
35.625 47.5
35.8125 47.75
36 48
36 48
36 48
36.375 48.5
36.375 48.5
36.75 49
36.75 49
36.75 49
36.75 49
37.125 49.5
37.3125 49.75
37.3125 49.75
37.875 50.5
37.875 50.5
37.875 50.5
38.625 51.5
38.8125 51.75
39 52
39 52
39.1875 52.25
39.375 52.5
39.75 53
39.75 53
39.75 53
39.75 53
40.125 53.5
40.125 53.5
40.5 54
40.875 54.5
40.875 54.5
40.875 54.5
41.25 55
41.625 55.5
42 56
42.375 56.5
42.75 57
42.75 57
42.75 57
42.75 57
43.125 57.5
43.5 58
43.5 58
43.875 58.5
43.875 58.5
43.875 58.5
44.625 59.5
44.625 59.5
45 60
45 60
45 60
45.375 60.5
45.75 61
45.75 61
45.75 61
45.75 61
45.75 61
46.3125 61.75
46.5 62
46.5 62
46.5 62
46.875 62.5
46.875 62.5
47.25 63
47.25 63
47.25 63
47.25 63
47.25 63
47.8125 63.75
48 64
48.375 64.5
48.375 64.5
48.375 64.5
48.75 65
48.75 65
49.125 65.5
49.125 65.5
49.5 66
49.5 66
49.875 66.5
49.875 66.5
49.875 66.5
50.25 67
51 68
51 68
51 68
51.375 68.5
51.75 69
51.75 69
51.75 69
51.75 69
51.75 69
52.125 69.5
52.5 70
52.5 70
52.875 70.5
52.875 70.5
53.25 71
53.25 71
53.25 71
53.625 71.5
54.375 72.5
54.375 72.5
54.75 73
54.75 73
54.75 73
54.75 73
55.125 73.5
55.5 74
55.5 74
55.875 74.5
55.875 74.5
56.25 75
56.25 75
56.25 75
56.625 75.5
56.625 75.5
57 76
57 76
57.75 77
57.75 77
57.75 77
57.75 77
58.125 77.5
58.125 77.5
58.5 78
58.5 78
58.875 78.5
58.875 78.5
59.25 79
59.25 79
59.25 79
59.25 79
59.25 79
59.625 79.5
59.8125 79.75
60 80
60 80
60 80
60.375 80.5
60.375 80.5
60.75 81
60.75 81
60.75 81
60.75 81
60.75 81
61.125 81.5
61.125 81.5
61.5 82
61.5 82
61.875 82.5
61.875 82.5
62.0625 82.75
62.0625 82.75
62.25 83
62.25 83
62.25 83
62.625 83.5
62.625 83.5
63 84
63 84
63 84
63 84
63 84
63.375 84.5
63.375 84.5
63.375 84.5
63.75 85
63.75 85
63.75 85
63.75 85
63.75 85
63.75 85
63.75 85
63.75 85
64.3125 85.75
64.6875 86.25
64.875 86.5
64.875 86.5
65.25 87
65.25 87
65.25 87
65.25 87
65.6141 87.4854
65.625 87.5
65.625 87.5
66 88
66 88
66 88
66.0031 88.0042
66.1875 88.25
66.3594 88.4792
66.375 88.5
66.375 88.5
66.75 89
66.75 89
66.75 89
66.7609 89.0146
67.125 89.5
67.5 90
67.5 90
67.6875 90.25
67.8656 90.4875
68.0531 90.7375
68.0625 90.75
68.0625 90.75
68.2437 90.9917
68.25 91
68.4375 91.25
68.625 91.5
68.9703 91.9604
69 92
69 92
69 92
69 92
69.1609 92.2146
69.3531 92.4708
69.375 92.5
69.375 92.5
69.7188 92.9583
69.75 93
69.75 93
69.75 93
69.75 93
69.75 93
70.5 94
70.875 94.5
70.875 94.5
71.0625 94.75
71.25 95
71.25 95
71.25 95
71.25 95
71.5984 95.4646
71.625 95.5
71.625 95.5
71.9969 95.9958
72 96
72 96
72 96
72 96
72.3469 96.4625
72.375 96.5
72.375 96.5
72.7297 96.9729
72.75 97
72.75 97
72.75 97
72.75 97
73.125 97.5
73.125 97.5
73.5 98
73.5 98
73.875 98.5
74.0625 98.75
74.0625 98.75
74.25 99
74.4375 99.25
74.4375 99.25
74.625 99.5
75 100
75 100
75 100
75.0594 100.079
75.375 100.5
75.375 100.5
75.3875 100.517
75.75 101
75.75 101
75.75 101
75.75 101
75.7609 101.015
76.125 101.5
76.5 102
76.5 102
76.5 102
76.875 102.5
77.0625 102.75
77.0625 102.75
77.25 103
77.625 103.5
78 104
78 104
78.3672 104.49
78.375 104.5
78.375 104.5
78.75 105
78.75 105
78.75 105
78.75 105
78.7781 105.037
79.5 106
79.5 106
79.5 106
79.8438 106.458
79.875 106.5
80.0625 106.75
80.0625 106.75
80.2281 106.971
80.25 107
80.4375 107.25
80.625 107.5
81 108
81 108
81.375 108.5
81.3813 108.508
81.75 109
81.75 109
81.75 109
81.75 109
81.7625 109.017
82.125 109.5
82.125 109.5
82.3125 109.75
82.5 110
82.6875 110.25
82.875 110.5
82.875 110.5
83.25 111
83.25 111
83.25 111
83.25 111
83.625 111.5
83.625 111.5
84 112
84 112
84.1875 112.25
84.375 112.5
84.7297 112.973
84.75 113
84.75 113
84.75 113
84.75 113
85.0984 113.465
85.125 113.5
85.3125 113.75
85.4781 113.971
85.5 114
85.5 114
85.8813 114.508
86.0625 114.75
86.0625 114.75
86.4375 115.25
86.625 115.5
86.625 115.5
87 116
87 116
87.1875 116.25
87.1875 116.25
87.375 116.5
87.375 116.5
87.75 117
87.75 117
87.75 117
87.75 117
87.75 117
88.3125 117.75
88.6875 118.25
88.875 118.5
88.875 118.5
89.2297 118.973
89.25 119
89.25 119
89.25 119
89.25 119
89.625 119.5
89.625 119.5
89.9688 119.958
90 120
90 120
90 120
90.1875 120.25
90.375 120.5
90.375 120.5
90.7422 120.99
90.75 121
90.75 121
90.75 121
91.125 121.5
91.5 122
91.5 122
92.0625 122.75
92.0625 122.75
92.25 123
92.4375 123.25
92.6047 123.473
92.625 123.5
93 124
93 124
93 124
93 124
93.0031 124.004
93.3719 124.496
93.375 124.5
93.375 124.5
93.75 125
93.75 125
93.75 125
93.75 125
93.75 125
93.7578 125.01
94.5 126
94.875 126.5
94.875 126.5
95.0625 126.75
95.25 127
95.25 127
95.25 127
95.25 127
95.625 127.5
95.625 127.5
96 128
96 128
96 128
96 128
96.375 128.5
96.375 128.5
96.75 129
96.75 129
96.75 129
96.75 129
97.125 129.5
97.125 129.5
97.5 130
97.5 130
97.875 130.5
98.05 130.733
98.0625 130.75
98.0625 130.75
98.25 131
98.25 131
98.4266 131.235
98.4375 131.25
98.4375 131.25
98.6016 131.469
98.625 131.5
98.7781 131.704
99 132
99 132
99 132
99.0016 132.002
99.3453 132.46
99.375 132.5
99.375 132.5
99.725 132.967
99.75 133
99.75 133
99.75 133
99.75 133
100.125 133.5
100.5 134
100.5 134
100.5 134
100.875 134.5
101.062 134.75
101.062 134.75
101.237 134.983
101.25 135
101.625 135.5
101.998 135.998
102 136
102 136
102.375 136.5
102.375 136.5
102.75 137
102.75 137
102.75 137
102.75 137
102.781 137.042
103.5 138
103.5 138
103.5 138
103.875 138.5
104.062 138.75
104.062 138.75
104.25 139
104.438 139.25
104.625 139.5
104.998 139.998
105 140
105 140
105.333 140.444
105.375 140.5
105.708 140.944
105.75 141
105.75 141
105.75 141
105.75 141
106.125 141.5
106.312 141.75
106.5 142
106.688 142.25
106.875 142.5
106.875 142.5
107.25 143
107.25 143
107.25 143
107.25 143
107.25 143
107.625 143.5
108 144
108 144
108 144
108.375 144.5
108.375 144.5
108.75 145
108.75 145
108.75 145
108.75 145
108.75 145
109.125 145.5
109.125 145.5
109.5 146
109.5 146
109.875 146.5
110.062 146.75
110.25 147
110.438 147.25
110.625 147.5
110.625 147.5
111 148
111 148
111 148
111 148
111.375 148.5
111.375 148.5
111.375 148.5
111.75 149
111.75 149
111.75 149
111.75 149
111.75 149
112.125 149.5
112.125 149.5
112.5 150
112.5 150
112.5 150
112.5 150
112.875 150.5
113.25 151
113.25 151
113.25 151
113.25 151
113.25 151
113.625 151.5
113.812 151.75
114.188 152.25
114.375 152.5
114.375 152.5
114.375 152.5
114.75 153
114.75 153
114.75 153
114.75 153
115.125 153.5
115.125 153.5
115.5 154
115.5 154
115.875 154.5
116.25 155
116.25 155
117 156
117 156
117.188 156.25
117.375 156.5
117.562 156.75
117.75 157
117.75 157
117.75 157
117.75 157
118.125 157.5
118.312 157.75
118.312 157.75
118.312 157.75
118.688 158.25
118.875 158.5
118.875 158.5
118.875 158.5
119.062 158.75
119.438 159.25
119.438 159.25
119.812 159.75
120 160
120 160
120 160
120.188 160.25
120.375 160.5
120.562 160.75
120.75 161
120.75 161
120.75 161
120.891 161.188
121.312 161.75
121.312 161.75
121.312 161.75
121.5 162
121.688 162.25
121.875 162.5
121.875 162.5
121.875 162.5
122.25 163
122.25 163
122.438 163.25
122.438 163.25
122.438 163.25
122.625 163.5
122.812 163.75
123 164
123 164
123 164
123.375 164.5
123.75 165
123.75 165
123.75 165
123.938 165.25
124.312 165.75
124.5 166
124.5 166
124.5 166
124.5 166
124.688 166.25
124.875 166.5
125.062 166.75
125.062 166.75
125.438 167.25
125.438 167.25
125.625 167.5
125.625 167.5
125.625 167.5
125.812 167.75
126 168
126 168
126 168
126.375 168.5
126.375 168.5
126.75 169
126.75 169
126.75 169
126.75 169
126.938 169.25
127.125 169.5
127.312 169.75
127.5 170
127.5 170
127.5 170
127.5 170
127.688 170.25
127.875 170.5
127.875 170.5
128.062 170.75
128.062 170.75
128.25 171
128.25 171
128.25 171
129.75 173
129.75 173
129.75 173
129.75 173
130.125 173.5
130.125 173.5
130.5 174
130.875 174.5
130.875 174.5
130.875 174.5
131.25 175
131.625 175.5
132 176
132.375 176.5
132.75 177
132.75 177
132.75 177
132.75 177
133.125 177.5
133.5 178
133.5 178
133.875 178.5
133.875 178.5
133.875 178.5
134.625 179.5
134.625 179.5
135 180
135 180
135 180
135.375 180.5
135.75 181
135.75 181
135.75 181
135.75 181
135.75 181
136.312 181.75
136.5 182
136.5 182
136.5 182
136.875 182.5
136.875 182.5
137.25 183
137.25 183
137.25 183
137.25 183
137.25 183
137.812 183.75
138 184
138.375 184.5
138.375 184.5
138.375 184.5
138.75 185
138.75 185
139.125 185.5
139.125 185.5
139.5 186
139.5 186
139.875 186.5
139.875 186.5
139.875 186.5
140.25 187
141 188
141 188
141 188
141.375 188.5
141.75 189
141.75 189
141.75 189
141.75 189
141.75 189
142.125 189.5
142.5 190
142.5 190
142.875 190.5
142.875 190.5
143.25 191
143.25 191
143.25 191
143.625 191.5
144.375 192.5
144.375 192.5
144.75 193
144.75 193
144.75 193
144.75 193
145.125 193.5
145.5 194
145.5 194
145.875 194.5
145.875 194.5
146.25 195
146.25 195
146.25 195
146.625 195.5
146.625 195.5
147 196
147 196
147.75 197
147.75 197
147.75 197
147.75 197
148.125 197.5
148.125 197.5
148.5 198
148.5 198
148.875 198.5
148.875 198.5
149.25 199
149.25 199
149.25 199
149.25 199
149.25 199
149.625 199.5
149.812 199.75
150 200
150 200
150 200
150.375 200.5
150.375 200.5
150.75 201
150.75 201
150.75 201
150.75 201
150.75 201
151.125 201.5
151.125 201.5
151.5 202
151.5 202
151.875 202.5
151.875 202.5
152.062 202.75
152.062 202.75
152.25 203
152.25 203
152.25 203
152.625 203.5
152.625 203.5
153 204
153 204
153 204
153 204
153 204
153.375 204.5
153.375 204.5
153.375 204.5
153.75 205
153.75 205
153.75 205
153.75 205
153.75 205
153.75 205
153.75 205
154.312 205.75
154.688 206.25
154.875 206.5
154.875 206.5
155.25 207
155.25 207
155.25 207
155.25 207
155.614 207.485
155.625 207.5
155.625 207.5
156 208
156 208
156 208
156.003 208.004
156.188 208.25
156.359 208.479
156.375 208.5
156.375 208.5
156.75 209
156.75 209
156.75 209
156.761 209.015
157.125 209.5
157.5 210
157.5 210
157.688 210.25
157.866 210.488
158.053 210.738
158.062 210.75
158.062 210.75
158.244 210.992
158.25 211
158.438 211.25
158.625 211.5
158.97 211.96
159 212
159 212
159 212
159 212
159.161 212.215
159.353 212.471
159.375 212.5
159.375 212.5
159.719 212.958
159.75 213
159.75 213
159.75 213
159.75 213
159.75 213
160.5 214
160.875 214.5
160.875 214.5
161.062 214.75
161.25 215
161.25 215
161.25 215
161.25 215
161.598 215.465
161.625 215.5
161.625 215.5
161.997 215.996
162 216
162 216
162 216
162 216
162.347 216.463
162.375 216.5
162.375 216.5
162.73 216.973
162.75 217
162.75 217
162.75 217
162.75 217
163.125 217.5
163.125 217.5
163.5 218
163.5 218
163.875 218.5
164.062 218.75
164.062 218.75
164.25 219
164.438 219.25
164.438 219.25
164.625 219.5
165 220
165 220
165 220
165.059 220.079
165.375 220.5
165.375 220.5
165.388 220.517
165.75 221
165.75 221
165.75 221
165.75 221
165.761 221.015
166.125 221.5
166.5 222
166.5 222
166.5 222
166.875 222.5
167.062 222.75
167.062 222.75
167.25 223
167.625 223.5
168 224
168 224
168.367 224.49
168.375 224.5
168.375 224.5
168.75 225
168.75 225
168.75 225
168.75 225
168.778 225.037
169.5 226
169.5 226
169.5 226
169.844 226.458
169.875 226.5
170.062 226.75
170.062 226.75
170.228 226.971
170.25 227
170.438 227.25
170.625 227.5
171 228
171 228
171.375 228.5
171.381 228.508
171.75 229
171.75 229
171.75 229
171.75 229
171.763 229.017
172.125 229.5
172.125 229.5
172.312 229.75
172.5 230
172.688 230.25
172.875 230.5
172.875 230.5
173.25 231
173.25 231
173.25 231
173.25 231
173.625 231.5
173.625 231.5
174 232
174 232
174.188 232.25
174.375 232.5
174.73 232.973
174.75 233
174.75 233
174.75 233
174.75 233
175.098 233.465
175.125 233.5
175.312 233.75
175.478 233.971
175.5 234
175.5 234
175.881 234.508
176.062 234.75
176.062 234.75
176.438 235.25
176.625 235.5
176.625 235.5
177 236
177 236
177.188 236.25
177.188 236.25
177.375 236.5
177.375 236.5
177.75 237
177.75 237
177.75 237
177.75 237
177.75 237
178.312 237.75
178.688 238.25
178.875 238.5
178.875 238.5
179.23 238.973
179.25 239
179.25 239
179.25 239
179.25 239
179.625 239.5
179.625 239.5
179.969 239.958
180 240
180 240
180 240
180.188 240.25
180.375 240.5
180.375 240.5
180.742 240.99
180.75 241
180.75 241
180.75 241
181.125 241.5
181.5 242
181.5 242
182.062 242.75
182.062 242.75
182.25 243
182.438 243.25
182.605 243.473
182.625 243.5
183 244
183 244
183 244
183 244
183.003 244.004
183.372 244.496
183.375 244.5
183.375 244.5
183.75 245
183.75 245
183.75 245
183.75 245
183.75 245
183.758 245.01
184.5 246
184.875 246.5
184.875 246.5
185.062 246.75
185.25 247
185.25 247
185.25 247
185.25 247
185.625 247.5
185.625 247.5
186 248
186 248
186 248
186 248
186.375 248.5
186.375 248.5
186.75 249
186.75 249
186.75 249
186.75 249
187.125 249.5
187.125 249.5
187.5 250
187.5 250
187.875 250.5
188.05 250.733
188.062 250.75
188.062 250.75
188.25 251
188.25 251
188.427 251.235
188.438 251.25
188.438 251.25
188.602 251.469
188.625 251.5
188.778 251.704
189 252
189 252
189 252
189.002 252.002
189.345 252.46
189.375 252.5
189.375 252.5
189.725 252.967
189.75 253
189.75 253
189.75 253
189.75 253
190.125 253.5
190.5 254
190.5 254
190.5 254
190.875 254.5
191.062 254.75
191.062 254.75
191.237 254.983
191.25 255
191.625 255.5
191.998 255.998
192 256
192 256
192.375 256.5
192.375 256.5
192.75 257
192.75 257
192.75 257
192.75 257
192.781 257.042
193.5 258
193.5 258
193.5 258
193.875 258.5
194.062 258.75
194.062 258.75
194.25 259
194.438 259.25
194.625 259.5
194.998 259.998
195 260
195 260
195.333 260.444
195.375 260.5
195.708 260.944
195.75 261
195.75 261
195.75 261
195.75 261
196.125 261.5
196.312 261.75
196.5 262
196.688 262.25
196.875 262.5
196.875 262.5
197.25 263
197.25 263
197.25 263
197.25 263
197.25 263
197.625 263.5
198 264
198 264
198 264
198.375 264.5
198.375 264.5
198.75 265
198.75 265
198.75 265
198.75 265
198.75 265
199.125 265.5
199.125 265.5
199.5 266
199.5 266
199.875 266.5
200.062 266.75
200.25 267
200.438 267.25
200.625 267.5
201 268
201 268
201 268
201 268
201.375 268.5
201.375 268.5
201.75 269
201.75 269
201.75 269
201.75 269
201.75 269
201.75 269
202.125 269.5
202.5 270
202.5 270
202.5 270
202.875 270.5
202.875 270.5
203.062 270.75
203.062 270.75
203.25 271
203.25 271
203.438 271.25
203.614 271.485
203.625 271.5
203.625 271.5
204 272
204 272
204 272
204 272
204 272
204 272
204.003 272.004
204.359 272.479
204.375 272.5
204.375 272.5
204.375 272.5
204.75 273
204.75 273
204.75 273
204.761 273.015
205.125 273.5
205.5 274
205.5 274
205.688 274.25
205.866 274.488
206.053 274.738
206.062 274.75
206.062 274.75
206.244 274.992
206.25 275
206.438 275.25
206.625 275.5
206.97 275.96
207 276
207 276
207 276
207 276
207.161 276.215
207.353 276.471
207.375 276.5
207.375 276.5
207.719 276.958
207.75 277
207.75 277
207.75 277
207.75 277
207.75 277
208.5 278
208.875 278.5
208.875 278.5
209.062 278.75
209.25 279
209.25 279
209.25 279
209.25 279
209.598 279.465
209.625 279.5
209.625 279.5
209.997 279.996
210 280
210 280
210 280
210 280
210.347 280.462
210.375 280.5
210.375 280.5
210.73 280.973
210.75 281
210.75 281
210.75 281
210.75 281
211.125 281.5
211.125 281.5
211.5 282
211.5 282
211.875 282.5
212.062 282.75
212.062 282.75
212.25 283
212.438 283.25
212.438 283.25
212.625 283.5
213 284
213 284
213 284
213.059 284.079
213.375 284.5
213.375 284.5
213.388 284.517
213.75 285
213.75 285
213.75 285
213.75 285
213.761 285.015
214.125 285.5
214.5 286
214.5 286
214.5 286
214.875 286.5
215.062 286.75
215.062 286.75
215.25 287
215.625 287.5
216 288
216 288
216.367 288.49
216.375 288.5
216.375 288.5
216.75 289
216.75 289
216.75 289
216.75 289
216.778 289.038
217.5 290
217.5 290
217.5 290
217.844 290.458
217.875 290.5
218.062 290.75
218.062 290.75
218.228 290.971
218.25 291
218.438 291.25
218.625 291.5
219 292
219 292
219.375 292.5
219.381 292.508
219.75 293
219.75 293
219.75 293
219.75 293
219.763 293.017
220.125 293.5
220.125 293.5
220.312 293.75
220.5 294
220.688 294.25
220.875 294.5
220.875 294.5
221.25 295
221.25 295
221.25 295
221.25 295
221.625 295.5
221.625 295.5
222 296
222 296
222.188 296.25
222.375 296.5
222.73 296.973
222.75 297
222.75 297
222.75 297
222.75 297
223.098 297.465
223.125 297.5
223.312 297.75
223.478 297.971
223.5 298
223.5 298
223.881 298.508
224.062 298.75
224.062 298.75
224.438 299.25
224.625 299.5
224.625 299.5
225 300
225 300
225.188 300.25
225.188 300.25
225.375 300.5
225.375 300.5
225.75 301
225.75 301
225.75 301
225.75 301
225.75 301
226.312 301.75
226.688 302.25
226.875 302.5
226.875 302.5
227.23 302.973
227.25 303
227.25 303
227.25 303
227.25 303
227.625 303.5
227.625 303.5
227.969 303.958
228 304
228 304
228 304
228.188 304.25
228.375 304.5
228.375 304.5
228.742 304.99
228.75 305
228.75 305
228.75 305
229.125 305.5
229.5 306
229.5 306
230.062 306.75
230.062 306.75
230.25 307
230.438 307.25
230.605 307.473
230.625 307.5
231 308
231 308
231 308
231 308
231.003 308.004
231.372 308.496
231.375 308.5
231.375 308.5
231.75 309
231.75 309
231.75 309
231.75 309
231.75 309
231.758 309.01
232.5 310
232.875 310.5
232.875 310.5
233.062 310.75
233.25 311
233.25 311
233.25 311
233.25 311
233.625 311.5
233.625 311.5
234 312
234 312
234 312
234 312
234.375 312.5
234.375 312.5
234.75 313
234.75 313
234.75 313
234.75 313
235.125 313.5
235.125 313.5
235.5 314
235.5 314
235.875 314.5
236.05 314.733
236.062 314.75
236.062 314.75
236.25 315
236.25 315
236.427 315.235
236.438 315.25
236.438 315.25
236.602 315.469
236.625 315.5
236.778 315.704
237 316
237 316
237 316
237.002 316.002
237.345 316.46
237.375 316.5
237.375 316.5
237.725 316.967
237.75 317
237.75 317
237.75 317
237.75 317
238.125 317.5
238.5 318
238.5 318
238.5 318
238.875 318.5
239.062 318.75
239.062 318.75
239.237 318.983
239.25 319
239.625 319.5
239.998 319.998
240 320
240 320
240.375 320.5
240.375 320.5
240.75 321
240.75 321
240.75 321
240.75 321
240.781 321.042
241.5 322
241.5 322
241.5 322
241.875 322.5
242.062 322.75
242.062 322.75
242.25 323
242.438 323.25
242.625 323.5
242.998 323.998
243 324
243 324
243.333 324.444
243.375 324.5
243.708 324.944
243.75 325
243.75 325
243.75 325
243.75 325
244.125 325.5
244.312 325.75
244.5 326
244.688 326.25
244.875 326.5
244.875 326.5
245.25 327
245.25 327
245.25 327
245.25 327
245.25 327
245.625 327.5
246 328
246 328
246 328
246.375 328.5
246.375 328.5
246.75 329
246.75 329
246.75 329
246.75 329
246.75 329
247.125 329.5
247.125 329.5
247.5 330
247.5 330
247.875 330.5
248.062 330.75
248.25 331
248.438 331.25
248.625 331.5
249 332
249 332
249 332
249.375 332.5
249.375 332.5
249.75 333
249.753 333.004
249.756 333.008
249.772 333.029
250.094 333.458
250.125 333.5
250.498 333.998
250.5 334
250.503 334.004
250.845 334.46
250.875 334.5
251.25 335
251.292 335.056
251.573 335.431
251.833 335.777
252.109 336.146
252.398 336.531
254.53 339.373
256.423 341.898
257.25 343
257.25 343
257.25 343
257.812 343.75
257.812 343.75
257.964 343.952
258.137 344.183
258.341 344.454
258.375 344.5
258.375 344.5
258.527 344.702
258.739 344.985
258.938 345.25
258.938 345.25
258.958 345.277
259.311 345.748
259.312 345.75
259.5 346
259.5 346
259.5 346
259.534 346.046
259.875 346.5
259.902 346.535
260.25 347
260.25 347
260.25 347
260.283 347.044
260.812 347.75
260.812 347.75
261.045 348.06
261.233 348.31
261.375 348.5
261.375 348.5
261.414 348.552
261.603 348.804
261.75 349
261.839 349.119
261.938 349.25
261.938 349.25
261.938 349.25
262.084 349.446
262.125 349.5
262.312 349.75
262.316 349.754
262.5 350
262.5 350
262.5 350
262.548 350.065
262.812 350.417
262.875 350.5
263.052 350.735
263.25 351
263.25 351
263.25 351
263.262 351.017
263.428 351.238
263.613 351.483
263.792 351.723
264 352
264 352
264 352
264.562 352.75
264.562 352.75
264.938 353.25
265.125 353.5
265.125 353.5
265.5 354
265.5 354
265.875 354.5
265.906 354.542
266.252 355
266.255 355.004
266.258 355.008
266.477 355.296
266.635 355.504
266.684 355.569
266.822 355.75
267.061 356.062
267.334 356.408
267.393 356.483
267.798 356.996
268.518 357.86
268.534 357.879
268.546 357.894
270.844 360.652
270.846 360.654
271.131 360.996
271.362 361.273
271.589 361.546
271.82 361.823
272.126 362.19
