2.60445 3.16875
2.73972 3.33333
2.86986 3.49167
2.96918 3.6125
2.9863 3.63333
3.00685 3.65833
3.07191 3.7375
3.14383 3.825
3.91438 4.7625
4.20205 5.1125
4.46575 5.43333
4.7363 5.7625
4.97773 6.05625
5.22773 6.36042
5.87328 7.14583
6.00342 7.30417
6.13184 7.46042
6.25342 7.60833
6.38013 7.7625
6.49828 7.90625
6.55479 7.975
6.70205 8.15417
6.70719 8.16042
6.78766 8.25833
6.86986 8.35833
7.01198 8.53125
8.31848 10.1208
8.40924 10.2312
8.51883 10.3646
8.62842 10.4979
8.70205 10.5875
9.44006 11.4854
9.87841 12.0188
10.2089 12.4208
10.4623 12.7292
10.8014 13.1417
11.1969 13.6229
11.6832 14.2146
12.101 14.7229
12.2431 14.8958
12.726 15.4833
13.0171 15.8375
13.2688 16.1438
13.5394 16.4729
13.8065 16.7979
13.8356 16.8333
14.0496 17.0938
14.274 17.3667
14.452 17.5833
14.488 17.6271
14.7483 17.9438
15.0479 18.3083
15.1592 18.4438
15.5103 18.8708
15.8425 19.275
16.1781 19.6833
16.6113 20.2104
16.8544 20.5063
16.9863 20.6667
17.0907 20.7937
17.2209 20.9521
17.2414 20.9771
17.5188 21.3146
17.5822 21.3917
17.8579 21.7271
17.875 21.7479
18.0924 22.0125
18.3287 22.3
18.5582 22.5792
18.9075 23.0042
19.3116 23.4958
19.3116 23.4958
19.3116 23.4958
20.5445 24.9958
20.75 25.2458
20.75 25.2458
20.9555 25.4958
21.1609 25.7458
21.3664 25.9958
21.5719 26.2458
21.5719 26.2458
21.7774 26.4958
21.7774 26.4958
22.1883 26.9958
22.5993 27.4958
22.5993 27.4958
22.5993 27.4958
22.5993 27.4958
23.0103 27.9958
23.0103 27.9958
23.2157 28.2458
23.2157 28.2458
23.2157 28.2458
23.2157 28.2458
23.4212 28.4958
23.4212 28.4958
23.6267 28.7458
23.8322 28.9958
23.8322 28.9958
24.0376 29.2458
24.0376 29.2458
24.2431 29.4958
24.2431 29.4958
24.2431 29.4958
24.2431 29.4958
24.6541 29.9958
24.8596 30.2458
24.8596 30.2458
24.8596 30.2458
25.065 30.4958
25.2705 30.7458
25.476 30.9958
25.6815 31.2458
25.887 31.4958
25.887 31.4958
25.887 31.4958
25.887 31.4958
26.2979 31.9958
26.5034 32.2458
26.5034 32.2458
26.7089 32.4958
26.7089 32.4958
26.7089 32.4958
26.7089 32.4958
26.9144 32.7458
27.1198 32.9958
27.1198 32.9958
27.3253 33.2458
27.3253 33.2458
27.5308 33.4958
27.5308 33.4958
27.7363 33.7458
27.9418 33.9958
28.1472 34.2458
28.3527 34.4958
28.5582 34.7458
28.7637 34.9958
29.1746 35.4958
29.1746 35.4958
29.1746 35.4958
29.1746 35.4958
29.5856 35.9958
29.5856 35.9958
29.7911 36.2458
29.9965 36.4958
29.9965 36.4958
30.202 36.7458
30.4075 36.9958
30.4075 36.9958
30.613 37.2458
30.8185 37.4958
30.8185 37.4958
30.8185 37.4958
30.8185 37.4958
31.2294 37.9958
31.4349 38.2458
31.6404 38.4958
31.6404 38.4958
31.6404 38.4958
31.6404 38.4958
31.8459 38.7458
31.8459 38.7458
32.0513 38.9958
32.0513 38.9958
32.2568 39.2458
32.4623 39.4958
32.4623 39.4958
32.4623 39.4958
32.4623 39.4958
32.8733 39.9958
32.8733 39.9958
33.0787 40.2458
33.2842 40.4958
33.2842 40.4958
33.4897 40.7458
33.6952 40.9958
33.6952 40.9958
33.9007 41.2458
33.9007 41.2458
34.1061 41.4958
34.1061 41.4958
34.1061 41.4958
34.1061 41.4958
34.5171 41.9958
34.7226 42.2458
34.928 42.4958
34.928 42.4958
34.928 42.4958
34.928 42.4958
34.928 42.4958
35.75 43.4958
35.75 43.4958
36.1609 43.9958
36.1609 43.9958
36.3664 44.2458
36.5719 44.4958
36.5719 44.4958
36.9828 44.9958
36.9828 44.9958
36.9828 44.9958
37.1883 45.2458
37.1883 45.2458
37.3938 45.4958
37.3938 45.4958
37.8048 45.9958
37.8048 45.9958
38.0102 46.2458
38.2157 46.4958
38.2157 46.4958
38.6267 46.9958
38.8322 47.2458
39.0376 47.4958
39.0376 47.4958
39.2431 47.7458
39.4486 47.9958
39.4486 47.9958
39.6541 48.2458
39.8595 48.4958
39.8595 48.4958
39.8595 48.4958
40.065 48.7458
40.2705 48.9958
40.2705 48.9958
40.476 49.2458
40.6815 49.4958
40.6815 49.4958
41.0924 49.9958
41.2979 50.2458
41.5034 50.4958
41.5034 50.4958
41.5034 50.4958
41.7089 50.7458
41.9143 50.9958
42.1198 51.2458
42.1198 51.2458
42.3253 51.4958
42.3253 51.4958
42.7363 51.9958
42.7363 51.9958
42.9417 52.2458
43.1472 52.4958
43.1472 52.4958
43.1472 52.4958
43.3527 52.7458
43.5582 52.9958
43.7637 53.2458
43.9691 53.4958
43.9691 53.4958
44.1746 53.7458
44.3801 53.9958
44.3801 53.9958
44.7911 54.4958
44.7911 54.4958
44.9965 54.7458
45.202 54.9958
45.4075 55.2458
45.613 55.4958
45.613 55.4958
45.8184 55.7458
46.0239 55.9958
46.0239 55.9958
46.2294 56.2458
46.4349 56.4958
46.4349 56.4958
46.4349 56.4958
46.4349 56.4958
46.8458 56.9958
46.8458 56.9958
46.8458 56.9958
47.0513 57.2458
47.0513 57.2458
47.2568 57.4958
47.2568 57.4958
47.2568 57.4958
47.4623 57.7458
47.6678 57.9958
47.6678 57.9958
47.8732 58.2458
48.0787 58.4958
48.2842 58.7458
48.2842 58.7458
48.4897 58.9958
48.6952 59.2458
48.9006 59.4958
48.9006 59.4958
49.3116 59.9958
49.3116 59.9958
49.5171 60.2458
49.7226 60.4958
49.7226 60.4958
49.7226 60.4958
49.7226 60.4958
50.1335 60.9958
50.1335 60.9958
50.339 61.2458
50.339 61.2458
50.339 61.2458
50.5445 61.4958
50.5445 61.4958
50.75 61.7458
50.9554 61.9958
50.9554 61.9958
51.3664 62.4958
51.3664 62.4958
51.5719 62.7458
51.7773 62.9958
51.9828 63.2458
52.1883 63.4958
52.1883 63.4958
52.3938 63.7458
52.5993 63.9958
52.5993 63.9958
52.8047 64.2458
53.0102 64.4958
53.2157 64.7458
53.2157 64.7458
53.2157 64.7458
53.4212 64.9958
53.4212 64.9958
53.6267 65.2458
53.8321 65.4958
53.8321 65.4958
53.8321 65.4958
53.8321 65.4958
54.0376 65.7458
54.2431 65.9958
54.4486 66.2458
54.6541 66.4958
54.6541 66.4958
54.6541 66.4958
55.065 66.9958
55.2705 67.2458
55.476 67.4958
55.476 67.4958
55.476 67.4958
55.476 67.4958
55.6815 67.7458
55.8869 67.9958
55.8869 67.9958
56.0924 68.2458
56.2979 68.4958
56.2979 68.4958
56.7088 68.9958
56.7088 68.9958
56.9143 69.2458
56.9143 69.2458
57.1198 69.4958
57.1198 69.4958
57.3253 69.7458
57.5308 69.9958
57.5308 69.9958
57.7362 70.2458
57.7362 70.2458
57.7362 70.2458
57.9417 70.4958
58.3527 70.9958
58.5582 71.2458
58.7636 71.4958
58.7636 71.4958
58.9691 71.7458
59.1746 71.9958
59.1746 71.9958
59.3801 72.2458
59.3801 72.2458
59.5856 72.4958
59.5856 72.4958
59.791 72.7458
59.9965 72.9958
59.9965 72.9958
60.202 73.2458
60.4075 73.4958
60.4075 73.4958
60.613 73.7458
60.8184 73.9958
60.8184 73.9958
61.0239 74.2458
61.0239 74.2458
61.0239 74.2458
61.2294 74.4958
61.2294 74.4958
61.4349 74.7458
61.4349 74.7458
61.6404 74.9958
61.6404 74.9958
61.8458 75.2458
62.0513 75.4958
62.0513 75.4958
62.0513 75.4958
62.4623 75.9958
62.4623 75.9958
62.6677 76.2458
62.8732 76.4958
62.8732 76.4958
63.2842 76.9958
63.2842 76.9958
63.2842 76.9958
63.4897 77.2458
63.4897 77.2458
63.6951 77.4958
63.6951 77.4958
64.1061 77.9958
64.1061 77.9958
64.3116 78.2458
64.5171 78.4958
64.5171 78.4958
64.928 78.9958
65.1335 79.2458
65.339 79.4958
65.339 79.4958
65.5445 79.7458
65.7499 79.9958
65.7499 79.9958
65.9554 80.2458
66.1609 80.4958
66.1609 80.4958
66.1609 80.4958
66.3664 80.7458
66.5719 80.9958
66.5719 80.9958
66.7773 81.2458
66.9828 81.4958
66.9828 81.4958
67.3938 81.9958
67.5992 82.2458
67.8047 82.4958
67.8047 82.4958
67.8047 82.4958
67.8047 82.4958
68.0102 82.7458
68.0102 82.7458
68.2157 82.9958
68.2157 82.9958
68.4212 83.2458
68.4212 83.2458
68.4212 83.2458
68.6266 83.4958
68.6266 83.4958
68.6266 83.4958
69.0376 83.9958
69.0376 83.9958
69.2431 84.2458
69.4486 84.4958
69.4486 84.4958
69.4486 84.4958
69.654 84.7458
69.8595 84.9958
70.065 85.2458
70.2705 85.4958
70.2705 85.4958
70.476 85.7458
70.6814 85.9958
70.6814 85.9958
71.0924 86.4958
71.0924 86.4958
71.2979 86.7458
71.5034 86.9958
71.7088 87.2458
71.9143 87.4958
71.9143 87.4958
72.1198 87.7458
72.3253 87.9958
72.3253 87.9958
72.5308 88.2458
72.7362 88.4958
72.7362 88.4958
72.7362 88.4958
72.7362 88.4958
73.1472 88.9958
73.1472 88.9958
73.1472 88.9958
73.3527 89.2458
73.3527 89.2458
73.5581 89.4958
73.5581 89.4958
73.5581 89.4958
73.7636 89.7458
73.9691 89.9958
73.9691 89.9958
73.9691 89.9958
74.1746 90.2458
74.1746 90.2458
74.3801 90.4958
74.3801 90.4958
74.5855 90.7458
74.5855 90.7458
74.791 90.9958
74.791 90.9958
74.9965 91.2458
74.9965 91.2458
75.202 91.4958
75.202 91.4958
75.202 91.4958
75.4075 91.7458
75.6129 91.9958
75.6129 91.9958
75.8184 92.2458
76.0239 92.4958
76.0239 92.4958
76.4349 92.9958
76.4349 92.9958
76.6403 93.2458
76.6403 93.2458
76.8458 93.4958
76.8458 93.4958
77.0513 93.7458
77.2568 93.9958
77.2568 93.9958
77.6677 94.4958
77.6677 94.4958
77.6677 94.4958
78.0787 94.9958
78.2842 95.2458
78.4896 95.4958
78.4896 95.4958
78.6951 95.7458
78.9006 95.9958
78.9006 95.9958
79.1061 96.2458
79.3116 96.4958
79.3116 96.4958
79.517 96.7458
79.7225 96.9958
79.7225 96.9958
79.928 97.2458
79.928 97.2458
80.1335 97.4958
80.1335 97.4958
80.339 97.7458
80.5444 97.9958
80.5444 97.9958
80.7499 98.2458
80.7499 98.2458
80.9554 98.4958
80.9554 98.4958
80.9554 98.4958
80.9554 98.4958
81.1609 98.7458
81.1609 98.7458
81.3664 98.9958
81.3664 98.9958
81.5718 99.2458
81.7773 99.4958
81.7773 99.4958
81.7773 99.4958
81.7773 99.4958
81.9828 99.7458
82.1883 99.9958
82.3938 100.246
82.3938 100.246
82.3938 100.246
82.5992 100.496
82.5992 100.496
83.0102 100.996
83.0102 100.996
83.2157 101.246
83.4212 101.496
83.4212 101.496
83.4212 101.496
83.4212 101.496
83.4212 101.496
83.6266 101.746
83.8321 101.996
83.8321 101.996
84.0376 102.246
84.0376 102.246
84.2431 102.496
84.2431 102.496
84.2431 102.496
84.2431 102.496
84.4485 102.746
84.654 102.996
84.8595 103.246
85.065 103.496
85.065 103.496
85.065 103.496
85.065 103.496
85.065 103.496
85.2705 103.746
85.4759 103.996
85.4759 103.996
85.4759 103.996
85.6814 104.246
85.6814 104.246
85.6814 104.246
85.8869 104.496
85.8869 104.496
85.8869 104.496
85.8869 104.496
85.8869 104.496
86.0924 104.746
86.2979 104.996
86.2979 104.996
86.2979 104.996
86.5033 105.246
86.5033 105.246
86.5033 105.246
86.7088 105.496
86.7088 105.496
86.7088 105.496
86.7088 105.496
86.7088 105.496
87.1198 105.996
87.3253 106.246
87.5307 106.496
87.5307 106.496
87.7362 106.746
87.9417 106.996
88.1472 107.246
88.3527 107.496
88.3527 107.496
88.3527 107.496
88.7636 107.996
88.7636 107.996
88.7636 107.996
88.9691 108.246
88.9691 108.246
88.9691 108.246
89.1746 108.496
89.1746 108.496
89.1746 108.496
89.5855 108.996
89.5855 108.996
89.5855 108.996
89.791 109.246
89.791 109.246
89.791 109.246
89.9965 109.496
89.9965 109.496
89.9965 109.496
90.8184 110.496
90.8184 110.496
90.8184 110.496
90.8184 110.496
90.8184 110.496
91.6403 111.496
91.6403 111.496
91.6403 111.496
91.6403 111.496
91.6403 111.496
91.6403 111.496
92.0513 111.996
92.0513 111.996
92.2568 112.246
92.4622 112.496
92.4622 112.496
92.4622 112.496
92.4622 112.496
92.8732 112.996
92.8732 112.996
93.0787 113.246
93.0787 113.246
93.2842 113.496
93.2842 113.496
93.2842 113.496
93.2842 113.496
93.6951 113.996
93.6951 113.996
93.9006 114.246
94.1061 114.496
94.1061 114.496
94.1061 114.496
94.1061 114.496
94.3116 114.746
94.517 114.996
94.517 114.996
94.928 115.496
94.928 115.496
94.928 115.496
94.928 115.496
94.928 115.496
94.928 115.496
95.3389 115.996
95.3389 115.996
95.5444 116.246
95.5444 116.246
95.7499 116.496
95.7499 116.496
95.7499 116.496
95.7499 116.496
95.9554 116.746
96.1609 116.996
96.1609 116.996
96.3663 117.246
96.3663 117.246
96.5718 117.496
96.5718 117.496
96.5718 117.496
96.5718 117.496
96.9828 117.996
96.9828 117.996
97.1883 118.246
97.3937 118.496
97.3937 118.496
97.3937 118.496
97.3937 118.496
97.8047 118.996
97.8047 118.996
98.0102 119.246
98.0102 119.246
98.2157 119.496
98.2157 119.496
98.2157 119.496
98.4211 119.746
98.6266 119.996
98.6266 119.996
98.8321 120.246
99.0376 120.496
99.0376 120.496
99.0376 120.496
99.0376 120.496
99.2431 120.746
99.4485 120.996
99.4485 120.996
99.8595 121.496
99.8595 121.496
99.8595 121.496
99.8595 121.496
99.8595 121.496
100.065 121.746
100.27 121.996
100.27 121.996
100.476 122.246
100.681 122.496
100.681 122.496
100.681 122.496
101.092 122.996
101.503 123.496
101.503 123.496
101.503 123.496
101.503 123.496
101.503 123.496
101.914 123.996
101.914 123.996
102.12 124.246
102.325 124.496
102.325 124.496
102.325 124.496
102.325 124.496
102.736 124.996
102.736 124.996
102.942 125.246
103.147 125.496
103.147 125.496
103.147 125.496
103.558 125.996
103.558 125.996
103.764 126.246
103.764 126.246
103.969 126.496
103.969 126.496
103.969 126.496
103.969 126.496
104.175 126.746
104.38 126.996
104.38 126.996
104.586 127.246
104.586 127.246
104.791 127.496
104.791 127.496
104.791 127.496
104.791 127.496
104.791 127.496
105.202 127.996
105.202 127.996
105.407 128.246
105.407 128.246
105.613 128.496
105.613 128.496
105.613 128.496
105.613 128.496
106.024 128.996
106.024 128.996
106.229 129.246
106.435 129.496
106.435 129.496
106.846 129.996
107.051 130.246
107.257 130.496
107.257 130.496
107.257 130.496
107.462 130.746
107.668 130.996
108.079 131.496
108.079 131.496
108.079 131.496
108.079 131.496
108.079 131.496
108.49 131.996
108.49 131.996
108.695 132.246
108.901 132.496
108.901 132.496
108.901 132.496
108.901 132.496
108.901 132.496
109.106 132.746
109.312 132.996
109.312 132.996
109.312 132.996
109.517 133.246
109.517 133.246
109.722 133.496
109.722 133.496
109.722 133.496
109.722 133.496
109.722 133.496
110.133 133.996
110.133 133.996
110.339 134.246
110.544 134.496
110.544 134.496
110.544 134.496
110.544 134.496
110.955 134.996
110.955 134.996
111.161 135.246
111.161 135.246
111.366 135.496
111.366 135.496
111.366 135.496
111.572 135.746
111.777 135.996
111.777 135.996
111.983 136.246
112.188 136.496
112.188 136.496
112.188 136.496
112.188 136.496
112.394 136.746
112.599 136.996
112.599 136.996
113.01 137.496
113.01 137.496
113.01 137.496
113.01 137.496
113.01 137.496
113.216 137.746
113.421 137.996
113.421 137.996
113.627 138.246
113.832 138.496
113.832 138.496
113.832 138.496
114.243 138.996
114.654 139.496
114.654 139.496
114.654 139.496
114.654 139.496
114.654 139.496
114.859 139.746
115.065 139.996
115.065 139.996
115.27 140.246
115.476 140.496
115.476 140.496
115.476 140.496
115.476 140.496
115.681 140.746
115.887 140.996
115.887 140.996
115.887 140.996
116.092 141.246
116.092 141.246
116.092 141.246
116.298 141.496
116.298 141.496
116.298 141.496
116.298 141.496
116.298 141.496
116.709 141.996
116.914 142.246
117.12 142.496
117.12 142.496
117.12 142.496
117.12 142.496
117.942 143.496
118.764 144.496
119.175 144.996
119.38 145.246
119.585 145.496
119.996 145.996
120.202 146.246
120.407 146.496
120.613 146.746
120.613 146.746
120.818 146.996
120.818 146.996
121.024 147.246
121.024 147.246
121.229 147.496
121.229 147.496
121.229 147.496
121.229 147.496
121.64 147.996
122.051 148.496
122.051 148.496
122.051 148.496
122.668 149.246
122.668 149.246
122.873 149.496
123.079 149.746
123.284 149.996
123.284 149.996
123.695 150.496
123.695 150.496
123.695 150.496
123.695 150.496
123.695 150.496
124.106 150.996
124.106 150.996
124.312 151.246
124.517 151.496
124.517 151.496
124.517 151.496
124.517 151.496
124.928 151.996
124.928 151.996
124.928 151.996
125.133 152.246
125.339 152.496
125.339 152.496
125.955 153.246
125.955 153.246
126.161 153.496
126.366 153.746
126.572 153.996
126.572 153.996
126.777 154.246
126.983 154.496
126.983 154.496
126.983 154.496
127.188 154.746
127.394 154.996
127.394 154.996
127.599 155.246
127.599 155.246
127.805 155.496
127.805 155.496
127.805 155.496
127.805 155.496
128.216 155.996
128.216 155.996
128.627 156.496
128.627 156.496
128.627 156.496
129.243 157.246
129.243 157.246
129.449 157.496
129.449 157.496
129.654 157.746
129.654 157.746
129.859 157.996
129.859 157.996
130.065 158.246
130.27 158.496
130.27 158.496
130.27 158.496
130.681 158.996
130.681 158.996
131.092 159.496
131.092 159.496
131.092 159.496
131.092 159.496
131.503 159.996
131.503 159.996
131.914 160.496
131.914 160.496
131.914 160.496
132.325 160.996
132.325 160.996
132.531 161.246
132.531 161.246
132.736 161.496
132.736 161.496
132.942 161.746
133.147 161.996
133.147 161.996
133.353 162.246
133.353 162.246
133.353 162.246
133.558 162.496
133.558 162.496
133.764 162.746
133.764 162.746
133.969 162.996
133.969 162.996
134.175 163.246
134.38 163.496
134.38 163.496
134.38 163.496
134.38 163.496
134.791 163.996
134.791 163.996
134.791 163.996
134.996 164.246
135.202 164.496
135.202 164.496
135.202 164.496
135.202 164.496
135.407 164.746
135.613 164.996
135.818 165.246
135.818 165.246
135.818 165.246
135.818 165.246
136.024 165.496
136.024 165.496
136.229 165.746
136.229 165.746
136.435 165.996
136.435 165.996
136.64 166.246
136.64 166.246
136.64 166.246
136.846 166.496
136.846 166.496
137.051 166.746
137.051 166.746
137.051 166.746
137.051 166.746
137.257 166.996
137.257 166.996
137.462 167.246
137.668 167.496
137.668 167.496
137.668 167.496
137.668 167.496
137.873 167.746
138.079 167.996
138.079 167.996
138.079 167.996
138.284 168.246
138.49 168.496
138.49 168.496
138.49 168.496
138.49 168.496
138.695 168.746
138.901 168.996
138.901 168.996
139.106 169.246
139.106 169.246
139.106 169.246
139.106 169.246
139.312 169.496
139.312 169.496
139.517 169.746
139.517 169.746
139.722 169.996
139.722 169.996
139.928 170.246
139.928 170.246
139.928 170.246
140.133 170.496
140.133 170.496
140.339 170.746
140.339 170.746
140.339 170.746
140.544 170.996
140.544 170.996
140.75 171.246
140.955 171.496
140.955 171.496
140.955 171.496
140.955 171.496
141.366 171.996
141.777 172.496
141.777 172.496
141.777 172.496
142.188 172.996
142.394 173.246
142.394 173.246
142.394 173.246
142.599 173.496
142.599 173.496
142.805 173.746
143.01 173.996
143.01 173.996
143.216 174.246
143.421 174.496
143.421 174.496
143.421 174.496
143.421 174.496
143.832 174.996
143.832 174.996
144.038 175.246
144.243 175.496
144.243 175.496
144.243 175.496
144.243 175.496
144.654 175.996
145.065 176.496
145.065 176.496
145.065 176.496
145.476 176.996
145.476 176.996
145.681 177.246
145.887 177.496
145.887 177.496
146.092 177.746
146.298 177.996
146.503 178.246
146.709 178.496
146.709 178.496
146.709 178.496
146.709 178.496
146.914 178.746
147.12 178.996
147.12 178.996
147.325 179.246
147.531 179.496
147.531 179.496
147.531 179.496
147.531 179.496
147.942 179.996
148.353 180.496
148.353 180.496
148.353 180.496
148.764 180.996
148.764 180.996
148.969 181.246
148.969 181.246
148.969 181.246
148.969 181.246
149.175 181.496
149.175 181.496
149.38 181.746
149.585 181.996
149.996 182.496
149.996 182.496
149.996 182.496
149.996 182.496
150.818 183.496
150.818 183.496
151.229 183.996
151.229 183.996
151.435 184.246
151.64 184.496
151.64 184.496
152.051 184.996
152.051 184.996
152.051 184.996
152.257 185.246
152.257 185.246
152.462 185.496
152.462 185.496
152.873 185.996
152.873 185.996
153.079 186.246
153.284 186.496
153.284 186.496
153.695 186.996
153.901 187.246
154.106 187.496
154.106 187.496
154.311 187.746
154.517 187.996
154.517 187.996
154.722 188.246
154.928 188.496
154.928 188.496
154.928 188.496
155.133 188.746
155.339 188.996
155.339 188.996
155.544 189.246
155.75 189.496
155.75 189.496
156.161 189.996
156.366 190.246
156.572 190.496
156.572 190.496
156.572 190.496
156.777 190.746
156.983 190.996
157.188 191.246
157.188 191.246
157.394 191.496
157.394 191.496
157.805 191.996
157.805 191.996
158.01 192.246
158.216 192.496
158.216 192.496
158.216 192.496
158.421 192.746
158.627 192.996
158.832 193.246
159.038 193.496
159.038 193.496
159.243 193.746
159.448 193.996
159.448 193.996
159.859 194.496
159.859 194.496
160.065 194.746
160.27 194.996
160.476 195.246
160.681 195.496
160.681 195.496
160.887 195.746
161.092 195.996
161.092 195.996
161.298 196.246
161.503 196.496
161.503 196.496
161.503 196.496
161.503 196.496
161.914 196.996
161.914 196.996
161.914 196.996
162.12 197.246
162.12 197.246
162.325 197.496
162.325 197.496
162.325 197.496
162.531 197.746
162.736 197.996
162.736 197.996
162.942 198.246
163.147 198.496
163.353 198.746
163.353 198.746
163.558 198.996
163.764 199.246
163.969 199.496
163.969 199.496
164.38 199.996
164.38 199.996
164.585 200.246
164.791 200.496
164.791 200.496
164.791 200.496
164.791 200.496
165.202 200.996
165.202 200.996
165.407 201.246
165.407 201.246
165.407 201.246
165.613 201.496
165.613 201.496
165.818 201.746
166.024 201.996
166.024 201.996
166.435 202.496
166.435 202.496
166.64 202.746
166.846 202.996
167.051 203.246
167.257 203.496
167.257 203.496
167.462 203.746
167.668 203.996
167.668 203.996
167.873 204.246
168.079 204.496
168.284 204.746
168.284 204.746
168.284 204.746
168.49 204.996
168.49 204.996
168.695 205.246
168.901 205.496
168.901 205.496
168.901 205.496
168.901 205.496
169.106 205.746
169.311 205.996
169.517 206.246
169.722 206.496
169.722 206.496
169.722 206.496
170.133 206.996
170.339 207.246
170.544 207.496
170.544 207.496
170.544 207.496
170.544 207.496
170.75 207.746
170.955 207.996
170.955 207.996
171.161 208.246
171.366 208.496
171.366 208.496
171.777 208.996
171.777 208.996
171.983 209.246
171.983 209.246
172.188 209.496
172.188 209.496
172.394 209.746
172.599 209.996
172.599 209.996
172.805 210.246
172.805 210.246
172.805 210.246
173.01 210.496
173.421 210.996
173.627 211.246
173.832 211.496
173.832 211.496
174.038 211.746
174.243 211.996
174.243 211.996
174.448 212.246
174.448 212.246
174.654 212.496
174.654 212.496
174.859 212.746
175.065 212.996
175.065 212.996
175.27 213.246
175.476 213.496
175.476 213.496
175.681 213.746
175.887 213.996
175.887 213.996
176.092 214.246
176.092 214.246
176.092 214.246
176.298 214.496
176.298 214.496
176.503 214.746
176.503 214.746
176.709 214.996
176.709 214.996
176.914 215.246
177.12 215.496
177.12 215.496
177.12 215.496
177.531 215.996
177.531 215.996
177.736 216.246
177.942 216.496
177.942 216.496
178.353 216.996
178.353 216.996
178.353 216.996
178.558 217.246
178.558 217.246
178.764 217.496
178.764 217.496
179.174 217.996
179.174 217.996
179.38 218.246
179.585 218.496
179.585 218.496
179.996 218.996
180.202 219.246
180.407 219.496
180.407 219.496
180.613 219.746
180.818 219.996
180.818 219.996
181.024 220.246
181.229 220.496
181.229 220.496
181.229 220.496
181.435 220.746
181.64 220.996
181.64 220.996
181.846 221.246
182.051 221.496
182.051 221.496
182.462 221.996
182.668 222.246
182.873 222.496
182.873 222.496
182.873 222.496
182.873 222.496
183.079 222.746
183.079 222.746
183.284 222.996
183.284 222.996
183.49 223.246
183.49 223.246
183.49 223.246
183.695 223.496
183.695 223.496
183.695 223.496
184.106 223.996
184.106 223.996
184.311 224.246
184.517 224.496
184.517 224.496
184.517 224.496
184.722 224.746
184.928 224.996
185.133 225.246
185.339 225.496
185.339 225.496
185.544 225.746
185.75 225.996
185.75 225.996
186.161 226.496
186.161 226.496
186.366 226.746
186.572 226.996
186.777 227.246
186.983 227.496
186.983 227.496
187.188 227.746
187.394 227.996
187.394 227.996
187.599 228.246
187.805 228.496
187.805 228.496
187.805 228.496
187.805 228.496
188.216 228.996
188.216 228.996
188.216 228.996
188.421 229.246
188.421 229.246
188.627 229.496
188.627 229.496
188.627 229.496
188.832 229.746
189.037 229.996
189.037 229.996
189.037 229.996
189.243 230.246
189.243 230.246
189.448 230.496
189.448 230.496
189.654 230.746
189.654 230.746
189.859 230.996
189.859 230.996
190.065 231.246
190.065 231.246
190.27 231.496
190.27 231.496
190.27 231.496
190.476 231.746
190.681 231.996
190.681 231.996
190.887 232.246
191.092 232.496
191.092 232.496
191.503 232.996
191.503 232.996
191.709 233.246
191.709 233.246
191.914 233.496
191.914 233.496
192.12 233.746
192.325 233.996
192.325 233.996
192.736 234.496
192.736 234.496
192.736 234.496
193.147 234.996
193.353 235.246
193.558 235.496
193.558 235.496
193.764 235.746
193.969 235.996
193.969 235.996
194.174 236.246
194.38 236.496
194.38 236.496
194.585 236.746
194.791 236.996
194.791 236.996
194.996 237.246
194.996 237.246
195.202 237.496
195.202 237.496
195.407 237.746
195.613 237.996
195.613 237.996
195.818 238.246
195.818 238.246
196.024 238.496
196.024 238.496
196.024 238.496
196.024 238.496
196.229 238.746
196.229 238.746
196.435 238.996
196.435 238.996
196.64 239.246
196.846 239.496
196.846 239.496
196.846 239.496
196.846 239.496
197.051 239.746
197.257 239.996
197.462 240.246
197.462 240.246
197.462 240.246
197.668 240.496
197.668 240.496
198.079 240.996
198.079 240.996
198.284 241.246
198.49 241.496
198.49 241.496
198.49 241.496
198.49 241.496
198.49 241.496
198.695 241.746
198.9 241.996
198.9 241.996
199.106 242.246
199.106 242.246
199.311 242.496
199.311 242.496
199.311 242.496
199.311 242.496
199.517 242.746
199.722 242.996
199.928 243.246
200.133 243.496
200.133 243.496
200.133 243.496
200.133 243.496
200.133 243.496
200.339 243.746
200.544 243.996
200.544 243.996
200.544 243.996
200.75 244.246
200.75 244.246
200.75 244.246
200.955 244.496
200.955 244.496
200.955 244.496
200.955 244.496
200.955 244.496
201.161 244.746
201.366 244.996
201.366 244.996
201.366 244.996
201.572 245.246
201.572 245.246
201.572 245.246
201.777 245.496
201.777 245.496
201.777 245.496
201.777 245.496
201.777 245.496
202.188 245.996
202.394 246.246
202.599 246.496
202.599 246.496
202.805 246.746
203.01 246.996
203.216 247.246
203.421 247.496
203.421 247.496
203.421 247.496
203.832 247.996
203.832 247.996
203.832 247.996
204.037 248.246
204.037 248.246
204.037 248.246
204.243 248.496
204.243 248.496
204.243 248.496
204.654 248.996
204.654 248.996
204.654 248.996
204.859 249.246
204.859 249.246
204.859 249.246
205.065 249.496
205.065 249.496
205.065 249.496
205.887 250.496
205.887 250.496
205.887 250.496
205.887 250.496
205.887 250.496
206.709 251.496
206.709 251.496
206.709 251.496
206.709 251.496
206.709 251.496
206.709 251.496
207.12 251.996
207.12 251.996
207.325 252.246
207.531 252.496
207.531 252.496
207.531 252.496
207.531 252.496
207.942 252.996
207.942 252.996
208.147 253.246
208.147 253.246
208.353 253.496
208.353 253.496
208.353 253.496
208.353 253.496
208.763 253.996
208.763 253.996
208.969 254.246
209.174 254.496
209.174 254.496
209.174 254.496
209.174 254.496
209.38 254.746
209.585 254.996
209.585 254.996
209.996 255.496
209.996 255.496
209.996 255.496
209.996 255.496
209.996 255.496
209.996 255.496
210.407 255.996
210.407 255.996
210.613 256.246
210.613 256.246
210.818 256.496
210.818 256.496
210.818 256.496
210.818 256.496
211.024 256.746
211.229 256.996
211.229 256.996
211.435 257.246
211.435 257.246
211.64 257.496
211.64 257.496
211.64 257.496
211.64 257.496
212.051 257.996
212.051 257.996
212.257 258.246
212.462 258.496
212.462 258.496
212.462 258.496
212.462 258.496
212.873 258.996
212.873 258.996
213.079 259.246
213.079 259.246
213.284 259.496
213.284 259.496
213.284 259.496
213.49 259.746
213.695 259.996
213.695 259.996
213.9 260.246
214.106 260.496
214.106 260.496
214.106 260.496
214.106 260.496
214.311 260.746
214.517 260.996
214.517 260.996
214.928 261.496
214.928 261.496
214.928 261.496
214.928 261.496
214.928 261.496
215.133 261.746
215.339 261.996
215.339 261.996
215.544 262.246
215.75 262.496
215.75 262.496
215.75 262.496
216.161 262.996
216.572 263.496
216.572 263.496
216.572 263.496
216.572 263.496
216.572 263.496
216.983 263.996
216.983 263.996
217.188 264.246
217.394 264.496
217.394 264.496
217.394 264.496
217.394 264.496
217.805 264.996
217.805 264.996
218.01 265.246
218.216 265.496
218.216 265.496
218.216 265.496
218.626 265.996
218.626 265.996
218.832 266.246
218.832 266.246
219.037 266.496
219.037 266.496
219.037 266.496
219.037 266.496
219.243 266.746
219.448 266.996
219.448 266.996
219.654 267.246
219.654 267.246
219.859 267.496
219.859 267.496
219.859 267.496
219.859 267.496
219.859 267.496
220.27 267.996
220.27 267.996
220.476 268.246
220.476 268.246
220.681 268.496
220.681 268.496
220.681 268.496
220.681 268.496
221.092 268.996
221.092 268.996
221.298 269.246
221.503 269.496
221.503 269.496
221.914 269.996
222.12 270.246
222.325 270.496
222.325 270.496
222.325 270.496
222.531 270.746
222.736 270.996
223.147 271.496
223.147 271.496
223.147 271.496
223.147 271.496
223.147 271.496
223.558 271.996
223.558 271.996
223.763 272.246
223.969 272.496
223.969 272.496
223.969 272.496
223.969 272.496
223.969 272.496
224.174 272.746
224.38 272.996
224.38 272.996
224.38 272.996
224.585 273.246
224.585 273.246
224.791 273.496
224.791 273.496
224.791 273.496
224.791 273.496
224.791 273.496
225.202 273.996
225.202 273.996
225.407 274.246
225.613 274.496
225.613 274.496
225.613 274.496
225.613 274.496
226.024 274.996
226.024 274.996
226.229 275.246
226.229 275.246
226.435 275.496
226.435 275.496
226.435 275.496
226.64 275.746
226.846 275.996
226.846 275.996
227.051 276.246
227.257 276.496
227.257 276.496
227.257 276.496
227.257 276.496
227.462 276.746
227.668 276.996
227.668 276.996
228.079 277.496
228.079 277.496
228.079 277.496
228.079 277.496
228.079 277.496
228.284 277.746
228.49 277.996
228.49 277.996
228.695 278.246
228.9 278.496
228.9 278.496
228.9 278.496
229.311 278.996
229.722 279.496
229.722 279.496
229.722 279.496
229.722 279.496
229.722 279.496
229.928 279.746
230.133 279.996
230.133 279.996
230.339 280.246
230.544 280.496
230.544 280.496
230.544 280.496
230.544 280.496
230.75 280.746
230.955 280.996
230.955 280.996
230.955 280.996
231.161 281.246
231.161 281.246
231.161 281.246
231.366 281.496
231.366 281.496
231.366 281.496
231.366 281.496
231.366 281.496
231.777 281.996
231.983 282.246
232.188 282.496
232.188 282.496
232.188 282.496
232.188 282.496
232.188 282.496
232.394 282.746
232.599 282.996
232.805 283.246
233.01 283.496
233.01 283.496
233.01 283.496
233.01 283.496
233.01 283.496
233.01 283.496
233.421 283.996
233.421 283.996
233.626 284.246
233.832 284.496
233.832 284.496
233.832 284.496
233.832 284.496
234.243 284.996
234.243 284.996
234.448 285.246
234.448 285.246
234.654 285.496
234.654 285.496
234.654 285.496
234.654 285.496
235.065 285.996
235.065 285.996
235.27 286.246
235.476 286.496
235.476 286.496
235.476 286.496
235.476 286.496
235.681 286.746
235.887 286.996
235.887 286.996
236.298 287.496
236.298 287.496
236.298 287.496
236.298 287.496
236.298 287.496
236.298 287.496
236.709 287.996
236.709 287.996
236.914 288.246
236.914 288.246
237.12 288.496
237.12 288.496
237.12 288.496
237.12 288.496
237.325 288.746
237.531 288.996
237.531 288.996
237.736 289.246
237.736 289.246
237.942 289.496
237.942 289.496
237.942 289.496
237.942 289.496
238.353 289.996
238.353 289.996
238.558 290.246
238.763 290.496
238.763 290.496
238.763 290.496
238.763 290.496
239.174 290.996
239.174 290.996
239.38 291.246
239.38 291.246
239.585 291.496
239.585 291.496
239.585 291.496
239.791 291.746
239.996 291.996
239.996 291.996
240.202 292.246
240.407 292.496
240.407 292.496
240.407 292.496
240.407 292.496
240.613 292.746
240.818 292.996
240.818 292.996
241.229 293.496
241.229 293.496
241.229 293.496
241.229 293.496
241.229 293.496
241.435 293.746
241.64 293.996
241.64 293.996
241.846 294.246
242.051 294.496
242.051 294.496
242.051 294.496
242.462 294.996
242.873 295.496
242.873 295.496
242.873 295.496
242.873 295.496
242.873 295.496
243.284 295.996
243.284 295.996
243.489 296.246
243.695 296.496
243.695 296.496
243.695 296.496
243.695 296.496
244.106 296.996
244.106 296.996
244.311 297.246
244.517 297.496
244.517 297.496
244.517 297.496
244.928 297.996
244.928 297.996
245.133 298.246
245.133 298.246
245.339 298.496
245.339 298.496
245.339 298.496
245.339 298.496
245.544 298.746
245.75 298.996
245.75 298.996
245.955 299.246
245.955 299.246
246.161 299.496
246.161 299.496
246.161 299.496
246.161 299.496
246.161 299.496
246.572 299.996
246.572 299.996
246.777 300.246
246.777 300.246
246.983 300.496
246.983 300.496
246.983 300.496
246.983 300.496
247.394 300.996
247.394 300.996
247.599 301.246
247.805 301.496
247.805 301.496
248.216 301.996
248.421 302.246
248.626 302.496
248.626 302.496
248.626 302.496
248.832 302.746
249.037 302.996
249.448 303.496
249.448 303.496
249.448 303.496
249.448 303.496
249.448 303.496
249.859 303.996
249.859 303.996
250.065 304.246
250.27 304.496
250.27 304.496
250.27 304.496
250.27 304.496
250.27 304.496
250.476 304.746
250.681 304.996
250.681 304.996
250.681 304.996
250.887 305.246
250.887 305.246
251.092 305.496
251.092 305.496
251.092 305.496
251.092 305.496
251.092 305.496
251.503 305.996
251.503 305.996
251.709 306.246
251.914 306.496
251.914 306.496
251.914 306.496
251.914 306.496
252.325 306.996
252.325 306.996
252.531 307.246
252.531 307.246
252.736 307.496
252.736 307.496
252.736 307.496
252.942 307.746
253.147 307.996
253.147 307.996
253.352 308.246
253.558 308.496
253.558 308.496
253.558 308.496
253.558 308.496
253.763 308.746
253.969 308.996
253.969 308.996
254.38 309.496
254.38 309.496
254.38 309.496
254.38 309.496
254.38 309.496
254.585 309.746
254.791 309.996
254.791 309.996
254.996 310.246
255.202 310.496
255.202 310.496
255.202 310.496
255.613 310.996
256.024 311.496
256.024 311.496
256.024 311.496
256.024 311.496
256.024 311.496
256.229 311.746
256.435 311.996
256.435 311.996
256.64 312.246
256.846 312.496
256.846 312.496
256.846 312.496
256.846 312.496
257.051 312.746
257.257 312.996
257.257 312.996
257.257 312.996
257.462 313.246
257.462 313.246
257.462 313.246
257.668 313.496
257.668 313.496
257.668 313.496
257.668 313.496
257.668 313.496
258.079 313.996
258.284 314.246
258.489 314.496
258.489 314.496
258.489 314.496
258.489 314.496
259.311 315.496
260.133 316.496
260.544 316.996
260.75 317.246
260.955 317.496
261.366 317.996
261.572 318.246
261.777 318.496
261.983 318.746
261.983 318.746
262.188 318.996
262.188 318.996
262.394 319.246
262.394 319.246
262.599 319.496
262.599 319.496
262.599 319.496
262.599 319.496
263.01 319.996
263.01 319.996
263.215 320.246
263.421 320.496
263.421 320.496
263.421 320.496
263.421 320.496
263.626 320.746
263.832 320.996
264.037 321.246
264.037 321.246
264.037 321.246
264.243 321.496
264.243 321.496
264.448 321.746
264.448 321.746
264.654 321.996
264.654 321.996
264.859 322.246
265.065 322.496
265.065 322.496
265.065 322.496
265.065 322.496
265.065 322.496
265.27 322.746
265.476 322.996
265.476 322.996
265.681 323.246
265.887 323.496
265.887 323.496
265.887 323.496
265.887 323.496
266.092 323.746
266.298 323.996
266.298 323.996
266.298 323.996
266.503 324.246
266.709 324.496
266.709 324.496
266.709 324.496
266.914 324.746
267.12 324.996
267.325 325.246
267.325 325.246
267.325 325.246
267.531 325.496
267.531 325.496
267.736 325.746
267.736 325.746
267.942 325.996
267.942 325.996
268.147 326.246
268.147 326.246
268.352 326.496
268.352 326.496
268.352 326.496
268.558 326.746
268.763 326.996
268.763 326.996
268.969 327.246
268.969 327.246
269.174 327.496
269.174 327.496
269.174 327.496
269.174 327.496
269.585 327.996
269.585 327.996
269.996 328.496
269.996 328.496
269.996 328.496
270.407 328.996
270.613 329.246
270.613 329.246
270.613 329.246
270.818 329.496
270.818 329.496
271.024 329.746
271.229 329.996
271.229 329.996
271.435 330.246
271.64 330.496
271.64 330.496
271.64 330.496
272.051 330.996
272.051 330.996
272.257 331.246
272.462 331.496
272.462 331.496
272.462 331.496
272.462 331.496
272.873 331.996
272.873 331.996
273.284 332.496
273.284 332.496
273.284 332.496
273.695 332.996
273.695 332.996
273.9 333.246
273.9 333.246
274.106 333.496
274.106 333.496
274.311 333.746
274.517 333.996
274.722 334.246
274.722 334.246
274.928 334.496
274.928 334.496
275.133 334.746
275.133 334.746
275.339 334.996
275.339 334.996
275.544 335.246
275.75 335.496
275.75 335.496
275.75 335.496
275.75 335.496
276.161 335.996
276.161 335.996
276.572 336.496
276.572 336.496
276.572 336.496
276.983 336.996
277.188 337.246
277.188 337.246
277.188 337.246
277.188 337.246
277.394 337.496
277.394 337.496
277.394 337.496
277.394 337.496
277.394 337.496
278.215 338.496
278.215 338.496
278.215 338.496
278.215 338.496
278.215 338.496
278.215 338.496
