0.5 0.741667
0.837078 1.24167
1.17416 1.74167
1.51124 2.24167
1.84831 2.74167
2.18539 3.24167
2.52247 3.74167
2.85955 4.24167
2.85955 4.24167
3.19663 4.74167
3.53371 5.24167
3.53371 5.24167
3.53371 5.24167
3.53371 5.24167
3.87078 5.74167
3.87078 5.74167
4.20786 6.24167
4.20786 6.24167
4.54494 6.74167
4.88202 7.24167
4.88202 7.24167
5.2191 7.74167
5.2191 7.74167
5.55618 8.24167
5.55618 8.24167
5.89326 8.74167
5.89326 8.74167
6.23033 9.24167
6.23033 9.24167
6.23033 9.24167
6.56741 9.74167
6.56741 9.74167
6.90449 10.2417
6.90449 10.2417
7.24157 10.7417
7.57865 11.2417
7.57865 11.2417
7.91573 11.7417
7.91573 11.7417
8.25281 12.2417
8.25281 12.2417
8.58988 12.7417
8.92696 13.2417
8.92696 13.2417
9.26404 13.7417
9.26404 13.7417
9.60112 14.2417
9.60112 14.2417
9.9382 14.7417
9.9382 14.7417
10.2753 15.2417
10.2753 15.2417
10.6124 15.7417
10.6124 15.7417
10.6124 15.7417
10.6124 15.7417
10.9494 16.2417
10.9494 16.2417
11.2865 16.7417
11.6236 17.2417
11.9607 17.7417
11.9607 17.7417
11.9607 17.7417
12.2977 18.2417
12.6348 18.7417
12.9719 19.2417
12.9719 19.2417
12.9719 19.2417
13.309 19.7417
13.309 19.7417
13.6461 20.2417
13.6461 20.2417
13.6461 20.2417
13.6461 20.2417
13.6461 20.2417
13.6461 20.2417
13.6461 20.2417
14.6573 21.7417
14.9944 22.2417
16.0056 23.7417
16.3427 24.2417
16.3427 24.2417
16.3427 24.2417
16.3427 24.2417
16.3427 24.2417
16.3427 24.2417
16.3427 24.2417
16.8483 24.9917
17.3539 25.7417
17.691 26.2417
18.3652 27.2417
18.7022 27.7417
19.0393 28.2417
19.0393 28.2417
19.3764 28.7417
19.7135 29.2417
20.0506 29.7417
20.0506 29.7417
20.0506 29.7417
20.0506 29.7417
20.3876 30.2417
20.3876 30.2417
20.7247 30.7417
20.7247 30.7417
20.8932 30.9917
21.0618 31.2417
21.0618 31.2417
21.0618 31.2417
21.0618 31.2417
21.3989 31.7417
21.3989 31.7417
21.7359 32.2417
21.7359 32.2417
22.073 32.7417
22.4101 33.2417
22.4101 33.2417
22.7472 33.7417
23.0843 34.2417
23.4213 34.7417
23.7584 35.2417
23.7584 35.2417
24.0955 35.7417
24.0955 35.7417
24.4326 36.2417
24.4326 36.2417
24.7697 36.7417
25.1067 37.2417
25.1067 37.2417
25.1067 37.2417
25.4438 37.7417
25.4438 37.7417
25.7809 38.2417
25.7809 38.2417
26.118 38.7417
26.118 38.7417
26.455 39.2417
26.455 39.2417
26.455 39.2417
26.7921 39.7417
26.7921 39.7417
27.1292 40.2417
27.1292 40.2417
27.4663 40.7417
27.8034 41.2417
27.8034 41.2417
27.8034 41.2417
27.8034 41.2417
28.1404 41.7417
28.1404 41.7417
28.4775 42.2417
28.4775 42.2417
28.8146 42.7417
28.8146 42.7417
29.1517 43.2417
29.1517 43.2417
29.1517 43.2417
29.1517 43.2417
29.4888 43.7417
29.4888 43.7417
29.4888 43.7417
29.8258 44.2417
29.8258 44.2417
29.8258 44.2417
30.1629 44.7417
30.5 45.2417
30.5 45.2417
30.5 45.2417
30.5 45.2417
30.8371 45.7417
30.8371 45.7417
31.1741 46.2417
31.1741 46.2417
31.5112 46.7417
31.5112 46.7417
31.8483 47.2417
31.8483 47.2417
31.8483 47.2417
31.8483 47.2417
32.1854 47.7417
32.1854 47.7417
32.5225 48.2417
32.5225 48.2417
32.8595 48.7417
32.8595 48.7417
33.1966 49.2417
33.1966 49.2417
33.1966 49.2417
33.1966 49.2417
33.5337 49.7417
33.5337 49.7417
33.8708 50.2417
33.8708 50.2417
34.2078 50.7417
34.2078 50.7417
34.5449 51.2417
34.5449 51.2417
34.5449 51.2417
34.882 51.7417
34.882 51.7417
35.2191 52.2417
35.2191 52.2417
35.2191 52.2417
35.5562 52.7417
35.8932 53.2417
35.8932 53.2417
35.8932 53.2417
35.8932 53.2417
36.2303 53.7417
36.2303 53.7417
36.5674 54.2417
36.5674 54.2417
36.9045 54.7417
37.2416 55.2417
37.2416 55.2417
37.2416 55.2417
37.5786 55.7417
37.9157 56.2417
37.9157 56.2417
38.2528 56.7417
38.4213 56.9917
38.5899 57.2417
38.5899 57.2417
38.5899 57.2417
38.9269 57.7417
38.9269 57.7417
39.264 58.2417
39.264 58.2417
39.6011 58.7417
39.9382 59.2417
39.9382 59.2417
39.9382 59.2417
40.2753 59.7417
40.2753 59.7417
40.6123 60.2417
40.6123 60.2417
40.9494 60.7417
40.9494 60.7417
41.2865 61.2417
41.2865 61.2417
41.2865 61.2417
41.6236 61.7417
41.6236 61.7417
41.9607 62.2417
41.9607 62.2417
42.2977 62.7417
42.6348 63.2417
42.6348 63.2417
42.6348 63.2417
42.9719 63.7417
42.9719 63.7417
43.309 64.2417
43.309 64.2417
43.646 64.7417
43.646 64.7417
43.9831 65.2417
43.9831 65.2417
43.9831 65.2417
43.9831 65.2417
44.3202 65.7417
44.3202 65.7417
44.6573 66.2417
44.6573 66.2417
44.9944 66.7417
44.9944 66.7417
45.3314 67.2417
45.3314 67.2417
45.3314 67.2417
45.3314 67.2417
45.5 67.4917
45.6685 67.7417
45.6685 67.7417
45.6685 67.7417
46.0056 68.2417
46.0056 68.2417
46.0056 68.2417
46.3427 68.7417
46.6798 69.2417
46.6798 69.2417
46.6798 69.2417
47.0168 69.7417
47.0168 69.7417
47.3539 70.2417
47.3539 70.2417
47.691 70.7417
47.691 70.7417
48.0281 71.2417
48.0281 71.2417
48.0281 71.2417
48.3651 71.7417
48.3651 71.7417
48.7022 72.2417
48.7022 72.2417
49.0393 72.7417
49.0393 72.7417
49.3764 73.2417
49.3764 73.2417
49.3764 73.2417
49.3764 73.2417
49.7135 73.7417
49.7135 73.7417
50.0505 74.2417
50.0505 74.2417
50.3876 74.7417
50.7247 75.2417
50.7247 75.2417
50.7247 75.2417
51.0618 75.7417
51.0618 75.7417
51.3989 76.2417
51.3989 76.2417
51.7359 76.7417
51.9045 76.9917
52.073 77.2417
52.073 77.2417
52.073 77.2417
52.073 77.2417
52.4101 77.7417
52.4101 77.7417
52.7472 78.2417
52.7472 78.2417
53.0842 78.7417
53.0842 78.7417
53.4213 79.2417
53.4213 79.2417
53.4213 79.2417
53.4213 79.2417
53.7584 79.7417
53.7584 79.7417
54.0955 80.2417
54.0955 80.2417
54.4326 80.7417
54.4326 80.7417
54.6011 80.9917
54.7696 81.2417
54.7696 81.2417
54.7696 81.2417
54.7696 81.2417
55.1067 81.7417
55.1067 81.7417
55.4438 82.2417
55.4438 82.2417
55.7809 82.7417
55.7809 82.7417
56.118 83.2417
56.118 83.2417
56.118 83.2417
56.455 83.7417
56.455 83.7417
56.7921 84.2417
56.7921 84.2417
56.7921 84.2417
57.1292 84.7417
57.4663 85.2417
57.4663 85.2417
57.4663 85.2417
57.4663 85.2417
57.8033 85.7417
57.8033 85.7417
58.1404 86.2417
58.1404 86.2417
58.4775 86.7417
58.8146 87.2417
58.8146 87.2417
58.8146 87.2417
59.1517 87.7417
59.4887 88.2417
59.4887 88.2417
59.8258 88.7417
59.8258 88.7417
60.1629 89.2417
60.1629 89.2417
60.1629 89.2417
60.5 89.7417
60.5 89.7417
60.8371 90.2417
60.8371 90.2417
61.1741 90.7417
61.1741 90.7417
61.5112 91.2417
61.5112 91.2417
61.5112 91.2417
61.5112 91.2417
61.8483 91.7417
61.8483 91.7417
61.8483 91.7417
62.1854 92.2417
62.1854 92.2417
62.1854 92.2417
62.5224 92.7417
62.691 92.9917
62.8595 93.2417
62.8595 93.2417
62.8595 93.2417
63.1966 93.7417
63.1966 93.7417
63.5337 94.2417
63.5337 94.2417
63.8708 94.7417
64.2078 95.2417
64.2078 95.2417
64.2078 95.2417
64.2078 95.2417
64.5449 95.7417
64.5449 95.7417
64.882 96.2417
64.882 96.2417
65.2191 96.7417
65.5562 97.2417
65.5562 97.2417
65.5562 97.2417
65.8932 97.7417
66.2303 98.2417
66.5674 98.7417
66.5674 98.7417
66.7359 98.9917
66.9045 99.2417
66.9045 99.2417
66.9045 99.2417
67.073 99.4917
67.073 99.4917
67.2415 99.7417
67.2415 99.7417
67.4101 99.9917
67.4101 99.9917
67.5786 100.242
67.5786 100.242
67.5786 100.242
67.7472 100.492
67.9157 100.742
67.9157 100.742
68.0842 100.992
68.2528 101.242
68.2528 101.242
68.4213 101.492
68.5899 101.742
68.5899 101.742
68.7584 101.992
68.9269 102.242
68.9269 102.242
69.0955 102.492
69.264 102.742
69.4326 102.992
69.6011 103.242
69.6011 103.242
69.7696 103.492
69.9382 103.742
69.9382 103.742
70.1067 103.992
70.2752 104.242
70.2752 104.242
70.4438 104.492
70.6123 104.742
70.6123 104.742
70.7809 104.992
70.7809 104.992
70.9494 105.242
70.9494 105.242
71.1179 105.492
71.2865 105.742
71.2865 105.742
71.455 105.992
71.6236 106.242
71.6236 106.242
71.7921 106.492
71.9606 106.742
71.9606 106.742
72.1292 106.992
72.2977 107.242
72.2977 107.242
72.4663 107.492
72.6348 107.742
72.6348 107.742
72.8033 107.992
72.9719 108.242
72.9719 108.242
72.9719 108.242
73.1404 108.492
73.309 108.742
73.309 108.742
73.4775 108.992
73.646 109.242
73.646 109.242
73.8146 109.492
73.9831 109.742
73.9831 109.742
74.1517 109.992
74.3202 110.242
74.3202 110.242
74.4887 110.492
74.6573 110.742
74.8258 110.992
74.9943 111.242
74.9943 111.242
75.1629 111.492
75.3314 111.742
75.5 111.992
75.5 111.992
75.6685 112.242
75.6685 112.242
75.837 112.492
76.0056 112.742
76.0056 112.742
76.1741 112.992
76.3427 113.242
76.3427 113.242
76.5112 113.492
76.6797 113.742
76.6797 113.742
76.8483 113.992
77.0168 114.242
77.0168 114.242
77.1854 114.492
77.3539 114.742
77.3539 114.742
77.5224 114.992
77.5224 114.992
77.691 115.242
77.691 115.242
77.8595 115.492
78.0281 115.742
78.0281 115.742
78.1966 115.992
78.3651 116.242
78.3651 116.242
78.3651 116.242
78.5337 116.492
78.7022 116.742
78.8708 116.992
79.0393 117.242
79.0393 117.242
79.2078 117.492
79.3764 117.742
79.3764 117.742
79.5449 117.992
79.7134 118.242
79.7134 118.242
79.882 118.492
80.0505 118.742
80.2191 118.992
80.3876 119.242
80.5561 119.492
80.7247 119.742
80.8932 119.992
81.0618 120.242
81.0618 120.242
81.2303 120.492
81.3988 120.742
81.5674 120.992
81.5674 120.992
81.7359 121.242
81.9045 121.492
82.073 121.742
82.073 121.742
82.2415 121.992
82.4101 122.242
82.4101 122.242
82.5786 122.492
82.7472 122.742
82.7472 122.742
82.9157 122.992
82.9157 122.992
83.0842 123.242
83.0842 123.242
83.0842 123.242
83.2528 123.492
83.4213 123.742
83.4213 123.742
83.4213 123.742
83.5899 123.992
83.7584 124.242
83.7584 124.242
83.7584 124.242
83.9269 124.492
84.0955 124.742
84.264 124.992
84.264 124.992
84.4325 125.242
84.6011 125.492
84.7696 125.742
84.7696 125.742
84.9382 125.992
85.1067 126.242
85.1067 126.242
85.2752 126.492
85.4438 126.742
85.6123 126.992
85.6123 126.992
85.7809 127.242
85.9494 127.492
86.1179 127.742
86.1179 127.742
86.2865 127.992
86.455 128.242
86.455 128.242
86.6236 128.492
86.7921 128.742
86.7921 128.742
86.9606 128.992
86.9606 128.992
87.1292 129.242
87.1292 129.242
87.2977 129.492
87.2977 129.492
87.4663 129.742
87.4663 129.742
87.6348 129.992
87.6348 129.992
87.8033 130.242
87.8033 130.242
87.9719 130.492
87.9719 130.492
88.1404 130.742
88.1404 130.742
88.3089 130.992
88.3089 130.992
88.4775 131.242
88.4775 131.242
88.646 131.492
88.8146 131.742
88.8146 131.742
88.9831 131.992
89.1516 132.242
89.1516 132.242
89.1516 132.242
89.3202 132.492
89.4887 132.742
89.4887 132.742
89.6573 132.992
89.8258 133.242
89.8258 133.242
89.9943 133.492
90.1629 133.742
90.1629 133.742
90.3314 133.992
90.5 134.242
90.5 134.242
90.6685 134.492
90.837 134.742
91.0056 134.992
91.1741 135.242
91.1741 135.242
91.3427 135.492
91.5112 135.742
91.5112 135.742
91.6797 135.992
91.8483 136.242
91.8483 136.242
92.0168 136.492
92.1854 136.742
92.1854 136.742
92.3539 136.992
92.3539 136.992
92.5224 137.242
92.5224 137.242
92.691 137.492
92.8595 137.742
92.8595 137.742
93.028 137.992
93.1966 138.242
93.1966 138.242
93.3651 138.492
93.5337 138.742
93.5337 138.742
93.7022 138.992
93.7022 138.992
93.8707 139.242
93.8707 139.242
94.0393 139.492
94.2078 139.742
94.2078 139.742
94.3764 139.992
94.5449 140.242
94.5449 140.242
94.5449 140.242
94.7134 140.492
94.882 140.742
94.882 140.742
95.0505 140.992
95.2191 141.242
95.2191 141.242
95.3876 141.492
95.5561 141.742
95.5561 141.742
95.7247 141.992
95.8932 142.242
95.8932 142.242
96.0618 142.492
96.2303 142.742
96.3988 142.992
96.5674 143.242
96.5674 143.242
96.7359 143.492
96.9045 143.742
96.9045 143.742
97.073 143.992
97.2415 144.242
97.2415 144.242
97.4101 144.492
97.5786 144.742
97.5786 144.742
97.7471 144.992
97.9157 145.242
97.9157 145.242
98.0842 145.492
98.2528 145.742
98.2528 145.742
98.4213 145.992
98.5898 146.242
98.5898 146.242
98.7584 146.492
98.9269 146.742
98.9269 146.742
99.0955 146.992
99.0955 146.992
99.264 147.242
99.264 147.242
99.4325 147.492
99.6011 147.742
99.6011 147.742
99.7696 147.992
99.9382 148.242
99.9382 148.242
99.9382 148.242
100.107 148.492
100.275 148.742
100.444 148.992
100.612 149.242
100.612 149.242
100.781 149.492
100.949 149.742
100.949 149.742
101.118 149.992
101.286 150.242
101.286 150.242
101.455 150.492
101.624 150.742
101.792 150.992
101.961 151.242
102.129 151.492
102.298 151.742
102.466 151.992
102.635 152.242
102.635 152.242
102.803 152.492
102.972 152.742
103.14 152.992
103.14 152.992
103.309 153.242
103.477 153.492
103.646 153.742
103.646 153.742
103.815 153.992
103.983 154.242
103.983 154.242
104.152 154.492
104.32 154.742
104.489 154.992
104.657 155.242
104.657 155.242
104.826 155.492
104.994 155.742
104.994 155.742
105.163 155.992
105.331 156.242
105.331 156.242
105.5 156.492
105.668 156.742
105.837 156.992
106.006 157.242
106.174 157.492
106.343 157.742
106.343 157.742
106.511 157.992
106.68 158.242
106.68 158.242
106.848 158.492
107.017 158.742
107.017 158.742
107.185 158.992
107.354 159.242
107.354 159.242
107.522 159.492
107.691 159.742
107.691 159.742
107.86 159.992
108.028 160.242
108.028 160.242
108.197 160.492
108.365 160.742
108.365 160.742
108.534 160.992
108.702 161.242
108.702 161.242
108.871 161.492
109.039 161.742
109.039 161.742
109.208 161.992
109.376 162.242
109.376 162.242
109.713 162.742
109.713 162.742
109.882 162.992
110.051 163.242
110.051 163.242
110.051 163.242
110.219 163.492
110.388 163.742
110.388 163.742
110.556 163.992
110.725 164.242
110.725 164.242
111.062 164.742
111.399 165.242
111.736 165.742
111.736 165.742
112.073 166.242
112.073 166.242
112.41 166.742
112.747 167.242
112.747 167.242
113.084 167.742
113.084 167.742
113.421 168.242
113.421 168.242
113.758 168.742
113.758 168.742
113.927 168.992
114.095 169.242
114.095 169.242
114.095 169.242
114.433 169.742
114.433 169.742
114.77 170.242
114.77 170.242
115.107 170.742
115.444 171.242
115.444 171.242
115.444 171.242
115.781 171.742
115.781 171.742
115.949 171.992
116.118 172.242
116.455 172.742
116.792 173.242
116.792 173.242
116.792 173.242
117.129 173.742
117.129 173.742
117.466 174.242
117.466 174.242
117.803 174.742
117.972 174.992
118.14 175.242
118.14 175.242
118.14 175.242
118.477 175.742
118.477 175.742
118.815 176.242
118.815 176.242
119.152 176.742
119.489 177.242
119.489 177.242
119.489 177.242
119.826 177.742
120.163 178.242
120.5 178.742
120.837 179.242
120.837 179.242
120.837 179.242
121.174 179.742
121.174 179.742
121.511 180.242
121.511 180.242
121.511 180.242
121.511 180.242
121.511 180.242
121.511 180.242
122.522 181.742
122.859 182.242
123.871 183.742
124.208 184.242
124.208 184.242
124.208 184.242
124.208 184.242
124.208 184.242
124.208 184.242
124.713 184.992
125.219 185.742
125.556 186.242
125.893 186.742
126.23 187.242
126.23 187.242
126.23 187.242
126.567 187.742
126.567 187.742
126.904 188.242
126.904 188.242
127.242 188.742
127.579 189.242
127.579 189.242
127.916 189.742
127.916 189.742
128.253 190.242
128.253 190.242
128.59 190.742
128.59 190.742
128.59 190.742
128.927 191.242
128.927 191.242
129.095 191.492
129.264 191.742
129.601 192.242
129.601 192.242
129.938 192.742
129.938 192.742
130.275 193.242
130.275 193.242
130.275 193.242
130.275 193.242
130.612 193.742
130.612 193.742
130.949 194.242
130.949 194.242
131.286 194.742
131.624 195.242
131.624 195.242
131.624 195.242
131.961 195.742
131.961 195.742
132.298 196.242
132.298 196.242
132.635 196.742
132.972 197.242
132.972 197.242
132.972 197.242
133.309 197.742
133.309 197.742
133.646 198.242
133.646 198.242
133.983 198.742
133.983 198.742
134.32 199.242
134.32 199.242
134.32 199.242
134.657 199.742
134.657 199.742
134.994 200.242
134.994 200.242
135.331 200.742
135.331 200.742
135.668 201.242
135.668 201.242
135.668 201.242
135.668 201.242
136.006 201.742
136.006 201.742
136.343 202.242
136.343 202.242
136.68 202.742
137.017 203.242
137.017 203.242
137.017 203.242
137.354 203.742
137.354 203.742
137.691 204.242
137.691 204.242
138.028 204.742
138.197 204.992
138.365 205.242
138.365 205.242
138.365 205.242
138.365 205.242
138.702 205.742
138.702 205.742
139.039 206.242
139.039 206.242
139.376 206.742
139.376 206.742
139.713 207.242
139.713 207.242
139.713 207.242
139.713 207.242
140.05 207.742
140.05 207.742
140.388 208.242
140.388 208.242
140.725 208.742
140.725 208.742
140.893 208.992
141.062 209.242
141.062 209.242
141.062 209.242
141.062 209.242
141.399 209.742
141.399 209.742
141.736 210.242
141.736 210.242
142.073 210.742
142.073 210.742
142.41 211.242
142.41 211.242
142.41 211.242
142.747 211.742
142.747 211.742
143.084 212.242
143.084 212.242
143.084 212.242
143.421 212.742
143.758 213.242
143.758 213.242
143.758 213.242
143.758 213.242
144.095 213.742
144.095 213.742
144.433 214.242
144.433 214.242
144.77 214.742
145.107 215.242
145.107 215.242
145.107 215.242
145.444 215.742
145.781 216.242
145.781 216.242
146.118 216.742
146.118 216.742
146.455 217.242
146.455 217.242
146.455 217.242
146.792 217.742
146.792 217.742
147.129 218.242
147.129 218.242
147.466 218.742
147.466 218.742
147.803 219.242
147.803 219.242
147.803 219.242
147.803 219.242
148.14 219.742
148.14 219.742
148.14 219.742
148.477 220.242
148.477 220.242
148.477 220.242
148.815 220.742
148.983 220.992
149.152 221.242
149.152 221.242
149.152 221.242
149.489 221.742
149.489 221.742
149.826 222.242
149.826 222.242
150.163 222.742
150.5 223.242
150.5 223.242
150.5 223.242
150.5 223.242
150.837 223.742
150.837 223.742
151.174 224.242
151.174 224.242
151.511 224.742
151.848 225.242
151.848 225.242
151.848 225.242
152.185 225.742
152.522 226.242
152.859 226.742
152.859 226.742
153.028 226.992
153.197 227.242
153.197 227.242
153.197 227.242
153.365 227.492
153.365 227.492
153.534 227.742
153.534 227.742
153.702 227.992
153.702 227.992
153.871 228.242
153.871 228.242
153.871 228.242
154.039 228.492
154.208 228.742
154.208 228.742
154.376 228.992
154.545 229.242
154.545 229.242
154.713 229.492
154.882 229.742
154.882 229.742
155.05 229.992
155.219 230.242
155.219 230.242
155.388 230.492
155.556 230.742
155.725 230.992
155.893 231.242
155.893 231.242
156.062 231.492
156.23 231.742
156.23 231.742
156.399 231.992
156.567 232.242
156.567 232.242
156.736 232.492
156.904 232.742
156.904 232.742
157.073 232.992
157.073 232.992
157.242 233.242
157.242 233.242
157.41 233.492
157.579 233.742
157.579 233.742
157.747 233.992
157.916 234.242
157.916 234.242
158.084 234.492
158.253 234.742
158.253 234.742
158.421 234.992
158.59 235.242
158.59 235.242
158.758 235.492
158.927 235.742
158.927 235.742
159.095 235.992
159.264 236.242
159.264 236.242
159.264 236.242
159.433 236.492
159.601 236.742
159.601 236.742
159.77 236.992
159.938 237.242
159.938 237.242
160.107 237.492
160.275 237.742
160.275 237.742
160.444 237.992
160.612 238.242
160.612 238.242
160.781 238.492
160.949 238.742
161.118 238.992
161.286 239.242
161.286 239.242
161.455 239.492
161.624 239.742
161.792 239.992
161.792 239.992
161.961 240.242
161.961 240.242
162.129 240.492
162.298 240.742
162.298 240.742
162.466 240.992
162.635 241.242
162.635 241.242
162.803 241.492
162.972 241.742
162.972 241.742
163.14 241.992
163.309 242.242
163.309 242.242
163.477 242.492
163.646 242.742
163.646 242.742
163.815 242.992
163.815 242.992
163.983 243.242
163.983 243.242
164.152 243.492
164.32 243.742
164.32 243.742
164.489 243.992
164.657 244.242
164.657 244.242
164.657 244.242
164.826 244.492
164.994 244.742
165.163 244.992
165.331 245.242
165.331 245.242
165.5 245.492
165.668 245.742
165.668 245.742
165.837 245.992
166.006 246.242
166.006 246.242
166.174 246.492
166.343 246.742
166.511 246.992
166.68 247.242
166.848 247.492
167.017 247.742
167.185 247.992
167.354 248.242
167.354 248.242
167.522 248.492
167.691 248.742
167.859 248.992
167.859 248.992
168.028 249.242
168.197 249.492
168.365 249.742
168.365 249.742
168.534 249.992
168.702 250.242
168.702 250.242
168.871 250.492
169.039 250.742
169.039 250.742
169.208 250.992
169.208 250.992
169.376 251.242
169.376 251.242
169.376 251.242
169.545 251.492
169.713 251.742
169.713 251.742
169.713 251.742
169.882 251.992
170.05 252.242
170.05 252.242
170.05 252.242
170.219 252.492
170.388 252.742
170.556 252.992
170.556 252.992
170.725 253.242
170.893 253.492
171.062 253.742
171.062 253.742
171.23 253.992
171.399 254.242
171.399 254.242
171.567 254.492
171.736 254.742
171.904 254.992
171.904 254.992
172.073 255.242
172.241 255.492
172.41 255.742
172.41 255.742
172.579 255.992
172.747 256.242
172.747 256.242
172.916 256.492
173.084 256.742
173.084 256.742
173.253 256.992
173.253 256.992
173.421 257.242
173.421 257.242
173.59 257.492
173.59 257.492
173.758 257.742
173.758 257.742
173.927 257.992
173.927 257.992
174.095 258.242
174.095 258.242
174.264 258.492
174.264 258.492
174.433 258.742
174.433 258.742
174.601 258.992
174.601 258.992
174.77 259.242
174.77 259.242
174.938 259.492
175.107 259.742
175.107 259.742
175.275 259.992
175.444 260.242
175.444 260.242
175.444 260.242
175.612 260.492
175.781 260.742
175.781 260.742
175.949 260.992
176.118 261.242
176.118 261.242
176.286 261.492
176.455 261.742
176.455 261.742
176.624 261.992
176.792 262.242
176.792 262.242
176.961 262.492
177.129 262.742
177.298 262.992
177.466 263.242
177.466 263.242
177.635 263.492
177.803 263.742
177.803 263.742
177.972 263.992
178.14 264.242
178.14 264.242
178.309 264.492
178.477 264.742
178.477 264.742
178.646 264.992
178.646 264.992
178.815 265.242
178.815 265.242
178.983 265.492
179.152 265.742
179.152 265.742
179.32 265.992
179.489 266.242
179.489 266.242
179.657 266.492
179.826 266.742
179.826 266.742
179.994 266.992
179.994 266.992
180.163 267.242
180.163 267.242
180.331 267.492
180.5 267.742
180.5 267.742
180.668 267.992
180.837 268.242
180.837 268.242
180.837 268.242
181.006 268.492
181.174 268.742
181.174 268.742
181.343 268.992
181.511 269.242
181.511 269.242
181.68 269.492
181.848 269.742
181.848 269.742
182.017 269.992
182.185 270.242
182.185 270.242
182.354 270.492
182.522 270.742
182.691 270.992
182.859 271.242
182.859 271.242
183.028 271.492
183.197 271.742
183.197 271.742
183.365 271.992
183.534 272.242
183.534 272.242
183.702 272.492
183.871 272.742
183.871 272.742
184.039 272.992
184.208 273.242
184.208 273.242
184.376 273.492
184.545 273.742
184.545 273.742
184.713 273.992
184.882 274.242
184.882 274.242
185.05 274.492
185.219 274.742
185.219 274.742
185.388 274.992
185.388 274.992
185.556 275.242
185.556 275.242
185.725 275.492
185.893 275.742
185.893 275.742
186.062 275.992
186.23 276.242
186.23 276.242
186.23 276.242
186.399 276.492
186.567 276.742
186.736 276.992
186.904 277.242
186.904 277.242
187.073 277.492
187.241 277.742
187.241 277.742
187.41 277.992
187.579 278.242
187.579 278.242
187.747 278.492
187.916 278.742
188.084 278.992
188.253 279.242
188.421 279.492
188.59 279.742
188.758 279.992
188.927 280.242
188.927 280.242
189.095 280.492
189.264 280.742
189.432 280.992
189.432 280.992
189.601 281.242
189.77 281.492
189.938 281.742
189.938 281.742
190.107 281.992
190.275 282.242
190.275 282.242
190.444 282.492
190.612 282.742
190.781 282.992
190.949 283.242
190.949 283.242
191.118 283.492
191.286 283.742
191.286 283.742
191.455 283.992
191.624 284.242
191.624 284.242
191.792 284.492
191.961 284.742
192.129 284.992
192.298 285.242
192.466 285.492
192.635 285.742
192.635 285.742
192.803 285.992
192.972 286.242
192.972 286.242
193.14 286.492
193.309 286.742
193.309 286.742
193.477 286.992
193.646 287.242
193.646 287.242
193.815 287.492
193.983 287.742
193.983 287.742
194.152 287.992
194.32 288.242
194.32 288.242
194.489 288.492
194.657 288.742
194.657 288.742
194.826 288.992
194.826 288.992
194.994 289.242
194.994 289.242
195.163 289.492
195.331 289.742
195.331 289.742
195.5 289.992
195.668 290.242
195.668 290.242
196.006 290.742
196.006 290.742
196.006 290.742
196.006 290.742
196.174 290.992
196.343 291.242
196.343 291.242
196.343 291.242
196.511 291.492
196.68 291.742
196.68 291.742
197.017 292.242
197.017 292.242
197.017 292.242
197.185 292.492
197.354 292.742
197.354 292.742
197.522 292.992
197.691 293.242
197.691 293.242
197.859 293.492
198.028 293.742
198.028 293.742
198.197 293.992
198.365 294.242
198.365 294.242
198.534 294.492
198.702 294.742
198.871 294.992
199.039 295.242
199.039 295.242
199.208 295.492
199.376 295.742
199.376 295.742
199.545 295.992
199.713 296.242
199.713 296.242
199.882 296.492
200.05 296.742
200.05 296.742
200.219 296.992
200.219 296.992
200.388 297.242
200.388 297.242
200.556 297.492
200.725 297.742
200.725 297.742
200.893 297.992
201.062 298.242
201.062 298.242
201.23 298.492
201.399 298.742
201.399 298.742
201.567 298.992
201.736 299.242
201.736 299.242
201.904 299.492
202.073 299.742
202.073 299.742
202.241 299.992
202.41 300.242
202.41 300.242
202.41 300.242
202.579 300.492
202.747 300.742
202.747 300.742
202.916 300.992
203.084 301.242
203.084 301.242
203.253 301.492
203.421 301.742
203.421 301.742
203.59 301.992
203.758 302.242
203.758 302.242
203.927 302.492
204.095 302.742
204.264 302.992
204.432 303.242
204.432 303.242
204.601 303.492
204.77 303.742
204.938 303.992
204.938 303.992
205.107 304.242
205.107 304.242
205.275 304.492
205.444 304.742
205.444 304.742
205.612 304.992
205.781 305.242
205.781 305.242
205.949 305.492
206.118 305.742
206.118 305.742
206.286 305.992
206.455 306.242
206.455 306.242
206.624 306.492
206.792 306.742
206.792 306.742
206.961 306.992
206.961 306.992
207.129 307.242
207.129 307.242
207.298 307.492
207.466 307.742
207.466 307.742
207.635 307.992
207.803 308.242
207.803 308.242
207.803 308.242
207.972 308.492
208.14 308.742
208.309 308.992
208.477 309.242
208.477 309.242
208.646 309.492
208.815 309.742
208.815 309.742
208.983 309.992
209.152 310.242
209.152 310.242
209.32 310.492
209.489 310.742
209.657 310.992
209.826 311.242
209.994 311.492
210.163 311.742
210.331 311.992
210.5 312.242
210.5 312.242
210.668 312.492
210.837 312.742
211.006 312.992
211.006 312.992
211.174 313.242
211.343 313.492
211.511 313.742
211.511 313.742
211.68 313.992
211.848 314.242
211.848 314.242
212.017 314.492
212.185 314.742
212.185 314.742
212.354 314.992
212.354 314.992
212.522 315.242
212.522 315.242
212.522 315.242
212.691 315.492
212.859 315.742
212.859 315.742
212.859 315.742
213.028 315.992
213.197 316.242
213.197 316.242
213.197 316.242
213.365 316.492
213.534 316.742
213.702 316.992
213.702 316.992
213.871 317.242
214.039 317.492
214.208 317.742
214.208 317.742
214.376 317.992
214.545 318.242
214.545 318.242
214.713 318.492
214.882 318.742
215.05 318.992
215.05 318.992
215.219 319.242
215.388 319.492
215.556 319.742
215.556 319.742
215.725 319.992
215.893 320.242
215.893 320.242
216.062 320.492
216.23 320.742
216.23 320.742
216.399 320.992
216.399 320.992
216.567 321.242
216.567 321.242
216.736 321.492
216.736 321.492
216.904 321.742
216.904 321.742
217.073 321.992
217.073 321.992
217.241 322.242
217.241 322.242
217.41 322.492
217.41 322.492
217.579 322.742
217.579 322.742
217.747 322.992
217.747 322.992
217.916 323.242
217.916 323.242
218.084 323.492
218.253 323.742
218.253 323.742
218.421 323.992
218.59 324.242
218.59 324.242
218.59 324.242
218.758 324.492
218.927 324.742
218.927 324.742
219.095 324.992
219.264 325.242
219.264 325.242
219.432 325.492
219.601 325.742
219.601 325.742
219.77 325.992
219.938 326.242
219.938 326.242
220.107 326.492
220.275 326.742
220.444 326.992
220.612 327.242
220.612 327.242
220.781 327.492
220.949 327.742
220.949 327.742
221.118 327.992
221.286 328.242
221.286 328.242
221.455 328.492
221.623 328.742
221.623 328.742
221.792 328.992
221.792 328.992
221.961 329.242
221.961 329.242
222.129 329.492
222.298 329.742
222.298 329.742
222.466 329.992
222.635 330.242
222.635 330.242
222.803 330.492
222.972 330.742
222.972 330.742
223.14 330.992
223.14 330.992
223.309 331.242
223.309 331.242
223.477 331.492
223.646 331.742
223.646 331.742
223.815 331.992
223.983 332.242
223.983 332.242
223.983 332.242
224.152 332.492
224.32 332.742
224.32 332.742
224.489 332.992
224.657 333.242
224.657 333.242
224.826 333.492
224.994 333.742
224.994 333.742
225.163 333.992
225.331 334.242
225.331 334.242
225.5 334.492
225.668 334.742
225.837 334.992
226.006 335.242
226.006 335.242
226.174 335.492
226.343 335.742
226.343 335.742
226.511 335.992
226.68 336.242
226.68 336.242
226.848 336.492
227.017 336.742
227.017 336.742
227.185 336.992
227.354 337.242
227.354 337.242
227.522 337.492
227.691 337.742
227.691 337.742
227.859 337.992
228.028 338.242
228.028 338.242
228.197 338.492
228.365 338.742
228.365 338.742
228.534 338.992
228.534 338.992
228.702 339.242
228.702 339.242
228.871 339.492
229.039 339.742
229.039 339.742
229.208 339.992
229.376 340.242
229.376 340.242
229.376 340.242
229.545 340.492
229.713 340.742
229.882 340.992
230.05 341.242
230.05 341.242
230.219 341.492
230.388 341.742
230.388 341.742
230.556 341.992
230.725 342.242
230.725 342.242
230.893 342.492
231.062 342.742
231.23 342.992
231.399 343.242
231.567 343.492
231.736 343.742
231.904 343.992
232.073 344.242
232.073 344.242
232.241 344.492
232.41 344.742
232.579 344.992
232.579 344.992
232.747 345.242
232.916 345.492
233.084 345.742
233.084 345.742
233.253 345.992
233.421 346.242
233.421 346.242
233.59 346.492
233.758 346.742
233.927 346.992
234.095 347.242
234.095 347.242
234.264 347.492
234.432 347.742
234.432 347.742
234.601 347.992
234.77 348.242
234.77 348.242
234.938 348.492
235.107 348.742
235.275 348.992
235.444 349.242
235.612 349.492
235.781 349.742
235.781 349.742
235.949 349.992
236.118 350.242
236.118 350.242
236.286 350.492
236.455 350.742
236.455 350.742
236.623 350.992
236.792 351.242
236.792 351.242
236.961 351.492
237.129 351.742
237.129 351.742
237.298 351.992
237.466 352.242
237.466 352.242
237.635 352.492
237.803 352.742
237.803 352.742
237.972 352.992
237.972 352.992
238.14 353.242
238.14 353.242
238.309 353.492
238.477 353.742
238.477 353.742
238.646 353.992
238.814 354.242
238.814 354.242
239.152 354.742
239.152 354.742
239.152 354.742
239.32 354.992
239.489 355.242
239.489 355.242
239.657 355.492
239.826 355.742
240.163 356.242
240.163 356.242
240.163 356.242
240.163 356.242
240.163 356.242
240.163 356.242
240.163 356.242
240.837 357.242
241.174 357.742
241.511 358.242
242.859 360.242
242.859 360.242
242.859 360.242
242.859 360.242
242.859 360.242
242.859 360.242
243.365 360.992
243.871 361.742
244.208 362.242
244.882 363.242
245.219 363.742
245.556 364.242
245.556 364.242
245.556 364.242
245.556 364.242
245.556 364.242
246.567 365.742
246.904 366.242
246.904 366.242
246.904 366.242
246.904 366.242
246.904 366.242
247.473 367.085
247.954 367.798
248.4 368.46
248.59 368.742
248.927 369.242
249.264 369.742
249.601 370.242
249.895 370.677
249.938 370.742
250.275 371.242
250.33 371.323
250.612 371.742
250.949 372.242
250.949 372.242
251.286 372.742
251.623 373.242
251.623 373.242
251.623 373.242
251.623 373.242
251.961 373.742
251.961 373.742
252.298 374.242
252.298 374.242
252.635 374.742
252.972 375.242
252.972 375.242
253.309 375.742
253.309 375.742
253.646 376.242
253.646 376.242
253.983 376.742
253.983 376.742
254.32 377.242
254.32 377.242
254.32 377.242
254.657 377.742
254.657 377.742
254.994 378.242
254.994 378.242
255.331 378.742
255.668 379.242
255.668 379.242
256.006 379.742
256.006 379.742
256.343 380.242
256.343 380.242
256.68 380.742
257.017 381.242
257.017 381.242
257.354 381.742
257.354 381.742
257.691 382.242
257.691 382.242
258.028 382.742
258.028 382.742
258.365 383.242
258.702 383.742
258.702 383.742
258.702 383.742
258.702 383.742
259.039 384.242
259.039 384.242
259.376 384.742
259.713 385.242
260.05 385.742
260.05 385.742
260.05 385.742
260.388 386.242
260.725 386.742
261.062 387.242
261.062 387.242
261.062 387.242
261.399 387.742
261.399 387.742
261.736 388.242
261.736 388.242
261.736 388.242
261.736 388.242
261.736 388.242
261.736 388.242
261.736 388.242
262.073 388.742
262.41 389.242
262.747 389.742
263.084 390.242
264.095 391.742
264.432 392.242
264.432 392.242
264.432 392.242
264.432 392.242
264.432 392.242
264.432 392.242
264.432 392.242
264.77 392.742
264.938 392.992
265.107 393.242
265.444 393.742
265.781 394.242
266.455 395.242
266.792 395.742
267.129 396.242
267.129 396.242
267.466 396.742
267.803 397.242
268.14 397.742
268.14 397.742
268.14 397.742
268.14 397.742
268.459 398.215
268.462 398.219
268.466 398.225
268.469 398.229
268.477 398.242
268.477 398.242
269.166 399.262
269.843 400.267
270.48 401.212
271.129 402.175
271.133 402.181
271.503 402.729
271.81 403.185
272.215 403.785
272.543 404.273
272.866 404.752
273.366 405.494
273.733 406.038
273.824 406.173
274.192 406.719
