0.778193 0.829167
1.01282 1.07917
1.24745 1.32917
1.48209 1.57917
1.95135 2.07917
2.42061 2.57917
2.88987 3.07917
3.35913 3.57917
4.45017 4.74167
4.4619 4.75417
4.47168 4.76458
4.47559 4.76875
4.48145 4.775
4.49514 4.78958
4.49514 4.78958
5.22445 5.56667
5.22445 5.56667
5.23618 5.57917
5.23618 5.57917
5.25182 5.59583
5.2616 5.60625
5.2616 5.60625
5.93421 6.32292
5.93421 6.32292
5.93421 6.32292
5.94007 6.32917
5.94007 6.32917
5.94007 6.32917
5.94007 6.32917
5.94594 6.33542
8.28638 8.82917
8.29421 8.8375
8.51906 9.07708
8.75174 9.325
9.06458 9.65833
9.5006 10.1229
9.95813 10.6104
10.4606 11.1458
10.9084 11.6229
11.3757 12.1208
11.8117 12.5854
11.9486 12.7312
12.0405 12.8292
12.0991 12.8917
12.3123 13.1188
12.5156 13.3354
12.7796 13.6167
13.9058 14.8167
13.9175 14.8292
14.1404 15.0667
14.3653 15.3063
14.6312 15.5896
15.7398 16.7708
15.8259 16.8625
15.8904 16.9312
19.5487 20.8292
19.5487 20.8292
19.5487 20.8292
19.5487 20.8292
20.0179 21.3292
20.4872 21.8292
20.4872 21.8292
20.4872 21.8292
20.4872 21.8292
20.7218 22.0792
20.9565 22.3292
20.9565 22.3292
21.1911 22.5792
21.4257 22.8292
21.4257 22.8292
21.4257 22.8292
22.3642 23.8292
22.3642 23.8292
22.8335 24.3292
23.3028 24.8292
23.3028 24.8292
23.3028 24.8292
23.3028 24.8292
23.3028 24.8292
23.5374 25.0792
23.772 25.3292
24.0067 25.5792
24.2413 25.8292
24.2413 25.8292
24.2413 25.8292
24.4759 26.0792
24.7106 26.3292
25.1798 26.8292
25.1798 26.8292
25.1798 26.8292
25.6491 27.3292
26.1183 27.8292
26.1183 27.8292
26.5876 28.3292
27.0569 28.8292
27.0569 28.8292
27.0569 28.8292
27.5261 29.3292
27.9954 29.8292
27.9954 29.8292
27.9954 29.8292
27.9954 29.8292
27.9954 29.8292
28.23 30.0792
28.4647 30.3292
28.6993 30.5792
28.9339 30.8292
28.9339 30.8292
28.9339 30.8292
28.9339 30.8292
28.9339 30.8292
29.4032 31.3292
29.8724 31.8292
29.8724 31.8292
29.8724 31.8292
30.1071 32.0792
30.3417 32.3292
30.5763 32.5792
30.811 32.8292
30.811 32.8292
30.811 32.8292
30.811 32.8292
30.811 32.8292
31.0456 33.0792
31.7495 33.8292
31.7495 33.8292
31.7495 33.8292
31.7495 33.8292
31.7495 33.8292
32.2187 34.3292
32.688 34.8292
32.688 34.8292
32.688 34.8292
33.1573 35.3292
33.3919 35.5792
33.3919 35.5792
33.6265 35.8292
33.6265 35.8292
33.8612 36.0792
34.0958 36.3292
34.0958 36.3292
34.3304 36.5792
34.5651 36.8292
34.5651 36.8292
34.5651 36.8292
34.5651 36.8292
34.5651 36.8292
35.0343 37.3292
35.0343 37.3292
35.2689 37.5792
35.5036 37.8292
35.5036 37.8292
35.5036 37.8292
35.5036 37.8292
35.9728 38.3292
35.9728 38.3292
36.2075 38.5792
36.4421 38.8292
36.4421 38.8292
36.4421 38.8292
36.9114 39.3292
37.3806 39.8292
37.3806 39.8292
37.6153 40.0792
37.8499 40.3292
37.8499 40.3292
38.0845 40.5792
38.3192 40.8292
38.3192 40.8292
38.3192 40.8292
38.3192 40.8292
38.3192 40.8292
38.5538 41.0792
38.7884 41.3292
38.7884 41.3292
39.023 41.5792
39.2577 41.8292
39.2577 41.8292
39.2577 41.8292
39.2577 41.8292
39.7269 42.3292
39.7269 42.3292
39.9616 42.5792
40.1962 42.8292
40.1962 42.8292
40.1962 42.8292
40.6655 43.3292
40.9001 43.5792
40.9001 43.5792
41.1347 43.8292
41.1347 43.8292
41.3694 44.0792
41.604 44.3292
41.604 44.3292
41.8386 44.5792
41.8386 44.5792
42.0732 44.8292
42.0732 44.8292
42.5425 45.3292
42.5425 45.3292
42.7771 45.5792
43.0118 45.8292
43.0118 45.8292
43.0118 45.8292
43.481 46.3292
43.9503 46.8292
43.9503 46.8292
43.9503 46.8292
44.4196 47.3292
44.8888 47.8292
44.8888 47.8292
44.8888 47.8292
45.1235 48.0792
45.3581 48.3292
45.3581 48.3292
45.8273 48.8292
45.8273 48.8292
45.8273 48.8292
45.8273 48.8292
45.8273 48.8292
46.2966 49.3292
46.2966 49.3292
46.7659 49.8292
46.7659 49.8292
47.2351 50.3292
47.4698 50.5792
47.7044 50.8292
47.7044 50.8292
47.7044 50.8292
48.6429 51.8292
48.8775 52.0792
49.1122 52.3292
49.1122 52.3292
49.3468 52.5792
49.5814 52.8292
50.0507 53.3292
50.0507 53.3292
50.2853 53.5792
50.52 53.8292
50.52 53.8292
50.52 53.8292
50.52 53.8292
50.7546 54.0792
50.9892 54.3292
50.9892 54.3292
51.2239 54.5792
51.4585 54.8292
51.9278 55.3292
52.397 55.8292
52.397 55.8292
52.397 55.8292
52.8663 56.3292
53.1009 56.5792
53.3355 56.8292
53.3355 56.8292
53.5702 57.0792
53.8048 57.3292
53.8048 57.3292
54.0394 57.5792
54.2741 57.8292
54.2741 57.8292
54.5087 58.0792
54.7433 58.3292
54.7433 58.3292
55.2126 58.8292
55.6818 59.3292
56.1511 59.8292
56.3857 60.0792
56.3857 60.0792
56.6204 60.3292
56.6204 60.3292
56.855 60.5792
57.0896 60.8292
57.0896 60.8292
57.5589 61.3292
57.7935 61.5792
58.0282 61.8292
58.0282 61.8292
58.0282 61.8292
58.2628 62.0792
58.4974 62.3292
58.4974 62.3292
58.732 62.5792
58.9667 62.8292
59.4359 63.3292
59.6706 63.5792
59.9052 63.8292
59.9052 63.8292
59.9052 63.8292
60.3745 64.3292
60.6091 64.5792
60.8437 64.8292
60.8437 64.8292
61.313 65.3292
61.313 65.3292
61.5476 65.5792
61.7823 65.8292
61.7823 65.8292
62.2515 66.3292
62.7208 66.8292
62.7208 66.8292
62.7208 66.8292
62.7208 66.8292
63.19 67.3292
63.6593 67.8292
63.6593 67.8292
63.6593 67.8292
63.8939 68.0792
64.1286 68.3292
64.1286 68.3292
64.3632 68.5792
64.5978 68.8292
64.5978 68.8292
64.5978 68.8292
65.0671 69.3292
65.0671 69.3292
65.3017 69.5792
65.5363 69.8292
65.5363 69.8292
65.5363 69.8292
65.771 70.0792
66.0056 70.3292
66.2402 70.5792
66.2402 70.5792
66.4749 70.8292
66.4749 70.8292
66.9441 71.3292
67.4134 71.8292
67.4134 71.8292
67.4134 71.8292
67.4134 71.8292
67.8827 72.3292
67.8827 72.3292
68.1173 72.5792
68.1173 72.5792
68.3519 72.8292
68.3519 72.8292
68.8212 73.3292
68.8212 73.3292
69.0558 73.5792
69.2904 73.8292
69.2904 73.8292
69.2904 73.8292
69.5251 74.0792
69.7597 74.3292
69.7597 74.3292
69.9943 74.5792
70.229 74.8292
70.6982 75.3292
71.1675 75.8292
71.1675 75.8292
71.6368 76.3292
71.6368 76.3292
71.8714 76.5792
72.106 76.8292
72.106 76.8292
72.5753 77.3292
72.5753 77.3292
72.8099 77.5792
73.0445 77.8292
73.0445 77.8292
73.0445 77.8292
73.5138 78.3292
73.5138 78.3292
73.7484 78.5792
73.9831 78.8292
73.9831 78.8292
73.9831 78.8292
73.9831 78.8292
73.9831 78.8292
74.9216 79.8292
74.9216 79.8292
74.9216 79.8292
74.9216 79.8292
75.3909 80.3292
75.3909 80.3292
75.6255 80.5792
75.8601 80.8292
76.3294 81.3292
76.7986 81.8292
77.0333 82.0792
77.2679 82.3292
77.7372 82.8292
77.7372 82.8292
77.7372 82.8292
77.7372 82.8292
78.6757 83.8292
78.6757 83.8292
78.6757 83.8292
78.6757 83.8292
78.6757 83.8292
78.6757 83.8292
78.9103 84.0792
79.3796 84.5792
79.6142 84.8292
79.6142 84.8292
79.6142 84.8292
79.6142 84.8292
79.6142 84.8292
79.8488 85.0792
80.0835 85.3292
80.0835 85.3292
80.3181 85.5792
80.3181 85.5792
80.5527 85.8292
80.5527 85.8292
80.5527 85.8292
80.7874 86.0792
81.022 86.3292
81.022 86.3292
81.2566 86.5792
81.2566 86.5792
81.4913 86.8292
81.7259 87.0792
81.9605 87.3292
82.1951 87.5792
82.4298 87.8292
82.6644 88.0792
82.899 88.3292
83.1337 88.5792
83.1337 88.5792
83.3683 88.8292
83.3683 88.8292
83.6029 89.0792
83.8376 89.3292
83.8376 89.3292
84.0722 89.5792
84.3068 89.8292
84.3068 89.8292
84.5415 90.0792
84.7761 90.3292
84.7761 90.3292
85.0107 90.5792
85.0107 90.5792
85.2454 90.8292
85.48 91.0792
85.7146 91.3292
85.9492 91.5792
86.1839 91.8292
86.4185 92.0792
86.6531 92.3292
86.6531 92.3292
86.8878 92.5792
86.8878 92.5792
87.1224 92.8292
87.1224 92.8292
87.357 93.0792
87.357 93.0792
87.5917 93.3292
87.5917 93.3292
87.8263 93.5792
87.8263 93.5792
88.0609 93.8292
88.0609 93.8292
88.2956 94.0792
88.5302 94.3292
88.5302 94.3292
88.7648 94.5792
88.7648 94.5792
88.9994 94.8292
88.9994 94.8292
89.2341 95.0792
89.4687 95.3292
89.7033 95.5792
89.7033 95.5792
89.938 95.8292
89.938 95.8292
90.1726 96.0792
90.1726 96.0792
90.4072 96.3292
90.4072 96.3292
90.6419 96.5792
90.6419 96.5792
90.8765 96.8292
90.8765 96.8292
91.1111 97.0792
91.1111 97.0792
91.3458 97.3292
91.3458 97.3292
91.5804 97.5792
91.5804 97.5792
91.815 97.8292
91.815 97.8292
91.815 97.8292
92.0497 98.0792
92.0497 98.0792
92.2843 98.3292
92.5189 98.5792
92.5189 98.5792
92.7535 98.8292
92.7535 98.8292
92.9882 99.0792
93.2228 99.3292
93.4574 99.5792
93.6921 99.8292
93.6921 99.8292
93.9267 100.079
93.9267 100.079
94.1613 100.329
94.396 100.579
94.396 100.579
94.6306 100.829
94.6306 100.829
94.8652 101.079
95.0999 101.329
95.0999 101.329
95.3345 101.579
95.3345 101.579
95.5691 101.829
95.5691 101.829
95.8037 102.079
96.0384 102.329
96.0384 102.329
96.273 102.579
96.273 102.579
96.5076 102.829
96.7423 103.079
96.7423 103.079
96.9769 103.329
97.2115 103.579
97.4462 103.829
97.6808 104.079
97.9154 104.329
98.1501 104.579
98.1501 104.579
98.3847 104.829
98.3847 104.829
98.6193 105.079
98.854 105.329
98.854 105.329
99.0886 105.579
99.3232 105.829
99.3232 105.829
99.5578 106.079
99.5578 106.079
99.7925 106.329
99.7925 106.329
100.027 106.579
100.027 106.579
100.262 106.829
100.496 107.079
100.731 107.329
100.966 107.579
101.2 107.829
101.435 108.079
101.67 108.329
101.67 108.329
101.904 108.579
101.904 108.579
102.139 108.829
102.139 108.829
102.373 109.079
102.373 109.079
102.608 109.329
102.608 109.329
102.843 109.579
102.843 109.579
103.077 109.829
103.077 109.829
103.312 110.079
103.312 110.079
103.547 110.329
103.781 110.579
103.781 110.579
104.016 110.829
104.016 110.829
104.25 111.079
104.485 111.329
104.72 111.579
104.72 111.579
104.954 111.829
104.954 111.829
105.189 112.079
105.189 112.079
105.424 112.329
105.424 112.329
105.658 112.579
105.658 112.579
105.893 112.829
105.893 112.829
106.128 113.079
106.128 113.079
106.362 113.329
106.362 113.329
106.597 113.579
106.597 113.579
106.831 113.829
107.066 114.079
107.066 114.079
107.301 114.329
107.535 114.579
107.77 114.829
108.005 115.079
108.239 115.329
108.239 115.329
108.474 115.579
108.474 115.579
108.708 115.829
108.708 115.829
108.943 116.079
109.178 116.329
109.178 116.329
109.412 116.579
109.412 116.579
109.647 116.829
109.882 117.079
110.116 117.329
110.351 117.579
110.586 117.829
110.82 118.079
111.055 118.329
111.289 118.579
111.524 118.829
111.524 118.829
111.524 118.829
111.524 118.829
111.993 119.329
112.228 119.579
112.463 119.829
112.697 120.079
113.166 120.579
113.401 120.829
113.401 120.829
113.401 120.829
113.401 120.829
113.636 121.079
113.87 121.329
113.87 121.329
114.105 121.579
114.34 121.829
114.34 121.829
114.34 121.829
114.574 122.079
114.809 122.329
115.043 122.579
115.043 122.579
115.043 122.579
115.278 122.829
115.278 122.829
115.278 122.829
115.513 123.079
115.747 123.329
115.982 123.579
115.982 123.579
116.217 123.829
116.217 123.829
116.217 123.829
116.451 124.079
116.686 124.329
116.686 124.329
116.686 124.329
116.686 124.329
116.921 124.579
116.921 124.579
116.921 124.579
117.155 124.829
117.155 124.829
117.155 124.829
117.155 124.829
117.155 124.829
117.624 125.329
117.624 125.329
117.624 125.329
117.624 125.329
118.094 125.829
118.094 125.829
118.094 125.829
118.094 125.829
118.094 125.829
118.563 126.329
118.563 126.329
118.563 126.329
119.032 126.829
119.032 126.829
119.032 126.829
119.032 126.829
119.032 126.829
119.501 127.329
119.501 127.329
119.501 127.329
119.501 127.329
119.971 127.829
119.971 127.829
119.971 127.829
119.971 127.829
119.971 127.829
120.44 128.329
120.44 128.329
120.44 128.329
120.909 128.829
120.909 128.829
120.909 128.829
120.909 128.829
120.909 128.829
121.848 129.829
121.848 129.829
121.848 129.829
121.848 129.829
121.848 129.829
121.848 129.829
122.317 130.329
122.317 130.329
122.317 130.329
122.317 130.329
122.317 130.329
122.317 130.329
123.725 131.829
123.725 131.829
123.959 132.079
124.194 132.329
124.194 132.329
124.663 132.829
124.663 132.829
124.898 133.079
125.133 133.329
125.367 133.579
125.602 133.829
125.602 133.829
125.837 134.079
125.837 134.079
126.071 134.329
126.071 134.329
126.306 134.579
126.54 134.829
126.54 134.829
126.775 135.079
127.01 135.329
127.01 135.329
127.244 135.579
127.479 135.829
127.479 135.829
127.714 136.079
127.948 136.329
128.183 136.579
128.417 136.829
128.417 136.829
128.417 136.829
128.652 137.079
128.887 137.329
129.121 137.579
129.356 137.829
129.356 137.829
129.591 138.079
129.591 138.079
129.825 138.329
129.825 138.329
130.06 138.579
130.06 138.579
130.295 138.829
130.295 138.829
130.295 138.829
130.529 139.079
130.764 139.329
130.998 139.579
130.998 139.579
131.233 139.829
131.233 139.829
131.233 139.829
131.468 140.079
131.468 140.079
131.702 140.329
131.702 140.329
131.937 140.579
131.937 140.579
132.172 140.829
132.172 140.829
132.172 140.829
132.172 140.829
132.406 141.079
132.641 141.329
132.875 141.579
132.875 141.579
133.11 141.829
133.345 142.079
133.579 142.329
133.579 142.329
133.814 142.579
134.049 142.829
134.049 142.829
134.049 142.829
134.283 143.079
134.518 143.329
134.752 143.579
134.987 143.829
134.987 143.829
135.222 144.079
135.456 144.329
135.456 144.329
135.926 144.829
135.926 144.829
135.926 144.829
135.926 144.829
135.926 144.829
135.926 144.829
135.926 144.829
136.395 145.329
136.395 145.329
136.395 145.329
136.395 145.329
136.395 145.329
136.395 145.329
136.395 145.329
137.333 146.329
137.333 146.329
137.333 146.329
137.333 146.329
137.333 146.329
137.333 146.329
137.333 146.329
138.546 147.621
138.612 147.692
138.708 147.794
138.943 148.044
139.201 148.319
139.68 148.829
141.557 150.829
142.495 151.829
143.434 152.829
143.903 153.329
144.138 153.579
144.372 153.829
144.372 153.829
144.372 153.829
144.372 153.829
144.607 154.079
144.842 154.329
144.842 154.329
145.076 154.579
145.311 154.829
145.78 155.329
145.78 155.329
146.015 155.579
146.249 155.829
146.249 155.829
146.249 155.829
146.249 155.829
146.719 156.329
146.953 156.579
147.188 156.829
147.188 156.829
147.423 157.079
147.657 157.329
147.657 157.329
147.892 157.579
148.126 157.829
148.126 157.829
148.361 158.079
148.596 158.329
148.596 158.329
149.065 158.829
149.534 159.329
150.004 159.829
150.004 159.829
150.238 160.079
150.238 160.079
150.473 160.329
150.473 160.329
150.707 160.579
150.942 160.829
150.942 160.829
151.411 161.329
151.646 161.579
151.881 161.829
151.881 161.829
151.881 161.829
152.115 162.079
152.35 162.329
152.35 162.329
152.584 162.579
152.819 162.829
153.288 163.329
153.523 163.579
153.758 163.829
153.758 163.829
153.758 163.829
154.227 164.329
154.461 164.579
154.696 164.829
154.696 164.829
155.165 165.329
155.165 165.329
155.4 165.579
155.635 165.829
155.635 165.829
156.104 166.329
156.573 166.829
156.573 166.829
156.573 166.829
157.042 167.329
157.042 167.329
157.277 167.579
157.512 167.829
157.512 167.829
157.512 167.829
157.746 168.079
157.981 168.329
157.981 168.329
158.216 168.579
158.45 168.829
158.45 168.829
158.919 169.329
158.919 169.329
159.154 169.579
159.389 169.829
159.389 169.829
159.389 169.829
159.623 170.079
159.858 170.329
160.093 170.579
160.093 170.579
160.327 170.829
160.327 170.829
160.797 171.329
161.266 171.829
161.266 171.829
161.266 171.829
161.266 171.829
161.5 172.079
161.735 172.329
161.735 172.329
161.97 172.579
161.97 172.579
162.204 172.829
162.204 172.829
162.204 172.829
162.674 173.329
162.674 173.329
162.908 173.579
163.143 173.829
163.143 173.829
163.143 173.829
163.377 174.079
163.612 174.329
163.612 174.329
163.847 174.579
164.081 174.829
164.551 175.329
164.785 175.579
165.02 175.829
165.02 175.829
165.02 175.829
165.255 176.079
165.489 176.329
165.489 176.329
165.489 176.329
165.724 176.579
165.724 176.579
165.958 176.829
165.958 176.829
165.958 176.829
166.428 177.329
166.428 177.329
166.662 177.579
166.897 177.829
166.897 177.829
166.897 177.829
167.366 178.329
167.366 178.329
167.601 178.579
167.835 178.829
167.835 178.829
167.835 178.829
167.835 178.829
167.835 178.829
168.774 179.829
168.774 179.829
168.774 179.829
168.774 179.829
169.243 180.329
169.243 180.329
169.478 180.579
169.713 180.829
170.182 181.329
170.651 181.829
170.886 182.079
171.12 182.329
171.59 182.829
171.59 182.829
171.59 182.829
171.59 182.829
172.528 183.829
172.528 183.829
172.528 183.829
172.528 183.829
172.528 183.829
172.528 183.829
172.763 184.079
173.232 184.579
173.467 184.829
173.467 184.829
173.467 184.829
173.467 184.829
173.467 184.829
173.701 185.079
173.936 185.329
173.936 185.329
174.171 185.579
174.171 185.579
174.405 185.829
174.405 185.829
174.405 185.829
174.64 186.079
174.874 186.329
174.874 186.329
175.109 186.579
175.109 186.579
175.344 186.829
175.578 187.079
175.813 187.329
176.048 187.579
176.282 187.829
176.517 188.079
176.751 188.329
176.986 188.579
176.986 188.579
177.221 188.829
177.221 188.829
177.455 189.079
177.69 189.329
177.69 189.329
177.925 189.579
178.159 189.829
178.159 189.829
178.394 190.079
178.628 190.329
178.628 190.329
178.863 190.579
178.863 190.579
179.098 190.829
179.332 191.079
179.567 191.329
179.802 191.579
180.036 191.829
180.271 192.079
180.506 192.329
180.506 192.329
180.74 192.579
180.74 192.579
180.975 192.829
180.975 192.829
181.209 193.079
181.209 193.079
181.444 193.329
181.444 193.329
181.679 193.579
181.679 193.579
181.913 193.829
181.913 193.829
182.148 194.079
182.383 194.329
182.383 194.329
182.617 194.579
182.617 194.579
182.852 194.829
182.852 194.829
183.086 195.079
183.321 195.329
183.556 195.579
183.556 195.579
183.79 195.829
183.79 195.829
184.025 196.079
184.025 196.079
184.26 196.329
184.26 196.329
184.494 196.579
184.494 196.579
184.729 196.829
184.729 196.829
184.964 197.079
184.964 197.079
185.198 197.329
185.198 197.329
185.433 197.579
185.433 197.579
185.667 197.829
185.667 197.829
185.667 197.829
185.902 198.079
185.902 198.079
186.137 198.329
186.371 198.579
186.371 198.579
186.606 198.829
186.606 198.829
186.841 199.079
187.075 199.329
187.31 199.579
187.544 199.829
187.544 199.829
187.779 200.079
187.779 200.079
188.014 200.329
188.248 200.579
188.248 200.579
188.483 200.829
188.483 200.829
188.718 201.079
188.952 201.329
188.952 201.329
189.187 201.579
189.187 201.579
189.422 201.829
189.422 201.829
189.656 202.079
189.891 202.329
189.891 202.329
190.125 202.579
190.125 202.579
190.36 202.829
190.595 203.079
190.595 203.079
190.829 203.329
191.064 203.579
191.299 203.829
191.533 204.079
191.768 204.329
192.002 204.579
192.002 204.579
192.237 204.829
192.237 204.829
192.472 205.079
192.706 205.329
192.706 205.329
192.941 205.579
193.176 205.829
193.176 205.829
193.41 206.079
193.41 206.079
193.645 206.329
193.645 206.329
193.88 206.579
193.88 206.579
194.114 206.829
194.349 207.079
194.349 207.079
194.583 207.329
194.583 207.329
194.818 207.579
194.818 207.579
195.053 207.829
195.053 207.829
195.287 208.079
195.287 208.079
195.522 208.329
195.522 208.329
195.522 208.329
195.757 208.579
195.757 208.579
195.991 208.829
195.991 208.829
196.226 209.079
196.226 209.079
196.46 209.329
196.46 209.329
196.695 209.579
196.695 209.579
196.93 209.829
196.93 209.829
197.164 210.079
197.164 210.079
197.399 210.329
197.634 210.579
197.634 210.579
197.868 210.829
197.868 210.829
198.103 211.079
198.337 211.329
198.572 211.579
198.572 211.579
198.807 211.829
198.807 211.829
199.041 212.079
199.041 212.079
199.276 212.329
199.276 212.329
199.511 212.579
199.511 212.579
199.745 212.829
199.745 212.829
199.98 213.079
199.98 213.079
200.215 213.329
200.215 213.329
200.449 213.579
200.449 213.579
200.684 213.829
200.918 214.079
200.918 214.079
201.153 214.329
201.388 214.579
201.622 214.829
201.857 215.079
202.092 215.329
202.092 215.329
202.326 215.579
202.326 215.579
202.561 215.829
202.561 215.829
202.795 216.079
203.03 216.329
203.03 216.329
203.265 216.579
203.265 216.579
203.499 216.829
203.499 216.829
203.734 217.079
203.969 217.329
204.203 217.579
204.438 217.829
204.673 218.079
204.907 218.329
205.142 218.579
205.376 218.829
205.376 218.829
205.376 218.829
205.376 218.829
205.846 219.329
206.08 219.579
206.315 219.829
206.55 220.079
207.019 220.579
207.253 220.829
207.253 220.829
207.253 220.829
207.253 220.829
207.488 221.079
207.723 221.329
207.723 221.329
207.957 221.579
208.192 221.829
208.192 221.829
208.192 221.829
208.427 222.079
208.661 222.329
208.896 222.579
208.896 222.579
208.896 222.579
209.131 222.829
209.131 222.829
209.131 222.829
209.131 222.829
209.131 222.829
209.131 222.829
209.443 223.162
209.443 223.162
209.443 223.162
209.443 223.162
209.443 223.162
209.443 223.162
209.756 223.496
209.756 223.496
209.756 223.496
209.756 223.496
209.756 223.496
209.756 223.496
210.069 223.829
210.069 223.829
210.069 223.829
210.069 223.829
210.069 223.829
210.069 223.829
210.069 223.829
210.382 224.162
210.382 224.162
210.382 224.162
210.382 224.162
210.382 224.162
210.382 224.162
210.382 224.162
210.695 224.496
210.695 224.496
210.695 224.496
210.695 224.496
210.695 224.496
210.695 224.496
210.695 224.496
211.008 224.829
211.008 224.829
211.008 224.829
211.242 225.079
211.477 225.329
211.477 225.329
211.711 225.579
211.711 225.579
211.946 225.829
212.181 226.079
212.415 226.329
212.415 226.329
212.65 226.579
212.65 226.579
212.885 226.829
213.119 227.079
213.119 227.079
213.354 227.329
213.354 227.329
213.589 227.579
213.589 227.579
213.823 227.829
213.823 227.829
214.058 228.079
214.292 228.329
214.292 228.329
214.527 228.579
214.527 228.579
214.527 228.579
214.762 228.829
214.762 228.829
214.996 229.079
215.231 229.329
215.231 229.329
215.466 229.579
215.7 229.829
215.7 229.829
215.935 230.079
216.169 230.329
216.169 230.329
216.404 230.579
216.404 230.579
216.639 230.829
216.873 231.079
217.108 231.329
217.343 231.579
217.577 231.829
217.812 232.079
218.046 232.329
218.046 232.329
218.281 232.579
218.281 232.579
218.516 232.829
218.516 232.829
218.75 233.079
218.75 233.079
218.985 233.329
218.985 233.329
219.22 233.579
219.22 233.579
219.454 233.829
219.454 233.829
219.689 234.079
219.924 234.329
219.924 234.329
220.158 234.579
220.158 234.579
220.393 234.829
220.393 234.829
220.627 235.079
220.862 235.329
221.097 235.579
221.097 235.579
221.331 235.829
221.331 235.829
221.566 236.079
221.566 236.079
221.801 236.329
221.801 236.329
222.035 236.579
222.035 236.579
222.27 236.829
222.27 236.829
222.504 237.079
222.504 237.079
222.739 237.329
222.739 237.329
222.974 237.579
222.974 237.579
223.208 237.829
223.208 237.829
223.443 238.079
223.443 238.079
223.678 238.329
223.912 238.579
223.912 238.579
224.147 238.829
224.147 238.829
224.382 239.079
224.616 239.329
224.851 239.579
225.085 239.829
225.085 239.829
225.085 239.829
225.32 240.079
225.32 240.079
225.555 240.329
225.789 240.579
225.789 240.579
226.024 240.829
226.024 240.829
226.259 241.079
226.493 241.329
226.493 241.329
226.728 241.579
226.728 241.579
226.962 241.829
226.962 241.829
227.197 242.079
227.432 242.329
227.432 242.329
227.666 242.579
227.666 242.579
227.901 242.829
228.136 243.079
228.136 243.079
228.37 243.329
228.605 243.579
228.84 243.829
229.074 244.079
229.309 244.329
229.543 244.579
229.543 244.579
229.778 244.829
229.778 244.829
230.013 245.079
230.247 245.329
230.247 245.329
230.482 245.579
230.717 245.829
230.717 245.829
230.951 246.079
230.951 246.079
231.186 246.329
231.186 246.329
231.42 246.579
231.42 246.579
231.655 246.829
231.89 247.079
232.124 247.329
232.359 247.579
232.594 247.829
232.594 247.829
232.828 248.079
233.063 248.329
233.063 248.329
233.298 248.579
233.298 248.579
233.532 248.829
233.532 248.829
233.767 249.079
233.767 249.079
234.001 249.329
234.001 249.329
234.236 249.579
234.236 249.579
234.471 249.829
234.471 249.829
234.705 250.079
234.705 250.079
234.94 250.329
235.175 250.579
235.175 250.579
235.409 250.829
235.409 250.829
235.644 251.079
235.878 251.329
236.113 251.579
236.113 251.579
236.348 251.829
236.348 251.829
236.582 252.079
236.582 252.079
236.817 252.329
236.817 252.329
237.052 252.579
237.052 252.579
237.286 252.829
237.286 252.829
237.521 253.079
237.521 253.079
237.756 253.329
237.756 253.329
237.99 253.579
237.99 253.579
238.225 253.829
238.459 254.079
238.459 254.079
238.694 254.329
238.929 254.579
239.163 254.829
239.163 254.829
239.163 254.829
239.163 254.829
239.163 254.829
239.633 255.329
239.867 255.579
239.867 255.579
240.102 255.829
240.102 255.829
240.102 255.829
240.102 255.829
240.336 256.079
240.336 256.079
240.336 256.079
240.571 256.329
240.571 256.329
240.806 256.579
240.806 256.579
241.04 256.829
241.275 257.079
241.51 257.329
241.744 257.579
241.979 257.829
242.213 258.079
242.448 258.329
242.683 258.579
242.917 258.829
242.917 258.829
242.917 258.829
242.917 258.829
242.917 258.829
243.387 259.329
243.621 259.579
243.856 259.829
244.091 260.079
244.56 260.579
244.794 260.829
244.794 260.829
244.794 260.829
244.794 260.829
245.029 261.079
245.264 261.329
245.264 261.329
245.498 261.579
245.733 261.829
245.733 261.829
245.968 262.079
246.202 262.329
246.437 262.579
246.437 262.579
246.437 262.579
246.906 263.079
247.375 263.579
247.375 263.579
247.61 263.829
247.61 263.829
247.845 264.079
248.079 264.329
248.314 264.579
248.549 264.829
249.018 265.329
249.487 265.829
249.487 265.829
249.487 265.829
249.722 266.079
249.956 266.329
249.956 266.329
250.191 266.579
250.426 266.829
250.66 267.079
250.895 267.329
251.129 267.579
251.364 267.829
251.364 267.829
251.599 268.079
251.599 268.079
251.833 268.329
252.068 268.579
252.303 268.829
252.303 268.829
252.303 268.829
252.303 268.829
252.303 268.829
252.303 268.829
253.007 269.579
253.007 269.579
253.007 269.579
253.007 269.579
253.007 269.579
253.007 269.579
253.71 270.329
253.71 270.329
253.71 270.329
253.71 270.329
253.71 270.329
253.71 270.329
258.053 274.956
258.127 275.035
258.245 275.16
258.256 275.173
258.329 275.25
258.403 275.329
258.696 275.642
258.951 275.912
259.16 276.135
259.347 276.335
259.535 276.535
259.725 276.738
259.926 276.952
260.122 277.16
260.341 277.394
260.564 277.631
260.777 277.858
260.937 278.029
