4.71767 9.12083
4.97629 9.62083
5.23491 10.1208
5.23491 10.1208
5.49353 10.6208
5.49353 10.6208
5.75215 11.1208
5.75215 11.1208
6.01077 11.6208
6.01077 11.6208
6.26939 12.1208
6.26939 12.1208
6.52801 12.6208
6.78663 13.1208
7.04525 13.6208
7.30387 14.1208
7.56249 14.6208
7.56249 14.6208
7.82111 15.1208
7.82111 15.1208
8.07974 15.6208
8.07974 15.6208
8.33836 16.1208
8.33836 16.1208
8.59698 16.6208
8.8556 17.1208
9.11422 17.6208
9.11422 17.6208
9.37284 18.1208
9.37284 18.1208
9.63146 18.6208
9.63146 18.6208
9.89008 19.1208
9.89008 19.1208
10.1487 19.6208
10.4073 20.1208
10.4073 20.1208
10.6659 20.6208
10.6659 20.6208
10.9246 21.1208
10.9246 21.1208
11.4418 22.1208
11.4418 22.1208
11.4418 22.1208
11.7004 22.6208
11.959 23.1208
12.2177 23.6208
12.4763 24.1208
12.7349 24.6208
12.9935 25.1208
12.9935 25.1208
13.2521 25.6208
13.5108 26.1208
13.5108 26.1208
13.7694 26.6208
13.7694 26.6208
14.028 27.1208
14.028 27.1208
14.2866 27.6208
14.2866 27.6208
14.5452 28.1208
14.5452 28.1208
14.8039 28.6208
14.8039 28.6208
15.0625 29.1208
15.3211 29.6208
15.3211 29.6208
15.5797 30.1208
15.5797 30.1208
15.8384 30.6208
16.097 31.1208
16.097 31.1208
16.3556 31.6208
16.3556 31.6208
16.6142 32.1208
16.8728 32.6208
17.1315 33.1208
17.1315 33.1208
17.3567 33.5562
17.3901 33.6208
17.4935 33.8208
17.6487 34.1208
17.6487 34.1208
17.6487 34.1208
17.9073 34.6208
17.9073 34.6208
18.1659 35.1208
18.1659 35.1208
18.4246 35.6208
18.4246 35.6208
18.6832 36.1208
18.6832 36.1208
18.9418 36.6208
18.9418 36.6208
19.2004 37.1208
19.459 37.6208
19.459 37.6208
19.7177 38.1208
19.7177 38.1208
19.7177 38.1208
19.9763 38.6208
20.2349 39.1208
20.2349 39.1208
20.4935 39.6208
20.4935 39.6208
20.7521 40.1208
21.2694 41.1208
21.528 41.6208
21.7866 42.1208
21.7866 42.1208
21.7866 42.1208
22.0452 42.6208
22.3039 43.1208
22.3039 43.1208
22.5625 43.6208
22.8211 44.1208
23.0797 44.6208
23.3383 45.1208
23.597 45.6208
23.8556 46.1208
23.8556 46.1208
24.1142 46.6208
24.3728 47.1208
24.6314 47.6208
25.1487 48.6208
25.1487 48.6208
25.4073 49.1208
25.4073 49.1208
25.6659 49.6208
25.6659 49.6208
25.9245 50.1208
25.9245 50.1208
25.9245 50.1208
26.1832 50.6208
26.4418 51.1208
26.4418 51.1208
26.7004 51.6208
26.959 52.1208
27.2177 52.6208
27.2177 52.6208
27.4763 53.1208
27.7349 53.6208
27.9935 54.1208
27.9935 54.1208
27.9935 54.1208
28.2521 54.6208
28.5108 55.1208
28.5108 55.1208
28.7694 55.6208
29.2866 56.6208
29.5452 57.1208
29.8039 57.6208
30.0625 58.1208
30.0625 58.1208
30.0625 58.1208
30.3211 58.6208
30.3211 58.6208
30.5797 59.1208
30.5797 59.1208
30.8383 59.6208
30.8383 59.6208
31.097 60.1208
31.3556 60.6208
31.3556 60.6208
31.6142 61.1208
31.8728 61.6208
31.8728 61.6208
32.1314 62.1208
32.1314 62.1208
32.3901 62.6208
32.3901 62.6208
32.6487 63.1208
32.6487 63.1208
32.9073 63.6208
32.9073 63.6208
33.1659 64.1208
33.4245 64.6208
33.4245 64.6208
33.6832 65.1208
34.2004 66.1208
34.2004 66.1208
34.2004 66.1208
34.2004 66.1208
34.459 66.6208
34.7176 67.1208
34.7176 67.1208
34.9763 67.6208
35.2349 68.1208
35.4935 68.6208
35.4935 68.6208
35.7521 69.1208
36.0107 69.6208
36.0107 69.6208
36.2694 70.1208
36.2694 70.1208
36.528 70.6208
36.7866 71.1208
37.0452 71.6208
37.5625 72.6208
37.8211 73.1208
37.8211 73.1208
38.0797 73.6208
38.0797 73.6208
38.3383 74.1208
38.3383 74.1208
38.597 74.6208
38.8556 75.1208
38.8556 75.1208
39.1142 75.6208
39.3728 76.1208
39.6314 76.6208
39.8901 77.1208
39.8901 77.1208
40.1487 77.6208
40.1487 77.6208
40.4073 78.1208
40.6659 78.6208
40.9245 79.1208
41.1832 79.6208
41.4418 80.1208
41.7004 80.6208
41.959 81.1208
41.959 81.1208
42.2176 81.6208
42.4763 82.1208
42.4763 82.1208
42.4763 82.1208
42.7349 82.6208
42.7349 82.6208
42.9935 83.1208
43.2521 83.6208
43.2521 83.6208
43.5107 84.1208
43.7694 84.6208
44.028 85.1208
44.028 85.1208
44.2866 85.6208
44.5452 86.1208
44.5452 86.1208
44.5452 86.1208
44.8038 86.6208
45.0625 87.1208
45.0625 87.1208
45.3211 87.6208
45.8383 88.6208
46.0969 89.1208
46.0969 89.1208
46.3556 89.6208
46.3556 89.6208
46.6142 90.1208
46.6142 90.1208
46.6142 90.1208
46.6142 90.1208
46.8728 90.6208
47.1314 91.1208
47.1314 91.1208
47.3901 91.6208
47.3901 91.6208
47.3901 91.6208
47.6487 92.1208
47.9073 92.6208
48.1659 93.1208
48.1659 93.1208
48.4245 93.6208
48.6832 94.1208
48.6832 94.1208
48.6832 94.1208
48.9418 94.6208
49.2004 95.1208
49.459 95.6208
49.459 95.6208
49.9763 96.6208
49.9763 96.6208
50.2349 97.1208
50.2349 97.1208
50.4935 97.6208
50.4935 97.6208
50.7521 98.1208
50.7521 98.1208
50.7521 98.1208
50.7521 98.1208
51.0107 98.6208
51.2694 99.1208
51.528 99.6208
51.528 99.6208
52.0452 100.621
52.3038 101.121
52.3038 101.121
52.5625 101.621
52.5625 101.621
52.8211 102.121
52.8211 102.121
53.0797 102.621
53.3383 103.121
53.5969 103.621
53.8556 104.121
53.8556 104.121
53.8556 104.121
53.8556 104.121
54.3728 105.121
54.6314 105.621
54.89 106.121
54.89 106.121
54.89 106.121
54.89 106.121
55.1487 106.621
55.4073 107.121
55.4073 107.121
55.6659 107.621
55.9245 108.121
56.1831 108.621
56.4418 109.121
56.7004 109.621
56.959 110.121
56.959 110.121
56.959 110.121
57.2176 110.621
57.4763 111.121
57.7349 111.621
57.9935 112.121
58.2521 112.621
58.2521 112.621
58.5107 113.121
58.5107 113.121
58.7694 113.621
58.7694 113.621
59.028 114.121
59.028 114.121
59.028 114.121
59.028 114.121
59.2866 114.621
59.5452 115.121
59.5452 115.121
59.8038 115.621
60.0625 116.121
60.3211 116.621
60.3211 116.621
60.5797 117.121
60.8383 117.621
61.0969 118.121
61.0969 118.121
61.0969 118.121
61.0969 118.121
61.3556 118.621
61.6142 119.121
61.6142 119.121
61.8728 119.621
62.39 120.621
62.6487 121.121
62.6487 121.121
62.9073 121.621
63.1659 122.121
63.1659 122.121
63.1659 122.121
63.1659 122.121
63.4245 122.621
63.4245 122.621
63.6831 123.121
63.6831 123.121
63.9418 123.621
63.9418 123.621
64.2004 124.121
64.459 124.621
64.459 124.621
64.7176 125.121
64.9762 125.621
64.9762 125.621
65.2349 126.121
65.2349 126.121
65.2349 126.121
65.2349 126.121
65.4935 126.621
65.4935 126.621
65.7521 127.121
65.7521 127.121
66.0107 127.621
66.0107 127.621
66.2693 128.121
66.2693 128.121
66.528 128.621
66.528 128.621
66.7866 129.121
67.3038 130.121
67.3038 130.121
67.3038 130.121
67.3038 130.121
67.3038 130.121
67.5625 130.621
67.8211 131.121
67.8211 131.121
68.0797 131.621
68.3383 132.121
68.3383 132.121
68.5969 132.621
68.5969 132.621
68.8556 133.121
68.8556 133.121
69.1142 133.621
69.1142 133.621
69.3728 134.121
69.3728 134.121
69.3728 134.121
69.6314 134.621
69.89 135.121
70.1487 135.621
70.6659 136.621
70.9245 137.121
70.9245 137.121
71.1831 137.621
71.1831 137.621
71.4418 138.121
71.4418 138.121
71.4418 138.121
71.4418 138.121
71.7004 138.621
71.959 139.121
71.959 139.121
72.2176 139.621
72.4762 140.121
72.4762 140.121
72.7349 140.621
72.9935 141.121
72.9935 141.121
72.9935 141.121
73.2521 141.621
73.2521 141.621
73.5107 142.121
73.7693 142.621
74.028 143.121
74.2866 143.621
74.5452 144.121
74.5452 144.121
74.8038 144.621
75.0624 145.121
75.0624 145.121
75.0624 145.121
75.3211 145.621
75.5797 146.121
75.5797 146.121
75.5797 146.121
75.5797 146.121
75.8383 146.621
75.8383 146.621
76.0969 147.121
76.3555 147.621
76.3555 147.621
76.6142 148.121
76.6142 148.121
76.8728 148.621
77.1314 149.121
77.1314 149.121
77.1314 149.121
77.39 149.621
77.6486 150.121
77.6486 150.121
77.6486 150.121
77.6486 150.121
77.9073 150.621
78.1659 151.121
78.1659 151.121
78.4245 151.621
78.9418 152.621
79.2004 153.121
79.2004 153.121
79.459 153.621
79.459 153.621
79.7176 154.121
79.7176 154.121
79.7176 154.121
79.7176 154.121
79.7176 154.121
79.7176 154.121
79.9762 154.621
80.2349 155.121
80.2349 155.121
80.4935 155.621
80.4935 155.621
80.4935 155.621
80.7521 156.121
81.0107 156.621
81.2693 157.121
81.2693 157.121
81.528 157.621
81.7866 158.121
81.7866 158.121
81.7866 158.121
81.7866 158.121
82.0452 158.621
82.3038 159.121
82.5624 159.621
82.5624 159.621
82.8211 160.121
83.0797 160.621
83.0797 160.621
83.3383 161.121
83.3383 161.121
83.3383 161.121
83.5969 161.621
83.5969 161.621
83.8555 162.121
83.8555 162.121
83.8555 162.121
83.8555 162.121
83.8555 162.121
84.1142 162.621
84.3728 163.121
84.6314 163.621
84.6314 163.621
84.89 164.121
84.89 164.121
85.1486 164.621
85.4073 165.121
85.4073 165.121
85.4073 165.121
85.6659 165.621
85.9245 166.121
85.9245 166.121
85.9245 166.121
85.9245 166.121
85.9245 166.121
86.1831 166.621
86.4417 167.121
86.7004 167.621
86.7004 167.621
86.7004 167.621
86.959 168.121
87.2176 168.621
87.2176 168.621
87.2176 168.621
87.4762 169.121
87.7348 169.621
87.7348 169.621
87.9935 170.121
87.9935 170.121
88.2521 170.621
88.5107 171.121
88.7693 171.621
89.028 172.121
89.028 172.121
89.028 172.121
89.028 172.121
89.028 172.121
89.5452 173.121
89.5452 173.121
89.8038 173.621
89.8038 173.621
90.0624 174.121
90.0624 174.121
90.0624 174.121
90.0624 174.121
90.0624 174.121
90.0624 174.121
90.3211 174.621
90.3211 174.621
90.5797 175.121
90.5797 175.121
90.8383 175.621
90.8383 175.621
90.8383 175.621
91.0969 176.121
91.3555 176.621
91.3555 176.621
91.6142 177.121
91.6142 177.121
91.8728 177.621
91.8728 177.621
92.1314 178.121
92.39 178.621
92.39 178.621
92.6486 179.121
92.6486 179.121
92.6486 179.121
92.9073 179.621
92.9073 179.621
92.9073 179.621
93.1659 180.121
93.1659 180.121
93.4245 180.621
93.4245 180.621
93.4245 180.621
93.6831 181.121
93.6831 181.121
93.6831 181.121
94.2004 182.121
94.2004 182.121
94.2004 182.121
94.2004 182.121
94.2004 182.121
94.459 182.621
94.7176 183.121
94.7176 183.121
94.9762 183.621
94.9762 183.621
95.2348 184.121
95.4935 184.621
95.4935 184.621
95.7521 185.121
95.7521 185.121
96.0107 185.621
96.2693 186.121
96.2693 186.121
96.2693 186.121
96.5279 186.621
96.7866 187.121
96.7866 187.121
97.0452 187.621
97.0452 187.621
97.3038 188.121
97.3038 188.121
97.5624 188.621
97.5624 188.621
97.821 189.121
97.821 189.121
98.3383 190.121
98.3383 190.121
98.3383 190.121
98.3383 190.121
98.3383 190.121
98.5969 190.621
98.5969 190.621
98.8555 191.121
98.8555 191.121
99.1142 191.621
99.1142 191.621
99.1142 191.621
99.1142 191.621
99.3728 192.121
99.6314 192.621
99.6314 192.621
99.89 193.121
100.149 193.621
100.149 193.621
100.407 194.121
100.407 194.121
100.407 194.121
100.407 194.121
100.666 194.621
100.666 194.621
100.924 195.121
100.924 195.121
101.183 195.621
101.183 195.621
101.183 195.621
101.442 196.121
101.7 196.621
101.7 196.621
101.7 196.621
101.959 197.121
102.218 197.621
102.476 198.121
102.476 198.121
102.476 198.121
102.476 198.121
102.735 198.621
102.735 198.621
102.993 199.121
102.993 199.121
103.252 199.621
103.252 199.621
103.252 199.621
103.511 200.121
103.511 200.121
103.511 200.121
103.769 200.621
103.769 200.621
103.769 200.621
103.769 200.621
104.028 201.121
104.028 201.121
104.287 201.621
104.287 201.621
104.545 202.121
104.545 202.121
104.545 202.121
104.545 202.121
104.545 202.121
104.804 202.621
105.062 203.121
105.321 203.621
105.321 203.621
105.321 203.621
105.58 204.121
105.58 204.121
105.838 204.621
105.838 204.621
105.838 204.621
106.097 205.121
106.097 205.121
106.097 205.121
106.356 205.621
106.356 205.621
106.614 206.121
106.614 206.121
106.614 206.121
106.614 206.121
106.873 206.621
106.873 206.621
107.131 207.121
107.131 207.121
107.39 207.621
107.39 207.621
107.39 207.621
107.39 207.621
107.649 208.121
107.907 208.621
107.907 208.621
108.166 209.121
108.166 209.121
108.424 209.621
108.424 209.621
108.683 210.121
108.683 210.121
108.942 210.621
108.942 210.621
109.2 211.121
109.2 211.121
109.2 211.121
109.459 211.621
109.459 211.621
109.459 211.621
109.459 211.621
109.718 212.121
109.718 212.121
109.976 212.621
109.976 212.621
109.976 212.621
110.235 213.121
110.235 213.121
110.235 213.121
110.493 213.621
110.752 214.121
110.752 214.121
110.752 214.121
110.752 214.121
110.752 214.121
111.011 214.621
111.269 215.121
111.269 215.121
111.528 215.621
111.528 215.621
111.787 216.121
111.787 216.121
112.045 216.621
112.045 216.621
112.304 217.121
112.564 217.621
112.564 217.621
112.823 218.121
112.823 218.121
112.823 218.121
113.082 218.621
113.082 218.621
113.342 219.121
113.342 219.121
113.601 219.621
113.601 219.621
113.86 220.121
113.86 220.121
113.86 220.121
114.119 220.621
114.379 221.121
114.638 221.621
114.897 222.121
114.897 222.121
114.897 222.121
115.157 222.621
115.157 222.621
115.416 223.121
115.416 223.121
115.675 223.621
115.675 223.621
115.935 224.121
116.194 224.621
116.194 224.621
116.453 225.121
116.453 225.121
116.712 225.621
116.712 225.621
116.972 226.121
116.972 226.121
116.972 226.121
116.972 226.121
117.231 226.621
117.231 226.621
117.49 227.121
117.49 227.121
117.75 227.621
117.75 227.621
117.75 227.621
118.009 228.121
118.009 228.121
118.268 228.621
118.268 228.621
118.268 228.621
118.527 229.121
118.527 229.121
118.527 229.121
118.787 229.621
119.046 230.121
119.046 230.121
119.046 230.121
119.046 230.121
119.046 230.121
119.046 230.121
119.305 230.621
119.565 231.121
119.565 231.121
119.824 231.621
120.083 232.121
120.342 232.621
120.342 232.621
120.342 232.621
120.602 233.121
120.861 233.621
121.12 234.121
121.12 234.121
121.12 234.121
121.38 234.621
121.639 235.121
121.898 235.621
121.898 235.621
122.157 236.121
122.417 236.621
122.676 237.121
122.676 237.121
122.953 237.654
123.051 237.844
123.195 238.121
123.195 238.121
123.195 238.121
123.195 238.121
123.197 238.125
123.442 238.598
123.454 238.621
123.713 239.121
123.713 239.121
123.96 239.596
123.973 239.621
123.973 239.621
124.221 240.1
124.482 240.604
124.491 240.621
124.491 240.621
125.014 241.629
125.143 241.877
125.253 242.09
125.269 242.121
125.269 242.121
125.528 242.621
125.753 243.054
125.788 243.121
126.021 243.571
126.047 243.621
126.047 243.621
126.565 244.621
126.565 244.621
126.825 245.121
127.039 245.533
127.182 245.81
127.323 246.081
127.343 246.121
127.343 246.121
127.343 246.121
127.568 246.554
127.603 246.621
127.798 246.998
127.862 247.121
128.044 247.473
128.121 247.621
128.121 247.621
128.302 247.969
128.573 248.492
128.64 248.621
128.899 249.121
129.119 249.546
129.158 249.621
129.377 250.042
129.418 250.121
129.418 250.121
129.677 250.621
129.907 251.065
129.936 251.121
130.196 251.621
130.428 252.069
130.455 252.121
130.455 252.121
130.675 252.546
130.714 252.621
130.973 253.121
130.973 253.121
131.142 253.446
131.233 253.621
131.233 253.621
131.428 253.998
131.492 254.121
131.494 254.125
131.739 254.598
131.751 254.621
132.011 255.121
132.011 255.121
132.257 255.596
132.27 255.621
132.518 256.1
132.78 256.604
132.788 256.621
132.788 256.621
132.788 256.621
133.048 257.121
133.307 257.621
133.311 257.629
133.44 257.877
133.55 258.09
133.566 258.121
133.566 258.121
133.826 258.621
134.05 259.054
134.085 259.121
134.318 259.571
134.344 259.621
134.603 260.121
134.863 260.621
134.863 260.621
134.863 260.621
135.122 261.121
135.336 261.533
135.381 261.621
135.48 261.81
135.62 262.081
135.641 262.121
135.641 262.121
135.641 262.121
135.865 262.554
135.9 262.621
136.095 262.998
136.159 263.121
136.342 263.473
136.418 263.621
136.599 263.969
136.87 264.492
136.937 264.621
137.196 265.121
137.456 265.621
137.456 265.621
137.471 265.65
137.581 265.863
137.705 266.102
137.715 266.121
137.715 266.121
137.715 266.121
137.715 266.121
137.974 266.621
138.234 267.121
138.484 267.604
138.493 267.621
138.493 267.621
138.616 267.858
138.752 268.121
139.011 268.621
139.269 269.121
139.528 269.621
139.786 270.121
139.786 270.121
139.786 270.121
139.786 270.121
140.045 270.621
140.304 271.121
140.304 271.121
140.562 271.621
140.821 272.121
141.079 272.621
141.338 273.121
141.597 273.621
141.855 274.121
141.855 274.121
141.855 274.121
142.114 274.621
142.373 275.121
142.631 275.621
142.89 276.121
143.148 276.621
143.148 276.621
143.407 277.121
143.407 277.121
143.666 277.621
143.666 277.621
143.924 278.121
143.924 278.121
143.924 278.121
143.924 278.121
144.183 278.621
144.442 279.121
144.442 279.121
144.7 279.621
144.959 280.121
145.217 280.621
145.217 280.621
145.476 281.121
145.735 281.621
145.993 282.121
145.993 282.121
145.993 282.121
145.993 282.121
146.252 282.621
146.511 283.121
146.511 283.121
146.769 283.621
147.286 284.621
147.545 285.121
147.545 285.121
147.804 285.621
148.062 286.121
148.062 286.121
148.062 286.121
148.062 286.121
148.321 286.621
148.321 286.621
148.579 287.121
148.579 287.121
148.838 287.621
148.838 287.621
149.097 288.121
149.355 288.621
149.355 288.621
149.614 289.121
149.873 289.621
149.873 289.621
150.131 290.121
150.131 290.121
150.131 290.121
150.131 290.121
150.39 290.621
150.39 290.621
150.648 291.121
150.648 291.121
150.907 291.621
150.907 291.621
151.166 292.121
151.166 292.121
151.424 292.621
151.424 292.621
151.683 293.121
152.2 294.121
152.2 294.121
152.2 294.121
152.2 294.121
152.2 294.121
152.459 294.621
152.717 295.121
152.717 295.121
152.976 295.621
153.235 296.121
153.235 296.121
153.493 296.621
153.493 296.621
153.752 297.121
153.752 297.121
154.011 297.621
154.011 297.621
154.269 298.121
154.269 298.121
154.269 298.121
154.528 298.621
154.786 299.121
155.045 299.621
155.562 300.621
155.821 301.121
155.821 301.121
156.079 301.621
156.079 301.621
156.338 302.121
156.338 302.121
156.338 302.121
156.338 302.121
156.597 302.621
156.855 303.121
156.855 303.121
157.114 303.621
157.373 304.121
157.373 304.121
157.631 304.621
157.89 305.121
157.89 305.121
157.89 305.121
158.148 305.621
158.148 305.621
158.407 306.121
158.666 306.621
158.924 307.121
159.183 307.621
159.442 308.121
159.442 308.121
159.7 308.621
159.959 309.121
159.959 309.121
159.959 309.121
160.217 309.621
160.476 310.121
160.476 310.121
160.476 310.121
160.476 310.121
160.735 310.621
160.735 310.621
160.993 311.121
161.252 311.621
161.252 311.621
161.511 312.121
161.511 312.121
161.769 312.621
162.028 313.121
162.028 313.121
162.028 313.121
162.286 313.621
162.545 314.121
162.545 314.121
162.545 314.121
162.545 314.121
162.804 314.621
163.062 315.121
163.062 315.121
163.321 315.621
163.838 316.621
164.097 317.121
164.097 317.121
164.355 317.621
164.355 317.621
164.614 318.121
164.614 318.121
164.614 318.121
164.614 318.121
164.614 318.121
164.614 318.121
164.873 318.621
165.131 319.121
165.131 319.121
165.39 319.621
165.39 319.621
165.39 319.621
165.648 320.121
165.907 320.621
166.166 321.121
166.166 321.121
166.424 321.621
166.683 322.121
166.683 322.121
166.683 322.121
166.683 322.121
166.942 322.621
167.2 323.121
167.459 323.621
167.459 323.621
167.717 324.121
167.976 324.621
167.976 324.621
168.235 325.121
168.235 325.121
168.235 325.121
168.493 325.621
168.493 325.621
168.752 326.121
168.752 326.121
168.752 326.121
168.752 326.121
168.752 326.121
169.011 326.621
169.269 327.121
169.528 327.621
169.528 327.621
169.786 328.121
169.786 328.121
170.045 328.621
170.304 329.121
170.304 329.121
170.304 329.121
170.562 329.621
170.821 330.121
170.821 330.121
170.821 330.121
170.821 330.121
170.821 330.121
171.079 330.621
171.338 331.121
171.597 331.621
171.597 331.621
171.597 331.621
171.855 332.121
172.114 332.621
172.114 332.621
172.114 332.621
172.373 333.121
172.631 333.621
172.631 333.621
172.89 334.121
172.89 334.121
173.148 334.621
173.407 335.121
173.666 335.621
173.924 336.121
173.924 336.121
173.924 336.121
173.924 336.121
173.924 336.121
174.442 337.121
174.442 337.121
174.7 337.621
174.7 337.621
174.959 338.121
174.959 338.121
174.959 338.121
174.959 338.121
174.959 338.121
174.959 338.121
175.217 338.621
175.217 338.621
175.476 339.121
175.476 339.121
175.735 339.621
175.735 339.621
175.735 339.621
175.993 340.121
176.252 340.621
176.252 340.621
176.51 341.121
176.51 341.121
176.769 341.621
176.769 341.621
177.028 342.121
177.286 342.621
177.286 342.621
177.545 343.121
177.545 343.121
177.545 343.121
177.804 343.621
177.804 343.621
177.804 343.621
178.062 344.121
178.062 344.121
178.321 344.621
178.321 344.621
178.321 344.621
178.579 345.121
178.579 345.121
178.579 345.121
179.097 346.121
179.097 346.121
179.097 346.121
179.097 346.121
179.097 346.121
179.355 346.621
179.614 347.121
179.614 347.121
179.873 347.621
179.873 347.621
180.131 348.121
180.39 348.621
180.39 348.621
180.648 349.121
180.648 349.121
180.907 349.621
181.166 350.121
181.166 350.121
181.166 350.121
181.424 350.621
181.683 351.121
181.683 351.121
181.942 351.621
181.942 351.621
182.2 352.121
182.2 352.121
182.459 352.621
182.459 352.621
182.717 353.121
182.717 353.121
183.235 354.121
183.235 354.121
183.235 354.121
183.235 354.121
183.235 354.121
183.493 354.621
183.493 354.621
183.752 355.121
183.752 355.121
184.01 355.621
184.01 355.621
184.01 355.621
184.01 355.621
184.269 356.121
184.528 356.621
184.528 356.621
184.786 357.121
185.045 357.621
185.045 357.621
185.304 358.121
185.304 358.121
185.304 358.121
185.304 358.121
185.562 358.621
185.562 358.621
185.821 359.121
185.821 359.121
186.079 359.621
186.079 359.621
186.079 359.621
186.338 360.121
186.597 360.621
186.597 360.621
186.597 360.621
186.855 361.121
187.114 361.621
187.373 362.121
187.373 362.121
187.373 362.121
187.373 362.121
187.631 362.621
187.631 362.621
187.89 363.121
187.89 363.121
188.148 363.621
188.148 363.621
188.148 363.621
188.407 364.121
188.407 364.121
188.407 364.121
188.666 364.621
188.666 364.621
188.666 364.621
188.666 364.621
188.924 365.121
188.924 365.121
189.183 365.621
189.183 365.621
189.442 366.121
189.442 366.121
189.442 366.121
189.442 366.121
189.442 366.121
189.7 366.621
189.959 367.121
190.217 367.621
190.217 367.621
190.217 367.621
190.476 368.121
190.476 368.121
190.735 368.621
190.735 368.621
190.735 368.621
190.993 369.121
190.993 369.121
190.993 369.121
191.252 369.621
191.252 369.621
191.51 370.121
191.51 370.121
191.51 370.121
191.51 370.121
191.769 370.621
191.769 370.621
192.028 371.121
192.028 371.121
192.286 371.621
192.286 371.621
192.286 371.621
192.286 371.621
192.545 372.121
192.804 372.621
192.804 372.621
193.062 373.121
193.062 373.121
193.321 373.621
193.321 373.621
193.579 374.121
193.579 374.121
193.838 374.621
193.838 374.621
194.097 375.121
194.097 375.121
194.097 375.121
194.355 375.621
194.355 375.621
194.355 375.621
194.355 375.621
194.614 376.121
194.614 376.121
194.873 376.621
194.873 376.621
194.873 376.621
195.131 377.121
195.131 377.121
195.131 377.121
195.39 377.621
195.648 378.121
195.648 378.121
195.648 378.121
195.648 378.121
195.648 378.121
195.907 378.621
196.166 379.121
196.166 379.121
196.424 379.621
196.424 379.621
196.683 380.121
196.683 380.121
196.942 380.621
196.942 380.621
197.2 381.121
197.459 381.621
197.459 381.621
197.717 382.121
197.717 382.121
197.717 382.121
197.976 382.621
197.976 382.621
198.235 383.121
198.235 383.121
198.493 383.621
198.493 383.621
198.752 384.121
198.752 384.121
198.752 384.121
199.01 384.621
199.269 385.121
199.528 385.621
199.786 386.121
199.786 386.121
199.786 386.121
200.045 386.621
200.045 386.621
200.304 387.121
200.304 387.121
200.562 387.621
200.562 387.621
200.821 388.121
201.079 388.621
201.079 388.621
201.338 389.121
201.338 389.121
201.597 389.621
201.597 389.621
201.855 390.121
201.855 390.121
201.855 390.121
201.855 390.121
202.114 390.621
202.114 390.621
202.373 391.121
202.373 391.121
202.631 391.621
202.631 391.621
202.631 391.621
202.89 392.121
202.89 392.121
203.148 392.621
203.148 392.621
203.148 392.621
203.407 393.121
203.407 393.121
203.407 393.121
203.666 393.621
203.924 394.121
203.924 394.121
203.924 394.121
203.924 394.121
203.924 394.121
203.924 394.121
204.183 394.621
204.442 395.121
204.442 395.121
204.7 395.621
204.959 396.121
205.217 396.621
205.217 396.621
205.217 396.621
205.476 397.121
205.735 397.621
205.993 398.121
205.993 398.121
205.993 398.121
206.252 398.621
206.51 399.121
206.769 399.621
206.769 399.621
207.028 400.121
207.286 400.621
207.545 401.121
207.545 401.121
208.062 402.121
208.062 402.121
208.062 402.121
208.321 402.621
208.579 403.121
208.838 403.621
209.355 404.621
209.614 405.121
210.131 406.121
210.131 406.121
210.131 406.121
210.131 406.121
210.131 406.121
210.131 406.121
210.39 406.621
210.648 407.121
210.648 407.121
210.907 407.621
210.907 407.621
211.166 408.121
211.166 408.121
211.166 408.121
211.166 408.121
211.424 408.621
211.424 408.621
211.683 409.121
211.683 409.121
211.683 409.121
211.942 409.621
211.942 409.621
211.942 409.621
212.2 410.121
212.2 410.121
212.2 410.121
212.2 410.121
212.2 410.121
212.2 410.121
212.459 410.621
212.459 410.621
212.717 411.121
212.717 411.121
212.976 411.621
212.976 411.621
212.976 411.621
213.235 412.121
213.493 412.621
213.493 412.621
213.752 413.121
213.752 413.121
214.01 413.621
214.01 413.621
214.269 414.121
214.528 414.621
214.528 414.621
214.786 415.121
214.786 415.121
214.786 415.121
215.045 415.621
215.045 415.621
215.045 415.621
215.304 416.121
215.304 416.121
215.562 416.621
215.562 416.621
215.562 416.621
215.821 417.121
215.821 417.121
215.821 417.121
216.338 418.121
216.338 418.121
216.338 418.121
216.338 418.121
216.338 418.121
216.597 418.621
216.855 419.121
216.855 419.121
217.114 419.621
217.114 419.621
217.373 420.121
217.631 420.621
217.631 420.621
217.89 421.121
217.89 421.121
218.148 421.621
218.407 422.121
218.407 422.121
218.407 422.121
218.666 422.621
218.924 423.121
218.924 423.121
219.183 423.621
219.183 423.621
219.442 424.121
219.442 424.121
219.7 424.621
219.7 424.621
219.959 425.121
219.959 425.121
220.476 426.121
220.476 426.121
220.476 426.121
220.476 426.121
220.476 426.121
220.735 426.621
220.735 426.621
220.993 427.121
220.993 427.121
221.252 427.621
221.252 427.621
221.252 427.621
221.252 427.621
221.51 428.121
221.769 428.621
221.769 428.621
222.028 429.121
222.286 429.621
222.286 429.621
222.545 430.121
222.545 430.121
222.545 430.121
222.545 430.121
222.804 430.621
222.804 430.621
223.062 431.121
223.062 431.121
223.321 431.621
223.321 431.621
223.321 431.621
223.579 432.121
223.838 432.621
223.838 432.621
223.838 432.621
224.097 433.121
224.355 433.621
224.614 434.121
224.614 434.121
224.614 434.121
224.614 434.121
224.873 434.621
224.873 434.621
225.131 435.121
225.131 435.121
225.39 435.621
225.39 435.621
225.39 435.621
225.648 436.121
225.648 436.121
225.648 436.121
225.907 436.621
225.907 436.621
225.907 436.621
225.907 436.621
226.166 437.121
226.166 437.121
226.424 437.621
226.424 437.621
226.683 438.121
226.683 438.121
226.683 438.121
226.683 438.121
226.683 438.121
226.941 438.621
227.2 439.121
227.459 439.621
227.459 439.621
227.459 439.621
227.717 440.121
227.717 440.121
227.976 440.621
227.976 440.621
227.976 440.621
228.235 441.121
228.235 441.121
228.235 441.121
228.493 441.621
228.493 441.621
228.752 442.121
228.752 442.121
228.752 442.121
228.752 442.121
229.01 442.621
229.01 442.621
229.269 443.121
229.269 443.121
229.528 443.621
229.528 443.621
229.528 443.621
229.528 443.621
229.786 444.121
230.045 444.621
230.045 444.621
230.304 445.121
230.304 445.121
230.562 445.621
230.562 445.621
230.821 446.121
230.821 446.121
231.079 446.621
231.079 446.621
231.338 447.121
231.338 447.121
231.338 447.121
231.597 447.621
231.597 447.621
231.597 447.621
231.597 447.621
231.855 448.121
231.855 448.121
232.114 448.621
232.114 448.621
232.114 448.621
232.373 449.121
232.373 449.121
232.373 449.121
232.631 449.621
232.89 450.121
232.89 450.121
232.89 450.121
232.89 450.121
232.89 450.121
233.148 450.621
233.407 451.121
233.407 451.121
233.666 451.621
233.666 451.621
233.924 452.121
233.924 452.121
234.183 452.621
234.183 452.621
234.441 453.121
234.7 453.621
234.7 453.621
234.959 454.121
234.959 454.121
234.959 454.121
235.217 454.621
235.217 454.621
235.476 455.121
235.476 455.121
235.735 455.621
235.735 455.621
235.993 456.121
235.993 456.121
235.993 456.121
236.252 456.621
236.51 457.121
236.769 457.621
237.028 458.121
237.028 458.121
237.028 458.121
237.286 458.621
237.286 458.621
237.545 459.121
237.545 459.121
237.804 459.621
237.804 459.621
238.062 460.121
238.321 460.621
238.321 460.621
238.579 461.121
238.579 461.121
238.838 461.621
238.838 461.621
239.097 462.121
239.097 462.121
239.097 462.121
239.097 462.121
239.355 462.621
239.355 462.621
239.614 463.121
239.614 463.121
239.873 463.621
239.873 463.621
239.873 463.621
240.131 464.121
240.131 464.121
240.39 464.621
240.39 464.621
240.39 464.621
240.648 465.121
240.648 465.121
240.648 465.121
240.907 465.621
241.166 466.121
241.166 466.121
241.166 466.121
241.166 466.121
241.166 466.121
241.166 466.121
241.424 466.621
241.683 467.121
241.683 467.121
241.941 467.621
242.2 468.121
242.459 468.621
242.459 468.621
242.459 468.621
242.717 469.121
242.976 469.621
243.235 470.121
243.235 470.121
243.235 470.121
243.493 470.621
243.752 471.121
244.01 471.621
244.01 471.621
244.269 472.121
244.528 472.621
244.786 473.121
244.786 473.121
245.304 474.121
245.304 474.121
245.304 474.121
245.304 474.121
245.306 474.125
245.55 474.598
245.562 474.621
245.821 475.121
245.821 475.121
246.066 475.596
246.079 475.621
246.079 475.621
246.327 476.1
246.588 476.604
246.597 476.621
246.597 476.621
247.118 477.629
247.246 477.877
247.356 478.09
247.373 478.121
247.373 478.121
247.631 478.621
247.855 479.054
247.89 479.121
248.123 479.571
248.148 479.621
248.148 479.621
248.666 480.621
248.666 480.621
248.924 481.121
249.138 481.533
249.281 481.81
249.421 482.081
249.441 482.121
249.441 482.121
249.441 482.121
249.666 482.554
249.7 482.621
249.895 482.998
249.959 483.121
250.141 483.473
250.217 483.621
250.217 483.621
250.397 483.969
250.668 484.492
250.735 484.621
250.993 485.121
251.213 485.546
251.252 485.621
251.469 486.042
251.51 486.121
251.51 486.121
251.769 486.621
251.999 487.065
252.028 487.121
252.286 487.621
252.518 488.069
252.545 488.121
252.545 488.121
252.765 488.546
252.804 488.621
253.062 489.121
253.062 489.121
253.23 489.446
253.321 489.621
253.321 489.621
253.516 489.998
253.579 490.121
253.582 490.125
253.826 490.598
253.838 490.621
254.097 491.121
254.097 491.121
254.342 491.596
254.355 491.621
254.603 492.1
254.864 492.604
254.873 492.621
254.873 492.621
254.873 492.621
255.131 493.121
255.39 493.621
255.394 493.629
255.522 493.877
255.632 494.09
255.648 494.121
255.648 494.121
255.907 494.621
256.131 495.054
256.166 495.121
256.398 495.571
256.424 495.621
256.683 496.121
256.941 496.621
256.941 496.621
256.941 496.621
257.2 497.121
257.413 497.533
257.459 497.621
257.557 497.81
257.697 498.081
257.717 498.121
257.717 498.121
257.717 498.121
257.941 498.554
257.976 498.621
258.171 498.998
258.235 499.121
258.417 499.473
258.493 499.621
258.673 499.969
258.944 500.492
259.01 500.621
259.269 501.121
259.528 501.621
259.528 501.621
259.543 501.65
259.653 501.863
259.777 502.102
259.786 502.121
259.786 502.121
259.786 502.121
259.786 502.121
260.045 502.621
260.304 503.121
260.554 503.604
260.562 503.621
260.562 503.621
260.685 503.858
260.821 504.121
261.079 504.621
261.798 506.01
261.855 506.121
261.982 506.367
262.086 506.567
262.19 506.769
262.316 507.012
262.41 507.194
