0.775861 1.5
1.03448 2
1.2931 2.5
1.55172 3
1.81034 3.5
2.06896 4
2.32758 4.5
2.84483 5.5
3.10345 6
3.36207 6.5
3.62069 7
3.87931 7.5
4.13793 8
4.39655 8.5
4.65517 9
4.91379 9.5
4.91379 9.5
4.91379 9.5
4.91379 9.5
5.17241 10
5.43103 10.5
5.68965 11
5.94827 11.5
6.20689 12
6.46551 12.5
6.72413 13
6.72413 13
6.98275 13.5
6.98275 13.5
7.24137 14
7.24137 14
7.49999 14.5
7.49999 14.5
7.75861 15
7.75861 15
8.01724 15.5
8.01724 15.5
8.27586 16
8.53448 16.5
8.7931 17
8.9612 17.325
9.05172 17.5
9.05172 17.5
9.05172 17.5
9.05172 17.5
9.05172 17.5
9.31034 18
9.56896 18.5
9.82758 19
10.0862 19.5
10.3448 20
10.6034 20.5
10.8621 21
11.1207 21.5
11.1207 21.5
11.1207 21.5
11.1207 21.5
11.3793 22
11.6379 22.5
11.8965 23
12.1552 23.5
12.4138 24
12.6724 24.5
12.931 25
13.069 25.2667
13.1896 25.5
13.1896 25.5
13.4483 26
13.7069 26.5
13.9655 27
14.2241 27.5
14.4827 28
14.7414 28.5
15 29
15.2586 29.5
15.2586 29.5
15.5172 30
15.7759 30.5
16.0345 31
16.5517 32
16.8103 32.5
17.069 33
17.3276 33.5
17.3276 33.5
17.3276 33.5
17.3276 33.5
17.3276 33.5
17.5862 34
17.5862 34
17.8448 34.5
17.8448 34.5
17.8448 34.5
18.1034 35
18.1034 35
18.1034 35
18.1034 35
18.3621 35.5
18.3621 35.5
18.3621 35.5
18.6207 36
18.6207 36
18.6207 36
18.8793 36.5
18.8793 36.5
18.8793 36.5
19.1379 37
19.1379 37
19.1379 37
19.3965 37.5
19.3965 37.5
19.3965 37.5
19.3965 37.5
19.3965 37.5
19.3965 37.5
19.6552 38
19.9138 38.5
19.9138 38.5
19.9138 38.5
20.1724 39
20.1724 39
20.1724 39
20.1778 39.0104
20.431 39.5
20.6896 40
20.9483 40.5
21.0776 40.75
21.2069 41
21.3362 41.25
21.4655 41.5
21.4655 41.5
21.4655 41.5
21.4655 41.5
21.7241 42
21.9827 42.5
22.2414 43
22.5 43.5
22.7586 44
23.0172 44.5
23.2758 45
23.5345 45.5
23.7931 46
23.7931 46
23.7931 46
24.0517 46.5
24.0517 46.5
24.0517 46.5
24.3103 47
24.3103 47
24.5689 47.5
24.5689 47.5
24.5689 47.5
24.5689 47.5
24.8276 48
25.0862 48.5
25.0862 48.5
25.0862 48.5
25.0862 48.5
25.3448 49
25.3448 49
25.3448 49
25.3448 49
25.6034 49.5
25.6034 49.5
25.6034 49.5
25.6034 49.5
25.6034 49.5
25.862 50
26.1207 50.5
26.1207 50.5
26.1207 50.5
26.3793 51
26.3793 51
26.3793 51
26.6379 51.5
26.6379 51.5
26.8965 52
26.8965 52
27.1552 52.5
27.1552 52.5
27.2845 52.75
27.4138 53
27.4138 53
27.6724 53.5
27.6724 53.5
27.6724 53.5
27.6724 53.5
27.6724 53.5
27.931 54
28.1896 54.5
28.4483 55
28.4483 55
28.7069 55.5
28.8362 55.75
28.9655 56
29.0948 56.25
29.2241 56.5
29.3534 56.75
29.4827 57
29.612 57.25
29.7414 57.5
29.7414 57.5
30 58
30.2586 58.5
30.5172 59
30.7758 59.5
31.0345 60
31.2931 60.5
31.5517 61
31.8103 61.5
31.8103 61.5
31.8103 61.5
31.8103 61.5
32.0689 62
32.3276 62.5
32.5862 63
32.8448 63.5
32.8448 63.5
32.8448 63.5
32.8448 63.5
33.1034 64
33.362 64.5
33.6207 65
33.8793 65.5
33.8793 65.5
33.8793 65.5
34.1379 66
34.1379 66
34.3965 66.5
34.3965 66.5
34.6551 67
34.6551 67
34.9138 67.5
34.9138 67.5
35.1724 68
35.1724 68
35.431 68.5
35.431 68.5
35.6896 69
35.6896 69
35.9482 69.5
35.9482 69.5
35.9482 69.5
35.9482 69.5
35.9482 69.5
36.2069 70
36.4655 70.5
36.7241 71
36.9827 71.5
37.3707 72.25
37.5 72.5
37.7586 73
38.0172 73.5
38.0172 73.5
38.0172 73.5
38.0172 73.5
38.0172 73.5
38.2758 74
38.5345 74.5
38.5345 74.5
38.5345 74.5
38.7931 75
38.7931 75
39.0517 75.5
39.0517 75.5
39.3103 76
39.3103 76
39.3103 76
39.5689 76.5
39.8276 77
39.8276 77
39.8276 77
40.0862 77.5
40.3448 78
40.3448 78
40.3448 78
40.6034 78.5
40.6034 78.5
40.6034 78.5
40.862 79
40.862 79
40.862 79
40.862 79
40.862 79
40.9913 79.25
40.9913 79.25
41.1207 79.5
41.1207 79.5
41.1207 79.5
41.1207 79.5
41.1207 79.5
41.3793 80
41.3793 80
41.3793 80
41.6379 80.5
41.6379 80.5
41.6379 80.5
41.8965 81
42.1551 81.5
42.1551 81.5
42.1551 81.5
42.4138 82
42.4138 82
42.6724 82.5
42.6724 82.5
42.931 83
42.931 83
43.1896 83.5
43.1896 83.5
43.4482 84
43.4482 84
43.7069 84.5
43.7069 84.5
43.9655 85
43.9655 85
44.2241 85.5
44.2241 85.5
44.2241 85.5
44.2241 85.5
44.2241 85.5
44.4827 86
44.7413 86.5
45 87
45 87
45.5172 88
45.5172 88
45.7758 88.5
46.0344 89
46.2931 89.5
46.2931 89.5
46.2931 89.5
46.2931 89.5
46.2931 89.5
46.5517 90
46.8103 90.5
46.8103 90.5
47.0689 91
47.0689 91
47.3276 91.5
47.4569 91.75
47.5862 92
47.5862 92
47.5862 92
47.5862 92
47.8448 92.5
48.1034 93
48.1034 93
48.362 93.5
48.362 93.5
48.362 93.5
48.362 93.5
48.6207 94
48.8793 94.5
49.1379 95
49.1379 95
49.1379 95
49.1379 95
49.2672 95.25
49.2672 95.25
49.3965 95.5
49.3965 95.5
49.3965 95.5
49.6551 96
49.6551 96
49.9138 96.5
49.9138 96.5
49.9138 96.5
50.1724 97
50.431 97.5
50.431 97.5
50.431 97.5
50.431 97.5
50.431 97.5
50.431 97.5
50.6896 98
50.6896 98
50.9482 98.5
50.9482 98.5
51.2069 99
51.2069 99
51.4655 99.5
51.4655 99.5
51.7241 100
51.7241 100
51.9827 100.5
51.9827 100.5
52.2413 101
52.2413 101
52.5 101.5
52.5 101.5
52.5 101.5
52.7586 102
53.0172 102.5
53.2758 103
53.2758 103
53.5344 103.5
53.7931 104
54.0517 104.5
54.0517 104.5
54.3103 105
54.3103 105
54.5689 105.5
54.5689 105.5
54.5689 105.5
54.8275 106
55.0862 106.5
55.0862 106.5
55.3448 107
55.6034 107.5
55.6034 107.5
55.6034 107.5
55.862 108
56.1206 108.5
56.1206 108.5
56.3793 109
56.3793 109
56.6379 109.5
56.6379 109.5
56.8965 110
56.8965 110
57.1551 110.5
57.4138 111
57.6724 111.5
57.931 112
58.1896 112.5
58.1896 112.5
58.4482 113
58.4482 113
58.7069 113.5
58.7069 113.5
58.7069 113.5
58.9655 114
59.2241 114.5
59.4827 115
59.4827 115
59.7413 115.5
60 116
60.2586 116.5
60.2586 116.5
60.5172 117
60.5172 117
60.7758 117.5
60.7758 117.5
60.7758 117.5
60.7758 117.5
60.7758 117.5
61.0344 118
61.2931 118.5
61.2931 118.5
61.5517 119
61.8103 119.5
62.0689 120
62.0689 120
62.3275 120.5
62.5862 121
62.5862 121
62.8448 121.5
62.8448 121.5
63.1034 122
63.1034 122
63.362 122.5
63.362 122.5
63.6206 123
63.8793 123.5
64.1379 124
64.3965 124.5
64.6551 125
64.6551 125
64.7844 125.25
64.9137 125.5
64.9137 125.5
64.9137 125.5
65.9482 127.5
65.9482 127.5
66.2068 128
66.2068 128
66.4655 128.5
66.4655 128.5
66.7241 129
66.9827 129.5
66.9827 129.5
66.9827 129.5
67.2413 130
67.2413 130
67.2413 130
67.5 130.5
67.5 130.5
67.7586 131
67.7586 131
68.0172 131.5
68.0172 131.5
68.0172 131.5
68.2758 132
68.2758 132
68.5344 132.5
68.5344 132.5
68.5344 132.5
68.7931 133
68.7931 133
69.0517 133.5
69.0517 133.5
69.0517 133.5
69.3103 134
69.5689 134.5
69.8275 135
70.0862 135.5
70.3448 136
70.6034 136.5
70.6034 136.5
70.862 137
70.862 137
70.9913 137.25
71.1206 137.5
71.1206 137.5
71.1206 137.5
71.3793 138
71.6379 138.5
71.6379 138.5
71.8965 139
72.1551 139.5
72.4137 140
72.4137 140
72.6724 140.5
72.931 141
72.931 141
73.1896 141.5
73.4482 142
73.7068 142.5
73.9655 143
73.9655 143
74.2241 143.5
74.2241 143.5
74.4827 144
74.612 144.25
74.612 144.25
74.7413 144.5
74.9999 145
74.9999 145
75.2586 145.5
75.2586 145.5
75.2586 145.5
75.5172 146
75.5172 146
75.7758 146.5
75.7758 146.5
76.0344 147
76.0344 147
76.293 147.5
76.293 147.5
76.5517 148
76.5517 148
76.8103 148.5
76.8103 148.5
77.0689 149
77.0689 149
77.3275 149.5
77.3275 149.5
77.3275 149.5
77.3275 149.5
77.3275 149.5
77.4568 149.75
77.5862 150
77.5862 150
77.8448 150.5
78.1034 151
78.362 151.5
78.6206 152
78.6206 152
78.8793 152.5
79.1379 153
79.1379 153
79.3965 153.5
79.3965 153.5
79.3965 153.5
79.3965 153.5
79.3965 153.5
79.6551 154
79.9137 154.5
79.9137 154.5
80.1724 155
80.431 155.5
80.431 155.5
80.6896 156
80.6896 156
80.9482 156.5
81.2068 157
81.2068 157
81.4655 157.5
81.4655 157.5
81.4655 157.5
81.7241 158
81.7241 158
81.9827 158.5
81.9827 158.5
82.2413 159
82.2413 159
82.4999 159.5
82.7586 160
82.7586 160
82.7586 160
82.7586 160
82.7586 160
83.2758 161
83.5344 161.5
83.5344 161.5
83.5344 161.5
83.5344 161.5
83.5344 161.5
83.793 162
83.9224 162.25
84.0517 162.5
84.181 162.75
84.181 162.75
84.3103 163
84.4396 163.25
84.4396 163.25
84.4396 163.25
84.5689 163.5
84.8275 164
84.8275 164
85.0861 164.5
85.0861 164.5
85.0861 164.5
85.3448 165
85.3448 165
85.6034 165.5
85.6034 165.5
85.6034 165.5
85.6034 165.5
85.6034 165.5
85.862 166
86.1206 166.5
86.3792 167
86.3792 167
86.6379 167.5
86.8965 168
87.1551 168.5
87.1551 168.5
87.4137 169
87.4137 169
87.6723 169.5
87.6723 169.5
87.6723 169.5
87.6723 169.5
87.931 170
88.1896 170.5
88.1896 170.5
88.4482 171
88.4482 171
88.7068 171.5
88.7068 171.5
88.7068 171.5
88.9655 172
89.2241 172.5
89.2241 172.5
89.4827 173
89.4827 173
89.7413 173.5
89.7413 173.5
89.7413 173.5
89.9999 174
89.9999 174
90.2586 174.5
90.5172 175
90.7758 175.5
91.293 176.5
91.293 176.5
91.5517 177
91.8103 177.5
91.8103 177.5
91.8103 177.5
91.8103 177.5
92.0689 178
92.3275 178.5
92.5861 179
92.5861 179
93.1034 180
93.362 180.5
93.362 180.5
93.6206 181
93.6206 181
93.8792 181.5
93.8792 181.5
93.8792 181.5
93.8792 181.5
93.8792 181.5
94.1379 182
94.3965 182.5
94.3965 182.5
94.6551 183
94.6551 183
94.9137 183.5
94.9137 183.5
95.1723 184
95.1723 184
95.431 184.5
95.6896 185
95.9482 185.5
95.9482 185.5
95.9482 185.5
95.9482 185.5
96.2068 186
96.2068 186
96.4654 186.5
96.4654 186.5
96.7241 187
96.9827 187.5
96.9827 187.5
96.9827 187.5
96.9827 187.5
97.2413 188
97.4999 188.5
97.4999 188.5
97.4999 188.5
97.4999 188.5
97.7585 189
97.7585 189
98.0172 189.5
98.0172 189.5
98.0172 189.5
98.0172 189.5
98.0172 189.5
98.0172 189.5
98.2758 190
98.5344 190.5
98.793 191
98.793 191
98.793 191
99.3103 192
99.3103 192
99.5689 192.5
99.8275 193
100.086 193.5
100.086 193.5
100.086 193.5
100.086 193.5
100.086 193.5
100.345 194
100.603 194.5
100.733 194.75
100.862 195
101.379 196
101.509 196.25
101.638 196.5
101.638 196.5
101.767 196.75
101.896 197
102.155 197.5
102.155 197.5
102.155 197.5
102.155 197.5
102.155 197.5
102.414 198
102.672 198.5
102.931 199
102.931 199
103.19 199.5
103.448 200
103.707 200.5
103.707 200.5
103.965 201
103.965 201
104.224 201.5
104.224 201.5
104.224 201.5
104.224 201.5
104.224 201.5
104.483 202
105 203
105 203
105.259 203.5
105.517 204
105.517 204
105.776 204.5
105.776 204.5
106.034 205
106.034 205
106.293 205.5
106.293 205.5
106.293 205.5
106.293 205.5
106.552 206
106.81 206.5
106.81 206.5
106.81 206.5
107.069 207
107.069 207
107.069 207
107.069 207
107.328 207.5
107.586 208
107.845 208.5
107.845 208.5
108.103 209
108.103 209
108.362 209.5
108.362 209.5
108.362 209.5
108.362 209.5
108.362 209.5
108.362 209.5
108.621 210
108.75 210.25
108.879 210.5
109.138 211
109.138 211
109.138 211
109.396 211.5
109.396 211.5
109.396 211.5
109.655 212
109.655 212
109.914 212.5
109.914 212.5
110.043 212.75
110.172 213
110.431 213.5
110.431 213.5
110.431 213.5
110.431 213.5
110.431 213.5
110.69 214
110.948 214.5
110.948 214.5
111.207 215
111.207 215
111.207 215
111.465 215.5
111.465 215.5
111.465 215.5
111.465 215.5
111.724 216
111.724 216
111.853 216.25
111.853 216.25
111.983 216.5
112.112 216.75
112.241 217
112.241 217
112.5 217.5
112.5 217.5
112.5 217.5
112.759 218
113.017 218.5
113.276 219
113.534 219.5
113.793 220
114.052 220.5
114.31 221
114.569 221.5
114.569 221.5
114.569 221.5
114.828 222
115.086 222.5
115.086 222.5
115.345 223
115.345 223
115.345 223
115.603 223.5
115.603 223.5
115.603 223.5
115.862 224
116.121 224.5
116.121 224.5
116.379 225
116.379 225
116.638 225.5
116.638 225.5
116.638 225.5
116.638 225.5
116.638 225.5
116.896 226
117.155 226.5
117.414 227
117.414 227
117.672 227.5
117.931 228
118.19 228.5
118.19 228.5
118.319 228.75
118.448 229
118.448 229
118.448 229
118.577 229.25
118.707 229.5
118.707 229.5
118.707 229.5
118.707 229.5
118.965 230
119.224 230.5
119.483 231
119.483 231
119.483 231
119.483 231
119.741 231.5
120 232
120 232
120.259 232.5
120.259 232.5
120.517 233
120.517 233
120.776 233.5
120.776 233.5
120.776 233.5
120.776 233.5
121.034 234
121.293 234.5
121.552 235
121.552 235
121.81 235.5
122.069 236
122.069 236
122.327 236.5
122.327 236.5
122.586 237
122.586 237
122.845 237.5
122.845 237.5
122.845 237.5
123.103 238
123.362 238.5
123.621 239
123.621 239
123.621 239
123.879 239.5
124.138 240
124.396 240.5
124.396 240.5
124.655 241
124.655 241
124.914 241.5
124.914 241.5
124.914 241.5
124.914 241.5
125.172 242
125.172 242
125.431 242.5
125.431 242.5
125.69 243
125.69 243
125.948 243.5
125.948 243.5
126.207 244
126.465 244.5
126.465 244.5
126.724 245
126.724 245
126.983 245.5
126.983 245.5
126.983 245.5
127.241 246
127.5 246.5
127.5 246.5
127.759 247
128.017 247.5
128.276 248
128.276 248
128.534 248.5
128.534 248.5
128.793 249
128.793 249
129.052 249.5
129.052 249.5
129.052 249.5
129.31 250
129.569 250.5
129.827 251
130.345 252
130.603 252.5
130.862 253
131.121 253.5
132.155 255.5
132.414 256
132.672 256.5
132.931 257
133.146 257.417
133.19 257.5
133.19 257.5
133.19 257.5
133.448 258
133.707 258.5
133.965 259
134.224 259.5
134.483 260
134.655 260.333
134.741 260.5
135 261
135.213 261.413
135.259 261.5
135.259 261.5
135.517 262
135.776 262.5
135.776 262.5
136.034 263
136.293 263.5
136.293 263.5
136.552 264
136.783 264.448
136.81 264.5
136.81 264.5
137.069 265
137.306 265.458
137.327 265.5
137.327 265.5
137.586 266
137.586 266
137.845 266.5
137.845 266.5
138.103 267
138.103 267
138.362 267.5
138.621 268
138.879 268.5
139.138 269
139.396 269.5
139.396 269.5
139.655 270
139.655 270
139.914 270.5
139.914 270.5
140.172 271
140.407 271.454
140.431 271.5
140.431 271.5
140.69 272
140.69 272
140.921 272.448
140.948 272.5
140.948 272.5
141.207 273
141.432 273.435
141.465 273.5
141.465 273.5
141.724 274
141.724 274
141.983 274.5
141.983 274.5
142.241 275
142.241 275
142.5 275.5
142.5 275.5
142.759 276
143.017 276.5
143.276 277
143.505 277.444
143.534 277.5
143.534 277.5
143.793 278
143.793 278
144.052 278.5
144.052 278.5
144.052 278.5
144.31 279
144.31 279
144.569 279.5
144.569 279.5
144.827 280
145.086 280.5
145.118 280.562
145.345 281
145.56 281.417
145.603 281.5
145.603 281.5
145.862 282
145.862 282
146.121 282.5
146.121 282.5
146.379 283
146.379 283
146.638 283.5
146.896 284
146.896 284
147.414 285
147.672 285.5
147.931 286
148.707 287.5
149.224 288.5
149.224 288.5
149.224 288.5
149.224 288.5
149.224 288.5
149.741 289.5
149.741 289.5
149.741 289.5
149.741 289.5
149.741 289.5
149.741 289.5
149.741 289.5
150 290
150.259 290.5
150.259 290.5
150.259 290.5
150.259 290.5
150.517 291
150.776 291.5
150.776 291.5
150.776 291.5
150.776 291.5
151.034 292
151.293 292.5
151.293 292.5
151.293 292.5
151.293 292.5
151.552 293
151.81 293.5
151.81 293.5
151.81 293.5
151.81 293.5
151.81 293.5
151.81 293.5
151.81 293.5
152.069 294
152.069 294
152.327 294.5
152.586 295
152.845 295.5
152.974 295.75
153.362 296.5
153.362 296.5
153.362 296.5
153.362 296.5
153.362 296.5
153.621 297
153.621 297
153.621 297
153.879 297.5
153.879 297.5
153.879 297.5
153.879 297.5
153.879 297.5
153.879 297.5
153.879 297.5
153.879 297.5
154.138 298
154.396 298.5
154.655 299
154.914 299.5
154.914 299.5
154.914 299.5
154.914 299.5
154.914 299.5
154.914 299.5
155.172 300
155.431 300.5
155.69 301
155.69 301
155.948 301.5
155.948 301.5
155.948 301.5
155.948 301.5
156.077 301.75
156.207 302
156.207 302
156.207 302
156.465 302.5
156.724 303
156.983 303.5
156.983 303.5
156.983 303.5
156.983 303.5
156.983 303.5
156.983 303.5
156.983 303.5
156.983 303.5
156.983 303.5
157.241 304
157.5 304.5
157.5 304.5
157.5 304.5
157.5 304.5
157.5 304.5
157.5 304.5
157.754 304.992
157.759 305
158.017 305.5
158.017 305.5
158.017 305.5
158.017 305.5
158.017 305.5
158.017 305.5
158.017 305.5
158.017 305.5
158.276 306
158.534 306.5
158.534 306.5
158.534 306.5
158.534 306.5
158.534 306.5
158.793 307
159.052 307.5
159.052 307.5
159.052 307.5
159.052 307.5
159.052 307.5
159.31 308
159.31 308
159.569 308.5
159.569 308.5
159.569 308.5
159.569 308.5
159.569 308.5
159.569 308.5
159.827 309
160.086 309.5
160.086 309.5
160.086 309.5
160.086 309.5
160.086 309.5
160.086 309.5
160.086 309.5
160.086 309.5
160.086 309.5
160.345 310
160.603 310.5
160.862 311
161.121 311.5
161.379 312
161.638 312.5
161.638 312.5
161.638 312.5
161.638 312.5
161.638 312.5
161.896 313
162.155 313.5
162.155 313.5
162.155 313.5
162.155 313.5
162.155 313.5
162.155 313.5
162.155 313.5
162.155 313.5
162.155 313.5
162.155 313.5
162.414 314
162.655 314.467
162.655 314.467
162.666 314.488
162.666 314.488
162.672 314.5
162.931 315
162.959 315.054
162.959 315.054
162.977 315.09
162.977 315.09
163.19 315.5
163.448 316
163.707 316.5
163.965 317
164.871 318.75
165.258 319.5
165.258 319.5
165.258 319.5
165.258 319.5
165.258 319.5
165.258 319.5
166.293 321.5
166.293 321.5
166.293 321.5
166.552 322
166.552 322
166.81 322.5
166.81 322.5
167.069 323
167.069 323
167.327 323.5
167.327 323.5
167.586 324
167.586 324
167.845 324.5
167.845 324.5
168.103 325
168.103 325
168.362 325.5
168.362 325.5
168.362 325.5
168.362 325.5
168.362 325.5
168.621 326
168.879 326.5
169.138 327
169.396 327.5
169.914 328.5
169.914 328.5
170.172 329
170.431 329.5
170.431 329.5
170.431 329.5
170.431 329.5
170.431 329.5
170.69 330
170.948 330.5
170.948 330.5
170.948 330.5
170.948 330.5
171.207 331
171.207 331
171.465 331.5
171.465 331.5
171.724 332
171.724 332
171.724 332
171.983 332.5
172.241 333
172.241 333
172.241 333
172.5 333.5
172.758 334
172.758 334
172.758 334
173.017 334.5
173.017 334.5
173.017 334.5
173.276 335
173.276 335
173.276 335
173.276 335
173.276 335
173.405 335.25
173.405 335.25
173.534 335.5
173.534 335.5
173.534 335.5
173.534 335.5
173.534 335.5
173.793 336
173.793 336
173.793 336
174.052 336.5
174.052 336.5
174.052 336.5
174.31 337
174.569 337.5
174.569 337.5
174.569 337.5
174.827 338
174.827 338
175.086 338.5
175.086 338.5
175.345 339
175.345 339
175.603 339.5
175.603 339.5
175.862 340
175.862 340
176.121 340.5
176.121 340.5
176.379 341
176.379 341
176.638 341.5
176.638 341.5
176.638 341.5
176.638 341.5
176.638 341.5
176.896 342
177.155 342.5
177.414 343
177.414 343
177.931 344
178.06 344.25
178.19 344.5
178.448 345
178.707 345.5
178.707 345.5
178.707 345.5
178.707 345.5
178.707 345.5
178.965 346
179.224 346.5
179.224 346.5
179.483 347
179.483 347
179.741 347.5
179.871 347.75
180 348
180 348
180 348
180 348
180.258 348.5
180.517 349
180.517 349
180.776 349.5
180.776 349.5
180.776 349.5
180.776 349.5
181.034 350
181.164 350.25
181.293 350.5
181.422 350.75
181.552 351
181.552 351
181.552 351
181.552 351
181.681 351.25
181.681 351.25
181.81 351.5
181.81 351.5
181.81 351.5
182.069 352
182.069 352
182.069 352
182.327 352.5
182.327 352.5
182.327 352.5
182.327 352.5
182.586 353
182.845 353.5
182.845 353.5
182.845 353.5
182.845 353.5
182.845 353.5
182.845 353.5
182.845 353.5
183.103 354
183.362 354.5
183.362 354.5
183.621 355
183.879 355.5
183.879 355.5
184.138 356
184.396 356.5
184.396 356.5
184.655 357
184.655 357
184.914 357.5
184.914 357.5
184.914 357.5
185.172 358
185.172 358
185.431 358.5
185.431 358.5
185.69 359
185.69 359
185.948 359.5
186.207 360
186.465 360.5
186.465 360.5
186.724 361
186.724 361
186.983 361.5
186.983 361.5
186.983 361.5
187.241 362
187.5 362.5
187.5 362.5
187.758 363
188.017 363.5
188.017 363.5
188.017 363.5
188.276 364
188.534 364.5
188.534 364.5
188.793 365
188.793 365
189.052 365.5
189.052 365.5
189.31 366
189.31 366
189.569 366.5
189.827 367
190.086 367.5
190.345 368
190.603 368.5
190.603 368.5
190.862 369
190.862 369
191.121 369.5
191.121 369.5
191.121 369.5
191.379 370
191.638 370.5
191.896 371
191.896 371
192.155 371.5
192.414 372
192.672 372.5
192.672 372.5
192.931 373
192.931 373
193.19 373.5
193.19 373.5
193.19 373.5
193.19 373.5
193.19 373.5
193.448 374
193.707 374.5
193.707 374.5
193.965 375
194.224 375.5
194.483 376
194.483 376
194.741 376.5
195 377
195 377
195.258 377.5
195.258 377.5
195.388 377.75
195.517 378
195.646 378.25
195.776 378.5
196.034 379
196.293 379.5
196.552 380
196.81 380.5
197.069 381
197.069 381
197.198 381.25
197.327 381.5
197.327 381.5
197.327 381.5
198.362 383.5
198.362 383.5
198.621 384
198.621 384
198.879 384.5
198.879 384.5
198.879 384.5
199.138 385
199.138 385
199.396 385.5
199.396 385.5
199.396 385.5
199.396 385.5
199.655 386
199.655 386
199.914 386.5
200.172 387
200.172 387
200.431 387.5
200.431 387.5
200.69 388
200.948 388.5
200.948 388.5
200.948 388.5
201.207 389
201.207 389
201.465 389.5
201.465 389.5
201.465 389.5
201.724 390
201.983 390.5
202.241 391
202.241 391
202.5 391.5
202.758 392
203.017 392.5
203.017 392.5
203.276 393
203.276 393
203.405 393.25
203.534 393.5
203.534 393.5
203.534 393.5
203.793 394
204.052 394.5
204.31 395
204.31 395
204.827 396
204.827 396
205.086 396.5
205.086 396.5
205.345 397
205.345 397
205.603 397.5
205.603 397.5
205.862 398
206.121 398.5
206.379 399
206.379 399
206.379 399
206.638 399.5
206.638 399.5
206.896 400
207.026 400.25
207.026 400.25
207.155 400.5
207.155 400.5
207.414 401
207.414 401
207.414 401
207.672 401.5
207.672 401.5
207.672 401.5
207.672 401.5
207.931 402
208.06 402.25
208.19 402.5
208.448 403
208.448 403
208.707 403.5
208.707 403.5
208.965 404
208.965 404
209.224 404.5
209.353 404.75
209.483 405
209.741 405.5
209.741 405.5
209.741 405.5
209.741 405.5
209.741 405.5
210 406
210.258 406.5
210.258 406.5
210.517 407
210.776 407.5
210.776 407.5
211.034 408
211.164 408.25
211.293 408.5
211.552 409
211.552 409
211.81 409.5
211.81 409.5
211.81 409.5
211.81 409.5
211.81 409.5
212.069 410
212.327 410.5
212.586 411
212.845 411.5
213.103 412
213.362 412.5
213.621 413
213.879 413.5
213.879 413.5
213.879 413.5
214.138 414
214.396 414.5
214.655 415
214.655 415
215.172 416
215.172 416
215.172 416
215.172 416
215.431 416.5
215.689 417
215.689 417
215.948 417.5
215.948 417.5
215.948 417.5
215.948 417.5
215.948 417.5
215.948 417.5
216.336 418.25
216.595 418.75
216.595 418.75
216.724 419
216.853 419.25
216.853 419.25
216.853 419.25
217.241 420
217.5 420.5
217.5 420.5
217.5 420.5
217.758 421
217.758 421
218.017 421.5
218.017 421.5
218.017 421.5
218.017 421.5
218.017 421.5
218.276 422
218.534 422.5
218.793 423
218.793 423
219.052 423.5
219.31 424
219.569 424.5
219.569 424.5
219.827 425
219.827 425
220.086 425.5
220.086 425.5
220.086 425.5
220.086 425.5
220.345 426
220.603 426.5
220.862 427
220.862 427
220.862 427
221.121 427.5
221.121 427.5
221.379 428
221.638 428.5
221.638 428.5
221.896 429
221.896 429
222.155 429.5
222.155 429.5
222.155 429.5
222.155 429.5
222.414 430
222.672 430.5
222.931 431
222.931 431
223.189 431.5
223.707 432.5
223.707 432.5
223.965 433
224.224 433.5
224.224 433.5
224.224 433.5
224.224 433.5
224.483 434
224.483 434
224.741 434.5
224.741 434.5
225 435
225 435
225.258 435.5
225.517 436
225.776 436.5
225.776 436.5
226.034 437
226.034 437
226.293 437.5
226.293 437.5
226.293 437.5
226.293 437.5
226.293 437.5
226.552 438
226.81 438.5
226.81 438.5
227.069 439
227.327 439.5
227.327 439.5
227.586 440
227.586 440
227.845 440.5
228.103 441
228.103 441
228.362 441.5
228.362 441.5
228.362 441.5
228.621 442
228.621 442
228.879 442.5
229.138 443
229.396 443.5
229.655 444
229.914 444.5
230.172 445
230.431 445.5
231.207 447
231.336 447.25
231.465 447.5
231.983 448.5
232.241 449
232.5 449.5
232.5 449.5
232.5 449.5
232.5 449.5
232.5 449.5
233.276 451
233.534 451.5
233.534 451.5
233.534 451.5
234.052 452.5
234.31 453
234.31 453
234.569 453.5
234.569 453.5
234.569 453.5
234.569 453.5
234.569 453.5
235.345 455
235.603 455.5
235.603 455.5
235.603 455.5
236.121 456.5
236.121 456.5
236.379 457
236.379 457
236.638 457.5
236.638 457.5
236.638 457.5
236.638 457.5
236.896 458
237.155 458.5
237.414 459
237.414 459
237.931 460
237.931 460
238.189 460.5
238.189 460.5
238.448 461
238.448 461
238.707 461.5
238.707 461.5
238.707 461.5
238.965 462
239.224 462.5
239.483 463
239.483 463
239.741 463.5
240 464
240 464
240.258 464.5
240.258 464.5
240.517 465
240.517 465
240.776 465.5
240.776 465.5
240.776 465.5
240.776 465.5
241.034 466
241.034 466
241.293 466.5
241.552 467
241.552 467
241.81 467.5
241.81 467.5
242.069 468
242.198 468.25
242.327 468.5
242.586 469
242.586 469
242.845 469.5
242.845 469.5
242.845 469.5
243.103 470
243.362 470.5
243.362 470.5
243.621 471
243.879 471.5
243.879 471.5
244.138 472
244.138 472
244.396 472.5
244.655 473
244.655 473
244.914 473.5
244.914 473.5
245.172 474
245.302 474.25
245.431 474.5
245.689 475
245.948 475.5
246.207 476
246.465 476.5
247.241 478
247.241 478
247.241 478
247.241 478
247.629 478.75
247.629 478.75
247.629 478.75
248.017 479.5
248.017 479.5
248.017 479.5
248.405 480.25
248.405 480.25
248.405 480.25
248.534 480.5
248.793 481
248.793 481
249.052 481.5
249.052 481.5
249.052 481.5
249.052 481.5
249.052 481.5
249.052 481.5
249.31 482
249.569 482.5
249.698 482.75
249.827 483
249.827 483
249.957 483.25
249.957 483.25
250.086 483.5
250.215 483.75
250.345 484
250.421 484.148
250.474 484.25
250.603 484.5
250.603 484.5
250.603 484.5
250.733 484.75
250.862 485
251.121 485.5
251.121 485.5
251.379 486
251.638 486.5
251.896 487
251.896 487
251.896 487
251.896 487
252.155 487.5
252.414 488
252.414 488
252.672 488.5
252.672 488.5
252.672 488.5
252.672 488.5
252.931 489
252.931 489
252.931 489
252.931 489
253.189 489.5
253.189 489.5
253.189 489.5
253.189 489.5
253.448 490
253.707 490.5
253.965 491
253.965 491
254.483 492
254.483 492
254.741 492.5
255 493
255 493
255.258 493.5
255.258 493.5
255.258 493.5
255.258 493.5
255.517 494
255.776 494.5
256.034 495
256.034 495
256.293 495.5
256.552 496
256.81 496.5
256.81 496.5
256.81 496.5
257.069 497
257.069 497
257.327 497.5
257.327 497.5
257.327 497.5
257.327 497.5
257.586 498
257.586 498
257.845 498.5
258.103 499
258.103 499
258.362 499.5
258.362 499.5
258.62 500
258.75 500.25
258.879 500.5
258.879 500.5
259.138 501
259.138 501
259.396 501.5
259.396 501.5
259.396 501.5
259.396 501.5
259.655 502
259.914 502.5
259.914 502.5
260.172 503
260.431 503.5
260.431 503.5
260.689 504
260.689 504
260.948 504.5
261.207 505
261.207 505
261.465 505.5
261.465 505.5
261.724 506
261.724 506
261.983 506.5
262.241 507
262.241 507
262.758 508
263.017 508.5
263.276 509
263.534 509.5
263.534 509.5
263.534 509.5
263.534 509.5
265.603 513.5
265.603 513.5
265.862 514
265.862 514
266.12 514.5
266.379 515
266.638 515.5
266.638 515.5
266.896 516
267.155 516.5
267.414 517
267.672 517.5
267.931 518
267.931 518
268.189 518.5
268.448 519
268.707 519.5
268.707 519.5
268.965 520
269.224 520.5
269.483 521
269.741 521.5
269.741 521.5
270 522
270.258 522.5
270.517 523
270.776 523.5
271.034 524
271.293 524.5
271.552 525
271.81 525.5
271.81 525.5
272.069 526
272.327 526.5
272.586 527
272.586 527
272.845 527.5
272.974 527.75
273.103 528
273.233 528.25
273.362 528.5
273.491 528.75
273.62 529
273.75 529.25
273.879 529.5
273.879 529.5
273.879 529.5
274.138 530
274.396 530.5
274.655 531
274.914 531.5
275.172 532
275.431 532.5
275.689 533
275.948 533.5
275.948 533.5
276.077 533.75
276.077 533.75
276.207 534
276.207 534
276.465 534.5
276.724 535
276.983 535.5
276.983 535.5
277.37 536.25
277.758 537
277.758 537
277.888 537.25
278.013 537.492
278.017 537.5
278.146 537.75
278.405 538.25
278.534 538.5
278.793 539
279.31 540
279.569 540.5
279.827 541
280.086 541.5
280.086 541.5
280.603 542.5
281.109 543.477
281.112 543.483
281.115 543.49
281.687 544.596
285.062 551.121
285.189 551.367
285.237 551.458
285.321 551.621
285.534 552.033
286.347 553.604
286.612 554.117
286.852 554.581
287.071 555.004
287.266 555.381
287.453 555.744
287.659 556.142
287.858 556.525
288.096 556.985
288.43 557.631
288.793 558.333
289.208 559.135
289.706 560.098
