2.63182 4.825
2.90454 5.325
3.17727 5.825
3.17727 5.825
3.45 6.325
3.45 6.325
3.72272 6.825
3.72272 6.825
3.99545 7.325
3.99545 7.325
4.26818 7.825
4.26818 7.825
4.5409 8.325
4.5409 8.325
4.81363 8.825
4.81363 8.825
5.08636 9.325
5.08636 9.325
5.35909 9.825
5.35909 9.825
5.63181 10.325
5.63181 10.325
5.90454 10.825
5.90454 10.825
6.17727 11.325
6.17727 11.325
6.44999 11.825
6.72272 12.325
6.99545 12.825
6.99545 12.825
7.26817 13.325
7.26817 13.325
7.5409 13.825
7.5409 13.825
7.81363 14.325
7.81363 14.325
8.08636 14.825
8.08636 14.825
8.35908 15.325
8.35908 15.325
8.63181 15.825
8.63181 15.825
8.90454 16.325
8.90454 16.325
9.17726 16.825
9.17726 16.825
9.44999 17.325
9.44999 17.325
9.72272 17.825
9.72272 17.825
9.99544 18.325
9.99544 18.325
10.2682 18.825
10.2682 18.825
10.5409 19.325
10.5409 19.325
10.8136 19.825
10.8136 19.825
11.0864 20.325
11.0864 20.325
11.3591 20.825
11.6318 21.325
11.6318 21.325
11.9045 21.825
11.9045 21.825
12.1773 22.325
12.1773 22.325
12.45 22.825
12.45 22.825
12.7227 23.325
12.7227 23.325
12.9954 23.825
12.9954 23.825
13.2682 24.325
13.2682 24.325
13.5409 24.825
13.5409 24.825
13.8136 25.325
13.8136 25.325
14.0863 25.825
14.0863 25.825
14.3591 26.325
14.3591 26.325
14.6318 26.825
14.6318 26.825
14.9045 27.325
14.9045 27.325
15.1773 27.825
15.45 28.325
15.45 28.325
15.7227 28.825
15.7227 28.825
15.9954 29.325
15.9954 29.325
16.2682 29.825
16.2682 29.825
16.5409 30.325
16.5409 30.325
16.8136 30.825
16.8136 30.825
17.0863 31.325
17.0863 31.325
17.3591 31.825
17.3591 31.825
17.6318 32.325
17.6318 32.325
17.9045 32.825
17.9045 32.825
18.1773 33.325
18.1773 33.325
18.45 33.825
18.45 33.825
18.7227 34.325
18.7227 34.325
18.9954 34.825
18.9954 34.825
19.2682 35.325
19.2682 35.325
19.8136 36.325
19.8136 36.325
20.3591 37.325
20.6318 37.825
20.6318 37.825
20.9045 38.325
21.0409 38.575
21.1773 38.825
21.45 39.325
21.45 39.325
21.7227 39.825
21.9954 40.325
22.2682 40.825
22.2682 40.825
22.5409 41.325
22.8136 41.825
22.8136 41.825
23.0863 42.325
23.2227 42.575
23.6318 43.325
23.6318 43.325
23.9045 43.825
23.9045 43.825
24.45 44.825
24.45 44.825
24.7227 45.325
24.7227 45.325
24.7227 45.325
24.9954 45.825
24.9954 45.825
25.2682 46.325
25.5409 46.825
25.5409 46.825
25.8136 47.325
25.8136 47.325
26.0863 47.825
26.3591 48.325
26.6318 48.825
26.6318 48.825
26.9045 49.325
26.9045 49.325
27.1772 49.825
27.1772 49.825
27.7227 50.825
27.9954 51.325
28.5409 52.325
28.8136 52.825
29.0863 53.325
29.0863 53.325
29.2227 53.575
29.3591 53.825
29.3591 53.825
29.6318 54.325
29.7682 54.575
29.9045 54.825
30.1772 55.325
30.1772 55.325
30.45 55.825
30.7227 56.325
30.7227 56.325
30.9954 56.825
31.2682 57.325
31.2682 57.325
31.5409 57.825
31.5409 57.825
31.8136 58.325
31.95 58.575
32.0863 58.825
32.3591 59.325
32.3591 59.325
32.4954 59.575
32.6318 59.825
32.6318 59.825
32.9045 60.325
33.1772 60.825
33.1772 60.825
33.45 61.325
33.45 61.325
33.7227 61.825
33.7227 61.825
33.9954 62.325
33.9954 62.325
34.2681 62.825
34.2681 62.825
34.5409 63.325
34.5409 63.325
34.8136 63.825
34.8136 63.825
35.0863 64.325
35.0863 64.325
35.3591 64.825
35.3591 64.825
35.4954 65.075
35.6318 65.325
35.9045 65.825
36.1772 66.325
36.1772 66.325
36.45 66.825
36.7227 67.325
36.9954 67.825
37.2681 68.325
37.5409 68.825
37.8136 69.325
38.0863 69.825
38.0863 69.825
38.3591 70.325
38.4954 70.575
38.6318 70.825
38.9045 71.325
38.9045 71.325
39.1772 71.825
39.45 72.325
39.7227 72.825
39.7227 72.825
39.9954 73.325
40.2681 73.825
40.2681 73.825
40.5409 74.325
40.6772 74.575
40.8136 74.825
41.0863 75.325
41.0863 75.325
41.359 75.825
41.6318 76.325
41.9045 76.825
41.9045 76.825
42.1772 77.325
42.1772 77.325
42.45 77.825
42.45 77.825
42.7227 78.325
42.859 78.575
42.9954 78.825
43.2681 79.325
43.2681 79.325
43.5409 79.825
43.8136 80.325
43.8136 80.325
44.0863 80.825
44.359 81.325
44.359 81.325
44.6318 81.825
44.6318 81.825
44.9045 82.325
45.1772 82.825
45.45 83.325
45.7227 83.825
45.9954 84.325
46.5409 85.325
46.5409 85.325
46.5409 85.325
46.8136 85.825
46.8136 85.825
46.8136 85.825
47.0863 86.325
47.2227 86.575
47.359 86.825
47.6318 87.325
47.6318 87.325
47.9045 87.825
48.1772 88.325
48.1772 88.325
48.45 88.825
48.45 88.825
48.7227 89.325
48.7227 89.325
48.9954 89.825
48.9954 89.825
48.9954 89.825
48.9954 89.825
49.2681 90.325
49.4045 90.575
49.5409 90.825
49.8136 91.325
49.8136 91.325
50.0863 91.825
50.0863 91.825
50.359 92.325
50.6318 92.825
50.9045 93.325
50.9045 93.325
51.1772 93.825
51.1772 93.825
51.1772 93.825
51.4499 94.325
51.4499 94.325
51.7227 94.825
51.7227 94.825
51.7227 94.825
51.9954 95.325
51.9954 95.325
52.2681 95.825
52.5409 96.325
52.5409 96.325
52.8136 96.825
52.8136 96.825
53.0863 97.325
53.0863 97.325
53.359 97.825
53.359 97.825
53.6318 98.325
53.9045 98.825
54.1772 99.325
54.4499 99.825
54.7227 100.325
54.7227 100.325
54.9954 100.825
54.9954 100.825
55.2681 101.325
55.2681 101.325
55.5409 101.825
55.5409 101.825
55.5409 101.825
55.5409 101.825
55.6772 102.075
55.8136 102.325
55.9499 102.575
55.9499 102.575
56.2227 103.075
56.359 103.325
56.6318 103.825
56.6318 103.825
56.6318 103.825
56.9045 104.325
57.1772 104.825
57.1772 104.825
57.4499 105.325
57.4499 105.325
57.5863 105.575
57.7227 105.825
57.9954 106.325
58.1318 106.575
58.5409 107.325
58.5409 107.325
58.5409 107.325
58.8136 107.825
58.8136 107.825
59.0863 108.325
59.0863 108.325
59.359 108.825
59.359 108.825
59.4954 109.075
59.6318 109.325
59.6318 109.325
59.9045 109.825
59.9045 109.825
60.0408 110.075
60.1772 110.325
60.4499 110.825
60.7227 111.325
60.7227 111.325
60.7227 111.325
60.9954 111.825
60.9954 111.825
60.9954 111.825
61.2681 112.325
61.5408 112.825
61.5408 112.825
61.5408 112.825
61.8136 113.325
61.8136 113.325
61.8136 113.325
62.0863 113.825
62.0863 113.825
62.359 114.325
62.6318 114.825
62.9045 115.325
62.9045 115.325
63.1772 115.825
63.1772 115.825
63.4499 116.325
63.7227 116.825
63.9954 117.325
63.9954 117.325
64.2681 117.825
64.2681 117.825
64.5408 118.325
64.6772 118.575
64.6772 118.575
65.0863 119.325
65.0863 119.325
65.0863 119.325
65.359 119.825
65.359 119.825
65.359 119.825
65.6318 120.325
65.9045 120.825
65.9045 120.825
66.1772 121.325
66.1772 121.325
66.1772 121.325
66.4499 121.825
66.4499 121.825
66.7227 122.325
66.7227 122.325
66.9954 122.825
66.9954 122.825
67.2681 123.325
67.2681 123.325
67.2681 123.325
67.5408 123.825
67.5408 123.825
67.5408 123.825
67.5408 123.825
67.8136 124.325
68.0863 124.825
68.359 125.325
68.359 125.325
68.6317 125.825
68.6317 125.825
68.9045 126.325
68.9045 126.325
69.1772 126.825
69.1772 126.825
69.4499 127.325
69.4499 127.325
69.4499 127.325
69.7227 127.825
69.7227 127.825
69.7227 127.825
69.9954 128.325
69.9954 128.325
70.1317 128.575
70.5408 129.325
70.5408 129.325
70.5408 129.325
70.8136 129.825
70.8136 129.825
71.0863 130.325
71.359 130.825
71.6317 131.325
71.6317 131.325
71.9045 131.825
71.9045 131.825
71.9045 131.825
72.1772 132.325
72.1772 132.325
72.4499 132.825
72.4499 132.825
72.7227 133.325
72.7227 133.325
72.7227 133.325
72.9954 133.825
72.9954 133.825
72.9954 133.825
72.9954 133.825
73.1317 134.075
73.2681 134.325
73.4045 134.575
73.4045 134.575
73.6772 135.075
73.8136 135.325
74.0863 135.825
74.0863 135.825
74.0863 135.825
74.359 136.325
74.6317 136.825
74.6317 136.825
74.9045 137.325
74.9045 137.325
75.1772 137.825
75.1772 137.825
75.4499 138.325
75.5863 138.575
75.9954 139.325
75.9954 139.325
75.9954 139.325
76.2681 139.825
76.2681 139.825
76.5408 140.325
76.5408 140.325
76.8136 140.825
76.8136 140.825
76.9499 141.075
77.0863 141.325
77.0863 141.325
77.359 141.825
77.359 141.825
77.4954 142.075
77.7681 142.575
77.9045 142.825
78.1772 143.325
78.1772 143.325
78.1772 143.325
78.4499 143.825
78.4499 143.825
78.4499 143.825
78.7226 144.325
78.859 144.575
78.9954 144.825
78.9954 144.825
79.2681 145.325
79.2681 145.325
79.2681 145.325
79.5408 145.825
79.5408 145.825
79.8136 146.325
80.0863 146.825
80.359 147.325
80.359 147.325
80.359 147.325
80.6317 147.825
80.6317 147.825
80.6317 147.825
80.9045 148.325
80.9045 148.325
81.1772 148.825
81.1772 148.825
81.4499 149.325
81.4499 149.325
81.7226 149.825
81.7226 149.825
81.9954 150.325
82.1317 150.575
82.5408 151.325
82.5408 151.325
82.5408 151.325
82.8136 151.825
82.8136 151.825
82.8136 151.825
83.0863 152.325
83.0863 152.325
83.359 152.825
83.359 152.825
83.6317 153.325
83.6317 153.325
83.6317 153.325
83.9045 153.825
83.9045 153.825
84.1772 154.325
84.4499 154.825
84.7226 155.325
84.7226 155.325
84.7226 155.325
84.9954 155.825
84.9954 155.825
84.9954 155.825
84.9954 155.825
85.2681 156.325
85.5408 156.825
85.8136 157.325
85.8136 157.325
85.8136 157.325
86.0863 157.825
86.0863 157.825
86.359 158.325
86.6317 158.825
86.9045 159.325
86.9045 159.325
86.9045 159.325
87.1772 159.825
87.1772 159.825
87.1772 159.825
87.4499 160.325
87.5863 160.575
87.7226 160.825
87.9954 161.325
87.9954 161.325
88.2681 161.825
88.2681 161.825
88.5408 162.325
88.8135 162.825
89.0863 163.325
89.0863 163.325
89.359 163.825
89.359 163.825
89.359 163.825
89.6317 164.325
89.7681 164.575
89.9045 164.825
89.9045 164.825
90.1772 165.325
90.1772 165.325
90.1772 165.325
90.1772 165.325
90.4499 165.825
90.4499 165.825
90.4499 165.825
90.7226 166.325
90.7226 166.325
90.9954 166.825
90.9954 166.825
91.2681 167.325
91.2681 167.325
91.5408 167.825
91.5408 167.825
91.8135 168.325
91.8135 168.325
92.0863 168.825
92.0863 168.825
92.359 169.325
92.359 169.325
92.6317 169.825
92.6317 169.825
92.9045 170.325
92.9045 170.325
93.1772 170.825
93.1772 170.825
93.4499 171.325
93.4499 171.325
93.7226 171.825
93.9954 172.325
94.2681 172.825
94.2681 172.825
94.5408 173.325
94.5408 173.325
94.8135 173.825
94.8135 173.825
95.0863 174.325
95.0863 174.325
95.359 174.825
95.359 174.825
95.6317 175.325
95.6317 175.325
95.9044 175.825
95.9044 175.825
96.1772 176.325
96.1772 176.325
96.4499 176.825
96.4499 176.825
96.7226 177.325
96.7226 177.325
96.9954 177.825
96.9954 177.825
97.2681 178.325
97.2681 178.325
97.5408 178.825
97.5408 178.825
97.8135 179.325
97.8135 179.325
98.0863 179.825
98.0863 179.825
98.359 180.325
98.359 180.325
98.6317 180.825
98.9044 181.325
98.9044 181.325
99.1772 181.825
99.1772 181.825
99.4499 182.325
99.4499 182.325
99.7226 182.825
99.7226 182.825
99.9954 183.325
99.9954 183.325
100.268 183.825
100.268 183.825
100.541 184.325
100.541 184.325
100.814 184.825
100.814 184.825
101.086 185.325
101.086 185.325
101.359 185.825
101.359 185.825
101.632 186.325
101.632 186.325
101.904 186.825
101.904 186.825
102.177 187.325
102.177 187.325
102.45 187.825
102.723 188.325
102.723 188.325
102.995 188.825
102.995 188.825
103.268 189.325
103.268 189.325
103.541 189.825
103.541 189.825
103.814 190.325
103.814 190.325
104.086 190.825
104.086 190.825
104.359 191.325
104.359 191.325
104.632 191.825
104.632 191.825
104.904 192.325
104.904 192.325
105.177 192.825
105.177 192.825
105.45 193.325
105.45 193.325
105.723 193.825
105.723 193.825
105.995 194.325
105.995 194.325
106.268 194.825
106.268 194.825
106.541 195.325
106.541 195.325
107.086 196.325
107.086 196.325
107.632 197.325
107.904 197.825
107.904 197.825
108.177 198.325
108.314 198.575
108.45 198.825
108.723 199.325
108.723 199.325
108.995 199.825
109.268 200.325
109.541 200.825
109.541 200.825
109.814 201.325
110.086 201.825
110.086 201.825
110.359 202.325
110.495 202.575
110.632 202.825
110.904 203.325
110.904 203.325
111.177 203.825
111.45 204.325
111.723 204.825
111.723 204.825
111.995 205.325
111.995 205.325
112.268 205.825
112.268 205.825
112.541 206.325
112.677 206.575
112.814 206.825
113.086 207.325
113.086 207.325
113.359 207.825
113.632 208.325
113.632 208.325
113.904 208.825
114.177 209.325
114.177 209.325
114.45 209.825
114.45 209.825
114.723 210.325
114.995 210.825
115.268 211.325
115.541 211.825
115.814 212.325
116.359 213.325
116.359 213.325
116.359 213.325
116.632 213.825
116.632 213.825
116.632 213.825
116.904 214.325
117.041 214.575
117.177 214.825
117.45 215.325
117.45 215.325
117.723 215.825
117.995 216.325
117.995 216.325
118.268 216.825
118.268 216.825
118.541 217.325
118.541 217.325
118.814 217.825
118.814 217.825
118.814 217.825
118.814 217.825
119.086 218.325
119.223 218.575
119.359 218.825
119.632 219.325
119.632 219.325
119.904 219.825
119.904 219.825
120.177 220.325
120.45 220.825
120.723 221.325
120.723 221.325
120.995 221.825
120.995 221.825
120.995 221.825
121.268 222.325
121.268 222.325
121.541 222.825
121.541 222.825
121.541 222.825
121.814 223.325
121.814 223.325
122.086 223.825
122.359 224.325
122.359 224.325
122.632 224.825
122.632 224.825
122.904 225.325
122.904 225.325
123.177 225.825
123.177 225.825
123.45 226.325
123.723 226.825
123.995 227.325
124.268 227.825
124.541 228.325
124.541 228.325
124.814 228.825
124.814 228.825
125.086 229.325
125.086 229.325
125.359 229.825
125.359 229.825
125.359 229.825
125.359 229.825
125.495 230.075
125.632 230.325
125.768 230.575
125.768 230.575
126.041 231.075
126.177 231.325
126.45 231.825
126.45 231.825
126.45 231.825
126.723 232.325
126.995 232.825
126.995 232.825
127.268 233.325
127.268 233.325
127.404 233.575
127.541 233.825
127.814 234.325
127.95 234.575
128.359 235.325
128.359 235.325
128.359 235.325
128.632 235.825
128.632 235.825
128.904 236.325
128.904 236.325
129.177 236.825
129.177 236.825
129.314 237.075
129.45 237.325
129.45 237.325
129.723 237.825
129.723 237.825
129.859 238.075
129.995 238.325
130.268 238.825
130.541 239.325
130.541 239.325
130.541 239.325
130.814 239.825
130.814 239.825
130.814 239.825
131.086 240.325
131.359 240.825
131.359 240.825
131.359 240.825
131.632 241.325
131.632 241.325
131.632 241.325
131.904 241.825
131.904 241.825
132.177 242.325
132.45 242.825
132.723 243.325
132.723 243.325
132.995 243.825
132.995 243.825
133.268 244.325
133.541 244.825
133.814 245.325
133.814 245.325
134.086 245.825
134.086 245.825
134.359 246.325
134.495 246.575
134.495 246.575
134.904 247.325
134.904 247.325
134.904 247.325
135.177 247.825
135.177 247.825
135.177 247.825
135.45 248.325
135.723 248.825
135.723 248.825
135.995 249.325
135.995 249.325
135.995 249.325
136.268 249.825
136.268 249.825
136.541 250.325
136.541 250.325
136.813 250.825
136.813 250.825
137.086 251.325
137.086 251.325
137.086 251.325
137.359 251.825
137.359 251.825
137.359 251.825
137.359 251.825
137.632 252.325
137.904 252.825
138.177 253.325
138.177 253.325
138.45 253.825
138.45 253.825
138.723 254.325
138.723 254.325
138.995 254.825
138.995 254.825
139.268 255.325
139.268 255.325
139.268 255.325
139.541 255.825
139.541 255.825
139.541 255.825
139.813 256.325
139.813 256.325
139.95 256.575
140.359 257.325
140.359 257.325
140.359 257.325
140.632 257.825
140.632 257.825
140.904 258.325
141.177 258.825
141.45 259.325
141.45 259.325
141.723 259.825
141.723 259.825
141.723 259.825
141.995 260.325
141.995 260.325
142.268 260.825
142.268 260.825
142.541 261.325
142.541 261.325
142.541 261.325
142.813 261.825
142.813 261.825
142.813 261.825
142.813 261.825
142.95 262.075
143.086 262.325
143.223 262.575
143.223 262.575
143.495 263.075
143.632 263.325
143.904 263.825
143.904 263.825
143.904 263.825
144.177 264.325
144.45 264.825
144.45 264.825
144.723 265.325
144.723 265.325
144.859 265.575
144.995 265.825
145.268 266.325
145.404 266.575
145.813 267.325
145.813 267.325
145.813 267.325
146.086 267.825
146.086 267.825
146.359 268.325
146.359 268.325
146.632 268.825
146.632 268.825
146.768 269.075
146.904 269.325
146.904 269.325
147.177 269.825
147.177 269.825
147.313 270.075
147.586 270.575
147.723 270.825
147.995 271.325
147.995 271.325
147.995 271.325
148.268 271.825
148.268 271.825
148.268 271.825
148.541 272.325
148.677 272.575
148.813 272.825
148.813 272.825
149.086 273.325
149.086 273.325
149.086 273.325
149.359 273.825
149.359 273.825
149.632 274.325
149.904 274.825
150.177 275.325
150.177 275.325
150.177 275.325
150.45 275.825
150.45 275.825
150.45 275.825
150.723 276.325
150.723 276.325
150.995 276.825
150.995 276.825
151.268 277.325
151.268 277.325
151.541 277.825
151.541 277.825
151.813 278.325
151.95 278.575
152.359 279.325
152.359 279.325
152.359 279.325
152.632 279.825
152.632 279.825
152.632 279.825
152.904 280.325
152.904 280.325
153.177 280.825
153.177 280.825
153.45 281.325
153.45 281.325
153.45 281.325
153.723 281.825
153.723 281.825
153.995 282.325
154.268 282.825
154.541 283.325
154.541 283.325
154.541 283.325
154.813 283.825
154.813 283.825
154.813 283.825
154.813 283.825
155.086 284.325
155.359 284.825
155.632 285.325
155.632 285.325
155.632 285.325
155.904 285.825
155.904 285.825
156.177 286.325
156.45 286.825
156.723 287.325
156.723 287.325
156.723 287.325
156.995 287.825
156.995 287.825
156.995 287.825
157.268 288.325
157.404 288.575
157.541 288.825
157.813 289.325
157.813 289.325
158.086 289.825
158.086 289.825
158.359 290.325
158.632 290.825
158.904 291.325
158.904 291.325
159.177 291.825
159.177 291.825
159.177 291.825
159.45 292.325
159.586 292.575
159.723 292.825
159.995 293.325
159.995 293.325
159.995 293.325
160.268 293.825
160.268 293.825
160.268 293.825
160.268 293.825
160.268 293.825
160.268 293.825
160.268 293.825
160.677 294.575
160.813 294.825
161.359 295.825
161.359 295.825
161.359 295.825
161.359 295.825
161.904 296.825
161.904 296.825
162.45 297.825
162.45 297.825
162.45 297.825
162.45 297.825
162.45 297.825
162.723 298.325
162.995 298.825
163.268 299.325
163.404 299.575
163.541 299.825
163.541 299.825
163.541 299.825
163.541 299.825
164.086 300.825
164.359 301.325
164.359 301.325
164.359 301.325
164.359 301.325
164.632 301.825
164.632 301.825
164.632 301.825
164.632 301.825
164.632 301.825
164.904 302.325
165.177 302.825
165.45 303.325
165.586 303.575
165.723 303.825
165.723 303.825
165.723 303.825
165.723 303.825
166.541 305.325
166.813 305.825
166.813 305.825
166.813 305.825
166.813 305.825
167.086 306.325
167.359 306.825
167.632 307.325
167.632 307.325
167.632 307.325
167.632 307.325
167.904 307.825
167.904 307.825
168.177 308.325
168.177 308.325
168.45 308.825
168.45 308.825
168.723 309.325
168.723 309.325
168.723 309.325
168.723 309.325
168.995 309.825
168.995 309.825
168.995 309.825
168.995 309.825
169.132 310.075
169.268 310.325
169.404 310.575
169.541 310.825
169.541 310.825
169.677 311.075
169.813 311.325
169.95 311.575
170.086 311.825
170.086 311.825
170.086 311.825
170.086 311.825
170.632 312.825
171.177 313.825
171.177 313.825
171.177 313.825
171.177 313.825
171.177 313.825
171.313 314.075
171.313 314.075
171.45 314.325
171.586 314.575
171.723 314.825
171.723 314.825
171.859 315.075
171.995 315.325
171.995 315.325
171.995 315.325
171.995 315.325
171.995 315.325
172.268 315.825
172.268 315.825
172.268 315.825
172.677 316.575
173.086 317.325
173.086 317.325
173.086 317.325
173.359 317.825
173.359 317.825
173.359 317.825
173.359 317.825
173.632 318.325
173.632 318.325
173.768 318.575
173.904 318.825
173.904 318.825
174.041 319.075
174.177 319.325
174.313 319.575
174.313 319.575
174.313 319.575
174.45 319.825
174.45 319.825
174.45 319.825
174.45 319.825
174.723 320.325
174.723 320.325
174.859 320.575
174.995 320.825
174.995 320.825
175.132 321.075
175.268 321.325
175.268 321.325
175.404 321.575
175.541 321.825
175.541 321.825
175.541 321.825
175.541 321.825
175.541 321.825
175.813 322.325
178.813 327.825
178.813 327.825
179.086 328.325
179.086 328.325
179.086 328.325
179.359 328.825
179.359 328.825
179.359 328.825
179.495 329.075
179.632 329.325
179.632 329.325
179.632 329.325
179.632 329.325
179.768 329.575
179.768 329.575
179.904 329.825
179.904 329.825
179.904 329.825
179.904 329.825
179.904 329.825
180.041 330.075
180.177 330.325
180.313 330.575
180.313 330.575
180.586 331.075
180.723 331.325
180.995 331.825
180.995 331.825
180.995 331.825
181.268 332.325
181.541 332.825
181.541 332.825
181.813 333.325
181.813 333.325
181.813 333.325
181.95 333.575
182.086 333.825
182.086 333.825
182.359 334.325
182.495 334.575
182.632 334.825
182.904 335.325
182.904 335.325
182.904 335.325
182.904 335.325
183.177 335.825
183.177 335.825
183.45 336.325
183.45 336.325
183.723 336.825
183.723 336.825
183.723 336.825
183.859 337.075
183.995 337.325
183.995 337.325
184.268 337.825
184.268 337.825
184.268 337.825
184.404 338.075
184.541 338.325
184.813 338.825
185.086 339.325
185.086 339.325
185.086 339.325
185.359 339.825
185.359 339.825
185.359 339.825
185.632 340.325
185.904 340.825
185.904 340.825
185.904 340.825
185.904 340.825
186.177 341.325
186.177 341.325
186.177 341.325
186.45 341.825
186.45 341.825
186.45 341.825
186.723 342.325
186.995 342.825
187.268 343.325
187.268 343.325
187.541 343.825
187.541 343.825
187.813 344.325
188.086 344.825
188.086 344.825
188.359 345.325
188.359 345.325
188.632 345.825
188.632 345.825
188.632 345.825
188.904 346.325
189.041 346.575
189.041 346.575
189.45 347.325
189.45 347.325
189.45 347.325
189.723 347.825
189.723 347.825
189.723 347.825
189.995 348.325
190.268 348.825
190.268 348.825
190.541 349.325
190.541 349.325
190.541 349.325
190.813 349.825
190.813 349.825
191.086 350.325
191.086 350.325
191.359 350.825
191.359 350.825
191.632 351.325
191.632 351.325
191.632 351.325
191.904 351.825
191.904 351.825
191.904 351.825
191.904 351.825
192.177 352.325
192.45 352.825
192.723 353.325
192.723 353.325
192.995 353.825
192.995 353.825
193.268 354.325
193.268 354.325
193.541 354.825
193.541 354.825
193.813 355.325
193.813 355.325
193.813 355.325
194.086 355.825
194.086 355.825
194.086 355.825
194.359 356.325
194.359 356.325
194.495 356.575
194.904 357.325
194.904 357.325
194.904 357.325
195.177 357.825
195.177 357.825
195.45 358.325
195.723 358.825
195.995 359.325
195.995 359.325
196.268 359.825
196.268 359.825
196.268 359.825
196.541 360.325
196.541 360.325
196.813 360.825
196.813 360.825
197.086 361.325
197.086 361.325
197.086 361.325
197.359 361.825
197.359 361.825
197.359 361.825
197.359 361.825
197.495 362.075
197.632 362.325
197.768 362.575
197.768 362.575
198.041 363.075
198.177 363.325
198.45 363.825
198.45 363.825
198.45 363.825
198.723 364.325
198.995 364.825
198.995 364.825
199.268 365.325
199.268 365.325
199.404 365.575
199.541 365.825
199.813 366.325
199.95 366.575
200.359 367.325
200.359 367.325
200.359 367.325
200.632 367.825
200.632 367.825
200.904 368.325
200.904 368.325
201.177 368.825
201.177 368.825
201.313 369.075
201.45 369.325
201.45 369.325
201.723 369.825
201.723 369.825
201.859 370.075
202.132 370.575
202.268 370.825
202.541 371.325
202.541 371.325
202.541 371.325
202.813 371.825
202.813 371.825
202.813 371.825
203.086 372.325
203.223 372.575
203.359 372.825
203.359 372.825
203.632 373.325
203.632 373.325
203.632 373.325
203.904 373.825
203.904 373.825
204.177 374.325
204.45 374.825
204.723 375.325
204.723 375.325
204.723 375.325
204.995 375.825
204.995 375.825
204.995 375.825
205.268 376.325
205.268 376.325
205.541 376.825
205.541 376.825
205.813 377.325
205.813 377.325
206.086 377.825
206.086 377.825
206.359 378.325
206.495 378.575
206.904 379.325
206.904 379.325
206.904 379.325
207.177 379.825
207.177 379.825
207.177 379.825
207.45 380.325
207.45 380.325
207.723 380.825
207.723 380.825
207.995 381.325
207.995 381.325
207.995 381.325
208.268 381.825
208.268 381.825
208.541 382.325
208.813 382.825
209.086 383.325
209.086 383.325
209.086 383.325
209.359 383.825
209.359 383.825
209.359 383.825
209.359 383.825
209.632 384.325
209.904 384.825
210.177 385.325
210.177 385.325
210.177 385.325
210.45 385.825
210.45 385.825
210.723 386.325
210.995 386.825
211.268 387.325
211.268 387.325
211.268 387.325
211.541 387.825
211.541 387.825
211.541 387.825
211.813 388.325
211.95 388.575
212.086 388.825
212.359 389.325
212.359 389.325
212.632 389.825
212.632 389.825
212.904 390.325
213.177 390.825
213.45 391.325
213.45 391.325
213.723 391.825
213.723 391.825
213.723 391.825
213.995 392.325
214.132 392.575
214.268 392.825
214.268 392.825
214.541 393.325
214.541 393.325
214.541 393.325
214.541 393.325
214.813 393.825
214.813 393.825
214.813 393.825
215.086 394.325
215.086 394.325
215.359 394.825
215.359 394.825
215.632 395.325
215.632 395.325
215.904 395.825
215.904 395.825
216.177 396.325
216.177 396.325
216.45 396.825
216.45 396.825
216.723 397.325
216.723 397.325
216.995 397.825
216.995 397.825
217.268 398.325
217.268 398.325
217.541 398.825
217.541 398.825
217.813 399.325
217.813 399.325
218.086 399.825
218.359 400.325
218.632 400.825
218.632 400.825
218.904 401.325
218.904 401.325
219.177 401.825
219.177 401.825
219.45 402.325
219.45 402.325
219.723 402.825
219.723 402.825
219.995 403.325
219.995 403.325
220.268 403.825
220.268 403.825
220.541 404.325
220.541 404.325
220.813 404.825
220.813 404.825
221.086 405.325
221.086 405.325
221.359 405.825
221.359 405.825
221.632 406.325
221.632 406.325
221.904 406.825
221.904 406.825
222.177 407.325
222.177 407.325
222.45 407.825
222.45 407.825
222.723 408.325
222.723 408.325
222.995 408.825
223.268 409.325
223.268 409.325
223.541 409.825
223.541 409.825
223.813 410.325
223.813 410.325
224.086 410.825
224.086 410.825
224.359 411.325
224.359 411.325
224.632 411.825
224.632 411.825
224.904 412.325
224.904 412.325
225.177 412.825
225.177 412.825
225.45 413.325
225.45 413.325
225.723 413.825
225.723 413.825
225.995 414.325
225.995 414.325
226.268 414.825
226.268 414.825
226.541 415.325
226.541 415.325
226.813 415.825
227.086 416.325
227.086 416.325
227.359 416.825
227.359 416.825
227.632 417.325
227.632 417.325
227.904 417.825
227.904 417.825
228.177 418.325
228.177 418.325
228.45 418.825
228.45 418.825
228.722 419.325
228.722 419.325
228.995 419.825
228.995 419.825
229.268 420.325
229.268 420.325
229.541 420.825
229.541 420.825
229.813 421.325
229.813 421.325
230.086 421.825
230.086 421.825
230.359 422.325
230.359 422.325
230.632 422.825
230.632 422.825
230.904 423.325
230.904 423.325
231.45 424.325
231.45 424.325
231.995 425.325
232.268 425.825
232.541 426.325
232.813 426.825
233.086 427.325
233.632 428.325
233.904 428.825
234.177 429.325
234.313 429.575
234.45 429.825
