3.86314 7.46875
3.86314 7.46875
4.38038 8.46875
4.38038 8.46875
4.89763 9.46875
4.89763 9.46875
5.41487 10.4688
5.41487 10.4688
5.93211 11.4688
5.93211 11.4688
5.93211 11.4688
8.00107 15.4687
8.00107 15.4687
8.51831 16.4688
8.51831 16.4688
9.03555 17.4688
9.03555 17.4688
9.55279 18.4688
9.55279 18.4688
10.07 19.4688
10.07 19.4688
10.07 19.4688
12.139 23.4688
12.139 23.4688
12.6562 24.4688
12.6562 24.4688
13.1735 25.4688
13.1735 25.4688
13.6907 26.4688
13.6907 26.4688
14.208 27.4688
14.208 27.4688
14.208 27.4688
16.2769 31.4687
16.2769 31.4687
16.7942 32.4688
16.7942 32.4688
17.3114 33.4688
17.3114 33.4688
17.8287 34.4688
17.8287 34.4688
18.3459 35.4688
18.3459 35.4688
18.3459 35.4688
20.4149 39.4688
20.4149 39.4688
20.4149 39.4688
20.4149 39.4688
20.4149 39.4688
20.4149 39.4688
20.9321 40.4688
20.9321 40.4688
20.9321 40.4688
21.4493 41.4688
21.4493 41.4688
21.9666 42.4688
21.9666 42.4688
22.4838 43.4688
23.0011 44.4688
23.5183 45.4688
24.5528 47.4688
24.5528 47.4688
24.5528 47.4688
24.5528 47.4688
25.07 48.4688
25.07 48.4688
25.5873 49.4688
25.5873 49.4688
26.1045 50.4688
26.1045 50.4688
26.6217 51.4688
26.6217 51.4688
27.139 52.4688
27.6562 53.4688
28.1735 54.4688
28.6907 55.4688
28.6907 55.4688
28.6907 55.4688
29.208 56.4688
29.208 56.4688
29.7252 57.4688
29.7252 57.4688
30.2424 58.4688
30.2424 58.4688
30.7597 59.4688
30.7597 59.4688
31.7942 61.4688
32.3114 62.4688
32.57 62.9687
32.8286 63.4687
32.8286 63.4687
32.8286 63.4687
33.3459 64.4688
33.3459 64.4688
33.6045 64.9688
33.8631 65.4688
33.8631 65.4688
33.8631 65.4688
34.1217 65.9688
34.3804 66.4688
34.3804 66.4688
34.639 66.9688
34.8976 67.4688
36.4493 70.4688
36.7079 70.9688
36.9666 71.4688
36.9666 71.4688
36.9666 71.4688
36.9666 71.4688
36.9666 71.4688
37.4838 72.4688
37.7424 72.9688
37.7424 72.9688
38.001 73.4688
38.5183 74.4688
39.0355 75.4688
39.0355 75.4688
39.0355 75.4688
39.0355 75.4688
39.0355 75.4688
39.5528 76.4688
39.5528 76.4688
39.8114 76.9688
39.8114 76.9688
40.07 77.4688
40.8459 78.9688
41.1045 79.4688
41.1045 79.4688
41.1045 79.4688
41.1045 79.4688
41.1045 79.4688
41.6217 80.4688
41.8804 80.9688
41.8804 80.9688
42.139 81.4688
42.6562 82.4688
42.6562 82.4688
43.1735 83.4688
43.1735 83.4688
43.1735 83.4688
43.1735 83.4688
43.1735 83.4688
43.6907 84.4688
44.2079 85.4688
44.2079 85.4688
44.2079 85.4688
44.7252 86.4688
45.2424 87.4688
45.2424 87.4688
45.2424 87.4688
45.7597 88.4688
45.7597 88.4688
45.7597 88.4688
46.2769 89.4688
46.2769 89.4688
46.7941 90.4688
46.7941 90.4688
46.7941 90.4688
47.8286 92.4688
48.3459 93.4688
48.3459 93.4688
48.3459 93.4688
48.6045 93.9688
48.8631 94.4688
49.1217 94.9688
49.3804 95.4688
49.3804 95.4688
49.3804 95.4688
49.3804 95.4688
49.8976 96.4688
49.8976 96.4688
50.1562 96.9688
50.4148 97.4688
50.4148 97.4688
50.9321 98.4688
50.9321 98.4688
50.9321 98.4688
51.1907 98.9688
51.9666 100.469
52.4838 101.469
53.001 102.469
53.001 102.469
53.5183 103.469
53.5183 103.469
53.5183 103.469
53.5183 103.469
53.5183 103.469
54.0355 104.469
54.2941 104.969
54.2941 104.969
54.5528 105.469
55.07 106.469
55.07 106.469
55.5872 107.469
55.5872 107.469
55.5872 107.469
56.1045 108.469
56.1045 108.469
56.3631 108.969
56.3631 108.969
56.6217 109.469
57.139 110.469
57.3976 110.969
57.6562 111.469
57.6562 111.469
57.6562 111.469
57.6562 111.469
57.6562 111.469
58.1734 112.469
58.4321 112.969
58.4321 112.969
58.6907 113.469
59.2079 114.469
59.2079 114.469
59.7252 115.469
59.7252 115.469
59.7252 115.469
59.7252 115.469
60.2424 116.469
60.501 116.969
60.7597 117.469
60.7597 117.469
61.2769 118.469
61.2769 118.469
61.7941 119.469
61.7941 119.469
61.7941 119.469
61.7941 119.469
62.3114 120.469
62.3114 120.469
62.8286 121.469
62.8286 121.469
63.3459 122.469
63.3459 122.469
64.3803 124.469
64.8976 125.469
64.8976 125.469
65.9321 127.469
65.9321 127.469
65.9321 127.469
65.9321 127.469
66.4493 128.469
66.4493 128.469
66.9665 129.469
66.9665 129.469
67.4838 130.469
67.4838 130.469
68.5183 132.469
69.0355 133.469
69.0355 133.469
69.0355 133.469
69.2941 133.969
69.5528 134.469
69.5528 134.469
70.07 135.469
70.07 135.469
70.07 135.469
70.07 135.469
70.07 135.469
70.07 135.469
70.3286 135.969
70.3286 135.969
70.5872 136.469
70.5872 136.469
70.8459 136.969
70.8459 136.969
71.1045 137.469
71.3631 137.969
71.6217 138.469
71.6217 138.469
71.8803 138.969
71.8803 138.969
72.139 139.469
72.139 139.469
72.139 139.469
72.3976 139.969
72.3976 139.969
72.6562 140.469
72.9148 140.969
72.9148 140.969
73.1734 141.469
73.4321 141.969
73.6907 142.469
73.6907 142.469
73.6907 142.469
73.9493 142.969
74.2079 143.469
74.2079 143.469
74.2079 143.469
74.2079 143.469
74.2079 143.469
74.4665 143.969
74.7252 144.469
74.9838 144.969
74.9838 144.969
75.501 145.969
75.501 145.969
75.7596 146.469
76.0183 146.969
76.2769 147.469
76.2769 147.469
76.2769 147.469
76.2769 147.469
76.5355 147.969
76.7941 148.469
77.0527 148.969
77.3114 149.469
77.57 149.969
77.8286 150.469
77.8286 150.469
78.0872 150.969
78.3458 151.469
78.3458 151.469
78.3458 151.469
78.6045 151.969
78.8631 152.469
79.1217 152.969
79.1217 152.969
79.639 153.969
79.8976 154.469
79.8976 154.469
80.1562 154.969
80.1562 154.969
80.4148 155.469
80.4148 155.469
80.4148 155.469
80.4148 155.469
80.4148 155.469
80.6734 155.969
80.9321 156.469
81.1907 156.969
81.1907 156.969
81.7079 157.969
81.9665 158.469
81.9665 158.469
82.2252 158.969
82.2252 158.969
82.4838 159.469
82.4838 159.469
82.4838 159.469
82.4838 159.469
82.7424 159.969
83.001 160.469
83.001 160.469
83.2596 160.969
83.2596 160.969
83.5183 161.469
83.5398 161.51
83.7769 161.969
83.8846 162.177
84.0355 162.469
84.223 162.831
84.2941 162.969
84.5527 163.469
84.5527 163.469
84.8114 163.969
84.8114 163.969
85.07 164.469
85.3286 164.969
85.3286 164.969
85.5872 165.469
85.5872 165.469
85.8458 165.969
85.8458 165.969
85.8458 165.969
86.1045 166.469
86.1045 166.469
86.6217 167.469
86.6217 167.469
86.6217 167.469
86.6217 167.469
86.6217 167.469
86.8803 167.969
86.8803 167.969
87.1389 168.469
87.1389 168.469
87.3976 168.969
87.3976 168.969
87.6562 169.469
87.9148 169.969
88.1734 170.469
88.1734 170.469
88.432 170.969
88.432 170.969
88.6907 171.469
88.6907 171.469
88.6907 171.469
88.9493 171.969
88.9493 171.969
89.2079 172.469
89.4665 172.969
89.4665 172.969
89.7251 173.469
89.9838 173.969
89.9838 173.969
90.2424 174.469
90.2424 174.469
90.2424 174.469
90.501 174.969
90.7596 175.469
90.7596 175.469
90.7596 175.469
90.7596 175.469
90.7596 175.469
91.0183 175.969
91.2769 176.469
91.5355 176.969
91.5355 176.969
91.5355 176.969
92.0527 177.969
92.0527 177.969
92.3114 178.469
92.3114 178.469
92.57 178.969
92.8286 179.469
92.8286 179.469
92.8286 179.469
92.8286 179.469
93.0872 179.969
93.3458 180.469
93.6045 180.969
93.6045 180.969
94.1217 181.969
94.3803 182.469
94.3803 182.469
94.6389 182.969
94.8976 183.469
94.8976 183.469
94.8976 183.469
94.8976 183.469
94.8976 183.469
95.1562 183.969
95.4148 184.469
95.6734 184.969
95.6734 184.969
96.1907 185.969
96.4493 186.469
96.7079 186.969
96.9665 187.469
96.9665 187.469
96.9665 187.469
96.9665 187.469
96.9665 187.469
97.2251 187.969
97.4838 188.469
97.7424 188.969
97.7424 188.969
97.7424 188.969
98.2596 189.969
98.5182 190.469
98.5182 190.469
98.7769 190.969
99.0355 191.469
99.0355 191.469
99.0355 191.469
99.0355 191.469
99.0355 191.469
99.2941 191.969
99.5527 192.469
99.8113 192.969
99.8113 192.969
100.07 193.469
100.329 193.969
100.587 194.469
100.587 194.469
100.587 194.469
100.846 194.969
100.846 194.969
101.104 195.469
101.104 195.469
101.104 195.469
101.363 195.969
101.622 196.469
101.88 196.969
101.88 196.969
101.88 196.969
102.656 198.469
102.656 198.469
102.915 198.969
102.915 198.969
103.173 199.469
103.173 199.469
103.173 199.469
103.173 199.469
103.432 199.969
103.691 200.469
103.691 200.469
103.949 200.969
104.467 201.969
104.725 202.469
104.725 202.469
104.984 202.969
105.242 203.469
105.242 203.469
105.242 203.469
105.501 203.969
105.76 204.469
106.018 204.969
106.018 204.969
106.277 205.469
106.277 205.469
106.277 205.469
106.535 205.969
106.535 205.969
106.794 206.469
107.053 206.969
107.311 207.469
107.311 207.469
107.311 207.469
107.311 207.469
107.57 207.969
107.829 208.469
107.829 208.469
108.087 208.969
108.087 208.969
108.346 209.469
108.604 209.969
108.863 210.469
108.863 210.469
109.122 210.969
109.38 211.469
109.38 211.469
109.639 211.969
109.898 212.469
109.898 212.469
110.156 212.969
110.156 212.969
110.415 213.469
110.415 213.469
110.673 213.969
110.673 213.969
110.932 214.469
110.932 214.469
111.449 215.469
111.449 215.469
111.449 215.469
111.449 215.469
111.708 215.969
111.967 216.469
111.967 216.469
112.225 216.969
112.225 216.969
112.484 217.469
113.001 218.469
113.001 218.469
113.001 218.469
113.26 218.969
113.518 219.469
113.518 219.469
113.777 219.969
114.035 220.469
114.035 220.469
114.294 220.969
114.294 220.969
114.553 221.469
114.811 221.969
115.07 222.469
115.07 222.469
115.587 223.469
115.587 223.469
115.587 223.469
115.846 223.969
116.104 224.469
116.104 224.469
116.363 224.969
116.363 224.969
116.622 225.469
117.139 226.469
117.139 226.469
117.398 226.969
117.656 227.469
117.656 227.469
117.656 227.469
117.656 227.469
117.915 227.969
118.173 228.469
118.173 228.469
118.432 228.969
118.432 228.969
118.432 228.969
118.691 229.469
118.949 229.969
119.208 230.469
119.208 230.469
119.467 230.969
119.725 231.469
119.725 231.469
119.725 231.469
119.725 231.469
119.725 231.469
119.984 231.969
120.242 232.469
120.242 232.469
120.501 232.969
120.76 233.469
120.76 233.469
121.018 233.969
121.277 234.469
121.277 234.469
121.535 234.969
121.794 235.469
121.794 235.469
121.794 235.469
122.053 235.969
122.311 236.469
122.57 236.969
122.57 236.969
122.57 236.969
122.829 237.469
123.346 238.469
123.604 238.969
123.853 239.45
123.863 239.469
123.863 239.469
124.122 239.969
124.371 240.45
124.38 240.469
124.38 240.469
124.639 240.969
124.888 241.45
125.156 241.969
125.405 242.45
125.673 242.969
125.932 243.469
125.932 243.469
126.191 243.969
126.449 244.469
126.708 244.969
126.708 244.969
126.967 245.469
127.225 245.969
127.484 246.469
127.484 246.469
127.742 246.969
127.991 247.45
128.001 247.469
128.001 247.469
128.26 247.969
128.509 248.45
128.518 248.469
128.777 248.969
128.777 248.969
129.026 249.45
129.035 249.469
129.294 249.969
129.294 249.969
129.543 250.45
129.811 250.969
129.811 250.969
130.07 251.469
130.329 251.969
130.587 252.469
130.846 252.969
131.363 253.969
131.622 254.469
131.622 254.469
131.88 254.969
131.88 254.969
132.129 255.45
132.139 255.469
132.139 255.469
132.398 255.969
132.656 256.469
132.905 256.95
132.915 256.969
132.915 256.969
133.432 257.969
133.681 258.45
133.949 258.969
133.949 258.969
134.198 259.45
134.208 259.469
134.208 259.469
134.208 259.469
134.466 259.969
134.725 260.469
134.725 260.469
134.974 260.95
134.984 260.969
134.984 260.969
135.501 261.969
135.76 262.469
136.018 262.969
136.267 263.45
136.277 263.469
136.277 263.469
136.277 263.469
136.277 263.469
136.535 263.969
136.794 264.469
137.043 264.95
137.053 264.969
137.053 264.969
137.57 265.969
137.819 266.45
137.829 266.469
137.829 266.469
138.087 266.969
138.336 267.45
138.346 267.469
138.346 267.469
138.604 267.969
138.863 268.469
139.122 268.969
139.371 269.45
139.639 269.969
139.898 270.469
140.156 270.969
140.405 271.45
140.415 271.469
140.415 271.469
140.673 271.969
140.922 272.45
140.932 272.469
140.932 272.469
141.191 272.969
141.44 273.45
141.708 273.969
141.957 274.45
141.966 274.469
142.225 274.969
142.484 275.469
142.742 275.969
143.001 276.469
143.26 276.969
143.518 277.469
143.777 277.969
143.777 277.969
144.035 278.469
144.035 278.469
144.294 278.969
144.543 279.45
144.553 279.469
144.553 279.469
144.553 279.469
144.553 279.469
144.811 279.969
145.06 280.45
145.07 280.469
145.329 280.969
145.329 280.969
145.577 281.45
145.846 281.969
146.095 282.45
146.104 282.469
146.104 282.469
146.363 282.969
146.363 282.969
146.622 283.469
146.88 283.969
147.139 284.469
147.398 284.969
147.656 285.469
147.915 285.969
148.173 286.469
148.432 286.969
148.681 287.45
148.691 287.469
148.691 287.469
148.949 287.969
149.208 288.469
149.457 288.95
149.466 288.969
149.466 288.969
149.466 288.969
149.984 289.969
150.233 290.45
150.242 290.469
150.75 291.45
150.76 291.469
150.76 291.469
150.76 291.469
150.76 291.469
151.018 291.969
151.277 292.469
151.277 292.469
151.526 292.95
151.535 292.969
151.535 292.969
152.053 293.969
152.053 293.969
152.311 294.469
152.57 294.969
152.819 295.45
152.829 295.469
152.829 295.469
152.829 295.469
152.829 295.469
153.087 295.969
153.346 296.469
153.595 296.95
153.604 296.969
153.604 296.969
154.122 297.969
154.371 298.45
154.38 298.469
154.639 298.969
154.888 299.45
154.898 299.469
154.898 299.469
155.156 299.969
155.415 300.469
155.673 300.969
155.673 300.969
155.673 300.969
155.922 301.45
156.191 301.969
156.449 302.469
156.449 302.469
156.708 302.969
156.957 303.45
156.957 303.45
156.957 303.45
156.966 303.469
157.474 304.45
157.474 304.45
157.991 305.45
157.991 305.45
158.509 306.45
158.509 306.45
159.543 308.45
160.06 309.45
160.06 309.45
161.095 311.45
161.095 311.45
161.095 311.45
161.095 311.45
161.612 312.45
161.612 312.45
162.129 313.45
162.129 313.45
162.646 314.45
162.646 314.45
163.681 316.45
164.198 317.45
164.198 317.45
164.208 317.469
164.457 317.95
164.715 318.45
164.725 318.469
165.242 319.469
165.242 319.469
165.242 319.469
165.242 319.469
165.242 319.469
165.242 319.469
165.501 319.969
165.501 319.969
165.76 320.469
165.76 320.469
166.018 320.969
166.018 320.969
166.277 321.469
166.535 321.969
166.794 322.469
166.794 322.469
167.053 322.969
167.053 322.969
167.311 323.469
167.311 323.469
167.311 323.469
167.57 323.969
167.57 323.969
167.829 324.469
168.087 324.969
168.087 324.969
168.346 325.469
168.604 325.969
168.863 326.469
168.863 326.469
168.863 326.469
169.122 326.969
169.38 327.469
169.38 327.469
169.38 327.469
169.38 327.469
169.38 327.469
169.639 327.969
169.898 328.469
170.156 328.969
170.156 328.969
170.673 329.969
170.673 329.969
170.932 330.469
171.191 330.969
171.449 331.469
171.449 331.469
171.449 331.469
171.449 331.469
171.708 331.969
171.966 332.469
172.225 332.969
172.484 333.469
172.742 333.969
173.001 334.469
173.001 334.469
173.26 334.969
173.518 335.469
173.518 335.469
173.518 335.469
173.777 335.969
174.035 336.469
174.294 336.969
174.294 336.969
174.811 337.969
175.07 338.469
175.07 338.469
175.329 338.969
175.329 338.969
175.587 339.469
175.587 339.469
175.587 339.469
175.587 339.469
175.587 339.469
175.846 339.969
176.104 340.469
176.363 340.969
176.363 340.969
176.88 341.969
177.139 342.469
177.139 342.469
177.397 342.969
177.397 342.969
177.656 343.469
177.656 343.469
177.656 343.469
177.656 343.469
177.915 343.969
178.173 344.469
178.173 344.469
178.432 344.969
178.432 344.969
178.691 345.469
178.712 345.51
178.949 345.969
179.057 346.177
179.208 346.469
179.395 346.831
179.466 346.969
179.725 347.469
179.725 347.469
179.984 347.969
179.984 347.969
180.242 348.469
180.501 348.969
180.501 348.969
180.76 349.469
180.76 349.469
181.018 349.969
181.018 349.969
181.018 349.969
181.277 350.469
181.277 350.469
181.794 351.469
181.794 351.469
181.794 351.469
181.794 351.469
181.794 351.469
182.053 351.969
182.053 351.969
182.311 352.469
182.311 352.469
182.57 352.969
182.57 352.969
182.829 353.469
183.087 353.969
183.346 354.469
183.346 354.469
183.604 354.969
183.604 354.969
183.863 355.469
183.863 355.469
183.863 355.469
184.122 355.969
184.122 355.969
184.38 356.469
184.639 356.969
184.639 356.969
184.897 357.469
185.156 357.969
185.156 357.969
185.415 358.469
185.415 358.469
185.415 358.469
185.673 358.969
185.932 359.469
185.932 359.469
185.932 359.469
185.932 359.469
185.932 359.469
186.191 359.969
186.449 360.469
186.708 360.969
186.708 360.969
186.708 360.969
187.225 361.969
187.225 361.969
187.484 362.469
187.484 362.469
187.742 362.969
188.001 363.469
188.001 363.469
188.001 363.469
188.001 363.469
188.26 363.969
188.518 364.469
188.777 364.969
188.777 364.969
189.294 365.969
189.553 366.469
189.553 366.469
189.811 366.969
190.07 367.469
190.07 367.469
190.07 367.469
190.07 367.469
190.07 367.469
190.329 367.969
190.587 368.469
190.846 368.969
190.846 368.969
191.363 369.969
191.622 370.469
191.88 370.969
192.139 371.469
192.139 371.469
192.139 371.469
192.139 371.469
192.139 371.469
192.397 371.969
192.656 372.469
192.915 372.969
192.915 372.969
192.915 372.969
193.432 373.969
193.691 374.469
193.691 374.469
193.949 374.969
194.208 375.469
194.208 375.469
194.208 375.469
194.208 375.469
194.208 375.469
194.466 375.969
194.725 376.469
194.984 376.969
194.984 376.969
195.242 377.469
195.501 377.969
195.76 378.469
195.76 378.469
195.76 378.469
196.018 378.969
196.018 378.969
196.277 379.469
196.277 379.469
196.277 379.469
196.535 379.969
196.794 380.469
197.053 380.969
197.053 380.969
197.053 380.969
197.829 382.469
197.829 382.469
198.087 382.969
198.087 382.969
198.346 383.469
198.346 383.469
198.346 383.469
198.346 383.469
198.346 383.469
198.604 383.969
198.863 384.469
198.863 384.469
199.122 384.969
199.122 384.969
199.122 384.969
199.639 385.969
199.897 386.469
199.897 386.469
200.156 386.969
200.415 387.469
200.415 387.469
200.415 387.469
200.415 387.469
200.673 387.969
200.932 388.469
200.932 388.469
201.191 388.969
201.191 388.969
201.191 388.969
201.191 388.969
201.449 389.469
201.708 389.969
201.708 389.969
201.708 389.969
201.966 390.469
201.966 390.469
202.484 391.469
202.484 391.469
202.484 391.469
202.742 391.969
203.001 392.469
203.26 392.969
203.26 392.969
203.26 392.969
203.777 393.969
204.035 394.469
204.035 394.469
204.294 394.969
204.294 394.969
204.553 395.469
204.553 395.469
204.811 395.969
205.07 396.469
205.07 396.469
205.329 396.969
205.329 396.969
205.329 396.969
205.329 396.969
205.587 397.469
205.846 397.969
205.846 397.969
205.846 397.969
206.104 398.469
206.363 398.969
206.622 399.469
206.622 399.469
206.622 399.469
206.622 399.469
206.622 399.469
206.622 399.469
206.88 399.969
207.139 400.469
207.397 400.969
207.397 400.969
207.397 400.969
207.915 401.969
207.915 401.969
208.173 402.469
208.173 402.469
208.173 402.469
208.432 402.969
208.432 402.969
208.691 403.469
208.691 403.469
208.691 403.469
208.949 403.969
209.208 404.469
209.466 404.969
209.725 405.469
209.725 405.469
209.984 405.969
209.984 405.969
210.242 406.469
210.76 407.469
210.76 407.469
210.76 407.469
210.76 407.469
210.76 407.469
211.018 407.969
211.277 408.469
211.535 408.969
211.535 408.969
211.535 408.969
212.053 409.969
212.053 409.969
212.053 409.969
212.053 409.969
212.57 410.969
212.829 411.469
212.829 411.469
212.829 411.469
212.829 411.469
212.829 411.469
212.829 411.469
213.346 412.469
213.346 412.469
213.346 412.469
213.346 412.469
213.863 413.469
213.863 413.469
213.863 413.469
213.863 413.469
213.863 413.469
213.863 413.469
214.122 413.969
214.38 414.469
214.38 414.469
214.639 414.969
214.897 415.469
214.897 415.469
214.897 415.469
214.897 415.469
214.897 415.469
214.897 415.469
215.156 415.969
215.156 415.969
215.415 416.469
215.415 416.469
215.673 416.969
215.673 416.969
215.932 417.469
216.191 417.969
216.449 418.469
216.449 418.469
216.708 418.969
216.708 418.969
216.966 419.469
216.966 419.469
216.966 419.469
217.225 419.969
217.225 419.969
217.484 420.469
217.742 420.969
217.742 420.969
218.001 421.469
218.26 421.969
218.518 422.469
218.518 422.469
218.518 422.469
218.777 422.969
219.035 423.469
219.035 423.469
219.035 423.469
219.035 423.469
219.035 423.469
219.294 423.969
219.553 424.469
219.811 424.969
219.811 424.969
220.329 425.969
220.329 425.969
220.587 426.469
220.846 426.969
221.104 427.469
221.104 427.469
221.104 427.469
221.104 427.469
221.363 427.969
221.622 428.469
221.88 428.969
222.139 429.469
222.397 429.969
222.656 430.469
222.656 430.469
222.915 430.969
223.173 431.469
223.173 431.469
223.173 431.469
223.432 431.969
223.691 432.469
223.949 432.969
223.949 432.969
224.466 433.969
224.725 434.469
224.725 434.469
224.984 434.969
224.984 434.969
225.242 435.469
225.242 435.469
225.242 435.469
225.242 435.469
225.242 435.469
225.501 435.969
225.76 436.469
226.018 436.969
226.018 436.969
226.535 437.969
226.794 438.469
226.794 438.469
227.053 438.969
227.053 438.969
227.311 439.469
227.311 439.469
227.311 439.469
227.311 439.469
227.57 439.969
227.828 440.469
227.828 440.469
228.087 440.969
228.087 440.969
228.346 441.469
228.367 441.51
228.604 441.969
228.712 442.177
228.863 442.469
229.05 442.831
229.122 442.969
229.38 443.469
229.38 443.469
229.639 443.969
229.639 443.969
229.897 444.469
230.156 444.969
230.156 444.969
230.415 445.469
230.415 445.469
230.673 445.969
230.673 445.969
230.673 445.969
230.932 446.469
230.932 446.469
231.449 447.469
231.449 447.469
231.449 447.469
231.449 447.469
231.449 447.469
231.708 447.969
231.708 447.969
231.966 448.469
231.966 448.469
232.225 448.969
232.225 448.969
232.484 449.469
232.742 449.969
233.001 450.469
233.001 450.469
233.26 450.969
233.26 450.969
233.518 451.469
233.518 451.469
233.518 451.469
233.777 451.969
233.777 451.969
234.035 452.469
234.294 452.969
234.294 452.969
234.553 453.469
234.811 453.969
234.811 453.969
235.07 454.469
235.07 454.469
235.07 454.469
235.328 454.969
235.587 455.469
235.587 455.469
235.587 455.469
235.587 455.469
235.587 455.469
235.846 455.969
236.104 456.469
236.363 456.969
236.363 456.969
236.363 456.969
236.88 457.969
236.88 457.969
237.139 458.469
237.139 458.469
237.397 458.969
237.656 459.469
237.656 459.469
237.656 459.469
237.656 459.469
237.915 459.969
238.173 460.469
238.432 460.969
238.432 460.969
238.949 461.969
239.208 462.469
239.208 462.469
239.466 462.969
239.725 463.469
239.725 463.469
239.725 463.469
239.725 463.469
239.725 463.469
239.984 463.969
240.242 464.469
240.501 464.969
240.501 464.969
241.018 465.969
241.277 466.469
241.535 466.969
241.794 467.469
241.794 467.469
241.794 467.469
241.794 467.469
241.794 467.469
242.053 467.969
242.311 468.469
242.57 468.969
242.57 468.969
242.57 468.969
243.087 469.969
243.346 470.469
243.346 470.469
243.604 470.969
243.863 471.469
243.863 471.469
243.863 471.469
243.863 471.469
243.863 471.469
244.122 471.969
244.38 472.469
244.639 472.969
244.639 472.969
244.897 473.469
245.156 473.969
245.415 474.469
245.415 474.469
245.415 474.469
245.673 474.969
245.673 474.969
245.932 475.469
245.932 475.469
245.932 475.469
246.191 475.969
246.449 476.469
246.708 476.969
246.708 476.969
246.708 476.969
247.484 478.469
247.484 478.469
247.742 478.969
247.742 478.969
248.001 479.469
248.001 479.469
248.518 480.469
248.518 480.469
248.518 480.469
249.035 481.469
249.035 481.469
249.553 482.469
249.553 482.469
250.07 483.469
250.07 483.469
250.07 483.469
252.139 487.469
252.139 487.469
252.656 488.469
252.656 488.469
253.173 489.469
253.173 489.469
253.691 490.469
253.691 490.469
254.208 491.469
254.208 491.469
254.208 491.469
256.277 495.469
256.277 495.469
256.794 496.469
256.794 496.469
257.311 497.469
257.311 497.469
257.828 498.469
257.828 498.469
258.346 499.469
258.346 499.469
258.346 499.469
260.415 503.469
260.415 503.469
260.932 504.469
260.932 504.469
261.449 505.469
261.449 505.469
261.966 506.469
261.966 506.469
262.484 507.469
262.484 507.469
262.484 507.469
264.553 511.469
264.553 511.469
264.553 511.469
264.553 511.469
264.553 511.469
264.553 511.469
265.07 512.469
265.07 512.469
265.07 512.469
265.587 513.469
265.587 513.469
266.104 514.469
266.104 514.469
266.622 515.469
267.139 516.469
267.656 517.469
268.691 519.469
268.691 519.469
268.691 519.469
268.691 519.469
269.208 520.469
269.208 520.469
269.725 521.469
269.725 521.469
270.242 522.469
270.242 522.469
270.759 523.469
270.759 523.469
271.277 524.469
271.794 525.469
272.764 527.344
272.795 527.404
272.89 527.587
273.019 527.837
