10.3636 19
10.3636 19
10.6364 19.5
10.6364 19.5
10.9091 20
10.9091 20
11.1818 20.5
11.1818 20.5
11.4545 21
11.7273 21.5
11.7273 21.5
12 22
12.2727 22.5
12.2727 22.5
12.5454 23
12.8182 23.5
13.0909 24
13.3636 24.5
13.9091 25.5
14.7273 27
14.7273 27
15 27.5
15 27.5
15.2727 28
15.2727 28
15.5454 28.5
15.5454 28.5
15.8182 29
16.0909 29.5
16.0909 29.5
16.3636 30
16.6363 30.5
16.6363 30.5
16.9091 31
17.1818 31.5
17.1818 31.5
17.4545 32
17.4545 32
18 33
19.0909 35
19.0909 35
19.3636 35.5
19.3636 35.5
19.6363 36
19.6363 36
19.9091 36.5
19.9091 36.5
20.1818 37
20.4545 37.5
20.4545 37.5
20.7273 38
21 38.5
21 38.5
21.2727 39
21.5284 39.4688
21.8182 40
22.0909 40.5
22.0909 40.5
22.6363 41.5
22.9091 42
23.4454 42.9833
23.4545 43
23.7272 43.5
24 44
24 44
24.2727 44.5
24.2977 44.5458
24.5454 45
24.8182 45.5
24.8182 45.5
25.3636 46.5
25.6363 47
25.9091 47.5
26.1818 48
26.4545 48.5
27 49.5
27.5454 50.5
27.8182 51
27.8182 51
28.0909 51.5
28.3636 52
28.3636 52
28.6363 52.5
28.6363 52.5
28.6363 52.5
28.9091 53
29.1818 53.5
29.4545 54
29.4545 54
29.4545 54
29.7272 54.5
29.7272 54.5
30 55
30.2727 55.5
30.5454 56
30.8182 56.5
31.6363 58
31.6363 58
31.9091 58.5
32.1818 59
32.1818 59
32.4545 59.5
32.7272 60
33 60.5
33 60.5
33.5454 61.5
33.8181 62
34.0909 62.5
34.0909 62.5
34.0909 62.5
34.3636 63
34.3636 63
34.6363 63.5
34.9091 64
35.1818 64.5
35.1818 64.5
35.7443 65.5312
36 66
36.5454 67
36.5454 67
36.8181 67.5
37.0909 68
37.0909 68
37.3488 68.4729
37.3636 68.5
37.6363 69
37.9091 69.5
38.1818 70
38.1818 70
38.1818 70
38.4545 70.5
38.4545 70.5
38.7272 71
39 71.5
39.2727 72
39.5454 72.5
40.0909 73.5
40.0909 73.5
40.3636 74
40.6363 74.5
40.6363 74.5
40.9091 75
40.9091 75
41.1818 75.5
41.4545 76
41.7272 76.5
41.7272 76.5
41.7272 76.5
42 77
42.2727 77.5
42.5454 78
42.5454 78
42.8181 78.5
42.8181 78.5
43.0909 79
43.3636 79.5
43.6363 80
43.909 80.5
43.909 80.5
45.2727 83
45.2727 83
45.5454 83.5
45.8181 84
45.8181 84
46.0909 84.5
46.0909 84.5
46.0909 84.5
46.3636 85
46.3636 85
46.6363 85.5
46.6363 85.5
46.909 86
46.909 86
46.909 86
47.1818 86.5
47.4545 87
47.7272 87.5
48 88
48 88
48.2727 88.5
48.5454 89
48.8181 89.5
49.0909 90
49.0909 90
49.3636 90.5
49.3636 90.5
49.3636 90.5
49.5 90.75
49.6363 91
49.6363 91
49.6363 91
49.909 91.5
49.909 91.5
50.1818 92
50.1818 92
50.1818 92
50.4545 92.5
50.4545 92.5
50.4545 92.5
50.7272 93
50.9999 93.5
51.2727 94
51.2727 94
51.5454 94.5
51.5454 94.5
51.8181 95
52.0909 95.5
52.0909 95.5
52.3636 96
52.6363 96.5
52.6363 96.5
52.6363 96.5
53.4545 98
53.4545 98
53.9999 99
53.9999 99
54.2727 99.5
54.5454 100
54.8181 100.5
54.8181 100.5
55.0909 101
55.3636 101.5
55.6363 102
55.6363 102
55.909 102.5
55.909 102.5
56.1818 103
56.4545 103.5
56.7272 104
56.9999 104.5
56.9999 104.5
56.9999 104.5
57.1363 104.75
57.2727 105
57.5454 105.5
57.8181 106
57.8181 106
57.8181 106
58.0909 106.5
58.3636 107
58.3636 107
58.6363 107.5
58.909 108
58.909 108
58.909 108
59.1818 108.5
59.4545 109
59.4545 109
59.4545 109
59.7272 109.5
59.9999 110
59.9999 110
60.2727 110.5
60.2727 110.5
60.2727 110.5
60.5454 111
60.8181 111.5
61.0908 112
61.3636 112.5
61.909 113.5
62.4545 114.5
62.7272 115
63.8181 117
64.0908 117.5
64.3636 118
64.6363 118.5
64.909 119
64.909 119
65.1818 119.5
65.4545 120
65.4545 120
65.7272 120.5
65.7272 120.5
65.9999 121
66.2727 121.5
66.5454 122
66.5658 122.037
66.8181 122.5
66.8181 122.5
67.0908 123
67.3636 123.5
67.6363 124
67.6363 124
67.6363 124
67.909 124.5
67.909 124.5
67.909 124.5
68.1817 125
68.1817 125
68.1817 125
68.4545 125.5
68.7272 126
68.7272 126
68.7272 126
68.7272 126
68.7272 126
68.9999 126.5
69.2727 127
69.2727 127
69.2727 127
69.2727 127
69.5454 127.5
69.8181 128
69.8181 128
70.0908 128.5
70.0908 128.5
70.0908 128.5
70.3636 129
70.3636 129
70.3636 129
70.6363 129.5
70.909 130
70.909 130
71.1817 130.5
71.1817 130.5
71.1817 130.5
71.4545 131
71.4545 131
71.4545 131
71.7272 131.5
71.9999 132
71.9999 132
71.9999 132
72.2727 132.5
72.2727 132.5
72.5454 133
72.5454 133
72.5454 133
72.8181 133.5
72.8181 133.5
73.0908 134
73.0908 134
73.0908 134
73.0908 134
73.0908 134
73.3636 134.5
73.6363 135
73.6363 135
73.6363 135
73.6363 135
73.909 135.5
74.1817 136
74.1817 136
74.4545 136.5
74.7272 137
74.7272 137
74.7272 137
74.9999 137.5
75.2727 138
75.2727 138
75.5272 138.467
75.5454 138.5
75.5454 138.5
75.8181 139
76.0908 139.5
76.3636 140
76.3636 140
76.3636 140
76.6363 140.5
76.6363 140.5
76.6363 140.5
76.909 141
76.909 141
76.909 141
77.167 141.473
77.1817 141.5
77.4545 142
77.4545 142
77.4545 142
77.4545 142
77.4545 142
77.7272 142.5
77.9999 143
77.9999 143
77.9999 143
77.9999 143
78.2726 143.5
78.5454 144
79.0908 145
79.0908 145
79.0908 145
79.0908 145
79.3636 145.5
79.6363 146
79.6363 146
79.909 146.5
80.1817 147
80.4545 147.5
80.7272 148
80.7272 148
80.7272 148
80.9999 148.5
80.9999 148.5
81.2726 149
81.2726 149
81.8181 150
81.8181 150
82.3636 151
82.3636 151
82.3636 151
84.5454 155
84.5454 155
84.5454 155
84.6817 155.25
84.6817 155.25
85.0908 156
85.3636 156.5
85.3636 156.5
85.3636 156.5
85.909 157.5
86.1817 158
86.4545 158.5
86.7272 159
86.7272 159
86.9999 159.5
87.2726 160
87.5454 160.5
87.8181 161
87.8181 161
88.0908 161.5
88.6363 162.5
88.909 163
88.909 163
88.909 163
88.909 163
88.909 163
89.4545 164
89.7272 164.5
89.9999 165
89.9999 165
90.2726 165.5
90.5454 166
90.8181 166.5
91.0908 167
91.0908 167
91.3635 167.5
91.6363 168
91.909 168.5
92.1817 169
92.1817 169
93.2726 171
93.2726 171
93.2726 171
93.2726 171
93.5454 171.5
93.8181 172
94.0908 172.5
94.3635 173
94.3635 173
94.6363 173.5
94.909 174
95.1817 174.5
95.4544 175
95.4544 175
95.4544 175
95.7272 175.5
95.9999 176
95.9999 176
96.2726 176.5
96.5454 177
96.5454 177
96.5454 177
96.8181 177.5
97.0908 178
97.6363 179
97.6363 179
97.6363 179
97.6363 179
98.1817 180
98.4204 180.438
98.4544 180.5
98.4544 180.5
98.9999 181.5
98.9999 181.5
98.9999 181.5
99.2726 182
99.5454 182.5
99.5454 182.5
99.5454 182.5
99.8181 183
99.8181 183
102 187
102 187
102 187
102.273 187.5
102.545 188
102.545 188
102.818 188.5
102.818 188.5
102.818 188.5
103.091 189
103.091 189
103.091 189
103.091 189
103.364 189.5
103.364 189.5
103.636 190
103.636 190
103.636 190
103.909 190.5
104.182 191
104.182 191
104.454 191.5
104.727 192
104.727 192
105 192.5
105.273 193
105.273 193
105.545 193.5
105.545 193.5
105.818 194
105.818 194
106.091 194.5
106.091 194.5
106.091 194.5
106.227 194.75
106.364 195
106.364 195
106.364 195
106.364 195
106.636 195.5
106.636 195.5
106.909 196
106.909 196
106.909 196
107.182 196.5
107.182 196.5
107.182 196.5
107.454 197
107.454 197
107.727 197.5
108 198
108 198
108.273 198.5
108.273 198.5
108.545 199
108.545 199
108.818 199.5
108.818 199.5
109.091 200
109.364 200.5
109.364 200.5
109.364 200.5
110.182 202
110.182 202
110.727 203
110.727 203
110.727 203
111 203.5
111.273 204
111.545 204.5
111.545 204.5
111.818 205
111.818 205
112.091 205.5
112.364 206
112.364 206
112.636 206.5
112.636 206.5
112.909 207
112.909 207
113.182 207.5
113.454 208
113.727 208.5
113.727 208.5
113.727 208.5
113.864 208.75
114 209
114.273 209.5
114.545 210
114.545 210
114.545 210
114.818 210.5
115.091 211
115.091 211
115.091 211
115.364 211.5
115.636 212
115.636 212
115.636 212
115.909 212.5
116.182 213
116.182 213
116.182 213
116.182 213
116.454 213.5
116.727 214
116.727 214
117 214.5
117 214.5
117 214.5
117.273 215
117.273 215
117.545 215.5
117.818 216
118.091 216.5
118.364 217
118.636 217.5
118.636 217.5
118.909 218
119.182 218.5
119.187 218.51
119.454 219
119.454 219
119.454 219
119.727 219.5
120 220
120 220
120.273 220.5
120.273 220.5
120.545 221
120.545 221
120.818 221.5
121.091 222
121.091 222
121.364 222.5
121.364 222.5
121.636 223
121.636 223
121.909 223.5
122.182 224
122.182 224
122.182 224
122.454 224.5
122.454 224.5
122.454 224.5
122.727 225
122.727 225
122.727 225
123 225.5
123.273 226
123.273 226
123.273 226
123.273 226
123.273 226
123.545 226.5
123.818 227
123.818 227
123.818 227
123.818 227
123.818 227
124.091 227.5
124.364 228
124.364 228
124.636 228.5
124.636 228.5
124.636 228.5
124.909 229
124.909 229
124.909 229
124.909 229
125.182 229.5
125.454 230
125.454 230
125.727 230.5
125.727 230.5
125.727 230.5
126 231
126 231
126 231
126 231
126.273 231.5
126.545 232
126.545 232
126.545 232
126.818 232.5
126.818 232.5
127.091 233
127.091 233
127.091 233
127.364 233.5
127.364 233.5
127.636 234
127.636 234
127.636 234
127.636 234
127.636 234
127.909 234.5
128.182 235
128.182 235
128.182 235
128.182 235
128.182 235
128.454 235.5
128.727 236
128.727 236
129 236.5
129.273 237
129.273 237
129.273 237
129.273 237
129.545 237.5
129.818 238
129.818 238
130.091 238.5
130.091 238.5
130.096 238.51
130.364 239
130.364 239
130.636 239.5
130.909 240
130.909 240
130.909 240
131.182 240.5
131.182 240.5
131.182 240.5
131.454 241
131.454 241
131.454 241
131.727 241.5
131.742 241.527
132 242
132 242
132 242
132 242
132 242
132.273 242.5
132.545 243
132.545 243
132.545 243
132.545 243
132.545 243
132.818 243.5
133.091 244
133.636 245
133.636 245
133.636 245
133.636 245
133.636 245
133.909 245.5
134.182 246
134.182 246
134.454 246.5
134.727 247
134.727 247
135 247.5
135.273 248
135.273 248
135.273 248
135.545 248.5
135.545 248.5
135.818 249
135.818 249
135.818 249
136.091 249.5
136.363 250
136.363 250
136.363 250
136.636 250.5
136.909 251
136.909 251
136.909 251
137.182 251.5
137.454 252
137.454 252
137.727 252.5
137.727 252.5
138 253
138 253
138.273 253.5
138.545 254
138.545 254
138.818 254.5
138.818 254.5
139.091 255
139.091 255
139.363 255.5
139.636 256
139.636 256
139.636 256
139.909 256.5
139.909 256.5
139.909 256.5
140.182 257
140.182 257
140.182 257
140.454 257.5
140.727 258
140.727 258
140.727 258
140.727 258
140.727 258
141 258.5
141.273 259
141.273 259
141.273 259
141.273 259
141.273 259
141.545 259.5
141.818 260
141.818 260
142.091 260.5
142.091 260.5
142.091 260.5
142.363 261
142.363 261
142.363 261
142.363 261
142.636 261.5
142.909 262
142.909 262
143.182 262.5
143.182 262.5
143.182 262.5
143.454 263
143.454 263
143.454 263
143.454 263
143.727 263.5
144 264
144 264
144 264
144.273 264.5
144.273 264.5
144.545 265
144.545 265
144.545 265
144.818 265.5
144.818 265.5
145.091 266
145.091 266
145.091 266
145.091 266
145.091 266
145.363 266.5
145.636 267
145.636 267
145.636 267
145.636 267
145.636 267
145.909 267.5
146.182 268
146.182 268
146.454 268.5
146.727 269
146.727 269
146.727 269
146.727 269
147 269.5
147.273 270
147.273 270
147.545 270.5
147.545 270.5
147.545 270.5
147.818 271
147.818 271
148.091 271.5
148.363 272
148.363 272
148.363 272
148.625 272.479
148.636 272.5
148.636 272.5
148.909 273
148.909 273
148.909 273
149.167 273.473
149.182 273.5
149.454 274
149.454 274
149.454 274
149.454 274
149.454 274
149.727 274.5
150 275
150 275
150 275
150 275
150 275
150.273 275.5
150.545 276
150.545 276
150.818 276.5
151.091 277
151.091 277
151.091 277
151.091 277
151.363 277.5
151.636 278
151.636 278
151.909 278.5
152.182 279
152.182 279
152.454 279.5
152.727 280
152.727 280
152.727 280
153 280.5
153 280.5
153.273 281
153.273 281
153.818 282
153.818 282
154.363 283
154.363 283
154.363 283
154.363 283
156.545 287
156.545 287
156.545 287
156.818 287.5
157.091 288
157.091 288
157.091 288
157.363 288.5
157.636 289
157.636 289
157.636 289
157.909 289.5
158.182 290
158.182 290
158.182 290
158.454 290.5
158.727 291
158.727 291
158.727 291
159 291.5
159.136 291.75
159.273 292
159.273 292
159.545 292.5
159.818 293
159.818 293
160.636 294.5
160.909 295
160.909 295
161.454 296
161.454 296
161.727 296.5
162 297
162 297
162.273 297.5
162.545 298
162.545 298
162.818 298.5
163.091 299
163.091 299
163.363 299.5
163.636 300
163.909 300.5
164.182 301
165 302.5
165 302.5
165.273 303
165.273 303
165.273 303
165.545 303.5
165.545 303.5
165.818 304
165.818 304
166.363 305
166.363 305
166.363 305
166.636 305.5
166.636 305.5
166.909 306
166.909 306
167.454 307
167.454 307
167.454 307
167.727 307.5
167.727 307.5
168 308
168 308
168.545 309
168.818 309.5
169.091 310
169.636 311
169.909 311.5
170.182 312
170.182 312
170.454 312.5
170.727 313
170.727 313
171.029 313.554
171.273 314
171.273 314
171.542 314.494
171.818 315
171.818 315
172.909 317
173.182 317.5
173.454 318
173.71 318.469
174 319
174 319
174.273 319.5
174.545 320
174.818 320.5
175.091 321
175.091 321
175.363 321.5
175.636 322
175.906 322.494
176.182 323
176.182 323
177 324.5
177 324.5
177.273 325
177.273 325
177.528 325.469
177.545 325.5
177.818 326
177.818 326
178.091 326.5
178.108 326.531
178.363 327
178.363 327
179.454 329
179.727 329.5
180 330
180.273 330.5
180.545 331
180.545 331
180.545 331
180.545 331
180.545 331
180.818 331.5
181.091 332
181.091 332
181.363 332.5
181.363 332.5
181.636 333
181.636 333
181.636 333
181.636 333
181.909 333.5
182.182 334
182.182 334
182.454 334.5
182.454 334.5
182.727 335
182.727 335
182.727 335
182.727 335
183 335.5
183.273 336
183.545 336.5
183.545 336.5
183.545 336.5
183.818 337
184.091 337.5
184.363 338
184.363 338
184.363 338
184.363 338
184.363 338
184.636 338.5
184.909 339
184.909 339
184.909 339
184.909 339
184.909 339
184.909 339
184.909 339
185.182 339.5
185.454 340
185.454 340
185.727 340.5
185.727 340.5
185.727 340.5
186 341
186 341
186 341
186 341
186 341
186 341
186.273 341.5
186.545 342
186.545 342
186.818 342.5
186.818 342.5
186.818 342.5
187.091 343
187.091 343
187.091 343
187.091 343
187.091 343
187.091 343
187.363 343.5
187.636 344
187.909 344.5
187.909 344.5
188.182 345
188.454 345.5
188.454 345.5
188.727 346
188.727 346
188.727 346
189 346.5
189.273 347
189.273 347
189.273 347
189.273 347
189.273 347
189.273 347
189.273 347
189.545 347.5
189.818 348
189.818 348
190.091 348.5
190.363 349
190.363 349
190.363 349
190.363 349
190.363 349
190.363 349
190.636 349.5
190.909 350
190.909 350
191.178 350.494
191.182 350.5
191.182 350.5
191.454 351
191.454 351
191.454 351
191.454 351
191.727 351.5
192 352
192.273 352.5
192.273 352.5
192.273 352.5
192.545 353
192.818 353.5
192.833 353.527
193.091 354
193.091 354
193.091 354
193.091 354
193.091 354
193.363 354.5
193.636 355
193.636 355
193.636 355
193.636 355
193.636 355
193.636 355
193.636 355
193.909 355.5
194.182 356
194.727 357
194.727 357
194.727 357
194.727 357
194.727 357
194.727 357
194.727 357
195 357.5
195.273 358
195.273 358
195.545 358.5
195.818 359
195.818 359
195.818 359
195.818 359
196.091 359.5
196.363 360
196.636 360.5
196.636 360.5
196.909 361
197.182 361.5
197.454 362
197.727 362.5
198 363
198 363
198 363
198 363
198 363
198.273 363.5
198.545 364
198.545 364
198.818 364.5
198.818 364.5
199.091 365
199.091 365
199.091 365
199.091 365
199.363 365.5
199.636 366
199.636 366
199.909 366.5
199.909 366.5
200.182 367
200.182 367
200.182 367
200.182 367
200.454 367.5
200.727 368
201 368.5
201 368.5
201 368.5
201.273 369
201.545 369.5
201.546 369.502
201.546 369.502
201.818 370
201.818 370
201.818 370
202.091 370.5
202.092 370.502
202.092 370.502
202.363 371
202.363 371
202.363 371
202.363 371
202.363 371
202.363 371
202.363 371
202.636 371.5
202.909 372
202.909 372
203.182 372.5
203.182 372.5
203.182 372.5
203.454 373
203.454 373
203.454 373
203.454 373
203.454 373
203.454 373
203.727 373.5
204 374
204 374
204.273 374.5
204.273 374.5
204.273 374.5
204.545 375
204.545 375
204.545 375
204.545 375
204.545 375
204.545 375
204.818 375.5
205.091 376
205.091 376
205.091 376
205.363 376.5
205.363 376.5
205.636 377
205.909 377.5
205.909 377.5
206.182 378
206.182 378
206.182 378
206.454 378.5
206.727 379
206.727 379
206.727 379
206.727 379
206.727 379
207 379.5
207.273 380
207.273 380
207.545 380.5
207.818 381
207.818 381
207.818 381
207.818 381
208.091 381.5
208.363 382
208.363 382
208.636 382.5
208.636 382.5
208.636 382.5
208.909 383
208.909 383
209.182 383.5
209.454 384
209.454 384
209.454 384
209.727 384.5
209.727 384.5
209.727 384.5
210 385
210.273 385.5
210.287 385.527
210.545 386
210.545 386
210.545 386
210.818 386.5
211.091 387
211.091 387
211.091 387
211.091 387
211.091 387
211.363 387.5
211.636 388
211.636 388
211.636 388
211.636 388
211.909 388.5
212.182 389
212.182 389
212.182 389
212.182 389
212.454 389.5
212.727 390
212.727 390
212.727 390
212.727 390
213 390.5
213.273 391
213.273 391
213.545 391.5
213.818 392
213.818 392
213.818 392
214.091 392.5
214.091 392.5
214.909 394
214.909 394
215.454 395
215.454 395
215.454 395
215.454 395
217.61 398.952
217.636 399
217.909 399.5
218.182 400
218.445 400.483
218.454 400.5
218.727 401
219 401.5
219.273 402
219.512 402.44
219.545 402.5
219.799 402.965
219.818 403
220.091 403.5
220.363 404
220.63 404.49
220.636 404.5
220.636 404.5
221.182 405.5
221.454 406
221.454 406
221.975 406.954
222 407
222 407
222 407
222.136 407.25
222.273 407.5
222.545 408
222.775 408.421
222.818 408.5
222.818 408.5
223.091 409
223.091 409
223.091 409
223.363 409.5
223.367 409.506
223.636 410
223.883 410.452
223.909 410.5
223.909 410.5
224.182 411
224.182 411
224.182 411
224.454 411.5
224.727 412
225 412.5
225 412.5
225 412.5
225.545 413.5
225.818 414
226.091 414.5
226.363 415
226.363 415
226.636 415.5
226.909 416
226.909 416
227.182 416.5
227.182 416.5
227.454 417
227.454 417
227.454 417
227.454 417
227.727 417.5
228 418
228 418
228.272 418.5
228.272 418.5
228.545 419
228.545 419
228.545 419
228.813 419.492
228.818 419.5
229.091 420
229.32 420.421
229.363 420.5
229.363 420.5
229.909 421.5
230.149 421.94
230.182 422
230.182 422
230.395 422.392
230.688 422.929
230.727 423
230.727 423
230.727 423
231 423.5
231.234 423.929
231.272 424
231.503 424.423
231.545 424.5
231.545 424.5
231.545 424.5
231.818 425
231.818 425
231.818 425
232.091 425.5
232.091 425.5
232.363 426
232.636 426.5
232.636 426.5
232.636 426.5
232.909 427
232.909 427
232.909 427
233.182 427.5
233.454 428
233.454 428
233.454 428
233.454 428
233.727 428.5
233.727 428.5
233.727 428.5
234.272 429.5
234.272 429.5
234.545 430
234.818 430.5
235.091 431
235.091 431
235.363 431.5
235.636 432
235.636 432
235.909 432.5
235.909 432.5
236.182 433
236.182 433
236.454 433.5
236.726 433.998
236.727 434
237 434.5
237.272 435
237.272 435
237.272 435
237.272 435
237.818 436
239.454 439
239.454 439
