0.523077 0.566667
0.523077 0.566667
0.523077 0.566667
0.523077 0.566667
0.523077 0.566667
0.984615 1.06667
1.44615 1.56667
1.90769 2.06667
2.36923 2.56667
2.36923 2.56667
2.36923 2.56667
2.36923 2.56667
2.36923 2.56667
2.36923 2.56667
2.83077 3.06667
3.29231 3.56667
3.75385 4.06667
4.21538 4.56667
4.21538 4.56667
4.21538 4.56667
4.21538 4.56667
4.21538 4.56667
4.21538 4.56667
4.67692 5.06667
5.13846 5.56667
5.6 6.06667
6.06154 6.56667
6.06154 6.56667
6.06154 6.56667
6.06154 6.56667
6.06154 6.56667
6.52308 7.06667
6.98462 7.56667
7.44615 8.06667
7.44615 8.06667
7.44615 8.06667
7.67692 8.31667
7.67692 8.31667
7.67692 8.31667
7.90769 8.56667
7.90769 8.56667
7.90769 8.56667
7.90769 8.56667
7.90769 8.56667
7.90769 8.56667
8.83077 9.56667
8.83077 9.56667
8.83077 9.56667
9.29231 10.0667
9.52308 10.3167
9.75385 10.5667
9.75385 10.5667
9.75385 10.5667
9.75385 10.5667
9.75385 10.5667
9.75385 10.5667
10.2154 11.0667
10.6769 11.5667
10.6769 11.5667
10.6769 11.5667
11.1385 12.0667
11.6 12.5667
11.6 12.5667
11.6 12.5667
11.6 12.5667
11.6 12.5667
11.6 12.5667
12.0615 13.0667
12.5231 13.5667
12.5231 13.5667
12.5231 13.5667
12.5231 13.5667
12.9846 14.0667
13.4462 14.5667
13.4462 14.5667
13.9077 15.0667
14.3692 15.5667
14.8308 16.0667
15.2923 16.5667
15.7538 17.0667
16.2154 17.5667
16.2154 17.5667
16.2154 17.5667
16.6769 18.0667
16.6769 18.0667
16.6769 18.0667
17.1385 18.5667
17.1385 18.5667
17.1385 18.5667
17.1385 18.5667
17.1385 18.5667
17.1385 18.5667
17.1385 18.5667
22.6769 24.5667
22.6769 24.5667
22.6769 24.5667
22.6769 24.5667
22.6769 24.5667
22.9077 24.8167
23.1385 25.0667
23.1385 25.0667
23.3692 25.3167
23.6 25.5667
23.6 25.5667
23.6 25.5667
23.6 25.5667
23.8308 25.8167
24.0615 26.0667
24.0615 26.0667
24.2923 26.3167
24.5231 26.5667
24.5231 26.5667
24.5231 26.5667
24.5231 26.5667
24.7538 26.8167
24.9846 27.0667
24.9846 27.0667
24.9846 27.0667
25.2154 27.3167
25.4462 27.5667
25.4462 27.5667
25.4462 27.5667
25.4462 27.5667
25.9077 28.0667
26.3692 28.5667
26.3692 28.5667
26.3692 28.5667
26.3692 28.5667
26.6 28.8167
26.8308 29.0667
26.8308 29.0667
27.0615 29.3167
27.2923 29.5667
27.2923 29.5667
27.2923 29.5667
27.2923 29.5667
27.5231 29.8167
27.7538 30.0667
27.7538 30.0667
27.9846 30.3167
27.9846 30.3167
28.2154 30.5667
28.2154 30.5667
28.2154 30.5667
28.2154 30.5667
28.6769 31.0667
29.1385 31.5667
29.1385 31.5667
29.6 32.0667
29.6 32.0667
29.8308 32.3167
30.0615 32.5667
30.0615 32.5667
30.0615 32.5667
30.0615 32.5667
30.0615 32.5667
30.5231 33.0667
30.9846 33.5667
30.9846 33.5667
30.9846 33.5667
31.4462 34.0667
31.4462 34.0667
31.6769 34.3167
31.9077 34.5667
31.9077 34.5667
31.9077 34.5667
31.9077 34.5667
31.9077 34.5667
32.3692 35.0667
32.3692 35.0667
32.8308 35.5667
32.8308 35.5667
32.8308 35.5667
33.2923 36.0667
33.5231 36.3167
33.7538 36.5667
33.7538 36.5667
33.7538 36.5667
33.7538 36.5667
33.7538 36.5667
34.2154 37.0667
34.2154 37.0667
34.6769 37.5667
34.6769 37.5667
34.6769 37.5667
34.6769 37.5667
34.9077 37.8167
35.1385 38.0667
35.6 38.5667
35.6 38.5667
35.6 38.5667
35.6 38.5667
35.6 38.5667
36.0615 39.0667
36.5231 39.5667
36.5231 39.5667
36.5231 39.5667
36.7538 39.8167
36.7538 39.8167
36.7538 39.8167
36.9846 40.0667
36.9846 40.0667
36.9846 40.0667
37.4462 40.5667
37.4462 40.5667
37.4462 40.5667
37.4462 40.5667
37.4462 40.5667
37.6769 40.8167
37.9077 41.0667
37.9077 41.0667
38.1385 41.3167
38.3692 41.5667
38.3692 41.5667
38.3692 41.5667
38.6 41.8167
38.8308 42.0667
38.8308 42.0667
39.0615 42.3167
39.2923 42.5667
39.2923 42.5667
39.2923 42.5667
39.2923 42.5667
39.2923 42.5667
39.5231 42.8167
39.7538 43.0667
39.7538 43.0667
39.9846 43.3167
40.2154 43.5667
40.2154 43.5667
40.2154 43.5667
40.6769 44.0667
41.1385 44.5667
41.1385 44.5667
41.1385 44.5667
41.1385 44.5667
41.3692 44.8167
41.6 45.0667
41.6 45.0667
41.6 45.0667
41.8308 45.3167
42.0615 45.5667
42.0615 45.5667
42.0615 45.5667
42.2923 45.8167
42.5231 46.0667
42.5231 46.0667
42.5231 46.0667
42.7538 46.3167
42.9846 46.5667
42.9846 46.5667
42.9846 46.5667
43.4462 47.0667
43.4462 47.0667
43.4462 47.0667
43.9077 47.5667
43.9077 47.5667
43.9077 47.5667
44.1385 47.8167
44.3692 48.0667
44.3692 48.0667
44.3692 48.0667
44.6 48.3167
44.6 48.3167
44.8308 48.5667
44.8308 48.5667
44.8308 48.5667
44.8308 48.5667
44.8308 48.5667
45.2923 49.0667
45.7538 49.5667
45.7538 49.5667
45.9846 49.8167
46.2154 50.0667
46.4462 50.3167
46.6769 50.5667
46.6769 50.5667
46.6769 50.5667
46.6769 50.5667
47.1385 51.0667
47.1385 51.0667
47.6 51.5667
47.6 51.5667
47.6 51.5667
48.0615 52.0667
48.0615 52.0667
48.2923 52.3167
48.5231 52.5667
48.5231 52.5667
48.5231 52.5667
48.5231 52.5667
48.5231 52.5667
48.9846 53.0667
49.4462 53.5667
49.4462 53.5667
49.4462 53.5667
49.4462 53.5667
49.4462 53.5667
49.9077 54.0667
50.3692 54.5667
50.3692 54.5667
50.3692 54.5667
50.3692 54.5667
50.3692 54.5667
50.8308 55.0667
50.8308 55.0667
51.2923 55.5667
51.2923 55.5667
51.7539 56.0667
51.7539 56.0667
52.2154 56.5667
52.2154 56.5667
52.2154 56.5667
52.2154 56.5667
53.1385 57.5667
53.1385 57.5667
53.1385 57.5667
53.3692 57.8167
53.6 58.0667
54.0615 58.5667
54.0615 58.5667
54.2923 58.8167
54.2923 58.8167
54.5231 59.0667
54.7539 59.3167
54.7539 59.3167
54.9846 59.5667
54.9846 59.5667
54.9846 59.5667
55.2154 59.8167
55.4462 60.0667
55.4462 60.0667
55.6769 60.3167
55.6769 60.3167
55.9077 60.5667
55.9077 60.5667
56.1385 60.8167
56.3692 61.0667
56.6 61.3167
56.8308 61.5667
56.8308 61.5667
57.0615 61.8167
57.2923 62.0667
57.5231 62.3167
57.7539 62.5667
57.7539 62.5667
57.9846 62.8167
57.9846 62.8167
58.2154 63.0667
58.4462 63.3167
58.4462 63.3167
58.6769 63.5667
58.6769 63.5667
58.6769 63.5667
58.9077 63.8167
59.1385 64.0667
59.1385 64.0667
59.3692 64.3167
59.3692 64.3167
59.6 64.5667
59.6 64.5667
59.8308 64.8167
60.0615 65.0667
60.2923 65.3167
60.5231 65.5667
60.5231 65.5667
60.7539 65.8167
60.9846 66.0667
61.2154 66.3167
61.4462 66.5667
61.4462 66.5667
61.6769 66.8167
61.6769 66.8167
61.9077 67.0667
62.1385 67.3167
62.1385 67.3167
62.3692 67.5667
62.3692 67.5667
62.3692 67.5667
62.6 67.8167
62.8308 68.0667
62.8308 68.0667
63.0615 68.3167
63.2923 68.5667
63.2923 68.5667
63.5231 68.8167
63.5385 68.8333
63.7539 69.0667
63.9846 69.3167
63.9846 69.3167
64.2154 69.5667
64.2154 69.5667
64.2154 69.5667
64.4462 69.8167
64.6769 70.0667
64.9077 70.3167
64.9077 70.3167
65.1385 70.5667
65.1385 70.5667
65.3692 70.8167
65.6 71.0667
65.6 71.0667
65.8308 71.3167
66.0615 71.5667
66.0615 71.5667
66.2923 71.8167
66.5231 72.0667
66.5231 72.0667
66.7539 72.3167
66.7539 72.3167
66.9808 72.5625
66.9846 72.5667
67.2154 72.8167
67.4462 73.0667
67.6769 73.3167
67.9077 73.5667
68.1385 73.8167
68.3692 74.0667
68.6 74.3167
68.8308 74.5667
68.8308 74.5667
69.0615 74.8167
69.0615 74.8167
69.2923 75.0667
69.5231 75.3167
69.5231 75.3167
69.7539 75.5667
69.7539 75.5667
69.7539 75.5667
69.9846 75.8167
70.2154 76.0667
70.2154 76.0667
70.4462 76.3167
70.4462 76.3167
70.6731 76.5625
70.6769 76.5667
70.9077 76.8167
70.9231 76.8333
71.1385 77.0667
71.3692 77.3167
71.3692 77.3167
71.6 77.5667
71.6 77.5667
71.6 77.5667
71.8308 77.8167
72.0615 78.0667
72.2923 78.3167
72.2923 78.3167
72.5231 78.5667
72.5231 78.5667
72.7539 78.8167
72.9846 79.0667
72.9846 79.0667
73.2154 79.3167
73.4462 79.5667
73.4462 79.5667
73.4462 79.5667
73.6769 79.8167
73.9077 80.0667
73.9077 80.0667
74.1385 80.3167
74.1385 80.3167
74.25 80.4375
74.3692 80.5667
74.6 80.8167
74.8308 81.0667
75.0615 81.3167
75.2923 81.5667
75.2923 81.5667
75.5231 81.8167
75.7539 82.0667
75.9846 82.3167
75.9846 82.3167
76.2154 82.5667
76.4462 82.8167
76.6769 83.0667
76.9077 83.3167
77.1385 83.5667
77.1385 83.5667
77.3692 83.8167
77.6 84.0667
77.8308 84.3167
78.0615 84.5667
78.0615 84.5667
78.2923 84.8167
78.5231 85.0667
78.7539 85.3167
78.7539 85.3167
78.9846 85.5667
79.2154 85.8167
79.4462 86.0667
79.4462 86.0667
79.6769 86.3167
79.9077 86.5667
79.9077 86.5667
80.1385 86.8167
80.3692 87.0667
80.6 87.3167
80.6 87.3167
80.6 87.3167
81.0615 87.8167
81.2923 88.0667
81.2923 88.0667
81.5231 88.3167
81.5231 88.3167
81.7539 88.5667
81.7539 88.5667
81.9846 88.8167
82.2154 89.0667
82.2154 89.0667
82.4462 89.3167
82.4462 89.3167
82.4462 89.3167
82.6769 89.5667
82.6769 89.5667
82.9077 89.8167
83.1385 90.0667
83.1385 90.0667
83.1385 90.0667
83.1385 90.0667
83.3692 90.3167
83.6 90.5667
83.6 90.5667
83.8308 90.8167
84.0615 91.0667
84.2923 91.3167
84.2923 91.3167
84.2923 91.3167
84.5231 91.5667
84.7539 91.8167
84.9846 92.0667
84.9846 92.0667
85.2154 92.3167
85.2154 92.3167
85.4462 92.5667
85.4462 92.5667
85.9077 93.0667
86.1385 93.3167
86.1385 93.3167
86.3692 93.5667
86.3692 93.5667
86.3692 93.5667
86.6 93.8167
86.8308 94.0667
86.8308 94.0667
87.0615 94.3167
87.2923 94.5667
87.2923 94.5667
87.5231 94.8167
87.7539 95.0667
87.9846 95.3167
87.9846 95.3167
87.9846 95.3167
87.9846 95.3167
88.4462 95.8167
88.6769 96.0667
88.6769 96.0667
88.9077 96.3167
88.9077 96.3167
88.9077 96.3167
89.1385 96.5667
89.1385 96.5667
89.3692 96.8167
89.6 97.0667
89.6 97.0667
89.8308 97.3167
89.8308 97.3167
89.8308 97.3167
90.0615 97.5667
90.2923 97.8167
90.5231 98.0667
90.5231 98.0667
90.7539 98.3167
90.7539 98.3167
90.9846 98.5667
91.2154 98.8167
91.4462 99.0667
91.6769 99.3167
91.6769 99.3167
91.9077 99.5667
92.1385 99.8167
92.3692 100.067
92.3692 100.067
92.3692 100.067
92.6 100.317
92.8308 100.567
92.8308 100.567
93.0615 100.817
93.2923 101.067
93.5231 101.317
93.5231 101.317
93.5231 101.317
93.7539 101.567
93.9846 101.817
94.2154 102.067
94.4462 102.317
94.4462 102.317
94.6769 102.567
94.6769 102.567
94.9077 102.817
95.1385 103.067
95.3692 103.317
95.3692 103.317
95.3692 103.317
95.8308 103.817
96.0615 104.067
96.0615 104.067
96.2923 104.317
96.2923 104.317
96.5231 104.567
96.5231 104.567
96.5231 104.567
96.7539 104.817
96.9846 105.067
96.9846 105.067
96.9846 105.067
97.2154 105.317
97.2154 105.317
97.4462 105.567
97.6769 105.817
97.6769 105.817
97.9077 106.067
97.9077 106.067
97.9077 106.067
98.1385 106.317
98.3692 106.567
98.3692 106.567
98.3692 106.567
98.6 106.817
98.8308 107.067
98.8308 107.067
99.0615 107.317
99.0615 107.317
99.5231 107.817
99.5231 107.817
99.7539 108.067
99.7539 108.067
99.9846 108.317
99.9846 108.317
100.215 108.567
100.215 108.567
100.215 108.567
100.215 108.567
100.677 109.067
100.908 109.317
100.908 109.317
101.138 109.567
101.138 109.567
101.138 109.567
101.369 109.817
101.6 110.067
101.6 110.067
101.831 110.317
102.062 110.567
102.062 110.567
102.062 110.567
102.292 110.817
102.523 111.067
102.754 111.317
102.754 111.317
102.754 111.317
102.754 111.317
103.215 111.817
103.446 112.067
103.446 112.067
103.446 112.067
103.677 112.317
103.908 112.567
103.908 112.567
103.908 112.567
104.138 112.817
104.369 113.067
104.369 113.067
104.6 113.317
104.6 113.317
104.6 113.317
104.831 113.567
104.831 113.567
104.831 113.567
105.062 113.817
105.292 114.067
105.292 114.067
105.523 114.317
105.523 114.317
105.523 114.317
105.523 114.317
105.754 114.567
105.985 114.817
106.215 115.067
106.446 115.317
106.677 115.567
106.908 115.817
107.138 116.067
107.369 116.317
107.6 116.567
107.6 116.567
107.6 116.567
107.6 116.567
107.6 116.567
108.523 117.567
108.523 117.567
108.523 117.567
108.638 117.692
108.754 117.817
108.754 117.817
108.869 117.942
108.985 118.067
108.985 118.067
109.1 118.192
109.215 118.317
109.215 118.317
109.331 118.442
109.446 118.567
109.446 118.567
109.446 118.567
109.446 118.567
109.446 118.567
109.446 118.567
110.138 119.317
110.369 119.567
110.369 119.567
110.369 119.567
110.831 120.067
110.831 120.067
111.062 120.317
111.062 120.317
111.292 120.567
111.523 120.817
111.523 120.817
111.523 120.817
111.754 121.067
111.754 121.067
111.985 121.317
112.215 121.567
112.215 121.567
112.215 121.567
112.446 121.817
112.677 122.067
112.677 122.067
112.908 122.317
113.138 122.567
113.138 122.567
113.138 122.567
113.138 122.567
113.138 122.567
113.138 122.567
113.138 122.567
113.831 123.317
113.831 123.317
114.062 123.567
114.062 123.567
114.062 123.567
114.523 124.067
114.754 124.317
114.754 124.317
114.754 124.317
114.754 124.317
114.754 124.317
114.754 124.317
114.985 124.567
115.215 124.817
115.215 124.817
115.215 124.817
115.446 125.067
115.446 125.067
115.677 125.317
115.908 125.567
115.908 125.567
115.908 125.567
116.138 125.817
116.369 126.067
116.369 126.067
116.6 126.317
116.6 126.317
116.831 126.567
116.831 126.567
116.831 126.567
116.831 126.567
116.831 126.567
116.831 126.567
116.831 126.567
117.523 127.317
117.523 127.317
117.754 127.567
117.754 127.567
117.754 127.567
117.754 127.567
117.985 127.817
117.985 127.817
118.215 128.067
118.215 128.067
118.677 128.567
118.677 128.567
118.677 128.567
118.677 128.567
118.677 128.567
118.677 128.567
119.369 129.317
119.369 129.317
119.6 129.567
119.6 129.567
119.6 129.567
119.831 129.817
119.831 129.817
120.062 130.067
120.062 130.067
120.292 130.317
120.523 130.567
120.523 130.567
120.523 130.567
120.523 130.567
120.523 130.567
120.523 130.567
120.523 130.567
120.754 130.817
120.985 131.067
121.215 131.317
121.215 131.317
121.446 131.567
121.446 131.567
121.446 131.567
121.446 131.567
121.446 131.567
121.677 131.817
121.908 132.067
121.908 132.067
122.138 132.317
122.138 132.317
122.138 132.317
122.138 132.317
122.138 132.317
122.138 132.317
122.831 133.067
123.062 133.317
123.292 133.567
123.292 133.567
123.292 133.567
123.292 133.567
123.292 133.567
123.523 133.817
123.754 134.067
124.215 134.567
124.215 134.567
124.215 134.567
124.215 134.567
124.215 134.567
124.908 135.317
125.138 135.567
125.138 135.567
125.138 135.567
125.369 135.817
125.369 135.817
125.6 136.067
125.6 136.067
125.6 136.067
125.6 136.067
125.831 136.317
125.831 136.317
125.831 136.317
126.062 136.567
126.062 136.567
126.292 136.817
126.523 137.067
126.523 137.067
126.523 137.067
126.754 137.317
126.754 137.317
126.985 137.567
126.985 137.567
126.985 137.567
127.215 137.817
127.446 138.067
127.446 138.067
127.446 138.067
127.446 138.067
127.677 138.317
127.908 138.567
127.908 138.567
127.908 138.567
127.908 138.567
127.908 138.567
127.908 138.567
127.908 138.567
128.6 139.317
128.831 139.567
128.831 139.567
128.831 139.567
128.831 139.567
128.831 139.567
129.292 140.067
129.292 140.067
129.523 140.317
129.523 140.317
129.523 140.317
129.523 140.317
129.523 140.317
129.985 140.817
129.985 140.817
129.985 140.817
130.446 141.317
130.677 141.567
130.677 141.567
130.677 141.567
130.677 141.567
130.677 141.567
130.792 141.692
130.908 141.817
130.908 141.817
131.023 141.942
131.138 142.067
131.138 142.067
131.138 142.067
131.138 142.067
131.138 142.067
131.138 142.067
131.254 142.192
131.369 142.317
131.485 142.442
131.6 142.567
131.6 142.567
131.6 142.567
131.6 142.567
131.6 142.567
132.062 143.067
132.062 143.067
132.292 143.317
132.523 143.567
132.523 143.567
132.523 143.567
132.754 143.817
132.985 144.067
132.985 144.067
132.985 144.067
132.985 144.067
132.985 144.067
132.985 144.067
133.677 144.817
133.908 145.067
134.369 145.567
134.369 145.567
134.369 145.567
134.369 145.567
134.6 145.817
134.6 145.817
134.831 146.067
134.831 146.067
134.831 146.067
134.831 146.067
135.062 146.317
135.754 147.067
135.754 147.067
135.754 147.067
135.754 147.067
135.754 147.067
136.215 147.567
136.215 147.567
136.215 147.567
136.215 147.567
136.215 147.567
136.677 148.067
137.138 148.567
137.138 148.567
137.138 148.567
137.138 148.567
137.138 148.567
137.6 149.067
137.831 149.317
138.062 149.567
138.062 149.567
138.062 149.567
138.292 149.817
138.523 150.067
138.754 150.317
138.985 150.567
138.985 150.567
138.985 150.567
138.985 150.567
138.985 150.567
139.215 150.817
139.446 151.067
139.446 151.067
139.677 151.317
139.908 151.567
139.908 151.567
139.908 151.567
139.908 151.567
140.138 151.817
140.369 152.067
140.369 152.067
140.6 152.317
140.831 152.567
140.831 152.567
140.831 152.567
140.831 152.567
141.062 152.817
141.292 153.067
141.292 153.067
141.523 153.317
141.754 153.567
141.754 153.567
141.754 153.567
141.754 153.567
142.215 154.067
142.677 154.567
142.677 154.567
142.677 154.567
142.677 154.567
142.908 154.817
143.138 155.067
143.138 155.067
143.369 155.317
143.6 155.567
143.6 155.567
143.6 155.567
143.831 155.817
144.062 156.067
144.062 156.067
144.292 156.317
144.523 156.567
144.523 156.567
144.523 156.567
144.523 156.567
144.523 156.567
144.985 157.067
145.446 157.567
145.446 157.567
145.908 158.067
145.908 158.067
146.138 158.317
146.369 158.567
146.369 158.567
146.369 158.567
146.369 158.567
146.831 159.067
147.292 159.567
147.292 159.567
147.754 160.067
147.754 160.067
147.985 160.317
148.215 160.567
148.215 160.567
148.215 160.567
148.215 160.567
148.677 161.067
148.677 161.067
149.138 161.567
149.138 161.567
149.138 161.567
149.6 162.067
149.831 162.317
150.062 162.567
150.062 162.567
150.062 162.567
150.062 162.567
150.062 162.567
150.062 162.567
150.062 162.567
150.062 162.567
150.062 162.567
150.523 163.067
150.523 163.067
150.985 163.567
150.985 163.567
150.985 163.567
150.985 163.567
151.215 163.817
151.446 164.067
151.908 164.567
151.908 164.567
151.908 164.567
151.908 164.567
152.369 165.067
152.831 165.567
152.831 165.567
152.831 165.567
152.831 165.567
153.062 165.817
153.062 165.817
153.062 165.817
153.292 166.067
153.292 166.067
153.292 166.067
153.523 166.317
153.754 166.567
153.754 166.567
153.754 166.567
153.754 166.567
153.754 166.567
153.985 166.817
154.215 167.067
154.215 167.067
154.446 167.317
154.677 167.567
154.677 167.567
154.677 167.567
154.908 167.817
155.138 168.067
155.138 168.067
155.369 168.317
155.6 168.567
155.6 168.567
155.6 168.567
155.6 168.567
155.6 168.567
155.831 168.817
156.062 169.067
156.062 169.067
156.292 169.317
156.523 169.567
156.523 169.567
156.523 169.567
156.985 170.067
157.446 170.567
157.446 170.567
157.446 170.567
157.446 170.567
157.677 170.817
157.908 171.067
157.908 171.067
157.908 171.067
158.138 171.317
158.369 171.567
158.369 171.567
158.369 171.567
158.6 171.817
158.831 172.067
158.831 172.067
158.831 172.067
159.062 172.317
159.292 172.567
159.292 172.567
159.523 172.817
159.754 173.067
159.754 173.067
159.754 173.067
160.215 173.567
160.215 173.567
160.215 173.567
160.446 173.817
160.677 174.067
160.677 174.067
160.677 174.067
160.908 174.317
160.908 174.317
161.138 174.567
161.138 174.567
161.138 174.567
161.138 174.567
161.138 174.567
161.138 174.567
161.6 175.067
162.062 175.567
162.062 175.567
162.292 175.817
162.523 176.067
162.754 176.317
162.985 176.567
162.985 176.567
162.985 176.567
162.985 176.567
162.985 176.567
163.446 177.067
163.446 177.067
163.908 177.567
163.908 177.567
163.908 177.567
164.369 178.067
164.6 178.317
164.831 178.567
164.831 178.567
164.831 178.567
164.831 178.567
164.831 178.567
165.292 179.067
165.754 179.567
165.754 179.567
165.754 179.567
165.754 179.567
165.754 179.567
166.215 180.067
166.677 180.567
166.677 180.567
166.677 180.567
166.677 180.567
166.681 180.571
167.138 181.067
167.6 181.567
167.6 181.567
167.6 181.567
168.062 182.067
168.062 182.067
168.523 182.567
168.523 182.567
168.523 182.567
168.523 182.567
168.523 182.567
168.523 182.567
168.754 182.817
168.985 183.067
169.215 183.317
169.446 183.567
169.446 183.567
169.446 183.567
169.446 183.567
169.908 184.067
170.369 184.567
170.369 184.567
170.369 184.567
170.369 184.567
170.369 184.567
170.831 185.067
171.292 185.567
171.523 185.817
171.754 186.067
172.215 186.567
172.215 186.567
172.215 186.567
172.215 186.567
172.215 186.567
172.446 186.817
172.677 187.067
172.908 187.317
173.138 187.567
173.6 188.067
174.062 188.567
174.062 188.567
174.062 188.567
174.062 188.567
174.523 189.067
174.985 189.567
175.215 189.817
175.908 190.567
175.908 190.567
175.908 190.567
175.908 190.567
176.138 190.817
176.369 191.067
176.6 191.317
176.831 191.567
176.831 191.567
176.831 191.567
177.292 192.067
177.75 192.562
177.754 192.567
177.754 192.567
177.754 192.567
178 192.833
178.215 193.067
178.446 193.317
178.677 193.567
178.677 193.567
178.677 193.567
179.6 194.567
179.6 194.567
180.062 195.067
180.062 195.067
180.523 195.567
180.523 195.567
180.985 196.067
180.985 196.067
181.215 196.317
181.446 196.567
181.446 196.567
181.446 196.567
181.446 196.567
181.5 196.625
182.369 197.567
182.369 197.567
182.6 197.817
182.831 198.067
183.292 198.567
183.292 198.567
183.292 198.567
183.292 198.567
183.292 198.567
183.523 198.817
183.754 199.067
183.985 199.317
184.215 199.567
184.215 199.567
184.215 199.567
184.215 199.567
184.215 199.567
184.677 200.067
185.135 200.562
185.138 200.567
185.138 200.567
185.138 200.567
185.138 200.567
185.365 200.812
185.6 201.067
185.831 201.317
186.062 201.567
186.062 201.567
186.062 201.567
186.523 202.067
186.985 202.567
186.985 202.567
186.985 202.567
186.985 202.567
186.985 202.567
187.446 203.067
187.446 203.067
187.908 203.567
187.908 203.567
187.908 203.567
188.369 204.067
188.369 204.067
188.6 204.317
188.6 204.317
188.831 204.567
188.831 204.567
188.831 204.567
188.831 204.567
188.831 204.567
188.846 204.583
189.25 205.021
189.675 205.481
190.677 206.567
190.677 206.567
190.677 206.567
190.677 206.567
190.685 206.575
190.823 206.725
190.923 206.833
191.052 206.973
191.133 207.06
191.138 207.067
191.238 207.175
191.306 207.248
191.404 207.354
191.465 207.421
191.542 207.504
191.6 207.567
191.6 207.567
191.619 207.588
191.71 207.685
191.777 207.758
191.831 207.817
191.86 207.848
191.944 207.94
192.015 208.017
192.062 208.067
192.1 208.108
192.177 208.192
192.246 208.267
192.335 208.363
192.415 208.45
192.504 208.546
192.523 208.567
192.523 208.567
192.523 208.567
192.523 208.567
192.523 208.567
192.558 208.604
192.985 209.067
193.446 209.567
193.446 209.567
193.446 209.567
193.446 209.567
193.446 209.567
193.446 209.567
193.908 210.067
193.908 210.067
194.369 210.567
194.369 210.567
194.369 210.567
194.369 210.567
194.369 210.567
194.369 210.567
194.831 211.067
195.062 211.317
195.292 211.567
195.292 211.567
195.523 211.817
195.754 212.067
195.754 212.067
195.985 212.317
196.215 212.567
196.215 212.567
196.215 212.567
196.215 212.567
196.215 212.567
196.215 212.567
196.677 213.067
196.677 213.067
197.138 213.567
197.138 213.567
197.138 213.567
197.138 213.567
197.6 214.067
197.6 214.067
198.062 214.567
198.062 214.567
198.062 214.567
198.062 214.567
198.062 214.567
198.062 214.567
198.523 215.067
198.754 215.317
198.985 215.567
199.215 215.817
199.446 216.067
199.446 216.067
199.677 216.317
199.908 216.567
199.908 216.567
199.908 216.567
199.908 216.567
199.908 216.567
200.369 217.067
200.6 217.317
200.831 217.567
200.831 217.567
201.292 218.067
201.292 218.067
201.754 218.567
201.754 218.567
201.754 218.567
201.754 218.567
201.754 218.567
201.754 218.567
202.215 219.067
202.446 219.317
202.677 219.567
202.677 219.567
202.908 219.817
203.138 220.067
203.138 220.067
203.6 220.567
203.6 220.567
203.6 220.567
203.6 220.567
203.6 220.567
203.6 220.567
204.062 221.067
204.062 221.067
204.062 221.067
204.523 221.567
204.523 221.567
204.523 221.567
204.985 222.067
204.985 222.067
205.215 222.317
205.446 222.567
205.446 222.567
205.446 222.567
205.446 222.567
205.446 222.567
205.677 222.817
205.908 223.067
206.138 223.317
206.369 223.567
206.6 223.817
206.831 224.067
207.292 224.567
207.292 224.567
207.292 224.567
207.292 224.567
207.292 224.567
207.292 224.567
207.754 225.067
208.215 225.567
208.215 225.567
208.215 225.567
208.446 225.817
208.677 226.067
208.908 226.317
209.138 226.567
209.138 226.567
209.138 226.567
209.138 226.567
209.138 226.567
209.138 226.567
209.369 226.817
209.6 227.067
209.831 227.317
210.062 227.567
210.292 227.817
210.523 228.067
210.523 228.067
210.754 228.317
210.985 228.567
210.985 228.567
210.985 228.567
210.985 228.567
210.985 228.567
210.985 228.567
211.446 229.067
211.446 229.067
211.908 229.567
211.908 229.567
211.908 229.567
212.138 229.817
212.369 230.067
212.369 230.067
212.831 230.567
212.831 230.567
212.831 230.567
213.062 230.817
213.292 231.067
213.292 231.067
213.523 231.317
213.523 231.317
213.754 231.567
213.985 231.817
214.215 232.067
214.215 232.067
214.446 232.317
214.677 232.567
214.677 232.567
214.677 232.567
214.677 232.567
214.677 232.567
214.677 232.567
215.138 233.067
215.369 233.317
215.6 233.567
215.6 233.567
216.062 234.067
216.062 234.067
216.523 234.567
216.523 234.567
216.523 234.567
216.523 234.567
216.523 234.567
216.523 234.567
216.985 235.067
217.215 235.317
217.446 235.567
217.446 235.567
217.677 235.817
217.908 236.067
217.908 236.067
218.369 236.567
218.369 236.567
218.369 236.567
218.369 236.567
218.369 236.567
218.831 237.067
218.831 237.067
219.292 237.567
219.292 237.567
219.292 237.567
219.292 237.567
219.292 237.567
219.292 237.567
219.754 238.067
219.985 238.317
220.215 238.567
220.215 238.567
220.215 238.567
220.215 238.567
220.215 238.567
220.215 238.567
220.677 239.067
220.677 239.067
220.677 239.067
220.677 239.067
220.677 239.067
221.138 239.567
221.138 239.567
221.138 239.567
221.138 239.567
221.138 239.567
221.138 239.567
221.138 239.567
221.6 240.067
221.6 240.067
221.6 240.067
221.6 240.067
221.6 240.067
221.6 240.067
221.6 240.067
221.715 240.192
221.831 240.317
221.831 240.317
221.831 240.317
221.831 240.317
221.831 240.317
221.831 240.317
221.831 240.317
221.946 240.442
222.062 240.567
222.062 240.567
222.062 240.567
222.062 240.567
222.062 240.567
222.062 240.567
222.062 240.567
222.523 241.067
222.985 241.567
222.985 241.567
222.985 241.567
222.985 241.567
222.985 241.567
222.985 241.567
223.446 242.067
223.446 242.067
223.908 242.567
223.908 242.567
223.908 242.567
223.908 242.567
223.908 242.567
223.908 242.567
224.369 243.067
224.6 243.317
224.831 243.567
224.831 243.567
225.062 243.817
225.292 244.067
225.292 244.067
225.523 244.317
225.754 244.567
225.754 244.567
225.754 244.567
225.754 244.567
225.754 244.567
225.754 244.567
226.215 245.067
226.215 245.067
226.677 245.567
226.677 245.567
226.677 245.567
226.677 245.567
227.138 246.067
227.138 246.067
227.6 246.567
227.6 246.567
227.6 246.567
227.6 246.567
227.6 246.567
227.6 246.567
228.062 247.067
228.292 247.317
228.523 247.567
228.754 247.817
228.985 248.067
228.985 248.067
229.215 248.317
229.446 248.567
229.446 248.567
229.446 248.567
229.446 248.567
229.446 248.567
229.908 249.067
230.138 249.317
230.369 249.567
230.369 249.567
230.831 250.067
230.831 250.067
231.292 250.567
231.292 250.567
231.292 250.567
231.292 250.567
231.292 250.567
231.292 250.567
231.754 251.067
231.985 251.317
232.215 251.567
232.215 251.567
232.446 251.817
232.677 252.067
232.677 252.067
233.138 252.567
233.138 252.567
233.138 252.567
233.138 252.567
233.138 252.567
233.138 252.567
233.6 253.067
233.6 253.067
234.062 253.567
234.062 253.567
234.062 253.567
234.523 254.067
234.523 254.067
234.754 254.317
234.985 254.567
234.985 254.567
234.985 254.567
234.985 254.567
234.985 254.567
235.215 254.817
235.446 255.067
235.677 255.317
235.908 255.567
236.138 255.817
236.369 256.067
236.831 256.567
236.831 256.567
236.831 256.567
236.831 256.567
236.831 256.567
236.831 256.567
237.292 257.067
237.754 257.567
237.754 257.567
237.754 257.567
237.985 257.817
238.215 258.067
238.446 258.317
238.677 258.567
238.677 258.567
238.677 258.567
238.677 258.567
238.677 258.567
238.677 258.567
238.908 258.817
239.138 259.067
239.369 259.317
239.6 259.567
239.831 259.817
240.062 260.067
240.062 260.067
240.292 260.317
240.523 260.567
240.523 260.567
240.523 260.567
240.523 260.567
240.523 260.567
240.523 260.567
240.985 261.067
240.985 261.067
241.446 261.567
241.446 261.567
241.446 261.567
241.677 261.817
241.908 262.067
241.908 262.067
242.369 262.567
242.369 262.567
242.369 262.567
242.6 262.817
242.831 263.067
242.831 263.067
243.062 263.317
243.062 263.317
243.292 263.567
243.523 263.817
243.754 264.067
243.754 264.067
243.985 264.317
244.215 264.567
244.215 264.567
244.215 264.567
244.215 264.567
244.215 264.567
244.215 264.567
244.677 265.067
244.908 265.317
245.138 265.567
245.138 265.567
245.6 266.067
245.6 266.067
246.062 266.567
246.062 266.567
246.062 266.567
246.062 266.567
246.062 266.567
246.062 266.567
246.523 267.067
246.754 267.317
246.985 267.567
246.985 267.567
247.215 267.817
247.446 268.067
247.446 268.067
247.908 268.567
247.908 268.567
247.908 268.567
247.908 268.567
247.908 268.567
247.908 268.567
248.369 269.067
248.369 269.067
248.831 269.567
248.831 269.567
248.831 269.567
248.831 269.567
248.831 269.567
248.831 269.567
249.292 270.067
249.523 270.317
249.754 270.567
249.754 270.567
249.754 270.567
249.754 270.567
249.754 270.567
250.215 271.067
250.677 271.567
250.677 271.567
250.677 271.567
251.138 272.067
251.6 272.567
251.6 272.567
251.6 272.567
253.446 274.567
253.446 274.567
253.446 274.567
253.446 274.567
253.45 274.571
253.908 275.067
254.079 275.252
254.369 275.567
254.369 275.567
254.833 276.069
255.292 276.567
255.292 276.567
255.292 276.567
255.292 276.567
255.292 276.567
255.304 276.579
255.754 277.067
256.004 277.337
256.215 277.567
256.215 277.567
256.908 278.317
257.138 278.567
257.138 278.567
257.138 278.567
257.138 278.567
257.369 278.817
257.369 278.817
257.6 279.067
257.831 279.317
258.292 279.817
258.523 280.067
258.754 280.317
258.985 280.567
259.215 280.817
259.231 280.833
259.665 281.304
260.16 281.84
260.169 281.85
260.938 282.683
261.254 283.025
261.254 283.025
261.254 283.025
261.254 283.025
261.254 283.025
261.275 283.048
261.285 283.058
261.285 283.058
261.715 283.525
262.177 284.025
262.177 284.025
262.177 284.025
262.638 284.525
263.1 285.025
263.562 285.525
263.792 285.775
264.023 286.025
264.023 286.025
264.485 286.525
264.946 287.025
264.946 287.025
265.408 287.525
265.869 288.025
266.331 288.525
266.792 289.025
267.023 289.275
267.254 289.525
267.292 289.567
267.485 289.775
267.715 290.025
267.946 290.275
268.177 290.525
268.215 290.567
268.408 290.775
268.638 291.025
268.638 291.025
268.869 291.275
269.1 291.525
269.138 291.567
269.331 291.775
269.562 292.025
269.562 292.025
269.792 292.275
270.023 292.525
270.254 292.775
270.715 293.275
270.946 293.525
271.177 293.775
271.408 294.025
271.408 294.025
271.638 294.275
272.1 294.775
272.325 295.019
272.331 295.025
272.792 295.525
273.485 296.275
273.485 296.275
273.715 296.525
273.715 296.525
273.715 296.525
273.715 296.525
274.213 297.065
274.638 297.525
275.1 298.025
275.562 298.525
276.023 299.025
276.485 299.525
277.408 300.525
277.408 300.525
277.408 300.525
277.408 300.525
