3.34926 3.79583
3.56985 4.04583
3.79043 4.29583
3.79043 4.29583
4.01102 4.54583
4.23161 4.79583
4.4522 5.04583
4.89337 5.54583
5.11396 5.79583
5.11396 5.79583
5.33455 6.04583
5.33455 6.04583
5.55513 6.29583
5.55513 6.29583
5.77572 6.54583
5.99631 6.79583
5.99631 6.79583
6.2169 7.04583
6.2169 7.04583
6.43749 7.29583
6.65807 7.54583
6.65807 7.54583
6.87866 7.79583
6.87866 7.79583
6.87866 7.79583
7.09925 8.04583
7.09925 8.04583
7.09925 8.04583
7.31984 8.29583
7.31984 8.29583
7.31984 8.29583
7.54042 8.54583
7.76101 8.79583
7.9816 9.04583
8.20219 9.29583
8.42278 9.54583
8.42278 9.54583
8.42278 9.54583
8.64336 9.79583
8.64336 9.79583
8.64336 9.79583
8.86395 10.0458
8.86395 10.0458
8.86395 10.0458
9.08454 10.2958
9.08454 10.2958
9.08454 10.2958
9.30513 10.5458
9.52571 10.7958
9.7463 11.0458
9.96689 11.2958
9.96689 11.2958
10.1875 11.5458
10.1875 11.5458
10.1875 11.5458
10.4081 11.7958
10.4081 11.7958
10.4081 11.7958
10.6287 12.0458
10.6287 12.0458
10.6287 12.0458
10.8492 12.2958
10.8492 12.2958
10.8492 12.2958
11.2904 12.7958
11.511 13.0458
11.7316 13.2958
11.9522 13.5458
12.1728 13.7958
12.1728 13.7958
12.3934 14.0458
12.3934 14.0458
12.6139 14.2958
12.6139 14.2958
12.6139 14.2958
12.8345 14.5458
12.8345 14.5458
13.0551 14.7958
13.0551 14.7958
13.2757 15.0458
13.2757 15.0458
13.2757 15.0458
13.4963 15.2958
13.4963 15.2958
13.7169 15.5458
13.7169 15.5458
13.9375 15.7958
13.9375 15.7958
13.9375 15.7958
14.1581 16.0458
14.1581 16.0458
14.3786 16.2958
14.3786 16.2958
14.3786 16.2958
14.5992 16.5458
14.8198 16.7958
15.0404 17.0458
15.261 17.2958
15.4816 17.5458
15.7022 17.7958
15.9228 18.0458
15.9228 18.0458
16.1433 18.2958
16.1433 18.2958
16.1433 18.2958
16.1433 18.2958
16.1433 18.2958
16.1433 18.2958
16.8051 19.0458
17.0257 19.2958
17.2463 19.5458
17.4669 19.7958
17.6875 20.0458
17.908 20.2958
17.908 20.2958
17.908 20.2958
17.908 20.2958
17.908 20.2958
17.908 20.2958
18.7904 21.2958
19.011 21.5458
19.2316 21.7958
19.4522 22.0458
19.6728 22.2958
19.6728 22.2958
20.5551 23.2958
20.5551 23.2958
20.5551 23.2958
21.4375 24.2958
21.4375 24.2958
21.4375 24.2958
21.4375 24.2958
21.8786 24.7958
21.8786 24.7958
22.0992 25.0458
22.3198 25.2958
22.5404 25.5458
22.5404 25.5458
22.761 25.7958
22.9816 26.0458
23.2022 26.2958
23.2022 26.2958
23.2022 26.2958
23.4227 26.5458
23.6433 26.7958
23.8639 27.0458
24.0845 27.2958
24.3051 27.5458
24.5257 27.7958
24.5257 27.7958
24.9669 28.2958
24.9669 28.2958
24.9669 28.2958
24.9669 28.2958
25.408 28.7958
25.6286 29.0458
25.8492 29.2958
25.8492 29.2958
26.0698 29.5458
26.2904 29.7958
26.511 30.0458
26.511 30.0458
26.7316 30.2958
26.9521 30.5458
27.1727 30.7958
27.3933 31.0458
27.3933 31.0458
27.3933 31.0458
27.6139 31.2958
27.6139 31.2958
27.8345 31.5458
27.8345 31.5458
28.0551 31.7958
28.0551 31.7958
28.2757 32.0458
28.4963 32.2958
28.4963 32.2958
28.4963 32.2958
28.4963 32.2958
28.4963 32.2958
28.7168 32.5458
28.9374 32.7958
28.9374 32.7958
28.9374 32.7958
29.158 33.0458
29.158 33.0458
29.158 33.0458
29.3786 33.2958
29.5992 33.5458
29.5992 33.5458
29.8198 33.7958
30.0404 34.0458
30.261 34.2958
30.261 34.2958
30.261 34.2958
30.4816 34.5458
30.7021 34.7958
30.9227 35.0458
31.1433 35.2958
31.3639 35.5458
31.5845 35.7958
31.5845 35.7958
32.0257 36.2958
32.0257 36.2958
32.0257 36.2958
32.0257 36.2958
32.4668 36.7958
32.6874 37.0458
32.6874 37.0458
33.1286 37.5458
33.3492 37.7958
33.7904 38.2958
33.7904 38.2958
34.6727 39.2958
34.6727 39.2958
34.6727 39.2958
34.8933 39.5458
35.1139 39.7958
35.3345 40.0458
35.5551 40.2958
35.5551 40.2958
35.5551 40.2958
35.5551 40.2958
35.9962 40.7958
36.2168 41.0458
36.658 41.5458
36.658 41.5458
37.0992 42.0458
37.3198 42.2958
37.3198 42.2958
37.3198 42.2958
37.7609 42.7958
37.9815 43.0458
38.2021 43.2958
38.4227 43.5458
38.4227 43.5458
38.6433 43.7958
38.6433 43.7958
38.8639 44.0458
38.8639 44.0458
38.8639 44.0458
39.0845 44.2958
39.0845 44.2958
39.0845 44.2958
39.3051 44.5458
39.5256 44.7958
39.5256 44.7958
39.7462 45.0458
39.7462 45.0458
40.1874 45.5458
40.1874 45.5458
40.408 45.7958
40.6286 46.0458
40.6286 46.0458
40.8492 46.2958
41.2904 46.7958
41.2904 46.7958
41.5109 47.0458
41.7315 47.2958
41.9521 47.5458
41.9521 47.5458
42.1727 47.7958
42.3933 48.0458
42.6139 48.2958
42.6139 48.2958
42.6139 48.2958
42.6139 48.2958
42.6139 48.2958
43.0551 48.7958
43.0551 48.7958
43.2756 49.0458
43.2756 49.0458
43.7168 49.5458
43.9374 49.7958
44.158 50.0458
44.3786 50.2958
44.3786 50.2958
44.3786 50.2958
44.3786 50.2958
44.3786 50.2958
44.8198 50.7958
45.0403 51.0458
45.2609 51.2958
45.2609 51.2958
45.2609 51.2958
45.4815 51.5458
45.9227 52.0458
46.1433 52.2958
46.1433 52.2958
46.1433 52.2958
46.5845 52.7958
47.0256 53.2958
47.0256 53.2958
47.4668 53.7958
47.908 54.2958
47.908 54.2958
47.908 54.2958
48.1286 54.5458
48.3492 54.7958
48.5697 55.0458
48.7903 55.2958
48.7903 55.2958
48.7903 55.2958
49.0109 55.5458
49.0109 55.5458
49.2315 55.7958
49.2315 55.7958
49.4521 56.0458
49.4521 56.0458
49.6727 56.2958
49.6727 56.2958
49.6727 56.2958
49.6727 56.2958
49.6727 56.2958
50.1139 56.7958
50.1139 56.7958
50.3344 57.0458
50.555 57.2958
50.7756 57.5458
50.7756 57.5458
50.9962 57.7958
51.2168 58.0458
51.4374 58.2958
51.4374 58.2958
51.4374 58.2958
51.658 58.5458
51.8786 58.7958
52.0992 59.0458
52.3197 59.2958
52.5403 59.5458
52.7609 59.7958
52.7609 59.7958
53.2021 60.2958
53.2021 60.2958
53.2021 60.2958
53.2021 60.2958
53.6433 60.7958
53.8639 61.0458
54.0844 61.2958
54.0844 61.2958
54.0844 61.2958
54.305 61.5458
54.5256 61.7958
54.7462 62.0458
54.9668 62.2958
55.6286 63.0458
55.6286 63.0458
55.8491 63.2958
55.8491 63.2958
55.8491 63.2958
56.0697 63.5458
56.0697 63.5458
56.2903 63.7958
56.2903 63.7958
56.2903 63.7958
56.5109 64.0458
56.7315 64.2958
56.7315 64.2958
56.7315 64.2958
56.7315 64.2958
56.7315 64.2958
56.7315 64.2958
57.1727 64.7958
57.1727 64.7958
57.3933 65.0458
57.3933 65.0458
57.6138 65.2958
57.8344 65.5458
57.8344 65.5458
58.055 65.7958
58.2756 66.0458
58.4962 66.2958
58.4962 66.2958
58.4962 66.2958
58.4962 66.2958
58.7168 66.5458
58.9374 66.7958
59.158 67.0458
59.3785 67.2958
59.5991 67.5458
59.8197 67.7958
59.8197 67.7958
60.2609 68.2958
60.2609 68.2958
60.2609 68.2958
60.2609 68.2958
60.2609 68.2958
60.2609 68.2958
60.7021 68.7958
60.9227 69.0458
60.9227 69.0458
61.3638 69.5458
61.5844 69.7958
62.0256 70.2958
62.0256 70.2958
62.9079 71.2958
62.9079 71.2958
62.9079 71.2958
62.9079 71.2958
63.1285 71.5458
63.3491 71.7958
63.5697 72.0458
63.7903 72.2958
63.7903 72.2958
63.7903 72.2958
63.7903 72.2958
63.7903 72.2958
63.7903 72.2958
64.2315 72.7958
64.4521 73.0458
64.8932 73.5458
64.8932 73.5458
65.3344 74.0458
65.555 74.2958
65.555 74.2958
65.555 74.2958
65.555 74.2958
65.9962 74.7958
66.2168 75.0458
66.6579 75.5458
66.8785 75.7958
67.0991 76.0458
67.0991 76.0458
67.3197 76.2958
67.3197 76.2958
67.3197 76.2958
67.3197 76.2958
67.5403 76.5458
67.7609 76.7958
67.7609 76.7958
67.9815 77.0458
67.9815 77.0458
68.4226 77.5458
68.4226 77.5458
68.6432 77.7958
68.8638 78.0458
68.8638 78.0458
69.0844 78.2958
69.0844 78.2958
69.0844 78.2958
69.5256 78.7958
69.7462 79.0458
69.7462 79.0458
69.9668 79.2958
70.1873 79.5458
70.1873 79.5458
70.4079 79.7958
70.6285 80.0458
70.8491 80.2958
70.8491 80.2958
70.8491 80.2958
70.8491 80.2958
70.8491 80.2958
70.8491 80.2958
71.2903 80.7958
71.2903 80.7958
71.5109 81.0458
71.5109 81.0458
71.952 81.5458
72.1726 81.7958
72.3932 82.0458
72.6138 82.2958
72.6138 82.2958
72.6138 82.2958
72.6138 82.2958
72.6138 82.2958
73.055 82.7958
73.2756 83.0458
73.4962 83.2958
73.4962 83.2958
73.4962 83.2958
74.3785 84.2958
74.3785 84.2958
74.3785 84.2958
74.3785 84.2958
74.3785 84.2958
74.3785 84.2958
74.8197 84.7958
75.0403 85.0458
75.2609 85.2958
75.2609 85.2958
75.4815 85.5458
75.702 85.7958
75.9226 86.0458
76.1432 86.2958
76.1432 86.2958
76.1432 86.2958
76.1432 86.2958
76.1432 86.2958
77.0256 87.2958
77.0256 87.2958
77.0256 87.2958
77.2462 87.5458
77.2462 87.5458
77.4667 87.7958
77.4667 87.7958
77.6873 88.0458
77.6873 88.0458
77.9079 88.2958
77.9079 88.2958
77.9079 88.2958
77.9079 88.2958
78.3491 88.7958
78.5697 89.0458
78.7903 89.2958
79.0109 89.5458
79.452 90.0458
79.6726 90.2958
79.6726 90.2958
79.6726 90.2958
79.6726 90.2958
80.3344 91.0458
80.555 91.2958
80.555 91.2958
80.555 91.2958
80.555 91.2958
80.7756 91.5458
80.9961 91.7958
80.9961 91.7958
80.9961 91.7958
81.2167 92.0458
81.2167 92.0458
81.2167 92.0458
81.4373 92.2958
81.4373 92.2958
81.4373 92.2958
81.4373 92.2958
81.4373 92.2958
81.8785 92.7958
82.0991 93.0458
82.3197 93.2958
82.5403 93.5458
82.7608 93.7958
82.9814 94.0458
82.9814 94.0458
83.202 94.2958
83.202 94.2958
83.202 94.2958
83.202 94.2958
83.202 94.2958
83.4226 94.5458
83.6432 94.7958
83.6432 94.7958
83.8638 95.0458
83.8638 95.0458
84.0844 95.2958
84.0844 95.2958
84.305 95.5458
84.305 95.5458
84.305 95.5458
84.5255 95.7958
84.5255 95.7958
84.5255 95.7958
84.7461 96.0458
84.7461 96.0458
84.9667 96.2958
84.9667 96.2958
84.9667 96.2958
84.9667 96.2958
84.9667 96.2958
85.4079 96.7958
85.4079 96.7958
85.6285 97.0458
85.6285 97.0458
85.6285 97.0458
85.8491 97.2958
86.0697 97.5458
86.0697 97.5458
86.2903 97.7958
86.5108 98.0458
86.5108 98.0458
86.5108 98.0458
86.7314 98.2958
86.7314 98.2958
86.7314 98.2958
86.7314 98.2958
86.7314 98.2958
86.952 98.5458
87.1726 98.7958
87.3932 99.0458
87.3932 99.0458
87.3932 99.0458
87.3932 99.0458
87.6138 99.2958
87.6138 99.2958
87.8344 99.5458
87.8344 99.5458
88.055 99.7958
88.2755 100.046
88.4961 100.296
88.4961 100.296
88.4961 100.296
88.4961 100.296
88.4961 100.296
88.7167 100.546
88.9373 100.796
88.9373 100.796
89.1579 101.046
89.1579 101.046
89.1579 101.046
89.3785 101.296
89.5991 101.546
89.5991 101.546
89.5991 101.546
89.5991 101.546
90.2608 102.296
90.2608 102.296
90.2608 102.296
90.2608 102.296
90.2608 102.296
90.4814 102.546
90.702 102.796
90.702 102.796
90.702 102.796
90.9226 103.046
90.9226 103.046
90.9226 103.046
90.9226 103.046
90.9226 103.046
91.1432 103.296
91.3638 103.546
91.3638 103.546
91.3638 103.546
91.3638 103.546
91.5844 103.796
92.0255 104.296
92.0255 104.296
92.0255 104.296
92.0255 104.296
92.0255 104.296
92.4667 104.796
92.6873 105.046
92.9079 105.296
92.9079 105.296
92.9079 105.296
93.1285 105.546
93.1285 105.546
93.1285 105.546
93.3491 105.796
93.3491 105.796
93.5696 106.046
93.7902 106.296
93.7902 106.296
93.7902 106.296
93.7902 106.296
94.2314 106.796
94.452 107.046
94.452 107.046
94.6726 107.296
94.6726 107.296
94.6726 107.296
94.6726 107.296
94.8932 107.546
94.8932 107.546
94.8932 107.546
95.1138 107.796
95.1138 107.796
95.3343 108.046
95.3343 108.046
95.5549 108.296
95.5549 108.296
95.5549 108.296
95.5549 108.296
95.5549 108.296
95.9961 108.796
96.2167 109.046
96.4373 109.296
96.4373 109.296
96.6579 109.546
96.6579 109.546
96.8785 109.796
97.0991 110.046
97.3196 110.296
97.3196 110.296
97.3196 110.296
97.3196 110.296
97.5402 110.546
97.7608 110.796
97.9814 111.046
97.9814 111.046
97.9814 111.046
98.202 111.296
98.202 111.296
98.4226 111.546
98.4226 111.546
98.4226 111.546
98.4226 111.546
98.6432 111.796
98.6432 111.796
98.6432 111.796
98.8638 112.046
98.8638 112.046
98.8638 112.046
99.0843 112.296
99.0843 112.296
99.0843 112.296
99.0843 112.296
99.0843 112.296
99.0843 112.296
99.5255 112.796
99.5255 112.796
99.7461 113.046
99.7461 113.046
99.7461 113.046
99.7461 113.046
99.7461 113.046
99.9667 113.296
100.187 113.546
100.187 113.546
100.187 113.546
100.187 113.546
100.408 113.796
100.628 114.046
100.628 114.046
100.849 114.296
100.849 114.296
100.849 114.296
100.849 114.296
100.849 114.296
101.29 114.796
101.511 115.046
101.511 115.046
101.511 115.046
101.511 115.046
101.731 115.296
101.731 115.296
101.731 115.296
101.952 115.546
102.173 115.796
102.173 115.796
102.614 116.296
102.614 116.296
102.614 116.296
102.614 116.296
102.614 116.296
102.614 116.296
103.055 116.796
103.055 116.796
103.276 117.046
103.276 117.046
103.276 117.046
103.496 117.296
103.717 117.546
103.717 117.546
103.717 117.546
103.937 117.796
104.158 118.046
104.378 118.296
104.378 118.296
104.378 118.296
104.378 118.296
104.378 118.296
104.378 118.296
104.599 118.546
104.82 118.796
104.82 118.796
105.04 119.046
105.04 119.046
105.04 119.046
105.261 119.296
105.481 119.546
105.481 119.546
105.481 119.546
105.481 119.546
105.481 119.546
105.481 119.546
105.702 119.796
105.923 120.046
106.143 120.296
106.143 120.296
106.143 120.296
106.364 120.546
106.584 120.796
106.805 121.046
106.805 121.046
107.246 121.546
107.246 121.546
107.246 121.546
107.467 121.796
107.687 122.046
107.908 122.296
107.908 122.296
107.908 122.296
108.128 122.546
108.349 122.796
108.349 122.796
108.57 123.046
108.57 123.046
108.57 123.046
108.79 123.296
109.011 123.546
109.011 123.546
109.011 123.546
109.231 123.796
109.452 124.046
109.452 124.046
109.673 124.296
109.673 124.296
109.673 124.296
109.673 124.296
109.673 124.296
109.893 124.546
110.114 124.796
110.334 125.046
110.334 125.046
110.334 125.046
110.555 125.296
110.775 125.546
110.775 125.546
110.996 125.796
110.996 125.796
111.217 126.046
111.437 126.296
111.437 126.296
111.437 126.296
111.437 126.296
111.658 126.546
111.658 126.546
111.878 126.796
111.878 126.796
112.099 127.046
112.099 127.046
112.099 127.046
112.099 127.046
112.32 127.296
112.32 127.296
112.54 127.546
112.54 127.546
112.54 127.546
112.54 127.546
112.761 127.796
112.761 127.796
112.981 128.046
113.202 128.296
113.202 128.296
113.202 128.296
113.202 128.296
113.202 128.296
113.643 128.796
113.864 129.046
114.084 129.296
114.305 129.546
114.305 129.546
114.525 129.796
114.746 130.046
114.967 130.296
114.967 130.296
114.967 130.296
115.187 130.546
115.408 130.796
115.628 131.046
115.628 131.046
116.07 131.546
116.29 131.796
116.29 131.796
116.511 132.046
116.511 132.046
116.731 132.296
116.731 132.296
116.731 132.296
116.731 132.296
116.731 132.296
117.173 132.796
117.393 133.046
117.393 133.046
117.393 133.046
118.055 133.796
118.055 133.796
118.275 134.046
118.496 134.296
118.496 134.296
118.496 134.296
118.717 134.546
118.937 134.796
119.158 135.046
119.378 135.296
119.378 135.296
119.378 135.296
119.599 135.546
119.599 135.546
119.82 135.796
119.82 135.796
120.04 136.046
120.207 136.235
120.213 136.242
120.261 136.296
120.261 136.296
120.261 136.296
122.025 138.296
122.025 138.296
122.025 138.296
122.025 138.296
122.246 138.546
122.467 138.796
122.687 139.046
122.908 139.296
122.908 139.296
122.908 139.296
122.908 139.296
123.349 139.796
123.57 140.046
123.79 140.296
123.79 140.296
123.79 140.296
123.79 140.296
124.231 140.796
124.452 141.046
124.672 141.296
124.672 141.296
124.672 141.296
124.672 141.296
124.884 141.546
124.884 141.546
125.095 141.796
125.095 141.796
125.306 142.046
125.306 142.046
125.517 142.296
125.517 142.296
125.517 142.296
125.934 142.796
125.934 142.796
126.142 143.046
126.351 143.296
126.351 143.296
126.351 143.296
126.351 143.296
126.767 143.796
126.976 144.046
127.184 144.296
127.184 144.296
127.184 144.296
127.184 144.296
127.392 144.546
127.497 144.671
127.601 144.796
127.825 145.065
128.017 145.296
128.017 145.296
128.017 145.296
128.217 145.535
128.438 145.8
128.646 146.05
128.846 146.29
128.851 146.296
128.851 146.296
128.851 146.296
129.07 146.558
129.28 146.81
129.453 147.019
129.669 147.277
129.684 147.296
129.684 147.296
130.101 147.796
130.101 147.796
130.517 148.296
130.517 148.296
130.726 148.546
130.934 148.796
130.934 148.796
131.142 149.046
131.351 149.296
131.351 149.296
131.559 149.546
131.767 149.796
131.767 149.796
131.976 150.046
132.184 150.296
132.184 150.296
132.184 150.296
132.392 150.546
132.601 150.796
132.809 151.046
133.017 151.296
133.017 151.296
133.017 151.296
133.226 151.546
133.434 151.796
133.642 152.046
133.83 152.271
133.851 152.296
133.851 152.296
134.146 152.65
134.254 152.779
134.472 153.042
134.684 153.296
134.684 153.296
134.684 153.296
135.101 153.796
135.518 154.296
135.518 154.296
135.518 154.296
135.738 154.546
135.959 154.796
136.179 155.046
136.258 155.135
136.4 155.296
136.51 155.421
136.621 155.546
136.731 155.671
136.841 155.796
136.951 155.921
137.062 156.046
137.172 156.171
137.282 156.296
137.282 156.296
137.282 156.296
137.282 156.296
139.047 158.296
139.047 158.296
139.047 158.296
139.047 158.296
139.488 158.796
139.701 159.037
139.709 159.046
140.143 159.538
140.15 159.546
140.15 159.546
140.584 160.037
140.804 160.287
140.812 160.296
140.812 160.296
140.812 160.296
141.246 160.787
141.253 160.796
141.473 161.046
141.692 161.294
141.907 161.538
141.913 161.544
141.915 161.546
142.135 161.796
142.348 162.037
142.576 162.296
142.576 162.296
142.576 162.296
142.79 162.538
143.231 163.037
143.451 163.287
143.457 163.294
143.459 163.296
143.459 163.296
143.679 163.546
143.9 163.796
144.12 164.046
144.56 164.544
144.78 164.794
145.001 165.044
145.003 165.046
145.003 165.046
145.222 165.294
145.223 165.296
145.442 165.544
145.444 165.546
145.663 165.794
145.665 165.796
145.883 166.044
146.106 166.296
146.106 166.296
146.106 166.296
146.106 166.296
146.547 166.796
146.76 167.037
146.768 167.046
146.981 167.287
146.986 167.294
147.201 167.537
147.209 167.546
147.209 167.546
147.643 168.037
147.863 168.287
147.87 168.296
147.87 168.296
147.87 168.296
148.304 168.787
148.312 168.796
148.532 169.046
148.751 169.294
148.966 169.537
148.973 169.546
149.194 169.796
149.407 170.037
149.635 170.296
149.635 170.296
149.635 170.296
149.848 170.537
150.076 170.796
150.297 171.046
150.51 171.287
150.516 171.294
150.738 171.546
150.959 171.796
151.4 172.296
151.4 172.296
152.282 173.296
152.282 173.296
152.495 173.537
152.503 173.546
152.937 174.037
153.157 174.288
153.163 174.294
153.163 174.294
153.165 174.296
153.165 174.296
153.165 174.296
153.378 174.537
153.606 174.796
153.826 175.046
154.268 175.546
154.268 175.546
154.922 176.288
154.929 176.296
154.929 176.296
154.929 176.296
155.37 176.796
155.591 177.046
155.81 177.294
156.032 177.546
156.251 177.794
156.253 177.796
156.473 178.046
156.687 178.288
156.692 178.294
156.694 178.296
156.907 178.537
156.915 178.546
157.135 178.796
157.348 179.037
157.356 179.046
157.569 179.287
157.797 179.546
158.01 179.787
158.018 179.796
158.238 180.046
158.451 180.288
158.459 180.296
158.898 180.794
158.9 180.796
159.12 181.046
159.339 181.294
159.562 181.546
160.223 182.296
160.223 182.296
160.223 182.296
160.437 182.537
160.665 182.796
160.878 183.037
160.885 183.046
161.098 183.287
161.326 183.546
161.547 183.796
161.981 184.288
161.986 184.294
161.988 184.296
161.988 184.296
161.988 184.296
161.988 184.296
162.201 184.537
162.643 185.037
162.863 185.288
162.87 185.296
162.87 185.296
162.87 185.296
163.753 186.296
163.753 186.296
163.753 186.296
163.966 186.537
164.194 186.796
164.628 187.287
164.633 187.294
164.635 187.296
164.635 187.296
165.069 187.787
165.076 187.796
165.51 188.288
165.518 188.296
165.518 188.296
165.518 188.296
165.518 188.296
165.518 188.296
166.4 189.296
166.62 189.546
166.62 189.546
166.841 189.796
166.841 189.796
167.062 190.046
167.062 190.046
167.28 190.294
167.282 190.296
167.282 190.296
167.282 190.296
167.282 190.296
167.391 190.419
167.501 190.544
167.611 190.669
167.722 190.794
167.723 190.796
167.832 190.919
167.942 191.044
167.944 191.046
168.052 191.169
168.163 191.294
168.165 191.296
168.273 191.419
168.383 191.544
168.385 191.546
168.494 191.669
168.604 191.794
168.714 191.919
168.824 192.044
168.826 192.046
168.935 192.169
169.045 192.294
169.047 192.296
169.047 192.296
169.047 192.296
169.047 192.296
169.709 193.046
169.929 193.296
169.929 193.296
169.929 193.296
170.142 193.537
170.15 193.546
170.37 193.796
170.37 193.796
170.584 194.038
170.591 194.046
170.591 194.046
170.804 194.287
170.812 194.296
170.812 194.296
170.812 194.296
170.812 194.296
171.025 194.537
171.253 194.796
171.473 195.046
171.694 195.296
171.915 195.546
172.348 196.038
172.356 196.046
172.569 196.287
172.576 196.296
172.576 196.296
172.576 196.296
172.576 196.296
172.576 196.296
172.797 196.546
173.017 196.796
173.017 196.796
173.238 197.046
173.238 197.046
173.459 197.296
173.459 197.296
173.679 197.546
173.679 197.546
173.679 197.546
173.9 197.796
173.9 197.796
174.113 198.038
174.12 198.046
174.334 198.287
174.341 198.296
174.341 198.296
174.341 198.296
174.341 198.296
174.554 198.537
174.782 198.796
174.995 199.037
175.003 199.046
175.003 199.046
175.216 199.288
175.223 199.296
175.444 199.546
175.657 199.787
175.665 199.796
175.885 200.046
175.885 200.046
176.098 200.287
176.106 200.296
176.106 200.296
176.106 200.296
176.106 200.296
176.106 200.296
176.326 200.546
176.547 200.796
176.767 201.046
176.767 201.046
176.767 201.046
176.767 201.046
176.988 201.296
176.988 201.296
177.209 201.546
177.209 201.546
177.429 201.796
177.65 202.046
177.87 202.296
177.87 202.296
177.87 202.296
177.87 202.296
178.084 202.537
178.091 202.546
178.312 202.796
178.525 203.037
178.532 203.046
178.532 203.046
178.745 203.287
178.753 203.296
178.973 203.546
178.973 203.546
178.973 203.546
179.187 203.787
179.635 204.296
179.635 204.296
179.635 204.296
179.635 204.296
179.848 204.537
179.856 204.546
180.076 204.796
180.076 204.796
180.29 205.037
180.297 205.046
180.297 205.046
180.297 205.046
180.297 205.046
180.51 205.287
180.517 205.296
180.738 205.546
180.738 205.546
180.738 205.546
180.951 205.788
180.959 205.796
181.4 206.296
181.4 206.296
181.4 206.296
181.4 206.296
181.613 206.537
181.841 206.796
182.062 207.046
182.282 207.296
182.282 207.296
182.495 207.537
182.503 207.546
182.503 207.546
182.503 207.546
182.723 207.796
182.723 207.796
183.157 208.287
183.165 208.296
183.165 208.296
183.165 208.296
183.165 208.296
183.606 208.796
183.826 209.046
183.826 209.046
184.047 209.296
184.047 209.296
184.047 209.296
184.26 209.537
184.267 209.546
184.267 209.546
184.267 209.546
184.488 209.796
184.701 210.038
184.709 210.046
184.922 210.287
184.929 210.296
184.929 210.296
184.929 210.296
184.929 210.296
185.142 210.537
185.37 210.796
185.591 211.046
185.812 211.296
186.025 211.537
186.032 211.546
186.245 211.788
186.253 211.796
186.473 212.046
186.694 212.296
186.694 212.296
186.694 212.296
186.907 212.537
186.915 212.546
187.135 212.796
187.356 213.046
187.356 213.046
187.356 213.046
187.576 213.296
187.576 213.296
187.797 213.546
187.797 213.546
187.797 213.546
187.797 213.546
188.017 213.796
188.017 213.796
188.231 214.037
188.238 214.046
188.238 214.046
188.451 214.287
188.459 214.296
188.459 214.296
188.459 214.296
188.459 214.296
188.459 214.296
188.672 214.537
188.9 214.796
189.113 215.037
189.12 215.046
189.12 215.046
189.12 215.046
189.12 215.046
189.334 215.287
189.341 215.296
189.562 215.546
189.562 215.546
189.562 215.546
189.775 215.787
189.782 215.796
190.003 216.046
190.003 216.046
190.223 216.296
190.223 216.296
190.223 216.296
190.223 216.296
190.437 216.537
190.665 216.796
190.885 217.046
190.885 217.046
190.885 217.046
190.885 217.046
191.106 217.296
191.106 217.296
191.106 217.296
191.326 217.546
191.547 217.796
191.547 217.796
191.988 218.296
191.988 218.296
191.988 218.296
191.988 218.296
191.988 218.296
192.201 218.537
192.429 218.796
192.642 219.037
192.65 219.046
192.65 219.046
192.863 219.287
192.87 219.296
193.091 219.546
193.091 219.546
193.304 219.788
193.312 219.796
193.532 220.046
193.753 220.296
193.753 220.296
193.753 220.296
193.753 220.296
193.753 220.296
193.966 220.537
193.973 220.546
194.194 220.796
194.407 221.038
194.415 221.046
194.415 221.046
194.628 221.287
194.635 221.296
194.856 221.546
194.856 221.546
194.856 221.546
194.856 221.546
194.856 221.546
195.069 221.788
195.076 221.796
195.297 222.046
195.517 222.296
195.517 222.296
195.731 222.537
195.738 222.546
195.959 222.796
196.179 223.046
196.179 223.046
196.62 223.546
196.62 223.546
196.62 223.546
196.841 223.796
197.062 224.046
197.282 224.296
197.282 224.296
197.495 224.537
197.503 224.546
197.723 224.796
197.937 225.037
197.944 225.046
197.944 225.046
198.157 225.287
198.164 225.296
198.385 225.546
198.385 225.546
198.598 225.788
198.606 225.796
198.826 226.046
199.039 226.287
199.047 226.296
199.047 226.296
199.047 226.296
199.047 226.296
199.047 226.296
199.267 226.546
199.488 226.796
199.709 227.046
199.709 227.046
199.709 227.046
199.929 227.296
200.15 227.546
200.363 227.788
200.37 227.796
200.584 228.037
200.591 228.046
200.812 228.296
200.812 228.296
200.812 228.296
201.025 228.537
201.032 228.546
201.032 228.546
201.253 228.796
201.253 228.796
201.473 229.046
201.473 229.046
201.473 229.046
201.473 229.046
201.694 229.296
201.694 229.296
201.914 229.546
201.914 229.546
201.914 229.546
201.914 229.546
202.135 229.796
202.348 230.037
202.569 230.287
202.576 230.296
202.576 230.296
202.576 230.296
202.576 230.296
202.789 230.537
203.017 230.796
203.238 231.046
203.459 231.296
203.679 231.546
203.892 231.788
203.9 231.796
204.12 232.046
204.341 232.296
204.341 232.296
204.554 232.537
204.562 232.546
204.782 232.796
205.003 233.046
205.003 233.046
205.444 233.546
205.664 233.796
205.878 234.037
205.885 234.046
206.098 234.287
206.106 234.296
206.106 234.296
206.106 234.296
206.106 234.296
206.319 234.537
206.547 234.796
206.767 235.046
206.767 235.046
206.981 235.288
207.429 235.796
207.642 236.037
207.65 236.046
207.87 236.296
207.87 236.296
207.87 236.296
208.753 237.296
208.753 237.296
208.973 237.546
209.194 237.796
209.407 238.037
209.628 238.287
209.635 238.296
209.635 238.296
209.635 238.296
209.855 238.537
209.862 238.546
210.09 238.796
210.309 239.037
210.317 239.046
210.537 239.287
210.544 239.296
210.544 239.296
210.764 239.537
210.771 239.546
210.999 239.796
211.218 240.037
211.226 240.046
211.446 240.287
211.453 240.296
211.453 240.296
211.677 240.542
211.681 240.546
211.885 240.771
211.908 240.796
212.109 241.017
212.128 241.037
212.135 241.046
212.355 241.292
212.359 241.296
212.583 241.546
212.762 241.746
212.807 241.796
213.023 242.037
213.031 242.046
213.247 242.287
213.251 242.292
213.255 242.296
213.255 242.296
213.255 242.296
213.471 242.537
213.479 242.546
213.479 242.546
213.702 242.796
213.919 243.037
213.926 243.046
213.932 243.052
214.142 243.287
214.146 243.292
214.15 243.296
214.339 243.51
214.363 243.537
214.37 243.546
214.571 243.773
214.591 243.796
214.789 244.021
214.804 244.037
214.812 244.046
215.025 244.287
215.025 244.287
215.032 244.296
215.253 244.546
215.473 244.796
215.687 245.037
215.694 245.046
215.909 245.29
215.914 245.296
216.135 245.546
216.356 245.796
216.569 246.037
216.576 246.046
216.789 246.287
216.797 246.296
216.797 246.296
216.797 246.296
216.797 246.296
217.01 246.537
217.017 246.546
217.238 246.796
217.238 246.796
217.451 247.037
217.459 247.046
217.459 247.046
217.459 247.046
217.672 247.288
217.679 247.296
217.679 247.296
217.892 247.537
217.9 247.546
217.9 247.546
218.12 247.796
218.12 247.796
218.334 248.037
218.341 248.046
218.341 248.046
218.554 248.287
218.562 248.296
218.562 248.296
218.562 248.296
218.562 248.296
218.778 248.537
218.786 248.546
219.009 248.796
219.233 249.046
219.233 249.046
219.45 249.287
219.457 249.296
219.457 249.296
219.681 249.546
219.681 249.546
219.905 249.796
219.905 249.796
220.121 250.037
220.129 250.046
220.353 250.296
220.353 250.296
220.353 250.296
220.353 250.296
220.569 250.537
220.577 250.546
220.801 250.796
221.024 251.046
221.248 251.296
221.472 251.546
221.696 251.796
221.912 252.037
221.92 252.046
222.144 252.296
222.144 252.296
222.36 252.537
222.368 252.546
222.592 252.796
222.592 252.796
222.815 253.046
223.039 253.296
223.039 253.296
223.263 253.546
223.487 253.796
223.711 254.046
223.935 254.296
223.935 254.296
223.935 254.296
223.935 254.296
224.151 254.537
224.159 254.546
224.383 254.796
224.606 255.046
224.83 255.296
225.054 255.546
225.278 255.796
225.502 256.046
225.702 256.269
225.704 256.271
225.709 256.277
225.724 256.294
225.726 256.296
225.866 256.452
226.043 256.65
226.054 256.663
226.06 256.669
226.064 256.673
226.065 256.675
226.187 256.81
226.286 256.921
226.355 256.998
226.366 257.01
226.368 257.012
226.373 257.019
226.401 257.05
226.502 257.163
226.621 257.296
226.631 257.306
226.633 257.308
226.636 257.312
226.64 257.317
226.64 257.317
226.838 257.538
227.069 257.796
227.286 258.038
227.293 258.046
227.509 258.288
227.517 258.296
227.517 258.296
227.517 258.296
227.517 258.296
227.73 258.538
227.737 258.546
227.958 258.796
228.178 259.046
228.399 259.296
228.62 259.546
228.84 259.796
229.053 260.038
229.061 260.046
229.061 260.046
229.274 260.288
229.281 260.296
229.281 260.296
229.502 260.546
229.502 260.546
229.723 260.796
229.723 260.796
229.943 261.046
229.943 261.046
230.164 261.296
230.164 261.296
230.384 261.546
230.605 261.796
230.605 261.796
230.818 262.038
230.825 262.046
230.825 262.046
231.039 262.288
231.046 262.296
231.046 262.296
231.259 262.538
231.267 262.546
231.487 262.796
231.7 263.038
231.708 263.046
231.921 263.288
231.928 263.296
232.149 263.546
232.362 263.788
232.37 263.796
232.59 264.046
232.803 264.288
232.811 264.296
232.811 264.296
233.031 264.546
233.252 264.796
233.252 264.796
233.473 265.046
233.473 265.046
233.693 265.296
233.693 265.296
233.914 265.546
234.134 265.796
234.134 265.796
234.355 266.046
234.355 266.046
234.575 266.296
234.575 266.296
234.789 266.538
234.796 266.546
235.017 266.796
235.23 267.038
235.237 267.046
235.45 267.288
235.458 267.296
235.678 267.546
235.892 267.788
235.899 267.796
236.12 268.046
236.34 268.296
236.34 268.296
236.34 268.296
236.553 268.538
236.561 268.546
236.781 268.796
236.781 268.796
236.995 269.038
237.002 269.046
237.002 269.046
237.215 269.288
237.223 269.296
237.443 269.546
237.656 269.788
237.664 269.796
237.664 269.796
237.884 270.046
238.105 270.296
238.105 270.296
238.318 270.538
238.325 270.546
238.546 270.796
238.767 271.046
238.987 271.296
238.987 271.296
239.2 271.538
239.208 271.546
239.428 271.796
239.428 271.796
239.649 272.046
239.862 272.288
239.87 272.296
239.87 272.296
239.87 272.296
239.87 272.296
240.311 272.796
240.531 273.046
240.531 273.046
240.752 273.296
240.752 273.296
240.752 273.296
240.965 273.538
240.973 273.546
240.973 273.546
240.973 273.546
241.193 273.796
241.406 274.038
241.414 274.046
241.627 274.288
241.634 274.296
241.634 274.296
241.634 274.296
241.634 274.296
241.848 274.538
242.075 274.796
242.296 275.046
242.517 275.296
242.73 275.538
242.737 275.546
242.95 275.788
242.958 275.796
243.178 276.046
243.399 276.296
243.399 276.296
243.399 276.296
243.612 276.538
243.62 276.546
243.84 276.796
244.061 277.046
244.061 277.046
244.061 277.046
244.281 277.296
244.281 277.296
244.502 277.546
244.502 277.546
244.502 277.546
244.502 277.546
244.723 277.796
244.723 277.796
244.936 278.038
244.943 278.046
244.943 278.046
245.156 278.288
245.164 278.296
245.164 278.296
245.164 278.296
245.164 278.296
245.164 278.296
245.377 278.538
245.605 278.796
245.818 279.038
245.825 279.046
245.825 279.046
245.825 279.046
245.825 279.046
246.039 279.288
246.046 279.296
246.267 279.546
246.267 279.546
246.267 279.546
246.48 279.788
246.487 279.796
246.708 280.046
246.708 280.046
246.928 280.296
246.928 280.296
246.928 280.296
246.928 280.296
247.142 280.538
247.37 280.796
247.59 281.046
247.59 281.046
247.59 281.046
247.59 281.046
247.811 281.296
247.811 281.296
247.811 281.296
248.031 281.546
248.252 281.796
248.252 281.796
248.693 282.296
248.693 282.296
248.693 282.296
248.693 282.296
248.693 282.296
248.906 282.538
249.134 282.796
249.347 283.038
249.355 283.046
249.355 283.046
249.568 283.288
249.575 283.296
249.796 283.546
249.796 283.546
250.009 283.788
250.017 283.796
250.237 284.046
250.458 284.296
250.458 284.296
250.458 284.296
250.458 284.296
250.458 284.296
250.671 284.538
250.678 284.546
250.899 284.796
251.112 285.038
251.12 285.046
251.12 285.046
251.333 285.288
251.34 285.296
251.561 285.546
251.561 285.546
251.561 285.546
251.561 285.546
251.561 285.546
251.774 285.788
251.781 285.796
252.002 286.046
252.222 286.296
252.222 286.296
252.436 286.538
252.443 286.546
252.664 286.796
252.884 287.046
252.884 287.046
253.325 287.546
253.325 287.546
253.325 287.546
253.546 287.796
253.767 288.046
253.987 288.296
253.987 288.296
254.2 288.538
254.208 288.546
254.428 288.796
254.642 289.038
254.649 289.046
254.649 289.046
254.862 289.288
254.87 289.296
255.09 289.546
255.09 289.546
255.303 289.788
255.311 289.796
255.531 290.046
255.745 290.288
255.752 290.296
255.752 290.296
255.752 290.296
255.752 290.296
255.752 290.296
255.972 290.546
256.193 290.796
256.414 291.046
256.414 291.046
256.414 291.046
256.634 291.296
256.855 291.546
257.068 291.788
257.075 291.796
257.289 292.038
257.296 292.046
257.517 292.296
257.517 292.296
257.517 292.296
257.73 292.538
257.737 292.546
257.737 292.546
257.958 292.796
257.958 292.796
258.178 293.046
258.178 293.046
258.178 293.046
258.178 293.046
258.399 293.296
258.399 293.296
258.62 293.546
258.62 293.546
258.62 293.546
258.62 293.546
258.84 293.796
259.053 294.038
259.274 294.288
259.281 294.296
259.281 294.296
259.281 294.296
259.281 294.296
259.495 294.538
259.722 294.796
259.943 295.046
260.164 295.296
260.384 295.546
260.597 295.788
260.605 295.796
260.825 296.046
261.046 296.296
261.046 296.296
261.259 296.538
261.267 296.546
261.487 296.796
261.708 297.046
261.708 297.046
262.149 297.546
262.37 297.796
262.583 298.038
262.59 298.046
262.803 298.288
262.811 298.296
262.811 298.296
262.811 298.296
262.811 298.296
262.811 298.296
263.024 298.538
263.252 298.796
263.472 299.046
263.472 299.046
263.472 299.046
263.686 299.288
264.134 299.796
264.134 299.796
264.134 299.796
264.134 299.796
264.347 300.038
264.796 300.546
265.017 300.796
265.237 301.046
265.458 301.296
265.678 301.546
265.899 301.796
265.899 301.796
266.12 302.046
266.12 302.046
266.34 302.296
266.34 302.296
266.561 302.546
266.781 302.796
267.002 303.046
267.443 303.546
267.664 303.796
267.664 303.796
267.884 304.046
267.884 304.046
268.105 304.296
268.105 304.296
268.325 304.546
268.546 304.796
268.546 304.796
268.767 305.046
268.767 305.046
268.987 305.296
269.208 305.546
269.208 305.546
269.428 305.796
269.428 305.796
269.428 305.796
269.649 306.046
269.649 306.046
269.649 306.046
269.87 306.296
269.87 306.296
269.87 306.296
270.09 306.546
270.311 306.796
270.531 307.046
270.752 307.296
270.972 307.546
270.972 307.546
270.972 307.546
271.193 307.796
271.193 307.796
271.193 307.796
271.414 308.046
271.414 308.046
271.414 308.046
271.634 308.296
271.634 308.296
271.634 308.296
271.855 308.546
272.075 308.796
272.296 309.046
272.517 309.296
272.517 309.296
272.737 309.546
272.737 309.546
272.737 309.546
272.958 309.796
272.958 309.796
272.958 309.796
273.178 310.046
273.178 310.046
273.178 310.046
273.399 310.296
273.399 310.296
273.399 310.296
273.84 310.796
274.061 311.046
274.281 311.296
274.502 311.546
274.722 311.796
274.722 311.796
274.943 312.046
274.943 312.046
275.164 312.296
275.164 312.296
275.164 312.296
275.384 312.546
275.384 312.546
275.605 312.796
275.605 312.796
275.825 313.046
275.825 313.046
275.825 313.046
276.046 313.296
276.046 313.296
276.267 313.546
276.267 313.546
276.487 313.796
276.487 313.796
276.487 313.796
276.708 314.046
276.708 314.046
276.836 314.192
276.928 314.296
276.928 314.296
276.939 314.308
276.941 314.31
276.994 314.371
277.443 314.879
278.037 315.552
