0.710417 0.710417
0.7125 0.7125
2.28333 2.28333
2.28333 2.28333
2.40833 2.40833
2.40833 2.40833
2.53333 2.53333
2.53333 2.53333
2.65833 2.65833
2.65833 2.65833
2.78333 2.78333
2.78333 2.78333
2.78333 2.78333
2.78333 2.78333
2.78333 2.78333
4.03333 4.03333
4.03333 4.03333
4.03333 4.03333
4.03333 4.03333
4.03333 4.03333
4.03333 4.03333
4.03333 4.03333
4.03333 4.03333
5.78333 5.78333
5.78333 5.78333
5.78333 5.78333
5.78333 5.78333
6.03333 6.03333
6.03333 6.03333
6.03333 6.03333
6.03333 6.03333
6.53333 6.53333
6.53333 6.53333
6.53333 6.53333
6.53333 6.53333
7.28333 7.28333
7.28333 7.28333
7.28333 7.28333
7.28333 7.28333
7.28333 7.28333
9.28333 9.28333
9.28333 9.28333
9.28333 9.28333
9.28333 9.28333
9.78333 9.78333
9.78333 9.78333
9.78333 9.78333
9.78333 9.78333
10.2833 10.2833
10.2833 10.2833
10.2833 10.2833
10.2833 10.2833
10.6333 10.6333
10.7396 10.7396
10.7417 10.7417
10.7833 10.7833
10.8104 10.8104
10.8479 10.8479
10.8562 10.8562
10.9167 10.9167
10.9646 10.9646
10.9875 10.9875
11.0333 11.0333
11.0333 11.0333
11.0958 11.0958
11.1333 11.1333
11.1646 11.1646
11.2417 11.2417
11.2646 11.2646
11.2833 11.2833
11.3104 11.3104
11.3729 11.3729
11.4125 11.4125
11.4417 11.4417
11.5208 11.5208
11.5333 11.5333
11.55 11.55
11.5896 11.5896
11.6583 11.6583
11.7104 11.7104
11.7271 11.7271
11.7833 11.7833
11.8187 11.8187
11.8438 11.8438
11.8875 11.8875
11.9521 11.9521
11.9979 11.9979
12.0208 12.0208
12.0333 12.0333
12.1062 12.1062
12.1312 12.1312
12.175 12.175
12.2396 12.2396
12.2833 12.2833
12.2875 12.2875
12.3083 12.3083
12.3958 12.3958
12.4292 12.4292
12.4646 12.4646
12.5333 12.5333
12.5375 12.5375
12.5813 12.5813
12.6062 12.6062
12.6896 12.6896
12.7333 12.7333
12.7583 12.7583
12.7833 12.7833
12.8417 12.8417
12.8833 12.8833
12.9104 12.9104
12.9917 12.9917
13.0333 13.0333
13.0354 13.0354
13.0604 13.0604
13.1438 13.1438
13.1833 13.1833
13.2125 13.2125
13.2833 13.2833
13.2917 13.2917
13.3333 13.3333
13.3604 13.3604
13.4417 13.4417
13.4854 13.4854
13.5104 13.5104
13.5333 13.5333
13.5938 13.5938
13.6354 13.6354
13.6625 13.6625
13.7438 13.7438
13.7812 13.7812
13.7833 13.7833
13.8125 13.8125
13.8896 13.8896
13.9417 13.9417
13.9583 13.9583
14.0333 14.0333
14.05 14.05
14.0938 14.0938
14.1188 14.1188
14.2021 14.2021
14.2375 14.2375
14.2708 14.2708
14.2833 14.2833
14.3458 14.3458
14.3833 14.3833
14.4146 14.4146
14.4917 14.4917
14.5333 14.5333
14.5396 14.5396
14.5604 14.5604
14.6479 14.6479
14.675 14.675
14.7167 14.7167
14.7833 14.7833
14.7833 14.7833
14.8521 14.8521
16.2833 16.2833
18.7833 18.7833
18.7833 18.7833
19.0333 19.0333
19.2833 19.2833
19.5333 19.5333
19.7833 19.7833
20.0333 20.0333
20.2833 20.2833
20.5333 20.5333
20.5333 20.5333
20.7833 20.7833
20.7833 20.7833
21.0333 21.0333
21.2833 21.2833
21.5333 21.5333
22.0333 22.0333
22.2833 22.2833
22.7833 22.7833
22.7833 22.7833
23.0333 23.0333
23.2833 23.2833
23.5333 23.5333
23.7833 23.7833
24.2833 24.2833
24.2833 24.2833
24.5333 24.5333
24.7833 24.7833
24.7833 24.7833
25.0333 25.0333
25.2833 25.2833
25.2833 25.2833
25.5333 25.5333
25.7833 25.7833
25.7833 25.7833
26.0333 26.0333
26.2833 26.2833
26.2833 26.2833
26.7833 26.7833
26.7833 26.7833
27.0333 27.0333
27.2833 27.2833
27.5333 27.5333
27.7833 27.7833
28.0333 28.0333
28.2833 28.2833
28.2833 28.2833
28.7833 28.7833
28.7833 28.7833
29.0333 29.0333
29.2833 29.2833
29.5333 29.5333
30.0333 30.0333
30.2833 30.2833
30.7833 30.7833
30.7833 30.7833
31.0333 31.0333
31.2833 31.2833
31.2833 31.2833
31.5333 31.5333
31.7833 31.7833
32.0333 32.0333
32.2833 32.2833
32.2833 32.2833
32.7833 32.7833
32.7833 32.7833
32.7833 32.7833
33.0333 33.0333
33.2833 33.2833
33.2833 33.2833
33.5333 33.5333
33.7833 33.7833
34.0333 34.0333
34.2833 34.2833
34.2833 34.2833
34.5333 34.5333
34.7833 34.7833
34.7833 34.7833
35.0333 35.0333
35.2833 35.2833
35.5333 35.5333
35.5333 35.5333
36.0333 36.0333
36.2833 36.2833
36.2833 36.2833
36.5333 36.5333
36.7833 36.7833
36.7833 36.7833
37.0333 37.0333
37.2833 37.2833
37.2833 37.2833
37.5333 37.5333
37.5333 37.5333
38.2833 38.2833
38.7833 38.7833
38.7833 38.7833
39.0333 39.0333
39.2833 39.2833
39.5333 39.5333
39.5333 39.5333
39.7833 39.7833
40.0333 40.0333
40.2833 40.2833
40.2833 40.2833
40.5333 40.5333
40.7833 40.7833
40.7833 40.7833
41.0333 41.0333
41.0333 41.0333
41.2833 41.2833
41.2833 41.2833
41.5333 41.5333
41.5333 41.5333
41.7833 41.7833
42.0333 42.0333
42.2833 42.2833
42.2833 42.2833
42.7375 42.7375
42.7833 42.7833
43.0333 43.0333
43.2833 43.2833
43.5229 43.5229
43.5333 43.5333
43.775 43.775
44.0333 44.0333
44.2833 44.2833
44.2917 44.2917
44.5292 44.5292
44.5333 44.5333
44.7812 44.7812
44.7833 44.7833
45.0333 45.0333
45.2667 45.2667
45.2833 45.2833
45.5333 45.5333
45.7479 45.7479
46.0333 46.0333
46.2833 46.2833
46.7833 46.7833
46.7833 46.7833
47.0333 47.0333
47.2833 47.2833
47.2833 47.2833
47.5333 47.5333
47.5333 47.5333
47.7833 47.7833
48.0333 48.0333
48.2833 48.2833
48.2833 48.2833
48.7833 48.7833
48.7833 48.7833
48.7833 48.7833
48.7833 48.7833
48.7833 48.7833
49.7833 49.7833
49.7833 49.7833
49.7833 49.7833
50.0333 50.0333
50.2833 50.2833
50.2833 50.2833
50.5333 50.5333
50.7833 50.7833
50.7833 50.7833
50.7833 50.7833
51.0333 51.0333
51.0333 51.0333
51.2833 51.2833
51.2833 51.2833
51.5333 51.5333
51.5333 51.5333
51.5333 51.5333
52.0333 52.0333
52.2833 52.2833
52.5333 52.5333
52.7833 52.7833
52.7833 52.7833
53.0333 53.0333
53.0333 53.0333
53.2833 53.2833
53.2833 53.2833
53.5333 53.5333
53.5333 53.5333
53.5333 53.5333
53.5333 53.5333
54.0317 54.0333
54.2698 54.2833
54.2698 54.2833
54.2698 54.2833
54.2698 54.2833
54.2698 54.2833
54.5079 54.5333
54.746 54.7833
54.746 54.7833
54.746 54.7833
54.746 54.7833
54.746 54.7833
54.746 54.7833
54.746 54.7833
55.4603 55.5333
55.6984 55.7833
55.6984 55.7833
55.6984 55.7833
56.1746 56.2833
56.1746 56.2833
56.6508 56.7833
56.6508 56.7833
56.6508 56.7833
56.6508 56.7833
57.6032 57.7833
57.6032 57.7833
57.6032 57.7833
58.0794 58.2833
58.5556 58.7833
58.5556 58.7833
58.5556 58.7833
58.5556 58.7833
58.5556 58.7833
59.2698 59.5333
59.5079 59.7833
59.5079 59.7833
59.5079 59.7833
59.9841 60.2833
59.9841 60.2833
60.2222 60.5333
60.4603 60.7833
60.4603 60.7833
60.4603 60.7833
60.4603 60.7833
60.4603 60.7833
61.4127 61.7833
61.4127 61.7833
61.6508 62.0333
62.3651 62.7833
62.3651 62.7833
62.3651 62.7833
62.3651 62.7833
62.3651 62.7833
62.8413 63.2833
63.0794 63.5333
63.3175 63.7833
63.3175 63.7833
63.7937 64.2833
64.2698 64.7833
64.2698 64.7833
64.2698 64.7833
64.2698 64.7833
64.2698 64.7833
65.2222 65.7833
65.2222 65.7833
65.2222 65.7833
66.1746 66.7833
66.1746 66.7833
66.1746 66.7833
66.1746 66.7833
66.1746 66.7833
66.6508 67.2833
67.127 67.7833
67.127 67.7833
67.127 67.7833
67.6032 68.2833
67.6032 68.2833
68.0794 68.7833
68.0794 68.7833
68.0794 68.7833
68.0794 68.7833
68.5556 69.2833
69.0317 69.7833
69.0317 69.7833
69.0317 69.7833
69.2698 70.0333
69.5079 70.2833
69.9841 70.7833
69.9841 70.7833
69.9841 70.7833
69.9841 70.7833
69.9841 70.7833
70.6984 71.5333
70.9365 71.7833
70.9365 71.7833
71.4127 72.2833
71.6508 72.5333
71.8889 72.7833
71.8889 72.7833
71.8889 72.7833
71.8889 72.7833
71.8889 72.7833
71.8889 72.7833
72.3651 73.2833
72.8413 73.7833
72.8413 73.7833
72.8413 73.7833
72.8413 73.7833
73.7937 74.7833
73.7937 74.7833
73.7937 74.7833
73.7937 74.7833
73.7937 74.7833
74.5079 75.5333
74.746 75.7833
74.746 75.7833
74.746 75.7833
74.746 75.7833
75.2222 76.2833
75.6984 76.7833
75.6984 76.7833
75.6984 76.7833
75.6984 76.7833
75.6984 76.7833
76.6508 77.7833
76.6508 77.7833
77.127 78.2833
77.6032 78.7833
77.6032 78.7833
77.6032 78.7833
77.6032 78.7833
77.6032 78.7833
78.0794 79.2833
78.3175 79.5333
78.5556 79.7833
78.5556 79.7833
78.5556 79.7833
79.0317 80.2833
79.5079 80.7833
79.5079 80.7833
79.5079 80.7833
79.5079 80.7833
79.5079 80.7833
79.9841 81.2833
80.4603 81.7833
80.4603 81.7833
80.4603 81.7833
80.4603 81.7833
80.9365 82.2833
81.4127 82.7833
81.4127 82.7833
81.4127 82.7833
81.4127 82.7833
81.4127 82.7833
81.8889 83.2833
82.127 83.5333
82.3651 83.7833
82.3651 83.7833
82.3651 83.7833
82.3651 83.7833
82.8413 84.2833
83.3175 84.7833
83.3175 84.7833
83.3175 84.7833
83.3175 84.7833
83.3175 84.7833
84.2698 85.7833
84.2698 85.7833
84.2698 85.7833
84.746 86.2833
85.2222 86.7833
85.2222 86.7833
85.2222 86.7833
85.2222 86.7833
85.2222 86.7833
85.4603 87.0333
85.6984 87.2833
85.9365 87.5333
86.1746 87.7833
86.1746 87.7833
86.1746 87.7833
86.1746 87.7833
86.1746 87.7833
86.6508 88.2833
87.127 88.7833
87.127 88.7833
87.127 88.7833
87.127 88.7833
87.127 88.7833
88.0794 89.7833
88.0794 89.7833
89.0317 90.7833
89.0317 90.7833
89.0317 90.7833
89.0317 90.7833
89.0317 90.7833
89.2698 91.0333
89.5079 91.2833
89.746 91.5333
89.9841 91.7833
89.9841 91.7833
89.9841 91.7833
89.9841 91.7833
90.4603 92.2833
90.9365 92.7833
90.9365 92.7833
90.9365 92.7833
90.9365 92.7833
90.9365 92.7833
91.1746 93.0333
91.4127 93.2833
91.4127 93.2833
91.8889 93.7833
91.8889 93.7833
91.8889 93.7833
92.127 94.0333
92.3651 94.2833
92.3651 94.2833
92.8413 94.7833
92.8413 94.7833
92.8413 94.7833
92.8413 94.7833
92.8413 94.7833
92.8413 94.7833
93.5556 95.5333
93.7937 95.7833
93.7937 95.7833
93.7937 95.7833
93.7937 95.7833
94.2698 96.2833
94.2698 96.2833
94.746 96.7833
94.746 96.7833
94.746 96.7833
94.746 96.7833
94.746 96.7833
94.746 96.7833
95.2222 97.2833
95.2222 97.2833
95.6984 97.7833
95.6984 97.7833
95.6984 97.7833
95.6984 97.7833
95.6984 97.7833
96.1746 98.2833
96.6508 98.7833
96.6508 98.7833
96.6508 98.7833
96.6508 98.7833
96.6508 98.7833
96.8889 99.0333
97.127 99.2833
97.3651 99.5333
97.6032 99.7833
97.6032 99.7833
97.6032 99.7833
98.0794 100.283
98.5556 100.783
98.5556 100.783
98.5556 100.783
98.5556 100.783
98.5556 100.783
98.7937 101.033
99.0317 101.283
99.0317 101.283
99.2698 101.533
99.5079 101.783
99.5079 101.783
99.5079 101.783
99.5079 101.783
99.746 102.033
99.9841 102.283
100.222 102.533
100.46 102.783
100.46 102.783
100.46 102.783
100.46 102.783
100.46 102.783
100.46 102.783
100.698 103.033
100.937 103.283
101.175 103.533
101.413 103.783
101.413 103.783
101.413 103.783
101.413 103.783
101.889 104.283
101.889 104.283
102.127 104.533
102.365 104.783
102.365 104.783
102.365 104.783
102.365 104.783
102.365 104.783
102.841 105.283
102.841 105.283
103.317 105.783
103.317 105.783
103.317 105.783
103.317 105.783
103.794 106.283
104.27 106.783
104.27 106.783
104.27 106.783
104.27 106.783
104.27 106.783
104.508 107.033
104.746 107.283
104.984 107.533
105.222 107.783
105.222 107.783
105.222 107.783
105.222 107.783
105.698 108.283
105.698 108.283
105.937 108.533
106.175 108.783
106.175 108.783
106.175 108.783
106.175 108.783
106.175 108.783
106.413 109.033
106.651 109.283
107.127 109.783
107.127 109.783
107.127 109.783
107.365 110.033
107.603 110.283
107.603 110.283
108.079 110.783
108.079 110.783
108.079 110.783
108.079 110.783
108.079 110.783
108.794 111.533
109.032 111.783
109.032 111.783
109.032 111.783
109.032 111.783
109.508 112.283
109.508 112.283
109.984 112.783
109.984 112.783
109.984 112.783
109.984 112.783
109.984 112.783
110.46 113.283
110.937 113.783
110.937 113.783
110.937 113.783
110.937 113.783
111.413 114.283
111.413 114.283
111.889 114.783
111.889 114.783
111.889 114.783
111.889 114.783
111.889 114.783
112.365 115.283
112.603 115.533
112.841 115.783
112.841 115.783
112.841 115.783
112.841 115.783
113.317 116.283
113.794 116.783
113.794 116.783
113.794 116.783
113.794 116.783
113.794 116.783
113.794 116.783
113.794 116.783
113.794 116.783
113.794 116.783
113.794 116.783
114.032 117.033
114.27 117.283
114.27 117.283
114.27 117.283
114.27 117.283
114.27 117.283
114.746 117.783
114.746 117.783
114.746 117.783
114.746 117.783
114.746 117.783
114.746 117.783
114.746 117.783
115.222 118.283
115.222 118.283
115.222 118.283
115.222 118.283
115.222 118.283
115.698 118.783
115.698 118.783
115.698 118.783
115.698 118.783
115.698 118.783
115.937 119.033
116.175 119.283
116.413 119.533
116.651 119.783
116.651 119.783
116.651 119.783
116.651 119.783
117.127 120.283
117.127 120.283
117.365 120.533
117.603 120.783
117.603 120.783
117.603 120.783
117.603 120.783
118.079 121.283
118.079 121.283
118.556 121.783
118.556 121.783
118.556 121.783
119.032 122.283
119.508 122.783
119.508 122.783
119.508 122.783
119.508 122.783
119.508 122.783
119.746 123.033
119.984 123.283
120.222 123.533
120.46 123.783
120.46 123.783
120.46 123.783
120.46 123.783
120.937 124.283
120.937 124.283
121.175 124.533
121.413 124.783
121.413 124.783
121.413 124.783
121.413 124.783
121.413 124.783
122.127 125.533
122.365 125.783
122.365 125.783
122.365 125.783
122.841 126.283
123.317 126.783
123.317 126.783
123.317 126.783
123.317 126.783
123.317 126.783
124.032 127.533
124.27 127.783
124.27 127.783
124.27 127.783
124.27 127.783
124.746 128.283
124.746 128.283
125.222 128.783
125.222 128.783
125.222 128.783
125.222 128.783
125.222 128.783
125.698 129.283
125.937 129.533
126.175 129.783
126.175 129.783
126.175 129.783
126.175 129.783
126.651 130.283
126.651 130.283
127.127 130.783
127.127 130.783
127.127 130.783
127.127 130.783
127.127 130.783
127.603 131.283
128.079 131.783
128.079 131.783
128.079 131.783
128.079 131.783
128.556 132.283
129.032 132.783
129.032 132.783
129.032 132.783
129.032 132.783
129.032 132.783
129.032 132.783
129.746 133.533
129.984 133.783
129.984 133.783
129.984 133.783
129.984 133.783
130.46 134.283
130.937 134.783
130.937 134.783
130.937 134.783
130.937 134.783
130.937 134.783
130.937 134.783
130.937 134.783
130.937 134.783
131.413 135.283
131.651 135.533
131.889 135.783
131.889 135.783
131.889 135.783
131.889 135.783
132.365 136.283
132.603 136.533
132.841 136.783
132.841 136.783
132.841 136.783
132.841 136.783
132.841 136.783
132.841 136.783
133.317 137.283
133.556 137.533
133.556 137.533
133.556 137.533
133.556 137.533
133.794 137.783
133.794 137.783
133.794 137.783
133.794 137.783
133.794 137.783
134.032 138.033
134.27 138.283
134.27 138.283
134.27 138.283
134.27 138.283
134.27 138.283
134.27 138.283
134.508 138.533
134.508 138.533
134.508 138.533
134.746 138.783
134.746 138.783
134.746 138.783
134.746 138.783
135.698 139.783
135.698 139.783
135.698 139.783
135.698 139.783
135.698 139.783
135.698 139.783
136.175 140.283
136.175 140.283
136.175 140.283
136.413 140.533
136.413 140.533
136.413 140.533
136.651 140.783
136.651 140.783
136.651 140.783
136.651 140.783
136.651 140.783
136.651 140.783
137.127 141.283
137.127 141.283
137.365 141.533
137.365 141.533
137.603 141.783
137.603 141.783
137.841 142.033
137.841 142.033
138.079 142.283
138.079 142.283
138.556 142.783
138.556 142.783
138.794 143.033
138.794 143.033
139.032 143.283
139.032 143.283
139.032 143.283
139.032 143.283
139.032 143.283
139.27 143.533
139.27 143.533
139.508 143.783
139.508 143.783
139.508 143.783
139.508 143.783
139.508 143.783
139.746 144.033
139.746 144.033
139.984 144.283
139.984 144.283
139.984 144.283
139.984 144.283
139.984 144.283
140.222 144.533
140.222 144.533
140.46 144.783
140.46 144.783
140.698 145.033
140.698 145.033
140.698 145.033
140.698 145.033
140.698 145.033
140.937 145.283
140.937 145.283
140.937 145.283
140.937 145.283
140.937 145.283
141.175 145.533
141.175 145.533
141.175 145.533
141.175 145.533
141.175 145.533
141.413 145.783
141.413 145.783
141.413 145.783
141.413 145.783
141.413 145.783
141.651 146.033
141.651 146.033
141.651 146.033
141.651 146.033
141.651 146.033
141.889 146.283
141.889 146.283
141.889 146.283
141.889 146.283
141.889 146.283
142.127 146.533
142.127 146.533
142.127 146.533
142.127 146.533
142.127 146.533
142.365 146.783
142.365 146.783
142.365 146.783
142.365 146.783
142.841 147.283
142.841 147.283
143.317 147.783
143.317 147.783
143.794 148.283
143.794 148.283
144.032 148.533
144.032 148.533
144.27 148.783
144.27 148.783
144.27 148.783
144.27 148.783
144.27 148.783
144.27 148.783
144.746 149.283
144.746 149.283
144.984 149.533
144.984 149.533
145.222 149.783
145.222 149.783
145.222 149.783
145.222 149.783
145.222 149.783
145.46 150.033
145.46 150.033
145.698 150.283
145.698 150.283
146.175 150.783
146.175 150.783
146.175 150.783
146.175 150.783
146.175 150.783
146.175 150.783
146.413 151.033
146.413 151.033
146.651 151.283
146.651 151.283
146.651 151.283
146.651 151.283
146.651 151.283
146.651 151.283
146.889 151.533
146.889 151.533
147.127 151.783
147.127 151.783
147.127 151.783
147.127 151.783
147.127 151.783
147.127 151.783
147.365 152.033
147.365 152.033
147.603 152.283
147.603 152.283
147.603 152.283
147.603 152.283
147.603 152.283
147.603 152.283
147.841 152.533
147.841 152.533
148.079 152.783
148.079 152.783
148.317 153.033
148.317 153.033
148.317 153.033
148.317 153.033
148.317 153.033
148.317 153.033
148.556 153.283
148.556 153.283
148.556 153.283
148.556 153.283
148.556 153.283
148.556 153.283
148.556 153.283
148.794 153.533
148.794 153.533
148.794 153.533
148.794 153.533
148.794 153.533
148.794 153.533
149.032 153.783
149.032 153.783
149.032 153.783
149.032 153.783
149.032 153.783
149.032 153.783
149.27 154.033
149.27 154.033
149.27 154.033
149.27 154.033
149.27 154.033
149.27 154.033
149.508 154.283
149.508 154.283
149.508 154.283
149.508 154.283
149.508 154.283
149.508 154.283
149.746 154.533
149.746 154.533
149.746 154.533
149.746 154.533
149.746 154.533
149.984 154.783
149.984 154.783
149.984 154.783
149.984 154.783
149.984 154.783
149.984 154.783
149.984 154.783
150.698 155.533
150.698 155.533
150.698 155.533
150.698 155.533
150.698 155.533
150.698 155.533
150.698 155.533
151.175 156.033
151.175 156.033
151.175 156.033
151.175 156.033
151.175 156.033
151.175 156.033
151.175 156.033
153.794 158.783
153.794 158.783
153.794 158.783
153.794 158.783
153.794 158.783
154.032 159.033
154.27 159.283
154.508 159.533
154.746 159.783
154.746 159.783
154.746 159.783
154.746 159.783
155.222 160.283
155.222 160.283
155.46 160.533
155.698 160.783
155.698 160.783
155.698 160.783
155.698 160.783
156.175 161.283
156.175 161.283
156.413 161.533
156.651 161.783
156.651 161.783
156.651 161.783
156.889 162.033
157.127 162.283
157.127 162.283
157.365 162.533
157.603 162.783
157.603 162.783
157.603 162.783
157.603 162.783
157.603 162.783
157.841 163.033
158.079 163.283
158.317 163.533
158.556 163.783
158.556 163.783
158.556 163.783
158.556 163.783
159.032 164.283
159.032 164.283
159.27 164.533
159.508 164.783
159.508 164.783
159.508 164.783
159.508 164.783
159.508 164.783
159.984 165.283
160.46 165.783
160.46 165.783
160.46 165.783
160.698 166.033
160.937 166.283
160.937 166.283
161.175 166.533
161.413 166.783
161.413 166.783
161.413 166.783
161.413 166.783
161.413 166.783
162.127 167.533
162.365 167.783
162.365 167.783
162.365 167.783
162.365 167.783
162.841 168.283
162.841 168.283
163.317 168.783
163.317 168.783
163.317 168.783
163.317 168.783
163.317 168.783
163.794 169.283
164.27 169.783
164.27 169.783
164.27 169.783
164.27 169.783
164.746 170.283
164.746 170.283
165.222 170.783
165.222 170.783
165.222 170.783
165.222 170.783
165.222 170.783
165.698 171.283
165.937 171.533
166.175 171.783
166.175 171.783
166.175 171.783
166.175 171.783
166.651 172.283
167.127 172.783
167.127 172.783
167.127 172.783
167.127 172.783
167.127 172.783
167.127 172.783
167.127 172.783
167.127 172.783
167.127 172.783
167.127 172.783
167.365 173.033
167.603 173.283
167.603 173.283
167.603 173.283
167.603 173.283
167.603 173.283
168.079 173.783
168.079 173.783
168.079 173.783
168.079 173.783
168.079 173.783
168.079 173.783
168.079 173.783
168.556 174.283
168.556 174.283
168.556 174.283
168.556 174.283
168.556 174.283
169.032 174.783
169.032 174.783
169.032 174.783
169.032 174.783
169.032 174.783
169.27 175.033
169.508 175.283
169.746 175.533
169.984 175.783
169.984 175.783
169.984 175.783
169.984 175.783
170.46 176.283
170.46 176.283
170.698 176.533
170.937 176.783
170.937 176.783
170.937 176.783
170.937 176.783
171.413 177.283
171.413 177.283
171.413 177.283
171.889 177.783
171.889 177.783
171.889 177.783
172.127 178.033
172.365 178.283
172.365 178.283
172.603 178.533
172.841 178.783
172.841 178.783
172.841 178.783
172.841 178.783
172.841 178.783
173.079 179.033
173.317 179.283
173.556 179.533
173.794 179.783
173.794 179.783
173.794 179.783
173.794 179.783
174.27 180.283
174.27 180.283
174.508 180.533
174.746 180.783
174.746 180.783
174.746 180.783
174.746 180.783
175.222 181.283
175.698 181.783
175.698 181.783
175.937 182.033
176.175 182.283
176.175 182.283
176.413 182.533
176.651 182.783
176.651 182.783
176.651 182.783
176.651 182.783
176.651 182.783
177.365 183.533
177.603 183.783
177.603 183.783
177.603 183.783
177.603 183.783
178.079 184.283
178.079 184.283
178.556 184.783
178.556 184.783
178.556 184.783
178.556 184.783
178.556 184.783
179.032 185.283
179.27 185.533
179.508 185.783
179.508 185.783
179.508 185.783
179.508 185.783
179.984 186.283
179.984 186.283
180.46 186.783
180.46 186.783
180.46 186.783
180.46 186.783
180.46 186.783
180.937 187.283
181.413 187.783
181.413 187.783
181.413 187.783
181.413 187.783
181.889 188.283
182.365 188.783
182.365 188.783
182.365 188.783
182.365 188.783
182.365 188.783
182.365 188.783
183.317 189.783
183.317 189.783
183.317 189.783
183.317 189.783
183.794 190.283
183.794 190.283
184.27 190.783
184.27 190.783
184.27 190.783
184.27 190.783
184.27 190.783
184.27 190.783
184.27 190.783
184.746 191.283
184.984 191.533
185.222 191.783
185.222 191.783
185.222 191.783
185.222 191.783
185.698 192.283
185.937 192.533
186.175 192.783
186.175 192.783
186.175 192.783
186.175 192.783
186.175 192.783
186.175 192.783
186.413 193.033
186.413 193.033
186.651 193.283
186.889 193.533
186.889 193.533
186.889 193.533
186.889 193.533
187.127 193.783
187.127 193.783
187.127 193.783
187.127 193.783
187.127 193.783
187.603 194.283
187.603 194.283
187.603 194.283
187.603 194.283
188.079 194.783
188.079 194.783
188.079 194.783
188.079 194.783
188.079 194.783
188.079 194.783
188.794 195.533
189.032 195.783
189.032 195.783
189.032 195.783
189.032 195.783
189.032 195.783
189.27 196.033
189.27 196.033
189.746 196.533
189.984 196.783
189.984 196.783
189.984 196.783
189.984 196.783
189.984 196.783
189.984 196.783
190.222 197.033
190.222 197.033
190.222 197.033
190.222 197.033
190.222 197.033
190.698 197.533
190.698 197.533
190.937 197.783
190.937 197.783
190.937 197.783
190.937 197.783
191.175 198.033
191.413 198.283
191.413 198.283
191.413 198.283
191.889 198.783
191.889 198.783
191.889 198.783
191.889 198.783
191.889 198.783
191.889 198.783
191.889 198.783
