0.625 0.645833
0.866936 0.895833
1.10887 1.14583
1.35081 1.39583
1.35081 1.39583
1.83468 1.89583
2.31855 2.39583
2.31855 2.39583
2.80242 2.89583
4.49597 4.64583
4.7379 4.89583
4.97984 5.14583
5.22177 5.39583
5.22177 5.39583
5.22177 5.39583
5.22177 5.39583
5.22177 5.39583
5.70565 5.89583
6.18952 6.39583
6.18952 6.39583
6.67339 6.89583
6.67339 6.89583
7.64113 7.89583
8.11892 8.39583
8.11892 8.39583
8.35702 8.64583
8.59511 8.89583
8.83321 9.14583
9.0713 9.39583
9.0713 9.39583
9.0713 9.39583
9.0713 9.39583
9.54749 9.89583
10.0237 10.3958
10.0237 10.3958
10.4999 10.8958
10.738 11.1458
10.9761 11.3958
11.4523 11.8958
11.4523 11.8958
11.6903 12.1458
11.9284 12.3958
11.9284 12.3958
11.9284 12.3958
12.4046 12.8958
12.6427 13.1458
12.8808 13.3958
13.357 13.8958
13.8332 14.3958
13.8332 14.3958
14.3094 14.8958
15.2618 15.8958
15.738 16.3958
15.738 16.3958
15.9761 16.6458
16.2142 16.8958
16.4523 17.1458
16.6903 17.3958
16.6903 17.3958
17.1665 17.8958
17.6427 18.3958
17.6427 18.3958
18.1189 18.8958
19.0713 19.8958
19.5475 20.3958
19.5475 20.3958
19.7856 20.6458
20.0237 20.8958
20.0237 20.8958
20.2618 21.1458
20.4999 21.3958
20.4999 21.3958
20.9761 21.8958
21.4583 22.3958
21.4583 22.3958
21.9422 22.8958
23.3938 24.3958
23.6358 24.6458
23.8777 24.8958
24.1196 25.1458
24.3616 25.3958
24.3616 25.3958
24.3616 25.3958
24.3616 25.3958
24.8454 25.8958
25.3293 26.3958
25.8132 26.8958
26.0551 27.1458
26.297 27.3958
26.7809 27.8958
27.2648 28.3958
27.7487 28.8958
27.9906 29.1458
28.2325 29.3958
28.7164 29.8958
29.2003 30.3958
29.6841 30.8958
30.1619 31.3958
32.1138 33.3958
32.3817 33.6458
32.6495 33.8958
32.8898 34.1458
33.1104 34.3958
33.1104 34.3958
33.331 34.6458
33.331 34.6458
34.0676 35.3958
34.0676 35.3958
34.0676 35.3958
34.0676 35.3958
34.0676 35.3958
34.6033 35.8958
34.8538 36.1458
35.0919 36.3958
35.0919 36.3958
35.0919 36.3958
35.0919 36.3958
35.33 36.6458
36.0443 37.3958
36.0443 37.3958
36.0443 37.3958
36.0443 37.3958
36.5205 37.8958
36.9967 38.3958
36.9967 38.3958
36.9967 38.3958
37.4729 38.8958
37.949 39.3958
37.949 39.3958
37.949 39.3958
37.949 39.3958
38.4252 39.8958
38.6656 40.1458
38.9075 40.3958
38.9075 40.3958
38.9075 40.3958
39.1494 40.6458
39.3914 40.8958
39.6333 41.1458
39.8753 41.3958
39.8753 41.3958
39.8753 41.3958
39.8753 41.3958
40.6011 42.1458
40.843 42.3958
41.0849 42.6458
41.3269 42.8958
41.3269 42.8958
41.5688 43.1458
41.8107 43.3958
41.8107 43.3958
41.8107 43.3958
41.8107 43.3958
41.8107 43.3958
42.0527 43.6458
42.2946 43.8958
42.5365 44.1458
42.7785 44.3958
42.7785 44.3958
42.7785 44.3958
42.7785 44.3958
43.2623 44.8958
43.5043 45.1458
43.7462 45.3958
43.7462 45.3958
43.7462 45.3958
43.7462 45.3958
43.9882 45.6458
44.714 46.3958
44.714 46.3958
44.714 46.3958
44.9559 46.6458
45.1978 46.8958
45.4398 47.1458
45.6817 47.3958
45.6817 47.3958
45.6817 47.3958
45.6817 47.3958
45.6817 47.3958
45.9236 47.6458
46.1656 47.8958
46.1656 47.8958
46.4075 48.1458
46.6494 48.3958
46.6494 48.3958
46.6494 48.3958
47.1333 48.8958
47.1333 48.8958
47.3753 49.1458
47.6172 49.3958
48.1011 49.8958
48.3408 50.1458
48.5788 50.3958
48.8169 50.6458
49.055 50.8958
49.2931 51.1458
49.5312 51.3958
49.565 51.4312
49.565 51.4312
49.565 51.4312
49.565 51.4312
50.0411 51.9312
50.2478 52.1458
50.4897 52.3958
50.524 52.4312
50.524 52.4312
50.524 52.4312
50.7316 52.6458
51.2155 53.1458
51.4917 53.4312
51.4917 53.4312
51.4917 53.4312
51.9756 53.9312
52.4594 54.4312
52.4594 54.4312
52.4594 54.4312
52.9433 54.9312
53.3929 55.3958
53.4272 55.4312
53.4272 55.4312
53.4272 55.4312
53.9111 55.9312
54.1187 56.1458
54.3607 56.3958
54.3949 56.4312
54.3949 56.4312
54.6026 56.6458
54.8445 56.8958
55.0865 57.1458
55.3627 57.4312
55.3627 57.4312
55.3627 57.4312
55.3627 57.4312
56.0885 58.1812
56.3304 58.4312
56.5724 58.6812
56.78 58.8958
56.8143 58.9312
57.0219 59.1458
57.2639 59.3958
57.2982 59.4312
57.2982 59.4312
57.2982 59.4312
57.2982 59.4312
57.5058 59.6458
57.782 59.9312
57.9897 60.1458
58.2316 60.3958
58.2659 60.4312
58.2659 60.4312
58.2659 60.4312
58.7155 60.8958
58.9574 61.1458
59.2336 61.4312
59.2336 61.4312
59.2336 61.4312
59.2336 61.4312
59.4413 61.6458
60.2014 62.4312
60.2014 62.4312
60.2014 62.4312
60.8929 63.1458
61.1349 63.3958
61.1691 63.4312
61.1691 63.4312
61.1691 63.4312
61.1691 63.4312
61.3768 63.6458
61.6187 63.8958
61.653 63.9312
61.8607 64.1458
62.1026 64.3958
62.1369 64.4313
62.1369 64.4313
62.1369 64.4313
62.5865 64.8958
62.6207 64.9313
62.8284 65.1458
63.1046 65.4313
63.5885 65.9313
63.8304 66.1813
64.0724 66.4313
64.3143 66.6813
64.5562 66.9313
64.7982 67.1813
65.0058 67.3958
65.0401 67.4313
65.0401 67.4313
65.0401 67.4313
65.0401 67.4313
65.524 67.9313
65.7294 68.1458
65.9675 68.3958
66.0012 68.4313
66.0012 68.4313
66.0012 68.4313
66.2056 68.6458
66.9199 69.3958
66.9536 69.4313
66.9536 69.4313
66.9536 69.4313
67.4298 69.9313
67.906 70.4313
67.906 70.4313
67.906 70.4313
68.3822 70.9313
68.8246 71.3958
68.8584 71.4313
68.8584 71.4313
68.8584 71.4313
69.3345 71.9313
69.5389 72.1458
69.777 72.3958
69.8107 72.4313
69.8107 72.4313
70.0151 72.6458
70.2532 72.8958
70.4913 73.1458
70.7631 73.4313
70.7631 73.4313
70.7631 73.4313
70.7631 73.4313
71.4774 74.1813
71.7155 74.4313
71.9536 74.6813
72.158 74.8958
72.1917 74.9313
72.3961 75.1458
72.6341 75.3958
72.6679 75.4313
72.6679 75.4313
72.6679 75.4313
72.6679 75.4313
72.8722 75.6458
73.1441 75.9313
73.3484 76.1458
73.5865 76.3958
73.6203 76.4313
73.6203 76.4313
73.6203 76.4313
74.0627 76.8958
74.3008 77.1458
74.5726 77.4313
74.5726 77.4313
74.5726 77.4313
74.5726 77.4313
74.777 77.6458
75.5316 78.4313
75.5316 78.4313
75.5316 78.4313
75.7393 78.6458
75.9812 78.8958
76.2232 79.1458
76.4651 79.3958
76.4651 79.3958
76.4651 79.3958
76.4651 79.3958
76.4651 79.3958
76.949 79.8958
76.949 79.8958
77.4329 80.3958
77.4329 80.3958
77.4329 80.3958
77.9167 80.8958
78.1587 81.1458
78.4006 81.3958
78.4006 81.3958
78.4006 81.3958
78.4006 81.3958
78.8845 81.8958
78.8845 81.8958
79.3683 82.3958
79.3683 82.3958
79.3683 82.3958
79.6103 82.6458
80.3361 83.3958
80.3361 83.3958
80.3361 83.3958
80.3361 83.3958
80.3361 83.3958
80.82 83.8958
81.3038 84.3958
81.3038 84.3958
81.3038 84.3958
81.7877 84.8958
82.2716 85.3958
82.2716 85.3958
82.2716 85.3958
82.2716 85.3958
82.2716 85.3958
82.7554 85.8958
83.2393 86.3958
83.2393 86.3958
83.2393 86.3958
83.2393 86.3958
83.2393 86.3958
83.2393 86.3958
83.2393 86.3958
83.2393 86.3958
83.2393 86.3958
83.9651 87.1458
84.2071 87.3958
84.2071 87.3958
84.2071 87.3958
84.2071 87.3958
84.2071 87.3958
84.2071 87.3958
84.2071 87.3958
84.6909 87.8958
84.6909 87.8958
85.1748 88.3958
85.1748 88.3958
85.1748 88.3958
85.1748 88.3958
85.4167 88.6458
85.4167 88.6458
85.6587 88.8958
86.1425 89.3958
86.1425 89.3958
86.1425 89.3958
86.1425 89.3958
86.1425 89.3958
87.1042 90.3958
87.1042 90.3958
87.1042 90.3958
87.3423 90.6458
87.3423 90.6458
87.5804 90.8958
87.5804 90.8958
87.8185 91.1458
88.0566 91.3958
88.0566 91.3958
88.0566 91.3958
88.0566 91.3958
88.0566 91.3958
88.2947 91.6458
88.5328 91.8958
88.5328 91.8958
88.7731 92.1458
89.015 92.3958
89.015 92.3958
89.015 92.3958
89.015 92.3958
89.257 92.6458
89.4989 92.8958
89.4989 92.8958
89.9828 93.3958
89.9828 93.3958
89.9828 93.3958
89.9828 93.3958
89.9828 93.3958
89.9828 93.3958
90.7086 94.1458
90.9505 94.3958
90.9505 94.3958
90.9505 94.3958
91.1925 94.6458
91.4344 94.8958
91.9183 95.3958
91.9183 95.3958
91.9183 95.3958
91.9183 95.3958
91.9183 95.3958
92.1602 95.6458
92.4021 95.8958
92.4021 95.8958
92.6441 96.1458
92.886 96.3958
92.886 96.3958
92.886 96.3958
92.886 96.3958
93.1279 96.6458
93.3699 96.8958
93.6118 97.1458
93.8537 97.3958
93.8537 97.3958
93.8537 97.3958
93.8537 97.3958
93.8537 97.3958
94.3376 97.8958
94.3376 97.8958
94.8215 98.3958
94.8215 98.3958
95.0634 98.6458
95.3054 98.8958
95.5451 99.1458
95.7832 99.3958
95.7832 99.3958
95.7832 99.3958
95.7832 99.3958
95.7832 99.3958
96.0212 99.6458
96.2593 99.8958
96.2593 99.8958
96.4974 100.146
96.4974 100.146
96.7355 100.396
96.7355 100.396
96.7355 100.396
96.7355 100.396
96.9736 100.646
96.9736 100.646
97.2117 100.896
97.4498 101.146
97.4498 101.146
97.6879 101.396
97.6879 101.396
97.6879 101.396
97.6879 101.396
97.6879 101.396
98.1641 101.896
98.6403 102.396
98.6403 102.396
98.6403 102.396
98.6403 102.396
98.8784 102.646
99.1165 102.896
99.1165 102.896
99.2355 103.021
99.3546 103.146
99.4736 103.271
99.5927 103.396
99.5927 103.396
99.5927 103.396
99.5927 103.396
99.5927 103.396
99.5927 103.396
100.069 103.896
100.069 103.896
100.545 104.396
100.545 104.396
100.545 104.396
100.545 104.396
100.783 104.646
100.783 104.646
101.021 104.896
101.497 105.396
101.497 105.396
101.497 105.396
101.497 105.396
101.497 105.396
101.974 105.896
102.214 106.146
102.456 106.396
102.456 106.396
102.698 106.646
102.94 106.896
102.94 106.896
103.182 107.146
103.424 107.396
103.424 107.396
103.424 107.396
103.424 107.396
103.908 107.896
103.908 107.896
104.149 108.146
104.391 108.396
104.391 108.396
104.391 108.396
104.633 108.646
104.633 108.646
104.875 108.896
104.875 108.896
105.359 109.396
105.359 109.396
105.359 109.396
105.359 109.396
105.359 109.396
105.843 109.896
106.085 110.146
106.085 110.146
106.327 110.396
106.327 110.396
106.327 110.396
106.327 110.396
106.569 110.646
106.569 110.646
106.811 110.896
106.811 110.896
107.053 111.146
107.053 111.146
107.295 111.396
107.295 111.396
107.295 111.396
107.295 111.396
107.295 111.396
107.778 111.896
108.02 112.146
108.262 112.396
108.262 112.396
108.262 112.396
108.262 112.396
108.746 112.896
108.746 112.896
109.23 113.396
109.23 113.396
109.23 113.396
109.23 113.396
109.593 113.771
109.714 113.896
110.198 114.396
110.198 114.396
111.166 115.396
111.408 115.646
111.649 115.896
111.891 116.146
112.133 116.396
112.375 116.646
113.101 117.396
113.101 117.396
113.101 117.396
113.101 117.396
113.101 117.396
113.585 117.896
113.585 117.896
114.069 118.396
114.553 118.896
114.553 118.896
115.037 119.396
115.037 119.396
115.037 119.396
115.037 119.396
115.037 119.396
115.762 120.146
116.004 120.396
116.488 120.896
116.488 120.896
116.972 121.396
116.972 121.396
116.972 121.396
116.972 121.396
116.972 121.396
117.456 121.896
117.94 122.396
118.424 122.896
118.908 123.396
118.908 123.396
118.908 123.396
118.908 123.396
118.908 123.396
119.873 124.396
119.873 124.396
120.113 124.646
120.113 124.646
120.354 124.896
120.354 124.896
120.594 125.146
120.834 125.396
120.834 125.396
120.834 125.396
120.834 125.396
120.834 125.396
121.315 125.896
121.796 126.396
121.796 126.396
121.796 126.396
122.277 126.896
122.757 127.396
122.757 127.396
122.757 127.396
123.238 127.896
123.479 128.146
123.479 128.146
123.719 128.396
123.719 128.396
123.959 128.646
123.959 128.646
124.2 128.896
124.2 128.896
124.44 129.146
124.68 129.396
124.68 129.396
124.68 129.396
124.68 129.396
124.68 129.396
124.68 129.396
125.402 130.146
125.642 130.396
125.642 130.396
125.882 130.646
126.123 130.896
126.363 131.146
126.363 131.146
127.084 131.896
127.565 132.396
127.565 132.396
127.565 132.396
127.805 132.646
127.805 132.646
128.046 132.896
128.046 132.896
128.286 133.146
128.527 133.396
128.527 133.396
128.527 133.396
128.527 133.396
128.527 133.396
129.488 134.396
129.488 134.396
129.729 134.646
129.969 134.896
129.969 134.896
130.209 135.146
130.45 135.396
130.45 135.396
130.45 135.396
130.45 135.396
130.93 135.896
130.93 135.896
131.171 136.146
131.411 136.396
131.411 136.396
131.652 136.646
131.892 136.896
131.892 136.896
132.132 137.146
132.373 137.396
132.373 137.396
132.373 137.396
132.373 137.396
132.854 137.896
133.334 138.396
133.334 138.396
133.575 138.646
133.815 138.896
134.296 139.396
134.296 139.396
134.536 139.646
134.777 139.896
135.017 140.146
135.498 140.646
135.498 140.646
135.738 140.896
135.738 140.896
135.979 141.146
136.219 141.396
136.219 141.396
136.219 141.396
136.219 141.396
136.219 141.396
136.7 141.896
136.94 142.146
137.18 142.396
137.18 142.396
137.421 142.646
137.661 142.896
137.902 143.146
137.902 143.146
138.142 143.396
138.623 143.896
139.104 144.396
139.104 144.396
139.344 144.646
139.344 144.646
139.584 144.896
139.584 144.896
139.825 145.146
140.065 145.396
140.065 145.396
140.065 145.396
140.065 145.396
140.546 145.896
140.786 146.146
140.786 146.146
141.267 146.646
141.748 147.146
141.748 147.146
141.748 147.146
141.988 147.396
142.95 148.396
142.95 148.396
142.95 148.396
143.19 148.646
143.19 148.646
143.43 148.896
143.43 148.896
143.671 149.146
143.911 149.396
143.911 149.396
143.911 149.396
143.911 149.396
143.911 149.396
144.392 149.896
144.873 150.396
144.873 150.396
144.873 150.396
145.113 150.646
145.354 150.896
145.354 150.896
145.594 151.146
145.834 151.396
145.834 151.396
145.834 151.396
145.834 151.396
146.315 151.896
146.796 152.396
146.796 152.396
146.796 152.396
147.277 152.896
147.517 153.146
147.757 153.396
147.757 153.396
147.757 153.396
147.757 153.396
148.238 153.896
148.719 154.396
148.719 154.396
149.2 154.896
149.68 155.396
149.68 155.396
151.604 157.396
151.844 157.646
152.084 157.896
152.326 158.146
152.568 158.396
152.568 158.396
152.809 158.646
152.809 158.646
153.535 159.396
153.57 159.431
153.57 159.431
153.57 159.431
153.57 159.431
154.053 159.931
154.261 160.146
154.503 160.396
154.537 160.431
154.537 160.431
154.537 160.431
154.745 160.646
155.229 161.146
155.505 161.431
155.505 161.431
155.505 161.431
155.989 161.931
156.473 162.431
156.473 162.431
156.473 162.431
156.957 162.931
157.406 163.396
157.441 163.431
157.441 163.431
157.441 163.431
157.924 163.931
158.132 164.146
158.374 164.396
158.408 164.431
158.408 164.431
158.616 164.646
158.858 164.896
159.1 165.146
159.376 165.431
159.376 165.431
159.376 165.431
159.376 165.431
160.102 166.181
160.344 166.431
160.586 166.681
160.793 166.896
160.828 166.931
161.035 167.146
161.277 167.396
161.311 167.431
161.311 167.431
161.311 167.431
161.311 167.431
161.519 167.646
161.795 167.931
162.003 168.146
162.245 168.396
162.279 168.431
162.279 168.431
162.279 168.431
162.729 168.896
162.971 169.146
163.247 169.431
163.247 169.431
163.247 169.431
163.247 169.431
163.455 169.646
164.215 170.431
164.215 170.431
164.215 170.431
164.906 171.146
165.148 171.396
165.182 171.431
165.182 171.431
165.182 171.431
165.182 171.431
165.39 171.646
165.632 171.896
165.666 171.931
165.874 172.146
166.116 172.396
166.15 172.431
166.15 172.431
166.15 172.431
166.6 172.896
166.634 172.931
166.842 173.146
167.118 173.431
167.602 173.931
167.842 174.181
168.082 174.431
168.322 174.681
168.562 174.931
168.802 175.181
169.008 175.396
169.042 175.431
169.042 175.431
169.042 175.431
169.042 175.431
169.522 175.931
169.728 176.146
169.968 176.396
170.002 176.431
170.002 176.431
170.002 176.431
170.208 176.646
170.928 177.396
170.962 177.431
170.962 177.431
170.962 177.431
171.442 177.931
171.922 178.431
171.922 178.431
171.922 178.431
172.402 178.931
172.848 179.396
172.882 179.431
172.882 179.431
172.882 179.431
173.362 179.931
173.568 180.146
173.808 180.396
173.842 180.431
173.842 180.431
174.048 180.646
174.288 180.896
174.528 181.146
174.802 181.431
174.802 181.431
174.802 181.431
174.802 181.431
175.522 182.181
175.762 182.431
176.002 182.681
176.208 182.896
176.242 182.931
176.448 183.146
176.688 183.396
176.722 183.431
176.722 183.431
176.722 183.431
176.722 183.431
176.928 183.646
177.202 183.931
177.408 184.146
177.648 184.396
177.682 184.431
177.682 184.431
177.682 184.431
178.128 184.896
178.368 185.146
178.642 185.431
178.642 185.431
178.642 185.431
178.642 185.431
178.848 185.646
179.602 186.431
179.602 186.431
179.602 186.431
179.808 186.646
180.048 186.896
180.288 187.146
180.528 187.396
180.528 187.396
180.528 187.396
180.528 187.396
180.528 187.396
181.008 187.896
181.008 187.896
181.488 188.396
181.488 188.396
181.488 188.396
181.968 188.896
182.208 189.146
182.448 189.396
182.448 189.396
182.448 189.396
182.448 189.396
182.928 189.896
182.928 189.896
183.408 190.396
183.408 190.396
183.408 190.396
183.648 190.646
184.368 191.396
184.368 191.396
184.368 191.396
184.368 191.396
184.368 191.396
184.848 191.896
185.328 192.396
185.328 192.396
185.328 192.396
185.808 192.896
186.291 193.396
186.291 193.396
186.291 193.396
186.291 193.396
186.291 193.396
186.775 193.896
187.259 194.396
187.259 194.396
187.259 194.396
187.259 194.396
187.259 194.396
187.259 194.396
187.259 194.396
187.259 194.396
187.259 194.396
187.985 195.146
188.227 195.396
188.227 195.396
188.227 195.396
188.227 195.396
188.227 195.396
188.227 195.396
188.227 195.396
188.711 195.896
188.711 195.896
189.195 196.396
189.195 196.396
189.195 196.396
189.195 196.396
189.437 196.646
189.437 196.646
189.679 196.896
190.162 197.396
190.162 197.396
190.162 197.396
190.162 197.396
190.162 197.396
191.13 198.396
191.13 198.396
191.13 198.396
191.372 198.646
191.372 198.646
191.614 198.896
191.614 198.896
191.856 199.146
192.098 199.396
192.098 199.396
192.098 199.396
192.098 199.396
192.098 199.396
192.34 199.646
192.582 199.896
192.582 199.896
192.824 200.146
193.066 200.396
193.066 200.396
193.066 200.396
193.066 200.396
193.308 200.646
193.549 200.896
193.549 200.896
194.033 201.396
194.033 201.396
194.033 201.396
194.033 201.396
194.033 201.396
194.033 201.396
194.759 202.146
195.001 202.396
195.001 202.396
195.001 202.396
195.243 202.646
195.485 202.896
195.963 203.396
195.963 203.396
195.963 203.396
195.963 203.396
195.963 203.396
196.201 203.646
196.439 203.896
196.439 203.896
196.677 204.146
196.915 204.396
196.915 204.396
196.915 204.396
196.915 204.396
197.153 204.646
197.391 204.896
197.629 205.146
197.868 205.396
197.868 205.396
197.868 205.396
197.868 205.396
197.868 205.396
198.344 205.896
198.344 205.896
198.82 206.396
198.82 206.396
199.058 206.646
199.296 206.896
199.536 207.146
199.778 207.396
199.778 207.396
199.778 207.396
199.778 207.396
199.778 207.396
200.02 207.646
200.262 207.896
200.262 207.896
200.504 208.146
200.504 208.146
200.746 208.396
200.746 208.396
200.746 208.396
200.746 208.396
200.988 208.646
200.988 208.646
201.23 208.896
201.472 209.146
201.472 209.146
201.714 209.396
201.714 209.396
201.714 209.396
201.714 209.396
201.714 209.396
201.714 209.396
202.198 209.896
202.682 210.396
202.682 210.396
202.682 210.396
202.682 210.396
202.682 210.396
202.682 210.396
202.924 210.646
203.165 210.896
203.165 210.896
203.286 211.021
203.405 211.146
203.524 211.271
203.643 211.396
203.643 211.396
203.643 211.396
203.643 211.396
203.643 211.396
203.643 211.396
204.119 211.896
204.119 211.896
204.596 212.396
204.596 212.396
204.596 212.396
204.596 212.396
204.834 212.646
204.834 212.646
205.072 212.896
205.548 213.396
205.548 213.396
205.548 213.396
205.548 213.396
205.548 213.396
206.024 213.896
206.265 214.146
206.506 214.396
206.506 214.396
206.748 214.646
206.99 214.896
206.99 214.896
207.232 215.146
207.474 215.396
207.474 215.396
207.474 215.396
207.474 215.396
207.958 215.896
207.958 215.896
208.2 216.146
208.442 216.396
208.442 216.396
208.442 216.396
208.684 216.646
208.684 216.646
208.926 216.896
208.926 216.896
209.41 217.396
209.41 217.396
209.41 217.396
209.41 217.396
209.41 217.396
209.894 217.896
210.136 218.146
210.136 218.146
210.377 218.396
210.377 218.396
210.377 218.396
210.377 218.396
210.619 218.646
210.619 218.646
210.861 218.896
210.861 218.896
211.103 219.146
211.113 219.156
211.345 219.396
211.345 219.396
211.345 219.396
211.345 219.396
211.345 219.396
211.829 219.896
212.071 220.146
212.313 220.396
212.313 220.396
212.313 220.396
212.313 220.396
212.797 220.896
212.797 220.896
213.281 221.396
213.281 221.396
213.281 221.396
213.281 221.396
213.498 221.621
214.248 222.396
215.458 223.646
215.7 223.896
215.942 224.146
216.184 224.396
216.426 224.646
217.152 225.396
217.152 225.396
217.152 225.396
217.152 225.396
217.152 225.396
217.636 225.896
217.636 225.896
218.119 226.396
218.119 226.396
218.119 226.396
219.087 227.396
219.087 227.396
219.087 227.396
219.087 227.396
219.087 227.396
220.049 228.396
220.049 228.396
220.049 228.396
220.525 228.896
221.001 229.396
221.001 229.396
221.001 229.396
221.001 229.396
221.001 229.396
221.954 230.396
221.954 230.396
221.954 230.396
222.192 230.646
222.43 230.896
222.668 231.146
222.906 231.396
222.906 231.396
222.906 231.396
222.906 231.396
222.906 231.396
223.382 231.896
223.858 232.396
223.858 232.396
223.858 232.396
224.334 232.896
224.817 233.396
224.817 233.396
224.817 233.396
224.817 233.396
224.817 233.396
225.301 233.896
225.785 234.396
225.785 234.396
226.268 234.896
226.752 235.396
226.752 235.396
226.752 235.396
226.752 235.396
226.752 235.396
227.236 235.896
227.72 236.396
227.72 236.396
227.72 236.396
228.204 236.896
228.688 237.396
228.688 237.396
228.688 237.396
228.688 237.396
228.688 237.396
229.655 238.396
229.655 238.396
229.655 238.396
229.897 238.646
230.139 238.896
230.381 239.146
230.623 239.396
230.623 239.396
230.623 239.396
230.623 239.396
230.623 239.396
231.107 239.896
231.591 240.396
231.591 240.396
231.833 240.646
231.833 240.646
232.075 240.896
232.075 240.896
232.317 241.146
232.317 241.146
232.559 241.396
232.559 241.396
232.559 241.396
232.559 241.396
232.559 241.396
232.559 241.396
233.043 241.896
233.526 242.396
233.526 242.396
233.768 242.646
234.01 242.896
234.01 242.896
234.252 243.146
234.494 243.396
234.494 243.396
234.494 243.396
234.494 243.396
234.494 243.396
235.462 244.396
235.462 244.396
235.462 244.396
235.704 244.646
235.946 244.896
235.946 244.896
236.188 245.146
236.43 245.396
236.43 245.396
236.43 245.396
236.43 245.396
236.43 245.396
237.391 246.396
237.391 246.396
237.391 246.396
237.868 246.896
237.868 246.896
238.106 247.146
238.344 247.396
238.344 247.396
238.344 247.396
238.344 247.396
238.82 247.896
239.296 248.396
239.296 248.396
239.534 248.646
239.772 248.896
239.772 248.896
240.01 249.146
240.248 249.396
240.248 249.396
240.248 249.396
240.248 249.396
240.248 249.396
240.725 249.896
241.207 250.396
241.207 250.396
241.207 250.396
241.449 250.646
241.691 250.896
241.691 250.896
241.933 251.146
242.175 251.396
242.175 251.396
242.175 251.396
242.175 251.396
242.175 251.396
243.142 252.396
243.142 252.396
243.142 252.396
243.384 252.646
243.626 252.896
243.626 252.896
243.868 253.146
244.11 253.396
244.11 253.396
244.11 253.396
244.11 253.396
244.11 253.396
245.078 254.396
245.078 254.396
245.078 254.396
245.562 254.896
245.562 254.896
245.804 255.146
246.03 255.379
246.032 255.381
246.034 255.383
246.036 255.385
246.038 255.387
253.32 262.913
253.324 262.917
253.326 262.919
253.328 262.921
254.253 263.877
254.671 264.308
255.13 264.783
255.566 265.233
256.07 265.754
256.602 266.304
257.126 266.846
257.8 267.542
