2.43478 4.66667
2.69565 5.16667
2.69565 5.16667
2.95652 5.66667
2.95652 5.66667
2.95652 5.66667
3.21739 6.16667
3.21739 6.16667
3.73913 7.16667
3.73913 7.16667
4 7.66667
4 7.66667
4 7.66667
4.26087 8.16667
4.26087 8.16667
4.52174 8.66667
4.78261 9.16667
4.78261 9.16667
5.04348 9.66667
5.04348 9.66667
5.30435 10.1667
5.30435 10.1667
5.69565 10.9167
5.82609 11.1667
6.08695 11.6667
6.08695 11.6667
6.34782 12.1667
6.34782 12.1667
6.60869 12.6667
6.86956 13.1667
6.86956 13.1667
7.13043 13.6667
7.13043 13.6667
7.3913 14.1667
7.3913 14.1667
7.65217 14.6667
7.91304 15.1667
7.91304 15.1667
8.17391 15.6667
8.17391 15.6667
8.43478 16.1667
8.43478 16.1667
8.69565 16.6667
8.95652 17.1667
8.95652 17.1667
9.21739 17.6667
9.21739 17.6667
9.47826 18.1667
9.47826 18.1667
9.73913 18.6667
10 19.1667
10 19.1667
10.2609 19.6667
10.2609 19.6667
10.5217 20.1667
10.7826 20.6667
11.0435 21.1667
11.0435 21.1667
11.3043 21.6667
11.3043 21.6667
11.5652 22.1667
11.5652 22.1667
12.087 23.1667
12.087 23.1667
12.087 23.1667
12.3478 23.6667
12.3478 23.6667
12.3478 23.6667
12.6087 24.1667
12.6087 24.1667
12.8696 24.6667
13.1304 25.1667
13.1304 25.1667
13.3913 25.6667
13.3913 25.6667
13.6522 26.1667
13.6522 26.1667
14.1739 27.1667
14.1739 27.1667
14.4348 27.6667
14.4348 27.6667
14.4348 27.6667
14.6956 28.1667
14.6956 28.1667
14.6956 28.1667
14.9565 28.6667
14.9565 28.6667
15.2174 29.1667
15.2174 29.1667
15.4783 29.6667
15.4783 29.6667
15.7391 30.1667
15.7391 30.1667
15.7391 30.1667
16 30.6667
16.2609 31.1667
16.2609 31.1667
16.5217 31.6667
16.5217 31.6667
16.5402 31.7021
16.7826 32.1667
16.825 32.2479
16.9304 32.45
17.0391 32.6583
17.0435 32.6667
17.3043 33.1667
17.3043 33.1667
17.5652 33.6667
17.5652 33.6667
17.8261 34.1667
17.8261 34.1667
18.087 34.6667
18.087 34.6667
18.087 34.6667
18.087 34.6667
18.3478 35.1667
18.6087 35.6667
19.1304 36.6667
19.1304 36.6667
19.3913 37.1667
19.3913 37.1667
19.6522 37.6667
19.6522 37.6667
19.913 38.1667
20.1739 38.6667
20.4348 39.1667
20.6956 39.6667
20.9565 40.1667
20.9565 40.1667
21.2174 40.6667
21.2174 40.6667
21.4783 41.1667
21.4783 41.1667
21.7391 41.6667
21.7391 41.6667
22 42.1667
22.2609 42.6667
22.5217 43.1667
22.7826 43.6667
22.7826 43.6667
23.0435 44.1667
23.3043 44.6667
23.3043 44.6667
23.5652 45.1667
23.5652 45.1667
23.8261 45.6667
24.087 46.1667
24.087 46.1667
24.6087 47.1667
24.6087 47.1667
24.8696 47.6667
25.1304 48.1667
25.3913 48.6667
25.3913 48.6667
25.6522 49.1667
25.6522 49.1667
25.913 49.6667
25.913 49.6667
26.1739 50.1667
26.4348 50.6667
26.4348 50.6667
26.6956 51.1667
26.9565 51.6667
26.9565 51.6667
27.2174 52.1667
27.2174 52.1667
27.4783 52.6667
27.7391 53.1667
28 53.6667
28 53.6667
28.2609 54.1667
28.2609 54.1667
28.5217 54.6667
28.7826 55.1667
28.7826 55.1667
29.0435 55.6667
29.3043 56.1667
29.3043 56.1667
29.5652 56.6667
29.5652 56.6667
29.8261 57.1667
29.8261 57.1667
30.0869 57.6667
30.0869 57.6667
30.3478 58.1667
30.6087 58.6667
30.8696 59.1667
31.1304 59.6667
31.1304 59.6667
31.3913 60.1667
31.3913 60.1667
31.6522 60.6667
31.6522 60.6667
31.913 61.1667
31.913 61.1667
32.1739 61.6667
32.1739 61.6667
32.4348 62.1667
32.4348 62.1667
32.6956 62.6667
32.9565 63.1667
32.9565 63.1667
33.2174 63.6667
33.2174 63.6667
33.4783 64.1667
33.4783 64.1667
33.7391 64.6667
34 65.1667
34.2609 65.6667
34.5217 66.1667
34.7826 66.6667
34.7826 66.6667
35.0435 67.1667
35.0435 67.1667
35.3043 67.6667
35.3043 67.6667
35.3043 67.6667
35.5652 68.1667
35.5652 68.1667
35.8261 68.6667
36.0869 69.1667
36.0869 69.1667
36.3478 69.6667
36.3478 69.6667
36.3478 69.6667
36.6087 70.1667
37.1304 71.1667
37.3913 71.6667
37.6522 72.1667
37.913 72.6667
37.913 72.6667
38.1739 73.1667
38.4348 73.6667
38.6956 74.1667
38.9565 74.6667
38.9565 74.6667
39.2174 75.1667
39.2174 75.1667
39.4783 75.6667
39.4783 75.6667
39.7391 76.1667
39.7391 76.1667
40 76.6667
40 76.6667
40.2609 77.1667
40.5217 77.6667
40.7826 78.1667
41.3043 79.1667
41.5652 79.6667
41.5652 79.6667
41.8261 80.1667
42.0869 80.6667
42.0869 80.6667
42.3478 81.1667
42.6087 81.6667
42.8696 82.1667
42.8696 82.1667
43.1304 82.6667
43.1304 82.6667
43.3913 83.1667
43.6522 83.6667
43.913 84.1667
44.1739 84.6667
44.1739 84.6667
44.4348 85.1667
44.4348 85.1667
44.6956 85.6667
44.6956 85.6667
44.9565 86.1667
45.2174 86.6667
45.4782 87.1667
45.7391 87.6667
46 88.1667
46 88.1667
46.2609 88.6667
46.2609 88.6667
46.5217 89.1667
46.5217 89.1667
46.7826 89.6667
46.7826 89.6667
47.0435 90.1667
47.3043 90.6667
47.5652 91.1667
47.8261 91.6667
47.8261 91.6667
48.0869 92.1667
48.3478 92.6667
48.3478 92.6667
48.6087 93.1667
48.6087 93.1667
48.8696 93.6667
49.1304 94.1667
49.1304 94.1667
49.3913 94.6667
49.6522 95.1667
49.6522 95.1667
49.913 95.6667
50.1739 96.1667
50.4348 96.6667
50.4348 96.6667
50.6956 97.1667
50.6956 97.1667
50.9565 97.6667
50.9565 97.6667
51.2174 98.1667
51.4782 98.6667
51.4782 98.6667
51.7391 99.1667
52 99.6667
52 99.6667
52.2609 100.167
52.2609 100.167
52.5217 100.667
52.7826 101.167
53.0435 101.667
53.0435 101.667
53.3043 102.167
53.3043 102.167
53.5652 102.667
53.8261 103.167
53.8261 103.167
54.0869 103.667
54.3478 104.167
54.3478 104.167
54.6087 104.667
54.6087 104.667
54.8696 105.167
54.8696 105.167
55.1304 105.667
55.1304 105.667
55.3913 106.167
55.6522 106.667
55.913 107.167
56.1739 107.667
56.1739 107.667
56.4348 108.167
56.4348 108.167
56.6956 108.667
56.6956 108.667
56.9565 109.167
56.9565 109.167
57.2174 109.667
57.2174 109.667
57.4782 110.167
57.4782 110.167
57.7391 110.667
58 111.167
58 111.167
58.2609 111.667
58.2609 111.667
58.5217 112.167
58.5217 112.167
58.7826 112.667
59.0435 113.167
59.3043 113.667
59.5652 114.167
59.8261 114.667
59.8261 114.667
60.0869 115.167
60.0869 115.167
60.3478 115.667
60.3478 115.667
60.3478 115.667
60.6087 116.167
60.6087 116.167
60.8695 116.667
60.8695 116.667
61.1304 117.167
61.3913 117.667
61.3913 117.667
61.6522 118.167
61.913 118.667
62.1739 119.167
62.4348 119.667
62.6956 120.167
62.9565 120.667
63.2174 121.167
63.2174 121.167
63.4782 121.667
63.4782 121.667
63.7391 122.167
64 122.667
64 122.667
64.2609 123.167
64.5217 123.667
64.5217 123.667
64.5217 123.667
64.7826 124.167
64.7826 124.167
65.0435 124.667
65.0435 124.667
65.0435 124.667
65.3043 125.167
65.3043 125.167
65.5652 125.667
65.5652 125.667
65.8261 126.167
65.8261 126.167
66.0869 126.667
66.0869 126.667
66.3478 127.167
66.3478 127.167
66.6087 127.667
66.8695 128.167
66.8695 128.167
67.1304 128.667
67.1304 128.667
67.3913 129.167
67.3913 129.167
67.6522 129.667
67.6522 129.667
67.913 130.167
67.913 130.167
68.0435 130.417
68.1739 130.667
68.1739 130.667
68.4348 131.167
68.6956 131.667
68.6956 131.667
68.9565 132.167
68.9565 132.167
68.9565 132.167
69.2174 132.667
69.2174 132.667
69.4782 133.167
69.4782 133.167
69.7391 133.667
70 134.167
70 134.167
70.2609 134.667
70.2609 134.667
70.5217 135.167
70.5217 135.167
70.7826 135.667
71.0435 136.167
71.0435 136.167
71.3043 136.667
71.3043 136.667
71.5652 137.167
71.5652 137.167
71.8261 137.667
71.8261 137.667
72.0869 138.167
72.0869 138.167
72.3478 138.667
72.3478 138.667
72.3478 138.667
72.6087 139.167
72.8695 139.667
73.1304 140.167
73.3913 140.667
73.6522 141.167
73.6522 141.167
73.913 141.667
73.913 141.667
74.1739 142.167
74.1739 142.167
74.4348 142.667
74.4348 142.667
74.6956 143.167
74.6956 143.167
74.8261 143.417
75.2174 144.167
75.2174 144.167
75.4782 144.667
75.4782 144.667
75.7391 145.167
75.7391 145.167
76 145.667
76 145.667
76.2609 146.167
76.5217 146.667
76.5217 146.667
76.7826 147.167
77.0435 147.667
77.0435 147.667
77.3043 148.167
77.3043 148.167
77.5652 148.667
77.5652 148.667
77.8261 149.167
77.8261 149.167
78.0869 149.667
78.0869 149.667
78.3478 150.167
78.6087 150.667
78.6087 150.667
78.8695 151.167
78.8695 151.167
79.1304 151.667
79.3913 152.167
79.6522 152.667
79.6522 152.667
79.913 153.167
79.913 153.167
80.1739 153.667
80.1739 153.667
80.4348 154.167
80.4348 154.167
80.6956 154.667
80.6956 154.667
80.9565 155.167
81.2174 155.667
81.2174 155.667
81.2174 155.667
81.4782 156.167
81.4782 156.167
81.7391 156.667
81.7391 156.667
82 157.167
82 157.167
82.2608 157.667
82.2608 157.667
82.5217 158.167
82.5217 158.167
82.7826 158.667
82.7826 158.667
83.0435 159.167
83.0435 159.167
83.3043 159.667
83.5652 160.167
83.5652 160.167
83.8261 160.667
83.8261 160.667
84.0869 161.167
84.0869 161.167
84.3478 161.667
84.3478 161.667
84.6087 162.167
84.8695 162.667
84.8695 162.667
84.8695 162.667
85.1304 163.167
85.3913 163.667
85.3913 163.667
85.6522 164.167
85.6522 164.167
85.913 164.667
85.913 164.667
86.1739 165.167
86.1739 165.167
86.4348 165.667
86.6956 166.167
86.6956 166.167
86.9565 166.667
86.9565 166.667
87.2174 167.167
87.2174 167.167
87.4782 167.667
87.7391 168.167
87.7391 168.167
88 168.667
88 168.667
88.2608 169.167
88.2608 169.167
88.5217 169.667
88.5217 169.667
88.7826 170.167
89.0435 170.667
89.0435 170.667
89.3043 171.167
89.5652 171.667
89.5652 171.667
89.8261 172.167
89.8261 172.167
90.0869 172.667
90.3478 173.167
90.3478 173.167
90.6087 173.667
90.6087 173.667
90.8695 174.167
90.8695 174.167
90.8695 174.167
90.8695 174.167
91.1304 174.667
91.1304 174.667
91.1304 174.667
91.3913 175.167
91.3913 175.167
91.6522 175.667
91.913 176.167
91.913 176.167
92.1739 176.667
92.1739 176.667
92.4348 177.167
92.4348 177.167
92.6956 177.667
92.6956 177.667
92.6956 177.667
92.9565 178.167
93.2174 178.667
93.2174 178.667
93.4782 179.167
93.4782 179.167
93.7391 179.667
93.7391 179.667
93.7391 179.667
93.7391 179.667
94 180.167
94 180.167
94.2608 180.667
94.2608 180.667
94.5217 181.167
94.5217 181.167
94.7826 181.667
94.7826 181.667
95.0435 182.167
95.0435 182.167
95.3043 182.667
95.3043 182.667
95.3043 182.667
95.5652 183.167
95.5652 183.167
95.8261 183.667
95.8261 183.667
96.0869 184.167
96.0869 184.167
96.0869 184.167
96.3478 184.667
96.6087 185.167
96.8695 185.667
96.8695 185.667
96.8695 185.667
97.1304 186.167
97.3913 186.667
97.3913 186.667
97.6521 187.167
97.6521 187.167
97.913 187.667
97.913 187.667
97.913 187.667
98.0435 187.917
98.1739 188.167
98.4348 188.667
98.6956 189.167
98.8261 189.417
98.9565 189.667
99.2174 190.167
99.4782 190.667
99.7391 191.167
100 191.667
100.261 192.167
100.522 192.667
100.522 192.667
100.522 192.667
101.043 193.667
101.304 194.167
101.304 194.167
101.304 194.167
101.826 195.167
101.826 195.167
102.087 195.667
102.087 195.667
102.348 196.167
102.348 196.167
102.609 196.667
102.609 196.667
102.87 197.167
103.13 197.667
103.391 198.167
103.391 198.167
103.913 199.167
103.913 199.167
104.174 199.667
104.37 200.042
104.435 200.167
104.5 200.292
104.565 200.417
104.696 200.667
104.696 200.667
104.956 201.167
105.217 201.667
105.478 202.167
105.478 202.167
105.739 202.667
105.739 202.667
106 203.167
106 203.167
106.261 203.667
106.261 203.667
106.522 204.167
106.522 204.167
106.783 204.667
106.783 204.667
106.783 204.667
107.043 205.167
107.304 205.667
107.565 206.167
107.565 206.167
108.087 207.167
108.348 207.667
108.609 208.167
108.609 208.167
108.87 208.667
108.87 208.667
108.87 208.667
109.13 209.167
109.13 209.167
109.391 209.667
109.652 210.167
109.913 210.667
110.043 210.917
110.435 211.667
110.435 211.667
110.696 212.167
110.696 212.167
110.826 212.417
110.956 212.667
110.956 212.667
111.217 213.167
111.478 213.667
111.739 214.167
111.739 214.167
111.739 214.167
112.13 214.917
112.249 215.144
112.375 215.385
112.496 215.617
112.522 215.667
112.522 215.667
112.739 216.083
112.783 216.167
113.012 216.606
113.043 216.667
113.043 216.667
113.304 217.167
113.565 217.667
113.826 218.167
113.826 218.167
113.826 218.167
114.087 218.667
114.087 218.667
114.087 218.667
114.348 219.167
114.348 219.167
114.348 219.167
114.609 219.667
114.609 219.667
114.609 219.667
114.609 219.667
114.609 219.667
114.87 220.167
114.87 220.167
114.87 220.167
114.87 220.167
115.13 220.667
115.13 220.667
115.13 220.667
115.13 220.667
115.391 221.167
115.652 221.667
115.879 222.102
115.913 222.167
115.913 222.167
115.98 222.296
116.146 222.613
116.174 222.667
116.174 222.667
116.413 223.125
116.435 223.167
116.683 223.642
116.696 223.667
116.826 223.917
116.918 224.094
117.191 224.617
117.217 224.667
117.217 224.667
117.478 225.167
117.739 225.667
117.739 225.667
118 226.167
118 226.167
118.261 226.667
118.261 226.667
118.261 226.667
118.435 227
118.522 227.167
118.609 227.333
118.783 227.667
118.783 227.667
118.956 228
119.043 228.167
119.13 228.333
119.304 228.667
119.304 228.667
119.304 228.667
119.565 229.167
119.826 229.667
119.826 229.667
120.087 230.167
120.087 230.167
120.348 230.667
120.348 230.667
120.348 230.667
120.609 231.167
120.609 231.167
120.87 231.667
120.87 231.667
120.87 231.667
121.13 232.167
121.13 232.167
121.391 232.667
121.391 232.667
121.391 232.667
121.652 233.167
121.913 233.667
121.913 233.667
122.174 234.167
122.174 234.167
122.435 234.667
122.435 234.667
122.435 234.667
122.696 235.167
122.956 235.667
123.217 236.167
123.478 236.667
123.478 236.667
123.478 236.667
123.739 237.167
124 237.667
124.261 238.167
124.522 238.667
124.522 238.667
124.522 238.667
124.522 238.667
124.522 238.667
124.522 238.667
124.522 238.667
126.609 242.667
126.609 242.667
126.87 243.167
126.87 243.167
127.13 243.667
127.13 243.667
127.391 244.167
127.652 244.667
127.913 245.167
128.174 245.667
128.435 246.167
128.435 246.167
128.696 246.667
128.696 246.667
128.956 247.167
128.956 247.167
129.217 247.667
129.217 247.667
129.478 248.167
129.739 248.667
130 249.167
130.261 249.667
130.261 249.667
130.522 250.167
130.783 250.667
130.783 250.667
131.043 251.167
131.043 251.167
131.304 251.667
131.565 252.167
131.565 252.167
131.826 252.667
132.087 253.167
132.087 253.167
132.348 253.667
132.609 254.167
132.87 254.667
132.87 254.667
133.13 255.167
133.13 255.167
133.391 255.667
133.391 255.667
133.652 256.167
133.913 256.667
133.913 256.667
134.174 257.167
134.435 257.667
134.435 257.667
134.696 258.167
134.696 258.167
134.956 258.667
135.217 259.167
135.478 259.667
135.478 259.667
135.739 260.167
135.739 260.167
136 260.667
136.261 261.167
136.261 261.167
136.522 261.667
136.783 262.167
136.783 262.167
137.043 262.667
137.043 262.667
137.304 263.167
137.304 263.167
137.565 263.667
137.565 263.667
137.826 264.167
138.087 264.667
138.348 265.167
138.609 265.667
138.609 265.667
138.87 266.167
138.87 266.167
139.13 266.667
139.13 266.667
139.391 267.167
139.391 267.167
139.652 267.667
139.652 267.667
139.913 268.167
139.913 268.167
140.174 268.667
140.435 269.167
140.435 269.167
140.696 269.667
140.696 269.667
140.956 270.167
140.956 270.167
141.217 270.667
141.478 271.167
141.739 271.667
142 272.167
142.261 272.667
142.261 272.667
142.522 273.167
142.522 273.167
142.783 273.667
142.783 273.667
142.783 273.667
143.043 274.167
143.043 274.167
143.304 274.667
143.304 274.667
143.304 274.667
143.565 275.167
143.826 275.667
144.087 276.167
144.348 276.667
144.609 277.167
144.87 277.667
145.13 278.167
145.13 278.167
145.391 278.667
145.391 278.667
145.652 279.167
145.913 279.667
145.913 279.667
146.043 279.917
146.435 280.667
146.435 280.667
146.696 281.167
146.696 281.167
146.956 281.667
146.956 281.667
146.956 281.667
147.217 282.167
147.478 282.667
147.478 282.667
147.739 283.167
147.739 283.167
148 283.667
148 283.667
148.261 284.167
148.261 284.167
148.522 284.667
148.522 284.667
148.783 285.167
148.783 285.167
149.043 285.667
149.304 286.167
149.304 286.167
149.565 286.667
149.565 286.667
149.826 287.167
149.826 287.167
150.087 287.667
150.087 287.667
150.348 288.167
150.348 288.167
150.609 288.667
150.609 288.667
150.609 288.667
150.87 289.167
151.13 289.667
151.13 289.667
151.391 290.167
151.391 290.167
151.391 290.167
151.652 290.667
151.652 290.667
151.913 291.167
151.913 291.167
152.174 291.667
152.435 292.167
152.435 292.167
152.696 292.667
152.696 292.667
152.956 293.167
152.956 293.167
153.217 293.667
153.478 294.167
153.478 294.167
153.739 294.667
153.739 294.667
154 295.167
154 295.167
154.261 295.667
154.261 295.667
154.522 296.167
154.522 296.167
154.783 296.667
154.783 296.667
154.783 296.667
155.043 297.167
155.304 297.667
155.565 298.167
155.826 298.667
156.087 299.167
156.087 299.167
156.348 299.667
156.348 299.667
156.609 300.167
156.609 300.167
156.87 300.667
156.87 300.667
157 300.917
157.13 301.167
157.391 301.667
157.652 302.167
157.652 302.167
157.913 302.667
157.913 302.667
158.174 303.167
158.174 303.167
158.435 303.667
158.435 303.667
158.696 304.167
158.956 304.667
158.956 304.667
159.217 305.167
159.478 305.667
159.478 305.667
159.739 306.167
159.739 306.167
160 306.667
160 306.667
160.261 307.167
160.261 307.167
160.522 307.667
160.522 307.667
160.783 308.167
161.043 308.667
161.043 308.667
161.304 309.167
161.304 309.167
161.565 309.667
161.826 310.167
162.087 310.667
162.087 310.667
162.348 311.167
162.348 311.167
162.609 311.667
162.609 311.667
162.87 312.167
162.87 312.167
163.13 312.667
163.13 312.667
163.391 313.167
163.643 313.65
163.652 313.667
163.652 313.667
163.652 313.667
163.892 314.127
163.913 314.167
163.913 314.167
164.16 314.64
164.174 314.667
164.174 314.667
164.435 315.167
164.435 315.167
164.696 315.667
164.696 315.667
164.956 316.167
164.956 316.167
165.217 316.667
165.217 316.667
165.478 317.167
165.478 317.167
165.739 317.667
166 318.167
166 318.167
166.261 318.667
166.261 318.667
166.279 318.702
166.522 319.167
166.522 319.167
166.783 319.667
166.783 319.667
167.043 320.167
167.304 320.667
167.304 320.667
167.304 320.667
167.565 321.167
167.826 321.667
167.826 321.667
168.087 322.167
168.087 322.167
168.34 322.652
168.348 322.667
168.348 322.667
168.609 323.167
168.609 323.167
168.87 323.667
169.13 324.167
169.13 324.167
169.391 324.667
169.391 324.667
169.652 325.167
169.652 325.167
169.913 325.667
170.174 326.167
170.174 326.167
170.418 326.635
170.435 326.667
170.435 326.667
170.696 327.167
170.696 327.167
170.956 327.667
170.956 327.667
171.217 328.167
171.39 328.498
171.478 328.667
171.478 328.667
171.739 329.167
172 329.667
172 329.667
172.261 330.167
172.261 330.167
172.522 330.667
172.536 330.694
172.783 331.167
172.783 331.167
173.043 331.667
173.043 331.667
173.304 332.167
173.304 332.167
173.304 332.167
173.304 332.167
173.565 332.667
173.565 332.667
173.565 332.667
173.826 333.167
173.826 333.167
174.087 333.667
174.348 334.167
174.348 334.167
174.609 334.667
174.609 334.667
174.625 334.698
174.87 335.167
174.87 335.167
175.13 335.667
175.13 335.667
175.13 335.667
175.391 336.167
175.638 336.64
175.652 336.667
175.652 336.667
175.913 337.167
175.913 337.167
176.174 337.667
176.174 337.667
176.174 337.667
176.174 337.667
176.435 338.167
176.435 338.167
176.696 338.667
176.696 338.667
176.956 339.167
176.956 339.167
177.217 339.667
177.217 339.667
177.478 340.167
177.478 340.167
177.739 340.667
177.739 340.667
177.739 340.667
178 341.167
178 341.167
178.261 341.667
178.261 341.667
178.522 342.167
178.522 342.167
178.522 342.167
178.783 342.667
178.783 342.667
179.043 343.167
179.304 343.667
179.304 343.667
179.304 343.667
179.565 344.167
179.826 344.667
179.826 344.667
179.826 344.667
180.087 345.167
180.087 345.167
180.348 345.667
180.348 345.667
180.348 345.667
180.478 345.917
180.609 346.167
180.87 346.667
180.87 346.667
181.13 347.167
181.13 347.167
181.391 347.667
181.652 348.167
181.913 348.667
181.913 348.667
182.174 349.167
182.435 349.667
182.435 349.667
182.696 350.167
182.696 350.167
182.956 350.667
182.956 350.667
182.956 350.667
182.956 350.667
182.956 350.667
183.217 351.167
183.217 351.167
183.478 351.667
183.739 352.167
183.739 352.167
183.739 352.167
184 352.667
184.261 353.167
184.522 353.667
184.522 353.667
184.522 353.667
184.522 353.667
184.522 353.667
184.783 354.167
185.043 354.667
185.043 354.667
185.304 355.167
185.304 355.167
185.565 355.667
185.565 355.667
185.826 356.167
185.826 356.167
186.087 356.667
186.087 356.667
186.348 357.167
186.348 357.167
186.609 357.667
186.87 358.167
187.13 358.667
187.13 358.667
187.261 358.917
187.391 359.167
187.391 359.167
187.391 359.167
187.652 359.667
187.652 359.667
187.913 360.167
188.174 360.667
188.174 360.667
188.696 361.667
188.696 361.667
188.956 362.167
189.217 362.667
189.217 362.667
189.478 363.167
189.739 363.667
190 364.167
190.261 364.667
190.261 364.667
190.261 364.667
190.522 365.167
190.522 365.167
190.783 365.667
191.043 366.167
191.304 366.667
191.304 366.667
191.565 367.167
191.565 367.167
191.826 367.667
191.826 367.667
192.087 368.167
192.348 368.667
192.348 368.667
192.87 369.667
193.391 370.667
193.652 371.167
193.652 371.167
193.913 371.667
193.913 371.667
194.174 372.167
194.174 372.167
194.435 372.667
194.435 372.667
194.696 373.167
194.956 373.667
195.217 374.167
195.478 374.667
195.478 374.667
195.739 375.167
195.739 375.167
196 375.667
196 375.667
196.391 376.417
196.522 376.667
196.783 377.167
197.043 377.667
197.304 378.167
197.304 378.167
197.565 378.667
197.565 378.667
197.826 379.167
197.826 379.167
198.087 379.667
198.087 379.667
198.348 380.167
198.609 380.667
198.609 380.667
198.87 381.167
198.87 381.167
199.13 381.667
199.391 382.167
199.652 382.667
199.652 382.667
199.913 383.167
199.913 383.167
200.174 383.667
200.174 383.667
200.435 384.167
200.435 384.167
200.696 384.667
200.696 384.667
200.696 384.667
200.956 385.167
201.217 385.667
201.217 385.667
201.217 385.667
201.478 386.167
201.478 386.167
201.478 386.167
201.739 386.667
201.739 386.667
201.739 386.667
201.87 386.917
202 387.167
202.261 387.667
202.261 387.667
202.522 388.167
202.522 388.167
202.783 388.667
202.783 388.667
203.043 389.167
203.043 389.167
203.304 389.667
203.565 390.167
203.565 390.167
203.826 390.667
203.826 390.667
204.087 391.167
204.087 391.167
204.348 391.667
204.348 391.667
204.609 392.167
204.804 392.542
204.87 392.667
204.87 392.667
205.13 393.167
205.261 393.417
205.391 393.667
205.652 394.167
205.652 394.167
205.842 394.531
205.913 394.667
205.913 394.667
206.174 395.167
206.174 395.167
206.435 395.667
206.696 396.167
206.696 396.167
206.956 396.667
206.956 396.667
207.217 397.167
207.217 397.167
207.478 397.667
207.739 398.167
207.739 398.167
208 398.667
208 398.667
208.029 398.723
208.261 399.167
208.261 399.167
208.522 399.667
208.522 399.667
208.783 400.167
209.043 400.667
209.043 400.667
209.304 401.167
209.565 401.667
209.565 401.667
209.575 401.685
209.826 402.167
209.826 402.167
210.054 402.604
210.087 402.667
210.348 403.167
210.348 403.167
210.609 403.667
210.609 403.667
210.87 404.167
210.87 404.167
211.13 404.667
211.13 404.667
211.391 405.167
211.391 405.167
211.652 405.667
211.913 406.167
211.913 406.167
212.174 406.667
212.174 406.667
212.178 406.675
212.435 407.167
212.435 407.167
212.696 407.667
212.696 407.667
212.696 407.667
212.956 408.167
213.195 408.623
213.217 408.667
213.217 408.667
213.478 409.167
213.478 409.167
213.739 409.667
213.739 409.667
213.739 409.667
213.739 409.667
214 410.167
214 410.167
214.261 410.667
214.261 410.667
214.286 410.715
214.522 411.167
214.522 411.167
214.783 411.667
214.783 411.667
215.043 412.167
215.043 412.167
215.304 412.667
215.304 412.667
215.304 412.667
215.565 413.167
215.565 413.167
215.826 413.667
215.826 413.667
216.087 414.167
216.087 414.167
216.31 414.594
216.348 414.667
216.609 415.167
216.87 415.667
217.13 416.167
217.13 416.167
217.367 416.621
217.391 416.667
217.391 416.667
217.652 417.167
217.652 417.167
217.913 417.667
217.913 417.667
217.913 417.667
218.174 418.167
218.435 418.667
218.696 419.167
218.696 419.167
218.826 419.417
219.217 420.167
219.478 420.667
219.739 421.167
220 421.667
220.261 422.167
220.261 422.167
220.522 422.667
220.522 422.667
220.783 423.167
221.043 423.667
221.304 424.167
221.565 424.667
221.565 424.667
221.826 425.167
221.826 425.167
222.087 425.667
222.087 425.667
222.348 426.167
222.609 426.667
222.609 426.667
222.87 427.167
223.13 427.667
223.391 428.167
223.652 428.667
223.913 429.167
223.913 429.167
224.174 429.667
224.174 429.667
224.435 430.167
224.435 430.167
224.696 430.667
224.696 430.667
224.956 431.167
225.217 431.667
225.478 432.167
225.739 432.667
225.739 432.667
226 433.167
226 433.167
226.261 433.667
226.261 433.667
226.261 433.667
226.522 434.167
226.783 434.667
226.783 434.667
227.043 435.167
227.304 435.667
227.304 435.667
227.565 436.167
227.826 436.667
227.826 436.667
227.826 436.667
228.087 437.167
228.348 437.667
228.348 437.667
228.609 438.167
228.609 438.167
228.609 438.167
228.87 438.667
228.87 438.667
228.87 438.667
229.13 439.167
229.391 439.667
229.652 440.167
229.913 440.667
229.913 440.667
230.174 441.167
230.174 441.167
230.435 441.667
230.435 441.667
230.696 442.167
230.956 442.667
230.956 442.667
231.217 443.167
231.435 443.583
231.478 443.667
231.739 444.167
231.967 444.604
232 444.667
232.261 445.167
232.261 445.167
232.489 445.604
232.522 445.667
232.522 445.667
232.652 445.917
232.783 446.167
233.021 446.623
233.043 446.667
233.043 446.667
233.304 447.167
233.565 447.667
233.826 448.167
233.956 448.417
234.084 448.66
234.087 448.667
234.087 448.667
234.087 448.667
234.087 448.667
234.087 448.667
234.087 448.667
234.348 449.167
235.515 451.667
235.707 452.167
235.707 452.167
235.968 452.667
235.968 452.667
235.968 452.667
236.229 453.167
236.229 453.167
236.751 454.167
236.751 454.167
236.77 454.204
236.907 454.467
237.011 454.667
237.011 454.667
237.011 454.667
237.014 454.671
237.272 455.167
237.272 455.167
237.272 455.167
237.533 455.667
237.533 455.667
237.794 456.167
237.794 456.167
238.055 456.667
238.055 456.667
238.316 457.167
238.316 457.167
238.707 457.917
238.837 458.167
239.098 458.667
239.098 458.667
239.359 459.167
239.359 459.167
239.62 459.667
239.881 460.167
239.881 460.167
240.142 460.667
240.142 460.667
240.403 461.167
240.403 461.167
240.664 461.667
240.924 462.167
240.924 462.167
241.185 462.667
241.185 462.667
241.446 463.167
241.446 463.167
241.707 463.667
241.968 464.167
241.968 464.167
241.968 464.167
242.229 464.667
242.229 464.667
242.49 465.167
242.49 465.167
242.49 465.167
242.751 465.667
243.011 466.167
243.011 466.167
243.011 466.167
243.272 466.667
243.272 466.667
243.272 466.667
243.533 467.167
243.533 467.167
243.794 467.667
243.794 467.667
244.055 468.167
244.055 468.167
244.316 468.667
244.316 468.667
244.577 469.167
244.577 469.167
245.098 470.167
245.098 470.167
245.359 470.667
245.359 470.667
245.62 471.167
245.881 471.667
246.142 472.167
246.142 472.167
246.403 472.667
246.403 472.667
246.664 473.167
246.664 473.167
246.664 473.167
246.924 473.667
247.185 474.167
247.185 474.167
247.185 474.167
247.446 474.667
247.446 474.667
247.446 474.667
247.707 475.167
247.707 475.167
247.968 475.667
248.229 476.167
248.229 476.167
248.49 476.667
248.49 476.667
248.751 477.167
248.751 477.167
249.011 477.667
249.272 478.167
249.272 478.167
249.533 478.667
249.533 478.667
249.794 479.167
249.848 479.271
249.892 479.354
249.912 479.394
249.96 479.485
250.06 479.677
250.097 479.748
251.002 481.481
251.007 481.492
251.109 481.688
251.189 481.84
252.211 483.8
252.384 484.131
252.444 484.246
252.482 484.319
252.581 484.508
252.666 484.671
