2.01057 4.35625
2.01057 4.35625
2.01057 4.35625
2.01057 4.35625
2.01057 4.35625
2.01057 4.35625
2.01057 4.35625
2.70288 5.85625
2.93364 6.35625
3.39518 7.35625
3.85672 8.35625
3.85672 8.35625
3.85672 8.35625
3.85672 8.35625
4.54902 9.85625
4.77979 10.3562
4.77979 10.3562
4.77979 10.3562
4.77979 10.3562
4.77979 10.3562
5.01056 10.8562
5.01056 10.8562
5.24133 11.3562
5.70287 12.3562
5.70287 12.3562
5.70287 12.3562
5.70287 12.3562
5.70287 12.3562
5.70287 12.3562
6.62594 14.3562
6.62594 14.3562
6.62594 14.3562
7.08748 15.3562
7.08748 15.3562
7.54901 16.3562
7.54901 16.3562
7.54901 16.3562
7.54901 16.3562
8.47209 18.3562
8.47209 18.3562
8.47209 18.3562
8.47209 18.3562
8.93363 19.3562
9.16439 19.8562
9.39516 20.3562
9.39516 20.3562
9.39516 20.3562
9.39516 20.3562
10.3182 22.3562
10.3182 22.3562
10.3182 22.3562
10.3182 22.3562
10.3182 22.3562
10.3182 22.3562
10.3182 22.3562
11.2413 24.3562
11.2413 24.3562
11.2413 24.3562
11.2413 24.3562
12.1644 26.3562
12.1644 26.3562
12.1644 26.3562
12.1644 26.3562
12.6259 27.3562
13.0875 28.3562
13.0875 28.3562
13.0875 28.3562
13.0875 28.3562
13.0875 28.3562
13.0875 28.3562
13.0875 28.3562
13.0875 28.3562
14.0105 30.3562
14.0105 30.3562
14.4721 31.3562
14.9336 32.3563
14.9336 32.3563
15.8567 34.3563
15.9721 34.6063
16.0874 34.8563
16.3182 35.3563
16.549 35.8563
16.7798 36.3563
16.7798 36.3563
16.7798 36.3563
16.7798 36.3563
16.7798 36.3563
16.7798 36.3563
16.7798 36.3563
16.8951 36.6063
17.0105 36.8563
17.7028 38.3563
17.7028 38.3563
17.7028 38.3563
17.7028 38.3563
18.6259 40.3563
18.6259 40.3563
18.6259 40.3563
18.6259 40.3563
19.549 42.3563
19.549 42.3563
19.549 42.3563
19.549 42.3563
19.549 42.3563
19.7797 42.8563
20.1259 43.6063
20.4721 44.3563
20.4721 44.3563
20.4721 44.3563
20.4721 44.3563
20.4721 44.3563
20.4721 44.3563
20.4721 44.3563
20.9336 45.3563
21.3951 46.3563
21.3951 46.3563
21.3951 46.3563
22.3182 48.3563
22.3182 48.3563
22.3182 48.3563
23.0105 49.8563
23.2413 50.3563
23.2413 50.3563
23.2413 50.3563
23.2413 50.3563
23.472 50.8563
23.7028 51.3563
23.7028 51.3563
23.9336 51.8563
24.1643 52.3563
24.1643 52.3563
24.1643 52.3563
24.1643 52.3563
24.1643 52.3563
24.1643 52.3563
24.6259 53.3563
25.0874 54.3563
25.0874 54.3563
25.0874 54.3563
25.549 55.3563
25.7797 55.8563
25.8951 56.1063
26.0105 56.3563
26.0105 56.3563
26.0105 56.3563
26.0105 56.3563
26.472 57.3563
26.472 57.3563
26.9336 58.3563
26.9336 58.3563
26.9336 58.3563
27.1643 58.8563
27.3951 59.3563
27.6259 59.8563
27.7413 60.1062
27.8566 60.3563
27.8566 60.3563
27.8566 60.3563
27.8566 60.3563
27.8566 60.3563
27.972 60.6063
28.0874 60.8563
28.3182 61.3563
28.7797 62.3562
28.7797 62.3562
28.7797 62.3562
28.7797 62.3562
29.2413 63.3563
29.7028 64.3563
29.7028 64.3563
29.7028 64.3563
30.3951 65.8563
30.3951 65.8563
30.6259 66.3563
30.6259 66.3563
30.6259 66.3563
30.6259 66.3563
30.8566 66.8563
30.8566 66.8563
30.8566 66.8563
31.0874 67.3563
31.0874 67.3563
31.3182 67.8563
31.5489 68.3563
31.5489 68.3563
31.5489 68.3563
31.5489 68.3563
31.5489 68.3563
32.0105 69.3563
32.472 70.3563
32.472 70.3563
32.472 70.3563
32.472 70.3563
32.9335 71.3563
33.3951 72.3563
33.3951 72.3563
33.3951 72.3563
33.3951 72.3563
33.8566 73.3563
34.3182 74.3563
34.3182 74.3563
34.3182 74.3563
34.3182 74.3563
34.5489 74.8563
34.7797 75.3563
35.0105 75.8563
35.2412 76.3563
35.2412 76.3563
35.2412 76.3563
35.2412 76.3563
35.2412 76.3563
35.2412 76.3563
35.7028 77.3563
35.7028 77.3563
36.1643 78.3563
36.1643 78.3563
36.1643 78.3563
36.6258 79.3562
37.0874 80.3563
37.0874 80.3563
37.0874 80.3563
37.0874 80.3563
37.7797 81.8563
38.0105 82.3563
38.0105 82.3563
38.0105 82.3563
38.0105 82.3563
38.2412 82.8563
38.472 83.3563
38.472 83.3563
38.7028 83.8563
38.9335 84.3563
38.9335 84.3563
38.9335 84.3563
38.9335 84.3563
39.0489 84.6063
39.3951 85.3563
39.3951 85.3563
39.8566 86.3562
39.8566 86.3562
39.8566 86.3562
40.3181 87.3563
40.3181 87.3563
40.5489 87.8563
40.7797 88.3563
40.7797 88.3563
40.7797 88.3563
40.7797 88.3563
40.7797 88.3563
40.7797 88.3563
41.2412 89.3563
41.7028 90.3563
41.7028 90.3563
41.7028 90.3563
41.7028 90.3563
41.9335 90.8563
42.1643 91.3563
42.3951 91.8563
42.6258 92.3563
42.6258 92.3563
42.6258 92.3563
42.6258 92.3563
42.8566 92.8563
43.0874 93.3562
43.5489 94.3563
43.5489 94.3563
43.5489 94.3563
44.0104 95.3563
44.472 96.3563
44.472 96.3563
44.472 96.3563
44.472 96.3563
45.395 98.3563
45.395 98.3563
45.395 98.3563
45.395 98.3563
45.395 98.3563
45.395 98.3563
45.6258 98.8563
46.3181 100.356
46.3181 100.356
46.3181 100.356
46.3181 100.356
46.3181 100.356
46.3181 100.356
46.7797 101.356
47.2412 102.356
47.2412 102.356
47.2412 102.356
47.2412 102.356
47.7027 103.356
47.7027 103.356
47.9335 103.856
48.1643 104.356
48.1643 104.356
48.1643 104.356
48.395 104.856
48.7412 105.606
49.0873 106.356
49.0873 106.356
49.0873 106.356
49.0873 106.356
49.3181 106.856
49.5489 107.356
49.7797 107.856
50.0104 108.356
50.0104 108.356
50.0104 108.356
50.0104 108.356
50.0104 108.356
50.472 109.356
50.472 109.356
50.9335 110.356
50.9335 110.356
50.9335 110.356
50.9335 110.356
51.395 111.356
51.8566 112.356
51.8566 112.356
51.8566 112.356
51.8566 112.356
52.3181 113.356
52.7796 114.356
52.7796 114.356
52.7796 114.356
52.7796 114.356
53.2412 115.356
53.7027 116.356
53.7027 116.356
53.7027 116.356
53.7027 116.356
53.7027 116.356
53.7027 116.356
54.1643 117.356
54.395 117.856
54.6258 118.356
54.6258 118.356
54.6258 118.356
54.6258 118.356
54.6258 118.356
55.0873 119.356
55.3181 119.856
55.5489 120.356
55.5489 120.356
55.5489 120.356
55.5489 120.356
56.0104 121.356
56.4719 122.356
56.4719 122.356
56.4719 122.356
56.4719 122.356
56.7027 122.856
57.1642 123.856
57.395 124.356
57.395 124.356
57.395 124.356
57.395 124.356
57.395 124.356
57.6258 124.856
58.3181 126.356
58.3181 126.356
58.3181 126.356
58.6642 127.106
59.2412 128.356
59.2412 128.356
59.2412 128.356
59.2412 128.356
59.2412 128.356
60.1642 130.356
60.1642 130.356
60.1642 130.356
60.395 130.856
60.6258 131.356
60.6258 131.356
60.8565 131.856
61.0873 132.356
61.0873 132.356
61.0873 132.356
61.0873 132.356
61.0873 132.356
61.0873 132.356
61.5488 133.356
62.0104 134.356
62.0104 134.356
62.0104 134.356
62.7027 135.856
62.9335 136.356
62.9335 136.356
62.9335 136.356
63.395 137.356
63.6258 137.856
63.8565 138.356
63.8565 138.356
63.8565 138.356
63.8565 138.356
64.0873 138.856
64.0873 138.856
64.3181 139.356
64.4334 139.606
64.7796 140.356
64.7796 140.356
64.7796 140.356
64.7796 140.356
64.7796 140.356
64.7796 140.356
65.0104 140.856
65.7027 142.356
65.7027 142.356
65.7027 142.356
66.1642 143.356
66.6258 144.356
66.6258 144.356
66.6258 144.356
67.3181 145.856
67.5488 146.356
67.5488 146.356
67.5488 146.356
67.7796 146.856
68.0104 147.356
68.0104 147.356
68.2411 147.856
68.2411 147.856
68.4719 148.356
68.4719 148.356
68.4719 148.356
68.4719 148.356
68.4719 148.356
68.4719 148.356
68.9334 149.356
69.395 150.356
69.395 150.356
69.395 150.356
69.395 150.356
69.8565 151.356
69.8565 151.356
70.0873 151.856
70.318 152.356
70.318 152.356
70.318 152.356
70.318 152.356
71.0104 153.856
71.0104 153.856
71.2411 154.356
71.2411 154.356
71.2411 154.356
71.2411 154.356
71.5873 155.106
71.5873 155.106
71.9334 155.856
72.1642 156.356
72.1642 156.356
72.1642 156.356
72.1642 156.356
72.1642 156.356
72.6257 157.356
72.6257 157.356
73.0873 158.356
73.5488 159.356
74.0103 160.356
74.0103 160.356
74.0103 160.356
74.0103 160.356
74.9334 162.356
74.9334 162.356
74.9334 162.356
74.9334 162.356
75.2796 163.106
75.395 163.356
75.6257 163.856
75.8565 164.356
75.8565 164.356
75.8565 164.356
75.8565 164.356
75.8565 164.356
75.8565 164.356
76.318 165.356
76.7796 166.356
76.7796 166.356
76.7796 166.356
77.2411 167.356
77.7026 168.356
77.7026 168.356
77.7026 168.356
78.1642 169.356
78.3949 169.856
78.6257 170.356
78.6257 170.356
78.6257 170.356
78.9719 171.106
79.0872 171.356
79.318 171.856
79.5488 172.356
79.5488 172.356
79.5488 172.356
79.5488 172.356
79.5488 172.356
80.0103 173.356
80.0103 173.356
80.4719 174.356
80.4719 174.356
80.4719 174.356
80.9334 175.356
81.3949 176.356
81.3949 176.356
81.3949 176.356
81.8565 177.356
82.318 178.356
82.318 178.356
82.318 178.356
82.318 178.356
82.6642 179.106
82.7795 179.356
83.0103 179.856
83.2411 180.356
83.2411 180.356
83.2411 180.356
83.2411 180.356
83.2411 180.356
83.7026 181.356
84.1642 182.356
84.1642 182.356
84.1642 182.356
84.6257 183.356
85.0872 184.356
85.0872 184.356
85.0872 184.356
85.6642 185.606
85.7795 185.856
86.0103 186.356
86.0103 186.356
86.0103 186.356
86.2411 186.856
86.2411 186.856
86.4718 187.356
86.7026 187.856
86.7026 187.856
86.9334 188.356
86.9334 188.356
86.9334 188.356
87.1641 188.856
87.1641 188.856
87.3949 189.356
87.6257 189.856
87.8565 190.356
88.0872 190.856
88.318 191.356
88.5488 191.856
88.7795 192.356
88.7795 192.356
88.7795 192.356
89.0103 192.856
89.2411 193.356
89.4718 193.856
89.7026 194.356
89.7026 194.356
89.9334 194.856
90.0488 195.106
90.1641 195.356
90.3949 195.856
90.3949 195.856
90.6257 196.356
90.6257 196.356
90.6257 196.356
90.6257 196.356
90.6257 196.356
91.0872 197.356
91.0872 197.356
91.5487 198.356
91.5487 198.356
91.5487 198.356
91.5487 198.356
92.4718 200.356
92.4718 200.356
92.4718 200.356
92.9334 201.356
93.3949 202.356
93.3949 202.356
93.3949 202.356
93.3949 202.356
93.741 203.106
93.8564 203.356
93.8564 203.356
93.8564 203.356
93.8564 203.356
94.0872 203.856
94.318 204.356
94.318 204.356
94.318 204.356
94.318 204.356
94.318 204.356
94.318 204.356
94.7795 205.356
95.241 206.356
95.241 206.356
95.241 206.356
95.9334 207.856
96.1641 208.356
96.1641 208.356
96.1641 208.356
96.8564 209.856
97.0872 210.356
97.0872 210.356
97.0872 210.356
97.318 210.856
97.318 210.856
97.5487 211.356
97.6641 211.606
97.7795 211.856
98.0103 212.356
98.0103 212.356
98.0103 212.356
98.0103 212.356
98.0103 212.356
98.0103 212.356
98.4718 213.356
98.7026 213.856
98.7026 213.856
98.9333 214.356
98.9333 214.356
98.9333 214.356
99.3949 215.356
99.8564 216.356
99.8564 216.356
99.8564 216.356
99.8564 216.356
100.087 216.856
100.318 217.356
100.318 217.356
100.549 217.856
100.549 217.856
100.549 217.856
100.779 218.356
101.01 218.856
101.01 218.856
101.241 219.356
101.472 219.856
101.472 219.856
101.703 220.356
101.703 220.356
101.703 220.356
101.703 220.356
101.933 220.856
102.164 221.356
102.164 221.356
102.395 221.856
102.626 222.356
102.856 222.856
103.087 223.356
103.318 223.856
103.549 224.356
103.779 224.856
104.01 225.356
104.241 225.856
104.472 226.356
107.241 232.356
107.241 232.356
107.696 233.356
107.696 233.356
108.15 234.356
108.15 234.356
108.15 234.356
108.377 234.856
108.605 235.356
108.832 235.856
109.059 236.356
109.059 236.356
109.059 236.356
109.059 236.356
109.059 236.356
109.059 236.356
109.059 236.356
109.173 236.606
109.286 236.856
109.968 238.356
109.968 238.356
109.968 238.356
109.968 238.356
110.877 240.356
110.877 240.356
110.877 240.356
110.877 240.356
111.603 241.856
111.845 242.356
111.845 242.356
111.845 242.356
111.845 242.356
111.845 242.356
112.191 243.106
112.537 243.856
112.768 244.356
112.768 244.356
112.768 244.356
112.768 244.356
112.768 244.356
112.768 244.356
112.768 244.356
113.223 245.356
113.677 246.356
113.677 246.356
113.677 246.356
114.586 248.356
114.586 248.356
114.586 248.356
115.268 249.856
115.495 250.356
115.495 250.356
115.495 250.356
115.495 250.356
115.732 250.856
115.968 251.356
115.968 251.356
116.204 251.856
116.44 252.356
116.44 252.356
116.44 252.356
116.44 252.356
116.44 252.356
116.44 252.356
116.905 253.356
117.371 254.356
117.371 254.356
117.371 254.356
117.825 255.356
118.052 255.856
118.28 256.356
118.28 256.356
118.28 256.356
118.28 256.356
118.28 256.356
118.734 257.356
118.961 257.856
119.189 258.356
119.189 258.356
119.425 258.856
119.661 259.356
119.661 259.356
119.897 259.856
120.134 260.356
120.134 260.356
120.134 260.356
120.134 260.356
120.134 260.356
120.134 260.356
120.368 260.856
120.602 261.356
121.071 262.356
121.071 262.356
121.071 262.356
121.071 262.356
121.54 263.356
121.54 263.356
121.774 263.856
122.009 264.356
122.009 264.356
122.009 264.356
122.009 264.356
122.69 265.856
122.69 265.856
122.918 266.356
122.918 266.356
122.918 266.356
122.918 266.356
123.145 266.856
123.145 266.856
123.372 267.356
123.372 267.356
123.605 267.856
123.837 268.356
123.837 268.356
123.837 268.356
123.837 268.356
123.837 268.356
124.302 269.356
124.768 270.356
124.768 270.356
124.768 270.356
124.768 270.356
125.222 271.356
125.677 272.356
125.677 272.356
125.677 272.356
125.677 272.356
126.131 273.356
126.359 273.856
126.586 274.356
126.586 274.356
126.586 274.356
126.586 274.356
126.813 274.856
127.04 275.356
127.268 275.856
127.495 276.356
127.495 276.356
127.495 276.356
127.495 276.356
127.495 276.356
127.495 276.356
127.841 277.106
127.956 277.356
128.418 278.356
128.418 278.356
128.418 278.356
128.879 279.356
129.341 280.356
129.341 280.356
129.341 280.356
129.341 280.356
129.803 281.356
130.033 281.856
130.264 282.356
130.264 282.356
130.264 282.356
130.264 282.356
130.495 282.856
130.726 283.356
130.726 283.356
130.956 283.856
131.187 284.356
131.187 284.356
131.187 284.356
131.187 284.356
131.303 284.606
131.649 285.356
131.649 285.356
132.11 286.356
132.11 286.356
132.11 286.356
132.572 287.356
132.572 287.356
132.803 287.856
133.033 288.356
133.033 288.356
133.033 288.356
133.033 288.356
133.033 288.356
133.033 288.356
133.495 289.356
133.956 290.356
133.956 290.356
133.956 290.356
133.956 290.356
134.187 290.856
134.418 291.356
134.649 291.856
134.879 292.356
134.879 292.356
134.879 292.356
134.879 292.356
135.11 292.856
135.341 293.356
135.803 294.356
135.803 294.356
135.803 294.356
136.264 295.356
136.726 296.356
136.726 296.356
136.726 296.356
136.726 296.356
137.649 298.356
137.649 298.356
137.649 298.356
137.649 298.356
137.649 298.356
137.649 298.356
137.879 298.856
138.572 300.356
138.572 300.356
138.572 300.356
138.572 300.356
138.572 300.356
138.572 300.356
138.803 300.856
139.495 302.356
139.495 302.356
139.495 302.356
139.495 302.356
139.967 303.356
139.967 303.356
140.204 303.856
140.44 304.356
140.44 304.356
140.44 304.356
140.67 304.856
141.017 305.606
141.363 306.356
141.363 306.356
141.363 306.356
141.363 306.356
141.594 306.856
141.824 307.356
141.94 307.606
142.286 308.356
142.286 308.356
142.286 308.356
142.286 308.356
142.286 308.356
142.747 309.356
142.747 309.356
143.209 310.356
143.209 310.356
143.209 310.356
143.67 311.356
144.132 312.356
144.132 312.356
144.132 312.356
144.594 313.356
145.055 314.356
145.055 314.356
145.055 314.356
145.517 315.356
145.989 316.356
145.989 316.356
145.989 316.356
145.989 316.356
145.989 316.356
146.22 316.856
146.451 317.356
146.451 317.356
146.681 317.856
146.681 317.856
146.912 318.356
147.143 318.856
147.143 318.856
147.143 318.856
147.374 319.356
147.374 319.356
147.604 319.856
147.604 319.856
147.835 320.356
147.835 320.356
147.835 320.356
147.835 320.356
148.066 320.856
148.297 321.356
148.297 321.356
148.528 321.856
148.528 321.856
148.528 321.856
148.758 322.356
148.989 322.856
148.989 322.856
149.22 323.356
149.451 323.856
149.566 324.106
149.681 324.356
149.681 324.356
149.681 324.356
149.681 324.356
149.681 324.356
150.132 325.356
150.132 325.356
150.358 325.856
150.584 326.356
150.816 326.856
151.049 327.356
151.281 327.856
151.514 328.356
151.514 328.356
151.514 328.356
151.514 328.356
151.863 329.106
152.219 329.856
152.219 329.856
152.219 329.856
152.459 330.356
152.69 330.856
152.69 330.856
152.69 330.856
152.921 331.356
153.151 331.856
153.382 332.356
153.382 332.356
153.382 332.356
153.382 332.356
153.382 332.356
153.382 332.356
153.84 333.356
154.298 334.356
154.298 334.356
154.298 334.356
154.985 335.856
155.214 336.356
155.214 336.356
155.214 336.356
155.443 336.856
155.787 337.606
156.13 338.356
156.13 338.356
156.13 338.356
156.13 338.356
156.359 338.856
156.588 339.356
156.588 339.356
157.046 340.356
157.046 340.356
157.046 340.356
157.046 340.356
157.046 340.356
157.046 340.356
157.275 340.856
157.962 342.356
157.962 342.356
157.962 342.356
158.42 343.356
158.885 344.356
158.885 344.356
158.885 344.356
159.572 345.856
159.801 346.356
159.801 346.356
159.801 346.356
160.038 346.856
160.274 347.356
160.274 347.356
160.51 347.856
160.51 347.856
160.746 348.356
160.746 348.356
160.746 348.356
160.746 348.356
160.746 348.356
160.746 348.356
161.204 349.356
161.662 350.356
161.662 350.356
161.662 350.356
161.662 350.356
162.12 351.356
162.12 351.356
162.349 351.856
162.578 352.356
162.578 352.356
162.578 352.356
162.807 352.856
163.265 353.856
163.265 353.856
163.494 354.356
163.494 354.356
163.494 354.356
163.494 354.356
163.723 354.856
163.952 355.356
164.181 355.856
164.41 356.356
164.41 356.356
164.41 356.356
164.41 356.356
164.41 356.356
164.41 356.356
164.41 356.356
164.872 357.356
165.333 358.356
165.333 358.356
165.333 358.356
165.333 358.356
165.795 359.356
166.256 360.356
166.256 360.356
166.256 360.356
166.256 360.356
166.718 361.356
166.718 361.356
167.18 362.356
167.18 362.356
167.18 362.356
167.641 363.356
167.641 363.356
167.641 363.356
168.103 364.356
168.103 364.356
170.038 368.356
170.038 368.356
170.038 368.356
170.486 369.356
170.486 369.356
170.934 370.356
170.934 370.356
170.934 370.356
171.269 371.106
171.381 371.356
171.605 371.856
171.829 372.356
171.829 372.356
171.829 372.356
171.829 372.356
171.829 372.356
172.291 373.356
172.291 373.356
172.752 374.356
172.752 374.356
172.752 374.356
173.675 376.356
173.675 376.356
173.675 376.356
174.021 377.106
174.368 377.856
174.368 377.856
174.598 378.356
174.598 378.356
174.598 378.356
174.598 378.356
174.829 378.856
174.945 379.106
175.06 379.356
175.291 379.856
175.291 379.856
175.521 380.356
175.521 380.356
175.521 380.356
175.521 380.356
175.521 380.356
175.99 381.356
175.99 381.356
176.459 382.356
176.459 382.356
176.459 382.356
176.459 382.356
176.928 383.356
177.396 384.356
177.396 384.356
177.396 384.356
177.396 384.356
177.851 385.356
178.078 385.856
178.078 385.856
178.306 386.356
178.306 386.356
178.527 386.856
178.527 386.856
178.637 387.106
178.747 387.356
178.968 387.856
178.968 387.856
179.188 388.356
179.188 388.356
179.188 388.356
179.188 388.356
179.188 388.356
179.643 389.356
179.643 389.356
180.098 390.356
180.098 390.356
180.098 390.356
180.098 390.356
180.563 391.356
181.028 392.356
181.028 392.356
181.028 392.356
181.028 392.356
181.5 393.356
181.5 393.356
181.736 393.856
181.973 394.356
181.973 394.356
181.973 394.356
181.973 394.356
181.973 394.356
182.209 394.856
182.445 395.356
182.681 395.856
182.918 396.356
182.918 396.356
182.918 396.356
182.918 396.356
182.918 396.356
183.145 396.856
183.258 397.106
183.827 398.356
183.827 398.356
183.827 398.356
184.281 399.356
184.736 400.356
184.736 400.356
184.736 400.356
184.736 400.356
184.963 400.856
185.19 401.356
185.19 401.356
185.418 401.856
185.418 401.856
185.418 401.856
185.645 402.356
185.645 402.356
185.872 402.856
185.872 402.856
185.872 402.856
186.099 403.356
186.213 403.606
186.44 404.106
186.554 404.356
186.554 404.356
186.554 404.356
186.554 404.356
186.79 404.856
186.79 404.856
187.026 405.356
187.026 405.356
187.026 405.356
187.263 405.856
187.263 405.856
187.499 406.356
187.499 406.356
187.735 406.856
187.971 407.356
188.207 407.856
188.444 408.356
188.673 408.856
188.673 408.856
188.902 409.356
188.902 409.356
189.131 409.856
189.131 409.856
189.131 409.856
189.36 410.356
189.36 410.356
189.589 410.856
189.589 410.856
189.818 411.356
189.818 411.356
189.932 411.606
190.047 411.856
190.276 412.356
190.276 412.356
190.276 412.356
190.505 412.856
190.505 412.856
190.734 413.356
190.734 413.356
190.734 413.356
190.963 413.856
190.963 413.856
191.192 414.356
191.421 414.856
191.65 415.356
191.65 415.356
191.879 415.856
191.879 415.856
192.108 416.356
192.34 416.856
192.34 416.856
192.573 417.356
192.573 417.356
192.805 417.856
192.805 417.856
193.038 418.356
193.038 418.356
193.038 418.356
193.387 419.106
193.387 419.106
193.503 419.356
193.736 419.856
193.736 419.856
193.968 420.356
193.968 420.356
193.968 420.356
194.201 420.856
194.201 420.856
194.433 421.356
194.433 421.356
194.666 421.856
194.666 421.856
194.898 422.356
195.131 422.856
195.364 423.356
195.364 423.356
195.596 423.856
195.829 424.356
195.829 424.356
196.056 424.856
196.056 424.856
196.056 424.856
196.283 425.356
196.511 425.856
196.511 425.856
196.738 426.356
196.738 426.356
196.738 426.356
196.965 426.856
197.079 427.106
197.192 427.356
197.42 427.856
197.42 427.856
197.647 428.356
197.647 428.356
197.647 428.356
197.647 428.356
197.88 428.858
198.112 429.356
198.112 429.356
198.345 429.856
198.577 430.356
198.81 430.856
199.042 431.356
199.275 431.856
199.507 432.356
199.507 432.356
199.507 432.356
199.507 432.356
199.736 432.856
199.736 432.856
199.965 433.356
199.965 433.356
200.194 433.856
200.194 433.856
200.376 434.252
200.423 434.356
200.423 434.356
200.652 434.856
200.652 434.856
200.735 435.038
200.881 435.356
200.881 435.356
201.059 435.744
201.11 435.856
201.339 436.356
201.339 436.356
201.339 436.356
201.339 436.356
201.355 436.39
201.572 436.856
201.805 437.356
201.814 437.377
202.037 437.856
202.037 437.856
202.037 437.856
202.502 438.856
202.502 438.856
202.735 439.356
202.967 439.856
202.967 439.856
202.967 439.856
203.2 440.356
203.432 440.856
203.432 440.856
203.432 440.856
203.665 441.356
203.898 441.856
203.898 441.856
203.898 441.856
204.13 442.356
204.13 442.356
204.363 442.856
204.363 442.856
204.363 442.856
204.479 443.106
204.828 443.856
204.828 443.856
205.06 444.356
205.06 444.356
205.06 444.356
205.06 444.356
205.06 444.356
205.293 444.856
205.525 445.356
205.525 445.356
205.758 445.856
205.758 445.856
205.758 445.856
206.223 446.856
206.223 446.856
206.688 447.856
206.688 447.856
206.921 448.356
207.153 448.856
207.386 449.356
207.618 449.856
207.851 450.356
207.851 450.356
208.084 450.856
208.084 450.856
208.2 451.106
208.316 451.356
208.549 451.856
208.549 451.856
208.781 452.356
208.781 452.356
208.781 452.356
208.781 452.356
209.009 452.856
209.122 453.106
209.236 453.356
209.463 453.856
209.69 454.356
209.918 454.856
210.145 455.356
210.374 455.856
210.603 456.356
210.603 456.356
210.603 456.356
210.603 456.356
210.717 456.606
210.946 457.106
210.946 457.106
210.946 457.106
210.946 457.106
211.061 457.356
211.061 457.356
211.29 457.856
211.29 457.856
211.29 457.856
211.29 457.856
211.29 457.856
211.519 458.356
211.519 458.356
211.519 458.356
211.519 458.356
211.519 458.356
211.633 458.606
211.748 458.856
211.862 459.106
211.862 459.106
211.862 459.106
211.862 459.106
211.977 459.356
212.206 459.856
212.206 459.856
212.206 459.856
212.435 460.356
212.435 460.356
212.435 460.356
212.668 460.856
212.9 461.356
212.9 461.356
213.133 461.856
213.365 462.356
213.598 462.856
213.83 463.356
214.063 463.856
214.063 463.856
214.295 464.356
214.295 464.356
214.295 464.356
214.295 464.356
214.528 464.856
214.761 465.356
214.761 465.356
214.993 465.856
214.993 465.856
214.993 465.856
215.226 466.356
215.226 466.356
215.458 466.856
215.458 466.856
215.574 467.106
215.691 467.356
215.923 467.856
215.923 467.856
216.156 468.356
216.156 468.356
216.156 468.356
216.156 468.356
216.156 468.356
216.388 468.856
216.621 469.356
216.854 469.856
216.854 469.856
216.854 469.856
217.086 470.356
217.086 470.356
217.086 470.356
217.319 470.856
217.435 471.106
217.435 471.106
217.435 471.106
217.784 471.856
217.784 471.856
218.016 472.356
218.244 472.856
218.471 473.356
218.698 473.856
218.698 473.856
218.925 474.356
218.925 474.356
218.925 474.356
219.039 474.606
219.266 475.106
219.266 475.106
219.607 475.856
219.607 475.856
219.835 476.356
219.835 476.356
219.835 476.356
219.835 476.356
219.835 476.356
220.067 476.856
220.3 477.356
220.3 477.356
220.532 477.856
220.532 477.856
220.765 478.356
220.997 478.856
221.23 479.356
221.462 479.856
221.462 479.856
221.462 479.856
221.695 480.356
221.928 480.856
222.16 481.356
222.393 481.856
222.625 482.356
222.625 482.356
222.852 482.856
222.966 483.106
223.08 483.356
223.08 483.356
223.307 483.856
223.307 483.856
223.534 484.356
223.534 484.356
223.534 484.356
223.534 484.356
223.762 484.856
223.989 485.356
223.989 485.356
224.216 485.856
224.216 485.856
224.443 486.356
224.671 486.856
224.671 486.856
225.125 487.856
225.352 488.356
225.352 488.356
225.352 488.356
225.352 488.356
225.58 488.856
225.807 489.356
225.807 489.356
226.034 489.856
226.034 489.856
226.262 490.356
226.262 490.356
226.262 490.356
226.489 490.856
226.489 490.856
226.716 491.356
226.716 491.356
226.943 491.856
226.943 491.856
227.171 492.356
227.171 492.356
227.171 492.356
227.171 492.356
227.171 492.356
227.171 492.356
227.636 493.356
228.101 494.356
228.101 494.356
228.101 494.356
228.566 495.356
229.031 496.356
229.031 496.356
229.031 496.356
230.775 500.106
230.793 500.144
230.796 500.15
230.799 500.156
230.8 500.158
231.803 502.36
231.807 502.371
231.81 502.377
231.817 502.392
231.817 502.392
232.728 504.35
232.745 504.387
232.749 504.396
232.754 504.406
232.759 504.417
233.648 506.344
233.665 506.381
233.667 506.385
233.669 506.39
233.672 506.396
233.887 506.869
234.109 507.356
234.602 508.44
234.615 508.469
234.651 508.546
234.659 508.562
235.49 510.35
235.496 510.363
235.498 510.367
236.372 512.29
236.382 512.31
236.388 512.325
236.427 512.408
237.114 513.875
237.346 514.369
237.348 514.373
237.572 514.852
237.784 515.304
238.253 516.304
238.255 516.308
238.266 516.331
238.271 516.342
238.276 516.354
239.195 518.315
239.198 518.321
239.214 518.354
239.621 519.223
240.097 520.237
240.13 520.308
240.137 520.323
240.66 521.44
241.019 522.204
241.023 522.215
241.029 522.227
241.955 524.26
241.958 524.267
241.966 524.283
241.966 524.283
241.974 524.302
