3.32708 6.65417
3.57708 7.15417
3.82708 7.65417
4.07708 8.15417
4.32708 8.65417
4.32708 8.65417
4.32708 8.65417
4.32708 8.65417
4.32708 8.65417
4.57708 9.15417
4.82708 9.65417
5.07708 10.1542
5.07708 10.1542
5.07708 10.1542
5.82708 11.6542
6.32708 12.6542
6.32708 12.6542
6.32708 12.6542
6.32708 12.6542
6.32708 12.6542
6.57708 13.1542
6.82708 13.6542
7.07708 14.1542
7.07708 14.1542
7.82708 15.6542
8.32708 16.6542
8.32708 16.6542
8.32708 16.6542
8.32708 16.6542
8.57708 17.1542
8.82708 17.6542
9.07708 18.1542
9.07708 18.1542
10.0771 20.1542
10.5771 21.1542
10.8271 21.6542
11.0771 22.1542
11.3271 22.6542
11.5771 23.1542
11.5771 23.1542
11.8271 23.6542
11.8271 23.6542
11.8271 23.6542
11.8271 23.6542
12.0771 24.1542
12.0771 24.1542
12.3271 24.6542
12.3271 24.6542
12.3271 24.6542
12.3271 24.6542
12.3271 24.6542
12.5771 25.1542
12.8271 25.6542
13.0771 26.1542
13.0771 26.1542
13.0771 26.1542
13.8271 27.6542
13.8271 27.6542
14.3271 28.6542
14.3271 28.6542
14.3271 28.6542
14.3271 28.6542
14.3271 28.6542
14.5771 29.1542
14.8271 29.6542
15.0771 30.1542
15.0969 30.1938
15.4521 30.9042
15.8271 31.6542
15.8469 31.6938
16.276 32.5521
16.3271 32.6542
16.3271 32.6542
16.3271 32.6542
16.5771 33.1542
16.8271 33.6542
17.0771 34.1542
17.0771 34.1542
17.1125 34.225
17.3188 34.6375
17.5698 35.1396
17.5771 35.1542
17.5771 35.1542
17.9521 35.9042
18.0698 36.1396
18.3271 36.6542
18.3271 36.6542
18.3271 36.6542
18.3271 36.6542
18.5917 37.1833
19.0771 38.1542
19.3271 38.6542
19.3271 38.6542
19.3271 38.6542
19.3271 38.6542
20.3271 40.6542
20.3271 40.6542
20.3271 40.6542
20.3271 40.6542
20.5771 41.1542
20.8271 41.6542
21.0552 42.1104
21.0771 42.1542
21.0771 42.1542
21.3146 42.6292
21.3271 42.6542
21.4385 42.8771
21.5771 43.1542
21.5771 43.1542
21.6156 43.2313
21.8271 43.6542
21.8333 43.6667
21.925 43.85
22.099 44.1979
22.3271 44.6542
22.3271 44.6542
22.3271 44.6542
22.5771 45.1542
22.8271 45.6542
22.8615 45.7229
23.0771 46.1542
23.1052 46.2104
23.5771 47.1542
23.8469 47.6938
24.1062 48.2125
24.1667 48.3333
24.3271 48.6542
24.3271 48.6542
24.3271 48.6542
24.3271 48.6542
24.5771 49.1542
24.8271 49.6542
24.8417 49.6833
25.0771 50.1542
25.0771 50.1542
25.1 50.2
25.5646 51.1292
25.5771 51.1542
25.5771 51.1542
25.8271 51.6542
26.0771 52.1542
26.2833 52.5667
26.3271 52.6542
26.3271 52.6542
26.3271 52.6542
26.3271 52.6542
26.3438 52.6875
26.5771 53.1542
26.8271 53.6542
27.0656 54.1313
27.0771 54.1542
27.0771 54.1542
27.0771 54.1542
27.3104 54.6208
27.3271 54.6542
27.3958 54.7917
27.5771 55.1542
27.5771 55.1542
27.5813 55.1625
27.8135 55.6271
27.8271 55.6542
27.8271 55.6542
27.8271 55.6542
28.0615 56.1229
28.0771 56.1542
28.3271 56.6542
28.3271 56.6542
28.3271 56.6542
28.5771 57.1542
28.8271 57.6542
29.0448 58.0896
29.0771 58.1542
29.0771 58.1542
29.3146 58.6292
29.3271 58.6542
29.4292 58.8583
29.5771 59.1542
29.5771 59.1542
29.6083 59.2167
29.825 59.65
29.8271 59.6542
29.924 59.8479
30.0938 60.1875
30.3271 60.6542
30.3271 60.6542
30.3271 60.6542
30.3271 60.6542
30.3271 60.6542
30.5771 61.1542
30.8271 61.6542
30.8344 61.6688
31.0771 62.1542
31.0771 62.1542
31.0854 62.1708
31.5771 63.1542
31.5771 63.1542
31.5833 63.1667
31.8271 63.6542
32.3125 64.625
32.3271 64.6542
32.3271 64.6542
32.3271 64.6542
32.3271 64.6542
32.5771 65.1542
32.8271 65.6542
33.0771 66.1542
33.3135 66.6271
33.5771 67.1542
33.8271 67.6542
34.0771 68.1542
34.3271 68.6542
34.3271 68.6542
34.3271 68.6542
34.3271 68.6542
34.3271 68.6542
34.3385 68.6771
35.8271 71.6542
36.0771 72.1542
36.3271 72.6542
36.3271 72.6542
36.3271 72.6542
36.3271 72.6542
36.8271 73.6542
36.8271 73.6542
37.0771 74.1542
37.0771 74.1542
37.3271 74.6542
37.5771 75.1542
37.8271 75.6542
37.8271 75.6542
38.0771 76.1542
38.3271 76.6542
38.3271 76.6542
38.3271 76.6542
38.3271 76.6542
38.5771 77.1542
38.5771 77.1542
38.8271 77.6542
39.0771 78.1542
39.3271 78.6542
39.5771 79.1542
39.8271 79.6542
40.0771 80.1542
40.3271 80.6542
40.3271 80.6542
40.3271 80.6542
40.3271 80.6542
40.5771 81.1542
40.5771 81.1542
40.8271 81.6542
40.8271 81.6542
41.0771 82.1542
41.0771 82.1542
41.3271 82.6542
41.5771 83.1542
41.5771 83.1542
41.8271 83.6542
42.3271 84.6542
42.3271 84.6542
42.3271 84.6542
42.3271 84.6542
42.3271 84.6542
42.5771 85.1542
42.8271 85.6542
43.0771 86.1542
43.0771 86.1542
43.5771 87.1542
43.8271 87.6542
44.0771 88.1542
44.3271 88.6542
44.3271 88.6542
44.3271 88.6542
44.3271 88.6542
44.5771 89.1542
44.5771 89.1542
44.8271 89.6542
44.8271 89.6542
45.0771 90.1542
45.0771 90.1542
45.3271 90.6542
45.5771 91.1542
45.8271 91.6542
46.0771 92.1542
46.3271 92.6542
46.3271 92.6542
46.3271 92.6542
46.5771 93.1542
46.8271 93.6542
46.8271 93.6542
47.0771 94.1542
47.0771 94.1542
47.3271 94.6542
47.5771 95.1542
47.8271 95.6542
47.8271 95.6542
48.0771 96.1542
48.3271 96.6542
48.3271 96.6542
48.3271 96.6542
48.5771 97.1542
48.5771 97.1542
48.8271 97.6542
48.8271 97.6542
49.0771 98.1542
49.0771 98.1542
49.3271 98.6542
49.8271 99.6542
50.3271 100.654
50.3271 100.654
50.3271 100.654
50.3271 100.654
50.5771 101.154
50.8271 101.654
51.0771 102.154
51.3271 102.654
51.8271 103.654
51.8271 103.654
52.0771 104.154
52.3271 104.654
52.3271 104.654
52.3271 104.654
52.3271 104.654
52.8271 105.654
52.8271 105.654
53.3271 106.654
53.3271 106.654
53.3271 106.654
53.5771 107.154
53.5771 107.154
53.8271 107.654
53.8271 107.654
53.8271 107.654
54.0771 108.154
54.0771 108.154
54.0771 108.154
54.3271 108.654
54.3271 108.654
54.3271 108.654
54.3271 108.654
54.3271 108.654
54.5771 109.154
54.7021 109.404
55.3271 110.654
55.3271 110.654
55.3271 110.654
55.3271 110.654
55.8271 111.654
55.8271 111.654
55.8271 111.654
56.0771 112.154
56.3271 112.654
56.3271 112.654
56.3271 112.654
56.3271 112.654
56.3271 112.654
56.5771 113.154
56.8271 113.654
56.8271 113.654
57.0771 114.154
57.0771 114.154
57.3271 114.654
57.3271 114.654
57.3271 114.654
57.3271 114.654
57.3271 114.654
57.8271 115.654
57.8271 115.654
58.3271 116.654
58.3271 116.654
58.3271 116.654
58.3271 116.654
58.3271 116.654
58.5771 117.154
58.8271 117.654
59.0771 118.154
59.3271 118.654
59.5771 119.154
59.5771 119.154
59.5771 119.154
59.8271 119.654
59.8271 119.654
60.0771 120.154
60.3271 120.654
60.3271 120.654
60.3271 120.654
60.3271 120.654
60.3271 120.654
60.3271 120.654
60.5771 121.154
60.8271 121.654
60.8271 121.654
61.0771 122.154
61.0771 122.154
61.3271 122.654
61.3271 122.654
61.5771 123.154
61.8271 123.654
61.8271 123.654
61.8271 123.654
62.0771 124.154
62.0771 124.154
62.3271 124.654
62.3271 124.654
62.3271 124.654
62.3271 124.654
62.5771 125.154
62.7021 125.404
62.8271 125.654
63.0771 126.154
63.0771 126.154
63.0771 126.154
63.2021 126.404
63.3271 126.654
63.5771 127.154
63.5771 127.154
63.8271 127.654
63.8271 127.654
64.0771 128.154
64.3271 128.654
64.3271 128.654
64.3271 128.654
64.3271 128.654
64.3271 128.654
64.5771 129.154
64.7021 129.404
64.8271 129.654
65.0771 130.154
65.0771 130.154
65.3271 130.654
65.3271 130.654
65.3271 130.654
65.3271 130.654
65.3271 130.654
65.3271 130.654
65.8271 131.654
66.3271 132.654
66.3271 132.654
66.3271 132.654
66.3271 132.654
66.8271 133.654
67.0771 134.154
67.3271 134.654
67.5771 135.154
67.8271 135.654
67.8271 135.654
68.0771 136.154
68.0771 136.154
68.3271 136.654
68.3271 136.654
68.3271 136.654
68.3271 136.654
68.3271 136.654
68.3271 136.654
68.8271 137.654
69.3271 138.654
69.3271 138.654
69.3271 138.654
69.3271 138.654
69.8271 139.654
69.8271 139.654
70.0771 140.154
70.3271 140.654
70.3271 140.654
70.3271 140.654
70.3271 140.654
70.3271 140.654
70.3271 140.654
70.8271 141.654
71.3271 142.654
71.3271 142.654
71.3271 142.654
71.3271 142.654
71.8271 143.654
71.8271 143.654
72.0771 144.154
72.3271 144.654
72.3271 144.654
72.3271 144.654
72.3271 144.654
72.3271 144.654
72.3271 144.654
72.3271 144.654
72.5771 145.154
72.8271 145.654
73.0771 146.154
73.3271 146.654
73.3271 146.654
73.3271 146.654
73.3271 146.654
73.5771 147.154
73.5771 147.154
73.8271 147.654
73.8271 147.654
74.0771 148.154
74.3271 148.654
74.3271 148.654
74.3271 148.654
74.3271 148.654
74.3271 148.654
74.8271 149.654
75.3271 150.654
75.3271 150.654
75.3271 150.654
75.5771 151.154
75.8271 151.654
75.8271 151.654
76.0771 152.154
76.0771 152.154
76.3271 152.654
76.3271 152.654
76.3271 152.654
76.3271 152.654
76.8271 153.654
76.8271 153.654
77.0771 154.154
77.3271 154.654
77.3271 154.654
77.3271 154.654
77.3271 154.654
77.8271 155.654
77.8271 155.654
78.0771 156.154
78.3271 156.654
78.3271 156.654
78.3271 156.654
78.3271 156.654
78.3271 156.654
78.8271 157.654
78.8271 157.654
79.0771 158.154
79.0771 158.154
79.3271 158.654
79.3271 158.654
79.3271 158.654
79.5771 159.154
79.8271 159.654
79.8271 159.654
80.0771 160.154
80.0771 160.154
80.3271 160.654
80.3271 160.654
80.3271 160.654
80.3271 160.654
80.3271 160.654
80.3271 160.654
80.5771 161.154
80.8271 161.654
81.0771 162.154
81.3271 162.654
81.3271 162.654
81.4521 162.904
81.8271 163.654
81.8271 163.654
82.0771 164.154
82.3271 164.654
82.3271 164.654
82.3271 164.654
82.3271 164.654
82.5771 165.154
82.8271 165.654
83.0771 166.154
83.2021 166.404
83.3271 166.654
83.3271 166.654
83.5771 167.154
83.8271 167.654
83.8271 167.654
84.3271 168.654
84.3271 168.654
84.3271 168.654
84.3271 168.654
84.3271 168.654
84.5771 169.154
84.8271 169.654
85.0771 170.154
85.3271 170.654
85.5771 171.154
85.8271 171.654
86.0771 172.154
86.3271 172.654
86.3271 172.654
86.3271 172.654
86.3271 172.654
86.8271 173.654
87.0771 174.154
87.3271 174.654
87.3271 174.654
87.3271 174.654
87.8271 175.654
87.8271 175.654
88.0771 176.154
88.3271 176.654
88.3271 176.654
88.3271 176.654
88.3271 176.654
88.5771 177.154
88.8271 177.654
88.8271 177.654
89.0771 178.154
89.3271 178.654
89.3271 178.654
89.5771 179.154
89.5771 179.154
89.8271 179.654
89.8271 179.654
90.0771 180.154
90.0771 180.154
90.3271 180.654
90.3271 180.654
90.3271 180.654
90.5771 181.154
90.5771 181.154
90.8271 181.654
91.0771 182.154
91.0771 182.154
91.3271 182.654
91.5771 183.154
91.5771 183.154
91.8271 183.654
91.8271 183.654
91.8271 183.654
92.0771 184.154
92.0771 184.154
92.3271 184.654
92.3271 184.654
92.3271 184.654
92.3271 184.654
92.3271 184.654
92.5771 185.154
92.5771 185.154
92.8271 185.654
92.8271 185.654
92.8271 185.654
92.8271 185.654
93.0771 186.154
93.0771 186.154
93.0771 186.154
93.0771 186.154
93.3271 186.654
93.3271 186.654
93.5771 187.154
93.5771 187.154
93.5771 187.154
93.8271 187.654
93.8271 187.654
94.0771 188.154
94.3271 188.654
94.3271 188.654
94.3271 188.654
94.3271 188.654
94.5771 189.154
94.5771 189.154
94.8271 189.654
94.8271 189.654
95.0771 190.154
95.0771 190.154
95.3271 190.654
95.3271 190.654
95.5771 191.154
95.5771 191.154
95.5771 191.154
95.5771 191.154
95.8271 191.654
95.8271 191.654
95.8271 191.654
95.8271 191.654
96.0771 192.154
96.0771 192.154
96.0771 192.154
96.3271 192.654
96.3271 192.654
96.3271 192.654
96.3271 192.654
96.3271 192.654
96.3271 192.654
96.5771 193.154
96.8271 193.654
96.8271 193.654
97.0771 194.154
97.0771 194.154
97.4521 194.904
97.5771 195.154
97.5771 195.154
97.5771 195.154
97.8271 195.654
97.8271 195.654
98.0771 196.154
98.0771 196.154
98.3271 196.654
98.3271 196.654
98.3271 196.654
98.3271 196.654
98.3271 196.654
98.5771 197.154
98.8271 197.654
98.8271 197.654
99.0771 198.154
99.0771 198.154
99.3271 198.654
99.5771 199.154
99.5771 199.154
99.8271 199.654
99.8271 199.654
100.077 200.154
100.327 200.654
100.327 200.654
100.327 200.654
100.327 200.654
100.577 201.154
100.577 201.154
100.827 201.654
100.827 201.654
101.077 202.154
101.077 202.154
101.327 202.654
101.327 202.654
101.577 203.154
101.827 203.654
101.827 203.654
102.077 204.154
102.327 204.654
102.327 204.654
102.327 204.654
102.577 205.154
102.577 205.154
102.827 205.654
102.827 205.654
103.077 206.154
103.077 206.154
103.077 206.154
103.077 206.154
103.327 206.654
103.577 207.154
103.577 207.154
103.577 207.154
103.577 207.154
103.827 207.654
103.827 207.654
103.827 207.654
104.077 208.154
104.077 208.154
104.077 208.154
104.202 208.404
104.327 208.654
104.327 208.654
104.327 208.654
104.452 208.904
104.577 209.154
104.827 209.654
104.827 209.654
105.077 210.154
105.077 210.154
105.327 210.654
105.327 210.654
105.327 210.654
105.452 210.904
105.577 211.154
105.702 211.404
105.702 211.404
105.827 211.654
105.827 211.654
106.077 212.154
106.077 212.154
106.077 212.154
106.327 212.654
106.327 212.654
106.327 212.654
106.327 212.654
106.577 213.154
106.577 213.154
106.827 213.654
107.077 214.154
107.077 214.154
107.077 214.154
107.327 214.654
107.577 215.154
107.577 215.154
107.577 215.154
107.827 215.654
107.827 215.654
107.827 215.654
107.827 215.654
108.077 216.154
108.077 216.154
108.077 216.154
108.327 216.654
108.327 216.654
108.327 216.654
108.327 216.654
108.327 216.654
108.327 216.654
108.577 217.154
108.577 217.154
108.827 217.654
108.827 217.654
109.077 218.154
109.077 218.154
109.077 218.154
109.077 218.154
109.327 218.654
109.577 219.154
109.577 219.154
109.827 219.654
109.827 219.654
110.077 220.154
110.077 220.154
110.327 220.654
110.327 220.654
110.577 221.154
110.577 221.154
110.827 221.654
110.827 221.654
111.077 222.154
111.077 222.154
111.327 222.654
111.327 222.654
111.327 222.654
111.327 222.654
111.327 222.654
111.327 222.654
111.577 223.154
111.577 223.154
111.827 223.654
111.827 223.654
112.077 224.154
112.077 224.154
112.077 224.154
112.327 224.654
112.327 224.654
112.327 224.654
112.327 224.654
112.327 224.654
112.327 224.654
112.577 225.154
112.827 225.654
112.827 225.654
113.077 226.154
113.077 226.154
113.327 226.654
113.327 226.654
113.327 226.654
113.577 227.154
113.577 227.154
113.827 227.654
113.827 227.654
114.077 228.154
114.077 228.154
114.077 228.154
114.327 228.654
114.327 228.654
114.327 228.654
114.327 228.654
114.327 228.654
114.577 229.154
114.827 229.654
114.827 229.654
115.077 230.154
115.077 230.154
115.327 230.654
115.577 231.154
115.577 231.154
115.827 231.654
115.827 231.654
116.077 232.154
116.077 232.154
116.327 232.654
116.327 232.654
116.327 232.654
116.327 232.654
116.577 233.154
116.827 233.654
116.827 233.654
117.077 234.154
117.077 234.154
117.327 234.654
117.327 234.654
117.577 235.154
117.827 235.654
117.827 235.654
118.077 236.154
118.327 236.654
118.327 236.654
118.327 236.654
118.327 236.654
118.577 237.154
118.827 237.654
119.077 238.154
119.327 238.654
119.327 238.654
119.827 239.654
120.077 240.154
120.327 240.654
120.327 240.654
120.327 240.654
120.327 240.654
120.327 240.654
120.827 241.654
121.452 242.904
121.452 242.904
121.577 243.154
121.577 243.154
122.077 244.154
122.327 244.654
122.327 244.654
122.327 244.654
123.577 247.154
123.827 247.654
124.077 248.154
124.327 248.654
124.327 248.654
124.327 248.654
124.327 248.654
124.327 248.654
124.452 248.904
124.827 249.654
125.077 250.154
125.077 250.154
125.327 250.654
125.327 250.654
125.327 250.654
125.327 250.654
125.327 250.654
125.577 251.154
125.577 251.154
125.827 251.654
125.827 251.654
125.827 251.654
125.952 251.904
126.077 252.154
126.077 252.154
126.327 252.654
126.327 252.654
126.327 252.654
126.327 252.654
126.327 252.654
126.327 252.654
126.452 252.904
126.452 252.904
126.452 252.904
126.827 253.654
126.827 253.654
126.827 253.654
127.077 254.154
127.077 254.154
127.077 254.154
127.327 254.654
127.577 255.154
127.577 255.154
127.827 255.654
127.827 255.654
127.827 255.654
128.077 256.154
128.077 256.154
128.077 256.154
128.327 256.654
128.327 256.654
128.327 256.654
128.327 256.654
128.452 256.904
128.827 257.654
128.827 257.654
128.827 257.654
129.077 258.154
129.077 258.154
129.327 258.654
129.577 259.154
129.827 259.654
130.077 260.154
130.327 260.654
130.327 260.654
130.327 260.654
130.327 260.654
130.452 260.904
130.452 260.904
130.827 261.654
130.827 261.654
130.827 261.654
131.327 262.654
131.327 262.654
131.327 262.654
131.327 262.654
131.827 263.654
131.827 263.654
132.327 264.654
132.327 264.654
132.327 264.654
132.327 264.654
132.327 264.654
132.327 264.654
132.827 265.654
133.077 266.154
133.077 266.154
133.077 266.154
133.327 266.654
133.577 267.154
133.827 267.654
133.827 267.654
133.827 267.654
133.827 267.654
133.827 267.654
134.077 268.154
134.077 268.154
134.077 268.154
134.327 268.654
134.577 269.154
134.577 269.154
134.577 269.154
135.077 270.154
135.327 270.654
135.327 270.654
135.327 270.654
135.577 271.154
135.827 271.654
135.827 271.654
135.827 271.654
136.077 272.154
136.077 272.154
136.077 272.154
136.327 272.654
136.327 272.654
136.327 272.654
136.327 272.654
136.327 272.654
136.327 272.654
136.577 273.154
136.827 273.654
137.077 274.154
137.077 274.154
137.077 274.154
137.327 274.654
137.577 275.154
137.827 275.654
137.827 275.654
137.827 275.654
138.077 276.154
138.327 276.654
138.327 276.654
138.327 276.654
139.827 279.654
140.077 280.154
140.327 280.654
140.327 280.654
140.327 280.654
140.327 280.654
140.827 281.654
140.827 281.654
141.077 282.154
141.077 282.154
141.327 282.654
141.577 283.154
141.827 283.654
141.827 283.654
142.077 284.154
142.327 284.654
142.327 284.654
142.327 284.654
142.327 284.654
142.577 285.154
142.577 285.154
142.827 285.654
143.077 286.154
143.327 286.654
143.577 287.154
143.827 287.654
144.077 288.154
144.327 288.654
144.327 288.654
144.327 288.654
144.327 288.654
144.577 289.154
144.577 289.154
144.827 289.654
144.827 289.654
145.077 290.154
145.077 290.154
145.327 290.654
145.577 291.154
145.577 291.154
145.827 291.654
146.327 292.654
146.327 292.654
146.327 292.654
146.327 292.654
146.327 292.654
146.577 293.154
146.827 293.654
147.077 294.154
147.077 294.154
147.577 295.154
147.827 295.654
148.077 296.154
148.327 296.654
148.327 296.654
148.327 296.654
148.327 296.654
148.577 297.154
148.577 297.154
148.827 297.654
148.827 297.654
149.077 298.154
149.077 298.154
149.327 298.654
149.577 299.154
149.827 299.654
150.077 300.154
150.327 300.654
150.327 300.654
150.327 300.654
150.577 301.154
150.827 301.654
150.827 301.654
151.077 302.154
151.077 302.154
151.327 302.654
151.577 303.154
151.827 303.654
151.827 303.654
152.077 304.154
152.327 304.654
152.327 304.654
152.327 304.654
152.327 304.654
152.577 305.154
152.577 305.154
152.827 305.654
152.827 305.654
153.077 306.154
153.077 306.154
153.327 306.654
153.327 306.654
153.827 307.654
153.827 307.654
153.827 307.654
154.327 308.654
154.327 308.654
154.327 308.654
154.327 308.654
154.577 309.154
154.827 309.654
155.077 310.154
155.327 310.654
155.827 311.654
155.827 311.654
156.077 312.154
156.327 312.654
156.327 312.654
156.327 312.654
156.327 312.654
156.827 313.654
156.827 313.654
157.327 314.654
157.327 314.654
157.327 314.654
157.577 315.154
157.577 315.154
157.827 315.654
157.827 315.654
157.827 315.654
158.077 316.154
158.077 316.154
158.077 316.154
158.327 316.654
158.327 316.654
158.327 316.654
158.327 316.654
158.327 316.654
158.577 317.154
158.702 317.404
159.327 318.654
159.327 318.654
159.327 318.654
159.327 318.654
159.827 319.654
159.827 319.654
159.827 319.654
160.077 320.154
160.327 320.654
160.327 320.654
160.327 320.654
160.327 320.654
160.327 320.654
160.577 321.154
160.827 321.654
160.827 321.654
161.077 322.154
161.077 322.154
161.327 322.654
161.327 322.654
161.327 322.654
161.327 322.654
161.327 322.654
161.827 323.654
161.827 323.654
162.327 324.654
162.327 324.654
162.327 324.654
162.327 324.654
162.327 324.654
162.577 325.154
162.827 325.654
163.077 326.154
163.327 326.654
163.577 327.154
163.577 327.154
163.577 327.154
163.827 327.654
163.827 327.654
164.077 328.154
164.327 328.654
164.327 328.654
164.327 328.654
164.327 328.654
164.327 328.654
164.327 328.654
164.577 329.154
164.827 329.654
164.827 329.654
165.077 330.154
165.077 330.154
165.327 330.654
165.327 330.654
165.577 331.154
165.827 331.654
165.827 331.654
165.827 331.654
166.077 332.154
166.077 332.154
166.327 332.654
166.327 332.654
166.327 332.654
166.327 332.654
166.577 333.154
166.702 333.404
166.827 333.654
167.077 334.154
167.077 334.154
167.077 334.154
167.202 334.404
167.327 334.654
167.577 335.154
167.577 335.154
167.827 335.654
167.827 335.654
168.077 336.154
168.327 336.654
168.327 336.654
168.327 336.654
168.327 336.654
168.327 336.654
168.577 337.154
168.702 337.404
168.827 337.654
169.077 338.154
169.077 338.154
169.327 338.654
169.327 338.654
169.327 338.654
169.327 338.654
169.327 338.654
169.327 338.654
169.827 339.654
170.327 340.654
170.327 340.654
170.327 340.654
170.327 340.654
170.827 341.654
171.077 342.154
171.327 342.654
171.577 343.154
171.827 343.654
171.827 343.654
172.077 344.154
172.077 344.154
172.327 344.654
172.327 344.654
172.327 344.654
172.327 344.654
172.327 344.654
172.327 344.654
172.827 345.654
173.327 346.654
173.327 346.654
173.327 346.654
173.327 346.654
173.827 347.654
173.827 347.654
174.077 348.154
174.327 348.654
174.327 348.654
174.327 348.654
174.327 348.654
174.327 348.654
174.327 348.654
174.827 349.654
175.327 350.654
175.327 350.654
175.327 350.654
175.327 350.654
175.827 351.654
175.827 351.654
176.077 352.154
176.327 352.654
176.327 352.654
176.327 352.654
176.327 352.654
176.327 352.654
176.327 352.654
176.327 352.654
176.577 353.154
176.827 353.654
177.077 354.154
177.327 354.654
177.327 354.654
177.327 354.654
177.327 354.654
177.577 355.154
177.577 355.154
177.827 355.654
177.827 355.654
178.077 356.154
178.327 356.654
178.327 356.654
178.327 356.654
178.327 356.654
178.327 356.654
178.827 357.654
179.327 358.654
179.327 358.654
179.327 358.654
179.577 359.154
179.827 359.654
179.827 359.654
180.077 360.154
180.077 360.154
180.327 360.654
180.327 360.654
180.327 360.654
180.327 360.654
180.827 361.654
180.827 361.654
181.077 362.154
181.327 362.654
181.327 362.654
181.327 362.654
181.327 362.654
181.827 363.654
181.827 363.654
182.077 364.154
182.327 364.654
182.327 364.654
182.327 364.654
182.327 364.654
182.327 364.654
182.827 365.654
182.827 365.654
183.077 366.154
183.077 366.154
183.327 366.654
183.327 366.654
183.327 366.654
183.577 367.154
183.827 367.654
183.827 367.654
184.077 368.154
184.077 368.154
184.327 368.654
184.327 368.654
184.327 368.654
184.327 368.654
184.327 368.654
184.327 368.654
184.577 369.154
184.827 369.654
185.077 370.154
185.327 370.654
185.327 370.654
185.452 370.904
185.827 371.654
185.827 371.654
186.077 372.154
186.327 372.654
186.327 372.654
186.327 372.654
186.327 372.654
186.577 373.154
186.827 373.654
187.077 374.154
187.202 374.404
187.327 374.654
187.327 374.654
187.577 375.154
187.827 375.654
187.827 375.654
188.327 376.654
188.327 376.654
188.327 376.654
188.327 376.654
188.327 376.654
188.577 377.154
188.827 377.654
189.077 378.154
189.327 378.654
189.577 379.154
189.827 379.654
190.077 380.154
190.327 380.654
190.327 380.654
190.327 380.654
190.327 380.654
190.827 381.654
191.077 382.154
191.327 382.654
191.327 382.654
191.327 382.654
191.827 383.654
191.827 383.654
192.077 384.154
192.327 384.654
192.327 384.654
192.327 384.654
192.327 384.654
192.327 384.654
192.577 385.154
192.577 385.154
192.827 385.654
192.827 385.654
192.827 385.654
193.077 386.154
193.077 386.154
193.327 386.654
193.327 386.654
193.577 387.154
193.577 387.154
193.827 387.654
193.827 387.654
194.077 388.154
194.077 388.154
194.077 388.154
194.327 388.654
194.327 388.654
194.327 388.654
194.327 388.654
194.577 389.154
194.577 389.154
194.577 389.154
194.827 389.654
194.827 389.654
195.077 390.154
195.077 390.154
195.327 390.654
195.577 391.154
195.577 391.154
195.827 391.654
195.827 391.654
195.827 391.654
196.077 392.154
196.077 392.154
196.327 392.654
196.327 392.654
196.327 392.654
196.327 392.654
196.327 392.654
196.327 392.654
196.577 393.154
196.577 393.154
196.827 393.654
196.827 393.654
196.827 393.654
196.827 393.654
197.077 394.154
197.077 394.154
197.077 394.154
197.077 394.154
197.327 394.654
197.327 394.654
197.577 395.154
197.577 395.154
197.577 395.154
197.827 395.654
197.827 395.654
198.077 396.154
198.077 396.154
198.327 396.654
198.327 396.654
198.327 396.654
198.327 396.654
198.577 397.154
198.577 397.154
198.827 397.654
198.827 397.654
199.077 398.154
199.077 398.154
199.327 398.654
199.327 398.654
199.577 399.154
199.577 399.154
199.577 399.154
199.827 399.654
199.827 399.654
199.827 399.654
200.077 400.154
200.077 400.154
200.077 400.154
200.327 400.654
200.327 400.654
200.327 400.654
200.327 400.654
200.327 400.654
200.327 400.654
200.577 401.154
200.827 401.654
200.827 401.654
201.077 402.154
201.077 402.154
201.452 402.904
201.577 403.154
201.577 403.154
201.577 403.154
201.827 403.654
201.827 403.654
202.077 404.154
202.077 404.154
202.327 404.654
202.327 404.654
202.327 404.654
202.327 404.654
202.327 404.654
202.577 405.154
202.827 405.654
202.827 405.654
203.077 406.154
203.077 406.154
203.327 406.654
203.577 407.154
203.577 407.154
203.827 407.654
203.827 407.654
204.077 408.154
204.077 408.154
204.327 408.654
204.327 408.654
204.327 408.654
204.327 408.654
204.577 409.154
204.577 409.154
204.827 409.654
204.827 409.654
205.077 410.154
205.077 410.154
205.327 410.654
205.327 410.654
205.577 411.154
205.827 411.654
205.827 411.654
206.077 412.154
206.327 412.654
206.327 412.654
206.327 412.654
206.577 413.154
206.827 413.654
207.077 414.154
207.077 414.154
207.077 414.154
207.327 414.654
207.577 415.154
207.577 415.154
207.577 415.154
207.827 415.654
207.827 415.654
208.077 416.154
208.077 416.154
208.077 416.154
208.202 416.404
208.327 416.654
208.327 416.654
208.327 416.654
208.452 416.904
208.577 417.154
208.577 417.154
208.827 417.654
208.827 417.654
208.827 417.654
209.077 418.154
209.077 418.154
209.077 418.154
209.327 418.654
209.327 418.654
209.327 418.654
209.452 418.904
209.577 419.154
209.702 419.404
209.702 419.404
209.827 419.654
209.827 419.654
210.077 420.154
210.077 420.154
210.077 420.154
210.077 420.154
210.327 420.654
210.327 420.654
210.327 420.654
210.327 420.654
210.327 420.654
210.577 421.154
210.577 421.154
210.577 421.154
210.827 421.654
211.077 422.154
211.077 422.154
211.077 422.154
211.327 422.654
211.577 423.154
211.577 423.154
211.577 423.154
211.827 423.654
211.827 423.654
211.827 423.654
211.827 423.654
212.077 424.154
212.077 424.154
212.077 424.154
212.327 424.654
212.327 424.654
212.327 424.654
212.327 424.654
212.327 424.654
212.577 425.154
212.577 425.154
212.827 425.654
212.827 425.654
213.077 426.154
213.077 426.154
213.077 426.154
213.077 426.154
213.327 426.654
213.577 427.154
213.577 427.154
213.827 427.654
213.827 427.654
214.077 428.154
214.077 428.154
214.327 428.654
214.327 428.654
214.577 429.154
214.577 429.154
214.827 429.654
214.827 429.654
215.077 430.154
215.077 430.154
215.327 430.654
215.327 430.654
215.327 430.654
215.327 430.654
215.327 430.654
215.327 430.654
215.577 431.154
215.577 431.154
215.827 431.654
215.827 431.654
216.077 432.154
216.077 432.154
216.077 432.154
216.327 432.654
216.327 432.654
216.327 432.654
216.327 432.654
216.327 432.654
216.327 432.654
216.577 433.154
216.827 433.654
216.827 433.654
217.077 434.154
217.077 434.154
217.327 434.654
217.327 434.654
217.327 434.654
217.577 435.154
217.577 435.154
217.827 435.654
217.827 435.654
218.077 436.154
218.077 436.154
218.077 436.154
218.327 436.654
218.327 436.654
218.327 436.654
218.327 436.654
218.327 436.654
218.577 437.154
218.827 437.654
218.827 437.654
219.077 438.154
219.077 438.154
219.327 438.654
219.327 438.654
219.327 438.654
219.577 439.154
219.577 439.154
219.827 439.654
219.827 439.654
220.077 440.154
220.077 440.154
220.327 440.654
220.327 440.654
220.327 440.654
220.327 440.654
220.577 441.154
220.827 441.654
220.827 441.654
221.077 442.154
221.077 442.154
221.327 442.654
221.327 442.654
221.577 443.154
221.827 443.654
221.827 443.654
222.077 444.154
222.327 444.654
222.327 444.654
222.327 444.654
222.577 445.154
222.827 445.654
223.077 446.154
223.327 446.654
223.327 446.654
223.827 447.654
224.077 448.154
224.327 448.654
224.327 448.654
224.327 448.654
224.327 448.654
224.327 448.654
224.827 449.654
225.327 450.654
225.327 450.654
225.577 451.154
225.577 451.154
226.077 452.154
226.327 452.654
226.327 452.654
226.327 452.654
227.827 455.654
228.077 456.154
228.315 456.629
228.325 456.65
228.327 456.654
228.338 456.675
228.581 457.163
228.827 457.654
228.839 457.677
229.091 458.181
229.327 458.654
229.558 459.117
229.577 459.154
229.808 459.617
229.827 459.654
230.074 460.148
230.077 460.154
230.303 460.606
230.318 460.635
230.327 460.654
230.555 461.11
230.577 461.154
230.84 461.679
231.077 462.154
231.094 462.188
231.575 463.15
231.577 463.154
231.827 463.654
231.844 463.688
232.067 464.133
232.077 464.154
232.309 464.619
232.315 464.629
232.327 464.654
232.554 465.108
232.577 465.154
232.806 465.613
232.827 465.654
233.048 466.096
233.077 466.154
233.307 466.615
233.327 466.654
233.558 467.117
233.816 467.631
233.827 467.654
234.057 468.115
234.327 468.654
234.327 468.654
234.327 468.654
234.327 468.654
234.577 469.154
234.577 469.154
234.577 469.154
234.827 469.654
234.827 469.654
234.827 469.654
235.077 470.154
235.327 470.654
235.327 470.654
235.327 470.654
235.327 470.654
235.327 470.654
235.577 471.154
235.577 471.154
235.827 471.654
235.827 471.654
235.827 471.654
236.077 472.154
236.077 472.154
236.077 472.154
236.327 472.654
236.327 472.654
236.327 472.654
236.327 472.654
236.327 472.654
236.327 472.654
236.577 473.154
236.827 473.654
236.827 473.654
237.077 474.154
237.077 474.154
237.327 474.654
237.577 475.154
237.577 475.154
237.827 475.654
237.827 475.654
238.077 476.154
238.077 476.154
238.327 476.654
238.327 476.654
238.327 476.654
238.327 476.654
238.327 476.654
238.577 477.154
238.827 477.654
238.827 477.654
239.077 478.154
239.077 478.154
239.327 478.654
239.327 478.654
239.327 478.654
239.327 478.654
239.577 479.154
239.577 479.154
239.827 479.654
239.827 479.654
240.077 480.154
240.077 480.154
240.077 480.154
240.327 480.654
240.327 480.654
240.327 480.654
240.327 480.654
240.577 481.154
240.577 481.154
240.827 481.654
240.827 481.654
241.077 482.154
241.077 482.154
241.327 482.654
241.327 482.654
241.577 483.154
241.827 483.654
241.827 483.654
242.077 484.154
242.327 484.654
242.327 484.654
242.327 484.654
242.327 484.654
242.577 485.154
242.577 485.154
242.827 485.654
242.827 485.654
242.827 485.654
242.827 485.654
243.077 486.154
243.077 486.154
243.327 486.654
243.327 486.654
243.327 486.654
243.577 487.154
243.577 487.154
243.827 487.654
243.827 487.654
243.827 487.654
243.827 487.654
243.827 487.654
244.077 488.154
244.077 488.154
244.077 488.154
244.202 488.404
244.327 488.654
244.327 488.654
244.327 488.654
244.327 488.654
244.327 488.654
244.577 489.154
244.577 489.154
244.827 489.654
244.827 489.654
244.827 489.654
245.077 490.154
245.077 490.154
245.077 490.154
245.327 490.654
245.327 490.654
245.327 490.654
245.452 490.904
245.577 491.154
245.702 491.404
245.702 491.404
245.827 491.654
245.827 491.654
246.077 492.154
246.077 492.154
246.077 492.154
246.077 492.154
246.077 492.154
246.327 492.654
246.327 492.654
246.327 492.654
246.327 492.654
246.327 492.654
246.327 492.654
246.577 493.154
246.577 493.154
246.577 493.154
246.827 493.654
246.952 493.904
247.077 494.154
247.077 494.154
247.077 494.154
247.202 494.404
247.327 494.654
247.452 494.904
247.577 495.154
247.577 495.154
247.702 495.404
247.827 495.654
247.827 495.654
247.827 495.654
247.952 495.904
248.077 496.154
248.077 496.154
248.327 496.654
248.327 496.654
248.327 496.654
248.327 496.654
248.577 497.154
248.577 497.154
248.827 497.654
249.077 498.154
249.077 498.154
249.327 498.654
249.327 498.654
249.577 499.154
249.827 499.654
249.827 499.654
249.827 499.654
249.827 499.654
250.077 500.154
250.077 500.154
250.327 500.654
250.327 500.654
250.327 500.654
250.327 500.654
250.327 500.654
250.327 500.654
250.577 501.154
250.577 501.154
250.827 501.654
250.827 501.654
251.077 502.154
251.327 502.654
251.327 502.654
251.327 502.654
251.327 502.654
251.327 502.654
251.577 503.154
251.577 503.154
251.577 503.154
251.827 503.654
251.827 503.654
251.827 503.654
252.077 504.154
252.077 504.154
252.077 504.154
252.327 504.654
252.327 504.654
252.327 504.654
252.327 504.654
252.327 504.654
252.327 504.654
252.577 505.154
252.827 505.654
252.827 505.654
253.077 506.154
253.077 506.154
253.327 506.654
253.577 507.154
253.577 507.154
253.827 507.654
253.827 507.654
254.077 508.154
254.077 508.154
254.327 508.654
254.327 508.654
254.327 508.654
254.327 508.654
254.327 508.654
254.577 509.154
254.827 509.654
254.827 509.654
255.077 510.154
255.077 510.154
255.327 510.654
255.327 510.654
255.327 510.654
255.327 510.654
255.577 511.154
255.577 511.154
255.827 511.654
255.827 511.654
255.827 511.654
255.827 511.654
255.827 511.654
256.077 512.154
256.077 512.154
256.327 512.654
256.327 512.654
256.327 512.654
256.327 512.654
256.327 512.654
256.577 513.154
256.827 513.654
256.827 513.654
257.077 514.154
257.077 514.154
257.077 514.154
257.077 514.154
257.327 514.654
257.327 514.654
257.577 515.154
257.827 515.654
257.827 515.654
258.077 516.154
258.327 516.654
258.327 516.654
258.327 516.654
258.327 516.654
258.327 516.654
258.577 517.154
258.827 517.654
259.077 518.154
259.327 518.654
259.327 518.654
259.327 518.654
259.327 518.654
259.452 518.904
259.702 519.404
259.702 519.404
259.827 519.654
260.077 520.154
260.327 520.654
260.327 520.654
260.327 520.654
260.827 521.654
261.077 522.154
261.327 522.654
261.577 523.154
261.827 523.654
262.077 524.154
262.327 524.654
262.327 524.654
262.327 524.654
262.327 524.654
263.327 526.654
263.327 526.654
263.327 526.654
263.577 527.154
263.827 527.654
264.077 528.154
264.327 528.654
264.327 528.654
264.327 528.654
264.327 528.654
264.327 528.654
264.702 529.404
264.827 529.654
265.077 530.154
265.327 530.654
265.327 530.654
265.327 530.654
265.577 531.154
265.827 531.654
266.077 532.154
266.327 532.654
266.327 532.654
266.327 532.654
266.327 532.654
266.327 532.654
266.327 532.654
266.827 533.654
267.077 534.154
267.327 534.654
267.327 534.654
267.327 534.654
267.327 534.654
267.327 534.654
268.327 536.654
268.327 536.654
268.327 536.654
268.327 536.654
268.327 536.654
268.327 536.654
268.577 537.154
268.827 537.654
269.077 538.154
269.452 538.904
269.827 539.654
270.327 540.654
270.827 541.654
270.827 541.654
270.827 541.654
270.827 541.654
270.827 541.654
272.827 545.654
274.077 548.154
274.827 549.654
275.077 550.154
275.327 550.654
275.327 550.654
275.327 550.654
275.327 550.654
275.327 550.654
275.327 550.654
275.827 551.654
276.077 552.154
276.327 552.654
276.327 552.654
276.327 552.654
276.577 553.154
277.327 554.654
277.327 554.654
277.327 554.654
277.327 554.654
277.327 554.654
277.327 554.654
277.827 555.654
278.077 556.154
278.327 556.654
278.327 556.654
278.327 556.654
278.577 557.154
278.827 557.654
279.327 558.654
279.327 558.654
279.327 558.654
279.327 558.654
279.327 558.654
279.327 558.654
279.327 558.654
280.827 561.654
281.327 562.654
281.327 562.654
281.327 562.654
281.327 562.654
281.327 562.654
281.327 562.654
282.327 564.654
282.827 565.654
283.577 567.154
286.327 572.654
286.327 572.654
286.327 572.654
286.327 572.654
286.452 572.904
286.452 572.904
286.952 573.904
287.202 574.404
287.452 574.904
287.702 575.404
287.952 575.904
288.077 576.154
288.327 576.654
288.577 577.154
288.952 577.904
289.202 578.404
289.577 579.154
289.952 579.904
