0.183594 0.195833
0.183594 0.195833
0.183594 0.195833
0.183594 0.195833
0.757812 0.808333
2.08203 2.22083
2.16797 2.3125
2.30664 2.46042
3.93359 4.19583
3.93359 4.19583
4.05078 4.32083
4.16797 4.44583
4.16797 4.44583
4.16797 4.44583
4.16797 4.44583
4.16797 4.44583
4.40234 4.69583
4.51953 4.82083
4.63672 4.94583
4.75391 5.07083
4.98828 5.32083
5.10547 5.44583
5.22266 5.57083
5.33984 5.69583
5.45703 5.82083
5.57422 5.94583
5.69141 6.07083
5.80859 6.19583
5.92578 6.32083
6.04297 6.44583
6.16016 6.57083
6.27734 6.69583
6.39453 6.82083
6.39453 6.82083
6.51172 6.94583
6.62891 7.07083
6.74609 7.19583
6.74609 7.19583
6.86328 7.32083
6.98047 7.44583
7.09766 7.57083
7.21484 7.69583
7.33203 7.82083
7.44922 7.94583
7.56641 8.07083
7.68359 8.19583
7.68359 8.19583
7.68359 8.19583
7.72852 8.24375
9.05859 9.6625
9.32031 9.94167
11.4336 12.1958
11.4336 12.1958
11.5508 12.3208
11.668 12.4458
11.668 12.4458
11.668 12.4458
11.668 12.4458
11.9023 12.6958
12.0195 12.8208
12.1367 12.9458
12.2539 13.0708
12.4883 13.3208
12.6055 13.4458
12.7227 13.5708
12.8398 13.6958
12.957 13.8208
13.0742 13.9458
13.1914 14.0708
13.3086 14.1958
13.4258 14.3208
13.543 14.4458
13.6602 14.5708
13.7773 14.6958
13.8945 14.8208
13.8945 14.8208
14.0117 14.9458
14.1289 15.0708
14.2461 15.1958
14.2461 15.1958
14.3633 15.3208
14.4805 15.4458
14.5977 15.5708
14.7148 15.6958
14.832 15.8208
14.9492 15.9458
15.0664 16.0708
15.6523 16.6958
15.6523 16.6958
16.1211 17.1958
16.1211 17.1958
16.5898 17.6958
16.5898 17.6958
17.0586 18.1958
17.0586 18.1958
17.5273 18.6958
17.5273 18.6958
17.9961 19.1958
17.9961 19.1958
18.4648 19.6958
18.4648 19.6958
18.9336 20.1958
18.9336 20.1958
18.9336 20.1958
18.9336 20.1958
18.9336 20.1958
18.9336 20.1958
21.2773 22.6958
21.5117 22.9458
21.9805 23.4458
22.2148 23.6958
22.4492 23.9458
22.6836 24.1958
22.6836 24.1958
22.6836 24.1958
22.6836 24.1958
22.6836 24.1958
22.6836 24.1958
23.1523 24.6958
23.6211 25.1958
23.6211 25.1958
23.6211 25.1958
23.6211 25.1958
24.0898 25.6958
24.5586 26.1958
24.5586 26.1958
24.5586 26.1958
24.5586 26.1958
24.5586 26.1958
25.0273 26.6958
25.0957 26.7688
25.4961 27.1958
25.4961 27.1958
25.4961 27.1958
25.5703 27.275
25.9648 27.6958
26.0332 27.7688
26.4336 28.1958
26.4336 28.1958
26.4336 28.1958
26.4336 28.1958
26.4336 28.1958
26.9023 28.6958
26.9023 28.6958
27.3711 29.1958
27.3711 29.1958
27.3711 29.1958
27.3711 29.1958
27.3711 29.1958
27.3711 29.1958
27.8398 29.6958
27.8398 29.6958
28.3086 30.1958
28.3086 30.1958
28.3086 30.1958
28.3086 30.1958
28.3086 30.1958
28.7773 30.6958
29.2461 31.1958
29.2461 31.1958
29.7148 31.6958
30.1836 32.1958
30.1836 32.1958
30.1836 32.1958
30.1836 32.1958
30.1836 32.1958
30.6523 32.6958
30.6523 32.6958
31.1211 33.1958
31.1211 33.1958
31.1211 33.1958
31.1211 33.1958
31.5898 33.6958
31.5898 33.6958
32.0586 34.1958
32.0586 34.1958
32.0586 34.1958
32.0586 34.1958
32.0586 34.1958
32.5273 34.6958
32.5273 34.6958
32.5664 34.7375
32.7617 34.9458
32.9961 35.1958
32.9961 35.1958
32.9961 35.1958
33.0527 35.2563
33.4648 35.6958
33.5234 35.7583
33.9336 36.1958
33.9336 36.1958
33.9336 36.1958
33.9336 36.1958
33.9336 36.1958
34.4023 36.6958
34.4023 36.6958
34.8711 37.1958
34.8711 37.1958
34.8711 37.1958
34.8711 37.1958
35.3398 37.6958
35.8086 38.1958
35.8086 38.1958
35.8086 38.1958
35.8086 38.1958
35.8086 38.1958
36.2773 38.6958
36.2773 38.6958
36.7461 39.1958
36.7461 39.1958
36.9805 39.4458
37.2148 39.6958
37.6836 40.1958
37.6836 40.1958
37.6836 40.1958
37.6836 40.1958
37.6836 40.1958
38.6211 41.1958
38.6211 41.1958
38.6211 41.1958
38.6211 41.1958
39.5586 42.1958
39.5586 42.1958
39.5586 42.1958
39.5586 42.1958
39.5586 42.1958
40.0273 42.6958
40.4961 43.1958
40.4961 43.1958
40.4961 43.1958
40.4961 43.1958
40.9648 43.6958
41.4336 44.1958
41.4336 44.1958
41.4336 44.1958
41.4336 44.1958
41.4336 44.1958
41.668 44.4458
41.9023 44.6958
42.1367 44.9458
42.3711 45.1958
42.3711 45.1958
42.3711 45.1958
42.3711 45.1958
42.8398 45.6958
42.8398 45.6958
43.3086 46.1958
43.3086 46.1958
43.3086 46.1958
43.3086 46.1958
43.3086 46.1958
43.7773 46.6958
44.0117 46.9458
44.0117 46.9458
44.2461 47.1958
44.2461 47.1958
44.2461 47.1958
44.2461 47.1958
44.7148 47.6958
45.1836 48.1958
45.1836 48.1958
45.1836 48.1958
45.1836 48.1958
45.1836 48.1958
45.6523 48.6958
46.1211 49.1958
46.1211 49.1958
46.1211 49.1958
46.1211 49.1958
46.5898 49.6958
46.5898 49.6958
47.0586 50.1958
47.0586 50.1958
47.0586 50.1958
47.0586 50.1958
47.0586 50.1958
47.9961 51.1958
47.9961 51.1958
47.9961 51.1958
48.4648 51.6958
48.9336 52.1958
48.9336 52.1958
48.9336 52.1958
48.9336 52.1958
48.9336 52.1958
49.6367 52.9458
49.8711 53.1958
50.3398 53.6958
50.8086 54.1958
50.8086 54.1958
50.8086 54.1958
50.8086 54.1958
50.8086 54.1958
51.2773 54.6958
51.5117 54.9458
51.7461 55.1958
52.2148 55.6958
52.6836 56.1958
52.6836 56.1958
52.6836 56.1958
52.6836 56.1958
52.6836 56.1958
53.1523 56.6958
53.3867 56.9458
53.6211 57.1958
53.6211 57.1958
53.6211 57.1958
53.6211 57.1958
53.6211 57.1958
54.5586 58.1958
54.5586 58.1958
54.5586 58.1958
54.5586 58.1958
54.5586 58.1958
55.4961 59.1958
55.7305 59.4458
55.9648 59.6958
56.1992 59.9458
56.4336 60.1958
56.4336 60.1958
56.4336 60.1958
56.4336 60.1958
56.4336 60.1958
56.4336 60.1958
56.4336 60.1958
56.668 60.4458
56.9023 60.6958
56.9023 60.6958
56.9023 60.6958
56.9023 60.6958
56.9023 60.6958
57.1367 60.9458
57.3711 61.1958
57.3711 61.1958
57.3711 61.1958
57.3711 61.1958
57.3711 61.1958
57.6055 61.4458
57.8398 61.6958
57.8398 61.6958
57.8398 61.6958
57.8398 61.6958
57.8398 61.6958
58.0742 61.9458
58.3086 62.1958
58.3086 62.1958
58.3086 62.1958
58.3086 62.1958
58.3086 62.1958
58.7773 62.6958
58.7773 62.6958
58.7773 62.6958
58.7773 62.6958
58.7773 62.6958
58.7773 62.6958
59.0117 62.9458
59.0117 62.9458
59.0117 62.9458
59.0117 62.9458
59.0117 62.9458
59.0117 62.9458
59.4805 63.4458
59.4805 63.4458
59.4805 63.4458
59.4805 63.4458
59.7148 63.6958
59.7148 63.6958
59.7148 63.6958
59.7148 63.6958
59.9492 63.9458
59.9492 63.9458
59.9492 63.9458
59.9492 63.9458
60.1836 64.1958
60.1836 64.1958
60.6523 64.6958
60.6523 64.6958
60.6523 64.6958
60.8867 64.9458
60.8867 64.9458
61.1211 65.1958
61.1211 65.1958
61.3555 65.4458
61.3555 65.4458
61.3555 65.4458
61.5898 65.6958
61.8242 65.9458
61.8242 65.9458
61.8242 65.9458
61.8242 65.9458
62.0586 66.1958
62.0586 66.1958
62.0586 66.1958
62.5273 66.6958
62.5273 66.6958
62.5273 66.6958
62.5273 66.6958
62.7617 66.9458
62.7617 66.9458
62.9961 67.1958
62.9961 67.1958
62.9961 67.1958
63.2305 67.4458
63.2305 67.4458
63.2305 67.4458
63.4648 67.6958
63.6992 67.9458
63.6992 67.9458
63.6992 67.9458
63.9336 68.1958
63.9336 68.1958
63.9336 68.1958
64.4023 68.6958
64.4023 68.6958
64.4023 68.6958
64.6367 68.9458
64.6367 68.9458
64.8711 69.1958
64.8711 69.1958
65.1055 69.4458
65.1055 69.4458
65.1055 69.4458
65.3398 69.6958
65.5742 69.9458
65.5742 69.9458
65.5742 69.9458
65.5742 69.9458
65.8086 70.1958
65.8086 70.1958
65.8086 70.1958
66.2773 70.6958
66.2773 70.6958
66.2773 70.6958
66.5117 70.9458
66.7461 71.1958
66.7461 71.1958
66.7461 71.1958
66.9805 71.4458
66.9805 71.4458
66.9805 71.4458
67.4492 71.9458
67.4492 71.9458
67.4492 71.9458
67.6836 72.1958
67.6836 72.1958
68.1523 72.6958
68.1523 72.6958
68.1523 72.6958
68.3867 72.9458
68.3867 72.9458
68.6211 73.1958
68.6211 73.1958
68.8555 73.4458
68.8555 73.4458
68.8555 73.4458
69.0898 73.6958
69.3242 73.9458
69.3242 73.9458
69.3242 73.9458
69.3242 73.9458
69.5586 74.1958
69.5586 74.1958
70.0273 74.6958
70.0273 74.6958
70.0273 74.6958
70.0273 74.6958
70.2617 74.9458
70.4961 75.1958
70.7305 75.4458
70.7305 75.4458
70.7305 75.4458
71.1992 75.9458
71.1992 75.9458
71.1992 75.9458
71.4336 76.1958
71.4336 76.1958
71.9023 76.6958
71.9023 76.6958
71.9023 76.6958
72.1367 76.9458
72.1367 76.9458
72.3711 77.1958
72.3711 77.1958
72.6055 77.4458
72.6055 77.4458
72.6055 77.4458
72.8398 77.6958
73.0742 77.9458
73.0742 77.9458
73.0742 77.9458
73.0742 77.9458
73.3086 78.1958
73.3086 78.1958
73.7773 78.6958
73.7773 78.6958
73.7773 78.6958
73.7773 78.6958
74.2461 79.1958
74.2461 79.1958
74.4805 79.4458
74.4805 79.4458
74.4805 79.4458
75.1836 80.1958
75.1836 80.1958
75.1836 80.1958
75.1836 80.1958
75.6523 80.6958
76.1211 81.1958
76.1211 81.1958
76.1211 81.1958
76.1211 81.1958
76.5898 81.6958
77.0586 82.1958
77.0586 82.1958
77.0586 82.1958
77.0586 82.1958
77.0586 82.1958
77.9961 83.1958
77.9961 83.1958
77.9961 83.1958
77.9961 83.1958
78.4648 83.6958
78.9336 84.1958
78.9336 84.1958
78.9336 84.1958
78.9336 84.1958
78.9336 84.1958
79.4023 84.6958
79.8711 85.1958
79.8711 85.1958
79.8711 85.1958
80.3398 85.6958
80.8086 86.1958
80.8086 86.1958
80.8086 86.1958
80.8086 86.1958
80.8086 86.1958
81.2773 86.6958
81.2773 86.6958
81.2773 86.6958
81.5117 86.9458
81.5117 86.9458
81.5117 86.9458
81.7461 87.1958
81.7461 87.1958
81.7461 87.1958
81.7461 87.1958
81.9805 87.4458
81.9805 87.4458
81.9805 87.4458
82.2148 87.6958
82.2148 87.6958
82.2148 87.6958
82.4492 87.9458
82.6836 88.1958
82.6836 88.1958
82.6836 88.1958
82.6836 88.1958
83.1523 88.6958
83.6211 89.1958
84.0898 89.6958
84.5586 90.1958
84.5586 90.1958
84.5586 90.1958
84.5586 90.1958
84.5586 90.1958
85.2617 90.9458
85.4961 91.1958
85.4961 91.1958
85.4961 91.1958
85.4961 91.1958
85.4961 91.1958
85.9648 91.6958
86.4336 92.1958
86.4336 92.1958
86.4336 92.1958
86.4336 92.1958
86.4336 92.1958
86.9023 92.6958
87.1367 92.9458
87.3711 93.1958
87.3711 93.1958
87.3711 93.1958
87.3711 93.1958
87.3711 93.1958
87.8398 93.6958
88.3086 94.1958
88.3086 94.1958
88.3086 94.1958
88.3086 94.1958
88.3086 94.1958
89.2461 95.1958
89.2461 95.1958
89.2461 95.1958
89.2461 95.1958
89.2461 95.1958
89.7148 95.6958
90.1836 96.1958
90.6523 96.6958
90.6523 96.6958
90.6523 96.6958
90.6523 96.6958
91.3555 97.4458
91.3555 97.4458
91.3555 97.4458
91.3555 97.4458
92.293 98.4458
92.293 98.4458
92.293 98.4458
92.293 98.4458
92.293 98.4458
92.5273 98.6958
92.5273 98.6958
92.5273 98.6958
92.5273 98.6958
92.5273 98.6958
92.7617 98.9458
92.7617 98.9458
92.7617 98.9458
92.7617 98.9458
92.7617 98.9458
92.9961 99.1958
92.9961 99.1958
92.9961 99.1958
92.9961 99.1958
92.9961 99.1958
93.2305 99.4458
93.2305 99.4458
93.2305 99.4458
93.2305 99.4458
93.2305 99.4458
93.4648 99.6958
93.4648 99.6958
93.4648 99.6958
93.4648 99.6958
93.4648 99.6958
93.6992 99.9458
93.6992 99.9458
93.6992 99.9458
93.6992 99.9458
93.9336 100.196
93.9336 100.196
93.9336 100.196
93.9336 100.196
93.9336 100.196
94.8711 101.196
95.3398 101.696
95.8086 102.196
95.8086 102.196
95.8086 102.196
95.8086 102.196
95.8086 102.196
96.5117 102.946
96.7461 103.196
96.7461 103.196
96.7461 103.196
97.2148 103.696
97.6836 104.196
97.6836 104.196
97.6836 104.196
97.6836 104.196
97.6836 104.196
98.1523 104.696
98.3867 104.946
98.6211 105.196
98.6211 105.196
98.6211 105.196
98.6211 105.196
99.0898 105.696
99.5586 106.196
99.5586 106.196
99.5586 106.196
99.5586 106.196
99.5586 106.196
100.496 107.196
100.496 107.196
100.496 107.196
100.496 107.196
100.496 107.196
100.73 107.446
100.965 107.696
101.434 108.196
101.434 108.196
101.434 108.196
101.434 108.196
101.434 108.196
101.434 108.196
102.371 109.196
102.371 109.196
102.371 109.196
103.309 110.196
103.309 110.196
103.309 110.196
103.309 110.196
103.309 110.196
104.246 111.196
104.246 111.196
104.715 111.696
105.184 112.196
105.184 112.196
105.184 112.196
105.184 112.196
105.184 112.196
105.652 112.696
106.121 113.196
106.121 113.196
106.121 113.196
106.121 113.196
106.59 113.696
107.059 114.196
107.059 114.196
107.059 114.196
107.059 114.196
107.059 114.196
107.521 114.69
107.527 114.696
107.996 115.196
107.996 115.196
107.996 115.196
108.037 115.24
108.465 115.696
108.502 115.735
108.934 116.196
108.934 116.196
108.934 116.196
108.934 116.196
108.934 116.196
109.402 116.696
109.402 116.696
109.871 117.196
109.871 117.196
109.871 117.196
109.871 117.196
109.871 117.196
109.871 117.196
110.34 117.696
110.34 117.696
110.809 118.196
110.809 118.196
110.809 118.196
110.809 118.196
110.809 118.196
111.277 118.696
111.746 119.196
111.746 119.196
112.215 119.696
112.684 120.196
112.684 120.196
112.684 120.196
112.684 120.196
112.684 120.196
113.152 120.696
113.152 120.696
113.621 121.196
113.621 121.196
113.621 121.196
113.621 121.196
114.09 121.696
114.09 121.696
114.559 122.196
114.559 122.196
114.559 122.196
114.559 122.196
114.559 122.196
115.027 122.696
115.027 122.696
115.076 122.748
115.262 122.946
115.496 123.196
115.496 123.196
115.496 123.196
115.562 123.267
115.965 123.696
116.018 123.752
116.434 124.196
116.434 124.196
116.434 124.196
116.434 124.196
116.434 124.196
116.902 124.696
116.902 124.696
117.371 125.196
117.371 125.196
117.371 125.196
117.371 125.196
117.84 125.696
118.309 126.196
118.309 126.196
118.309 126.196
118.309 126.196
118.309 126.196
118.777 126.696
118.777 126.696
119.246 127.196
119.246 127.196
119.48 127.446
119.715 127.696
120.184 128.196
120.184 128.196
120.184 128.196
120.184 128.196
120.184 128.196
121.121 129.196
121.121 129.196
121.121 129.196
121.121 129.196
122.059 130.196
122.059 130.196
122.059 130.196
122.059 130.196
122.059 130.196
122.527 130.696
122.996 131.196
122.996 131.196
122.996 131.196
122.996 131.196
123.465 131.696
123.934 132.196
123.934 132.196
123.934 132.196
123.934 132.196
123.934 132.196
124.168 132.446
124.402 132.696
124.637 132.946
124.871 133.196
124.871 133.196
124.871 133.196
124.871 133.196
125.34 133.696
125.34 133.696
125.809 134.196
125.809 134.196
125.809 134.196
125.809 134.196
125.809 134.196
126.277 134.696
126.512 134.946
126.512 134.946
126.746 135.196
126.746 135.196
126.746 135.196
126.746 135.196
127.215 135.696
127.684 136.196
127.684 136.196
127.684 136.196
127.684 136.196
127.684 136.196
128.152 136.696
128.621 137.196
128.621 137.196
128.621 137.196
128.621 137.196
129.09 137.696
129.09 137.696
129.559 138.196
129.559 138.196
129.559 138.196
129.559 138.196
129.559 138.196
130.496 139.196
130.496 139.196
130.496 139.196
130.965 139.696
131.434 140.196
131.434 140.196
131.434 140.196
131.434 140.196
131.434 140.196
132.137 140.946
132.371 141.196
132.84 141.696
133.309 142.196
133.309 142.196
133.309 142.196
133.309 142.196
133.309 142.196
133.777 142.696
134.012 142.946
134.246 143.196
134.715 143.696
135.184 144.196
135.184 144.196
135.184 144.196
135.184 144.196
135.184 144.196
135.652 144.696
135.887 144.946
136.121 145.196
136.121 145.196
136.121 145.196
136.121 145.196
136.121 145.196
137.059 146.196
137.059 146.196
137.059 146.196
137.059 146.196
137.059 146.196
137.996 147.196
138.23 147.446
138.465 147.696
138.699 147.946
138.934 148.196
138.934 148.196
138.934 148.196
138.934 148.196
138.934 148.196
138.934 148.196
138.934 148.196
139.168 148.446
139.402 148.696
139.402 148.696
139.402 148.696
139.402 148.696
139.402 148.696
139.637 148.946
139.871 149.196
139.871 149.196
139.871 149.196
139.871 149.196
139.871 149.196
140.105 149.446
140.34 149.696
140.34 149.696
140.34 149.696
140.34 149.696
140.34 149.696
140.574 149.946
140.809 150.196
140.809 150.196
140.809 150.196
140.809 150.196
140.809 150.196
141.277 150.696
141.277 150.696
141.277 150.696
141.277 150.696
141.277 150.696
141.277 150.696
141.512 150.946
141.512 150.946
141.512 150.946
141.512 150.946
141.512 150.946
141.512 150.946
141.98 151.446
141.98 151.446
141.98 151.446
141.98 151.446
142.215 151.696
142.215 151.696
142.215 151.696
142.215 151.696
142.449 151.946
142.449 151.946
142.449 151.946
142.449 151.946
142.684 152.196
142.684 152.196
143.152 152.696
143.152 152.696
143.152 152.696
143.387 152.946
143.387 152.946
143.621 153.196
143.621 153.196
143.855 153.446
143.855 153.446
143.855 153.446
144.09 153.696
144.324 153.946
144.324 153.946
144.324 153.946
144.324 153.946
144.559 154.196
144.559 154.196
144.559 154.196
145.027 154.696
145.027 154.696
145.027 154.696
145.027 154.696
145.262 154.946
145.262 154.946
145.496 155.196
145.496 155.196
145.496 155.196
145.73 155.446
145.73 155.446
145.73 155.446
145.965 155.696
146.199 155.946
146.199 155.946
146.199 155.946
146.434 156.196
146.434 156.196
146.434 156.196
146.902 156.696
146.902 156.696
146.902 156.696
147.137 156.946
147.137 156.946
147.371 157.196
147.371 157.196
147.605 157.446
147.605 157.446
147.605 157.446
147.84 157.696
148.074 157.946
148.074 157.946
148.074 157.946
148.074 157.946
148.309 158.196
148.309 158.196
148.309 158.196
148.777 158.696
148.777 158.696
148.777 158.696
149.012 158.946
149.246 159.196
149.246 159.196
149.246 159.196
149.48 159.446
149.48 159.446
149.48 159.446
149.949 159.946
149.949 159.946
149.949 159.946
150.184 160.196
150.184 160.196
150.652 160.696
150.652 160.696
150.652 160.696
150.887 160.946
150.887 160.946
151.121 161.196
151.121 161.196
151.355 161.446
151.355 161.446
151.355 161.446
151.59 161.696
151.824 161.946
151.824 161.946
151.824 161.946
151.824 161.946
152.059 162.196
152.059 162.196
152.527 162.696
152.527 162.696
152.527 162.696
152.527 162.696
152.762 162.946
152.996 163.196
153.23 163.446
153.23 163.446
153.23 163.446
153.699 163.946
153.699 163.946
153.699 163.946
153.934 164.196
153.934 164.196
154.402 164.696
154.402 164.696
154.402 164.696
154.637 164.946
154.637 164.946
154.871 165.196
154.871 165.196
155.105 165.446
155.105 165.446
155.105 165.446
155.34 165.696
155.574 165.946
155.574 165.946
155.574 165.946
155.574 165.946
155.809 166.196
155.809 166.196
156.277 166.696
156.277 166.696
156.277 166.696
156.277 166.696
156.746 167.196
156.746 167.196
156.98 167.446
156.98 167.446
156.98 167.446
157.684 168.196
157.684 168.196
157.684 168.196
157.684 168.196
158.152 168.696
158.621 169.196
158.621 169.196
158.621 169.196
158.621 169.196
159.09 169.696
159.559 170.196
159.559 170.196
159.559 170.196
159.559 170.196
159.559 170.196
160.496 171.196
160.496 171.196
160.496 171.196
160.496 171.196
160.965 171.696
161.434 172.196
161.434 172.196
161.434 172.196
161.434 172.196
161.434 172.196
161.902 172.696
162.371 173.196
162.371 173.196
162.371 173.196
162.84 173.696
163.309 174.196
163.309 174.196
163.309 174.196
163.309 174.196
163.309 174.196
163.777 174.696
163.777 174.696
163.777 174.696
164.012 174.946
164.012 174.946
164.012 174.946
164.246 175.196
164.246 175.196
164.246 175.196
164.246 175.196
164.48 175.446
164.48 175.446
164.48 175.446
164.715 175.696
164.715 175.696
164.715 175.696
164.949 175.946
165.184 176.196
165.184 176.196
165.184 176.196
165.184 176.196
165.652 176.696
166.121 177.196
166.59 177.696
167.059 178.196
167.059 178.196
167.059 178.196
167.059 178.196
167.059 178.196
167.762 178.946
167.996 179.196
167.996 179.196
167.996 179.196
167.996 179.196
167.996 179.196
168.465 179.696
168.934 180.196
168.934 180.196
168.934 180.196
168.934 180.196
168.934 180.196
169.402 180.696
169.637 180.946
169.871 181.196
169.871 181.196
169.871 181.196
169.871 181.196
169.871 181.196
170.34 181.696
170.809 182.196
170.809 182.196
170.809 182.196
170.809 182.196
170.809 182.196
171.746 183.196
171.746 183.196
171.746 183.196
171.746 183.196
171.746 183.196
172.684 184.196
172.684 184.196
172.684 184.196
172.684 184.196
172.684 184.196
172.684 184.196
172.684 184.196
176.434 188.196
176.434 188.196
176.434 188.196
176.434 188.196
176.434 188.196
176.434 188.196
176.434 188.196
177.605 189.446
177.84 189.696
178.074 189.946
178.309 190.196
178.309 190.196
178.309 190.196
178.309 190.196
178.309 190.196
178.309 190.196
178.543 190.446
178.543 190.446
178.543 190.446
178.543 190.446
178.543 190.446
178.543 190.446
178.777 190.696
178.777 190.696
178.777 190.696
178.777 190.696
178.777 190.696
178.777 190.696
179.012 190.946
179.012 190.946
179.012 190.946
179.012 190.946
179.012 190.946
179.012 190.946
179.246 191.196
179.246 191.196
179.246 191.196
179.246 191.196
179.246 191.196
179.246 191.196
179.949 191.946
179.949 191.946
179.949 191.946
179.949 191.946
179.949 191.946
179.949 191.946
