0.28611 0.429167
0.61111 0.916667
0.618054 0.927083
0.987498 1.48125
1.13055 1.69583
1.28611 1.92917
1.59722 2.39583
1.61388 2.42083
1.93472 2.90208
2.44583 3.66875
2.94027 4.41042
3.25694 4.88542
3.28055 4.92083
3.59027 5.38542
3.9236 5.88542
4.25693 6.38542
4.59027 6.88542
4.9236 7.38542
4.9236 7.38542
5.25693 7.88542
5.25693 7.88542
5.25693 7.88542
5.59026 8.38542
5.9236 8.88542
5.9236 8.88542
6.25693 9.38542
6.4236 9.63542
6.59026 9.88542
6.92359 10.3854
6.92359 10.3854
7.25693 10.8854
7.25693 10.8854
7.59026 11.3854
7.75693 11.6354
7.92359 11.8854
8.25692 12.3854
8.59026 12.8854
8.59026 12.8854
8.59026 12.8854
8.59026 12.8854
8.92359 13.3854
9.25692 13.8854
9.59025 14.3854
9.59025 14.3854
9.92359 14.8854
10.2569 15.3854
10.2569 15.3854
10.2569 15.3854
10.5903 15.8854
10.5903 15.8854
10.5903 15.8854
10.5903 15.8854
10.9236 16.3854
10.9236 16.3854
11.2569 16.8854
11.2569 16.8854
11.2569 16.8854
11.2569 16.8854
11.2569 16.8854
11.5902 17.3854
11.9236 17.8854
11.9236 17.8854
11.9236 17.8854
12.2569 18.3854
12.2569 18.3854
12.2569 18.3854
12.2569 18.3854
12.9236 19.3854
12.9236 19.3854
12.9236 19.3854
12.9236 19.3854
13.2569 19.8854
13.2569 19.8854
13.5902 20.3854
13.9236 20.8854
13.9236 20.8854
13.9236 20.8854
13.9236 20.8854
14.2569 21.3854
14.2569 21.3854
14.5902 21.8854
14.5902 21.8854
14.9236 22.3854
14.9236 22.3854
15.2569 22.8854
15.2569 22.8854
15.5902 23.3854
15.9236 23.8854
16.2569 24.3854
16.5902 24.8854
16.5902 24.8854
16.5902 24.8854
16.5902 24.8854
16.5902 24.8854
16.9236 25.3854
17.2569 25.8854
17.5902 26.3854
18.2569 27.3854
18.2569 27.3854
18.5902 27.8854
18.5902 27.8854
18.9236 28.3854
19.2569 28.8854
19.2569 28.8854
19.2569 28.8854
19.5902 29.3854
19.9236 29.8854
20.2569 30.3854
20.2569 30.3854
21.9236 32.8854
21.9236 32.8854
22.2569 33.3854
22.2569 33.3854
22.5902 33.8854
22.9236 34.3854
22.9236 34.3854
23.2569 34.8854
23.2569 34.8854
23.5902 35.3854
23.9236 35.8854
23.9236 35.8854
24.2569 36.3854
24.5902 36.8854
24.5902 36.8854
24.5902 36.8854
24.9235 37.3854
24.9235 37.3854
25.2569 37.8854
25.5902 38.3854
25.5902 38.3854
25.9235 38.8854
25.9235 38.8854
26.2569 39.3854
26.4235 39.6354
26.5902 39.8854
26.5902 39.8854
26.5902 39.8854
26.9235 40.3854
27.2569 40.8854
27.2569 40.8854
27.2569 40.8854
27.2569 40.8854
27.5902 41.3854
27.5902 41.3854
27.9235 41.8854
28.2569 42.3854
28.2569 42.3854
28.5902 42.8854
28.5902 42.8854
28.9235 43.3854
29.2569 43.8854
29.2569 43.8854
29.5902 44.3854
29.9235 44.8854
29.9235 44.8854
29.9235 44.8854
30.2569 45.3854
30.4235 45.6354
30.5902 45.8854
30.5902 45.8854
30.9235 46.3854
30.9235 46.3854
31.2569 46.8854
31.2569 46.8854
31.5902 47.3854
31.5902 47.3854
31.9235 47.8854
31.9235 47.8854
31.9235 47.8854
32.5902 48.8854
32.5902 48.8854
32.5902 48.8854
32.5902 48.8854
32.5902 48.8854
32.9235 49.3854
32.9235 49.3854
33.2569 49.8854
33.2569 49.8854
33.5902 50.3854
33.5902 50.3854
33.9235 50.8854
33.9235 50.8854
34.2569 51.3854
34.2569 51.3854
34.5902 51.8854
34.5902 51.8854
34.9235 52.3854
35.2569 52.8854
35.2569 52.8854
35.2569 52.8854
35.2569 52.8854
35.5902 53.3854
35.9235 53.8854
36.2569 54.3854
36.2569 54.3854
36.5902 54.8854
36.5902 54.8854
36.5902 54.8854
36.5902 54.8854
36.9235 55.3854
36.9235 55.3854
37.2569 55.8854
37.2569 55.8854
37.7569 56.6354
37.9235 56.8854
37.9235 56.8854
37.9235 56.8854
38.2568 57.3854
38.2568 57.3854
38.5902 57.8854
38.5902 57.8854
38.9235 58.3854
38.9235 58.3854
39.2568 58.8854
39.2568 58.8854
39.9235 59.8854
40.2568 60.3854
40.2568 60.3854
40.5902 60.8854
40.5902 60.8854
40.5902 60.8854
40.9235 61.3854
40.9235 61.3854
40.9235 61.3854
41.2568 61.8854
41.2568 61.8854
41.5902 62.3854
41.5902 62.3854
41.9235 62.8854
41.9235 62.8854
42.2568 63.3854
42.2568 63.3854
42.5902 63.8854
42.5902 63.8854
42.9235 64.3854
43.2568 64.8854
43.2568 64.8854
43.2568 64.8854
43.2568 64.8854
43.2568 64.8854
43.5902 65.3854
43.5902 65.3854
43.9235 65.8854
44.2568 66.3854
44.2568 66.3854
44.2568 66.3854
44.5902 66.8854
44.5902 66.8854
44.5902 66.8854
44.5902 66.8854
44.9235 67.3854
44.9235 67.3854
45.2568 67.8854
45.2568 67.8854
45.2568 67.8854
45.5902 68.3854
45.5902 68.3854
45.9235 68.8854
45.9235 68.8854
45.9235 68.8854
45.9235 68.8854
46.2568 69.3854
46.2568 69.3854
46.5902 69.8854
46.9235 70.3854
46.9235 70.3854
47.2568 70.8854
47.2568 70.8854
47.2568 70.8854
47.2568 70.8854
47.2568 70.8854
47.7568 71.6354
47.9235 71.8854
47.9235 71.8854
47.9235 71.8854
48.2568 72.3854
48.5902 72.8854
48.5902 72.8854
48.5902 72.8854
48.5902 72.8854
48.5902 72.8854
48.5902 72.8854
48.9235 73.3854
48.9235 73.3854
49.2568 73.8854
49.5902 74.3854
49.5902 74.3854
49.9235 74.8854
49.9235 74.8854
50.2568 75.3854
50.2568 75.3854
50.5902 75.8854
50.5902 75.8854
50.9235 76.3854
50.9235 76.3854
51.2568 76.8854
51.2568 76.8854
51.5901 77.3854
51.5901 77.3854
51.7568 77.6354
51.9235 77.8854
51.9235 77.8854
52.2568 78.3854
52.2568 78.3854
52.5901 78.8854
52.5901 78.8854
52.5901 78.8854
52.9235 79.3854
52.9235 79.3854
52.9235 79.3854
53.2568 79.8854
53.2568 79.8854
53.2568 79.8854
53.5901 80.3854
53.5901 80.3854
53.5901 80.3854
53.9235 80.8854
53.9235 80.8854
53.9235 80.8854
53.9235 80.8854
54.2568 81.3854
54.2568 81.3854
54.5901 81.8854
54.5901 81.8854
54.5901 81.8854
54.9235 82.3854
54.9235 82.3854
55.2568 82.8854
55.2568 82.8854
55.2568 82.8854
55.2568 82.8854
55.2568 82.8854
55.5901 83.3854
55.9235 83.8854
55.9235 83.8854
55.9235 83.8854
56.2568 84.3854
56.2568 84.3854
56.2568 84.3854
56.5901 84.8854
56.5901 84.8854
56.5901 84.8854
56.5901 84.8854
56.9235 85.3854
56.9235 85.3854
57.0901 85.6354
57.2568 85.8854
57.2568 85.8854
57.5901 86.3854
57.5901 86.3854
57.9235 86.8854
57.9235 86.8854
57.9235 86.8854
57.9235 86.8854
58.2568 87.3854
58.2568 87.3854
58.2568 87.3854
58.5901 87.8854
58.5901 87.8854
58.5901 87.8854
58.5901 87.8854
58.9235 88.3854
58.9235 88.3854
59.2568 88.8854
59.2568 88.8854
59.2568 88.8854
59.2568 88.8854
59.5901 89.3854
59.5901 89.3854
59.9235 89.8854
59.9235 89.8854
60.2568 90.3854
60.5901 90.8854
60.5901 90.8854
60.5901 90.8854
60.5901 90.8854
60.9235 91.3854
60.9235 91.3854
61.2568 91.8854
61.2568 91.8854
61.5901 92.3854
61.9235 92.8854
61.9235 92.8854
61.9235 92.8854
61.9235 92.8854
62.2568 93.3854
62.2568 93.3854
62.5901 93.8854
62.9235 94.3854
63.2568 94.8854
63.2568 94.8854
63.2568 94.8854
63.2568 94.8854
63.5901 95.3854
63.5901 95.3854
63.9235 95.8854
63.9235 95.8854
63.9235 95.8854
64.2568 96.3854
64.2568 96.3854
64.5901 96.8854
64.5901 96.8854
64.5901 96.8854
64.5901 96.8854
64.5901 96.8854
64.5901 96.8854
65.5901 98.3854
65.7165 98.575
65.7998 98.7
65.9109 98.8667
65.9234 98.8854
65.9234 98.8854
65.9234 98.8854
65.9234 98.8854
65.9234 98.8854
66.2151 99.3229
66.2568 99.3854
66.2568 99.3854
66.5526 99.8292
66.5901 99.8854
66.5901 99.8854
66.5901 99.8854
66.8609 100.292
66.9234 100.385
66.9234 100.385
66.9234 100.385
67.2568 100.885
67.2568 100.885
67.2568 100.885
67.2568 100.885
67.2568 100.885
67.5901 101.385
67.7568 101.635
67.9234 101.885
68.2568 102.385
68.2568 102.385
68.5901 102.885
68.5901 102.885
68.5901 102.885
68.5901 102.885
68.9234 103.385
69.0901 103.635
69.2568 103.885
69.2568 103.885
69.5901 104.385
69.5901 104.385
69.9234 104.885
69.9234 104.885
69.9234 104.885
69.9234 104.885
69.9234 104.885
70.2568 105.385
70.5901 105.885
70.5901 105.885
70.9234 106.385
71.2568 106.885
71.2568 106.885
71.2568 106.885
71.5901 107.385
71.5901 107.385
71.9234 107.885
71.9234 107.885
71.9234 107.885
72.2568 108.385
72.5901 108.885
72.5901 108.885
72.5901 108.885
72.5901 108.885
72.5901 108.885
72.9234 109.385
73.0901 109.635
73.2568 109.885
73.2568 109.885
73.5901 110.385
73.5901 110.385
73.9234 110.885
73.9234 110.885
73.9234 110.885
74.2568 111.385
74.4234 111.635
74.5901 111.885
74.5901 111.885
74.5901 111.885
74.5901 111.885
74.9234 112.385
75.2568 112.885
75.2568 112.885
75.2568 112.885
75.2568 112.885
75.2568 112.885
75.5901 113.385
75.9234 113.885
76.2568 114.385
76.5901 114.885
76.5901 114.885
76.5901 114.885
76.5901 114.885
76.5901 114.885
76.9234 115.385
76.9234 115.385
77.2568 115.885
77.2568 115.885
77.2568 115.885
77.2568 115.885
77.5901 116.385
77.5901 116.385
77.9234 116.885
77.9234 116.885
77.9234 116.885
77.9234 116.885
77.9234 116.885
77.9234 116.885
78.2567 117.385
78.5901 117.885
78.5901 117.885
78.9234 118.385
78.9234 118.385
79.2567 118.885
79.2567 118.885
79.5901 119.385
79.5901 119.385
79.9234 119.885
79.9234 119.885
79.9234 119.885
79.9234 119.885
80.2567 120.385
80.2567 120.385
80.5901 120.885
80.5901 120.885
80.9234 121.385
80.9234 121.385
81.2567 121.885
81.2567 121.885
81.2567 121.885
81.5901 122.385
81.5901 122.385
81.5901 122.385
81.9234 122.885
81.9234 122.885
81.9234 122.885
81.9234 122.885
81.9234 122.885
82.2567 123.385
82.4234 123.635
82.5901 123.885
82.5901 123.885
82.9234 124.385
82.9234 124.385
83.2567 124.885
83.2567 124.885
83.2567 124.885
83.2567 124.885
83.5901 125.385
83.9234 125.885
84.2567 126.385
84.5901 126.885
84.9234 127.385
84.9234 127.385
85.2567 127.885
85.2567 127.885
85.5901 128.385
85.9234 128.885
85.9234 128.885
85.9234 128.885
85.9234 128.885
86.2567 129.385
86.2567 129.385
86.5901 129.885
86.5901 129.885
86.9234 130.385
86.9234 130.385
86.9234 130.385
86.9234 130.385
87.2567 130.885
87.2567 130.885
87.2567 130.885
87.2567 130.885
87.2567 130.885
87.5901 131.385
87.5901 131.385
87.5901 131.385
87.5901 131.385
87.9234 131.885
87.9234 131.885
87.9234 131.885
87.9234 131.885
88.2567 132.385
88.2567 132.385
88.5901 132.885
88.5901 132.885
88.5901 132.885
88.5901 132.885
88.5901 132.885
88.5901 132.885
88.9234 133.385
89.0901 133.635
89.2567 133.885
89.5901 134.385
89.5901 134.385
89.9234 134.885
89.9234 134.885
89.9234 134.885
89.9234 134.885
89.9234 134.885
90.2567 135.385
90.4234 135.635
90.5901 135.885
90.5901 135.885
90.5901 135.885
90.9234 136.385
91.2567 136.885
91.2567 136.885
91.2567 136.885
91.2567 136.885
91.2567 136.885
91.59 137.385
91.9234 137.885
92.2567 138.385
92.2567 138.385
92.59 138.885
92.59 138.885
92.59 138.885
92.59 138.885
92.9234 139.385
92.9234 139.385
92.9234 139.385
93.2567 139.885
93.2567 139.885
93.2567 139.885
93.2567 139.885
93.59 140.385
93.59 140.385
93.9234 140.885
93.9234 140.885
93.9234 140.885
93.9234 140.885
94.2567 141.385
94.4234 141.635
94.59 141.885
94.9234 142.385
94.9234 142.385
95.2567 142.885
95.2567 142.885
95.2567 142.885
95.59 143.385
95.59 143.385
95.7567 143.635
95.9234 143.885
95.9234 143.885
95.9234 143.885
96.2567 144.385
96.59 144.885
96.59 144.885
96.59 144.885
96.59 144.885
96.59 144.885
96.9234 145.385
97.2567 145.885
97.2567 145.885
97.59 146.385
97.9234 146.885
97.9234 146.885
97.9234 146.885
97.9234 146.885
98.2567 147.385
98.2567 147.385
98.2567 147.385
98.59 147.885
98.59 147.885
98.59 147.885
98.9234 148.385
98.9234 148.385
99.2567 148.885
99.2567 148.885
99.2567 148.885
99.2567 148.885
99.2567 148.885
99.2567 148.885
99.59 149.385
99.9234 149.885
99.9234 149.885
100.257 150.385
100.257 150.385
100.257 150.385
100.59 150.885
100.923 151.385
100.923 151.385
101.257 151.885
101.257 151.885
101.257 151.885
101.59 152.385
101.59 152.385
101.923 152.885
101.923 152.885
101.923 152.885
101.923 152.885
101.923 152.885
101.923 152.885
102.257 153.385
102.59 153.885
102.59 153.885
102.923 154.385
102.923 154.385
103.257 154.885
103.257 154.885
103.257 154.885
103.257 154.885
103.59 155.385
103.923 155.885
103.923 155.885
103.923 155.885
104.59 156.885
104.59 156.885
104.59 156.885
104.59 156.885
104.59 156.885
104.923 157.385
105.257 157.885
105.59 158.385
106.257 159.385
106.257 159.385
106.59 159.885
106.59 159.885
106.923 160.385
107.257 160.885
107.257 160.885
107.257 160.885
107.257 160.885
107.59 161.385
107.923 161.885
108.229 162.344
108.257 162.385
108.257 162.385
108.558 162.838
108.923 163.385
109.219 163.829
109.257 163.885
109.257 163.885
109.554 164.331
109.59 164.385
109.923 164.885
109.923 164.885
109.923 164.885
109.923 164.885
109.923 164.885
110.257 165.385
110.257 165.385
110.59 165.885
110.923 166.385
110.923 166.385
111.257 166.885
111.59 167.385
111.59 167.385
111.923 167.885
111.923 167.885
111.923 167.885
112.257 168.385
112.257 168.385
112.59 168.885
112.59 168.885
112.59 168.885
112.59 168.885
112.59 168.885
112.59 168.885
112.923 169.385
113.257 169.885
113.59 170.385
113.59 170.385
113.59 170.385
113.59 170.385
113.59 170.385
113.757 170.635
114.257 171.385
114.59 171.885
114.59 171.885
114.59 171.885
114.59 171.885
114.59 171.885
114.923 172.385
114.923 172.385
114.923 172.385
115.257 172.885
115.257 172.885
115.257 172.885
115.257 172.885
115.257 172.885
115.59 173.385
115.923 173.885
115.923 173.885
115.923 173.885
116.257 174.385
116.257 174.385
116.257 174.385
116.257 174.385
116.59 174.885
116.923 175.385
116.923 175.385
117.257 175.885
117.28 175.921
117.59 176.385
117.59 176.385
117.905 176.858
117.923 176.885
117.923 176.885
117.923 176.885
117.923 176.885
118.257 177.385
118.59 177.885
118.923 178.385
118.923 178.385
118.923 178.385
119.201 178.802
119.59 179.385
119.59 179.385
119.877 179.817
119.923 179.885
119.923 179.885
120.257 180.385
120.257 180.385
120.548 180.823
120.59 180.885
120.59 180.885
120.59 180.885
120.59 180.885
120.923 181.385
121.257 181.885
121.59 182.385
121.923 182.885
121.923 182.885
122.257 183.385
122.543 183.815
122.582 183.873
122.59 183.885
123.04 184.56
123.144 184.717
123.257 184.885
123.257 184.885
123.257 184.885
123.259 184.89
123.265 184.898
123.59 185.385
123.923 185.885
124.257 186.385
124.257 186.385
124.59 186.885
125.923 188.885
125.923 188.885
126.257 189.385
126.257 189.385
126.59 189.885
126.923 190.385
126.923 190.385
127.257 190.885
127.257 190.885
127.59 191.385
127.923 191.885
127.923 191.885
128.257 192.385
128.59 192.885
128.59 192.885
128.59 192.885
128.923 193.385
128.923 193.385
129.257 193.885
129.59 194.385
129.59 194.385
129.923 194.885
129.923 194.885
130.257 195.385
130.423 195.635
130.59 195.885
130.59 195.885
130.59 195.885
130.923 196.385
131.257 196.885
131.257 196.885
131.257 196.885
131.257 196.885
131.59 197.385
131.59 197.385
131.923 197.885
132.257 198.385
132.257 198.385
132.59 198.885
132.59 198.885
132.923 199.385
133.257 199.885
133.257 199.885
133.59 200.385
133.923 200.885
133.923 200.885
133.923 200.885
134.257 201.385
134.423 201.635
134.59 201.885
134.59 201.885
134.923 202.385
134.923 202.385
135.257 202.885
135.257 202.885
135.59 203.385
135.59 203.385
135.923 203.885
135.923 203.885
135.923 203.885
136.59 204.885
136.59 204.885
136.59 204.885
136.59 204.885
136.59 204.885
136.923 205.385
136.923 205.385
137.257 205.885
137.257 205.885
137.59 206.385
137.59 206.385
137.923 206.885
137.923 206.885
138.257 207.385
138.257 207.385
138.59 207.885
138.59 207.885
138.923 208.385
139.257 208.885
139.257 208.885
139.257 208.885
139.257 208.885
139.59 209.385
139.923 209.885
140.257 210.385
140.257 210.385
140.59 210.885
140.59 210.885
140.59 210.885
140.59 210.885
140.923 211.385
140.923 211.385
141.257 211.885
141.257 211.885
141.757 212.635
141.923 212.885
141.923 212.885
141.923 212.885
142.257 213.385
142.257 213.385
142.59 213.885
142.59 213.885
142.923 214.385
142.923 214.385
143.257 214.885
143.257 214.885
143.923 215.885
144.257 216.385
144.257 216.385
144.59 216.885
144.59 216.885
144.59 216.885
144.923 217.385
144.923 217.385
144.923 217.385
145.257 217.885
145.257 217.885
145.59 218.385
145.59 218.385
145.923 218.885
145.923 218.885
146.257 219.385
146.257 219.385
146.59 219.885
146.59 219.885
146.923 220.385
147.257 220.885
147.257 220.885
147.257 220.885
147.257 220.885
147.257 220.885
147.59 221.385
147.59 221.385
147.923 221.885
148.257 222.385
148.257 222.385
148.257 222.385
148.59 222.885
148.59 222.885
148.59 222.885
148.59 222.885
148.923 223.385
148.923 223.385
149.257 223.885
149.257 223.885
149.257 223.885
149.59 224.385
149.59 224.385
149.923 224.885
149.923 224.885
149.923 224.885
149.923 224.885
150.257 225.385
150.257 225.385
150.59 225.885
150.923 226.385
150.923 226.385
151.257 226.885
151.257 226.885
151.257 226.885
151.257 226.885
151.257 226.885
151.757 227.635
151.923 227.885
151.923 227.885
151.923 227.885
152.257 228.385
152.59 228.885
152.59 228.885
152.59 228.885
152.59 228.885
152.59 228.885
152.59 228.885
152.923 229.385
152.923 229.385
153.257 229.885
153.59 230.385
153.59 230.385
153.923 230.885
153.923 230.885
154.257 231.385
154.257 231.385
154.59 231.885
154.59 231.885
154.923 232.385
154.923 232.385
155.257 232.885
155.257 232.885
155.59 233.385
155.59 233.385
155.757 233.635
155.923 233.885
155.923 233.885
156.257 234.385
156.257 234.385
156.59 234.885
156.59 234.885
156.59 234.885
156.923 235.385
156.923 235.385
156.923 235.385
157.257 235.885
157.257 235.885
157.257 235.885
157.59 236.385
157.59 236.385
157.59 236.385
157.923 236.885
157.923 236.885
157.923 236.885
157.923 236.885
158.257 237.385
158.257 237.385
158.59 237.885
158.59 237.885
158.59 237.885
158.923 238.385
158.923 238.385
159.257 238.885
159.257 238.885
159.257 238.885
159.257 238.885
159.257 238.885
159.59 239.385
159.923 239.885
159.923 239.885
159.923 239.885
160.257 240.385
160.257 240.385
160.257 240.385
160.59 240.885
160.59 240.885
160.59 240.885
160.59 240.885
160.923 241.385
160.923 241.385
161.09 241.635
161.257 241.885
161.257 241.885
161.59 242.385
161.59 242.385
161.923 242.885
161.923 242.885
161.923 242.885
161.923 242.885
162.257 243.385
162.257 243.385
162.257 243.385
162.59 243.885
162.59 243.885
162.59 243.885
162.59 243.885
162.923 244.385
162.923 244.385
163.257 244.885
163.257 244.885
163.257 244.885
163.257 244.885
163.59 245.385
163.59 245.385
163.923 245.885
163.923 245.885
164.257 246.385
164.59 246.885
164.59 246.885
164.59 246.885
164.59 246.885
164.923 247.385
164.923 247.385
165.257 247.885
165.257 247.885
165.59 248.385
165.923 248.885
165.923 248.885
165.923 248.885
165.923 248.885
166.257 249.385
166.257 249.385
166.59 249.885
166.923 250.385
167.257 250.885
167.257 250.885
167.257 250.885
167.257 250.885
167.59 251.385
167.59 251.385
167.923 251.885
167.923 251.885
167.923 251.885
168.257 252.385
168.257 252.385
168.59 252.885
168.59 252.885
168.59 252.885
168.59 252.885
168.59 252.885
168.59 252.885
169.59 254.385
169.716 254.575
169.8 254.7
169.911 254.867
169.923 254.885
169.923 254.885
169.923 254.885
169.923 254.885
169.923 254.885
170.215 255.323
170.257 255.385
170.257 255.385
170.552 255.829
170.59 255.885
170.59 255.885
170.59 255.885
170.861 256.292
170.923 256.385
170.923 256.385
170.923 256.385
171.257 256.885
171.257 256.885
171.257 256.885
171.257 256.885
171.257 256.885
171.59 257.385
171.757 257.635
171.923 257.885
172.257 258.385
172.257 258.385
172.59 258.885
172.59 258.885
172.59 258.885
172.59 258.885
172.923 259.385
173.09 259.635
173.257 259.885
173.257 259.885
173.59 260.385
173.59 260.385
173.923 260.885
173.923 260.885
173.923 260.885
173.923 260.885
173.923 260.885
174.257 261.385
174.59 261.885
174.59 261.885
174.923 262.385
175.257 262.885
175.257 262.885
175.257 262.885
175.59 263.385
175.59 263.385
175.923 263.885
175.923 263.885
175.923 263.885
176.257 264.385
176.59 264.885
176.59 264.885
176.59 264.885
176.59 264.885
176.59 264.885
176.923 265.385
177.09 265.635
177.257 265.885
177.257 265.885
177.59 266.385
177.59 266.385
177.923 266.885
177.923 266.885
177.923 266.885
178.256 267.385
178.423 267.635
178.59 267.885
178.59 267.885
178.59 267.885
178.59 267.885
178.923 268.385
179.256 268.885
179.256 268.885
179.256 268.885
179.256 268.885
179.256 268.885
179.59 269.385
179.923 269.885
180.256 270.385
180.59 270.885
180.59 270.885
180.59 270.885
180.59 270.885
180.59 270.885
180.923 271.385
180.923 271.385
181.256 271.885
181.256 271.885
181.256 271.885
181.256 271.885
181.59 272.385
181.59 272.385
181.923 272.885
181.923 272.885
181.923 272.885
181.923 272.885
181.923 272.885
181.923 272.885
182.256 273.385
182.59 273.885
182.59 273.885
182.923 274.385
182.923 274.385
183.256 274.885
183.256 274.885
183.59 275.385
183.59 275.385
183.923 275.885
183.923 275.885
183.923 275.885
183.923 275.885
184.256 276.385
184.256 276.385
184.59 276.885
184.59 276.885
184.923 277.385
184.923 277.385
185.256 277.885
185.256 277.885
185.256 277.885
185.59 278.385
185.59 278.385
185.59 278.385
185.923 278.885
185.923 278.885
185.923 278.885
185.923 278.885
185.923 278.885
186.256 279.385
186.423 279.635
186.59 279.885
186.59 279.885
186.923 280.385
186.923 280.385
187.256 280.885
187.256 280.885
187.256 280.885
187.256 280.885
187.59 281.385
187.923 281.885
188.256 282.385
188.59 282.885
188.923 283.385
188.923 283.385
189.256 283.885
189.256 283.885
189.59 284.385
189.923 284.885
189.923 284.885
189.923 284.885
189.923 284.885
190.256 285.385
190.256 285.385
190.59 285.885
190.59 285.885
190.923 286.385
190.923 286.385
190.923 286.385
190.923 286.385
191.256 286.885
191.256 286.885
191.256 286.885
191.256 286.885
191.256 286.885
191.59 287.385
191.59 287.385
191.59 287.385
191.59 287.385
191.923 287.885
191.923 287.885
191.923 287.885
191.923 287.885
192.256 288.385
192.256 288.385
192.59 288.885
192.59 288.885
192.59 288.885
192.59 288.885
192.59 288.885
192.59 288.885
192.923 289.385
193.09 289.635
193.256 289.885
193.59 290.385
193.59 290.385
193.923 290.885
193.923 290.885
193.923 290.885
193.923 290.885
193.923 290.885
194.256 291.385
194.423 291.635
194.59 291.885
194.59 291.885
194.59 291.885
194.923 292.385
195.256 292.885
195.256 292.885
195.256 292.885
195.256 292.885
195.256 292.885
195.59 293.385
195.923 293.885
196.256 294.385
196.256 294.385
196.59 294.885
196.59 294.885
196.59 294.885
196.59 294.885
196.923 295.385
196.923 295.385
196.923 295.385
197.256 295.885
197.256 295.885
197.256 295.885
197.256 295.885
197.59 296.385
197.59 296.385
197.923 296.885
197.923 296.885
197.923 296.885
197.923 296.885
198.256 297.385
198.423 297.635
198.59 297.885
198.923 298.385
198.923 298.385
199.256 298.885
199.256 298.885
199.256 298.885
199.59 299.385
199.59 299.385
199.756 299.635
199.923 299.885
199.923 299.885
199.923 299.885
200.256 300.385
200.59 300.885
200.59 300.885
200.59 300.885
200.59 300.885
200.59 300.885
200.923 301.385
201.256 301.885
201.256 301.885
201.59 302.385
201.923 302.885
201.923 302.885
201.923 302.885
201.923 302.885
202.256 303.385
202.256 303.385
202.256 303.385
202.59 303.885
202.59 303.885
202.59 303.885
202.923 304.385
202.923 304.385
203.256 304.885
203.256 304.885
203.256 304.885
203.256 304.885
203.256 304.885
203.256 304.885
203.59 305.385
203.923 305.885
203.923 305.885
204.256 306.385
204.256 306.385
204.256 306.385
204.59 306.885
204.923 307.385
204.923 307.385
205.256 307.885
205.256 307.885
205.256 307.885
205.59 308.385
205.59 308.385
205.923 308.885
205.923 308.885
205.923 308.885
205.923 308.885
205.923 308.885
205.923 308.885
206.256 309.385
206.59 309.885
206.59 309.885
206.923 310.385
206.923 310.385
207.256 310.885
207.256 310.885
207.256 310.885
207.256 310.885
207.59 311.385
207.59 311.385
207.923 311.885
207.923 311.885
207.923 311.885
208.256 312.385
208.59 312.885
208.59 312.885
208.59 312.885
208.59 312.885
208.59 312.885
208.923 313.385
209.09 313.635
209.256 313.885
209.59 314.385
209.59 314.385
209.923 314.885
209.923 314.885
209.923 314.885
209.923 314.885
210.256 315.385
210.423 315.635
210.59 315.885
210.923 316.385
211.256 316.885
211.256 316.885
211.256 316.885
211.256 316.885
211.59 317.385
211.59 317.385
211.756 317.635
211.923 317.885
211.923 317.885
211.923 317.885
212.256 318.385
212.256 318.385
212.59 318.885
212.59 318.885
212.59 318.885
212.59 318.885
212.923 319.385
212.923 319.385
213.256 319.885
213.256 319.885
213.256 319.885
213.59 320.385
213.923 320.885
213.923 320.885
213.923 320.885
213.923 320.885
214.256 321.385
214.423 321.635
214.59 321.885
214.59 321.885
214.923 322.385
214.923 322.385
215.256 322.885
215.256 322.885
215.256 322.885
215.59 323.385
215.756 323.635
215.923 323.885
215.923 323.885
216.256 324.385
216.59 324.885
216.59 324.885
216.59 324.885
216.59 324.885
216.923 325.385
216.923 325.385
217.09 325.635
217.256 325.885
217.256 325.885
217.59 326.385
217.59 326.385
217.59 326.385
217.923 326.885
217.923 326.885
217.923 326.885
217.923 326.885
217.923 326.885
218.256 327.385
218.256 327.385
218.256 327.385
218.256 327.385
218.59 327.885
218.59 327.885
218.59 327.885
218.59 327.885
218.59 327.885
218.923 328.385
218.923 328.385
218.923 328.385
218.923 328.385
219.256 328.885
219.256 328.885
219.256 328.885
219.256 328.885
219.256 328.885
219.59 329.385
219.756 329.635
219.756 329.635
219.923 329.885
220.256 330.385
220.256 330.385
220.256 330.385
220.59 330.885
220.59 330.885
220.59 330.885
220.59 330.885
220.923 331.385
221.09 331.635
221.09 331.635
221.256 331.885
221.256 331.885
221.256 331.885
221.59 332.385
221.59 332.385
221.59 332.385
221.923 332.885
221.923 332.885
221.923 332.885
222.256 333.385
222.423 333.635
222.423 333.635
222.59 333.885
222.59 333.885
222.923 334.385
222.923 334.385
222.923 334.385
223.256 334.885
223.256 334.885
223.256 334.885
223.256 334.885
223.256 334.885
223.59 335.385
223.756 335.635
223.756 335.635
223.923 335.885
224.256 336.385
224.256 336.385
224.59 336.885
224.59 336.885
224.59 336.885
224.59 336.885
224.59 336.885
224.923 337.385
225.09 337.635
225.09 337.635
225.256 337.885
225.59 338.385
225.59 338.385
225.59 338.385
225.923 338.885
225.923 338.885
225.923 338.885
226.256 339.385
226.423 339.635
226.423 339.635
226.59 339.885
226.923 340.385
226.923 340.385
227.256 340.885
227.256 340.885
227.256 340.885
227.256 340.885
227.256 340.885
227.59 341.385
227.59 341.385
227.923 341.885
227.923 341.885
228.256 342.385
228.256 342.385
228.256 342.385
228.59 342.885
228.59 342.885
228.59 342.885
228.59 342.885
228.923 343.385
228.923 343.385
228.923 343.385
229.256 343.885
229.256 343.885
229.256 343.885
229.59 344.385
229.59 344.385
229.923 344.885
229.923 344.885
229.923 344.885
229.923 344.885
229.923 344.885
229.923 344.885
230.256 345.385
230.423 345.635
230.59 345.885
230.923 346.385
230.923 346.385
231.256 346.885
231.256 346.885
231.256 346.885
231.256 346.885
231.59 347.385
231.756 347.635
231.923 347.885
231.923 347.885
232.256 348.385
232.59 348.885
232.59 348.885
232.59 348.885
232.59 348.885
232.59 348.885
232.923 349.385
233.256 349.885
233.256 349.885
233.59 350.385
233.923 350.885
233.923 350.885
233.923 350.885
234.256 351.385
234.256 351.385
234.59 351.885
234.59 351.885
234.59 351.885
234.59 351.885
234.923 352.385
234.923 352.385
235.256 352.885
235.256 352.885
235.256 352.885
235.256 352.885
235.256 352.885
235.59 353.385
235.756 353.635
235.923 353.885
235.923 353.885
236.256 354.385
236.256 354.385
236.59 354.885
236.59 354.885
236.59 354.885
236.923 355.385
236.923 355.385
237.09 355.635
237.256 355.885
237.256 355.885
237.256 355.885
237.59 356.385
237.923 356.885
237.923 356.885
237.923 356.885
237.923 356.885
237.923 356.885
238.256 357.385
238.59 357.885
238.923 358.385
239.256 358.885
239.256 358.885
239.256 358.885
239.256 358.885
239.256 358.885
239.59 359.385
239.59 359.385
239.59 359.385
239.923 359.885
239.923 359.885
239.923 359.885
239.923 359.885
240.256 360.385
240.256 360.385
240.59 360.885
240.59 360.885
240.59 360.885
240.59 360.885
240.59 360.885
240.59 360.885
240.923 361.385
241.256 361.885
241.256 361.885
241.59 362.385
241.59 362.385
241.923 362.885
241.923 362.885
242.256 363.385
242.256 363.385
242.59 363.885
242.59 363.885
242.59 363.885
242.59 363.885
242.923 364.385
242.923 364.385
243.256 364.885
243.256 364.885
243.256 364.885
243.256 364.885
243.59 365.385
243.923 365.885
243.923 365.885
243.923 365.885
244.256 366.385
244.256 366.385
244.59 366.885
244.59 366.885
244.59 366.885
244.59 366.885
244.923 367.385
245.256 367.885
245.256 367.885
245.923 368.885
245.923 368.885
245.923 368.885
246.256 369.385
246.59 369.885
246.923 370.385
246.923 370.385
247.624 371.438
247.923 371.885
247.923 371.885
248.256 372.385
248.273 372.41
248.59 372.885
248.613 372.921
248.923 373.385
249.256 373.885
249.59 374.385
249.923 374.885
250.256 375.385
250.256 375.385
250.59 375.885
250.59 375.885
250.59 375.885
250.923 376.385
251.256 376.885
251.256 376.885
251.59 377.385
251.756 377.635
251.923 377.885
252.256 378.385
252.256 378.385
252.59 378.885
252.59 378.885
252.923 379.385
253.09 379.635
253.256 379.885
253.59 380.385
253.923 380.885
253.923 380.885
253.923 380.885
253.923 380.885
254.256 381.385
254.59 381.885
254.923 382.385
254.923 382.385
255.256 382.885
255.59 383.385
255.59 383.385
255.59 383.385
255.923 383.885
255.923 383.885
255.923 383.885
255.923 383.885
256.256 384.385
256.256 384.385
256.59 384.885
256.59 384.885
256.59 384.885
256.59 384.885
256.59 384.885
256.923 385.385
257.256 385.885
257.256 385.885
257.256 385.885
257.59 386.385
257.59 386.385
257.59 386.385
257.59 386.385
258.256 387.385
258.256 387.385
258.256 387.385
258.256 387.385
258.59 387.885
258.59 387.885
258.923 388.385
259.256 388.885
259.256 388.885
259.256 388.885
259.256 388.885
259.59 389.385
259.59 389.385
259.923 389.885
259.923 389.885
260.256 390.385
260.256 390.385
260.59 390.885
260.59 390.885
260.923 391.385
261.256 391.885
261.59 392.385
261.895 392.844
261.923 392.885
261.923 392.885
262.227 393.342
262.598 393.898
263.001 394.502
263.423 395.135
263.865 395.798
263.87 395.806
264.379 396.569
264.404 396.606
264.806 397.21
264.89 397.335
264.974 397.462
265.612 398.419
265.71 398.567
265.82 398.731
