9.48518 10.6708
9.48518 10.6708
9.92962 11.1708
10.3741 11.6708
10.8185 12.1708
11.263 12.6708
11.263 12.6708
11.263 12.6708
11.8407 13.3208
12.1407 13.6583
12.1518 13.6708
12.1518 13.6708
12.1518 13.6708
12.4296 13.9833
12.7278 14.3187
13.0148 14.6417
13.0407 14.6708
13.0407 14.6708
13.4852 15.1708
13.9296 15.6708
14.3741 16.1708
14.8185 16.6708
14.8185 16.6708
15.2629 17.1708
15.7074 17.6708
15.7074 17.6708
16.1167 18.1313
16.5963 18.6708
16.6148 18.6917
17.0407 19.1708
17.4852 19.6708
17.9296 20.1708
18.3741 20.6708
18.8185 21.1708
18.8833 21.2437
19.2629 21.6708
19.2629 21.6708
19.5407 21.9833
19.7074 22.1708
19.8889 22.375
20.1518 22.6708
20.1518 22.6708
20.1518 22.6708
20.1944 22.7188
20.5963 23.1708
21.0407 23.6708
21.4852 24.1708
21.9296 24.6708
21.9296 24.6708
21.9296 24.6708
22.3741 25.1708
22.8185 25.6708
23.7074 26.6708
23.7074 26.6708
23.9296 26.9208
24.1565 27.1708
24.1565 27.1708
24.387 27.4208
24.6174 27.6708
24.6174 27.6708
25.0782 28.1708
25.0782 28.1708
25.3086 28.4208
25.539 28.6708
25.539 28.6708
25.9999 29.1708
26.4607 29.6708
26.4607 29.6708
26.9215 30.1708
27.1519 30.4208
27.3823 30.6708
27.3823 30.6708
27.3823 30.6708
27.3823 30.6708
27.8432 31.1708
27.8432 31.1708
28.304 31.6708
28.304 31.6708
28.304 31.6708
28.7648 32.1708
28.9952 32.4208
29.2257 32.6708
29.2257 32.6708
29.6843 33.1708
30.1388 33.6708
30.1388 33.6708
30.1388 33.6708
31.0479 34.6708
31.0479 34.6708
31.0479 34.6708
31.2752 34.9208
31.5025 35.1708
31.7297 35.4208
31.957 35.6708
31.957 35.6708
32.4092 36.1708
32.4092 36.1708
32.6331 36.4208
32.8569 36.6708
32.8569 36.6708
32.8569 36.6708
33.3047 37.1708
33.3047 37.1708
33.5286 37.4208
33.7525 37.6708
33.7525 37.6708
33.7525 37.6708
34.2002 38.1708
34.4241 38.4208
34.648 38.6708
34.648 38.6708
34.648 38.6708
34.648 38.6708
34.8719 38.9208
35.0958 39.1708
35.0958 39.1708
35.3196 39.4208
35.5435 39.6708
35.9913 40.1708
35.9913 40.1708
36.439 40.6708
36.439 40.6708
36.8868 41.1708
37.3346 41.6708
37.7823 42.1708
38.2301 42.6708
38.2301 42.6708
38.2301 42.6708
38.2301 42.6708
38.2301 42.6708
38.2301 42.6708
38.454 42.9208
38.6778 43.1708
38.6778 43.1708
38.9017 43.4208
39.1256 43.6708
39.1256 43.6708
39.1256 43.6708
39.5716 44.1708
39.5716 44.1708
39.7935 44.4208
40.0154 44.6708
40.0154 44.6708
40.4592 45.1708
40.903 45.6708
40.903 45.6708
40.903 45.6708
41.1249 45.9208
41.3468 46.1708
41.3468 46.1708
41.5687 46.4208
41.5687 46.4208
41.7906 46.6708
41.7906 46.6708
41.7906 46.6708
41.7906 46.6708
42.2343 47.1708
42.2343 47.1708
42.6781 47.6708
42.6781 47.6708
42.6781 47.6708
43.1219 48.1708
43.3438 48.4208
43.5657 48.6708
43.5657 48.6708
43.5657 48.6708
44.0095 49.1708
44.0095 49.1708
44.2314 49.4208
44.4533 49.6708
44.4533 49.6708
44.4533 49.6708
44.6752 49.9208
44.8971 50.1708
45.119 50.4208
45.3409 50.6708
45.3409 50.6708
45.3409 50.6708
45.3409 50.6708
45.3409 50.6708
45.5627 50.9208
45.7846 51.1708
46.0065 51.4208
46.2284 51.6708
46.2284 51.6708
46.2284 51.6708
46.6722 52.1708
46.8941 52.4208
47.116 52.6708
47.116 52.6708
47.116 52.6708
47.116 52.6708
47.5598 53.1708
47.5598 53.1708
47.7817 53.4208
47.7817 53.4208
48.0036 53.6708
48.0036 53.6708
48.2255 53.9208
48.4474 54.1708
48.4474 54.1708
48.6692 54.4208
48.8911 54.6708
48.8911 54.6708
48.8911 54.6708
48.8911 54.6708
48.8911 54.6708
49.113 54.9208
49.3349 55.1708
49.3349 55.1708
49.5568 55.4208
49.7787 55.6708
49.7787 55.6708
49.7787 55.6708
49.7787 55.6708
50.2225 56.1708
50.2225 56.1708
50.6663 56.6708
50.6663 56.6708
50.6663 56.6708
50.6663 56.6708
50.6663 56.6708
51.1115 57.1708
51.5593 57.6708
51.5593 57.6708
52.007 58.1708
52.4548 58.6708
52.4548 58.6708
52.9026 59.1708
53.3503 59.6708
53.3503 59.6708
53.3503 59.6708
53.3503 59.6708
53.5742 59.9208
53.7981 60.1708
53.7981 60.1708
54.022 60.4208
54.2458 60.6708
54.2458 60.6708
54.6936 61.1708
54.6936 61.1708
54.6936 61.1708
55.1414 61.6708
55.1414 61.6708
55.1414 61.6708
55.1414 61.6708
55.1414 61.6708
55.5891 62.1708
55.5891 62.1708
55.5891 62.1708
56.0369 62.6708
56.0369 62.6708
56.0369 62.6708
56.0369 62.6708
56.0369 62.6708
56.2608 62.9208
56.4841 63.1708
56.7074 63.4208
56.9306 63.6708
56.9306 63.6708
56.9306 63.6708
57.6002 64.4208
57.8234 64.6708
57.8234 64.6708
57.8234 64.6708
57.8234 64.6708
58.0466 64.9208
58.2698 65.1708
58.2698 65.1708
58.2698 65.1708
58.4931 65.4208
58.4931 65.4208
58.4931 65.4208
58.7163 65.6708
58.7163 65.6708
58.7163 65.6708
58.9395 65.9208
59.1627 66.1708
59.1627 66.1708
59.3859 66.4208
59.6091 66.6708
59.6091 66.6708
59.6091 66.6708
59.6091 66.6708
59.6091 66.6708
59.6091 66.6708
60.0556 67.1708
60.0556 67.1708
60.502 67.6708
60.502 67.6708
60.9484 68.1708
60.9484 68.1708
61.3948 68.6708
61.3948 68.6708
61.3948 68.6708
61.3948 68.6708
61.8413 69.1708
62.2877 69.6708
62.2877 69.6708
62.2877 69.6708
62.5109 69.9208
62.7341 70.1708
62.9573 70.4208
63.181 70.6708
63.181 70.6708
63.181 70.6708
63.181 70.6708
63.181 70.6708
63.4063 70.9208
63.6315 71.1708
63.8567 71.4208
64.0819 71.6708
64.0819 71.6708
64.0819 71.6708
64.0819 71.6708
64.7576 72.4208
64.9828 72.6708
64.9828 72.6708
64.9828 72.6708
65.2081 72.9208
65.4333 73.1708
65.4333 73.1708
65.4333 73.1708
65.6585 73.4208
65.8837 73.6708
65.8837 73.6708
65.8837 73.6708
65.8837 73.6708
66.109 73.9208
66.3342 74.1708
66.3342 74.1708
66.5594 74.4208
66.7846 74.6708
66.7846 74.6708
66.7846 74.6708
66.7846 74.6708
66.7846 74.6708
67.2351 75.1708
67.6855 75.6708
67.6855 75.6708
68.136 76.1708
68.136 76.1708
68.3612 76.4208
68.5864 76.6708
68.5864 76.6708
68.5864 76.6708
68.5864 76.6708
69.0369 77.1708
69.2621 77.4208
69.4873 77.6708
69.4873 77.6708
69.4873 77.6708
69.7126 77.9208
69.9378 78.1708
70.163 78.4208
70.3882 78.6708
70.3882 78.6708
70.3882 78.6708
70.3882 78.6708
70.3882 78.6708
70.6135 78.9208
70.8387 79.1708
71.0639 79.4208
71.2891 79.6708
71.2891 79.6708
71.2891 79.6708
71.9648 80.4208
72.19 80.6708
72.19 80.6708
72.19 80.6708
72.6405 81.1708
72.6405 81.1708
72.6405 81.1708
72.8657 81.4208
73.0909 81.6708
73.0909 81.6708
73.0909 81.6708
73.0909 81.6708
73.0909 81.6708
73.3162 81.9208
73.5414 82.1708
73.5414 82.1708
73.5414 82.1708
73.9918 82.6708
73.9918 82.6708
73.9918 82.6708
73.9918 82.6708
73.9918 82.6708
74.4423 83.1708
74.8927 83.6708
74.8927 83.6708
75.3429 84.1708
75.3429 84.1708
75.5668 84.4208
75.7907 84.6708
75.7907 84.6708
75.7907 84.6708
75.7907 84.6708
76.2385 85.1708
76.2385 85.1708
76.6862 85.6708
76.6862 85.6708
76.6862 85.6708
76.6862 85.6708
76.9101 85.9208
76.9101 85.9208
77.134 86.1708
77.3579 86.4208
77.5817 86.6708
77.5817 86.6708
77.5817 86.6708
77.5817 86.6708
77.5817 86.6708
78.0295 87.1708
78.0295 87.1708
78.2534 87.4208
78.4773 87.6708
78.4773 87.6708
78.4773 87.6708
78.925 88.1708
79.3728 88.6708
79.3728 88.6708
79.8205 89.1708
79.8205 89.1708
80.2683 89.6708
80.2683 89.6708
80.2683 89.6708
80.2683 89.6708
80.4922 89.9208
80.4922 89.9208
80.7161 90.1708
80.7161 90.1708
80.7161 90.1708
80.9399 90.4208
80.9399 90.4208
81.1638 90.6708
81.1638 90.6708
81.1638 90.6708
81.1638 90.6708
81.6116 91.1708
82.0593 91.6708
82.0593 91.6708
82.5071 92.1708
82.9549 92.6708
82.9549 92.6708
83.4026 93.1708
83.8504 93.6708
83.8504 93.6708
83.8504 93.6708
83.8504 93.6708
84.0743 93.9208
84.2982 94.1708
84.2982 94.1708
84.7459 94.6708
84.7459 94.6708
84.7459 94.6708
84.7459 94.6708
84.7459 94.6708
84.7459 94.6708
85.1937 95.1708
85.6414 95.6708
85.6414 95.6708
86.0892 96.1708
86.537 96.6708
86.537 96.6708
88.3131 98.6542
88.328 98.6708
88.5519 98.9208
88.7758 99.1708
88.9996 99.4208
89.2235 99.6708
89.4474 99.9208
89.6713 100.171
89.8952 100.421
90.119 100.671
90.3429 100.921
90.5668 101.171
90.7534 101.379
90.7907 101.421
91.0146 101.671
91.0258 101.683
91.2384 101.921
91.3429 102.037
91.4623 102.171
91.6358 102.365
91.6862 102.421
91.9101 102.671
91.9399 102.704
92.134 102.921
92.3578 103.171
92.5817 103.421
92.8056 103.671
93.0295 103.921
93.2534 104.171
93.4773 104.421
93.7011 104.671
93.925 104.921
94.1489 105.171
94.3728 105.421
94.5967 105.671
94.5967 105.671
94.8205 105.921
95.0388 106.165
95.0444 106.171
95.2683 106.421
95.4922 106.671
95.4978 106.677
95.7161 106.921
95.9399 107.171
96.1638 107.421
96.3877 107.671
96.6116 107.921
96.8355 108.171
97.0593 108.421
97.2832 108.671
97.2832 108.671
97.5071 108.921
97.731 109.171
97.9138 109.375
97.9549 109.421
98.1787 109.671
98.1806 109.673
98.4026 109.921
98.4978 110.027
98.6265 110.171
98.8149 110.381
98.8504 110.421
99.0743 110.671
99.0985 110.698
99.2981 110.921
99.522 111.171
99.7459 111.421
99.9698 111.671
100.194 111.921
100.418 112.171
100.641 112.421
100.865 112.671
100.865 112.671
101.09 112.921
101.315 113.171
101.539 113.421
101.764 113.671
101.988 113.921
102.213 114.171
102.243 114.204
102.45 114.435
102.663 114.671
102.663 114.671
102.663 114.671
102.733 114.748
102.736 114.752
102.889 114.921
103.115 115.171
103.341 115.421
103.567 115.671
103.792 115.921
104.018 116.171
104.235 116.41
104.241 116.417
104.244 116.421
104.47 116.671
104.696 116.921
104.922 117.171
105.148 117.421
105.374 117.671
105.6 117.921
105.809 118.152
105.811 118.154
105.826 118.171
106.051 118.421
106.051 118.421
106.244 118.633
106.249 118.64
106.277 118.671
106.503 118.921
106.729 119.171
106.955 119.421
107.181 119.671
107.407 119.921
107.633 120.171
107.859 120.421
108.085 120.671
108.311 120.921
108.536 121.171
108.744 121.4
108.762 121.421
108.988 121.671
109.003 121.688
109.214 121.921
109.421 122.15
109.44 122.171
109.666 122.421
109.892 122.671
109.922 122.704
110.118 122.921
110.344 123.171
110.57 123.421
110.795 123.671
111.021 123.921
111.223 124.144
111.247 124.171
111.473 124.421
111.686 124.656
111.699 124.671
111.925 124.921
112.151 125.171
112.377 125.421
112.603 125.671
112.828 125.921
112.988 126.098
113.054 126.171
113.279 126.421
113.467 126.629
113.468 126.631
113.504 126.671
113.729 126.921
113.954 127.171
114.178 127.421
114.401 127.671
114.625 127.921
114.848 128.171
115.071 128.421
115.294 128.671
115.739 129.171
116.183 129.671
116.183 129.671
117.072 130.671
117.072 130.671
117.072 130.671
117.294 130.921
117.518 131.171
117.518 131.171
117.742 131.421
117.966 131.671
117.966 131.671
118.413 132.171
118.413 132.171
118.413 132.171
118.637 132.421
118.861 132.671
118.861 132.671
118.861 132.671
119.309 133.171
119.757 133.671
119.757 133.671
120.204 134.171
120.428 134.421
120.652 134.671
120.652 134.671
120.652 134.671
120.652 134.671
120.652 134.671
121.1 135.171
121.1 135.171
121.548 135.671
121.548 135.671
121.548 135.671
121.995 136.171
122.219 136.421
122.443 136.671
122.443 136.671
122.891 137.171
122.891 137.171
123.339 137.671
123.339 137.671
123.339 137.671
123.339 137.671
123.786 138.171
124.234 138.671
124.234 138.671
124.234 138.671
124.234 138.671
124.458 138.921
124.682 139.171
124.906 139.421
125.13 139.671
125.13 139.671
125.578 140.171
125.578 140.171
125.801 140.421
126.025 140.671
126.025 140.671
126.025 140.671
126.473 141.171
126.473 141.171
126.697 141.421
126.921 141.671
126.921 141.671
126.921 141.671
126.921 141.671
127.369 142.171
127.592 142.421
127.816 142.671
127.816 142.671
127.816 142.671
127.816 142.671
127.816 142.671
128.04 142.921
128.264 143.171
128.264 143.171
128.488 143.421
128.712 143.671
129.16 144.171
129.16 144.171
129.607 144.671
129.607 144.671
130.055 145.171
130.503 145.671
130.503 145.671
130.951 146.171
131.398 146.671
131.398 146.671
131.398 146.671
131.398 146.671
131.398 146.671
131.398 146.671
131.622 146.921
131.846 147.171
131.846 147.171
132.07 147.421
132.294 147.671
132.294 147.671
132.294 147.671
132.742 148.171
132.742 148.171
132.966 148.421
133.189 148.671
133.189 148.671
133.637 149.171
134.085 149.671
134.085 149.671
134.085 149.671
134.309 149.921
134.533 150.171
134.533 150.171
134.757 150.421
134.757 150.421
134.981 150.671
134.981 150.671
134.981 150.671
134.981 150.671
135.43 151.171
135.43 151.171
135.88 151.671
135.88 151.671
135.88 151.671
136.331 152.171
136.556 152.421
136.781 152.671
136.781 152.671
136.781 152.671
137.232 153.171
137.232 153.171
137.457 153.421
137.682 153.671
137.682 153.671
137.682 153.671
137.908 153.921
138.134 154.171
138.36 154.421
138.586 154.671
138.586 154.671
138.586 154.671
138.586 154.671
138.586 154.671
138.812 154.921
139.038 155.171
139.263 155.421
139.489 155.671
139.489 155.671
139.489 155.671
139.941 156.171
140.167 156.421
140.393 156.671
140.393 156.671
140.393 156.671
140.393 156.671
140.845 157.171
140.845 157.171
141.071 157.421
141.071 157.421
141.297 157.671
141.297 157.671
141.522 157.921
141.748 158.171
141.748 158.171
141.974 158.421
142.2 158.671
142.2 158.671
142.2 158.671
142.2 158.671
142.2 158.671
142.426 158.921
142.652 159.171
142.652 159.171
142.878 159.421
143.104 159.671
143.104 159.671
143.104 159.671
143.104 159.671
143.556 160.171
143.556 160.171
144.007 160.671
144.007 160.671
144.007 160.671
144.007 160.671
144.007 160.671
144.458 161.171
144.909 161.671
144.909 161.671
145.357 162.171
145.547 162.383
145.553 162.39
145.799 162.665
145.805 162.671
145.805 162.671
146.242 163.158
146.249 163.167
146.253 163.171
146.26 163.179
146.715 163.688
146.917 163.912
146.922 163.919
147.137 164.158
147.148 164.171
147.148 164.171
147.148 164.171
147.361 164.408
147.596 164.671
148.044 165.171
148.044 165.171
148.492 165.671
148.492 165.671
148.492 165.671
148.492 165.671
148.493 165.673
148.939 166.171
148.939 166.171
149.37 166.652
149.376 166.658
149.387 166.671
149.387 166.671
149.387 166.671
149.387 166.671
149.611 166.921
149.835 167.171
150.059 167.421
150.283 167.671
150.283 167.671
150.283 167.671
150.954 168.421
151.178 168.671
151.178 168.671
151.178 168.671
151.178 168.671
151.402 168.921
151.626 169.171
151.626 169.171
151.626 169.171
151.85 169.421
151.85 169.421
151.85 169.421
152.074 169.671
152.074 169.671
152.074 169.671
152.297 169.921
152.521 170.171
152.521 170.171
152.745 170.421
152.969 170.671
152.969 170.671
152.969 170.671
152.969 170.671
152.969 170.671
152.969 170.671
153.417 171.171
153.417 171.171
153.865 171.671
153.865 171.671
154.312 172.171
154.312 172.171
154.76 172.671
154.76 172.671
154.76 172.671
154.76 172.671
155.206 173.171
155.65 173.671
155.65 173.671
155.65 173.671
155.872 173.921
156.094 174.171
156.316 174.421
156.538 174.671
156.538 174.671
156.538 174.671
156.538 174.671
156.538 174.671
156.759 174.921
156.981 175.171
157.203 175.421
157.425 175.671
157.425 175.671
157.425 175.671
157.425 175.671
158.093 176.421
158.316 176.671
158.316 176.671
158.316 176.671
158.541 176.921
158.766 177.171
158.766 177.171
158.766 177.171
158.991 177.421
159.216 177.671
159.216 177.671
159.216 177.671
159.216 177.671
159.441 177.921
159.667 178.171
159.667 178.171
159.892 178.421
160.117 178.671
160.117 178.671
160.117 178.671
160.117 178.671
160.117 178.671
160.568 179.171
161.018 179.671
161.018 179.671
161.468 180.171
161.468 180.171
161.694 180.421
161.919 180.671
161.919 180.671
161.919 180.671
161.919 180.671
162.369 181.171
162.595 181.421
162.82 181.671
162.82 181.671
162.82 181.671
163.045 181.921
163.27 182.171
163.496 182.421
163.721 182.671
163.721 182.671
163.721 182.671
163.721 182.671
163.721 182.671
163.946 182.921
164.171 183.171
164.396 183.421
164.622 183.671
164.622 183.671
164.622 183.671
165.297 184.421
165.523 184.671
165.523 184.671
165.523 184.671
165.973 185.171
165.973 185.171
165.973 185.171
166.198 185.421
166.423 185.671
166.423 185.671
166.423 185.671
166.423 185.671
166.423 185.671
166.649 185.921
166.874 186.171
166.874 186.171
166.874 186.171
167.324 186.671
167.324 186.671
167.324 186.671
167.324 186.671
167.324 186.671
167.775 187.171
168.225 187.671
168.225 187.671
168.676 188.171
168.676 188.171
168.901 188.421
169.126 188.671
169.126 188.671
169.126 188.671
169.126 188.671
169.577 189.171
169.577 189.171
170.027 189.671
170.027 189.671
170.027 189.671
170.027 189.671
170.252 189.921
170.252 189.921
170.477 190.171
170.703 190.421
170.928 190.671
170.928 190.671
170.928 190.671
170.928 190.671
170.928 190.671
171.378 191.171
171.378 191.171
171.604 191.421
171.829 191.671
171.829 191.671
171.829 191.671
172.279 192.171
172.73 192.671
172.73 192.671
173.18 193.171
173.18 193.171
173.631 193.671
173.631 193.671
173.631 193.671
173.631 193.671
173.856 193.921
173.856 193.921
174.081 194.171
174.081 194.171
174.081 194.171
174.306 194.421
174.306 194.421
174.532 194.671
174.532 194.671
174.532 194.671
174.532 194.671
174.982 195.171
175.432 195.671
175.432 195.671
175.883 196.171
176.333 196.671
176.333 196.671
176.784 197.171
177.234 197.671
177.234 197.671
177.234 197.671
177.234 197.671
177.459 197.921
177.685 198.171
177.685 198.171
178.135 198.671
178.135 198.671
178.135 198.671
178.135 198.671
178.135 198.671
178.135 198.671
178.583 199.171
179.03 199.671
179.03 199.671
179.478 200.171
179.926 200.671
179.926 200.671
180.374 201.171
180.821 201.671
181.269 202.171
181.717 202.671
181.717 202.671
181.717 202.671
181.717 202.671
181.717 202.671
181.941 202.921
182.166 203.171
182.391 203.421
182.616 203.671
182.616 203.671
182.616 203.671
183.292 204.421
183.517 204.671
183.517 204.671
183.517 204.671
183.517 204.671
183.742 204.921
183.967 205.171
183.967 205.171
183.967 205.171
184.193 205.421
184.193 205.421
184.193 205.421
184.418 205.671
184.418 205.671
184.418 205.671
184.643 205.921
184.868 206.171
184.868 206.171
185.094 206.421
185.319 206.671
185.319 206.671
185.319 206.671
185.319 206.671
185.319 206.671
185.319 206.671
185.769 207.171
185.769 207.171
186.22 207.671
186.22 207.671
186.67 208.171
186.67 208.171
187.121 208.671
187.121 208.671
187.121 208.671
187.121 208.671
187.571 209.171
188.022 209.671
188.022 209.671
188.022 209.671
188.247 209.921
188.472 210.171
188.697 210.421
188.922 210.671
188.922 210.671
188.922 210.671
188.922 210.671
188.922 210.671
189.148 210.921
189.373 211.171
189.598 211.421
189.823 211.671
189.823 211.671
189.823 211.671
189.823 211.671
190.499 212.421
190.724 212.671
190.724 212.671
190.724 212.671
190.949 212.921
191.175 213.171
191.175 213.171
191.175 213.171
191.4 213.421
191.625 213.671
191.625 213.671
191.625 213.671
191.625 213.671
191.85 213.921
192.076 214.171
192.076 214.171
192.301 214.421
192.526 214.671
192.526 214.671
192.526 214.671
192.526 214.671
192.526 214.671
192.976 215.171
193.427 215.671
193.427 215.671
193.874 216.171
193.874 216.171
194.098 216.421
194.321 216.671
194.321 216.671
194.321 216.671
194.321 216.671
194.768 217.171
194.992 217.421
195.215 217.671
195.215 217.671
195.215 217.671
195.439 217.921
195.662 218.171
195.886 218.421
196.109 218.671
196.109 218.671
196.109 218.671
196.109 218.671
196.109 218.671
196.333 218.921
196.557 219.171
196.78 219.421
197.004 219.671
197.004 219.671
197.004 219.671
197.674 220.421
197.898 220.671
197.898 220.671
197.898 220.671
198.345 221.171
198.345 221.171
198.345 221.171
198.568 221.421
198.792 221.671
198.792 221.671
198.792 221.671
198.792 221.671
198.792 221.671
199.016 221.921
199.239 222.171
199.239 222.171
199.239 222.171
199.686 222.671
199.686 222.671
199.686 222.671
199.686 222.671
199.686 222.671
200.133 223.171
200.58 223.671
200.58 223.671
201.027 224.171
201.027 224.171
201.251 224.421
201.475 224.671
201.475 224.671
201.475 224.671
201.475 224.671
201.922 225.171
201.922 225.171
202.369 225.671
202.369 225.671
202.369 225.671
202.369 225.671
202.592 225.921
202.592 225.921
202.816 226.171
203.039 226.421
203.263 226.671
203.263 226.671
203.263 226.671
203.263 226.671
203.263 226.671
203.71 227.171
203.71 227.171
203.934 227.421
204.157 227.671
204.157 227.671
204.157 227.671
204.604 228.171
205.051 228.671
205.051 228.671
205.498 229.171
205.498 229.171
205.946 229.671
205.946 229.671
205.946 229.671
205.946 229.671
206.169 229.921
206.169 229.921
206.393 230.171
206.393 230.171
206.393 230.171
206.616 230.421
206.616 230.421
206.84 230.671
206.84 230.671
206.84 230.671
206.84 230.671
207.287 231.171
207.734 231.671
207.734 231.671
208.181 232.171
208.628 232.671
208.628 232.671
209.075 233.171
209.522 233.671
209.522 233.671
209.522 233.671
209.522 233.671
209.746 233.921
209.969 234.171
209.969 234.171
210.4 234.652
210.416 234.671
210.416 234.671
210.416 234.671
210.841 235.146
211.279 235.635
211.745 236.156
212.058 236.506
212.125 236.581
212.184 236.648
212.21 236.677
212.274 236.748
212.691 237.215
213.153 237.731
213.17 237.75
213.445 238.058
213.654 238.292
213.874 238.537
213.876 238.54
213.975 238.65
214.038 238.721
214.06 238.746
214.155 238.852
214.476 239.21
214.604 239.354
214.88 239.662
214.962 239.754
215.435 240.283
215.972 240.883
216.769 241.775
217.011 242.046
217.238 242.3
217.451 242.538
217.691 242.806
217.736 242.856
218.185 243.358
218.188 243.363
218.641 243.869
219.23 244.527
219.727 245.083
219.913 245.292
219.943 245.325
220.025 245.417
220.096 245.496
220.223 245.637
220.254 245.673
220.489 245.935
220.744 246.221
221.212 246.744
221.231 246.765
221.236 246.771
221.283 246.823
221.285 246.825
221.29 246.831
221.696 247.285
222.188 247.835
222.641 248.342
223.09 248.844
223.628 249.446
223.738 249.569
223.837 249.679
223.978 249.838
223.984 249.844
224.181 250.065
224.492 250.412
224.742 250.692
224.768 250.721
224.777 250.731
224.779 250.733
224.804 250.76
225.206 251.21
225.683 251.744
226.473 252.627
226.536 252.698
226.583 252.75
226.666 252.844
227.913 254.238
228.427 254.812
228.44 254.827
228.444 254.831
228.447 254.835
228.462 254.852
228.919 255.363
229.403 255.904
229.88 256.438
229.884 256.442
229.934 256.498
230.13 256.717
230.331 256.942
230.411 257.031
230.428 257.05
230.428 257.05
230.506 257.137
231.37 258.104
231.517 258.269
231.581 258.34
231.679 258.45
232.264 259.104
232.965 259.887
233.002 259.929
233.378 260.35
233.46 260.442
233.524 260.512
233.678 260.685
234.057 261.108
234.325 261.408
234.532 261.64
234.725 261.856
234.899 262.05
235.122 262.3
235.634 262.873
237.046 264.452
237.151 264.569
237.216 264.642
237.326 264.765
