1.67457 1.61875
1.71336 1.65625
1.71767 1.66042
1.72414 1.66667
1.82974 1.76875
1.93319 1.86875
2.19181 2.11875
2.45043 2.36875
2.70905 2.61875
2.96767 2.86875
3.22629 3.11875
3.48491 3.36875
3.74353 3.61875
5.70905 5.51875
5.76293 5.57083
5.81034 5.61667
5.8125 5.61875
5.84267 5.64792
6.07112 5.86875
6.32974 6.11875
6.58836 6.36875
6.84698 6.61875
7.1056 6.86875
7.36422 7.11875
7.62284 7.36875
7.88146 7.61875
9.79525 9.46875
9.87284 9.54375
9.89008 9.56042
9.92672 9.59583
9.95042 9.61875
9.95042 9.61875
10.209 9.86875
10.4677 10.1188
10.7263 10.3688
10.9849 10.6188
11.2435 10.8688
11.5021 11.1188
11.7608 11.3688
12.0194 11.6188
13.9569 13.4917
14.0151 13.5479
14.0237 13.5563
14.0776 13.6083
14.0884 13.6188
14.0884 13.6188
14.347 13.8688
14.6056 14.1188
14.8642 14.3688
15.1228 14.6188
15.3815 14.8688
15.6401 15.1187
15.8987 15.3687
16.1573 15.6188
18.0668 17.4646
18.1185 17.5146
18.1746 17.5687
18.1918 17.5854
18.2263 17.6187
18.4849 17.8687
18.7431 18.1187
19.0008 18.3687
19.2242 18.5854
19.2585 18.6187
19.4712 18.825
19.5163 18.8687
19.7268 19.0729
19.774 19.1187
20.0317 19.3687
20.253 19.5833
20.2551 19.5854
20.2573 19.5875
20.2895 19.6187
20.5472 19.8687
20.8049 20.1187
21.0627 20.3687
21.2839 20.5833
21.286 20.5854
21.286 20.5854
21.3204 20.6187
21.5781 20.8687
21.8359 21.1187
22.0936 21.3687
22.3148 21.5833
22.317 21.5854
22.3277 21.5958
22.3513 21.6187
22.6091 21.8687
22.8238 22.0771
22.8668 22.1187
23.1245 22.3687
23.3393 22.5771
23.3522 22.5896
23.3822 22.6187
23.64 22.8687
23.8977 23.1187
24.1554 23.3687
24.222 23.4333
24.3058 23.5146
24.3638 23.5708
24.3788 23.5854
24.3895 23.5958
24.4132 23.6187
24.4132 23.6187
24.8642 24.0562
24.9286 24.1187
25.4054 24.5813
25.4054 24.5813
25.4119 24.5875
25.4441 24.6187
25.9596 25.1187
26.3612 25.5083
26.4127 25.5583
26.4493 25.5938
26.475 25.6187
26.475 25.6187
26.4858 25.6292
26.7328 25.8687
26.9282 26.0583
26.9905 26.1187
27.2482 26.3687
27.4265 26.5417
27.506 26.6187
27.7637 26.8687
27.9677 27.0667
28.0214 27.1187
28.2792 27.3687
28.4939 27.5771
28.5004 27.5833
28.5369 27.6187
28.7946 27.8687
29.0523 28.1187
29.3101 28.3687
29.4583 28.5125
29.5141 28.5667
29.5356 28.5875
29.5614 28.6125
29.5678 28.6187
29.5678 28.6187
29.8255 28.8687
30.0833 29.1187
30.341 29.3687
30.4548 29.4792
30.4892 29.5125
30.5794 29.6
30.5816 29.6021
30.5987 29.6187
30.5987 29.6187
30.6288 29.6479
30.8565 29.8687
31.0519 30.0583
31.1142 30.1187
31.3719 30.3687
31.6168 30.6063
31.6297 30.6187
31.8874 30.8687
32.0678 31.0437
32.1451 31.1188
32.4029 31.3687
32.6241 31.5833
32.6284 31.5875
32.6348 31.5938
32.6606 31.6187
32.6606 31.6187
33.1761 32.1187
33.6872 32.6146
33.6872 32.6146
33.6915 32.6187
33.6937 32.6208
34.207 33.1187
34.6473 33.5458
34.701 33.5979
34.7224 33.6187
34.7246 33.6208
34.774 33.6688
35.1996 34.0812
35.2383 34.1187
35.706 34.5708
35.7556 34.6187
36.2017 35.05
36.2728 35.1187
36.7491 35.5792
36.7793 35.6083
36.7901 35.6187
37.3073 36.1187
37.7965 36.5917
37.7987 36.5938
37.8246 36.6187
37.8246 36.6187
37.8698 36.6625
38.3418 37.1187
38.7448 37.5083
38.8052 37.5667
38.859 37.6187
38.859 37.6187
38.8612 37.6208
38.8935 37.6521
39.3655 38.1083
39.8741 38.6
39.8784 38.6042
40.3569 39.0667
40.4108 39.1187
40.7017 39.4
40.8008 39.4958
40.8633 39.5562
40.9064 39.5979
40.928 39.6187
40.928 39.6187
41.1866 39.8687
41.3849 40.0604
41.4452 40.1187
41.4452 40.1187
41.928 40.5854
41.9302 40.5875
41.9323 40.5896
41.9625 40.6187
41.9625 40.6187
42.4797 41.1187
42.4797 41.1187
42.984 41.6063
42.9905 41.6125
42.9926 41.6146
42.997 41.6187
43.0099 41.6313
43.0508 41.6708
43.4452 42.0521
43.5142 42.1187
44.0056 42.5938
44.0099 42.5979
44.2901 42.8687
44.5013 43.0729
44.5487 43.1188
45.0336 43.5875
45.0379 43.5917
45.0659 43.6187
45.5832 44.1187
45.9215 44.4458
45.9689 44.4917
46.0336 44.5542
46.0551 44.575
46.0767 44.5958
46.0939 44.6125
46.1004 44.6187
46.6176 45.1187
47.0034 45.4917
47.0401 45.5271
47.1047 45.5896
47.109 45.5938
47.1284 45.6125
47.1349 45.6187
47.5832 46.0521
47.6521 46.1187
48.1306 46.5812
48.1435 46.5938
48.1543 46.6042
48.1694 46.6187
48.6866 47.1187
48.9905 47.4125
49.0573 47.4771
49.122 47.5396
49.1478 47.5646
49.1586 47.575
49.1974 47.6125
49.2039 47.6187
49.6607 48.0604
49.7146 48.1125
50.109 48.4937
50.1672 48.55
50.1931 48.575
50.206 48.5875
50.2383 48.6188
50.7491 49.1125
50.7556 49.1187
51.137 49.4875
51.2103 49.5583
51.2577 49.6042
51.262 49.6083
51.2728 49.6187
51.2728 49.6187
51.2987 49.6437
51.7405 50.0708
52.2577 50.5708
52.2599 50.5729
53.1241 51.4083
53.1888 51.4708
53.2793 51.5583
53.3267 51.6042
54.3526 52.5958
54.3547 52.5979
54.3569 52.6
55.2577 53.4708
55.3138 53.525
55.3612 53.5708
55.4021 53.6104
55.4107 53.6188
55.4409 53.6479
55.6694 53.8687
55.8935 54.0854
55.928 54.1188
56.1866 54.3688
56.3892 54.5646
56.4452 54.6187
56.7038 54.8687
56.8784 55.0375
56.9625 55.1187
57.2211 55.3687
57.3332 55.4771
57.3913 55.5333
57.4582 55.5979
57.4797 55.6187
57.4948 55.6333
59.5487 57.6188
59.5487 57.6188
59.8073 57.8687
60.0657 58.1187
60.0657 58.1187
60.3239 58.3687
60.5821 58.6187
60.5821 58.6187
60.8402 58.8687
60.8402 58.8687
61.0984 59.1187
61.0984 59.1187
61.3566 59.3687
61.6148 59.6187
61.6148 59.6187
61.6148 59.6187
61.6148 59.6187
61.8729 59.8687
62.1311 60.1187
62.1311 60.1187
62.6475 60.6187
62.6475 60.6187
62.6475 60.6187
62.6475 60.6187
62.9056 60.8687
63.6802 61.6187
63.6802 61.6187
63.9383 61.8687
64.1965 62.1187
64.4547 62.3687
64.7129 62.6187
64.7129 62.6187
64.7129 62.6187
64.7129 62.6187
64.971 62.8687
64.971 62.8687
65.2292 63.1187
65.2292 63.1187
65.4874 63.3687
65.7456 63.6187
65.7456 63.6187
65.7456 63.6187
66.0037 63.8687
66.0037 63.8687
66.2619 64.1188
66.2619 64.1188
66.5201 64.3688
66.5201 64.3688
66.7783 64.6188
66.7783 64.6188
67.811 65.6188
67.811 65.6188
68.0691 65.8688
68.3273 66.1188
68.3273 66.1188
68.5855 66.3688
68.8437 66.6188
68.8437 66.6188
69.1018 66.8688
69.1018 66.8688
69.36 67.1188
69.36 67.1188
69.8764 67.6188
69.8764 67.6188
69.8764 67.6188
69.8764 67.6188
70.1345 67.8688
70.1345 67.8688
70.3927 68.1188
70.3927 68.1188
70.6509 68.3688
70.6509 68.3688
70.9091 68.6188
70.9091 68.6188
71.1672 68.8688
71.1672 68.8688
71.4254 69.1188
71.4254 69.1188
71.9418 69.6188
71.9418 69.6188
71.9418 69.6188
71.9418 69.6188
72.2 69.8688
72.4581 70.1188
72.4581 70.1188
72.9745 70.6188
72.9745 70.6188
72.9745 70.6188
72.9745 70.6188
72.9745 70.6188
73.2327 70.8688
73.2327 70.8688
73.4908 71.1188
73.4908 71.1188
74.0072 71.6188
74.0072 71.6188
74.2654 71.8688
74.2654 71.8688
74.5235 72.1188
74.5235 72.1188
74.7817 72.3687
74.7817 72.3687
75.0399 72.6188
75.0399 72.6188
75.2981 72.8688
75.2981 72.8688
75.5562 73.1188
76.0726 73.6188
76.0726 73.6188
76.0726 73.6188
76.0726 73.6188
76.3308 73.8688
76.5889 74.1188
76.5889 74.1188
76.8471 74.3688
77.1053 74.6188
77.1053 74.6188
77.3635 74.8688
77.3635 74.8688
77.6216 75.1188
77.6216 75.1188
78.138 75.6188
78.138 75.6188
78.138 75.6188
78.3962 75.8688
78.3962 75.8688
78.6543 76.1188
78.6543 76.1188
78.9125 76.3688
78.9125 76.3688
79.1707 76.6188
79.1707 76.6188
79.4289 76.8688
79.4289 76.8688
79.687 77.1188
79.687 77.1188
79.9452 77.3688
80.2034 77.6188
80.2034 77.6188
80.4616 77.8688
80.7197 78.1188
80.9779 78.3688
81.2361 78.6188
81.2361 78.6188
81.4943 78.8688
81.4943 78.8688
81.7524 79.1188
81.7524 79.1188
82.0106 79.3688
82.2688 79.6188
82.2688 79.6188
82.527 79.8688
82.527 79.8688
82.7851 80.1188
82.7851 80.1188
83.0433 80.3688
83.0433 80.3688
83.3015 80.6188
83.3015 80.6188
83.5597 80.8688
83.5597 80.8688
83.8178 81.1188
83.8178 81.1188
84.076 81.3688
84.3342 81.6188
84.3342 81.6188
84.3342 81.6188
84.5924 81.8688
84.8505 82.1188
84.8505 82.1188
85.1087 82.3688
85.3669 82.6188
85.3669 82.6188
85.6251 82.8688
85.6251 82.8688
85.8833 83.1188
85.8833 83.1188
86.3996 83.6188
86.3996 83.6188
86.6578 83.8688
86.916 84.1188
87.1741 84.3688
87.1741 84.3688
87.4323 84.6188
87.4323 84.6188
87.6905 84.8688
87.6905 84.8688
87.9487 85.1188
87.9487 85.1188
88.2068 85.3688
88.465 85.6188
88.465 85.6188
88.465 85.6188
88.7232 85.8688
88.9814 86.1188
89.2395 86.3688
89.2395 86.3688
89.4977 86.6188
89.4977 86.6188
89.7559 86.8688
89.7559 86.8688
90.0141 87.1188
90.0141 87.1188
90.2722 87.3688
90.5304 87.6188
90.5304 87.6188
90.7886 87.8688
91.0468 88.1188
91.3049 88.3688
91.5631 88.6188
91.8213 88.8688
92.0795 89.1188
92.3376 89.3688
92.5958 89.6188
92.5958 89.6188
92.5958 89.6188
92.5958 89.6188
92.5958 89.6188
92.5958 89.6188
92.5958 89.6188
92.854 89.8688
92.854 89.8688
93.1122 90.1188
93.1122 90.1188
93.3703 90.3688
93.3703 90.3688
93.6285 90.6188
93.6285 90.6188
93.8867 90.8688
93.8867 90.8688
94.1449 91.1188
94.1449 91.1188
94.403 91.3688
94.403 91.3688
94.6612 91.6188
94.6612 91.6188
94.9194 91.8688
94.9194 91.8688
95.1776 92.1188
95.1776 92.1188
95.4357 92.3688
95.4357 92.3688
95.6939 92.6188
95.6939 92.6188
95.6939 92.6188
95.6939 92.6188
95.9521 92.8688
95.9521 92.8688
96.2103 93.1188
96.2103 93.1188
96.4684 93.3688
96.4684 93.3688
96.7266 93.6188
96.7266 93.6188
96.7266 93.6188
96.9848 93.8688
96.9848 93.8688
97.243 94.1188
97.243 94.1188
97.5011 94.3688
97.5011 94.3688
97.7593 94.6188
97.7593 94.6188
98.0175 94.8688
98.0175 94.8688
98.2757 95.1188
98.2757 95.1188
98.2757 95.1188
98.5339 95.3688
98.5339 95.3688
98.792 95.6188
98.792 95.6188
98.792 95.6188
98.792 95.6188
99.0502 95.8688
99.0502 95.8688
99.3084 96.1188
99.3084 96.1188
99.5666 96.3688
99.5666 96.3688
99.8247 96.6188
99.8247 96.6188
99.8247 96.6188
99.8247 96.6188
99.8247 96.6188
99.8247 96.6188
99.8247 96.6188
100.083 96.8688
100.083 96.8688
100.341 97.1188
100.341 97.1188
100.341 97.1188
100.599 97.3688
100.599 97.3688
100.857 97.6188
100.857 97.6188
100.857 97.6188
100.857 97.6188
100.857 97.6188
101.116 97.8688
101.374 98.1188
101.374 98.1188
101.632 98.3688
101.89 98.6188
101.89 98.6188
102.148 98.8688
102.148 98.8688
102.406 99.1188
102.406 99.1188
102.665 99.3688
102.665 99.3688
102.923 99.6188
102.923 99.6188
103.181 99.8688
103.439 100.119
103.697 100.369
103.956 100.619
103.956 100.619
104.214 100.869
104.472 101.119
104.472 101.119
104.73 101.369
104.988 101.619
104.988 101.619
104.988 101.619
105.246 101.869
105.505 102.119
105.505 102.119
105.763 102.369
106.021 102.619
106.021 102.619
106.279 102.869
106.537 103.119
106.537 103.119
106.795 103.369
106.795 103.369
107.054 103.619
107.312 103.869
107.57 104.119
107.57 104.119
107.57 104.119
107.828 104.369
107.828 104.369
108.086 104.619
108.086 104.619
108.345 104.869
108.603 105.119
108.603 105.119
108.861 105.369
109.119 105.619
109.119 105.619
109.119 105.619
109.119 105.619
109.119 105.619
109.377 105.869
109.635 106.119
109.894 106.369
109.894 106.369
110.152 106.619
110.152 106.619
110.41 106.869
110.41 106.869
110.668 107.119
110.668 107.119
111.184 107.619
111.184 107.619
111.184 107.619
111.184 107.619
111.443 107.869
111.701 108.119
111.701 108.119
111.959 108.369
112.217 108.619
112.217 108.619
112.217 108.619
112.475 108.869
112.475 108.869
112.734 109.119
112.734 109.119
112.734 109.119
112.992 109.369
112.992 109.369
113.25 109.619
113.25 109.619
113.25 109.619
113.25 109.619
113.25 109.619
113.508 109.869
113.766 110.119
114.024 110.369
114.283 110.619
114.541 110.869
114.799 111.119
114.799 111.119
115.057 111.369
115.315 111.619
115.315 111.619
115.315 111.619
115.315 111.619
115.315 111.619
115.573 111.869
115.832 112.119
116.09 112.369
116.348 112.619
116.348 112.619
116.606 112.869
116.606 112.869
116.864 113.119
116.864 113.119
116.864 113.119
117.122 113.369
117.381 113.619
117.381 113.619
117.381 113.619
117.381 113.619
117.381 113.619
117.639 113.869
117.897 114.119
117.897 114.119
118.155 114.369
118.413 114.619
118.413 114.619
118.413 114.619
118.672 114.869
118.672 114.869
118.672 114.869
118.93 115.119
118.93 115.119
118.93 115.119
119.188 115.369
119.188 115.369
119.188 115.369
119.446 115.619
119.446 115.619
119.446 115.619
119.446 115.619
119.704 115.869
119.962 116.119
120.221 116.369
120.221 116.369
120.479 116.619
120.737 116.869
120.995 117.119
121.253 117.369
121.511 117.619
121.511 117.619
121.511 117.619
121.511 117.619
121.511 117.619
121.511 117.619
121.77 117.869
122.028 118.119
122.028 118.119
122.286 118.369
122.544 118.619
122.544 118.619
122.802 118.869
123.061 119.119
123.061 119.119
123.319 119.369
123.319 119.369
123.577 119.619
123.577 119.619
123.577 119.619
123.577 119.619
123.835 119.869
124.093 120.119
124.093 120.119
124.351 120.369
124.61 120.619
124.868 120.869
125.126 121.119
125.126 121.119
125.384 121.369
125.384 121.369
125.642 121.619
125.642 121.619
125.642 121.619
125.642 121.619
125.642 121.619
125.9 121.869
126.159 122.119
126.417 122.369
126.417 122.369
126.675 122.619
126.675 122.619
126.933 122.869
126.933 122.869
127.191 123.119
127.191 123.119
127.708 123.619
127.708 123.619
127.708 123.619
127.708 123.619
127.708 123.619
127.966 123.869
128.224 124.119
128.224 124.119
128.482 124.369
128.74 124.619
128.74 124.619
128.999 124.869
128.999 124.869
129.257 125.119
129.257 125.119
129.515 125.369
129.773 125.619
129.773 125.619
129.773 125.619
129.773 125.619
129.773 125.619
130.031 125.869
130.289 126.119
130.289 126.119
130.548 126.369
130.806 126.619
130.806 126.619
131.064 126.869
131.322 127.119
131.322 127.119
131.58 127.369
131.838 127.619
131.838 127.619
131.838 127.619
131.838 127.619
132.097 127.869
132.355 128.119
132.355 128.119
132.613 128.369
132.871 128.619
132.871 128.619
133.129 128.869
133.388 129.119
133.388 129.119
133.388 129.119
133.646 129.369
133.904 129.619
133.904 129.619
133.904 129.619
133.904 129.619
133.904 129.619
133.904 129.619
134.162 129.869
134.42 130.119
134.678 130.369
134.678 130.369
134.937 130.619
134.937 130.619
135.195 130.869
135.453 131.119
135.969 131.619
135.969 131.619
135.969 131.619
135.969 131.619
135.969 131.619
135.969 131.619
136.227 131.869
136.486 132.119
136.744 132.369
136.744 132.369
136.744 132.369
136.744 132.369
136.744 132.369
137.002 132.619
137.002 132.619
137.002 132.619
137.002 132.619
137.002 132.619
137.26 132.869
137.26 132.869
137.26 132.869
137.26 132.869
137.26 132.869
137.518 133.119
137.518 133.119
137.518 133.119
137.518 133.119
137.518 133.119
138.035 133.619
138.035 133.619
138.035 133.619
138.035 133.619
138.035 133.619
138.293 133.869
138.551 134.119
138.809 134.369
139.067 134.619
139.067 134.619
139.067 134.619
139.067 134.619
139.584 135.119
139.584 135.119
140.1 135.619
140.1 135.619
140.1 135.619
140.1 135.619
140.616 136.119
140.616 136.119
140.616 136.119
140.616 136.119
141.133 136.619
141.133 136.619
141.133 136.619
141.133 136.619
141.649 137.119
141.649 137.119
141.649 137.119
142.166 137.619
142.166 137.619
142.166 137.619
142.166 137.619
142.166 137.619
142.682 138.119
142.682 138.119
142.682 138.119
142.682 138.119
143.198 138.619
143.198 138.619
143.198 138.619
143.198 138.619
143.715 139.119
143.715 139.119
143.715 139.119
144.231 139.619
144.231 139.619
144.231 139.619
144.231 139.619
144.231 139.619
144.489 139.869
144.747 140.119
145.264 140.619
145.264 140.619
145.264 140.619
145.264 140.619
145.522 140.869
145.78 141.119
146.038 141.369
146.038 141.369
146.038 141.369
146.296 141.619
146.296 141.619
146.296 141.619
146.296 141.619
146.296 141.619
146.554 141.869
146.813 142.119
147.071 142.369
147.071 142.369
147.071 142.369
147.329 142.619
147.329 142.619
147.329 142.619
147.329 142.619
147.587 142.869
147.845 143.119
147.845 143.119
148.362 143.619
148.362 143.619
148.362 143.619
148.362 143.619
148.62 143.869
148.878 144.119
148.878 144.119
148.878 144.119
148.878 144.119
149.136 144.369
149.394 144.619
149.394 144.619
149.394 144.619
149.394 144.619
149.653 144.869
149.911 145.119
149.911 145.119
149.911 145.119
149.911 145.119
150.169 145.369
150.427 145.619
150.427 145.619
150.427 145.619
150.427 145.619
150.685 145.869
150.943 146.119
150.943 146.119
150.943 146.119
151.202 146.369
151.46 146.619
151.46 146.619
151.46 146.619
151.46 146.619
151.718 146.869
151.976 147.119
151.976 147.119
151.976 147.119
152.493 147.619
152.493 147.619
152.493 147.619
152.493 147.619
152.493 147.619
152.751 147.869
153.009 148.119
153.009 148.119
153.009 148.119
153.525 148.619
153.525 148.619
153.525 148.619
153.783 148.869
154.042 149.119
154.042 149.119
154.558 149.619
154.558 149.619
154.558 149.619
154.558 149.619
154.558 149.619
154.816 149.869
155.074 150.119
155.332 150.369
155.591 150.619
155.591 150.619
155.591 150.619
155.591 150.619
156.107 151.119
156.107 151.119
156.623 151.619
156.623 151.619
156.623 151.619
156.623 151.619
157.14 152.119
157.14 152.119
157.14 152.119
157.14 152.119
157.656 152.619
157.656 152.619
157.656 152.619
157.656 152.619
158.172 153.119
158.172 153.119
158.172 153.119
158.689 153.619
158.689 153.619
158.689 153.619
158.689 153.619
158.689 153.619
159.205 154.119
159.205 154.119
159.205 154.119
159.205 154.119
159.721 154.619
159.721 154.619
159.721 154.619
159.721 154.619
160.238 155.119
160.238 155.119
160.238 155.119
160.754 155.619
160.754 155.619
160.754 155.619
160.754 155.619
160.754 155.619
161.012 155.869
161.27 156.119
161.787 156.619
161.787 156.619
161.787 156.619
161.787 156.619
162.045 156.869
162.303 157.119
162.561 157.369
162.561 157.369
162.561 157.369
162.82 157.619
162.82 157.619
162.82 157.619
162.82 157.619
162.82 157.619
162.82 157.619
163.078 157.869
163.336 158.119
163.594 158.369
163.594 158.369
163.594 158.369
163.852 158.619
163.852 158.619
163.852 158.619
163.852 158.619
163.852 158.619
164.11 158.869
164.369 159.119
164.369 159.119
164.369 159.119
164.885 159.619
164.885 159.619
164.885 159.619
164.885 159.619
164.885 159.619
165.143 159.869
165.401 160.119
165.401 160.119
165.401 160.119
165.401 160.119
165.401 160.119
165.659 160.369
165.918 160.619
165.918 160.619
165.918 160.619
165.918 160.619
165.918 160.619
166.176 160.869
166.434 161.119
166.434 161.119
166.434 161.119
166.434 161.119
166.434 161.119
166.692 161.369
166.692 161.369
166.95 161.619
166.95 161.619
166.95 161.619
166.95 161.619
166.95 161.619
167.209 161.869
167.467 162.119
167.467 162.119
167.467 162.119
167.725 162.369
167.725 162.369
167.983 162.619
167.983 162.619
167.983 162.619
167.983 162.619
167.983 162.619
168.241 162.869
168.499 163.119
168.499 163.119
168.499 163.119
168.499 163.119
169.016 163.619
169.016 163.619
169.016 163.619
169.016 163.619
169.016 163.619
169.016 163.619
169.274 163.869
169.532 164.119
169.532 164.119
169.532 164.119
170.048 164.619
170.048 164.619
170.048 164.619
170.048 164.619
173.147 167.619
173.147 167.619
173.147 167.619
173.147 167.619
175.212 169.619
175.212 169.619
175.212 169.619
175.212 169.619
175.212 169.619
177.277 171.619
177.277 171.619
177.277 171.619
177.277 171.619
177.277 171.619
177.277 171.619
179.343 173.619
179.343 173.619
179.343 173.619
179.343 173.619
179.343 173.619
179.343 173.619
183.474 177.619
183.474 177.619
183.732 177.869
183.99 178.119
183.99 178.119
184.248 178.369
184.506 178.619
184.506 178.619
184.764 178.869
184.764 178.869
185.023 179.119
185.023 179.119
185.281 179.369
185.539 179.619
185.539 179.619
185.539 179.619
185.539 179.619
185.797 179.869
186.055 180.119
186.055 180.119
186.572 180.619
186.572 180.619
186.572 180.619
186.572 180.619
186.83 180.869
187.604 181.619
187.604 181.619
187.863 181.869
188.121 182.119
188.379 182.369
188.637 182.619
188.637 182.619
188.637 182.619
188.637 182.619
188.895 182.869
188.895 182.869
189.153 183.119
189.153 183.119
189.412 183.369
189.67 183.619
189.67 183.619
189.67 183.619
189.928 183.869
189.928 183.869
190.186 184.119
190.186 184.119
190.444 184.369
190.444 184.369
190.703 184.619
190.703 184.619
191.735 185.619
191.735 185.619
191.993 185.869
192.252 186.119
192.252 186.119
192.51 186.369
192.768 186.619
192.768 186.619
193.026 186.869
193.026 186.869
193.284 187.119
193.284 187.119
193.801 187.619
193.801 187.619
193.801 187.619
193.801 187.619
194.059 187.869
194.059 187.869
194.317 188.119
194.317 188.119
194.575 188.369
194.575 188.369
194.833 188.619
194.833 188.619
195.091 188.869
195.091 188.869
195.35 189.119
195.35 189.119
195.866 189.619
195.866 189.619
195.866 189.619
195.866 189.619
196.124 189.869
196.382 190.119
196.382 190.119
196.899 190.619
196.899 190.619
196.899 190.619
196.899 190.619
196.899 190.619
197.157 190.869
197.157 190.869
197.415 191.119
197.415 191.119
197.931 191.619
197.931 191.619
198.19 191.869
198.19 191.869
198.448 192.119
198.448 192.119
198.706 192.369
198.706 192.369
198.964 192.619
198.964 192.619
199.222 192.869
199.222 192.869
199.48 193.119
199.997 193.619
199.997 193.619
199.997 193.619
199.997 193.619
200.255 193.869
200.513 194.119
200.513 194.119
200.771 194.369
201.03 194.619
201.03 194.619
201.288 194.869
201.288 194.869
201.546 195.119
201.546 195.119
202.062 195.619
202.062 195.619
202.062 195.619
202.32 195.869
202.32 195.869
202.579 196.119
202.579 196.119
202.837 196.369
202.837 196.369
203.095 196.619
203.095 196.619
203.353 196.869
203.353 196.869
203.611 197.119
203.611 197.119
203.869 197.369
204.128 197.619
204.128 197.619
204.386 197.869
204.644 198.119
204.902 198.369
205.16 198.619
205.16 198.619
205.419 198.869
205.419 198.869
205.677 199.119
205.677 199.119
205.935 199.369
206.193 199.619
206.193 199.619
206.451 199.869
206.451 199.869
206.709 200.119
206.709 200.119
206.968 200.369
206.968 200.369
207.226 200.619
207.226 200.619
207.484 200.869
207.484 200.869
207.742 201.119
207.742 201.119
208 201.369
208.258 201.619
208.258 201.619
208.258 201.619
208.517 201.869
208.775 202.119
208.775 202.119
209.033 202.369
209.291 202.619
209.291 202.619
209.549 202.869
209.549 202.869
209.807 203.119
209.807 203.119
210.324 203.619
210.324 203.619
210.582 203.869
210.84 204.119
211.098 204.369
211.098 204.369
211.357 204.619
211.357 204.619
211.615 204.869
211.615 204.869
211.873 205.119
211.873 205.119
212.131 205.369
212.389 205.619
212.389 205.619
212.389 205.619
212.647 205.869
212.906 206.119
213.164 206.369
213.164 206.369
213.422 206.619
213.422 206.619
213.68 206.869
213.68 206.869
213.938 207.119
213.938 207.119
214.196 207.369
214.455 207.619
214.455 207.619
214.713 207.869
214.971 208.119
215.229 208.369
215.487 208.619
215.746 208.869
216.004 209.119
216.262 209.369
216.52 209.619
216.52 209.619
216.52 209.619
216.52 209.619
216.52 209.619
216.52 209.619
216.52 209.619
216.778 209.869
216.778 209.869
217.036 210.119
217.036 210.119
217.295 210.369
217.295 210.369
217.553 210.619
217.553 210.619
217.811 210.869
217.811 210.869
218.069 211.119
218.069 211.119
218.327 211.369
218.327 211.369
218.585 211.619
218.585 211.619
218.844 211.869
218.844 211.869
219.102 212.119
219.102 212.119
219.36 212.369
219.36 212.369
219.618 212.619
219.618 212.619
219.618 212.619
219.618 212.619
219.876 212.869
219.876 212.869
220.135 213.119
220.135 213.119
220.393 213.369
220.393 213.369
220.651 213.619
220.651 213.619
220.651 213.619
220.909 213.869
220.909 213.869
221.167 214.119
221.167 214.119
221.425 214.369
221.425 214.369
221.684 214.619
221.684 214.619
221.942 214.869
221.942 214.869
222.201 215.119
222.201 215.119
222.201 215.119
222.462 215.369
222.462 215.369
222.722 215.619
222.722 215.619
222.722 215.619
222.722 215.619
222.982 215.869
222.982 215.869
223.243 216.119
223.243 216.119
223.503 216.369
223.503 216.369
223.764 216.619
223.764 216.619
223.764 216.619
223.764 216.619
223.764 216.619
223.764 216.619
223.764 216.619
224.024 216.869
224.024 216.869
224.284 217.119
224.284 217.119
224.284 217.119
224.545 217.369
224.545 217.369
224.805 217.619
224.805 217.619
224.805 217.619
224.805 217.619
224.805 217.619
225.066 217.869
225.325 218.119
225.325 218.119
225.583 218.369
225.841 218.619
225.841 218.619
226.099 218.869
226.099 218.869
226.358 219.119
226.358 219.119
226.616 219.369
226.616 219.369
226.874 219.619
226.874 219.619
227.132 219.869
227.39 220.119
227.649 220.369
227.907 220.619
227.907 220.619
228.165 220.869
228.423 221.119
228.423 221.119
228.681 221.369
228.939 221.619
228.939 221.619
228.939 221.619
229.198 221.869
229.456 222.119
229.456 222.119
229.714 222.369
229.972 222.619
229.972 222.619
230.23 222.869
230.488 223.119
230.488 223.119
230.747 223.369
230.747 223.369
231.005 223.619
231.263 223.869
231.521 224.119
231.521 224.119
231.521 224.119
231.779 224.369
231.779 224.369
232.038 224.619
232.038 224.619
232.296 224.869
232.554 225.119
232.554 225.119
232.812 225.369
233.07 225.619
233.07 225.619
233.07 225.619
233.07 225.619
233.07 225.619
233.328 225.869
233.587 226.119
233.845 226.369
233.845 226.369
234.103 226.619
234.103 226.619
234.361 226.869
234.361 226.869
234.619 227.119
234.619 227.119
235.136 227.619
235.136 227.619
235.136 227.619
235.136 227.619
235.394 227.869
235.652 228.119
235.652 228.119
235.91 228.369
236.168 228.619
236.168 228.619
236.168 228.619
236.426 228.869
236.426 228.869
236.685 229.119
236.685 229.119
236.685 229.119
236.943 229.369
236.943 229.369
237.201 229.619
237.201 229.619
237.201 229.619
237.201 229.619
237.201 229.619
237.459 229.869
237.717 230.119
237.976 230.369
238.234 230.619
238.492 230.869
238.75 231.119
238.75 231.119
239.008 231.369
239.266 231.619
239.266 231.619
239.266 231.619
239.266 231.619
239.266 231.619
239.525 231.869
239.783 232.119
240.041 232.369
240.299 232.619
240.299 232.619
240.557 232.869
240.557 232.869
240.815 233.119
240.815 233.119
240.815 233.119
241.074 233.369
241.332 233.619
241.332 233.619
241.332 233.619
241.332 233.619
241.332 233.619
241.59 233.869
241.848 234.119
241.848 234.119
242.106 234.369
242.365 234.619
242.365 234.619
242.365 234.619
242.623 234.869
242.623 234.869
242.623 234.869
242.881 235.119
242.881 235.119
242.881 235.119
243.139 235.369
243.139 235.369
243.139 235.369
243.397 235.619
243.397 235.619
243.397 235.619
243.397 235.619
243.655 235.869
243.914 236.119
244.172 236.369
244.172 236.369
244.43 236.619
244.688 236.869
244.946 237.119
245.204 237.369
245.463 237.619
245.463 237.619
245.463 237.619
245.463 237.619
245.463 237.619
245.463 237.619
245.721 237.869
245.979 238.119
245.979 238.119
246.237 238.369
246.495 238.619
246.495 238.619
246.754 238.869
247.012 239.119
247.012 239.119
247.27 239.369
247.27 239.369
247.528 239.619
247.528 239.619
247.528 239.619
247.528 239.619
247.786 239.869
248.044 240.119
248.044 240.119
248.303 240.369
248.561 240.619
248.819 240.869
249.077 241.119
249.077 241.119
249.335 241.369
249.335 241.369
249.593 241.619
249.593 241.619
249.593 241.619
249.593 241.619
249.593 241.619
249.852 241.869
250.11 242.119
250.368 242.369
250.368 242.369
250.626 242.619
250.626 242.619
250.884 242.869
250.884 242.869
251.143 243.119
251.143 243.119
251.659 243.619
251.659 243.619
251.659 243.619
251.659 243.619
251.659 243.619
251.917 243.869
252.175 244.119
252.175 244.119
252.433 244.369
252.692 244.619
252.692 244.619
252.95 244.869
252.95 244.869
253.208 245.119
253.208 245.119
253.466 245.369
253.724 245.619
253.724 245.619
253.724 245.619
253.724 245.619
253.724 245.619
253.982 245.869
254.241 246.119
254.241 246.119
254.499 246.369
254.757 246.619
254.757 246.619
255.015 246.869
255.273 247.119
255.273 247.119
255.531 247.369
255.79 247.619
255.79 247.619
255.79 247.619
255.79 247.619
256.048 247.869
256.306 248.119
256.306 248.119
256.564 248.369
256.822 248.619
256.822 248.619
257.081 248.869
257.339 249.119
257.339 249.119
257.339 249.119
257.597 249.369
257.855 249.619
257.855 249.619
257.855 249.619
257.855 249.619
257.855 249.619
257.855 249.619
258.113 249.869
258.371 250.119
258.63 250.369
258.63 250.369
258.888 250.619
258.888 250.619
259.146 250.869
259.404 251.119
259.92 251.619
259.92 251.619
259.92 251.619
259.92 251.619
259.92 251.619
259.92 251.619
260.179 251.869
260.437 252.119
260.695 252.369
260.695 252.369
260.695 252.369
260.695 252.369
260.695 252.369
260.953 252.619
260.953 252.619
260.953 252.619
260.953 252.619
260.953 252.619
261.211 252.869
261.211 252.869
261.211 252.869
261.211 252.869
261.211 252.869
261.47 253.119
261.47 253.119
261.47 253.119
261.47 253.119
261.47 253.119
261.986 253.619
261.986 253.619
261.986 253.619
261.986 253.619
261.986 253.619
262.244 253.869
262.502 254.119
262.502 254.119
262.76 254.369
263.019 254.619
263.019 254.619
263.277 254.869
263.277 254.869
263.535 255.119
263.535 255.119
263.793 255.369
263.793 255.369
264.051 255.619
264.051 255.619
264.309 255.869
264.568 256.119
264.826 256.369
265.084 256.619
265.084 256.619
265.342 256.869
265.6 257.119
265.6 257.119
265.859 257.369
266.117 257.619
266.117 257.619
266.117 257.619
266.375 257.869
266.633 258.119
266.633 258.119
266.891 258.369
267.149 258.619
267.149 258.619
267.408 258.869
267.666 259.119
267.666 259.119
267.924 259.369
267.924 259.369
268.182 259.619
268.44 259.869
268.698 260.119
268.698 260.119
268.698 260.119
268.957 260.369
268.957 260.369
269.215 260.619
269.215 260.619
269.473 260.869
269.731 261.119
269.731 261.119
269.989 261.369
270.247 261.619
270.247 261.619
270.247 261.619
270.247 261.619
270.247 261.619
270.506 261.869
270.764 262.119
271.022 262.369
271.022 262.369
271.28 262.619
271.28 262.619
271.538 262.869
271.538 262.869
271.797 263.119
271.797 263.119
272.313 263.619
272.313 263.619
272.313 263.619
272.313 263.619
272.571 263.869
272.829 264.119
272.829 264.119
273.087 264.369
273.346 264.619
273.346 264.619
273.346 264.619
273.604 264.869
273.604 264.869
273.862 265.119
273.862 265.119
273.862 265.119
274.12 265.369
274.12 265.369
274.378 265.619
274.378 265.619
274.378 265.619
274.378 265.619
274.378 265.619
274.636 265.869
274.895 266.119
275.153 266.369
275.411 266.619
275.669 266.869
275.927 267.119
275.927 267.119
276.186 267.369
276.444 267.619
276.444 267.619
276.444 267.619
276.444 267.619
276.444 267.619
276.702 267.869
276.96 268.119
277.218 268.369
277.476 268.619
277.476 268.619
277.735 268.869
277.735 268.869
277.993 269.119
277.993 269.119
277.993 269.119
278.251 269.369
278.509 269.619
278.509 269.619
278.509 269.619
278.509 269.619
278.509 269.619
278.767 269.869
279.025 270.119
279.025 270.119
279.284 270.369
279.542 270.619
279.542 270.619
279.542 270.619
279.8 270.869
279.8 270.869
279.8 270.869
280.058 271.119
280.058 271.119
280.058 271.119
280.316 271.369
280.316 271.369
280.316 271.369
280.575 271.619
280.575 271.619
280.575 271.619
280.575 271.619
280.833 271.869
281.091 272.119
281.349 272.369
281.349 272.369
281.607 272.619
281.865 272.869
282.124 273.119
282.382 273.369
282.64 273.619
282.64 273.619
282.64 273.619
282.64 273.619
282.64 273.619
282.64 273.619
282.898 273.869
283.156 274.119
283.156 274.119
283.414 274.369
283.673 274.619
283.673 274.619
283.931 274.869
284.189 275.119
284.189 275.119
284.447 275.369
284.447 275.369
284.705 275.619
284.705 275.619
284.705 275.619
284.705 275.619
284.963 275.869
285.222 276.119
285.222 276.119
285.48 276.369
285.738 276.619
285.996 276.869
286.254 277.119
286.254 277.119
286.513 277.369
286.513 277.369
286.771 277.619
286.771 277.619
286.771 277.619
286.771 277.619
286.771 277.619
287.029 277.869
287.287 278.119
287.545 278.369
287.545 278.369
287.803 278.619
287.803 278.619
288.062 278.869
288.062 278.869
288.32 279.119
288.32 279.119
288.836 279.619
288.836 279.619
288.836 279.619
288.836 279.619
288.836 279.619
289.094 279.869
289.352 280.119
289.352 280.119
289.611 280.369
289.869 280.619
289.869 280.619
290.127 280.869
290.127 280.869
290.385 281.119
290.385 281.119
290.643 281.369
290.902 281.619
290.902 281.619
290.902 281.619
290.902 281.619
290.902 281.619
291.16 281.869
291.418 282.119
291.418 282.119
291.676 282.369
291.934 282.619
291.934 282.619
292.192 282.869
292.451 283.119
292.451 283.119
292.709 283.369
292.967 283.619
292.967 283.619
292.967 283.619
292.967 283.619
293.225 283.869
293.483 284.119
293.483 284.119
293.741 284.369
294 284.619
294 284.619
294.258 284.869
294.516 285.119
294.516 285.119
294.516 285.119
295.032 285.619
295.032 285.619
295.032 285.619
295.032 285.619
295.032 285.619
295.032 285.619
295.291 285.869
295.549 286.119
295.807 286.369
296.065 286.619
296.581 287.119
297.098 287.619
297.098 287.619
297.098 287.619
297.098 287.619
297.098 287.619
297.098 287.619
297.356 287.869
297.614 288.119
297.872 288.369
297.872 288.369
297.872 288.369
297.872 288.369
297.872 288.369
298.13 288.619
298.13 288.619
298.13 288.619
298.13 288.619
298.13 288.619
298.13 288.619
298.389 288.869
298.389 288.869
298.389 288.869
298.389 288.869
298.389 288.869
298.647 289.119
298.647 289.119
298.647 289.119
298.647 289.119
298.647 289.119
299.004 289.465
299.056 289.515
299.112 289.569
299.129 289.585
299.163 289.619
299.163 289.619
299.421 289.869
299.679 290.119
299.938 290.369
300.161 290.585
300.196 290.619
300.409 290.825
300.454 290.869
300.665 291.073
300.712 291.119
300.97 291.369
301.192 291.583
301.194 291.585
301.196 291.587
301.229 291.619
301.487 291.869
301.745 292.119
302.003 292.369
302.225 292.583
302.227 292.585
302.227 292.585
302.261 292.619
302.519 292.869
302.778 293.119
303.036 293.369
303.257 293.583
303.26 293.585
303.27 293.596
303.294 293.619
303.552 293.869
303.767 294.077
303.81 294.119
304.068 294.369
304.284 294.577
304.297 294.59
304.327 294.619
304.585 294.869
304.843 295.119
305.101 295.369
305.168 295.433
305.252 295.515
305.31 295.571
305.325 295.585
305.336 295.596
305.359 295.619
305.359 295.619
305.811 296.056
305.876 296.119
306.353 296.581
306.353 296.581
306.36 296.587
306.392 296.619
306.908 297.119
307.311 297.508
307.362 297.558
307.399 297.594
307.425 297.619
307.425 297.619
307.436 297.629
307.683 297.869
307.879 298.058
307.941 298.119
308.199 298.369
308.378 298.542
308.457 298.619
308.716 298.869
308.92 299.067
308.974 299.119
309.232 299.369
309.447 299.577
309.454 299.583
309.49 299.619
309.748 299.869
310.007 300.119
310.265 300.369
310.413 300.512
310.469 300.567
310.491 300.587
310.516 300.613
310.523 300.619
310.523 300.619
310.781 300.869
311.039 301.119
311.297 301.369
311.411 301.479
311.446 301.512
311.536 301.6
311.538 301.602
311.556 301.619
311.556 301.619
311.586 301.648
311.814 301.869
312.01 302.058
312.072 302.119
312.33 302.369
312.575 302.606
312.588 302.619
312.846 302.869
313.027 303.044
313.105 303.119
313.363 303.369
313.584 303.583
313.589 303.587
313.595 303.594
313.621 303.619
313.621 303.619
314.137 304.119
314.649 304.615
314.649 304.615
314.654 304.619
314.656 304.621
315.17 305.119
315.611 305.546
315.665 305.598
315.686 305.619
315.689 305.621
315.738 305.669
316.164 306.081
316.203 306.119
316.67 306.571
316.719 306.619
317.164 307.05
317.235 307.119
317.711 307.579
317.741 307.608
317.752 307.619
318.268 308.119
318.757 308.592
318.759 308.594
318.784 308.619
318.784 308.619
318.83 308.663
319.301 309.119
319.703 309.508
319.763 309.567
319.817 309.619
319.817 309.619
319.817 309.619
319.819 309.621
319.852 309.652
