0.65489 1.00417
0.669836 1.02708
0.743205 1.13958
0.812499 1.24583
0.82201 1.26042
3.36684 5.1625
3.36684 5.1625
3.69293 5.6625
3.69293 5.6625
4.01902 6.1625
4.01902 6.1625
4.3451 6.6625
4.3451 6.6625
5.32336 8.1625
5.64945 8.6625
5.97554 9.1625
5.97554 9.1625
5.97554 9.1625
5.97554 9.1625
5.97554 9.1625
6.30162 9.6625
6.62771 10.1625
6.62771 10.1625
6.95379 10.6625
7.27988 11.1625
7.27988 11.1625
7.27988 11.1625
7.27988 11.1625
7.60597 11.6625
7.93205 12.1625
8.25814 12.6625
8.58423 13.1625
8.58423 13.1625
8.58423 13.1625
8.91031 13.6625
8.91031 13.6625
9.2364 14.1625
9.56249 14.6625
9.56249 14.6625
10.8668 16.6625
11.1929 17.1625
11.1929 17.1625
11.1929 17.1625
11.1929 17.1625
11.519 17.6625
11.8451 18.1625
11.8451 18.1625
11.8451 18.1625
12.1712 18.6625
12.4973 19.1625
12.4973 19.1625
12.4973 19.1625
12.4973 19.1625
12.8234 19.6625
13.1494 20.1625
13.4755 20.6625
13.8016 21.1625
13.8016 21.1625
13.8016 21.1625
13.8016 21.1625
14.1277 21.6625
14.4538 22.1625
14.7799 22.6625
14.7799 22.6625
16.0842 24.6625
16.4103 25.1625
16.4103 25.1625
16.4103 25.1625
16.4103 25.1625
16.7364 25.6625
17.0625 26.1625
17.0625 26.1625
17.3886 26.6625
17.7146 27.1625
17.7146 27.1625
17.7146 27.1625
17.7146 27.1625
18.0407 27.6625
18.3668 28.1625
18.6929 28.6625
18.6929 28.6625
19.019 29.1625
19.019 29.1625
19.019 29.1625
19.3451 29.6625
19.3451 29.6625
19.3451 29.6625
19.6712 30.1625
19.9973 30.6625
19.9973 30.6625
20.9755 32.1625
21.3016 32.6625
21.3016 32.6625
21.6059 33.1292
21.6073 33.1313
21.6127 33.1396
21.6277 33.1625
21.9117 33.5979
21.9769 33.6979
22.2214 34.0729
22.25 34.1167
22.5665 34.6021
22.5706 34.6083
22.7894 34.9438
22.9511 35.1917
23.1508 35.4979
23.3858 35.8583
23.6046 36.1938
23.8233 36.5292
24.0475 36.8729
24.2242 37.1437
24.2296 37.1521
24.2989 37.2583
24.5502 37.6437
24.8614 38.1208
25.1277 38.5292
25.1603 38.5792
25.2241 38.6771
26.1929 40.1625
26.519 40.6625
26.8451 41.1625
26.8451 41.1625
26.8451 41.1625
26.8451 41.1625
27.1712 41.6625
27.4972 42.1625
27.4972 42.1625
27.8233 42.6625
28.1494 43.1625
28.1494 43.1625
28.1494 43.1625
28.1494 43.1625
28.4755 43.6625
28.4755 43.6625
28.8016 44.1625
28.8016 44.1625
29.1277 44.6625
29.1277 44.6625
29.4538 45.1625
29.4538 45.1625
29.4538 45.1625
29.7798 45.6625
29.7798 45.6625
30.1059 46.1625
30.1059 46.1625
30.432 46.6625
30.432 46.6625
30.7581 47.1625
31.7364 48.6625
32.0625 49.1625
32.0625 49.1625
32.0625 49.1625
32.3885 49.6625
32.7146 50.1625
32.7146 50.1625
33.0407 50.6625
33.3668 51.1625
33.3668 51.1625
33.3668 51.1625
33.6929 51.6625
34.019 52.1625
34.019 52.1625
34.6711 53.1625
34.6711 53.1625
34.6711 53.1625
34.9972 53.6625
35.3233 54.1625
35.3519 54.2062
35.6195 54.6167
35.6494 54.6625
35.7812 54.8646
35.9578 55.1354
35.9755 55.1625
36.2649 55.6062
36.5951 56.1125
36.6277 56.1625
36.898 56.5771
36.9538 56.6625
37.2595 57.1313
37.2798 57.1625
37.2798 57.1625
37.2798 57.1625
37.6059 57.6625
37.932 58.1625
37.932 58.1625
38.2581 58.6625
38.2581 58.6625
38.5842 59.1625
38.5842 59.1625
38.5842 59.1625
38.9103 59.6625
38.9103 59.6625
39.2146 60.1292
39.2364 60.1625
39.2364 60.1625
39.5624 60.6625
39.841 61.0896
39.8885 61.1625
39.8885 61.1625
39.8885 61.1625
40.2146 61.6625
40.2146 61.6625
40.5407 62.1625
40.5407 62.1625
40.8668 62.6625
40.8668 62.6625
41.1589 63.1104
41.1698 63.1271
41.1929 63.1625
41.1929 63.1625
42.1711 64.6625
42.4972 65.1625
42.4972 65.1625
42.4972 65.1625
42.8233 65.6625
43.1494 66.1625
43.1494 66.1625
43.8016 67.1625
43.8016 67.1625
43.8016 67.1625
43.8016 67.1625
44.1277 67.6625
44.4537 68.1625
44.4537 68.1625
45.1059 69.1625
45.1059 69.1625
45.1059 69.1625
45.432 69.6625
45.7581 70.1625
46.0842 70.6625
46.4103 71.1625
46.7363 71.6625
47.0624 72.1625
47.0624 72.1625
47.0624 72.1625
47.3885 72.6625
47.7146 73.1625
47.7146 73.1625
47.7146 73.1625
47.7146 73.1625
47.7146 73.1625
47.7146 73.1625
48.0407 73.6625
48.3668 74.1625
48.3668 74.1625
49.019 75.1625
49.019 75.1625
49.019 75.1625
49.019 75.1625
49.019 75.1625
49.019 75.1625
49.345 75.6625
49.345 75.6625
49.6711 76.1625
49.6711 76.1625
49.9972 76.6625
49.9972 76.6625
50.3233 77.1625
50.3233 77.1625
50.3233 77.1625
50.3233 77.1625
50.6494 77.6625
50.9755 78.1625
50.9755 78.1625
51.3016 78.6625
51.3016 78.6625
51.3016 78.6625
51.6276 79.1625
51.6276 79.1625
51.6276 79.1625
51.6276 79.1625
51.6276 79.1625
51.6276 79.1625
51.9537 79.6625
52.2798 80.1625
52.2798 80.1625
52.6059 80.6625
52.6059 80.6625
52.6059 80.6625
52.932 81.1625
52.932 81.1625
52.932 81.1625
52.932 81.1625
52.932 81.1625
52.932 81.1625
53.2581 81.6625
53.5842 82.1625
53.5842 82.1625
54.2363 83.1625
54.2363 83.1625
54.2363 83.1625
54.2363 83.1625
54.2363 83.1625
54.2363 83.1625
54.5624 83.6625
54.8885 84.1625
54.8885 84.1625
55.5407 85.1625
55.5407 85.1625
55.5407 85.1625
55.5407 85.1625
55.8668 85.6625
56.1929 86.1625
56.1929 86.1625
56.5189 86.6625
56.5189 86.6625
56.845 87.1625
56.845 87.1625
56.845 87.1625
57.1711 87.6625
57.4972 88.1625
57.4972 88.1625
57.4972 88.1625
57.8233 88.6625
58.1494 89.1625
58.1494 89.1625
58.1494 89.1625
58.1494 89.1625
58.1494 89.1625
58.1494 89.1625
58.4755 89.6625
58.8015 90.1625
58.8015 90.1625
59.4537 91.1625
59.4537 91.1625
59.4537 91.1625
59.4537 91.1625
59.4537 91.1625
59.4537 91.1625
59.7798 91.6625
59.7798 91.6625
60.1059 92.1625
60.1059 92.1625
60.432 92.6625
60.432 92.6625
60.7581 93.1625
60.7581 93.1625
60.7581 93.1625
60.7581 93.1625
60.7581 93.1625
60.7581 93.1625
61.0842 93.6625
61.4102 94.1625
61.4102 94.1625
61.7363 94.6625
61.7363 94.6625
61.7363 94.6625
61.7363 94.6625
62.0624 95.1625
62.0624 95.1625
62.0624 95.1625
62.0624 95.1625
62.3885 95.6625
62.7146 96.1625
62.7146 96.1625
63.0407 96.6625
63.3668 97.1625
63.3668 97.1625
63.3668 97.1625
63.3668 97.1625
63.3668 97.1625
63.6928 97.6625
64.0189 98.1625
64.345 98.6625
64.345 98.6625
64.6711 99.1625
64.6711 99.1625
64.9972 99.6625
64.9972 99.6625
64.9972 99.6625
64.9972 99.6625
65.3233 100.163
65.3233 100.163
65.6494 100.662
65.6494 100.662
65.6494 100.662
65.9755 101.162
65.9755 101.162
65.9755 101.162
65.9755 101.162
66.3015 101.662
66.6276 102.162
66.9537 102.662
66.9537 102.662
67.2798 103.163
67.2798 103.163
67.2798 103.163
67.2798 103.163
67.6059 103.662
67.6059 103.662
67.932 104.162
67.932 104.162
68.2581 104.662
68.5841 105.162
68.5841 105.162
68.5841 105.162
68.5841 105.162
68.5841 105.162
68.5841 105.162
68.9102 105.662
69.2363 106.163
69.2363 106.163
69.2363 106.163
69.2363 106.163
69.5624 106.662
69.5624 106.662
69.8885 107.162
69.8885 107.162
69.8885 107.162
70.2146 107.662
70.2146 107.662
70.5407 108.162
70.5407 108.162
70.5407 108.162
70.5407 108.162
70.5407 108.162
70.8667 108.662
70.8667 108.662
71.1928 109.163
71.1928 109.163
71.1928 109.163
71.1928 109.163
71.1928 109.163
71.5189 109.662
71.845 110.162
72.1711 110.662
72.1711 110.662
72.4972 111.162
72.4972 111.162
72.4972 111.162
72.4972 111.162
72.8233 111.662
72.8233 111.662
72.8233 111.662
73.1494 112.163
73.1494 112.163
73.1494 112.163
73.4754 112.662
73.4754 112.662
73.8015 113.162
73.8015 113.162
73.8015 113.162
73.8015 113.162
73.8015 113.162
74.1276 113.662
74.1276 113.662
74.4537 114.162
74.4537 114.162
74.4537 114.162
74.4537 114.162
74.7798 114.662
74.7798 114.662
75.1059 115.163
75.1059 115.163
75.1059 115.163
75.1059 115.163
75.432 115.662
75.432 115.662
75.758 116.162
75.758 116.162
75.758 116.162
75.758 116.162
76.0841 116.662
76.0841 116.662
76.4102 117.162
76.4102 117.162
76.4102 117.162
76.4102 117.162
76.4102 117.162
76.7363 117.662
76.7363 117.662
77.0624 118.163
77.0624 118.163
77.3885 118.662
77.3885 118.662
77.3885 118.662
77.7146 119.162
77.7146 119.162
77.7146 119.162
77.7146 119.162
77.7146 119.162
77.7146 119.162
78.0407 119.662
78.0407 119.662
78.3667 120.162
78.3667 120.162
78.3667 120.162
78.6928 120.662
78.6928 120.662
78.6928 120.662
79.0189 121.163
79.0189 121.163
79.0189 121.163
79.0189 121.163
79.0189 121.163
79.345 121.662
79.345 121.662
79.6711 122.162
79.6711 122.162
79.9972 122.662
79.9972 122.662
80.3233 123.162
80.3233 123.162
80.3233 123.162
80.6493 123.662
80.6493 123.662
80.9754 124.163
80.9754 124.163
80.9754 124.163
81.3015 124.662
81.3015 124.662
81.6276 125.162
81.6276 125.162
81.6276 125.162
81.6276 125.162
81.6276 125.162
81.9537 125.662
81.9537 125.662
82.2798 126.162
82.2798 126.162
82.6059 126.662
82.6059 126.662
82.9319 127.163
82.9319 127.163
82.9319 127.163
82.9319 127.163
83.258 127.662
83.258 127.662
83.258 127.662
83.5841 128.162
83.5841 128.162
83.9102 128.662
83.9102 128.662
84.2363 129.162
84.2363 129.162
84.2363 129.162
84.2363 129.162
84.2363 129.162
84.2363 129.162
84.5624 129.662
84.8885 130.162
85.2146 130.662
85.2146 130.662
85.5406 131.162
85.5406 131.162
85.5406 131.162
85.8667 131.662
86.1928 132.162
86.1928 132.162
86.1928 132.162
86.1928 132.162
86.5189 132.662
86.845 133.162
86.845 133.162
86.845 133.162
86.845 133.162
86.845 133.162
87.1711 133.662
87.4972 134.162
87.4972 134.162
87.4972 134.162
87.8232 134.662
87.8232 134.662
88.1493 135.162
88.1493 135.162
88.1493 135.162
88.1493 135.162
88.1493 135.162
88.1493 135.162
88.1493 135.162
88.4754 135.662
88.4754 135.662
88.4754 135.662
88.8015 136.162
88.8015 136.162
88.8015 136.162
88.8015 136.162
89.1276 136.662
89.1276 136.662
89.1276 136.662
89.4537 137.162
89.4537 137.162
89.4537 137.162
89.4537 137.162
89.4537 137.162
89.4537 137.162
89.7798 137.662
90.1059 138.162
90.1059 138.162
90.1059 138.162
90.1059 138.162
90.4319 138.662
90.4319 138.662
90.758 139.162
90.758 139.162
90.758 139.162
91.0841 139.662
91.0841 139.662
91.4102 140.162
91.4102 140.162
91.4102 140.162
91.4102 140.162
91.7363 140.662
91.7363 140.662
92.0624 141.162
92.0624 141.162
92.0624 141.162
92.0624 141.162
92.0624 141.162
92.3885 141.662
92.7145 142.162
92.7145 142.162
93.0406 142.662
93.0406 142.662
93.3667 143.162
93.3667 143.162
93.3667 143.162
93.3667 143.162
93.6928 143.662
93.6928 143.662
93.6928 143.662
94.0189 144.162
94.0189 144.162
94.0189 144.162
94.345 144.662
94.345 144.662
94.6711 145.162
94.6711 145.162
94.6711 145.162
94.6711 145.162
94.6711 145.162
94.6711 145.162
94.9971 145.662
94.9971 145.662
95.3232 146.162
95.3232 146.162
95.3232 146.162
95.3232 146.162
95.6493 146.662
95.6493 146.662
95.6493 146.662
95.9754 147.162
95.9754 147.162
95.9754 147.162
95.9754 147.162
95.9754 147.162
96.3015 147.662
96.3015 147.662
96.6276 148.162
96.6276 148.162
96.6276 148.162
96.9537 148.662
96.9537 148.662
97.2798 149.162
97.2798 149.162
97.2798 149.162
97.2798 149.162
97.2798 149.162
97.6058 149.662
97.6058 149.662
97.9319 150.162
97.9319 150.162
98.258 150.662
98.258 150.662
98.5841 151.162
98.5841 151.162
98.5841 151.162
98.5841 151.162
98.5841 151.162
98.9102 151.662
98.9102 151.662
98.9102 151.662
99.2363 152.162
99.2363 152.162
99.2363 152.162
99.5624 152.662
99.5624 152.662
99.5624 152.662
99.8884 153.162
99.8884 153.162
99.8884 153.162
99.8884 153.162
99.8884 153.162
100.215 153.662
100.215 153.662
100.541 154.162
100.541 154.162
100.867 154.662
100.867 154.662
101.193 155.162
101.193 155.162
101.193 155.162
101.519 155.662
101.519 155.662
101.845 156.162
101.845 156.162
101.845 156.162
101.845 156.162
101.845 156.162
102.171 156.662
102.171 156.662
102.497 157.162
102.497 157.162
102.497 157.162
102.497 157.162
102.823 157.662
102.823 157.662
103.149 158.162
103.149 158.162
103.475 158.662
103.475 158.662
103.801 159.162
103.801 159.162
103.801 159.162
104.128 159.662
104.128 159.662
104.454 160.162
104.454 160.162
104.78 160.662
104.78 160.662
105.106 161.162
105.106 161.162
105.106 161.162
105.106 161.162
105.106 161.162
105.432 161.662
105.758 162.162
105.758 162.162
106.084 162.662
106.084 162.662
106.41 163.162
106.41 163.162
106.41 163.162
106.41 163.162
106.736 163.662
107.062 164.162
107.062 164.162
107.388 164.662
107.715 165.162
107.715 165.162
107.715 165.162
107.715 165.162
107.715 165.162
108.041 165.662
108.367 166.162
108.367 166.162
108.367 166.162
108.693 166.662
108.693 166.662
109.019 167.162
109.019 167.162
109.019 167.162
109.019 167.162
109.019 167.162
109.019 167.162
109.019 167.162
109.345 167.662
109.671 168.162
109.671 168.162
109.997 168.662
110.223 169.008
110.258 169.062
110.278 169.094
110.3 169.127
112.28 172.162
112.606 172.662
112.932 173.162
112.932 173.162
112.932 173.162
112.932 173.162
113.258 173.662
113.584 174.162
113.584 174.162
113.91 174.662
114.236 175.162
114.236 175.162
114.236 175.162
114.236 175.162
114.562 175.662
114.562 175.662
114.888 176.162
114.888 176.162
115.215 176.662
115.215 176.662
115.541 177.162
115.541 177.162
115.541 177.162
115.867 177.662
115.867 177.662
116.193 178.162
116.193 178.162
116.519 178.662
116.519 178.662
116.845 179.162
117.823 180.662
118.149 181.162
118.149 181.162
118.149 181.162
118.475 181.662
118.801 182.162
118.801 182.162
119.128 182.662
119.454 183.162
119.454 183.162
119.454 183.162
119.78 183.662
120.106 184.162
120.106 184.162
120.758 185.162
120.758 185.162
120.758 185.162
121.084 185.662
121.41 186.162
121.439 186.206
121.706 186.617
121.736 186.662
121.868 186.865
122.045 187.135
122.062 187.162
122.352 187.606
122.682 188.113
122.715 188.162
122.985 188.577
123.041 188.662
123.346 189.131
123.367 189.162
123.367 189.162
123.367 189.162
123.693 189.662
124.019 190.162
124.019 190.162
124.345 190.662
124.345 190.662
124.671 191.162
124.671 191.162
124.671 191.162
124.997 191.662
124.997 191.662
125.301 192.129
125.323 192.162
125.323 192.162
125.649 192.662
125.928 193.09
125.975 193.162
125.975 193.162
125.975 193.162
126.301 193.662
126.301 193.662
126.628 194.162
126.628 194.162
126.954 194.662
126.954 194.662
127.246 195.11
127.257 195.127
127.28 195.162
127.28 195.162
128.258 196.662
128.584 197.162
128.584 197.162
128.584 197.162
128.91 197.662
129.236 198.162
129.236 198.162
129.888 199.162
129.888 199.162
129.888 199.162
129.888 199.162
130.214 199.662
130.541 200.163
130.541 200.163
131.193 201.162
131.193 201.162
131.193 201.162
131.519 201.662
131.845 202.162
132.171 202.662
132.497 203.162
132.823 203.662
133.149 204.162
133.149 204.162
133.801 205.162
133.801 205.162
133.801 205.162
134.128 205.662
134.454 206.163
134.454 206.163
134.454 206.163
134.454 206.163
134.78 206.663
134.78 206.663
135.106 207.162
135.106 207.162
135.106 207.162
135.106 207.162
135.432 207.662
135.758 208.162
135.758 208.162
135.758 208.162
135.758 208.162
136.084 208.662
136.41 209.162
136.41 209.162
136.41 209.162
136.41 209.162
136.736 209.662
137.062 210.162
137.062 210.162
137.388 210.662
137.714 211.162
137.714 211.162
137.714 211.162
138.041 211.662
138.367 212.163
138.367 212.163
138.367 212.163
138.693 212.663
138.693 212.663
139.019 213.162
139.019 213.162
139.019 213.162
139.019 213.162
139.345 213.662
139.671 214.162
139.671 214.162
139.671 214.162
140.323 215.162
140.323 215.162
140.323 215.162
140.323 215.162
140.649 215.662
140.975 216.162
140.975 216.162
140.975 216.162
140.975 216.162
141.301 216.662
141.628 217.162
141.628 217.162
141.628 217.162
141.628 217.162
141.954 217.662
142.28 218.163
142.28 218.163
142.606 218.663
142.606 218.663
142.769 218.912
142.932 219.162
142.932 219.162
142.932 219.162
143.258 219.662
143.258 219.662
143.584 220.162
143.584 220.162
143.584 220.162
143.91 220.662
144.236 221.162
144.236 221.162
144.236 221.162
144.236 221.162
144.562 221.662
144.888 222.162
144.888 222.162
145.214 222.662
145.214 222.662
145.541 223.162
145.541 223.162
145.541 223.162
145.541 223.162
145.867 223.662
146.193 224.163
146.193 224.163
146.193 224.163
146.193 224.163
146.519 224.663
146.845 225.162
146.845 225.162
146.845 225.162
146.845 225.162
146.845 225.162
147.171 225.662
147.497 226.162
147.497 226.162
147.823 226.662
148.149 227.162
148.149 227.162
148.475 227.662
148.801 228.162
148.801 228.162
149.128 228.662
149.128 228.662
149.291 228.912
149.454 229.162
149.454 229.162
149.454 229.162
149.454 229.162
149.78 229.662
150.106 230.163
150.106 230.163
150.106 230.163
150.106 230.163
150.432 230.663
150.432 230.663
150.758 231.162
150.758 231.162
150.758 231.162
150.758 231.162
150.758 231.162
151.084 231.662
151.41 232.162
151.41 232.162
151.41 232.162
151.736 232.662
152.062 233.162
152.062 233.162
152.062 233.162
152.062 233.162
152.388 233.662
152.714 234.162
152.714 234.162
153.041 234.662
153.367 235.162
153.367 235.162
153.693 235.662
153.693 235.662
154.019 236.163
154.019 236.163
154.019 236.163
154.019 236.163
154.345 236.663
154.345 236.663
154.671 237.162
154.671 237.162
154.671 237.162
154.671 237.162
154.671 237.162
154.671 237.162
154.997 237.662
155.323 238.162
155.323 238.162
155.975 239.162
155.975 239.162
155.975 239.162
155.975 239.162
155.975 239.162
155.975 239.162
156.301 239.662
156.301 239.662
156.627 240.162
156.627 240.162
156.954 240.662
156.954 240.662
157.28 241.162
157.28 241.162
157.28 241.162
157.28 241.162
157.606 241.662
157.932 242.163
157.932 242.163
158.258 242.663
158.258 242.663
158.258 242.663
158.584 243.162
158.584 243.162
158.584 243.162
158.584 243.162
158.584 243.162
158.584 243.162
158.91 243.662
159.236 244.162
159.236 244.162
159.562 244.662
159.562 244.662
159.562 244.662
159.888 245.162
159.888 245.162
159.888 245.162
159.888 245.162
159.888 245.162
159.888 245.162
160.214 245.662
160.541 246.162
160.541 246.162
161.193 247.162
161.193 247.162
161.193 247.162
161.193 247.162
161.193 247.162
161.193 247.162
161.519 247.662
161.845 248.163
161.845 248.163
162.497 249.162
162.497 249.162
162.497 249.162
162.497 249.162
162.823 249.662
163.149 250.162
163.149 250.162
163.475 250.662
163.475 250.662
163.801 251.162
163.801 251.162
163.801 251.162
164.127 251.662
164.454 252.162
164.454 252.162
164.454 252.162
164.78 252.662
165.106 253.162
165.106 253.162
165.106 253.162
165.106 253.162
165.106 253.162
165.106 253.162
165.432 253.662
165.758 254.163
165.758 254.163
166.41 255.163
166.41 255.163
166.41 255.163
166.41 255.163
166.41 255.163
166.41 255.163
166.736 255.662
166.736 255.662
167.062 256.163
167.062 256.163
167.388 256.663
167.388 256.663
167.714 257.163
167.714 257.163
167.714 257.163
167.714 257.163
167.714 257.163
167.714 257.163
168.041 257.663
168.367 258.163
168.367 258.163
168.693 258.663
168.693 258.663
168.693 258.663
168.693 258.663
169.019 259.163
169.019 259.163
169.019 259.163
169.019 259.163
169.345 259.663
169.671 260.163
169.671 260.163
169.997 260.663
170.323 261.163
170.323 261.163
170.323 261.163
170.323 261.163
170.323 261.163
170.649 261.663
170.975 262.163
171.301 262.663
171.301 262.663
171.627 263.163
171.627 263.163
171.954 263.663
171.954 263.663
171.954 263.663
171.954 263.663
172.28 264.163
172.28 264.163
172.606 264.663
172.606 264.663
172.606 264.663
172.932 265.163
172.932 265.163
172.932 265.163
172.932 265.163
173.258 265.663
173.584 266.163
173.91 266.663
173.91 266.663
174.236 267.163
174.236 267.163
174.236 267.163
174.236 267.163
174.562 267.663
174.562 267.663
174.888 268.163
174.888 268.163
175.214 268.663
175.541 269.163
175.541 269.163
175.541 269.163
175.541 269.163
175.541 269.163
175.541 269.163
175.867 269.663
176.193 270.163
176.193 270.163
176.193 270.163
176.193 270.163
176.519 270.663
176.519 270.663
176.845 271.163
176.845 271.163
176.845 271.163
177.171 271.663
177.171 271.663
177.497 272.163
177.497 272.163
177.497 272.163
177.497 272.163
177.497 272.163
177.823 272.663
177.823 272.663
178.149 273.163
178.149 273.163
178.149 273.163
178.149 273.163
178.149 273.163
178.475 273.663
178.801 274.163
179.127 274.663
179.127 274.663
179.454 275.163
179.454 275.163
179.454 275.163
179.454 275.163
179.78 275.663
179.78 275.663
179.78 275.663
180.106 276.163
180.106 276.163
180.106 276.163
180.432 276.663
180.432 276.663
180.758 277.163
180.758 277.163
180.758 277.163
180.758 277.163
180.758 277.163
181.084 277.663
181.084 277.663
181.41 278.163
181.41 278.163
181.41 278.163
181.41 278.163
181.736 278.663
181.736 278.663
182.062 279.163
182.062 279.163
182.062 279.163
182.062 279.163
182.388 279.663
182.388 279.663
182.714 280.163
182.714 280.163
182.714 280.163
182.714 280.163
183.041 280.663
183.041 280.663
183.367 281.163
183.367 281.163
183.367 281.163
183.367 281.163
183.367 281.163
183.693 281.663
183.693 281.663
184.019 282.163
184.019 282.163
184.345 282.663
184.345 282.663
184.345 282.663
184.671 283.163
184.671 283.163
184.671 283.163
184.671 283.163
184.671 283.163
184.671 283.163
184.997 283.663
184.997 283.663
185.323 284.163
185.323 284.163
185.323 284.163
185.649 284.663
185.649 284.663
185.649 284.663
185.975 285.163
185.975 285.163
185.975 285.163
185.975 285.163
185.975 285.163
186.301 285.663
186.301 285.663
186.627 286.163
186.627 286.163
186.954 286.663
186.954 286.663
187.28 287.163
187.28 287.163
187.28 287.163
187.606 287.663
187.606 287.663
187.932 288.163
187.932 288.163
187.932 288.163
188.258 288.663
188.258 288.663
188.584 289.163
188.584 289.163
188.584 289.163
188.584 289.163
188.584 289.163
188.91 289.663
188.91 289.663
189.236 290.163
189.236 290.163
189.562 290.663
189.562 290.663
189.888 291.163
189.888 291.163
189.888 291.163
189.888 291.163
190.214 291.663
190.214 291.663
190.214 291.663
190.54 292.163
190.54 292.163
190.867 292.663
190.867 292.663
191.193 293.163
191.193 293.163
191.193 293.163
191.193 293.163
191.193 293.163
191.193 293.163
191.519 293.663
191.845 294.163
192.171 294.663
192.171 294.663
192.497 295.163
192.497 295.163
192.497 295.163
192.823 295.663
193.149 296.163
193.149 296.163
193.149 296.163
193.149 296.163
193.475 296.663
193.801 297.163
193.801 297.163
193.801 297.163
193.801 297.163
193.801 297.163
194.127 297.663
194.454 298.163
194.454 298.163
194.454 298.163
194.78 298.663
194.78 298.663
195.106 299.163
195.106 299.163
195.106 299.163
195.106 299.163
195.106 299.163
195.106 299.163
195.106 299.163
195.432 299.663
195.432 299.663
195.432 299.663
195.758 300.163
195.758 300.163
195.758 300.163
195.758 300.163
196.084 300.663
196.084 300.663
196.084 300.663
196.41 301.163
196.41 301.163
196.41 301.163
196.41 301.163
196.41 301.163
196.41 301.163
196.736 301.663
197.062 302.163
197.062 302.163
197.062 302.163
197.062 302.163
197.388 302.663
197.388 302.663
197.714 303.163
197.714 303.163
197.714 303.163
198.04 303.663
198.04 303.663
198.367 304.163
198.367 304.163
198.367 304.163
198.367 304.163
198.693 304.663
198.693 304.663
199.019 305.163
199.019 305.163
199.019 305.163
199.019 305.163
199.019 305.163
199.345 305.663
199.671 306.163
199.671 306.163
199.997 306.663
199.997 306.663
200.323 307.163
200.323 307.163
200.323 307.163
200.323 307.163
200.649 307.663
200.649 307.663
200.649 307.663
200.975 308.163
200.975 308.163
200.975 308.163
201.301 308.663
201.301 308.663
201.627 309.163
201.627 309.163
201.627 309.163
201.627 309.163
201.627 309.163
201.627 309.163
201.954 309.663
201.954 309.663
202.28 310.163
202.28 310.163
202.28 310.163
202.28 310.163
202.606 310.663
202.606 310.663
202.606 310.663
202.932 311.163
202.932 311.163
202.932 311.163
202.932 311.163
202.932 311.163
203.258 311.663
203.258 311.663
203.584 312.163
203.584 312.163
203.584 312.163
203.91 312.663
203.91 312.663
204.236 313.163
204.236 313.163
204.236 313.163
204.236 313.163
204.236 313.163
204.562 313.663
204.562 313.663
204.888 314.163
204.888 314.163
205.214 314.663
205.214 314.663
205.54 315.163
205.54 315.163
205.54 315.163
205.54 315.163
205.54 315.163
205.867 315.663
205.867 315.663
205.867 315.663
206.193 316.163
206.193 316.163
206.193 316.163
206.519 316.663
206.519 316.663
206.519 316.663
206.845 317.163
206.845 317.163
206.845 317.163
206.845 317.163
206.845 317.163
207.171 317.663
207.171 317.663
207.497 318.163
207.497 318.163
207.823 318.663
207.823 318.663
208.149 319.163
208.149 319.163
208.149 319.163
208.475 319.663
208.475 319.663
208.801 320.163
208.801 320.163
208.801 320.163
208.801 320.163
208.801 320.163
209.127 320.663
209.127 320.663
209.454 321.163
209.454 321.163
209.454 321.163
209.454 321.163
209.78 321.663
209.78 321.663
210.106 322.163
210.106 322.163
210.432 322.663
210.432 322.663
210.758 323.163
210.758 323.163
210.758 323.163
211.084 323.663
211.084 323.663
211.41 324.163
211.41 324.163
211.736 324.663
211.736 324.663
212.062 325.163
212.062 325.163
212.062 325.163
212.062 325.163
212.062 325.163
212.388 325.663
212.714 326.163
212.714 326.163
213.04 326.663
213.04 326.663
213.367 327.163
213.367 327.163
213.367 327.163
213.367 327.163
213.693 327.663
214.019 328.163
214.019 328.163
214.345 328.663
214.671 329.163
214.671 329.163
214.671 329.163
214.671 329.163
214.671 329.163
214.997 329.663
215.323 330.163
215.323 330.163
215.323 330.163
215.649 330.663
215.649 330.663
215.975 331.163
215.975 331.163
215.975 331.163
215.975 331.163
215.975 331.163
215.975 331.163
215.975 331.163
216.301 331.663
216.627 332.163
216.627 332.163
216.954 332.663
217.179 333.008
217.214 333.062
217.235 333.094
217.256 333.127
219.236 336.163
219.562 336.663
219.888 337.163
219.888 337.163
219.888 337.163
219.888 337.163
220.214 337.663
220.54 338.163
220.54 338.163
220.867 338.663
221.193 339.163
221.193 339.163
221.193 339.163
221.193 339.163
221.519 339.663
221.519 339.663
221.845 340.163
221.845 340.163
222.171 340.663
222.171 340.663
222.497 341.163
222.497 341.163
222.497 341.163
222.823 341.663
222.823 341.663
223.149 342.163
223.149 342.163
223.475 342.663
223.475 342.663
223.801 343.163
224.78 344.663
225.106 345.163
225.106 345.163
225.106 345.163
225.432 345.663
225.758 346.163
225.758 346.163
226.084 346.663
226.41 347.163
226.41 347.163
226.41 347.163
226.736 347.663
227.062 348.163
227.062 348.163
227.714 349.163
227.714 349.163
227.714 349.163
228.04 349.663
228.367 350.163
228.395 350.206
228.663 350.617
228.693 350.663
228.824 350.865
229.001 351.135
229.019 351.163
229.308 351.606
229.638 352.113
229.671 352.163
229.941 352.577
229.997 352.663
230.303 353.131
230.323 353.163
230.323 353.163
230.323 353.163
230.649 353.663
230.975 354.163
230.975 354.163
231.301 354.663
231.301 354.663
231.627 355.163
231.627 355.163
231.627 355.163
231.953 355.663
231.953 355.663
232.258 356.129
232.28 356.163
232.28 356.163
232.606 356.663
232.884 357.09
232.932 357.163
232.932 357.163
232.932 357.163
233.258 357.663
233.258 357.663
233.584 358.163
233.584 358.163
233.91 358.663
233.91 358.663
234.202 359.11
234.213 359.127
234.236 359.163
234.236 359.163
235.214 360.663
235.54 361.163
235.54 361.163
235.54 361.163
235.867 361.663
236.193 362.163
236.193 362.163
236.845 363.163
236.845 363.163
236.845 363.163
236.845 363.163
237.171 363.663
237.497 364.163
237.497 364.163
238.121 365.119
238.122 365.121
238.123 365.123
238.149 365.163
238.479 365.669
238.799 366.158
239.167 366.723
239.535 367.288
240.43 368.66
240.853 369.308
241.035 369.587
241.217 369.867
241.261 369.933
241.349 370.069
241.464 370.246
241.697 370.602
242.611 372.004
242.717 372.167
243.015 372.623
243.384 373.19
244.222 374.475
245.342 376.192
245.985 377.177
245.99 377.185
246.29 377.646
246.346 377.731
246.627 378.163
246.652 378.2
246.971 378.69
247.275 379.156
248.013 380.288
248.729 381.385
248.733 381.392
249.047 381.873
249.368 382.365
249.735 382.927
250.289 383.777
250.903 384.719
251.106 385.029
251.208 385.185
251.271 385.283
251.387 385.46
253.486 388.679
253.82 389.192
254.099 389.619
254.365 390.027
254.636 390.442
254.907 390.858
255.237 391.365
255.665 392.021
256.962 394.008
257.174 394.333
257.241 394.438
257.331 394.575
257.399 394.679
