1.72746 1.75625
1.97336 2.00625
2.21926 2.25625
2.21926 2.25625
2.71106 2.75625
2.95696 3.00625
3.20286 3.25625
3.20286 3.25625
3.44877 3.50625
3.69467 3.75625
3.69467 3.75625
3.94057 4.00625
4.18647 4.25625
4.18647 4.25625
4.67827 4.75625
5.17007 5.25625
5.66188 5.75625
5.66188 5.75625
5.90778 6.00625
6.15368 6.25625
6.15368 6.25625
6.15368 6.25625
6.64548 6.75625
6.89138 7.00625
7.13728 7.25625
7.13728 7.25625
7.13728 7.25625
7.13728 7.25625
7.38319 7.50625
7.62909 7.75625
7.62909 7.75625
7.87499 8.00625
8.12089 8.25625
8.12089 8.25625
8.12089 8.25625
8.12089 8.25625
8.61269 8.75625
9.10449 9.25625
9.5963 9.75625
9.5963 9.75625
9.8422 10.0062
10.0881 10.2562
10.0881 10.2562
10.0881 10.2562
10.5799 10.7562
10.8258 11.0062
11.0717 11.2562
11.0717 11.2562
11.3176 11.5063
11.5635 11.7562
11.5635 11.7562
11.8094 12.0062
12.0553 12.2562
12.0553 12.2562
12.0553 12.2562
12.0553 12.2562
12.5471 12.7562
12.793 13.0062
13.0389 13.2562
13.0389 13.2562
13.0389 13.2562
13.2848 13.5062
13.5307 13.7562
13.5307 13.7562
14.0225 14.2562
14.0225 14.2562
14.0225 14.2562
14.0225 14.2562
14.5143 14.7562
14.7602 15.0062
15.0061 15.2562
15.0061 15.2562
15.0061 15.2562
15.0061 15.2562
15.252 15.5062
15.4979 15.7562
15.9897 16.2563
15.9897 16.2563
15.9897 16.2563
15.9897 16.2563
16.4815 16.7563
16.9733 17.2563
17.4651 17.7563
17.9569 18.2563
17.9569 18.2563
17.9569 18.2563
19.9241 20.2563
19.9241 20.2563
19.9241 20.2563
20.1701 20.5063
20.416 20.7563
20.6619 21.0063
20.9078 21.2563
20.9078 21.2563
21.1537 21.5063
21.3996 21.7563
21.3996 21.7563
21.8914 22.2563
21.8914 22.2563
21.8914 22.2563
22.3832 22.7563
22.875 23.2563
23.3668 23.7563
23.8586 24.2563
23.8586 24.2563
23.8586 24.2563
24.1045 24.5063
24.3504 24.7563
24.5963 25.0063
24.8422 25.2563
25.0881 25.5063
25.334 25.7563
25.334 25.7563
25.8258 26.2563
25.8258 26.2563
25.8258 26.2563
25.8258 26.2563
26.3176 26.7563
26.8094 27.2563
26.8094 27.2563
27.3012 27.7563
27.793 28.2563
27.793 28.2563
27.793 28.2563
28.0389 28.5063
28.2848 28.7563
28.5307 29.0063
28.7766 29.2563
28.7766 29.2563
29.2684 29.7563
29.7602 30.2563
29.7602 30.2563
29.7602 30.2563
29.7602 30.2563
30.0061 30.5063
30.252 30.7563
30.4979 31.0063
30.7438 31.2563
30.7438 31.2563
31.2356 31.7563
31.7274 32.2563
31.7274 32.2563
31.7274 32.2563
31.7274 32.2563
31.9733 32.5063
32.2192 32.7563
32.4651 33.0063
32.711 33.2563
32.711 33.2563
32.9569 33.5063
33.2028 33.7563
33.2028 33.7563
33.6946 34.2563
33.6946 34.2563
33.6946 34.2563
33.6946 34.2563
34.1864 34.7563
34.4323 35.0063
34.6782 35.2563
34.6782 35.2563
34.6782 35.2563
34.9241 35.5063
35.17 35.7563
35.4159 36.0063
35.6618 36.2563
35.6618 36.2563
35.6618 36.2563
35.6618 36.2563
35.6618 36.2563
35.9077 36.5063
36.1536 36.7563
36.3995 37.0063
36.6454 37.2563
36.6454 37.2563
36.6454 37.2563
36.8913 37.5063
37.1372 37.7563
37.1372 37.7563
37.629 38.2563
37.629 38.2563
37.629 38.2563
38.1208 38.7563
38.6126 39.2563
39.1044 39.7563
39.5962 40.2563
39.5962 40.2563
39.5962 40.2563
39.5962 40.2563
39.8422 40.5063
40.0881 40.7563
40.334 41.0063
40.5799 41.2563
40.5799 41.2563
40.8258 41.5063
41.0717 41.7563
41.0717 41.7563
41.5635 42.2563
41.5635 42.2563
41.5635 42.2563
41.5635 42.2563
42.0553 42.7563
42.5471 43.2563
43.0389 43.7563
43.5307 44.2563
43.5307 44.2563
43.5307 44.2563
43.5307 44.2563
43.7766 44.5063
44.0225 44.7563
44.2684 45.0063
44.5143 45.2563
44.5143 45.2563
44.5143 45.2563
44.7602 45.5063
45.0061 45.7563
45.4979 46.2563
45.4979 46.2563
45.4979 46.2563
45.4979 46.2563
45.7438 46.5063
45.9897 46.7563
46.2356 47.0063
46.4815 47.2563
46.4815 47.2563
46.4815 47.2563
46.7274 47.5063
46.9733 47.7563
47.4651 48.2563
47.4651 48.2563
47.4651 48.2563
47.4651 48.2563
47.9569 48.7563
47.9569 48.7563
48.2028 49.0063
48.4487 49.2563
48.4487 49.2563
48.4487 49.2563
48.4487 49.2563
48.6946 49.5063
48.9405 49.7563
48.9405 49.7563
49.4323 50.2563
49.4323 50.2563
49.4323 50.2563
49.4323 50.2563
49.9241 50.7563
50.4159 51.2563
50.4159 51.2563
50.4159 51.2563
50.4159 51.2563
50.4159 51.2563
50.6618 51.5063
50.9077 51.7563
50.9077 51.7563
50.9077 51.7563
51.1536 52.0063
51.1536 52.0063
51.3995 52.2563
51.3995 52.2563
51.3995 52.2563
51.3995 52.2563
51.3995 52.2563
51.6454 52.5063
51.8913 52.7563
51.8913 52.7563
52.1372 53.0063
52.3831 53.2563
52.3831 53.2563
52.3831 53.2563
52.3831 53.2563
52.629 53.5063
52.8749 53.7563
52.8749 53.7563
53.3667 54.2563
53.3667 54.2563
53.3667 54.2563
53.3667 54.2563
53.8585 54.7563
54.3503 55.2563
54.3503 55.2563
54.3503 55.2563
54.8421 55.7563
54.8421 55.7563
55.088 56.0063
55.3339 56.2563
55.3339 56.2563
55.3339 56.2563
55.3339 56.2563
55.8257 56.7563
55.8257 56.7563
56.0716 57.0063
56.3175 57.2563
56.3175 57.2563
56.3175 57.2563
56.3175 57.2563
56.5634 57.5063
56.8093 57.7563
56.8093 57.7563
57.3011 58.2563
57.3011 58.2563
57.3011 58.2563
57.3011 58.2563
57.7929 58.7563
58.2847 59.2563
58.2847 59.2563
58.7765 59.7563
58.7765 59.7563
59.0224 60.0063
59.0224 60.0063
59.2683 60.2563
59.2683 60.2563
59.2683 60.2563
59.2683 60.2563
59.5143 60.5063
59.7602 60.7563
59.7602 60.7563
60.0061 61.0063
60.252 61.2563
60.252 61.2563
60.252 61.2563
60.4979 61.5063
60.7438 61.7563
60.7438 61.7563
61.2356 62.2563
61.2356 62.2563
61.2356 62.2563
61.2356 62.2563
61.7274 62.7563
62.2192 63.2563
62.2192 63.2563
62.2192 63.2563
62.4651 63.5063
62.711 63.7563
62.711 63.7563
62.9569 64.0062
62.9569 64.0062
63.2028 64.2562
63.2028 64.2562
63.2028 64.2562
63.6946 64.7562
63.6946 64.7562
63.9405 65.0062
64.1864 65.2562
64.1864 65.2562
64.1864 65.2562
64.1864 65.2562
64.4323 65.5062
64.6782 65.7562
64.6782 65.7562
64.9241 66.0062
65.17 66.2562
65.17 66.2562
65.17 66.2562
65.17 66.2562
65.6618 66.7562
66.1536 67.2562
66.1536 67.2562
66.1536 67.2562
66.1536 67.2562
66.3995 67.5062
66.3995 67.5062
66.6454 67.7562
66.6454 67.7562
66.6454 67.7562
66.8913 68.0062
66.8913 68.0062
66.8913 68.0062
67.1372 68.2562
67.1372 68.2562
67.1372 68.2562
67.1372 68.2562
67.1372 68.2562
67.3831 68.5062
67.629 68.7562
67.629 68.7562
67.8749 69.0062
68.1208 69.2562
68.1208 69.2562
68.1208 69.2562
68.1208 69.2562
68.3667 69.5062
68.6126 69.7562
68.6126 69.7562
69.1044 70.2562
69.1044 70.2562
69.1044 70.2562
69.1044 70.2562
69.5962 70.7562
70.088 71.2562
70.088 71.2562
70.088 71.2562
70.5798 71.7562
70.5798 71.7562
70.8257 72.0062
71.0716 72.2562
71.0716 72.2562
71.0716 72.2562
71.0716 72.2562
71.5634 72.7562
71.5634 72.7562
71.8093 73.0062
72.0552 73.2562
72.0552 73.2562
72.0552 73.2562
72.0552 73.2562
72.3011 73.5062
72.547 73.7562
72.547 73.7562
73.0388 74.2562
73.0388 74.2562
73.0388 74.2562
73.0388 74.2562
73.5306 74.7562
74.0224 75.2562
74.0224 75.2562
74.5142 75.7562
74.5142 75.7562
74.7601 76.0062
74.7601 76.0062
75.006 76.2562
75.006 76.2562
75.006 76.2562
75.006 76.2562
75.2519 76.5062
75.4978 76.7562
75.4978 76.7562
75.7437 77.0062
75.9896 77.2562
75.9896 77.2562
75.9896 77.2562
76.2355 77.5062
76.4814 77.7562
76.4814 77.7562
76.9732 78.2562
76.9732 78.2562
76.9732 78.2562
76.9732 78.2562
77.465 78.7562
77.9568 79.2562
77.9568 79.2562
77.9568 79.2562
78.2027 79.5062
78.4486 79.7562
78.4486 79.7562
78.6945 80.0062
78.6945 80.0062
78.9404 80.2562
78.9404 80.2562
78.9404 80.2562
79.4323 80.7562
79.4323 80.7562
79.6782 81.0062
79.9241 81.2562
79.9241 81.2562
79.9241 81.2562
79.9241 81.2562
80.17 81.5062
80.4159 81.7562
80.4159 81.7562
80.6618 82.0062
80.9077 82.2562
80.9077 82.2562
80.9077 82.2562
80.9077 82.2562
81.3995 82.7562
81.8913 83.2562
81.8913 83.2562
81.8913 83.2562
82.1372 83.5062
82.3831 83.7562
82.3831 83.7562
82.629 84.0062
82.629 84.0062
82.8749 84.2562
82.8749 84.2562
83.3667 84.7562
83.6126 85.0062
83.8585 85.2562
83.8585 85.2562
84.1044 85.5062
84.3503 85.7562
84.3503 85.7562
84.5962 86.0062
84.8421 86.2562
84.8421 86.2562
85.3339 86.7562
85.8257 87.2562
86.3175 87.7562
86.3175 87.7562
86.5634 88.0062
86.8093 88.2562
86.8093 88.2562
86.8093 88.2562
87.3011 88.7562
87.547 89.0062
87.7929 89.2562
87.7929 89.2562
87.7929 89.2562
87.7929 89.2562
88.0388 89.5062
88.2847 89.7562
88.2847 89.7562
88.5306 90.0062
88.7765 90.2562
88.7765 90.2562
88.7765 90.2562
88.7765 90.2562
89.2683 90.7562
89.7601 91.2562
90.2519 91.7562
90.2519 91.7562
90.4978 92.0062
90.7437 92.2562
90.7437 92.2562
90.7437 92.2562
91.2355 92.7562
91.4814 93.0062
91.7273 93.2562
91.7273 93.2562
91.9732 93.5062
92.2191 93.7562
92.2191 93.7562
92.465 94.0062
92.7109 94.2562
92.7109 94.2562
92.7109 94.2562
92.7109 94.2562
93.2027 94.7562
93.4486 95.0062
93.6945 95.2562
93.6945 95.2562
93.6945 95.2562
93.9404 95.5062
94.1863 95.7562
94.1863 95.7562
94.6781 96.2562
94.6781 96.2562
94.6781 96.2562
94.6781 96.2562
95.1699 96.7562
95.4158 97.0062
95.6617 97.2562
95.6617 97.2562
95.6617 97.2562
95.6617 97.2562
95.9076 97.5062
96.1535 97.7562
96.6453 98.2562
96.6453 98.2562
96.6453 98.2562
96.6453 98.2562
97.1371 98.7562
97.6289 99.2562
98.1207 99.7562
98.6125 100.256
98.6125 100.256
98.6125 100.256
98.6125 100.256
98.8585 100.506
99.1044 100.756
99.3503 101.006
99.5962 101.256
99.5962 101.256
99.5962 101.256
99.8421 101.506
100.088 101.756
100.088 101.756
100.58 102.256
100.58 102.256
100.58 102.256
101.072 102.756
101.563 103.256
102.055 103.756
102.547 104.256
102.547 104.256
102.547 104.256
102.547 104.256
102.793 104.506
103.039 104.756
103.285 105.006
103.531 105.256
103.531 105.256
103.776 105.506
104.022 105.756
104.022 105.756
104.514 106.256
104.514 106.256
104.514 106.256
104.514 106.256
105.006 106.756
105.498 107.256
105.99 107.756
106.481 108.256
106.481 108.256
106.481 108.256
106.481 108.256
106.727 108.506
106.973 108.756
107.219 109.006
107.465 109.256
107.465 109.256
107.465 109.256
107.711 109.506
107.957 109.756
108.449 110.256
108.449 110.256
108.449 110.256
108.449 110.256
108.695 110.506
108.94 110.756
109.186 111.006
109.432 111.256
109.432 111.256
109.432 111.256
109.678 111.506
109.924 111.756
110.416 112.256
110.416 112.256
110.416 112.256
110.416 112.256
110.908 112.756
110.908 112.756
111.154 113.006
111.399 113.256
111.399 113.256
111.399 113.256
111.399 113.256
111.645 113.506
111.891 113.756
111.891 113.756
112.383 114.256
112.383 114.256
112.383 114.256
112.383 114.256
112.875 114.756
113.367 115.256
113.367 115.256
113.367 115.256
113.367 115.256
113.858 115.756
114.35 116.256
114.35 116.256
114.35 116.256
114.596 116.506
114.842 116.756
115.088 117.006
115.334 117.256
115.334 117.256
115.334 117.256
115.334 117.256
115.58 117.506
115.58 117.506
115.826 117.756
115.826 117.756
115.826 117.756
116.072 118.006
116.072 118.006
116.072 118.006
116.317 118.256
116.317 118.256
116.317 118.256
116.317 118.256
116.317 118.256
116.563 118.506
116.809 118.756
116.809 118.756
117.055 119.006
117.301 119.256
117.301 119.256
117.301 119.256
117.301 119.256
117.547 119.506
117.793 119.756
117.793 119.756
118.285 120.256
118.285 120.256
118.285 120.256
118.285 120.256
118.776 120.756
119.268 121.256
119.268 121.256
119.268 121.256
119.76 121.756
119.76 121.756
120.006 122.006
120.252 122.256
120.252 122.256
120.252 122.256
120.252 122.256
120.744 122.756
120.744 122.756
120.99 123.006
121.235 123.256
121.235 123.256
121.235 123.256
121.235 123.256
121.481 123.506
121.727 123.756
121.727 123.756
122.219 124.256
122.219 124.256
122.219 124.256
122.219 124.256
122.711 124.756
123.203 125.256
123.203 125.256
123.694 125.756
123.694 125.756
123.94 126.006
123.94 126.006
124.186 126.256
124.186 126.256
124.186 126.256
124.186 126.256
124.432 126.506
124.678 126.756
124.678 126.756
124.924 127.006
125.17 127.256
125.17 127.256
125.17 127.256
125.416 127.506
125.662 127.756
125.662 127.756
126.153 128.256
126.153 128.256
126.153 128.256
126.153 128.256
126.645 128.756
127.137 129.256
127.137 129.256
127.137 129.256
127.383 129.506
127.629 129.756
127.629 129.756
127.875 130.006
127.875 130.006
128.121 130.256
128.121 130.256
128.121 130.256
128.613 130.756
128.613 130.756
128.858 131.006
129.104 131.256
129.104 131.256
129.104 131.256
129.104 131.256
129.35 131.506
129.596 131.756
129.596 131.756
129.842 132.006
130.088 132.256
130.088 132.256
130.088 132.256
130.088 132.256
130.58 132.756
131.072 133.256
131.072 133.256
131.072 133.256
131.072 133.256
131.317 133.506
131.317 133.506
131.563 133.756
131.563 133.756
131.563 133.756
131.809 134.006
131.809 134.006
131.809 134.006
132.055 134.256
132.055 134.256
132.055 134.256
132.055 134.256
132.055 134.256
132.301 134.506
132.547 134.756
132.547 134.756
132.793 135.006
133.039 135.256
133.039 135.256
133.039 135.256
133.039 135.256
133.285 135.506
133.531 135.756
133.531 135.756
134.022 136.256
134.022 136.256
134.022 136.256
134.022 136.256
134.514 136.756
135.006 137.256
135.006 137.256
135.006 137.256
135.498 137.756
135.498 137.756
135.744 138.006
135.99 138.256
135.99 138.256
135.99 138.256
135.99 138.256
136.481 138.756
136.481 138.756
136.727 139.006
136.973 139.256
136.973 139.256
136.973 139.256
136.973 139.256
137.219 139.506
137.465 139.756
137.465 139.756
137.957 140.256
137.957 140.256
137.957 140.256
137.957 140.256
138.449 140.756
138.94 141.256
138.94 141.256
139.432 141.756
139.432 141.756
139.678 142.006
139.678 142.006
139.924 142.256
139.924 142.256
139.924 142.256
139.924 142.256
140.17 142.506
140.416 142.756
140.416 142.756
140.662 143.006
140.908 143.256
140.908 143.256
140.908 143.256
141.153 143.506
141.399 143.756
141.399 143.756
141.891 144.256
141.891 144.256
141.891 144.256
141.891 144.256
142.383 144.756
142.875 145.256
142.875 145.256
142.875 145.256
143.121 145.506
143.367 145.756
143.367 145.756
143.612 146.006
143.612 146.006
143.858 146.256
143.858 146.256
143.858 146.256
144.35 146.756
144.35 146.756
144.596 147.006
144.842 147.256
144.842 147.256
144.842 147.256
144.842 147.256
145.088 147.506
145.334 147.756
145.334 147.756
145.58 148.006
145.826 148.256
145.826 148.256
145.826 148.256
145.826 148.256
147.301 149.756
147.547 150.006
147.793 150.256
147.793 150.256
148.285 150.756
148.531 151.006
148.776 151.256
148.776 151.256
149.022 151.506
149.268 151.756
149.268 151.756
149.514 152.006
149.76 152.256
149.76 152.256
150.252 152.756
150.744 153.256
151.235 153.756
151.235 153.756
151.481 154.006
151.727 154.256
151.727 154.256
151.727 154.256
152.219 154.756
152.465 155.006
152.711 155.256
152.711 155.256
152.711 155.256
152.711 155.256
152.957 155.506
153.203 155.756
153.203 155.756
153.449 156.006
153.694 156.256
153.694 156.256
153.694 156.256
153.694 156.256
154.186 156.756
154.678 157.256
155.17 157.756
155.17 157.756
155.416 158.006
155.662 158.256
155.662 158.256
155.662 158.256
156.153 158.756
156.399 159.006
156.645 159.256
156.645 159.256
156.891 159.506
157.137 159.756
157.137 159.756
157.383 160.006
157.629 160.256
157.629 160.256
157.629 160.256
157.629 160.256
158.121 160.756
158.367 161.006
158.612 161.256
158.612 161.256
158.612 161.256
158.858 161.506
159.104 161.756
159.104 161.756
159.596 162.256
159.596 162.256
159.596 162.256
159.596 162.256
160.088 162.756
160.334 163.006
160.58 163.256
160.58 163.256
160.58 163.256
160.58 163.256
160.826 163.506
161.071 163.756
161.563 164.256
161.563 164.256
161.563 164.256
161.563 164.256
162.055 164.756
162.547 165.256
163.039 165.756
163.039 165.756
163.285 166.006
163.53 166.256
163.53 166.256
164.022 166.756
164.268 167.006
164.514 167.256
164.514 167.256
164.76 167.506
165.006 167.756
165.006 167.756
165.252 168.006
165.498 168.256
165.498 168.256
165.989 168.756
166.481 169.256
166.973 169.756
166.973 169.756
167.219 170.006
167.465 170.256
167.465 170.256
167.465 170.256
167.957 170.756
168.203 171.006
168.449 171.256
168.449 171.256
168.449 171.256
168.449 171.256
168.694 171.506
168.94 171.756
168.94 171.756
169.186 172.006
169.432 172.256
169.432 172.256
169.432 172.256
169.432 172.256
169.924 172.756
170.416 173.256
170.908 173.756
170.908 173.756
171.153 174.006
171.399 174.256
171.399 174.256
171.399 174.256
171.891 174.756
172.137 175.006
172.383 175.256
172.383 175.256
172.629 175.506
172.875 175.756
172.875 175.756
173.121 176.006
173.367 176.256
173.367 176.256
173.367 176.256
173.367 176.256
173.858 176.756
174.104 177.006
174.35 177.256
174.35 177.256
174.35 177.256
174.596 177.506
174.842 177.756
174.842 177.756
175.334 178.256
175.334 178.256
175.334 178.256
175.334 178.256
175.826 178.756
176.071 179.006
176.317 179.256
176.317 179.256
176.317 179.256
176.317 179.256
176.563 179.506
176.809 179.756
177.301 180.256
177.301 180.256
177.301 180.256
177.301 180.256
177.793 180.756
178.285 181.256
178.776 181.756
178.776 181.756
179.022 182.006
179.268 182.256
179.268 182.256
179.268 182.256
179.268 182.256
179.514 182.506
179.76 182.756
179.76 182.756
180.006 183.006
180.252 183.256
180.252 183.256
180.252 183.256
180.252 183.256
180.498 183.506
180.744 183.756
180.744 183.756
181.235 184.256
181.235 184.256
181.235 184.256
181.235 184.256
181.727 184.756
182.219 185.256
182.219 185.256
182.219 185.256
182.711 185.756
182.711 185.756
182.957 186.006
183.203 186.256
183.203 186.256
183.203 186.256
183.203 186.256
183.694 186.756
183.694 186.756
183.94 187.006
184.186 187.256
184.186 187.256
184.186 187.256
184.186 187.256
184.432 187.506
184.678 187.756
184.678 187.756
185.17 188.256
185.17 188.256
185.17 188.256
185.17 188.256
185.662 188.756
186.153 189.256
186.153 189.256
186.645 189.756
186.645 189.756
186.891 190.006
186.891 190.006
187.137 190.256
187.137 190.256
187.137 190.256
187.137 190.256
187.383 190.506
187.629 190.756
187.629 190.756
187.875 191.006
188.121 191.256
188.121 191.256
188.121 191.256
188.367 191.506
188.612 191.756
188.612 191.756
189.104 192.256
189.104 192.256
189.104 192.256
189.104 192.256
189.596 192.756
190.088 193.256
190.088 193.256
190.088 193.256
190.334 193.506
190.58 193.756
190.58 193.756
190.826 194.006
190.826 194.006
191.071 194.256
191.071 194.256
191.071 194.256
191.563 194.756
191.563 194.756
191.809 195.006
192.055 195.256
192.055 195.256
192.055 195.256
192.055 195.256
192.301 195.506
192.547 195.756
192.547 195.756
192.793 196.006
193.039 196.256
193.039 196.256
193.039 196.256
193.039 196.256
193.53 196.756
194.022 197.256
194.022 197.256
194.022 197.256
194.022 197.256
194.268 197.506
194.268 197.506
194.514 197.756
194.514 197.756
194.514 197.756
194.76 198.006
194.76 198.006
194.76 198.006
195.006 198.256
195.006 198.256
195.006 198.256
195.006 198.256
195.006 198.256
195.252 198.506
195.498 198.756
195.498 198.756
195.744 199.006
195.989 199.256
195.989 199.256
195.989 199.256
195.989 199.256
196.235 199.506
196.481 199.756
196.481 199.756
196.973 200.256
196.973 200.256
196.973 200.256
196.973 200.256
197.465 200.756
197.957 201.256
197.957 201.256
197.957 201.256
198.448 201.756
198.448 201.756
198.694 202.006
198.94 202.256
198.94 202.256
198.94 202.256
198.94 202.256
199.432 202.756
199.432 202.756
199.678 203.006
199.924 203.256
199.924 203.256
199.924 203.256
199.924 203.256
200.17 203.506
200.416 203.756
200.416 203.756
200.907 204.256
200.907 204.256
200.907 204.256
200.907 204.256
201.399 204.756
201.891 205.256
201.891 205.256
202.383 205.756
202.383 205.756
202.629 206.006
202.629 206.006
202.875 206.256
202.875 206.256
202.875 206.256
202.875 206.256
203.121 206.506
203.366 206.756
203.366 206.756
203.612 207.006
203.858 207.256
203.858 207.256
203.858 207.256
204.104 207.506
204.35 207.756
204.35 207.756
204.842 208.256
204.842 208.256
204.842 208.256
204.842 208.256
205.334 208.756
205.825 209.256
205.825 209.256
205.825 209.256
206.071 209.506
206.317 209.756
206.317 209.756
206.563 210.006
206.563 210.006
206.809 210.256
206.809 210.256
206.809 210.256
207.301 210.756
207.301 210.756
207.547 211.006
207.793 211.256
207.793 211.256
207.793 211.256
207.793 211.256
208.039 211.506
208.285 211.756
208.285 211.756
208.53 212.006
208.776 212.256
208.776 212.256
208.776 212.256
208.776 212.256
209.268 212.756
209.76 213.256
209.76 213.256
209.76 213.256
209.76 213.256
210.006 213.506
210.006 213.506
210.252 213.756
210.252 213.756
210.498 214.006
210.498 214.006
210.744 214.256
210.744 214.256
210.744 214.256
210.744 214.256
211.235 214.756
211.235 214.756
211.727 215.256
212.219 215.756
212.711 216.256
212.711 216.256
212.711 216.256
212.725 216.271
213.198 216.752
213.668 217.229
214.096 217.665
216.153 219.756
216.399 220.006
216.623 220.233
216.645 220.256
216.645 220.256
217.137 220.756
217.383 221.006
217.629 221.256
217.629 221.256
217.875 221.506
218.121 221.756
218.121 221.756
218.366 222.006
218.612 222.256
218.612 222.256
219.104 222.756
219.596 223.256
220.088 223.756
220.088 223.756
220.334 224.006
220.58 224.256
220.58 224.256
220.58 224.256
221.071 224.756
221.317 225.006
221.563 225.256
221.563 225.256
221.563 225.256
221.563 225.256
221.809 225.506
222.055 225.756
222.055 225.756
222.301 226.006
222.547 226.256
222.547 226.256
222.547 226.256
222.547 226.256
223.039 226.756
223.53 227.256
224.022 227.756
224.022 227.756
224.268 228.006
224.514 228.256
224.514 228.256
224.514 228.256
225.006 228.756
225.252 229.006
225.498 229.256
225.498 229.256
225.743 229.506
225.989 229.756
225.989 229.756
226.235 230.006
226.481 230.256
226.481 230.256
226.481 230.256
226.481 230.256
226.973 230.756
227.219 231.006
227.465 231.256
227.465 231.256
227.465 231.256
227.711 231.506
227.957 231.756
227.957 231.756
228.448 232.256
228.448 232.256
228.448 232.256
228.448 232.256
228.94 232.756
229.186 233.006
229.432 233.256
229.432 233.256
229.432 233.256
229.432 233.256
229.678 233.506
229.924 233.756
230.416 234.256
230.416 234.256
230.416 234.256
230.416 234.256
230.907 234.756
231.399 235.256
231.891 235.756
232.346 236.219
232.6 236.477
232.899 236.781
233.262 237.15
233.616 237.51
234.034 237.935
