1.39375 1.39375
1.52292 1.52292
1.64375 1.64375
1.64375 1.64375
2.14375 2.14375
2.64375 2.64375
3.14375 3.14375
3.64375 3.64375
3.64375 3.64375
3.89375 3.89375
4.14375 4.14375
4.39375 4.39375
4.64375 4.64375
4.89375 4.89375
5.14375 5.14375
5.39375 5.39375
5.64375 5.64375
5.64375 5.64375
6.14375 6.14375
6.64375 6.64375
6.89375 6.89375
7.14375 7.14375
7.39375 7.39375
7.39375 7.39375
7.64375 7.64375
7.64375 7.64375
7.64375 7.64375
7.64375 7.64375
8.89375 8.89375
9.14375 9.14375
9.39375 9.39375
9.64375 9.64375
9.64375 9.64375
9.64375 9.64375
9.64375 9.64375
9.64375 9.64375
10.1438 10.1438
10.6438 10.6438
10.6438 10.6438
10.6438 10.6438
11.35 11.35
11.3938 11.3938
11.5 11.5
11.6438 11.6438
11.6438 11.6438
11.6438 11.6438
12.6438 12.6438
12.8938 12.8938
12.8938 12.8938
12.8938 12.8938
13.3396 13.3396
13.4729 13.4729
13.6312 13.6312
13.6312 13.6312
13.6438 13.6438
13.6438 13.6438
13.6438 13.6438
14.1438 14.1438
14.6438 14.6438
14.6438 14.6438
14.6438 14.6438
14.8938 14.8938
15.1438 15.1438
15.3938 15.3938
15.6438 15.6438
15.6438 15.6438
15.6458 15.6458
15.65 15.65
15.65 15.65
15.8938 15.8938
16.1 16.1
16.1438 16.1438
16.3938 16.3938
16.6396 16.6396
17.1292 17.1292
17.2063 17.2063
17.4271 17.4271
17.6292 17.6292
17.6313 17.6313
17.6438 17.6438
18.1271 18.1271
18.3833 18.3833
18.6438 18.6438
18.6438 18.6438
18.6438 18.6438
18.6438 18.6438
18.6438 18.6438
18.8938 18.8938
19.1438 19.1438
19.3938 19.3938
19.6438 19.6438
21.6438 21.6438
21.6438 21.6438
21.6438 21.6438
21.6438 21.6438
21.8938 21.8938
22.1438 22.1438
22.1438 22.1438
22.3938 22.3938
22.6438 22.6438
22.6438 22.6438
22.6438 22.6438
22.6438 22.6438
22.8938 22.8938
23.1438 23.1438
23.3938 23.3938
23.6438 23.6438
23.8938 23.8938
24.1438 24.1438
24.1438 24.1438
24.1438 24.1438
24.3938 24.3938
24.6438 24.6438
24.6438 24.6438
24.6438 24.6438
24.6438 24.6438
24.8938 24.8938
25.1438 25.1438
25.6438 25.6438
25.8938 25.8938
26.1438 26.1438
26.1438 26.1438
26.3938 26.3938
26.6438 26.6438
26.6438 26.6438
26.6438 26.6438
26.6438 26.6438
26.8938 26.8938
27.1438 27.1438
27.1438 27.1438
27.6438 27.6438
27.6438 27.6438
27.6438 27.6438
27.6438 27.6438
27.8938 27.8938
28.1438 28.1438
28.1438 28.1438
28.3938 28.3938
28.6438 28.6438
28.6438 28.6438
28.6438 28.6438
29.1438 29.1438
29.3938 29.3938
29.6438 29.6438
29.6438 29.6438
29.6438 29.6438
29.6438 29.6438
29.8938 29.8938
30.1438 30.1438
30.3938 30.3938
30.6438 30.6438
30.6438 30.6438
30.6438 30.6438
30.8938 30.8938
31.1438 31.1438
31.1438 31.1438
31.3938 31.3938
31.6438 31.6438
31.6438 31.6438
32.1437 32.1437
32.3937 32.3937
32.3937 32.3937
32.6437 32.6437
32.6437 32.6437
32.6437 32.6437
32.6437 32.6437
32.8937 32.8937
32.8937 32.8937
33.1437 33.1437
33.1437 33.1437
33.3937 33.3937
33.3937 33.3937
33.6437 33.6437
33.6437 33.6437
33.6437 33.6437
33.6437 33.6437
33.6437 33.6437
33.8937 33.8937
34.1437 34.1437
34.1437 34.1437
34.3937 34.3937
34.6437 34.6437
34.8937 34.8937
35.1437 35.1437
35.1437 35.1437
35.3937 35.3937
35.6437 35.6437
35.8937 35.8937
36.8937 36.8937
37.1437 37.1437
37.3937 37.3937
37.6437 37.6437
37.6437 37.6437
37.8937 37.8937
38.1437 38.1437
38.1437 38.1437
38.3937 38.3937
38.6437 38.6437
38.6437 38.6437
38.6437 38.6437
38.8937 38.8937
39.1437 39.1437
39.1437 39.1437
39.3937 39.3937
39.6437 39.6437
39.6437 39.6437
39.8937 39.8937
40.1437 40.1437
40.1437 40.1437
40.1437 40.1437
40.3937 40.3937
40.6437 40.6437
40.6437 40.6437
40.6437 40.6437
40.6437 40.6437
41.6437 41.6437
41.6437 41.6437
41.6437 41.6437
41.8937 41.8937
42.1437 42.1437
42.1437 42.1437
42.3937 42.3937
42.3937 42.3937
42.6437 42.6437
42.6437 42.6437
42.6437 42.6437
42.8937 42.8937
43.1437 43.1437
43.1437 43.1437
43.6437 43.6437
43.6437 43.6437
43.6437 43.6437
43.8937 43.8937
44.1437 44.1437
44.1437 44.1437
44.3937 44.3937
44.6437 44.6437
44.6437 44.6437
44.6437 44.6437
45.1437 45.1437
45.3937 45.3937
45.6437 45.6437
45.6437 45.6437
45.6437 45.6437
45.6437 45.6437
45.6437 45.6437
45.8937 45.8937
46.1437 46.1437
46.3937 46.3937
46.6437 46.6437
46.6437 46.6437
46.6437 46.6437
46.6437 46.6437
46.8937 46.8937
47.1437 47.1437
47.1437 47.1437
47.3937 47.3937
47.6437 47.6437
47.6437 47.6437
47.6437 47.6437
48.6437 48.6437
48.6437 48.6437
48.6437 48.6437
48.6437 48.6437
48.6437 48.6437
48.6437 48.6437
48.8937 48.8937
49.1437 49.1437
49.3937 49.3937
49.6437 49.6437
49.6437 49.6437
49.6437 49.6437
49.6437 49.6437
49.8937 49.8937
50.1437 50.1437
50.1437 50.1437
50.3937 50.3937
50.6437 50.6437
50.6437 50.6437
50.6437 50.6437
50.6437 50.6437
50.8937 50.8937
51.1437 51.1437
51.3937 51.3937
51.6437 51.6437
51.6437 51.6437
51.6437 51.6437
52.6437 52.6437
52.6437 52.6437
52.6437 52.6437
53.6437 53.6437
53.6437 53.6437
53.6437 53.6437
53.6437 53.6437
53.6437 53.6437
53.6437 53.6437
54.1437 54.1437
54.1437 54.1437
54.3937 54.3937
54.6437 54.6437
54.6437 54.6437
54.6437 54.6437
54.6437 54.6437
54.6437 54.6437
55.1437 55.1437
55.1437 55.1437
55.3937 55.3937
55.6437 55.6437
55.6437 55.6437
55.6437 55.6437
55.6437 55.6437
55.8937 55.8937
56.1437 56.1437
56.1437 56.1437
56.3937 56.3937
56.3937 56.3937
56.6437 56.6437
56.6437 56.6437
56.8937 56.8937
57.1437 57.1437
57.1437 57.1437
57.3937 57.3937
57.5917 57.5917
57.6208 57.6208
57.6437 57.6437
57.6437 57.6437
57.6521 57.6521
59.1437 59.1437
59.3937 59.3937
59.6437 59.6437
59.6437 59.6437
59.6437 59.6437
59.6437 59.6437
59.6437 59.6437
60.1437 60.1437
60.1437 60.1437
60.3937 60.3937
60.6437 60.6437
60.6437 60.6437
60.6437 60.6437
60.6437 60.6437
60.8937 60.8937
61.1437 61.1437
61.1437 61.1437
61.3937 61.3937
61.6437 61.6437
61.6437 61.6437
61.6437 61.6437
61.6437 61.6437
61.8937 61.8937
62.3937 62.3937
62.6437 62.6437
62.6437 62.6437
62.6437 62.6437
63.1437 63.1437
63.3937 63.3937
63.6437 63.6437
63.6437 63.6437
63.6437 63.6437
63.6437 63.6437
63.6437 63.6437
64.1437 64.1437
64.1437 64.1437
64.3937 64.3937
64.6437 64.6437
64.6437 64.6437
64.6437 64.6437
64.6437 64.6437
65.1437 65.1437
65.1437 65.1437
65.3937 65.3937
65.6437 65.6437
65.6437 65.6437
65.6437 65.6437
66.6437 66.6437
66.6437 66.6437
66.6437 66.6437
66.6437 66.6437
66.8937 66.8937
67.1437 67.1437
67.1437 67.1437
67.3937 67.3937
67.3937 67.3937
67.6437 67.6437
67.6437 67.6437
67.6437 67.6437
67.6437 67.6437
67.6437 67.6437
67.6437 67.6437
68.1437 68.1437
68.1437 68.1437
68.6437 68.6437
68.6437 68.6437
68.6437 68.6437
68.6437 68.6437
68.8937 68.8937
69.1437 69.1437
69.3937 69.3937
69.6437 69.6437
69.6437 69.6437
69.6437 69.6437
69.6437 69.6437
70.1437 70.1437
70.375 70.375
70.6437 70.6437
70.6437 70.6437
70.6437 70.6437
71.1437 71.1437
71.3937 71.3937
71.6437 71.6437
71.6437 71.6437
71.6437 71.6437
71.6437 71.6437
71.6437 71.6437
71.6437 71.6437
72.1437 72.1437
72.3937 72.3937
72.6437 72.6437
72.6437 72.6437
72.6437 72.6437
72.6437 72.6437
72.6437 72.6437
72.8937 72.8937
73.1437 73.1437
73.3937 73.3937
73.6437 73.6437
73.6437 73.6437
73.6437 73.6437
73.6437 73.6437
74.1437 74.1437
74.375 74.375
74.6437 74.6437
74.6437 74.6437
74.6437 74.6437
75.1437 75.1437
75.1437 75.1437
75.1437 75.1437
75.3937 75.3937
75.3937 75.3937
75.6437 75.6437
75.6437 75.6437
75.6437 75.6437
75.6437 75.6437
75.6437 75.6437
75.6437 75.6437
76.1437 76.1437
76.1437 76.1437
76.3937 76.3937
76.6437 76.6437
76.6437 76.6437
76.6437 76.6437
76.6437 76.6437
76.8937 76.8937
77.1437 77.1437
77.1437 77.1437
77.3937 77.3937
77.6437 77.6437
77.6437 77.6437
77.6437 77.6437
77.6437 77.6437
77.8937 77.8937
78.1437 78.1437
78.3937 78.3937
78.6437 78.6437
78.6437 78.6437
78.6437 78.6437
79.1437 79.1437
79.3937 79.3937
79.6437 79.6437
79.6437 79.6437
79.6437 79.6437
79.6437 79.6437
79.6437 79.6437
80.1437 80.1437
80.1437 80.1437
80.3937 80.3937
80.6437 80.6437
80.6437 80.6437
80.6437 80.6437
80.6437 80.6437
81.1437 81.1437
81.1437 81.1437
81.3937 81.3937
81.6437 81.6437
81.6437 81.6437
81.6437 81.6437
82.5375 82.5375
82.6437 82.6437
82.6437 82.6437
82.6437 82.6437
82.6437 82.6437
82.8479 82.8479
83.1167 83.1167
83.1437 83.1437
83.375 83.375
83.3937 83.3937
83.3937 83.3937
83.6146 83.6146
83.6437 83.6437
83.6437 83.6437
83.6437 83.6437
83.6437 83.6437
83.6437 83.6437
84.1437 84.1437
84.1437 84.1437
84.6437 84.6437
84.6437 84.6437
84.6437 84.6437
84.6437 84.6437
84.9896 84.9896
85.1437 85.1437
85.3937 85.3937
85.6437 85.6437
85.6437 85.6437
85.6437 85.6437
85.6437 85.6437
86.1437 86.1437
86.375 86.375
86.6437 86.6437
86.6437 86.6437
86.6437 86.6437
87.1437 87.1437
87.3937 87.3937
87.6437 87.6437
87.6437 87.6437
87.6437 87.6437
87.6437 87.6437
87.6437 87.6437
88.1437 88.1437
88.3937 88.3937
88.6437 88.6437
88.6437 88.6437
88.6437 88.6437
88.6437 88.6437
88.8937 88.8937
89.1437 89.1437
89.6437 89.6437
89.6437 89.6437
89.6437 89.6437
89.6437 89.6437
89.6437 89.6437
90.1437 90.1437
90.3937 90.3937
90.6437 90.6437
90.6437 90.6437
90.6437 90.6437
90.6437 90.6437
91.1437 91.1437
91.1437 91.1437
91.6437 91.6437
91.6437 91.6437
91.6437 91.6437
91.6437 91.6437
91.6437 91.6437
91.6437 91.6437
92.6437 92.6437
92.6437 92.6437
92.6437 92.6437
92.8937 92.8937
93.1437 93.1437
93.1437 93.1437
93.3937 93.3937
93.6437 93.6437
93.6437 93.6437
95.6437 95.6437
95.6437 95.6437
95.8937 95.8937
96.1437 96.1437
96.1437 96.1437
96.3937 96.3937
96.6437 96.6437
96.6437 96.6437
96.6437 96.6437
96.8937 96.8937
97.1437 97.1437
97.1437 97.1437
97.3937 97.3937
97.6437 97.6437
97.6437 97.6437
97.8937 97.8937
98.1437 98.1437
98.1437 98.1437
98.1437 98.1437
98.3937 98.3937
98.6437 98.6437
98.6437 98.6437
98.6437 98.6437
98.6437 98.6437
99.6437 99.6437
99.6437 99.6437
99.6437 99.6437
99.8937 99.8937
100.144 100.144
100.144 100.144
100.394 100.394
100.394 100.394
100.644 100.644
100.644 100.644
100.644 100.644
100.894 100.894
101.144 101.144
101.144 101.144
101.644 101.644
101.644 101.644
101.644 101.644
101.894 101.894
102.144 102.144
102.144 102.144
102.394 102.394
102.644 102.644
102.644 102.644
102.644 102.644
103.144 103.144
103.394 103.394
103.644 103.644
103.644 103.644
103.644 103.644
103.644 103.644
103.644 103.644
103.894 103.894
104.144 104.144
104.394 104.394
104.644 104.644
104.644 104.644
104.644 104.644
104.644 104.644
104.894 104.894
105.144 105.144
105.144 105.144
105.394 105.394
105.644 105.644
105.644 105.644
105.644 105.644
106.644 106.644
106.644 106.644
106.644 106.644
106.644 106.644
106.644 106.644
106.644 106.644
106.894 106.894
107.144 107.144
107.394 107.394
107.644 107.644
107.644 107.644
107.644 107.644
107.644 107.644
107.894 107.894
108.144 108.144
108.144 108.144
108.394 108.394
108.644 108.644
108.644 108.644
108.644 108.644
108.644 108.644
108.894 108.894
109.144 109.144
109.394 109.394
109.644 109.644
109.644 109.644
109.644 109.644
110.644 110.644
110.644 110.644
110.644 110.644
111.644 111.644
111.644 111.644
111.644 111.644
111.644 111.644
111.644 111.644
111.644 111.644
112.144 112.144
112.144 112.144
112.394 112.394
112.644 112.644
112.644 112.644
112.644 112.644
112.644 112.644
112.644 112.644
113.144 113.144
113.144 113.144
113.394 113.394
113.644 113.644
113.644 113.644
113.644 113.644
113.644 113.644
113.894 113.894
114.144 114.144
114.144 114.144
114.394 114.394
114.394 114.394
114.644 114.644
114.644 114.644
114.894 114.894
115.144 115.144
115.144 115.144
115.394 115.394
115.592 115.592
115.621 115.621
115.644 115.644
115.644 115.644
115.652 115.652
117.144 117.144
117.394 117.394
117.644 117.644
117.644 117.644
117.644 117.644
117.644 117.644
117.644 117.644
118.144 118.144
118.144 118.144
118.394 118.394
118.644 118.644
118.644 118.644
118.644 118.644
118.644 118.644
118.894 118.894
119.144 119.144
119.144 119.144
119.394 119.394
119.644 119.644
119.644 119.644
119.644 119.644
119.644 119.644
119.894 119.894
120.394 120.394
120.644 120.644
120.644 120.644
120.644 120.644
121.144 121.144
121.394 121.394
121.644 121.644
121.644 121.644
121.644 121.644
121.644 121.644
121.644 121.644
122.144 122.144
122.144 122.144
122.394 122.394
122.644 122.644
122.644 122.644
122.644 122.644
122.644 122.644
123.144 123.144
123.144 123.144
123.394 123.394
123.644 123.644
123.644 123.644
123.644 123.644
124.644 124.644
124.644 124.644
124.644 124.644
124.644 124.644
124.894 124.894
125.144 125.144
125.144 125.144
125.394 125.394
125.394 125.394
125.644 125.644
125.644 125.644
125.644 125.644
125.644 125.644
125.644 125.644
125.644 125.644
126.144 126.144
126.144 126.144
126.644 126.644
126.644 126.644
126.644 126.644
126.644 126.644
126.894 126.894
127.144 127.144
127.394 127.394
127.644 127.644
127.644 127.644
127.644 127.644
127.644 127.644
128.144 128.144
128.375 128.375
128.644 128.644
128.644 128.644
128.644 128.644
129.144 129.144
129.394 129.394
129.644 129.644
129.644 129.644
129.644 129.644
129.644 129.644
129.644 129.644
129.644 129.644
130.144 130.144
130.394 130.394
130.644 130.644
130.644 130.644
130.644 130.644
130.644 130.644
130.644 130.644
130.894 130.894
131.144 131.144
131.394 131.394
131.644 131.644
131.644 131.644
131.644 131.644
131.644 131.644
132.144 132.144
132.375 132.375
132.644 132.644
132.644 132.644
132.644 132.644
133.144 133.144
133.144 133.144
133.144 133.144
133.394 133.394
133.394 133.394
133.644 133.644
133.644 133.644
133.644 133.644
133.644 133.644
133.644 133.644
133.644 133.644
134.144 134.144
134.144 134.144
134.394 134.394
134.644 134.644
134.644 134.644
134.644 134.644
134.644 134.644
134.894 134.894
135.144 135.144
135.144 135.144
135.394 135.394
135.644 135.644
135.644 135.644
135.644 135.644
135.644 135.644
135.894 135.894
136.144 136.144
136.394 136.394
136.644 136.644
136.644 136.644
136.644 136.644
137.144 137.144
137.394 137.394
137.644 137.644
137.644 137.644
137.644 137.644
137.644 137.644
137.644 137.644
138.144 138.144
138.144 138.144
138.394 138.394
138.644 138.644
138.644 138.644
138.644 138.644
138.644 138.644
139.144 139.144
139.144 139.144
139.394 139.394
139.644 139.644
139.644 139.644
139.644 139.644
140.537 140.537
140.644 140.644
140.644 140.644
140.644 140.644
140.644 140.644
140.848 140.848
141.117 141.117
141.144 141.144
141.375 141.375
141.394 141.394
141.394 141.394
141.615 141.615
141.644 141.644
141.644 141.644
141.644 141.644
141.644 141.644
141.644 141.644
142.144 142.144
142.144 142.144
142.644 142.644
142.644 142.644
142.644 142.644
142.644 142.644
142.99 142.99
143.144 143.144
143.394 143.394
143.644 143.644
143.644 143.644
143.644 143.644
143.644 143.644
144.144 144.144
144.375 144.375
144.644 144.644
144.644 144.644
144.644 144.644
145.144 145.144
145.394 145.394
145.644 145.644
145.644 145.644
145.644 145.644
145.644 145.644
145.644 145.644
146.144 146.144
146.394 146.394
146.644 146.644
146.644 146.644
146.644 146.644
146.644 146.644
146.894 146.894
147.144 147.144
147.644 147.644
147.644 147.644
147.644 147.644
147.644 147.644
147.644 147.644
148.144 148.144
148.394 148.394
148.644 148.644
148.644 148.644
148.644 148.644
148.644 148.644
149.144 149.144
149.144 149.144
149.644 149.644
149.644 149.644
149.644 149.644
149.644 149.644
149.644 149.644
149.644 149.644
150.644 150.644
150.644 150.644
150.644 150.644
150.894 150.894
151.144 151.144
151.144 151.144
151.394 151.394
151.644 151.644
151.644 151.644
153.644 153.644
153.644 153.644
153.644 153.644
153.644 153.644
153.644 153.644
154.144 154.144
154.144 154.144
154.644 154.644
154.644 154.644
154.644 154.644
154.644 154.644
155.144 155.144
155.144 155.144
155.394 155.394
155.644 155.644
155.644 155.644
155.644 155.644
156.144 156.144
156.394 156.394
156.644 156.644
156.644 156.644
156.644 156.644
156.644 156.644
156.894 156.894
157.144 157.144
157.644 157.644
157.644 157.644
157.644 157.644
157.644 157.644
157.644 157.644
158.144 158.144
158.644 158.644
158.644 158.644
158.644 158.644
159.144 159.144
159.644 159.644
159.644 159.644
159.644 159.644
160.144 160.144
160.644 160.644
160.644 160.644
160.644 160.644
160.894 160.894
161.144 161.144
161.394 161.394
161.644 161.644
161.644 161.644
161.644 161.644
161.644 161.644
161.644 161.644
162.144 162.144
162.144 162.144
162.644 162.644
162.644 162.644
162.644 162.644
162.644 162.644
163.144 163.144
163.144 163.144
163.394 163.394
163.394 163.394
163.394 163.394
163.644 163.644
163.644 163.644
163.644 163.644
164.144 164.144
164.144 164.144
164.644 164.644
164.644 164.644
164.644 164.644
164.644 164.644
164.894 164.894
165.144 165.144
165.644 165.644
165.644 165.644
165.644 165.644
165.644 165.644
165.644 165.644
166.144 166.144
166.644 166.644
166.644 166.644
166.644 166.644
167.144 167.144
167.644 167.644
167.644 167.644
167.644 167.644
167.644 167.644
167.644 167.644
168.144 168.144
168.644 168.644
168.644 168.644
168.644 168.644
169.144 169.144
169.644 169.644
169.644 169.644
169.644 169.644
169.644 169.644
170.644 170.644
170.644 170.644
170.644 170.644
170.644 170.644
171.144 171.144
171.394 171.394
171.644 171.644
171.644 171.644
171.644 171.644
171.644 171.644
171.644 171.644
172.144 172.144
172.144 172.144
172.394 172.394
172.644 172.644
172.644 172.644
172.644 172.644
172.644 172.644
172.894 172.894
173.144 173.144
173.144 173.144
173.394 173.394
173.644 173.644
173.644 173.644
173.644 173.644
173.644 173.644
173.894 173.894
174.394 174.394
174.644 174.644
174.644 174.644
174.644 174.644
175.144 175.144
175.394 175.394
175.644 175.644
175.644 175.644
175.644 175.644
175.644 175.644
175.644 175.644
176.144 176.144
176.144 176.144
176.394 176.394
176.644 176.644
176.644 176.644
176.644 176.644
176.644 176.644
177.144 177.144
177.144 177.144
177.394 177.394
177.644 177.644
177.644 177.644
177.644 177.644
178.644 178.644
178.644 178.644
178.644 178.644
178.644 178.644
178.894 178.894
179.144 179.144
179.144 179.144
179.394 179.394
179.394 179.394
179.644 179.644
179.644 179.644
179.644 179.644
179.644 179.644
179.644 179.644
179.644 179.644
180.144 180.144
180.144 180.144
180.644 180.644
180.644 180.644
180.644 180.644
180.644 180.644
180.894 180.894
181.144 181.144
181.394 181.394
181.644 181.644
181.644 181.644
181.644 181.644
181.644 181.644
182.144 182.144
182.375 182.375
182.644 182.644
182.644 182.644
182.644 182.644
183.144 183.144
183.394 183.394
183.644 183.644
183.644 183.644
183.644 183.644
183.644 183.644
183.644 183.644
183.644 183.644
184.144 184.144
184.394 184.394
184.644 184.644
184.644 184.644
184.644 184.644
184.644 184.644
184.644 184.644
184.894 184.894
185.144 185.144
185.394 185.394
185.644 185.644
185.644 185.644
185.644 185.644
185.644 185.644
186.144 186.144
186.375 186.375
186.644 186.644
186.644 186.644
186.644 186.644
187.144 187.144
187.144 187.144
187.144 187.144
187.394 187.394
187.394 187.394
187.644 187.644
187.644 187.644
187.644 187.644
187.644 187.644
187.644 187.644
187.644 187.644
188.144 188.144
188.144 188.144
188.394 188.394
188.644 188.644
188.644 188.644
188.644 188.644
188.644 188.644
188.894 188.894
189.144 189.144
189.144 189.144
189.394 189.394
189.644 189.644
189.644 189.644
189.644 189.644
189.644 189.644
189.894 189.894
190.144 190.144
190.394 190.394
190.644 190.644
190.644 190.644
190.644 190.644
191.144 191.144
191.394 191.394
191.644 191.644
191.644 191.644
191.644 191.644
191.644 191.644
191.644 191.644
192.144 192.144
192.144 192.144
192.394 192.394
192.644 192.644
192.644 192.644
192.644 192.644
192.644 192.644
193.144 193.144
193.144 193.144
193.394 193.394
193.644 193.644
193.644 193.644
193.644 193.644
194.537 194.537
194.644 194.644
194.644 194.644
194.644 194.644
194.644 194.644
194.848 194.848
195.117 195.117
195.144 195.144
195.375 195.375
195.394 195.394
195.394 195.394
195.615 195.615
195.644 195.644
195.644 195.644
195.644 195.644
195.644 195.644
195.644 195.644
196.144 196.144
196.144 196.144
196.644 196.644
196.644 196.644
196.644 196.644
196.644 196.644
196.99 196.99
197.144 197.144
197.394 197.394
197.644 197.644
197.644 197.644
197.644 197.644
197.644 197.644
198.144 198.144
198.375 198.375
198.644 198.644
198.644 198.644
198.644 198.644
199.144 199.144
199.394 199.394
199.644 199.644
199.644 199.644
199.644 199.644
199.644 199.644
199.644 199.644
200.144 200.144
200.394 200.394
200.644 200.644
200.644 200.644
200.644 200.644
200.644 200.644
200.894 200.894
201.144 201.144
201.644 201.644
201.644 201.644
201.644 201.644
201.644 201.644
201.644 201.644
202.144 202.144
202.394 202.394
202.644 202.644
202.644 202.644
202.644 202.644
202.644 202.644
203.144 203.144
203.144 203.144
203.644 203.644
203.644 203.644
203.644 203.644
203.644 203.644
203.644 203.644
203.644 203.644
204.644 204.644
204.644 204.644
204.644 204.644
204.894 204.894
205.144 205.144
205.144 205.144
205.394 205.394
205.644 205.644
205.644 205.644
207.644 207.644
207.644 207.644
208.144 208.144
208.894 208.894
209.144 209.144
209.394 209.394
209.623 209.623
209.644 209.644
210.733 210.733
211.771 211.771
211.787 211.787
211.8 211.8
211.823 211.823
213.025 213.025
213.338 213.338
213.604 213.604
214.046 214.046
214.069 214.069
214.115 214.115
215.321 215.321
216.483 216.483
216.823 216.823
217.315 217.315
217.377 217.377
217.644 217.644
217.681 217.681
218.454 218.454
218.694 218.694
218.965 218.965
219.335 219.335
219.419 219.419
219.615 219.615
