0.445565 0.460417
0.445565 0.460417
0.445565 0.460417
2.38105 2.46042
2.38105 2.46042
2.86492 2.96042
2.86492 2.96042
3.10686 3.21042
3.34879 3.46042
3.34879 3.46042
3.83266 3.96042
4.31653 4.46042
4.55847 4.71042
4.8004 4.96042
5.04234 5.21042
5.28427 5.46042
5.76815 5.96042
6.25202 6.46042
6.25202 6.46042
6.25202 6.46042
6.25202 6.46042
6.25202 6.46042
6.49395 6.71042
6.73589 6.96042
6.97782 7.21042
7.70363 7.96042
8.1875 8.46042
8.1875 8.46042
8.42944 8.71042
8.67137 8.96042
8.91331 9.21042
9.15524 9.46042
9.15524 9.46042
10.123 10.4604
10.123 10.4604
10.123 10.4604
10.123 10.4604
10.123 10.4604
10.3649 10.7104
10.6069 10.9604
10.8488 11.2104
11.0907 11.4604
11.0907 11.4604
11.5746 11.9604
12.0585 12.4604
12.3004 12.7104
12.5423 12.9604
12.7843 13.2104
13.0262 13.4604
13.0262 13.4604
13.0262 13.4604
13.5101 13.9604
13.994 14.4604
13.994 14.4604
13.994 14.4604
13.994 14.4604
14.2359 14.7104
14.4778 14.9604
14.7198 15.2104
14.9617 15.4604
15.4456 15.9604
15.9294 16.4604
15.9294 16.4604
16.6492 17.2042
16.7198 17.2771
16.7863 17.3458
16.8488 17.4104
16.8952 17.4583
16.8972 17.4604
16.8972 17.4604
16.8972 17.4604
16.9496 17.5146
17.0081 17.575
17.0625 17.6313
17.1169 17.6875
17.1391 17.7104
17.1613 17.7333
17.2077 17.7812
17.2702 17.8458
17.3286 17.9062
17.381 17.9604
17.381 17.9604
17.3871 17.9667
17.4375 18.0188
17.4879 18.0708
17.5524 18.1375
17.6069 18.1938
17.6653 18.2542
17.7056 18.2958
17.754 18.3458
17.8044 18.3979
17.8468 18.4417
17.8649 18.4604
17.8649 18.4604
17.8649 18.4604
17.8649 18.4604
17.8649 18.4604
17.8851 18.4812
18.1069 18.7104
18.3488 18.9604
18.3488 18.9604
18.5907 19.2104
18.8327 19.4604
18.8327 19.4604
18.8327 19.4604
19.0746 19.7104
19.3165 19.9604
19.3165 19.9604
19.5585 20.2104
19.8004 20.4604
19.8004 20.4604
20.0423 20.7104
20.2843 20.9604
20.2843 20.9604
20.5262 21.2104
20.7681 21.4604
20.7681 21.4604
20.7681 21.4604
21.252 21.9604
21.252 21.9604
21.252 21.9604
21.7359 22.4604
21.7359 22.4604
21.7359 22.4604
21.7359 22.4604
21.7359 22.4604
21.7359 22.4604
21.9778 22.7104
22.2198 22.9604
22.4617 23.2104
22.7036 23.4604
22.7036 23.4604
22.7036 23.4604
22.9456 23.7104
23.1875 23.9604
23.4294 24.2104
23.6714 24.4604
23.6714 24.4604
23.6714 24.4604
23.9133 24.7104
24.1552 24.9604
24.1552 24.9604
24.3972 25.2104
24.6391 25.4604
24.6391 25.4604
24.6391 25.4604
24.8811 25.7104
25.123 25.9604
25.123 25.9604
25.3649 26.2104
25.6069 26.4604
25.6069 26.4604
25.6069 26.4604
25.6069 26.4604
25.6069 26.4604
25.6069 26.4604
25.8488 26.7104
26.0907 26.9604
26.3327 27.2104
26.5746 27.4604
26.5746 27.4604
26.5746 27.4604
26.8165 27.7104
27.0585 27.9604
27.0585 27.9604
27.5423 28.4604
27.5423 28.4604
27.7843 28.7104
28.0262 28.9604
28.0262 28.9604
28.0262 28.9604
28.2681 29.2104
28.5101 29.4604
28.5101 29.4604
28.752 29.7104
28.994 29.9604
28.994 29.9604
28.994 29.9604
29.4778 30.4604
29.4778 30.4604
29.4778 30.4604
29.4778 30.4604
29.7198 30.7104
29.7198 30.7104
29.9617 30.9604
29.9617 30.9604
30.2036 31.2104
30.4456 31.4604
30.6875 31.7104
30.6875 31.7104
30.9294 31.9604
31.1714 32.2104
31.4133 32.4604
31.4133 32.4604
31.4133 32.4604
31.4133 32.4604
31.6552 32.7104
32.3811 33.4604
32.623 33.7104
32.8649 33.9604
33.3488 34.4604
33.3488 34.4604
33.8327 34.9604
33.8327 34.9604
34.0746 35.2104
34.3165 35.4604
34.3165 35.4604
34.5585 35.7104
34.8004 35.9604
34.8004 35.9604
35.0423 36.2104
35.2843 36.4604
35.2843 36.4604
35.7681 36.9604
35.7681 36.9604
36.0101 37.2104
36.0101 37.2104
36.494 37.7104
36.7359 37.9604
36.7359 37.9604
36.9778 38.2104
37.2198 38.4604
37.2198 38.4604
37.4617 38.7104
37.7036 38.9604
37.7036 38.9604
37.9456 39.2104
38.1875 39.4604
38.4294 39.7104
38.6714 39.9604
38.6714 39.9604
39.1552 40.4604
39.1552 40.4604
39.3972 40.7104
39.6391 40.9604
39.8811 41.2104
40.123 41.4604
40.3649 41.7104
40.6069 41.9604
40.8488 42.2104
41.0907 42.4604
41.0907 42.4604
41.3327 42.7104
41.5746 42.9604
41.5746 42.9604
41.8165 43.2104
42.0585 43.4604
42.3004 43.7104
42.5423 43.9604
42.5423 43.9604
43.0262 44.4604
43.0262 44.4604
43.2681 44.7104
43.5101 44.9604
43.5101 44.9604
43.752 45.2104
43.752 45.2104
44.2359 45.7104
44.4778 45.9604
44.4778 45.9604
44.7198 46.2104
44.9617 46.4604
44.9617 46.4604
45.2036 46.7104
45.4456 46.9604
45.4456 46.9604
45.6875 47.2104
45.9294 47.4604
46.1714 47.7104
46.4133 47.9604
46.4133 47.9604
46.8972 48.4604
46.8972 48.4604
47.1391 48.7104
47.3226 48.9
47.3569 48.9354
47.3811 48.9604
47.4214 49.0021
47.496 49.0792
47.5464 49.1313
47.5927 49.1792
47.623 49.2104
47.6573 49.2458
47.7137 49.3042
47.7762 49.3687
47.8186 49.4125
47.8629 49.4583
47.9173 49.5146
47.9637 49.5625
48.0161 49.6167
48.0706 49.6729
48.1069 49.7104
48.2117 49.8188
48.2581 49.8667
48.3085 49.9188
48.3488 49.9604
48.3851 49.9979
48.4657 50.0812
48.5544 50.1729
48.629 50.25
48.7903 50.4167
48.8327 50.4604
48.8327 50.4604
48.9738 50.6063
49.0746 50.7104
49.3165 50.9604
49.3165 50.9604
49.5585 51.2104
49.8004 51.4604
50.0423 51.7104
50.2843 51.9604
50.2843 51.9604
50.7681 52.4604
50.7681 52.4604
51.0101 52.7104
51.252 52.9604
51.252 52.9604
51.494 53.2104
51.7359 53.4604
51.7359 53.4604
52.2198 53.9604
52.4617 54.2104
52.7036 54.4604
52.7036 54.4604
52.9456 54.7104
53.1875 54.9604
53.1875 54.9604
53.4294 55.2104
53.6714 55.4604
53.9133 55.7104
54.1552 55.9604
54.1552 55.9604
54.6391 56.4604
54.6391 56.4604
54.8811 56.7104
55.123 56.9604
55.123 56.9604
55.3649 57.2104
55.8488 57.7104
56.0907 57.9604
56.5746 58.4604
56.5746 58.4604
56.8165 58.7104
57.0585 58.9604
57.0585 58.9604
57.3004 59.2104
57.5423 59.4604
57.7843 59.7104
58.0262 59.9604
58.0262 59.9604
58.2681 60.2104
58.5101 60.4604
58.5101 60.4604
58.752 60.7104
58.994 60.9604
58.994 60.9604
59.2359 61.2104
59.4778 61.4604
59.7198 61.7104
59.9617 61.9604
59.9617 61.9604
60.2036 62.2104
60.4456 62.4604
60.4456 62.4604
60.6875 62.7104
60.9294 62.9604
60.9294 62.9604
61.1714 63.2104
61.4133 63.4604
61.6552 63.7104
61.8972 63.9604
61.8972 63.9604
62.3811 64.4604
62.3811 64.4604
62.623 64.7104
62.6371 64.725
62.6875 64.7771
62.746 64.8375
62.7944 64.8875
62.8468 64.9417
62.8649 64.9604
62.8931 64.9896
62.9436 65.0417
62.996 65.0958
63.0403 65.1417
63.0847 65.1875
63.1069 65.2104
63.1371 65.2417
63.1936 65.3
63.1996 65.3063
63.2581 65.3667
63.2742 65.3833
63.3085 65.4188
63.3286 65.4396
63.3488 65.4604
63.3649 65.4771
63.377 65.4896
63.4315 65.5458
63.4395 65.5542
63.4879 65.6042
63.494 65.6104
63.5504 65.6688
63.5544 65.6729
63.5907 65.7104
63.5907 65.7104
63.6008 65.7208
63.6351 65.7562
63.6371 65.7583
63.6835 65.8063
63.7319 65.8563
63.7802 65.9062
63.8226 65.95
63.8327 65.9604
63.8589 65.9875
63.9133 66.0438
63.9617 66.0938
64.0242 66.1583
64.0706 66.2062
64.0746 66.2104
64.119 66.2562
64.1815 66.3208
64.2198 66.3604
64.3165 66.4604
64.3165 66.4604
64.3165 66.4604
64.3165 66.4604
64.3165 66.4604
64.3206 66.4646
64.8004 66.9604
65.2843 67.4604
65.2843 67.4604
65.2843 67.4604
65.7681 67.9604
65.7681 67.9604
66.0101 68.2104
66.252 68.4604
66.252 68.4604
66.252 68.4604
66.252 68.4604
66.252 68.4604
66.2561 68.4646
66.494 68.7104
66.7359 68.9604
66.7359 68.9604
67.2198 69.4604
67.2198 69.4604
67.4617 69.7104
67.4657 69.7146
67.7036 69.9604
68.1875 70.4604
68.1875 70.4604
68.1875 70.4604
68.1875 70.4604
68.1915 70.4646
68.6714 70.9604
68.6714 70.9604
69.1552 71.4604
69.1552 71.4604
69.1552 71.4604
69.6391 71.9604
69.6391 71.9604
70.123 72.4604
70.123 72.4604
70.123 72.4604
70.123 72.4604
70.123 72.4604
70.127 72.4646
70.6069 72.9604
70.8488 73.2104
71.0907 73.4604
71.0907 73.4604
71.3327 73.7104
71.5746 73.9604
71.8165 74.2104
72.0585 74.4604
72.0585 74.4604
72.0625 74.4646
72.3004 74.7104
72.5423 74.9604
72.5423 74.9604
72.7843 75.2104
73.0262 75.4604
73.2682 75.7104
73.5101 75.9604
73.5101 75.9604
73.752 76.2104
73.994 76.4604
73.994 76.4604
73.998 76.4646
74.2359 76.7104
74.4778 76.9604
74.4778 76.9604
74.7198 77.2104
74.9617 77.4604
75.2036 77.7104
75.4456 77.9604
75.4456 77.9604
75.6875 78.2104
75.9294 78.4604
75.9294 78.4604
75.9294 78.4604
75.9294 78.4604
75.9335 78.4646
76.4133 78.9604
76.4133 78.9604
76.8972 79.4604
76.8972 79.4604
76.8972 79.4604
77.1391 79.7104
77.3811 79.9604
77.3811 79.9604
77.623 80.2104
77.8649 80.4604
77.8649 80.4604
77.8649 80.4604
77.8649 80.4604
77.8649 80.4604
77.869 80.4646
78.1069 80.7104
78.1069 80.7104
78.3488 80.9604
78.3488 80.9604
78.3488 80.9604
78.3569 80.9688
78.5907 81.2104
78.5907 81.2104
78.8085 81.4354
79.0746 81.7104
79.2923 81.9354
79.3165 81.9604
79.3165 81.9604
79.8004 82.4604
79.8004 82.4604
79.8004 82.4604
79.8004 82.4604
79.8004 82.4604
79.8044 82.4646
79.8065 82.4667
80.2843 82.9604
80.7682 83.4604
80.7682 83.4604
80.7682 83.4604
81.252 83.9604
81.252 83.9604
81.494 84.2104
81.7359 84.4604
81.7359 84.4604
81.7359 84.4604
81.7359 84.4604
81.7399 84.4646
82.2198 84.9604
82.2198 84.9604
82.7036 85.4604
82.7036 85.4604
82.7036 85.4604
82.9456 85.7104
83.1875 85.9604
83.6714 86.4604
83.6714 86.4604
83.6714 86.4604
83.6714 86.4604
83.6754 86.4646
84.1552 86.9604
84.1552 86.9604
84.6391 87.4604
84.6391 87.4604
84.6391 87.4604
84.6391 87.4604
85.123 87.9604
85.123 87.9604
85.6069 88.4604
85.6069 88.4604
85.6069 88.4604
85.6069 88.4604
85.6069 88.4604
85.6109 88.4646
86.0302 88.8979
86.0907 88.9604
86.5585 89.4437
86.5746 89.4604
86.5746 89.4604
86.8065 89.7
86.8165 89.7104
87.0524 89.9542
87.0585 89.9604
87.5302 90.4479
87.5423 90.4604
87.5423 90.4604
87.5423 90.4604
87.5423 90.4604
87.5464 90.4646
88.0262 90.9604
88.0262 90.9604
88.5101 91.4604
88.5101 91.4604
88.5101 91.4604
88.5101 91.4604
88.994 91.9604
88.994 91.9604
89.4778 92.4604
89.4778 92.4604
89.4778 92.4604
89.4778 92.4604
89.4778 92.4604
89.4819 92.4646
89.9617 92.9604
89.9617 92.9604
90.4456 93.4604
90.4456 93.4604
90.4456 93.4604
90.9294 93.9604
90.9294 93.9604
91.1714 94.2104
91.4133 94.4604
91.4133 94.4604
91.4133 94.4604
91.4133 94.4604
91.4133 94.4604
91.4173 94.4646
92.3811 95.4604
92.3811 95.4604
93.3488 96.4604
93.3488 96.4604
93.3488 96.4604
93.3488 96.4604
93.3488 96.4604
93.3488 96.4604
93.3528 96.4646
93.8327 96.9604
94.3165 97.4604
94.8004 97.9604
95.0423 98.2104
95.2843 98.4604
95.2843 98.4604
95.2843 98.4604
95.2843 98.4604
95.2843 98.4604
95.2883 98.4646
95.7682 98.9604
95.7682 98.9604
96.252 99.4604
96.252 99.4604
96.7359 99.9604
97.2198 100.46
97.2198 100.46
97.2198 100.46
97.2198 100.46
97.2198 100.46
97.2238 100.465
97.4617 100.71
97.7036 100.96
97.9456 101.21
98.1875 101.46
98.1875 101.46
98.6714 101.96
98.6714 101.96
99.1552 102.46
99.1552 102.46
99.1552 102.46
99.1552 102.46
99.1552 102.46
99.1593 102.465
99.3972 102.71
99.6391 102.96
99.8811 103.21
100.607 103.96
101.091 104.46
101.091 104.46
101.333 104.71
101.575 104.96
101.817 105.21
102.058 105.46
102.058 105.46
103.026 106.46
103.026 106.46
103.026 106.46
103.026 106.46
103.026 106.46
103.268 106.71
103.51 106.96
103.752 107.21
103.994 107.46
103.994 107.46
104.478 107.96
104.962 108.46
105.204 108.71
105.446 108.96
105.688 109.21
105.929 109.46
105.929 109.46
105.929 109.46
106.413 109.96
106.897 110.46
106.897 110.46
106.897 110.46
106.897 110.46
107.139 110.71
107.381 110.96
107.623 111.21
107.865 111.46
108.349 111.96
108.833 112.46
108.833 112.46
109.552 113.204
109.623 113.277
109.69 113.346
109.752 113.41
109.798 113.458
109.8 113.46
109.8 113.46
109.8 113.46
109.853 113.515
109.911 113.575
109.966 113.631
110.02 113.688
110.042 113.71
110.065 113.733
110.111 113.781
110.173 113.846
110.232 113.906
110.284 113.96
110.284 113.96
110.29 113.967
110.341 114.019
110.391 114.071
110.456 114.138
110.51 114.194
110.569 114.254
110.609 114.296
110.657 114.346
110.708 114.398
110.75 114.442
110.768 114.46
110.768 114.46
110.768 114.46
110.768 114.46
110.768 114.46
110.788 114.481
111.01 114.71
111.252 114.96
111.252 114.96
111.494 115.21
111.736 115.46
111.736 115.46
111.736 115.46
111.978 115.71
112.22 115.96
112.22 115.96
112.462 116.21
112.704 116.46
112.704 116.46
112.946 116.71
113.188 116.96
113.188 116.96
113.429 117.21
113.671 117.46
113.671 117.46
113.671 117.46
114.155 117.96
114.155 117.96
114.155 117.96
114.639 118.46
114.639 118.46
114.639 118.46
114.639 118.46
114.639 118.46
114.639 118.46
114.881 118.71
115.123 118.96
115.365 119.21
115.607 119.46
115.607 119.46
115.607 119.46
115.849 119.71
116.091 119.96
116.333 120.21
116.575 120.46
116.575 120.46
116.575 120.46
116.817 120.71
117.058 120.96
117.058 120.96
117.3 121.21
117.542 121.46
117.542 121.46
117.542 121.46
117.784 121.71
118.026 121.96
118.026 121.96
118.268 122.21
118.51 122.46
118.51 122.46
118.51 122.46
118.51 122.46
118.51 122.46
118.51 122.46
118.752 122.71
118.994 122.96
119.236 123.21
119.478 123.46
119.478 123.46
119.478 123.46
119.72 123.71
119.962 123.96
119.962 123.96
120.446 124.46
120.446 124.46
120.688 124.71
120.929 124.96
120.929 124.96
120.929 124.96
121.171 125.21
121.413 125.46
121.413 125.46
121.655 125.71
121.897 125.96
121.897 125.96
121.897 125.96
122.381 126.46
122.381 126.46
122.381 126.46
122.381 126.46
122.623 126.71
122.623 126.71
122.865 126.96
122.865 126.96
123.107 127.21
123.349 127.46
123.591 127.71
123.591 127.71
123.833 127.96
124.075 128.21
124.317 128.46
124.317 128.46
124.317 128.46
124.317 128.46
124.558 128.71
125.284 129.46
125.526 129.71
125.768 129.96
126.252 130.46
126.252 130.46
126.736 130.96
126.736 130.96
126.978 131.21
127.22 131.46
127.22 131.46
127.462 131.71
127.704 131.96
127.704 131.96
127.946 132.21
128.188 132.46
128.188 132.46
128.671 132.96
128.671 132.96
128.913 133.21
128.913 133.21
129.397 133.71
129.639 133.96
129.639 133.96
129.881 134.21
130.123 134.46
130.123 134.46
130.365 134.71
130.607 134.96
130.607 134.96
130.849 135.21
131.091 135.46
131.333 135.71
131.575 135.96
131.575 135.96
132.058 136.46
132.058 136.46
132.3 136.71
132.542 136.96
132.784 137.21
133.026 137.46
133.268 137.71
133.51 137.96
133.752 138.21
133.994 138.46
133.994 138.46
134.236 138.71
134.478 138.96
134.478 138.96
134.72 139.21
134.962 139.46
135.204 139.71
135.446 139.96
135.446 139.96
135.929 140.46
135.929 140.46
136.171 140.71
136.413 140.96
136.413 140.96
136.655 141.21
136.655 141.21
137.139 141.71
137.381 141.96
137.381 141.96
137.623 142.21
137.865 142.46
137.865 142.46
138.107 142.71
138.349 142.96
138.349 142.96
138.591 143.21
138.833 143.46
139.075 143.71
139.317 143.96
139.317 143.96
139.8 144.46
139.8 144.46
140.042 144.71
140.226 144.9
140.26 144.935
140.284 144.96
140.325 145.002
140.399 145.079
140.45 145.131
140.496 145.179
140.526 145.21
140.56 145.246
140.617 145.304
140.679 145.369
140.722 145.412
140.766 145.458
140.821 145.515
140.867 145.562
140.919 145.617
140.974 145.673
141.01 145.71
141.115 145.819
141.161 145.867
141.212 145.919
141.252 145.96
141.288 145.998
141.369 146.081
141.458 146.173
141.532 146.25
141.694 146.417
141.736 146.46
141.736 146.46
141.877 146.606
141.978 146.71
142.22 146.96
142.22 146.96
142.462 147.21
142.704 147.46
142.946 147.71
143.188 147.96
143.188 147.96
143.671 148.46
143.671 148.46
143.913 148.71
144.155 148.96
144.155 148.96
144.397 149.21
144.639 149.46
144.639 149.46
145.123 149.96
145.365 150.21
145.607 150.46
145.607 150.46
145.849 150.71
146.091 150.96
146.091 150.96
146.333 151.21
146.575 151.46
146.817 151.71
147.058 151.96
147.058 151.96
147.542 152.46
147.542 152.46
147.784 152.71
148.026 152.96
148.026 152.96
148.268 153.21
148.752 153.71
148.994 153.96
149.478 154.46
149.478 154.46
149.72 154.71
149.962 154.96
149.962 154.96
150.204 155.21
150.446 155.46
150.688 155.71
150.929 155.96
150.929 155.96
151.171 156.21
151.413 156.46
151.413 156.46
151.655 156.71
151.897 156.96
151.897 156.96
152.139 157.21
152.381 157.46
152.623 157.71
152.865 157.96
152.865 157.96
153.107 158.21
153.349 158.46
153.349 158.46
153.591 158.71
153.833 158.96
153.833 158.96
154.075 159.21
154.317 159.46
154.558 159.71
154.8 159.96
154.8 159.96
155.284 160.46
155.284 160.46
155.526 160.71
155.54 160.725
155.591 160.777
155.649 160.838
155.698 160.887
155.75 160.942
155.768 160.96
155.796 160.99
155.847 161.042
155.899 161.096
155.944 161.142
155.988 161.188
156.01 161.21
156.04 161.242
156.097 161.3
156.103 161.306
156.161 161.367
156.177 161.383
156.212 161.419
156.232 161.44
156.252 161.46
156.268 161.477
156.28 161.49
156.335 161.546
156.343 161.554
156.391 161.604
156.397 161.61
156.454 161.669
156.458 161.673
156.494 161.71
156.494 161.71
156.504 161.721
156.538 161.756
156.54 161.758
156.587 161.806
156.635 161.856
156.683 161.906
156.726 161.95
156.736 161.96
156.762 161.988
156.817 162.044
156.865 162.094
156.927 162.158
156.974 162.206
156.978 162.21
157.022 162.256
157.085 162.321
157.123 162.36
157.22 162.46
157.22 162.46
157.22 162.46
157.22 162.46
157.22 162.46
157.222 162.463
157.704 162.96
158.188 163.46
158.188 163.46
158.188 163.46
158.671 163.96
158.671 163.96
158.913 164.21
159.155 164.46
159.155 164.46
159.155 164.46
159.155 164.46
159.155 164.46
159.157 164.463
159.397 164.71
159.639 164.96
159.639 164.96
160.123 165.46
160.123 165.46
160.365 165.71
160.367 165.713
160.607 165.96
161.091 166.46
161.091 166.46
161.091 166.46
161.091 166.46
161.093 166.463
161.575 166.96
161.575 166.96
162.058 167.46
162.058 167.46
162.058 167.46
162.542 167.96
162.542 167.96
163.026 168.46
163.026 168.46
163.026 168.46
163.026 168.46
163.026 168.46
163.028 168.463
163.51 168.96
163.752 169.21
163.994 169.46
163.994 169.46
164.236 169.71
164.478 169.96
164.72 170.21
164.962 170.46
164.962 170.46
164.964 170.463
165.204 170.71
165.446 170.96
165.446 170.96
165.688 171.21
165.929 171.46
166.171 171.71
166.413 171.96
166.413 171.96
166.655 172.21
166.897 172.46
166.897 172.46
166.899 172.463
167.139 172.71
167.381 172.96
167.381 172.96
167.623 173.21
167.865 173.46
168.107 173.71
168.349 173.96
168.349 173.96
168.591 174.21
168.833 174.46
168.833 174.46
168.833 174.46
168.833 174.46
168.835 174.463
169.317 174.96
169.317 174.96
169.8 175.46
169.8 175.46
169.8 175.46
170.042 175.71
170.284 175.96
170.284 175.96
170.526 176.21
170.768 176.46
170.768 176.46
170.768 176.46
170.768 176.46
170.768 176.46
170.77 176.463
171.01 176.71
171.01 176.71
171.252 176.96
171.252 176.96
171.252 176.96
171.26 176.969
171.494 177.21
171.494 177.21
171.698 177.421
171.978 177.71
172.169 177.908
172.22 177.96
172.22 177.96
172.685 178.442
172.704 178.46
172.704 178.46
172.704 178.46
172.704 178.46
172.704 178.46
172.706 178.463
173.188 178.96
173.671 179.46
173.671 179.46
173.671 179.46
174.155 179.96
174.155 179.96
174.397 180.21
174.639 180.46
174.639 180.46
174.639 180.46
174.639 180.46
174.641 180.463
175.123 180.96
175.123 180.96
175.607 181.46
175.607 181.46
175.607 181.46
175.849 181.71
176.091 181.96
176.575 182.46
176.575 182.46
176.575 182.46
176.575 182.46
176.577 182.463
177.058 182.96
177.058 182.96
177.542 183.46
177.542 183.46
177.542 183.46
177.542 183.46
178.026 183.96
178.026 183.96
178.51 184.46
178.51 184.46
178.51 184.46
178.51 184.46
178.51 184.46
178.512 184.463
178.994 184.96
179.002 184.969
179.478 185.46
179.478 185.46
179.49 185.473
179.71 185.7
179.72 185.71
179.956 185.954
179.962 185.96
180.433 186.448
180.446 186.46
180.446 186.46
180.446 186.46
180.448 186.463
180.454 186.469
180.929 186.96
180.929 186.96
181.413 187.46
181.413 187.46
181.413 187.46
181.413 187.46
181.897 187.96
181.897 187.96
182.381 188.46
182.381 188.46
182.381 188.46
182.381 188.46
182.381 188.46
182.383 188.463
182.865 188.96
182.865 188.96
183.349 189.46
183.349 189.46
183.349 189.46
183.833 189.96
183.833 189.96
184.075 190.21
184.317 190.46
184.317 190.46
184.317 190.46
184.317 190.46
184.317 190.46
184.319 190.463
185.284 191.46
185.284 191.46
186.252 192.46
186.252 192.46
186.252 192.46
186.252 192.46
186.252 192.46
186.252 192.46
186.254 192.463
186.736 192.96
187.22 193.46
187.704 193.96
187.946 194.21
188.188 194.46
188.19 194.463
188.429 194.71
188.444 194.725
188.446 194.727
188.494 194.777
188.552 194.838
188.601 194.887
188.653 194.942
188.671 194.96
188.671 194.96
188.7 194.99
188.75 195.042
188.802 195.096
188.847 195.142
188.891 195.188
188.913 195.21
188.944 195.242
189 195.3
189.006 195.306
189.008 195.308
189.065 195.367
189.081 195.383
189.115 195.419
189.135 195.44
189.155 195.46
189.171 195.477
189.183 195.49
189.238 195.546
189.246 195.554
189.294 195.604
189.3 195.61
189.357 195.669
189.361 195.673
189.397 195.71
189.397 195.71
189.407 195.721
189.442 195.756
189.444 195.758
189.49 195.806
189.538 195.856
189.587 195.906
189.629 195.95
189.639 195.96
189.665 195.988
189.72 196.044
189.768 196.094
189.831 196.158
189.877 196.206
189.881 196.21
189.925 196.256
189.988 196.321
190.026 196.36
190.123 196.46
190.123 196.46
190.123 196.46
190.123 196.46
190.123 196.46
190.125 196.463
190.607 196.96
191.091 197.46
191.091 197.46
191.091 197.46
191.575 197.96
191.575 197.96
191.817 198.21
192.058 198.46
192.058 198.46
192.058 198.46
192.058 198.46
192.058 198.46
192.06 198.463
192.3 198.71
192.542 198.96
192.542 198.96
193.026 199.46
193.026 199.46
193.268 199.71
193.27 199.713
193.51 199.96
193.994 200.46
193.994 200.46
193.994 200.46
193.994 200.46
193.996 200.463
194.478 200.96
194.478 200.96
194.962 201.46
194.962 201.46
194.962 201.46
195.446 201.96
195.446 201.96
195.929 202.46
195.929 202.46
195.929 202.46
195.929 202.46
195.929 202.46
195.931 202.463
196.413 202.96
196.655 203.21
196.897 203.46
196.897 203.46
197.139 203.71
197.381 203.96
197.623 204.21
197.865 204.46
197.865 204.46
197.867 204.463
198.107 204.71
198.349 204.96
198.349 204.96
198.591 205.21
198.833 205.46
199.075 205.71
199.317 205.96
199.317 205.96
199.558 206.21
199.8 206.46
199.8 206.46
199.802 206.463
200.042 206.71
200.284 206.96
200.284 206.96
200.526 207.21
200.768 207.46
201.01 207.71
201.252 207.96
201.252 207.96
201.494 208.21
201.736 208.46
201.736 208.46
201.736 208.46
201.736 208.46
201.738 208.463
202.22 208.96
202.22 208.96
202.704 209.46
202.704 209.46
202.704 209.46
202.946 209.71
203.188 209.96
203.188 209.96
203.429 210.21
203.671 210.46
203.671 210.46
203.671 210.46
203.671 210.46
203.671 210.46
203.673 210.463
203.913 210.71
203.913 210.71
204.155 210.96
204.155 210.96
204.155 210.96
204.163 210.969
204.397 211.21
204.397 211.21
204.601 211.421
204.881 211.71
205.073 211.908
205.123 211.96
205.123 211.96
205.589 212.442
205.607 212.46
205.607 212.46
205.607 212.46
205.607 212.46
205.607 212.46
205.609 212.463
206.091 212.96
206.575 213.46
206.575 213.46
206.575 213.46
207.058 213.96
207.058 213.96
207.3 214.21
207.542 214.46
207.542 214.46
207.542 214.46
207.542 214.46
207.544 214.463
208.026 214.96
208.026 214.96
208.51 215.46
208.51 215.46
208.51 215.46
208.752 215.71
208.994 215.96
209.478 216.46
209.478 216.46
209.478 216.46
209.478 216.46
209.48 216.463
209.962 216.96
209.962 216.96
210.446 217.46
210.446 217.46
210.446 217.46
210.446 217.46
210.929 217.96
210.929 217.96
211.413 218.46
211.413 218.46
211.413 218.46
211.413 218.46
211.413 218.46
211.415 218.463
211.837 218.898
211.897 218.96
212.365 219.444
212.381 219.46
212.381 219.46
212.613 219.7
212.623 219.71
212.859 219.954
212.865 219.96
213.337 220.448
213.349 220.46
213.349 220.46
213.349 220.46
213.349 220.46
213.351 220.463
213.833 220.96
213.833 220.96
214.317 221.46
214.317 221.46
214.317 221.46
214.317 221.46
214.8 221.96
214.8 221.96
215.284 222.46
215.284 222.46
215.284 222.46
215.284 222.46
215.284 222.46
215.286 222.463
215.768 222.96
215.768 222.96
216.252 223.46
216.252 223.46
216.252 223.46
216.736 223.96
216.736 223.96
216.978 224.21
217.22 224.46
217.22 224.46
217.22 224.46
217.22 224.46
217.22 224.46
217.222 224.463
218.188 225.46
218.188 225.46
219.155 226.46
219.155 226.46
219.155 226.46
219.155 226.46
219.155 226.46
219.155 226.46
219.157 226.463
219.639 226.96
220.123 227.46
220.607 227.96
220.849 228.21
221.087 228.456
221.089 228.458
221.091 228.46
221.323 228.7
221.583 228.969
221.819 229.213
222.048 229.45
222.323 229.733
222.518 229.935
222.762 230.188
223.012 230.446
223.016 230.45
223.02 230.454
223.022 230.456
224.855 232.35
224.907 232.404
224.968 232.467
224.988 232.488
224.99 232.49
225 232.5
225.147 232.652
225.998 233.531
226.315 233.858
226.478 234.027
227.006 234.573
227.54 235.125
227.895 235.492
228.833 236.46
228.865 236.494
228.871 236.5
228.915 236.546
229.317 236.96
232.462 240.21
235.607 243.46
235.607 243.46
235.607 243.46
236.091 243.96
236.575 244.46
236.575 244.46
237.058 244.96
237.058 244.96
237.542 245.46
237.542 245.46
237.542 245.46
237.542 245.46
238.026 245.96
238.026 245.96
238.268 246.21
238.51 246.46
238.51 246.46
238.994 246.96
238.994 246.96
238.994 246.96
239.478 247.46
239.478 247.46
239.478 247.46
239.478 247.46
239.962 247.96
240.446 248.46
240.446 248.46
240.929 248.96
240.929 248.96
241.413 249.46
241.413 249.46
241.897 249.96
241.897 249.96
242.381 250.46
242.381 250.46
242.865 250.96
242.865 250.96
242.865 250.96
243.349 251.46
243.349 251.46
243.833 251.96
243.833 251.96
244.317 252.46
244.317 252.46
244.8 252.96
244.8 252.96
245.284 253.46
245.284 253.46
245.284 253.46
245.284 253.46
245.768 253.96
246.252 254.46
246.252 254.46
246.252 254.46
246.978 255.21
247.22 255.46
247.22 255.46
247.22 255.46
247.22 255.46
247.704 255.96
248.188 256.46
248.188 256.46
248.671 256.96
249.155 257.46
249.155 257.46
249.155 257.46
250.123 258.46
250.123 258.46
251.038 259.406
251.629 260.017
251.968 260.367
252.387 260.8
252.633 261.054
252.859 261.288
253.069 261.504
253.315 261.758
253.573 262.025
253.855 262.317
254.198 262.671
254.607 263.094
255.083 263.585
255.561 264.079
256.45 264.998
256.504 265.054
256.663 265.219
256.744 265.302
256.802 265.363
256.869 265.431
256.946 265.51
256.992 265.558
257.075 265.644
257.133 265.704
257.212 265.785
257.276 265.852
257.337 265.915
257.419 266
257.478 266.06
257.554 266.14
257.619 266.206
257.688 266.277
257.754 266.346
257.837 266.431
257.903 266.5
257.958 266.556
258.046 266.648
258.125 266.729
258.188 266.794
258.268 266.877
258.329 266.94
258.401 267.015
258.464 267.079
258.536 267.154
258.603 267.223
258.675 267.298
258.744 267.369
258.748 267.373
258.8 267.427
258.815 267.442
258.889 267.519
258.895 267.525
258.948 267.579
258.956 267.587
259.012 267.646
259.034 267.669
259.063 267.698
259.093 267.729
259.105 267.742
259.167 267.806
259.169 267.808
259.216 267.856
259.238 267.879
259.268 267.91
259.306 267.95
259.308 267.952
259.347 267.992
259.377 268.023
259.393 268.04
259.431 268.079
259.444 268.092
259.472 268.121
259.502 268.152
259.516 268.167
259.53 268.181
259.575 268.227
259.583 268.235
259.585 268.238
259.641 268.296
259.661 268.317
259.677 268.333
259.714 268.371
259.728 268.385
259.752 268.41
259.792 268.452
259.8 268.46
259.841 268.502
259.871 268.533
259.873 268.535
259.905 268.569
259.946 268.61
259.95 268.615
259.988 268.654
260.004 268.671
260.038 268.706
260.075 268.744
260.095 268.765
260.109 268.779
260.145 268.817
260.151 268.823
260.19 268.863
260.23 268.904
260.23 268.904
260.288 268.965
260.3 268.977
260.347 269.025
260.369 269.048
260.389 269.069
260.44 269.121
260.456 269.137
260.48 269.163
260.508 269.192
260.522 269.206
260.554 269.24
260.593 269.279
260.597 269.283
260.645 269.333
260.675 269.365
260.681 269.371
260.718 269.408
260.75 269.442
260.762 269.454
260.8 269.494
260.823 269.517
260.839 269.533
260.869 269.565
260.897 269.594
260.901 269.598
260.958 269.656
260.966 269.665
260.982 269.681
261.061 269.762
261.085 269.788
261.117 269.821
261.131 269.835
261.163 269.869
261.204 269.91
261.272 269.981
261.337 270.048
261.355 270.067
261.385 270.098
261.425 270.14
261.454 270.169
261.51 270.227
261.571 270.29
261.625 270.346
261.651 270.373
261.675 270.398
261.736 270.46
261.736 270.46
261.774 270.5
261.802 270.529
261.841 270.569
261.875 270.604
261.903 270.633
261.948 270.679
261.956 270.688
261.966 270.698
262.034 270.769
262.056 270.792
262.115 270.852
262.123 270.86
262.169 270.908
262.179 270.919
262.232 270.973
262.256 270.998
262.278 271.021
262.325 271.069
262.333 271.077
262.389 271.135
262.407 271.154
262.444 271.192
262.494 271.244
262.514 271.265
262.563 271.315
262.569 271.321
262.627 271.381
262.645 271.4
262.704 271.46
262.716 271.473
262.766 271.525
262.778 271.538
262.857 271.619
262.869 271.631
262.927 271.692
262.933 271.698
262.996 271.762
263.02 271.788
263.079 271.848
263.087 271.856
263.149 271.921
263.161 271.933
263.234 272.008
263.304 272.081
263.369 272.148
263.446 272.227
263.524 272.308
263.603 272.39
263.883 272.679
