0.590908 0.758333
1.56493 2.00833
2.34415 3.00833
2.34415 3.00833
2.34415 3.00833
2.34415 3.00833
2.73376 3.50833
2.73376 3.50833
3.12337 4.00833
3.12337 4.00833
3.51298 4.50833
3.51298 4.50833
3.51298 4.50833
3.90259 5.00833
4.28721 5.50833
4.28721 5.50833
4.47952 5.75833
4.67182 6.00833
4.67182 6.00833
5.05644 6.50833
5.05644 6.50833
5.44105 7.00833
5.44105 7.00833
5.44105 7.00833
5.44105 7.00833
5.44105 7.00833
5.82567 7.50833
5.82567 7.50833
6.21028 8.00833
6.21028 8.00833
6.5949 8.50833
6.5949 8.50833
6.5949 8.50833
6.97951 9.00833
7.36413 9.50833
7.36413 9.50833
7.55644 9.75833
7.74874 10.0083
7.74874 10.0083
8.13336 10.5083
8.13336 10.5083
8.51797 11.0083
8.51797 11.0083
8.51797 11.0083
8.51797 11.0083
8.51797 11.0083
8.90259 11.5083
8.90259 11.5083
9.2872 12.0083
9.2872 12.0083
9.65757 12.5083
9.65757 12.5083
9.65757 12.5083
9.65757 12.5083
10.0279 13.0083
10.0279 13.0083
10.3983 13.5083
10.3983 13.5083
10.7687 14.0083
10.7687 14.0083
10.7687 14.0083
11.1741 14.5083
11.1741 14.5083
11.3768 14.7583
11.5795 15.0083
11.5795 15.0083
11.5795 15.0083
11.5795 15.0083
11.9545 15.5083
12.3295 16.0083
12.7045 16.5083
12.7045 16.5083
13.0795 17.0083
13.0795 17.0083
13.4545 17.5083
13.4545 17.5083
13.8295 18.0083
13.8295 18.0083
13.8295 18.0083
14.2045 18.5083
14.2045 18.5083
14.5795 19.0083
14.5795 19.0083
14.5795 19.0083
14.5795 19.0083
14.5795 19.0083
14.9691 19.5083
14.9691 19.5083
15.3587 20.0083
15.3587 20.0083
15.7483 20.5083
15.7483 20.5083
15.7483 20.5083
16.1379 21.0083
16.1379 21.0083
16.5129 21.5083
16.5129 21.5083
16.7004 21.7583
16.8879 22.0083
16.8879 22.0083
16.8879 22.0083
17.0754 22.2583
17.2629 22.5083
17.2629 22.5083
17.4504 22.7583
17.6379 23.0083
17.6379 23.0083
17.6379 23.0083
17.6379 23.0083
18.0129 23.5083
18.0129 23.5083
18.3879 24.0083
18.3879 24.0083
18.7775 24.5083
18.7775 24.5083
18.7775 24.5083
18.7775 24.5083
19.1672 25.0083
19.1672 25.0083
19.362 25.2583
19.5568 25.5083
19.5568 25.5083
19.5568 25.5083
19.7516 25.7583
19.9464 26.0083
20.1412 26.2583
20.336 26.5083
20.336 26.5083
20.5308 26.7583
20.7256 27.0083
20.7256 27.0083
20.7256 27.0083
20.7256 27.0083
21.1152 27.5083
21.1152 27.5083
21.5048 28.0083
21.5048 28.0083
21.8944 28.5083
21.8944 28.5083
21.8944 28.5083
22.284 29.0083
22.284 29.0083
22.284 29.0083
22.284 29.0083
22.284 29.0083
22.6736 29.5083
23.0633 30.0083
23.0633 30.0083
23.4383 30.5083
23.4383 30.5083
23.8133 31.0083
23.8133 31.0083
23.8133 31.0083
23.8133 31.0083
24.1883 31.5083
24.1883 31.5083
24.5633 32.0083
24.9479 32.5083
24.9479 32.5083
26.0642 34.0083
26.0642 34.0083
26.7959 35.0083
26.7959 35.0083
26.7959 35.0083
26.7959 35.0083
26.7959 35.0083
27.1709 35.5083
27.1709 35.5083
27.5459 36.0083
27.5459 36.0083
27.9406 36.5083
27.9406 36.5083
28.3354 37.0083
28.3354 37.0083
28.3354 37.0083
28.3354 37.0083
28.7301 37.5083
28.7301 37.5083
29.1248 38.0083
29.1248 38.0083
29.5095 38.5083
29.5095 38.5083
29.8941 39.0083
29.8941 39.0083
29.8941 39.0083
29.8941 39.0083
30.2787 39.5083
30.2787 39.5083
30.6633 40.0083
30.6633 40.0083
31.0479 40.5083
31.4325 41.0083
31.4325 41.0083
31.4325 41.0083
31.8172 41.5083
32.2018 42.0083
32.2018 42.0083
32.5768 42.5083
32.5768 42.5083
32.9518 43.0083
32.9518 43.0083
32.9518 43.0083
32.9518 43.0083
32.9518 43.0083
33.3268 43.5083
33.3268 43.5083
33.7018 44.0083
33.7018 44.0083
34.0768 44.5083
34.0768 44.5083
34.4518 45.0083
34.4518 45.0083
34.4518 45.0083
34.4518 45.0083
34.8268 45.5083
34.8268 45.5083
35.0143 45.7583
35.2018 46.0083
35.5815 46.5083
35.7714 46.7583
35.9613 47.0083
35.9613 47.0083
35.9613 47.0083
35.9613 47.0083
35.9613 47.0083
36.356 47.5083
36.356 47.5083
36.7507 48.0083
36.7507 48.0083
37.1455 48.5083
37.1455 48.5083
37.3428 48.7583
37.5402 49.0083
37.5402 49.0083
37.5402 49.0083
37.5402 49.0083
37.9248 49.5083
37.9248 49.5083
38.3094 50.0083
38.3094 50.0083
38.3094 50.0083
38.6798 50.5083
39.0502 51.0083
39.0502 51.0083
39.0502 51.0083
39.0502 51.0083
39.0502 51.0083
39.4205 51.5083
39.4205 51.5083
39.7909 52.0083
39.7909 52.0083
40.1613 52.5083
40.1613 52.5083
40.1613 52.5083
40.3465 52.7583
40.5317 53.0083
40.5317 53.0083
40.5317 53.0083
40.5317 53.0083
40.9163 53.5083
40.9163 53.5083
41.3009 54.0083
41.3009 54.0083
41.4932 54.2583
41.6855 54.5083
41.6855 54.5083
41.8778 54.7583
42.0701 55.0083
42.0701 55.0083
42.0701 55.0083
42.0701 55.0083
42.0701 55.0083
42.4547 55.5083
42.4547 55.5083
42.8394 56.0083
42.8394 56.0083
43.224 56.5083
43.224 56.5083
43.224 56.5083
43.6086 57.0083
43.6086 57.0083
43.6086 57.0083
43.6086 57.0083
43.6086 57.0083
43.9932 57.5083
44.3778 58.0083
44.3778 58.0083
44.3778 58.0083
44.3778 58.0083
44.3778 58.0083
44.7624 58.5083
44.7624 58.5083
45.147 59.0083
45.147 59.0083
45.147 59.0083
45.147 59.0083
45.147 59.0083
45.147 59.0083
45.147 59.0083
45.5317 59.5083
45.9163 60.0083
46.3009 60.5083
46.6855 61.0083
46.6855 61.0083
46.6855 61.0083
46.6855 61.0083
47.0701 61.5083
47.4547 62.0083
47.4547 62.0083
47.8393 62.5083
47.8393 62.5083
48.224 63.0083
48.224 63.0083
48.224 63.0083
48.224 63.0083
48.224 63.0083
48.6086 63.5083
48.6086 63.5083
48.9932 64.0083
49.3879 64.5083
49.3879 64.5083
49.7827 65.0083
49.7827 65.0083
49.7827 65.0083
50.1774 65.5083
50.1774 65.5083
50.5721 66.0083
50.5721 66.0083
50.5721 66.0083
50.5721 66.0083
50.9721 66.5083
50.9721 66.5083
51.3205 66.9437
51.3205 66.9437
51.3321 66.9583
51.3721 67.0083
51.3721 67.0083
51.3721 67.0083
51.7143 67.4646
52.1018 67.9813
52.455 68.4521
52.4581 68.4562
52.4971 68.5083
52.8284 68.95
52.83 68.9521
52.8315 68.9542
52.8721 69.0083
52.8721 69.0083
52.8721 69.0083
53.1971 69.4417
53.2471 69.5083
53.2471 69.5083
53.5659 69.9333
53.6221 70.0083
53.9206 70.4062
53.9971 70.5083
54.3128 70.9292
54.3159 70.9333
54.3206 70.9396
54.3721 71.0083
54.3721 71.0083
54.3721 71.0083
54.6596 71.3917
54.7471 71.5083
55.0706 71.9396
55.1221 72.0083
55.4518 72.4479
55.4971 72.5083
55.4971 72.5083
55.8643 72.9979
56.2081 73.4562
56.2315 73.4875
56.2471 73.5083
56.2471 73.5083
56.6221 74.0083
56.6221 74.0083
56.6221 74.0083
56.6378 74.0292
56.6409 74.0333
56.9971 74.5083
57.0018 74.5146
57.0143 74.5312
57.1971 74.775
57.3206 74.9396
57.3721 75.0083
57.3721 75.0083
57.3721 75.0083
57.3754 75.0125
57.3853 75.025
57.7241 75.4542
58.1189 75.9542
58.4939 76.4292
58.5564 76.5083
58.8738 76.9104
58.8771 76.9146
58.8804 76.9188
58.9511 77.0083
58.9511 77.0083
58.9511 77.0083
59.2786 77.4396
59.2818 77.4437
59.2818 77.4437
59.3308 77.5083
59.6758 77.9625
59.6774 77.9646
59.6884 77.9792
59.7106 78.0083
60.0698 78.4813
60.0903 78.5083
60.2802 78.7583
60.4495 78.9813
60.4527 78.9854
60.4653 79.0021
60.4701 79.0083
60.4701 79.0083
60.8198 79.4688
61.1963 79.9646
61.2296 80.0083
61.5682 80.4542
61.5729 80.4604
61.9574 80.9667
61.9891 81.0083
62.3416 81.4667
62.3737 81.5083
62.7118 81.9479
62.7198 81.9583
62.7375 81.9813
62.7583 82.0083
62.7583 82.0083
63.1253 82.4854
63.1429 82.5083
63.5275 83.0083
63.5275 83.0083
63.5275 83.0083
63.5275 83.0083
63.5275 83.0083
63.9121 83.5083
64.2968 84.0083
64.2968 84.0083
64.6814 84.5083
65.066 85.0083
65.066 85.0083
65.066 85.0083
65.066 85.0083
65.066 85.0083
65.4607 85.5083
65.4607 85.5083
65.8555 86.0083
65.8555 86.0083
65.8555 86.0083
65.8555 86.0083
66.2502 86.5083
66.2502 86.5083
66.6449 87.0083
66.6449 87.0083
66.6449 87.0083
66.6449 87.0083
66.6449 87.0083
66.7801 87.175
67.0503 87.5083
67.4557 88.0083
67.4557 88.0083
67.4557 88.0083
67.4557 88.0083
67.8611 88.5083
68.0639 88.7583
68.0639 88.7583
68.2666 89.0083
68.2666 89.0083
68.2666 89.0083
68.2666 89.0083
68.4693 89.2583
71.8382 93.5083
72.0281 93.7583
72.218 94.0083
72.218 94.0083
72.218 94.0083
72.218 94.0083
72.218 94.0083
72.218 94.0083
72.6346 94.5083
72.6346 94.5083
73.0513 95.0083
73.0513 95.0083
73.468 95.5083
73.468 95.5083
73.8846 96.0083
73.8846 96.0083
74.718 97.0083
74.718 97.0083
75.1076 97.5083
75.1076 97.5083
75.3024 97.7583
75.4972 98.0083
75.4972 98.0083
75.4972 98.0083
75.4972 98.0083
75.9258 98.5083
75.9258 98.5083
76.3543 99.0083
76.3543 99.0083
76.7829 99.5083
76.7829 99.5083
77.2115 100.008
77.4258 100.258
77.8543 100.758
80.7998 104.008
81.6954 105.008
82.4954 106.008
82.4954 106.008
82.4954 106.008
82.4954 106.008
82.8954 106.508
82.8954 106.508
83.2954 107.008
83.2954 107.008
83.6704 107.508
83.6704 107.508
84.0454 108.008
84.0454 108.008
84.4204 108.508
84.4204 108.508
84.4204 108.508
84.6079 108.758
84.7954 109.008
85.1704 109.508
85.1704 109.508
85.1704 109.508
85.5454 110.008
85.5454 110.008
85.5454 110.008
85.5454 110.008
85.5454 110.008
85.9204 110.508
85.9204 110.508
86.2954 111.008
86.2954 111.008
86.6704 111.508
86.6704 111.508
87.0454 112.008
87.0454 112.008
87.0454 112.008
87.435 112.508
87.435 112.508
87.6298 112.758
87.8246 113.008
87.8246 113.008
88.2142 113.508
88.2142 113.508
88.2142 113.508
88.6038 114.008
88.6038 114.008
88.6038 114.008
88.6038 114.008
88.6038 114.008
88.9934 114.508
88.9934 114.508
89.383 115.008
89.383 115.008
89.7726 115.508
89.7726 115.508
90.1623 116.008
90.1623 116.008
90.1623 116.008
90.1623 116.008
90.1623 116.008
90.5326 116.508
90.903 117.008
90.903 117.008
91.2827 117.508
91.2827 117.508
91.4726 117.758
91.6625 118.008
91.6625 118.008
91.6625 118.008
91.6625 118.008
92.0239 118.508
92.3854 119.008
92.7468 119.508
93.1083 120.008
93.1083 120.008
93.1083 120.008
93.1083 120.008
93.503 120.508
93.8977 121.008
93.8977 121.008
93.8977 121.008
94.6872 122.008
94.6872 122.008
94.6872 122.008
94.6872 122.008
95.0718 122.508
95.0718 122.508
95.4564 123.008
95.4564 123.008
95.4564 123.008
95.4564 123.008
95.4564 123.008
95.8411 123.508
95.8411 123.508
96.0334 123.758
96.0334 123.758
96.0334 123.758
96.2257 124.008
96.418 124.258
96.6103 124.508
96.6103 124.508
96.8026 124.758
96.8026 124.758
96.8026 124.758
96.9949 125.008
96.9949 125.008
96.9949 125.008
97.1923 125.258
97.3896 125.508
97.3896 125.508
97.587 125.758
97.7844 126.008
97.7844 126.008
97.7844 126.008
97.7844 126.008
98.1641 126.508
98.1641 126.508
98.5439 127.008
98.5439 127.008
98.5439 127.008
98.5439 127.008
98.9236 127.508
98.9236 127.508
99.3034 128.008
99.3034 128.008
99.4932 128.258
99.4932 128.258
99.6831 128.508
99.6831 128.508
99.873 128.758
99.873 128.758
100.063 129.008
100.253 129.258
100.443 129.508
100.443 129.508
100.632 129.758
100.822 130.008
100.822 130.008
100.822 130.008
100.822 130.008
101.012 130.258
101.012 130.258
101.202 130.508
101.202 130.508
101.582 131.008
101.582 131.008
101.582 131.008
101.582 131.008
101.582 131.008
101.962 131.508
101.962 131.508
102.341 132.008
102.341 132.008
102.341 132.008
102.341 132.008
102.341 132.008
102.721 132.508
103.101 133.008
103.101 133.008
103.101 133.008
103.101 133.008
103.101 133.008
103.518 133.508
103.934 134.008
103.934 134.008
103.934 134.008
103.934 134.008
104.309 134.508
104.684 135.008
104.684 135.008
105.059 135.508
105.059 135.508
105.434 136.008
105.434 136.008
105.434 136.008
105.809 136.508
106.184 137.008
106.184 137.008
106.579 137.508
106.579 137.508
106.776 137.758
106.974 138.008
106.974 138.008
106.974 138.008
106.974 138.008
107.344 138.508
107.714 139.008
107.714 139.008
108.085 139.508
108.455 140.008
108.455 140.008
108.455 140.008
108.825 140.508
109.011 140.758
109.072 140.842
109.134 140.925
109.196 141.008
109.196 141.008
109.196 141.008
109.576 141.508
109.576 141.508
109.955 142.008
109.955 142.008
109.955 142.008
109.955 142.008
110.335 142.508
110.525 142.758
110.715 143.008
110.715 143.008
111.095 143.508
111.095 143.508
111.474 144.008
111.474 144.008
111.474 144.008
111.874 144.508
112.274 145.008
112.274 145.008
112.274 145.008
112.467 145.258
112.659 145.508
112.659 145.508
112.851 145.758
112.851 145.758
112.851 145.758
113.044 146.008
113.044 146.008
113.044 146.008
113.044 146.008
113.428 146.508
113.813 147.008
113.813 147.008
113.813 147.008
114.197 147.508
114.39 147.758
114.582 148.008
114.582 148.008
114.582 148.008
114.967 148.508
115.351 149.008
115.351 149.008
115.736 149.508
115.736 149.508
115.928 149.758
116.12 150.008
116.12 150.008
116.12 150.008
116.12 150.008
116.12 150.008
116.505 150.508
116.505 150.508
116.89 151.008
116.89 151.008
116.89 151.008
116.89 151.008
117.274 151.508
117.274 151.508
117.659 152.008
117.659 152.008
117.659 152.008
117.659 152.008
117.659 152.008
118.034 152.508
118.409 153.008
118.409 153.008
118.409 153.008
118.409 153.008
118.784 153.508
119.159 154.008
119.159 154.008
119.159 154.008
119.159 154.008
119.159 154.008
119.721 154.758
119.909 155.008
119.909 155.008
119.909 155.008
119.909 155.008
120.104 155.258
120.299 155.508
120.299 155.508
120.688 156.008
120.688 156.008
120.688 156.008
120.688 156.008
120.688 156.008
120.688 156.008
121.438 157.008
121.438 157.008
121.438 157.008
121.823 157.508
121.823 157.508
122.015 157.758
122.207 158.008
122.207 158.008
122.207 158.008
122.207 158.008
122.207 158.008
122.592 158.508
122.784 158.758
122.977 159.008
122.977 159.008
122.977 159.008
122.977 159.008
122.977 159.008
122.977 159.008
123.169 159.258
123.361 159.508
123.746 160.008
123.746 160.008
123.746 160.008
123.746 160.008
123.746 160.008
123.746 160.008
124.515 161.008
124.9 161.508
124.9 161.508
125.092 161.758
125.284 162.008
125.284 162.008
125.284 162.008
125.284 162.008
125.284 162.008
125.284 162.008
125.669 162.508
125.669 162.508
126.054 163.008
126.054 163.008
126.054 163.008
126.054 163.008
126.438 163.508
126.823 164.008
126.823 164.008
126.823 164.008
127.4 164.758
127.592 165.008
127.592 165.008
127.962 165.508
127.962 165.508
128.148 165.758
128.333 166.008
128.333 166.008
128.333 166.008
128.333 166.008
128.333 166.008
128.703 166.508
128.888 166.758
128.888 166.758
129.074 167.008
129.259 167.258
129.444 167.508
129.444 167.508
129.629 167.758
129.814 168.008
130.014 168.258
130.214 168.508
130.414 168.758
130.614 169.008
131.355 170.008
131.355 170.008
131.355 170.008
131.355 170.008
131.355 170.008
131.74 170.508
131.74 170.508
132.124 171.008
132.124 171.008
132.509 171.508
132.893 172.008
132.893 172.008
132.893 172.008
132.893 172.008
133.278 172.508
133.278 172.508
133.663 173.008
133.663 173.008
134.047 173.508
134.047 173.508
134.432 174.008
134.432 174.008
134.432 174.008
134.432 174.008
134.812 174.508
134.812 174.508
135.191 175.008
135.191 175.008
135.571 175.508
135.951 176.008
135.951 176.008
135.951 176.008
136.331 176.508
136.71 177.008
136.71 177.008
137.1 177.508
137.1 177.508
137.49 178.008
137.49 178.008
137.49 178.008
137.49 178.008
137.49 178.008
137.879 178.508
137.879 178.508
138.269 179.008
138.269 179.008
138.658 179.508
138.658 179.508
139.048 180.008
139.048 180.008
139.048 180.008
139.048 180.008
139.423 180.508
139.423 180.508
139.611 180.758
139.798 181.008
140.173 181.508
140.361 181.758
140.548 182.008
140.548 182.008
140.548 182.008
140.548 182.008
140.548 182.008
140.923 182.508
140.923 182.508
141.298 183.008
141.298 183.008
141.673 183.508
141.673 183.508
141.861 183.758
142.048 184.008
142.048 184.008
142.048 184.008
142.048 184.008
142.438 184.508
142.438 184.508
142.827 185.008
142.827 185.008
142.827 185.008
143.217 185.508
143.606 186.008
143.606 186.008
143.606 186.008
143.606 186.008
143.606 186.008
143.996 186.508
143.996 186.508
144.386 187.008
144.386 187.008
144.775 187.508
144.775 187.508
144.775 187.508
144.97 187.758
145.165 188.008
145.165 188.008
145.165 188.008
145.165 188.008
145.55 188.508
145.55 188.508
145.934 189.008
145.934 189.008
146.124 189.258
146.314 189.508
146.314 189.508
146.504 189.758
146.694 190.008
146.694 190.008
146.694 190.008
146.694 190.008
146.694 190.008
147.064 190.508
147.064 190.508
147.434 191.008
147.434 191.008
147.792 191.508
147.792 191.508
147.792 191.508
148.149 192.008
148.149 192.008
148.149 192.008
148.56 192.508
148.971 193.008
148.971 193.008
148.971 193.008
149.355 193.508
149.355 193.508
149.74 194.008
149.74 194.008
149.74 194.008
149.74 194.008
149.74 194.008
150.124 194.508
150.509 195.008
150.894 195.508
151.278 196.008
151.278 196.008
151.278 196.008
151.278 196.008
151.644 196.508
152.01 197.008
152.01 197.008
152.405 197.508
152.405 197.508
152.799 198.008
152.799 198.008
152.799 198.008
152.799 198.008
152.799 198.008
153.174 198.508
153.174 198.508
153.549 199.008
153.939 199.508
153.939 199.508
154.329 200.008
154.329 200.008
154.329 200.008
154.713 200.508
154.713 200.508
155.098 201.008
155.098 201.008
155.098 201.008
155.098 201.008
155.478 201.508
155.478 201.508
155.857 202.008
155.857 202.008
155.857 202.008
155.857 202.008
156.237 202.508
156.617 203.008
156.997 203.508
156.997 203.508
156.997 203.508
157.376 204.008
157.376 204.008
157.376 204.008
157.376 204.008
157.756 204.508
157.756 204.508
157.756 204.508
158.136 205.008
158.136 205.008
158.516 205.508
158.516 205.508
158.895 206.008
158.895 206.008
158.895 206.008
158.895 206.008
159.275 206.508
159.275 206.508
159.655 207.008
159.655 207.008
160.039 207.508
160.424 208.008
160.809 208.508
160.809 208.508
160.809 208.508
160.809 208.508
161.193 209.008
161.193 209.008
161.193 209.008
161.578 209.508
161.578 209.508
161.578 209.508
161.77 209.758
161.963 210.008
161.963 210.008
161.963 210.008
161.963 210.008
162.347 210.508
162.732 211.008
163.116 211.508
163.116 211.508
163.501 212.008
163.501 212.008
163.501 212.008
163.501 212.008
163.871 212.508
163.871 212.508
163.871 212.508
163.871 212.508
164.242 213.008
164.242 213.008
164.242 213.008
164.242 213.008
164.647 213.508
164.647 213.508
164.85 213.758
165.053 214.008
165.053 214.008
165.053 214.008
165.414 214.508
165.775 215.008
166.165 215.508
166.165 215.508
166.555 216.008
166.944 216.508
166.944 216.508
167.334 217.008
167.334 217.008
167.334 217.008
167.334 217.008
167.714 217.508
167.714 217.508
168.093 218.008
168.093 218.008
168.093 218.008
168.093 218.008
168.473 218.508
168.853 219.008
168.853 219.008
169.233 219.508
169.612 220.008
169.612 220.008
169.612 220.008
169.612 220.008
169.992 220.508
169.992 220.508
170.372 221.008
170.372 221.008
170.372 221.008
170.761 221.508
170.761 221.508
171.151 222.008
171.151 222.008
171.151 222.008
171.151 222.008
171.281 222.175
171.541 222.508
171.93 223.008
171.93 223.008
171.93 223.008
171.93 223.008
172.32 223.508
172.515 223.758
172.515 223.758
172.71 224.008
172.71 224.008
172.71 224.008
172.71 224.008
172.904 224.258
175.487 227.758
175.487 227.758
175.677 228.008
175.677 228.008
176.826 229.517
177.032 229.767
177.23 230.008
177.23 230.008
177.23 230.008
177.23 230.008
177.23 230.008
177.237 230.017
177.61 230.508
177.617 230.517
177.99 231.008
177.996 231.017
178.37 231.508
178.376 231.517
178.749 232.008
178.757 232.017
179.645 233.008
179.645 233.008
180.03 233.508
180.036 233.517
180.228 233.767
180.414 234.008
180.414 234.008
180.414 234.008
180.42 234.017
180.785 234.508
180.791 234.517
181.155 235.008
181.161 235.017
181.512 235.508
181.518 235.517
181.869 236.008
181.869 236.008
182.054 236.267
182.411 236.767
184.718 240.017
185.684 241.017
186.437 242.008
186.437 242.008
186.437 242.008
186.437 242.008
186.443 242.017
186.817 242.508
186.823 242.517
187.196 243.008
187.196 243.008
187.196 243.008
187.196 243.008
187.203 243.017
187.581 243.508
187.587 243.517
187.966 244.008
187.966 244.008
187.966 244.008
187.972 244.017
188.35 244.508
188.357 244.517
188.549 244.767
188.735 245.008
188.735 245.008
188.735 245.008
189.119 245.508
189.126 245.517
189.504 246.008
189.504 246.008
189.504 246.008
189.504 246.008
189.504 246.008
189.51 246.017
189.889 246.508
189.895 246.517
190.273 247.008
190.273 247.008
190.273 247.008
190.273 247.008
190.273 247.008
190.28 247.017
190.664 247.517
191.042 248.008
191.042 248.008
191.042 248.008
191.042 248.008
191.049 248.017
191.427 248.508
191.433 248.517
191.626 248.767
191.812 249.008
191.812 249.008
191.812 249.008
192.196 249.508
192.203 249.517
192.581 250.008
192.581 250.008
192.581 250.008
192.581 250.008
192.587 250.017
192.966 250.508
192.972 250.517
193.35 251.008
193.35 251.008
193.35 251.008
193.356 251.017
193.716 251.508
193.722 251.517
194.082 252.008
194.082 252.008
194.082 252.008
194.088 252.017
194.448 252.508
194.454 252.517
194.814 253.008
194.814 253.008
194.814 253.008
194.82 253.017
195.179 253.508
195.185 253.517
195.368 253.767
195.545 254.008
195.545 254.008
195.545 254.008
195.545 254.008
195.551 254.017
195.911 254.508
196.277 255.008
196.277 255.008
196.672 255.508
197.066 256.008
197.066 256.008
197.066 256.008
197.073 256.017
197.461 256.508
197.461 256.508
197.461 256.508
197.856 257.008
197.856 257.008
197.856 257.008
197.862 257.017
198.251 257.508
198.251 257.508
198.645 258.008
198.645 258.008
198.645 258.008
198.652 258.017
199.04 258.508
199.047 258.517
199.435 259.008
199.435 259.008
199.435 259.008
199.435 259.008
199.441 259.017
199.83 259.508
199.836 259.517
200.027 259.758
200.027 259.758
200.027 259.758
200.231 260.017
200.412 260.258
200.599 260.508
200.606 260.517
200.787 260.758
200.787 260.758
200.793 260.767
200.974 261.008
200.974 261.008
200.974 261.008
201.162 261.258
201.349 261.508
201.356 261.517
201.537 261.758
201.724 262.008
201.724 262.008
201.724 262.008
201.724 262.008
201.731 262.017
202.099 262.508
202.106 262.517
202.474 263.008
202.474 263.008
202.474 263.008
202.481 263.017
202.849 263.508
202.856 263.517
203.224 264.008
203.231 264.017
203.412 264.258
203.418 264.267
203.599 264.508
203.606 264.517
203.787 264.758
203.793 264.767
203.974 265.008
204.177 265.258
204.38 265.508
204.386 265.517
204.582 265.758
204.785 266.008
204.785 266.008
204.785 266.008
204.792 266.017
204.988 266.258
204.988 266.258
205.191 266.508
205.197 266.517
205.596 267.008
205.596 267.008
205.596 267.008
205.596 267.008
205.603 267.017
206.001 267.508
206.008 267.517
206.407 268.008
206.407 268.008
206.407 268.008
206.407 268.008
206.413 268.017
206.756 268.508
207.104 269.008
207.104 269.008
207.104 269.008
207.104 269.008
207.11 269.017
207.459 269.517
207.802 270.008
207.802 270.008
207.802 270.008
207.809 270.017
208.202 270.508
208.209 270.517
208.602 271.008
208.609 271.017
209.002 271.508
209.002 271.508
209.402 272.008
209.402 272.008
209.402 272.008
209.409 272.017
209.819 272.508
210.235 273.008
210.235 273.008
210.244 273.017
210.753 273.508
211.27 274.008
211.27 274.008
211.27 274.008
211.27 274.008
211.276 274.017
211.655 274.508
211.661 274.517
212.039 275.008
212.039 275.008
212.039 275.008
212.039 275.008
212.046 275.017
212.424 275.508
212.43 275.517
212.808 276.008
212.808 276.008
212.808 276.008
212.815 276.017
213.193 276.508
213.199 276.517
213.392 276.767
213.578 277.008
213.578 277.008
213.578 277.008
213.962 277.508
213.969 277.517
214.347 278.008
214.347 278.008
214.347 278.008
214.347 278.008
214.347 278.008
214.353 278.017
214.731 278.508
214.738 278.517
215.116 279.008
215.116 279.008
215.116 279.008
215.116 279.008
215.116 279.008
215.122 279.017
215.507 279.517
215.885 280.008
215.885 280.008
215.885 280.008
215.885 280.008
215.892 280.017
216.27 280.508
216.276 280.517
216.469 280.767
216.655 281.008
216.655 281.008
216.655 281.008
217.039 281.508
217.046 281.517
217.424 282.008
217.424 282.008
217.424 282.008
217.424 282.008
217.43 282.017
217.794 282.508
217.8 282.517
218.164 283.008
218.164 283.008
218.164 283.008
218.171 283.017
218.535 283.508
218.541 283.517
218.905 284.008
218.905 284.008
218.905 284.008
218.912 284.017
219.3 284.508
219.307 284.517
219.695 285.008
219.695 285.008
219.695 285.008
219.701 285.017
220.089 285.508
220.096 285.517
220.293 285.767
220.484 286.008
220.484 286.008
220.484 286.008
220.484 286.008
220.49 286.017
220.855 286.508
221.225 287.008
221.225 287.008
221.61 287.508
221.994 288.008
221.994 288.008
221.994 288.008
222.001 288.017
222.379 288.508
222.379 288.508
222.379 288.508
222.763 289.008
222.763 289.008
222.763 289.008
222.77 289.017
223.148 289.508
223.148 289.508
223.533 290.008
223.533 290.008
223.533 290.008
223.539 290.017
223.903 290.508
223.909 290.517
224.273 291.008
224.273 291.008
224.273 291.008
224.273 291.008
224.28 291.017
224.658 291.508
224.664 291.517
224.85 291.758
224.85 291.758
224.85 291.758
225.049 292.017
225.235 292.258
225.427 292.508
225.434 292.517
225.62 292.758
225.62 292.758
225.626 292.767
225.812 293.008
225.812 293.008
225.812 293.008
226.004 293.258
226.196 293.508
226.203 293.517
226.389 293.758
226.581 294.008
226.581 294.008
226.581 294.008
226.581 294.008
226.587 294.017
226.966 294.508
226.972 294.517
227.35 295.008
227.35 295.008
227.35 295.008
227.357 295.017
227.73 295.508
227.736 295.517
228.11 296.008
228.116 296.017
228.3 296.258
228.306 296.267
228.49 296.508
228.496 296.517
228.679 296.758
228.686 296.767
228.869 297.008
229.064 297.258
229.259 297.508
229.265 297.517
229.454 297.758
229.648 298.008
229.648 298.008
229.648 298.008
229.655 298.017
229.846 298.258
229.846 298.258
230.043 298.508
230.05 298.517
230.438 299.008
230.438 299.008
230.438 299.008
230.438 299.008
230.445 299.017
230.833 299.508
230.839 299.517
231.227 300.008
231.227 300.008
231.227 300.008
231.227 300.008
231.236 300.017
231.754 300.508
232.28 301.008
232.28 301.008
232.28 301.008
232.28 301.008
232.289 301.017
232.856 301.517
233.412 302.008
233.412 302.008
233.412 302.008
233.419 302.017
233.841 302.508
233.848 302.517
234.269 303.008
234.276 303.017
234.698 303.508
234.698 303.508
235.126 304.008
235.126 304.008
235.126 304.008
235.467 304.508
235.808 305.008
235.808 305.008
236.161 305.508
236.514 306.008
236.514 306.008
236.514 306.008
236.514 306.008
236.88 306.508
237.246 307.008
237.612 307.508
237.978 308.008
237.978 308.008
237.978 308.008
238.343 308.508
238.709 309.008
239.089 309.508
239.469 310.008
239.469 310.008
239.469 310.008
239.469 310.008
239.858 310.508
240.248 311.008
240.638 311.508
241.027 312.008
241.027 312.008
241.027 312.008
241.027 312.008
241.417 312.508
241.806 313.008
241.806 313.008
241.806 313.008
242.196 313.508
242.586 314.008
242.586 314.008
242.586 314.008
242.586 314.008
242.961 314.508
243.336 315.008
243.336 315.008
243.523 315.258
243.898 315.758
244.086 316.008
244.086 316.008
244.461 316.508
244.836 317.008
244.836 317.008
244.836 317.008
244.836 317.008
245.211 317.508
245.586 318.008
245.586 318.008
245.586 318.008
245.586 318.008
245.961 318.508
246.336 319.008
246.711 319.508
246.711 319.508
246.711 319.508
247.086 320.008
247.086 320.008
247.086 320.008
247.086 320.008
248.023 321.258
248.023 321.258
248.023 321.258
248.586 322.008
249.148 322.758
250.086 324.008
250.086 324.008
250.273 324.258
250.273 324.258
250.836 325.008
251.023 325.258
251.211 325.508
251.398 325.758
251.586 326.008
251.586 326.008
251.773 326.258
251.961 326.508
252.148 326.758
252.336 327.008
252.523 327.258
252.711 327.508
252.898 327.758
253.086 328.008
253.273 328.258
253.461 328.508
