4.35526 6.89583
5.39211 8.5375
5.61974 8.89792
5.84211 9.25
6.08421 9.63333
6.36184 10.0729
6.58421 10.425
6.80921 10.7812
7.04342 11.1521
7.23947 11.4625
7.51711 11.9021
7.73421 12.2458
8.01974 12.6979
8.21579 13.0083
8.57895 13.5833
8.96711 14.1979
9.37763 14.8479
9.68947 15.3417
10.0145 15.8562
10.3263 16.35
10.6671 16.8896
11.0461 17.4896
11.3 17.8917
11.7 18.525
12.1342 19.2125
12.6105 19.9667
14.4605 22.8958
14.4605 22.8958
14.4605 22.8958
14.4605 22.8958
14.4605 22.8958
14.4605 22.8958
15.4079 24.3958
15.4079 24.3958
15.4079 24.3958
15.4079 24.3958
15.4079 24.3958
15.4079 24.3958
15.7237 24.8958
15.7237 24.8958
15.7237 24.8958
15.7237 24.8958
15.7237 24.8958
15.7237 24.8958
16.0395 25.3958
16.0395 25.3958
16.0395 25.3958
16.0395 25.3958
16.0395 25.3958
16.0395 25.3958
16.3553 25.8958
16.3553 25.8958
16.3553 25.8958
16.3553 25.8958
16.3553 25.8958
16.3553 25.8958
16.6711 26.3958
16.6711 26.3958
16.6711 26.3958
16.6711 26.3958
16.6711 26.3958
16.6711 26.3958
16.9868 26.8958
16.9868 26.8958
16.9868 26.8958
16.9868 26.8958
16.9868 26.8958
19.5132 30.8958
19.5132 30.8958
19.5132 30.8958
19.5132 30.8958
19.5132 30.8958
19.5132 30.8958
19.5132 30.8958
20.4605 32.3958
20.7763 32.8958
20.7763 32.8958
20.7763 32.8958
20.7763 32.8958
20.7763 32.8958
21.0921 33.3958
21.4079 33.8958
21.7237 34.3958
22.0395 34.8958
22.0395 34.8958
22.0395 34.8958
22.0395 34.8958
22.0395 34.8958
22.0395 34.8958
22.3553 35.3958
22.3553 35.3958
22.3553 35.3958
22.3553 35.3958
22.3553 35.3958
22.6711 35.8958
22.6711 35.8958
22.6711 35.8958
22.6711 35.8958
22.6711 35.8958
22.9868 36.3958
22.9868 36.3958
22.9868 36.3958
22.9868 36.3958
22.9868 36.3958
23.3026 36.8958
23.3026 36.8958
23.3026 36.8958
23.3026 36.8958
23.3026 36.8958
23.9342 37.8958
23.9342 37.8958
23.9342 37.8958
24.5658 38.8958
24.5658 38.8958
24.8816 39.3958
25.1974 39.8958
25.1974 39.8958
25.5132 40.3958
25.5132 40.3958
25.8289 40.8958
25.8289 40.8958
26.1447 41.3958
26.4605 41.8958
26.4605 41.8958
26.7763 42.3958
27.0921 42.8958
27.0921 42.8958
27.4079 43.3958
27.7237 43.8958
28.0395 44.3958
28.0395 44.3958
28.3553 44.8958
28.6711 45.3958
28.6711 45.3958
28.9868 45.8958
28.9868 45.8958
29.3026 46.3958
29.3026 46.3958
29.6184 46.8958
29.6184 46.8958
29.9342 47.3958
29.9342 47.3958
30.25 47.8958
30.25 47.8958
30.5658 48.3958
30.5658 48.3958
30.8816 48.8958
31.1974 49.3958
31.1974 49.3958
31.5132 49.8958
31.5132 49.8958
31.5132 49.8958
31.6711 50.1458
31.6711 50.1458
31.829 50.3958
31.829 50.3958
31.9868 50.6458
32.1447 50.8958
32.1447 50.8958
34.6711 54.8958
34.6711 54.8958
34.9868 55.3958
35.3026 55.8958
35.3026 55.8958
35.6184 56.3958
35.6184 56.3958
35.9342 56.8958
35.9342 56.8958
36.25 57.3958
36.5658 57.8958
36.8816 58.3958
36.8816 58.3958
37.1974 58.8958
37.1974 58.8958
37.5132 59.3958
37.5132 59.3958
37.829 59.8958
37.829 59.8958
38.1447 60.3958
38.1447 60.3958
38.4605 60.8958
38.4605 60.8958
38.7763 61.3958
38.7763 61.3958
39.0921 61.8958
39.0921 61.8958
39.0921 61.8958
39.4079 62.3958
39.4079 62.3958
39.7237 62.8958
39.7237 62.8958
39.7237 62.8958
40.0395 63.3958
40.3553 63.8958
40.3553 63.8958
40.3553 63.8958
40.3553 63.8958
40.6711 64.3958
40.6711 64.3958
40.9868 64.8958
40.9868 64.8958
41.3026 65.3958
41.6184 65.8958
41.6184 65.8958
41.6184 65.8958
41.6184 65.8958
41.9342 66.3958
41.9342 66.3958
42.25 66.8958
42.25 66.8958
42.5658 67.3958
42.5658 67.3958
42.8816 67.8958
42.8816 67.8958
42.8816 67.8958
43.1974 68.3958
43.1974 68.3958
43.5132 68.8958
43.5132 68.8958
43.829 69.3958
43.829 69.3958
43.9868 69.6458
44.1447 69.8958
44.1447 69.8958
44.1447 69.8958
44.4605 70.3958
44.4605 70.3958
44.7763 70.8958
44.7763 70.8958
44.7763 70.8958
45.0921 71.3958
45.4079 71.8958
45.4079 71.8958
45.4079 71.8958
45.4079 71.8958
45.7237 72.3958
45.7237 72.3958
46.0395 72.8958
46.0395 72.8958
46.3553 73.3958
46.6711 73.8958
46.6711 73.8958
46.6711 73.8958
46.9868 74.3958
46.9868 74.3958
47.3026 74.8958
47.3026 74.8958
47.6182 75.3958
47.6182 75.3958
47.9336 75.8958
47.9336 75.8958
47.9336 75.8958
48.2491 76.3958
48.2491 76.3958
48.5645 76.8958
48.5645 76.8958
48.88 77.3958
48.88 77.3958
49.1954 77.8958
49.1954 77.8958
49.1954 77.8958
49.1954 77.8958
49.5109 78.3958
49.5109 78.3958
49.8264 78.8958
49.8264 78.8958
49.8264 78.8958
50.1418 79.3958
50.1418 79.3958
50.4573 79.8958
50.4573 79.8958
50.4573 79.8958
50.4573 79.8958
50.7727 80.3958
50.7727 80.3958
50.7727 80.3958
51.0882 80.8958
51.0882 80.8958
51.4037 81.3958
51.7191 81.8958
51.7191 81.8958
51.7191 81.8958
52.0346 82.3958
52.0346 82.3958
52.35 82.8958
52.35 82.8958
52.6655 83.3958
52.6655 83.3958
52.9809 83.8958
52.9809 83.8958
52.9809 83.8958
53.2964 84.3958
53.2964 84.3958
53.6119 84.8958
53.6119 84.8958
53.9273 85.3958
53.9273 85.3958
54.085 85.6458
54.2428 85.8958
54.2428 85.8958
54.2428 85.8958
54.2428 85.8958
54.4004 86.1458
54.558 86.3958
54.558 86.3958
54.7155 86.6458
54.8731 86.8958
54.8731 86.8958
54.8797 86.9062
55.1948 87.4062
55.5033 87.8958
55.5099 87.9062
55.8185 88.3958
55.825 88.4062
56.1336 88.8958
56.1402 88.9062
56.4553 89.4062
56.7704 89.9062
57.079 90.3958
57.0855 90.4062
57.3941 90.8958
57.4007 90.9062
57.7092 91.3958
57.7158 91.4062
58.0244 91.8958
58.0309 91.9062
58.3395 92.3958
58.346 92.4062
58.6546 92.8958
58.6612 92.9062
58.9697 93.3958
58.9763 93.4062
59.2849 93.8958
59.2914 93.9062
59.2914 93.9062
59.6 94.3958
59.6065 94.4062
59.9151 94.8958
59.9151 94.8958
59.9217 94.9062
60.2368 95.4062
60.5454 95.8958
60.5519 95.9062
60.5519 95.9062
60.5519 95.9062
60.8605 96.3958
60.867 96.4062
61.0246 96.6562
61.1756 96.8958
61.4973 97.4062
61.8059 97.8958
61.8124 97.9062
61.8124 97.9062
61.8124 97.9062
62.121 98.3958
62.1276 98.4062
62.4361 98.8958
62.4427 98.9062
62.7512 99.3958
62.7578 99.4062
63.0664 99.8958
63.0729 99.9062
63.0729 99.9062
63.3815 100.396
63.3881 100.406
63.6966 100.896
63.6966 100.896
64.0117 101.396
64.0117 101.396
64.1693 101.646
64.3269 101.896
64.3269 101.896
64.3269 101.896
64.642 102.396
64.642 102.396
64.9571 102.896
64.9571 102.896
64.9571 102.896
65.2722 103.396
65.5874 103.896
65.5874 103.896
65.5874 103.896
65.5874 103.896
65.7449 104.146
65.9025 104.396
66.2176 104.896
66.2176 104.896
66.5328 105.396
66.8479 105.896
66.8479 105.896
66.8479 105.896
67.163 106.396
67.163 106.396
67.4781 106.896
67.4781 106.896
67.7933 107.396
67.7933 107.396
68.1084 107.896
68.1084 107.896
68.1084 107.896
68.4235 108.396
68.4235 108.396
68.7386 108.896
68.7386 108.896
69.0538 109.396
69.0538 109.396
69.3689 109.896
69.3689 109.896
69.3689 109.896
69.3689 109.896
69.684 110.396
69.684 110.396
69.9991 110.896
69.9991 110.896
69.9991 110.896
70.3143 111.396
70.3143 111.396
70.6294 111.896
70.6294 111.896
70.6294 111.896
70.6294 111.896
70.9445 112.396
70.9445 112.396
70.9445 112.396
71.2596 112.896
71.2596 112.896
71.5748 113.396
71.5748 113.396
71.8899 113.896
71.8899 113.896
72.205 114.396
72.205 114.396
72.5201 114.896
72.5201 114.896
72.8353 115.396
72.8353 115.396
73.1504 115.896
73.1504 115.896
73.1504 115.896
73.4655 116.396
73.4655 116.396
73.7807 116.896
73.7807 116.896
74.0958 117.396
74.0958 117.396
74.2533 117.646
74.4109 117.896
74.4109 117.896
74.4109 117.896
74.4109 117.896
74.5682 118.146
74.7252 118.396
74.7252 118.396
74.8823 118.646
75.0394 118.896
75.0394 118.896
75.0394 118.896
75.3535 119.396
75.6677 119.896
75.6677 119.896
75.6677 119.896
75.6677 119.896
75.9818 120.396
75.9818 120.396
76.2959 120.896
76.2959 120.896
76.6101 121.396
76.9242 121.896
76.9242 121.896
76.9242 121.896
76.9242 121.896
77.2383 122.396
77.5525 122.896
77.5525 122.896
77.8666 123.396
77.8666 123.396
78.1807 123.896
78.1807 123.896
78.1807 123.896
78.1807 123.896
78.1807 123.896
78.4949 124.396
78.4949 124.396
78.809 124.896
78.809 124.896
79.1231 125.396
79.1231 125.396
79.1231 125.396
79.1231 125.396
79.1231 125.396
79.4373 125.896
79.4373 125.896
79.4373 125.896
79.7514 126.396
79.7514 126.396
80.0656 126.896
80.0656 126.896
80.0656 126.896
80.3797 127.396
80.6938 127.896
80.6938 127.896
80.6938 127.896
81.008 128.396
81.008 128.396
81.3221 128.896
81.3221 128.896
81.6362 129.396
81.9504 129.896
81.9504 129.896
81.9504 129.896
81.9504 129.896
82.2645 130.396
82.2645 130.396
82.5786 130.896
82.5786 130.896
82.8928 131.396
82.8928 131.396
83.2069 131.896
83.2069 131.896
83.2069 131.896
83.2069 131.896
83.2069 131.896
83.5211 132.396
83.5211 132.396
83.8352 132.896
83.8352 132.896
84.1493 133.396
84.1493 133.396
84.1493 133.396
84.1493 133.396
84.4635 133.896
84.4635 133.896
84.4635 133.896
84.4635 133.896
84.7776 134.396
84.7776 134.396
85.0917 134.896
85.0917 134.896
85.0917 134.896
85.4059 135.396
85.72 135.896
85.72 135.896
86.0341 136.396
86.0341 136.396
86.3483 136.896
86.3483 136.896
86.3483 136.896
86.3483 136.896
86.6624 137.396
86.9765 137.896
86.9765 137.896
86.9765 137.896
87.2907 138.396
87.6048 138.896
87.6048 138.896
87.919 139.396
88.2331 139.896
88.2331 139.896
88.2331 139.896
88.5472 140.396
88.5472 140.396
88.8614 140.896
88.8614 140.896
89.1755 141.396
89.1755 141.396
89.4896 141.896
89.4896 141.896
89.4896 141.896
89.4896 141.896
89.4896 141.896
89.4896 141.896
89.8038 142.396
89.8038 142.396
89.8038 142.396
90.1179 142.896
90.1179 142.896
90.1179 142.896
90.432 143.396
90.432 143.396
90.7462 143.896
90.7462 143.896
91.0603 144.396
91.0603 144.396
91.3745 144.896
91.3745 144.896
91.6886 145.396
91.6886 145.396
92.0027 145.896
92.0027 145.896
92.0027 145.896
92.3171 146.396
92.3171 146.396
92.6316 146.896
92.6316 146.896
92.9461 147.396
92.9461 147.396
93.2605 147.896
93.2605 147.896
93.2605 147.896
93.2605 147.896
93.576 148.396
93.576 148.396
93.576 148.396
93.8918 148.896
93.8918 148.896
94.2076 149.396
94.2076 149.396
94.2076 149.396
94.2076 149.396
94.2076 149.396
94.5234 149.896
94.5234 149.896
94.5234 149.896
94.6813 150.146
94.8392 150.396
94.8392 150.396
94.8392 150.396
94.8392 150.396
94.9971 150.646
95.155 150.896
95.155 150.896
95.155 150.896
95.4708 151.396
95.7866 151.896
95.7866 151.896
95.7866 151.896
95.7866 151.896
96.1023 152.396
96.1023 152.396
96.4181 152.896
96.4181 152.896
96.7339 153.396
97.0497 153.896
97.0497 153.896
97.0497 153.896
97.0497 153.896
97.3655 154.396
97.6813 154.896
97.6813 154.896
97.9971 155.396
97.9971 155.396
98.155 155.646
98.3129 155.896
98.3129 155.896
98.3129 155.896
98.3129 155.896
98.3129 155.896
98.6287 156.396
98.6287 156.396
98.9445 156.896
98.9445 156.896
99.2602 157.396
99.2602 157.396
99.2602 157.396
99.2602 157.396
99.2602 157.396
99.576 157.896
99.576 157.896
99.576 157.896
99.8918 158.396
99.8918 158.396
100.208 158.896
100.208 158.896
100.208 158.896
100.523 159.396
100.839 159.896
100.839 159.896
100.839 159.896
101.155 160.396
101.155 160.396
101.471 160.896
101.471 160.896
101.787 161.396
101.787 161.396
102.102 161.896
102.102 161.896
102.102 161.896
102.102 161.896
102.418 162.396
102.418 162.396
102.734 162.896
102.734 162.896
103.05 163.396
103.05 163.396
103.366 163.896
103.366 163.896
103.366 163.896
103.366 163.896
103.366 163.896
103.681 164.396
103.681 164.396
103.997 164.896
103.997 164.896
104.313 165.396
104.313 165.396
104.313 165.396
104.313 165.396
104.629 165.896
104.629 165.896
104.629 165.896
104.629 165.896
104.944 166.396
104.944 166.396
105.26 166.896
105.26 166.896
105.26 166.896
105.576 167.396
105.892 167.896
105.892 167.896
106.208 168.396
106.208 168.396
106.523 168.896
106.523 168.896
106.523 168.896
106.523 168.896
106.839 169.396
107.155 169.896
107.155 169.896
107.155 169.896
107.471 170.396
107.787 170.896
107.787 170.896
108.102 171.396
108.418 171.896
108.418 171.896
108.418 171.896
108.734 172.396
108.734 172.396
109.05 172.896
109.05 172.896
109.366 173.396
109.366 173.396
109.681 173.896
109.681 173.896
109.681 173.896
109.681 173.896
109.681 173.896
109.681 173.896
109.997 174.396
109.997 174.396
109.997 174.396
110.313 174.896
110.313 174.896
110.313 174.896
110.629 175.396
110.629 175.396
110.944 175.896
110.944 175.896
111.26 176.396
111.26 176.396
111.576 176.896
111.576 176.896
111.892 177.396
111.892 177.396
112.208 177.896
112.208 177.896
112.208 177.896
112.523 178.396
112.523 178.396
112.839 178.896
112.839 178.896
112.839 178.896
112.997 179.146
113.155 179.396
113.155 179.396
113.313 179.646
113.471 179.896
113.471 179.896
113.471 179.896
113.471 179.896
113.787 180.396
113.787 180.396
114.102 180.896
114.418 181.396
114.418 181.396
114.418 181.396
114.418 181.396
114.418 181.396
114.734 181.896
114.734 181.896
114.734 181.896
115.049 182.396
115.049 182.396
115.049 182.396
115.049 182.396
115.364 182.896
115.364 182.896
115.679 183.396
115.993 183.896
115.993 183.896
115.993 183.896
115.993 183.896
116.308 184.396
116.308 184.396
116.623 184.896
116.623 184.896
116.938 185.396
117.253 185.896
117.253 185.896
117.253 185.896
117.253 185.896
117.568 186.396
117.882 186.896
117.882 186.896
118.197 187.396
118.512 187.896
118.512 187.896
118.512 187.896
118.512 187.896
118.827 188.396
119.142 188.896
119.457 189.396
119.457 189.396
119.457 189.396
119.457 189.396
119.771 189.896
119.771 189.896
120.086 190.396
120.401 190.896
120.401 190.896
120.716 191.396
121.031 191.896
121.031 191.896
121.031 191.896
121.346 192.396
121.346 192.396
121.66 192.896
121.66 192.896
121.975 193.396
121.975 193.396
122.133 193.646
122.29 193.896
122.29 193.896
122.29 193.896
122.29 193.896
122.605 194.396
122.605 194.396
122.92 194.896
122.92 194.896
123.234 195.396
123.549 195.896
123.549 195.896
123.549 195.896
123.549 195.896
123.864 196.396
124.179 196.896
124.494 197.396
124.494 197.396
124.494 197.396
124.494 197.396
124.809 197.896
124.809 197.896
124.809 197.896
124.809 197.896
125.123 198.396
125.123 198.396
125.438 198.896
125.438 198.896
125.753 199.396
126.068 199.896
126.068 199.896
126.383 200.396
126.383 200.396
126.698 200.896
126.698 200.896
126.698 200.896
126.698 200.896
127.012 201.396
127.327 201.896
127.327 201.896
127.327 201.896
127.642 202.396
127.957 202.896
127.957 202.896
128.272 203.396
128.587 203.896
128.587 203.896
128.587 203.896
128.901 204.396
128.901 204.396
129.216 204.896
129.216 204.896
129.531 205.396
129.846 205.896
129.846 205.896
129.846 205.896
129.846 205.896
129.846 205.896
130.161 206.396
130.161 206.396
130.476 206.896
130.476 206.896
130.79 207.396
130.79 207.396
131.105 207.896
131.105 207.896
131.42 208.396
131.42 208.396
131.735 208.896
131.735 208.896
132.05 209.396
132.05 209.396
132.365 209.896
132.365 209.896
132.365 209.896
132.679 210.396
132.994 210.896
132.994 210.896
133.309 211.396
133.309 211.396
133.624 211.896
133.624 211.896
133.624 211.896
133.624 211.896
133.939 212.396
133.939 212.396
133.939 212.396
134.253 212.896
134.253 212.896
134.568 213.396
134.568 213.396
134.568 213.396
134.568 213.396
134.883 213.896
134.883 213.896
134.883 213.896
135.198 214.396
135.198 214.396
135.198 214.396
135.198 214.396
135.513 214.896
135.513 214.896
135.828 215.396
136.142 215.896
136.142 215.896
136.457 216.396
136.457 216.396
136.772 216.896
136.772 216.896
137.087 217.396
137.402 217.896
137.717 218.396
137.717 218.396
138.031 218.896
138.031 218.896
138.346 219.396
138.346 219.396
138.661 219.896
138.661 219.896
138.976 220.396
138.976 220.396
139.291 220.896
139.291 220.896
139.606 221.396
139.606 221.396
139.92 221.896
139.92 221.896
139.92 221.896
140.235 222.396
140.235 222.396
140.55 222.896
140.55 222.896
140.55 222.896
140.865 223.396
141.18 223.896
141.18 223.896
141.18 223.896
141.18 223.896
141.495 224.396
141.495 224.396
141.809 224.896
141.809 224.896
142.125 225.396
142.44 225.896
142.44 225.896
142.44 225.896
142.44 225.896
142.756 226.396
142.756 226.396
143.072 226.896
143.072 226.896
143.387 227.396
143.387 227.396
143.703 227.896
143.703 227.896
143.703 227.896
144.018 228.396
144.018 228.396
144.334 228.896
144.334 228.896
144.65 229.396
144.65 229.396
144.807 229.646
144.965 229.896
144.965 229.896
144.965 229.896
145.281 230.396
145.281 230.396
145.596 230.896
145.596 230.896
145.596 230.896
145.912 231.396
146.227 231.896
146.227 231.896
146.227 231.896
146.227 231.896
146.543 232.396
146.543 232.396
146.859 232.896
146.859 232.896
147.174 233.396
147.49 233.896
147.49 233.896
147.49 233.896
147.805 234.396
147.805 234.396
148.121 234.896
148.121 234.896
148.437 235.396
148.437 235.396
148.752 235.896
148.752 235.896
148.752 235.896
149.068 236.396
149.068 236.396
149.383 236.896
149.383 236.896
149.699 237.396
149.699 237.396
150.015 237.896
150.015 237.896
150.015 237.896
150.015 237.896
150.33 238.396
150.33 238.396
150.646 238.896
150.646 238.896
150.646 238.896
150.961 239.396
150.961 239.396
151.277 239.896
151.277 239.896
151.277 239.896
151.277 239.896
151.593 240.396
151.593 240.396
151.593 240.396
151.908 240.896
151.908 240.896
152.224 241.396
152.539 241.896
152.539 241.896
152.539 241.896
152.855 242.396
152.855 242.396
153.17 242.896
153.17 242.896
153.486 243.396
153.486 243.396
153.802 243.896
153.802 243.896
153.802 243.896
154.117 244.396
154.117 244.396
154.433 244.896
154.433 244.896
154.748 245.396
154.748 245.396
154.906 245.646
155.064 245.896
155.064 245.896
155.064 245.896
155.064 245.896
155.222 246.146
155.38 246.396
155.38 246.396
155.537 246.646
155.695 246.896
155.695 246.896
155.702 246.906
156.017 247.406
156.326 247.896
156.333 247.906
156.642 248.396
156.649 248.406
156.958 248.896
156.964 248.906
157.28 249.406
157.595 249.906
157.904 250.396
157.911 250.406
158.22 250.896
158.226 250.906
158.535 251.396
158.542 251.406
158.851 251.896
158.858 251.906
159.167 252.396
159.173 252.406
159.482 252.896
159.489 252.906
159.798 253.396
159.804 253.406
160.113 253.896
160.12 253.906
160.12 253.906
160.429 254.396
160.436 254.406
160.745 254.896
160.745 254.896
160.751 254.906
161.067 255.406
161.376 255.896
161.382 255.906
161.382 255.906
161.382 255.906
161.691 256.396
161.698 256.406
161.856 256.656
162.007 256.896
162.329 257.406
162.638 257.896
162.645 257.906
162.645 257.906
162.645 257.906
162.954 258.396
162.96 258.406
163.269 258.896
163.276 258.906
163.585 259.396
163.592 259.406
163.901 259.896
163.907 259.906
163.907 259.906
164.216 260.396
164.223 260.406
164.532 260.896
164.532 260.896
164.847 261.396
164.847 261.396
165.005 261.646
165.163 261.896
165.163 261.896
165.163 261.896
165.478 262.396
165.478 262.396
165.794 262.896
165.794 262.896
165.794 262.896
166.11 263.396
166.425 263.896
166.425 263.896
166.425 263.896
166.425 263.896
166.583 264.146
166.741 264.396
167.056 264.896
167.056 264.896
167.372 265.396
167.688 265.896
167.688 265.896
167.688 265.896
168.003 266.396
168.003 266.396
168.319 266.896
168.319 266.896
168.634 267.396
168.634 267.396
168.95 267.896
168.95 267.896
168.95 267.896
169.266 268.396
169.266 268.396
169.581 268.896
169.581 268.896
169.897 269.396
169.897 269.396
170.212 269.896
170.212 269.896
170.212 269.896
170.212 269.896
170.528 270.396
170.528 270.396
170.843 270.896
170.843 270.896
170.843 270.896
171.159 271.396
171.159 271.396
171.475 271.896
171.475 271.896
171.475 271.896
171.475 271.896
171.79 272.396
171.79 272.396
171.79 272.396
172.106 272.896
172.106 272.896
172.421 273.396
172.421 273.396
172.737 273.896
172.737 273.896
173.053 274.396
173.053 274.396
173.368 274.896
173.368 274.896
173.684 275.396
173.684 275.396
173.999 275.896
173.999 275.896
173.999 275.896
174.315 276.396
174.315 276.396
174.631 276.896
174.631 276.896
174.946 277.396
174.946 277.396
175.104 277.646
175.262 277.896
175.262 277.896
175.262 277.896
175.262 277.896
175.42 278.146
175.577 278.396
175.577 278.396
175.735 278.646
175.893 278.896
175.893 278.896
175.893 278.896
176.209 279.396
176.524 279.896
176.524 279.896
176.524 279.896
176.524 279.896
176.84 280.396
176.84 280.396
177.155 280.896
177.155 280.896
177.471 281.396
177.786 281.896
177.786 281.896
177.786 281.896
177.786 281.896
178.102 282.396
178.418 282.896
178.418 282.896
178.733 283.396
178.733 283.396
179.049 283.896
179.049 283.896
179.049 283.896
179.049 283.896
179.049 283.896
179.364 284.396
179.364 284.396
179.68 284.896
179.68 284.896
179.996 285.396
179.996 285.396
179.996 285.396
179.996 285.396
179.996 285.396
180.311 285.896
180.311 285.896
180.311 285.896
180.627 286.396
180.627 286.396
180.942 286.896
180.942 286.896
180.942 286.896
181.258 287.396
181.574 287.896
181.574 287.896
181.574 287.896
181.889 288.396
181.889 288.396
182.205 288.896
182.205 288.896
182.52 289.396
182.836 289.896
182.836 289.896
182.836 289.896
182.836 289.896
183.152 290.396
183.152 290.396
183.467 290.896
183.467 290.896
183.783 291.396
183.783 291.396
184.098 291.896
184.098 291.896
184.098 291.896
184.098 291.896
184.098 291.896
184.414 292.396
184.414 292.396
184.729 292.896
184.729 292.896
185.045 293.396
185.045 293.396
185.045 293.396
185.045 293.396
185.361 293.896
185.361 293.896
185.361 293.896
185.361 293.896
185.676 294.396
185.676 294.396
185.992 294.896
185.992 294.896
185.992 294.896
186.307 295.396
186.622 295.896
186.622 295.896
186.936 296.396
186.936 296.396
187.251 296.896
187.251 296.896
187.251 296.896
187.251 296.896
187.566 297.396
187.881 297.896
187.881 297.896
187.881 297.896
188.196 298.396
188.511 298.896
188.511 298.896
188.825 299.396
189.14 299.896
189.14 299.896
189.14 299.896
189.455 300.396
189.455 300.396
189.77 300.896
189.77 300.896
190.085 301.396
190.085 301.396
190.4 301.896
190.4 301.896
190.4 301.896
190.4 301.896
190.4 301.896
190.4 301.896
190.714 302.396
190.714 302.396
190.714 302.396
191.029 302.896
191.029 302.896
191.029 302.896
191.344 303.396
191.344 303.396
191.659 303.896
191.659 303.896
191.974 304.396
191.974 304.396
192.289 304.896
192.289 304.896
192.603 305.396
192.603 305.396
192.918 305.896
192.918 305.896
192.918 305.896
193.233 306.396
193.233 306.396
193.548 306.896
193.548 306.896
193.863 307.396
193.863 307.396
194.178 307.896
194.178 307.896
194.178 307.896
194.178 307.896
194.492 308.396
194.492 308.396
194.492 308.396
194.807 308.896
194.807 308.896
195.122 309.396
195.122 309.396
195.122 309.396
195.122 309.396
195.122 309.396
195.437 309.896
195.437 309.896
195.437 309.896
195.594 310.146
195.752 310.396
195.752 310.396
195.752 310.396
195.752 310.396
195.909 310.646
196.066 310.896
196.066 310.896
196.066 310.896
196.381 311.396
196.696 311.896
196.696 311.896
196.696 311.896
196.696 311.896
197.011 312.396
197.011 312.396
197.326 312.896
197.326 312.896
197.641 313.396
197.955 313.896
197.955 313.896
197.955 313.896
197.955 313.896
198.27 314.396
198.585 314.896
198.585 314.896
198.9 315.396
198.9 315.396
199.057 315.646
199.215 315.896
199.215 315.896
199.215 315.896
199.215 315.896
199.215 315.896
199.53 316.396
199.53 316.396
199.844 316.896
199.844 316.896
200.159 317.396
200.159 317.396
200.159 317.396
200.159 317.396
200.159 317.396
200.474 317.896
200.474 317.896
200.474 317.896
200.789 318.396
200.789 318.396
201.104 318.896
201.104 318.896
201.104 318.896
201.419 319.396
201.733 319.896
201.733 319.896
201.733 319.896
202.048 320.396
202.048 320.396
202.363 320.896
202.363 320.896
202.678 321.396
202.678 321.396
202.993 321.896
202.993 321.896
202.993 321.896
202.993 321.896
203.308 322.396
203.308 322.396
203.622 322.896
203.622 322.896
203.937 323.396
203.937 323.396
204.252 323.896
204.252 323.896
204.252 323.896
204.252 323.896
204.252 323.896
204.567 324.396
204.567 324.396
204.882 324.896
204.882 324.896
205.197 325.396
205.197 325.396
205.197 325.396
205.197 325.396
205.511 325.896
205.511 325.896
205.511 325.896
205.511 325.896
205.826 326.396
205.826 326.396
206.141 326.896
206.141 326.896
206.141 326.896
206.456 327.396
206.771 327.896
206.771 327.896
207.085 328.396
207.085 328.396
207.4 328.896
207.4 328.896
207.4 328.896
207.4 328.896
207.715 329.396
208.03 329.896
208.03 329.896
208.03 329.896
208.345 330.396
208.66 330.896
208.66 330.896
208.974 331.396
209.289 331.896
209.289 331.896
209.289 331.896
209.604 332.396
209.604 332.396
209.919 332.896
209.919 332.896
210.234 333.396
210.234 333.396
210.549 333.896
210.549 333.896
210.549 333.896
210.549 333.896
210.549 333.896
210.549 333.896
210.863 334.396
210.863 334.396
210.863 334.396
211.178 334.896
211.178 334.896
211.178 334.896
211.493 335.396
211.493 335.396
211.808 335.896
211.808 335.896
212.123 336.396
212.123 336.396
212.438 336.896
212.438 336.896
212.752 337.396
212.752 337.396
213.067 337.896
213.067 337.896
213.067 337.896
213.382 338.396
213.382 338.396
213.697 338.896
213.697 338.896
213.697 338.896
213.854 339.146
214.012 339.396
214.012 339.396
214.169 339.646
214.327 339.896
214.327 339.896
214.327 339.896
214.327 339.896
214.641 340.396
214.641 340.396
214.956 340.896
215.271 341.396
215.271 341.396
215.271 341.396
215.271 341.396
215.271 341.396
215.586 341.896
215.586 341.896
215.586 341.896
215.901 342.396
215.901 342.396
215.901 342.396
215.901 342.396
216.216 342.896
216.216 342.896
216.216 342.896
216.53 343.396
216.845 343.896
216.845 343.896
216.845 343.896
217.16 344.396
217.16 344.396
217.475 344.896
217.475 344.896
217.79 345.396
217.79 345.396
217.79 345.396
217.79 345.396
218.104 345.896
218.104 345.896
218.104 345.896
218.419 346.396
218.419 346.396
218.734 346.896
218.734 346.896
219.049 347.396
219.049 347.396
219.364 347.896
219.364 347.896
219.364 347.896
219.364 347.896
219.679 348.396
219.993 348.896
219.993 348.896
220.308 349.396
220.308 349.396
220.623 349.896
220.623 349.896
220.623 349.896
220.938 350.396
220.938 350.396
221.253 350.896
221.253 350.896
221.253 350.896
221.253 350.896
221.253 350.896
221.253 350.896
221.253 350.896
221.253 350.896
221.253 350.896
221.588 351.396
221.929 351.896
222.611 352.896
223.322 353.896
223.322 353.896
223.322 353.896
223.322 353.896
223.322 353.896
223.322 353.896
223.322 353.896
225.024 356.396
225.357 356.896
225.357 356.896
225.357 356.896
225.357 356.896
225.357 356.896
225.357 356.896
225.357 356.896
225.682 357.396
226.005 357.896
226.312 358.396
226.565 358.815
226.615 358.896
226.615 358.896
226.92 359.383
227.219 359.856
227.221 359.86
227.223 359.863
227.244 359.896
227.499 360.3
227.524 360.34
227.559 360.396
227.817 360.804
227.823 360.812
228.137 361.31
228.191 361.396
228.467 361.833
228.469 361.835
228.507 361.896
228.765 362.304
228.823 362.396
229.096 362.829
229.116 362.86
229.382 363.281
229.454 363.396
229.726 363.827
229.729 363.831
229.77 363.896
230.029 364.306
230.032 364.31
230.086 364.396
230.351 364.817
230.366 364.84
230.667 365.317
230.671 365.323
230.674 365.327
230.717 365.396
231.012 365.863
231.015 365.867
231.033 365.896
231.316 366.344
231.349 366.396
231.633 366.846
231.665 366.896
231.974 367.385
232.274 367.86
232.275 367.863
232.279 367.869
232.575 368.337
232.612 368.396
232.878 368.817
232.89 368.835
232.892 368.84
232.894 368.842
232.928 368.896
233.192 369.315
233.194 369.317
233.195 369.319
233.244 369.396
233.512 369.821
233.515 369.825
233.516 369.827
233.559 369.896
233.819 370.306
233.82 370.308
233.823 370.312
233.875 370.396
233.903 370.44
234.123 370.788
234.128 370.796
234.191 370.896
234.773 371.817
234.774 371.819
234.78 371.829
235.078 372.3
235.084 372.31
235.378 372.775
235.382 372.781
235.684 373.26
235.69 373.269
235.692 373.273
236.049 373.837
236.05 373.84
236.054 373.846
236.055 373.848
236.34 374.298
236.625 374.75
236.717 374.896
237.286 375.796
237.291 375.804
237.294 375.808
237.566 376.24
237.665 376.396
237.923 376.804
237.98 376.896
238.296 377.396
238.558 377.81
238.562 377.817
238.563 377.819
238.612 377.896
238.928 378.396
239.19 378.81
239.244 378.896
239.511 379.319
239.849 379.854
239.85 379.856
239.853 379.86
240.121 380.285
240.14 380.315
240.428 380.771
240.43 380.775
240.754 381.288
240.757 381.292
240.759 381.296
241.088 381.817
241.09 381.819
241.371 382.265
241.683 382.758
241.77 382.896
242.021 383.294
242.34 383.798
242.344 383.804
242.648 384.285
242.717 384.396
242.938 384.746
243.033 384.896
243.282 385.29
243.617 385.821
243.623 385.829
243.665 385.896
243.929 386.315
244.234 386.798
244.296 386.896
244.551 387.3
244.882 387.823
244.883 387.825
245.174 388.285
245.244 388.396
245.504 388.808
245.825 389.317
245.875 389.396
246.137 389.81
246.144 389.821
246.191 389.896
246.444 390.296
246.507 390.396
246.746 390.775
246.823 390.896
247.087 391.315
247.424 391.848
247.487 391.948
247.684 392.26
247.775 392.404
248.011 392.777
248.086 392.896
248.342 393.302
248.401 393.396
248.67 393.821
248.717 393.896
248.97 394.296
249.033 394.396
249.28 394.788
249.286 394.796
249.29 394.802
249.575 395.254
249.596 395.288
249.6 395.294
249.636 395.35
249.936 395.825
249.942 395.835
249.945 395.84
249.954 395.854
250.258 396.335
250.259 396.337
250.262 396.342
250.273 396.358
250.551 396.8
250.557 396.808
250.558 396.81
250.633 396.929
250.909 397.367
250.915 397.375
250.917 397.379
250.961 397.448
251.273 397.942
251.276 397.948
251.276 397.948
251.323 398.021
251.616 398.485
251.62 398.492
251.621 398.494
251.624 398.498
251.626 398.502
251.637 398.519
251.717 398.646
252.092 399.24
252.094 399.242
252.096 399.246
252.098 399.248
252.1 399.252
252.104 399.258
252.163 399.352
