0.737131 0.835417
0.737131 0.835417
0.737131 0.835417
0.737131 0.835417
1.61948 1.83542
1.61948 1.83542
1.61948 1.83542
2.50183 2.83542
2.50183 2.83542
3.38418 3.83542
3.38418 3.83542
4.26653 4.83542
4.26653 4.83542
4.26653 4.83542
4.26653 4.83542
5.14889 5.83542
5.14889 5.83542
5.14889 5.83542
6.03124 6.83542
6.03124 6.83542
6.91359 7.83542
6.91359 7.83542
7.35476 8.33542
7.79594 8.83542
7.79594 8.83542
7.79594 8.83542
7.79594 8.83542
7.79594 8.83542
8.67829 9.83542
8.67829 9.83542
8.67829 9.83542
8.67829 9.83542
8.89888 10.0854
9.11947 10.3354
9.34005 10.5854
9.56064 10.8354
9.56064 10.8354
9.56064 10.8354
9.56064 10.8354
10.443 11.8354
10.443 11.8354
10.8842 12.3354
10.8842 12.3354
10.8842 12.3354
11.3253 12.8354
11.3253 12.8354
11.3253 12.8354
11.3253 12.8354
11.3253 12.8354
11.3253 12.8354
11.7665 13.3354
11.7665 13.3354
12.2077 13.8354
12.2077 13.8354
12.2077 13.8354
12.2077 13.8354
12.6489 14.3354
12.6489 14.3354
12.6489 14.3354
13.09 14.8354
13.09 14.8354
13.09 14.8354
13.09 14.8354
13.09 14.8354
13.5312 15.3354
13.5312 15.3354
13.9724 15.8354
13.9724 15.8354
13.9724 15.8354
14.4136 16.3354
14.4136 16.3354
14.4136 16.3354
14.4136 16.3354
14.8547 16.8354
14.8547 16.8354
14.8547 16.8354
14.8547 16.8354
14.8547 16.8354
15.0753 17.0854
15.2959 17.3354
15.2959 17.3354
15.5165 17.5854
15.7371 17.8354
15.7371 17.8354
15.7371 17.8354
15.9577 18.0854
16.1783 18.3354
16.3989 18.5854
16.6194 18.8354
16.6194 18.8354
16.6194 18.8354
16.6194 18.8354
16.6194 18.8354
17.0606 19.3354
17.5018 19.8354
17.5018 19.8354
17.5018 19.8354
17.5018 19.8354
17.943 20.3354
17.943 20.3354
17.943 20.3354
18.3842 20.8354
18.3842 20.8354
18.3842 20.8354
18.3842 20.8354
18.3842 20.8354
18.3842 20.8354
18.8253 21.3354
18.8253 21.3354
19.2665 21.8354
19.2665 21.8354
19.2665 21.8354
20.1489 22.8354
20.1489 22.8354
20.1489 22.8354
20.59 23.3354
20.59 23.3354
21.0312 23.8354
21.0312 23.8354
21.0312 23.8354
21.0312 23.8354
21.0312 23.8354
21.4724 24.3354
21.4724 24.3354
21.4724 24.3354
21.4724 24.3354
21.9136 24.8354
21.9136 24.8354
21.9136 24.8354
21.9136 24.8354
21.9136 24.8354
21.9136 24.8354
22.3547 25.3354
22.3547 25.3354
22.7959 25.8354
22.7959 25.8354
23.4577 26.5854
23.6783 26.8354
23.6783 26.8354
23.6783 26.8354
23.6783 26.8354
23.6783 26.8354
23.8988 27.0854
24.1194 27.3354
24.1194 27.3354
24.34 27.5854
24.5606 27.8354
24.5606 27.8354
24.5606 27.8354
24.5606 27.8354
24.5606 27.8354
24.7812 28.0854
25.0018 28.3354
25.0018 28.3354
25.0018 28.3354
25.2224 28.5854
25.443 28.8354
25.443 28.8354
25.443 28.8354
25.443 28.8354
25.443 28.8354
25.443 28.8354
25.8841 29.3354
25.8841 29.3354
25.8841 29.3354
25.8841 29.3354
26.3253 29.8354
26.3253 29.8354
26.3253 29.8354
26.3253 29.8354
26.3253 29.8354
26.3253 29.8354
26.7665 30.3354
26.7665 30.3354
26.7665 30.3354
27.2077 30.8354
27.2077 30.8354
27.2077 30.8354
28.09 31.8354
28.09 31.8354
28.09 31.8354
28.09 31.8354
28.3106 32.0854
28.5312 32.3354
28.5312 32.3354
28.7518 32.5854
28.9724 32.8354
28.9724 32.8354
28.9724 32.8354
28.9724 32.8354
28.9724 32.8354
28.9724 32.8354
29.8547 33.8354
29.8547 33.8354
29.8547 33.8354
30.2959 34.3354
30.2959 34.3354
30.2959 34.3354
30.7371 34.8354
30.7371 34.8354
30.7371 34.8354
30.7371 34.8354
30.7371 34.8354
30.7371 34.8354
31.6194 35.8354
31.6194 35.8354
31.6194 35.8354
32.0606 36.3354
32.0606 36.3354
32.0606 36.3354
32.5018 36.8354
32.5018 36.8354
32.5018 36.8354
32.5018 36.8354
32.5018 36.8354
32.5018 36.8354
32.7224 37.0854
32.9429 37.3354
33.3841 37.8354
33.3841 37.8354
33.3841 37.8354
34.2665 38.8354
34.2665 38.8354
34.2665 38.8354
34.2665 38.8354
34.2665 38.8354
34.4871 39.0854
34.7076 39.3354
34.9282 39.5854
35.1488 39.8354
35.3694 40.0854
35.59 40.3354
35.8106 40.5854
36.0312 40.8354
36.2518 41.0854
36.4723 41.3354
36.6929 41.5854
36.9135 41.8354
37.1341 42.0854
37.3547 42.3354
37.5753 42.5854
37.7959 42.8354
37.7959 42.8354
37.7959 42.8354
37.7959 42.8354
37.7959 42.8354
37.7959 42.8354
40.0018 45.3354
40.0018 45.3354
40.4429 45.8354
40.4429 45.8354
41.3253 46.8354
41.3253 46.8354
41.3253 46.8354
41.3253 46.8354
41.7665 47.3354
41.7665 47.3354
41.987 47.5854
42.2076 47.8354
42.2076 47.8354
42.2076 47.8354
42.2076 47.8354
42.6488 48.3354
42.6488 48.3354
42.8694 48.5854
43.09 48.8354
43.09 48.8354
43.5312 49.3354
43.9723 49.8354
43.9723 49.8354
43.9723 49.8354
44.4135 50.3354
44.6341 50.5854
44.8547 50.8354
44.8547 50.8354
44.8547 50.8354
44.8547 50.8354
45.2959 51.3354
45.737 51.8354
45.737 51.8354
45.737 51.8354
46.1782 52.3354
46.3988 52.5854
46.6194 52.8354
46.6194 52.8354
47.0606 53.3354
47.5017 53.8354
47.5017 53.8354
47.5017 53.8354
47.5017 53.8354
47.9429 54.3354
47.9429 54.3354
48.3841 54.8354
48.3841 54.8354
48.3841 54.8354
48.3841 54.8354
48.3841 54.8354
48.8253 55.3354
48.8253 55.3354
49.2664 55.8354
49.2664 55.8354
49.2664 55.8354
49.7076 56.3354
49.7076 56.3354
49.9282 56.5854
50.1488 56.8354
50.1488 56.8354
50.59 57.3354
50.59 57.3354
50.59 57.3354
50.8105 57.5854
51.0311 57.8354
51.0311 57.8354
51.0311 57.8354
51.0311 57.8354
51.0311 57.8354
51.4723 58.3354
51.4723 58.3354
51.4723 58.3354
51.9135 58.8354
51.9135 58.8354
51.9135 58.8354
51.9135 58.8354
51.9135 58.8354
52.7958 59.8354
52.7958 59.8354
53.237 60.3354
53.4576 60.5854
53.6782 60.8354
53.6782 60.8354
53.6782 60.8354
54.5605 61.8354
54.5605 61.8354
54.5605 61.8354
54.5605 61.8354
55.0017 62.3354
55.0017 62.3354
55.4429 62.8354
55.4429 62.8354
55.4429 62.8354
55.4429 62.8354
55.4429 62.8354
55.8841 63.3354
56.3252 63.8354
56.3252 63.8354
56.3252 63.8354
56.7664 64.3354
56.987 64.5854
57.2076 64.8354
57.2076 64.8354
57.2076 64.8354
57.6488 65.3354
58.0899 65.8354
58.0899 65.8354
58.0899 65.8354
58.0899 65.8354
58.0899 65.8354
58.5311 66.3354
58.5311 66.3354
58.5311 66.3354
58.9723 66.8354
58.9723 66.8354
58.9723 66.8354
58.9723 66.8354
58.9723 66.8354
59.4135 67.3354
59.8546 67.8354
59.8546 67.8354
59.8546 67.8354
59.8546 67.8354
60.2958 68.3354
60.5164 68.5854
60.737 68.8354
60.737 68.8354
60.737 68.8354
60.9576 69.0854
61.1782 69.3354
61.6193 69.8354
61.6193 69.8354
61.6193 69.8354
61.6193 69.8354
62.0605 70.3354
62.0605 70.3354
62.0605 70.3354
62.2811 70.5854
62.5017 70.8354
62.5017 70.8354
62.5017 70.8354
62.5017 70.8354
62.5017 70.8354
62.5017 70.8354
62.9429 71.3354
63.1635 71.5854
63.3841 71.8354
63.3841 71.8354
63.3841 71.8354
63.8252 72.3354
64.0458 72.5854
64.2664 72.8354
64.2664 72.8354
64.2664 72.8354
64.2664 72.8354
64.9356 73.5854
65.1595 73.8354
65.1595 73.8354
65.1595 73.8354
65.6072 74.3354
65.6072 74.3354
66.055 74.8354
66.055 74.8354
66.055 74.8354
66.055 74.8354
66.7266 75.5854
66.9505 75.8354
66.9505 75.8354
66.9505 75.8354
67.3983 76.3354
67.846 76.8354
67.846 76.8354
67.846 76.8354
67.846 76.8354
68.2938 77.3354
68.7415 77.8354
68.7415 77.8354
68.7415 77.8354
68.7415 77.8354
69.1893 78.3354
69.6371 78.8354
69.6371 78.8354
69.6371 78.8354
69.6371 78.8354
69.6371 78.8354
69.6371 78.8354
70.0803 79.3354
70.0803 79.3354
70.3009 79.5854
70.5215 79.8354
70.5215 79.8354
70.5215 79.8354
70.5215 79.8354
70.9627 80.3354
71.1833 80.5854
71.4039 80.8354
71.4039 80.8354
71.4039 80.8354
71.4039 80.8354
71.845 81.3354
72.2862 81.8354
72.2862 81.8354
72.2862 81.8354
72.6888 82.2917
72.7274 82.3354
72.7274 82.3354
72.948 82.5854
73.1686 82.8354
73.1686 82.8354
73.1686 82.8354
73.1686 82.8354
73.1686 82.8354
73.6097 83.3354
74.0509 83.8354
74.0509 83.8354
74.0509 83.8354
74.4921 84.3354
74.4921 84.3354
74.4921 84.3354
74.7127 84.5854
74.9333 84.8354
74.9333 84.8354
74.9333 84.8354
74.9333 84.8354
75.3744 85.3354
75.3744 85.3354
75.8156 85.8354
75.8156 85.8354
75.8156 85.8354
75.8156 85.8354
76.2568 86.3354
76.2568 86.3354
76.698 86.8354
76.698 86.8354
76.698 86.8354
76.698 86.8354
76.698 86.8354
76.698 86.8354
76.9185 87.0854
77.1391 87.3354
77.5803 87.8354
77.5803 87.8354
77.5803 87.8354
77.5803 87.8354
78.0215 88.3354
78.0215 88.3354
78.2421 88.5854
78.4627 88.8354
78.4627 88.8354
78.4627 88.8354
78.4627 88.8354
78.4627 88.8354
78.9038 89.3354
78.9038 89.3354
79.1244 89.5854
79.345 89.8354
79.345 89.8354
79.345 89.8354
79.345 89.8354
79.345 89.8354
79.7862 90.3354
79.7862 90.3354
80.2274 90.8354
80.2274 90.8354
80.2274 90.8354
80.2274 90.8354
80.2274 90.8354
80.2274 90.8354
81.1097 91.8354
81.1097 91.8354
81.1097 91.8354
81.5509 92.3354
81.5509 92.3354
81.9921 92.8354
81.9921 92.8354
81.9921 92.8354
81.9921 92.8354
82.4332 93.3354
82.4332 93.3354
82.8744 93.8354
82.8744 93.8354
82.8744 93.8354
82.8744 93.8354
83.3156 94.3354
83.3156 94.3354
83.7568 94.8354
83.7568 94.8354
83.7568 94.8354
83.7568 94.8354
83.7568 94.8354
83.7568 94.8354
84.1979 95.3354
84.6391 95.8354
84.6391 95.8354
84.6391 95.8354
84.6391 95.8354
85.0803 96.3354
85.3009 96.5854
85.5215 96.8354
85.5215 96.8354
85.9626 97.3354
86.4038 97.8354
86.4038 97.8354
86.4038 97.8354
86.4038 97.8354
86.4038 97.8354
86.845 98.3354
86.845 98.3354
87.2862 98.8354
87.2862 98.8354
87.2862 98.8354
87.2862 98.8354
87.2862 98.8354
87.2862 98.8354
87.2862 98.8354
87.7273 99.3354
88.1685 99.8354
88.1685 99.8354
88.1685 99.8354
88.6097 100.335
88.6097 100.335
88.8303 100.585
89.0509 100.835
89.0509 100.835
89.0509 100.835
89.0509 100.835
89.0509 100.835
89.0509 100.835
89.2715 101.085
89.492 101.335
89.492 101.335
89.9332 101.835
89.9332 101.835
89.9332 101.835
89.9332 101.835
89.9332 101.835
90.3744 102.335
90.3744 102.335
90.3744 102.335
90.595 102.585
90.8156 102.835
90.8156 102.835
90.8156 102.835
90.8156 102.835
90.8156 102.835
90.8156 102.835
91.2568 103.335
91.4773 103.585
91.6979 103.835
91.6979 103.835
91.6979 103.835
91.6979 103.835
92.1391 104.335
92.3597 104.585
92.5803 104.835
92.5803 104.835
92.5803 104.835
92.5803 104.835
92.5803 104.835
92.5803 104.835
92.5803 104.835
93.0215 105.335
93.0215 105.335
93.4626 105.835
93.4626 105.835
93.4626 105.835
93.4626 105.835
93.9038 106.335
94.1244 106.585
94.345 106.835
94.345 106.835
94.345 106.835
94.345 106.835
94.345 106.835
94.7862 107.335
94.7862 107.335
95.2273 107.835
95.2273 107.835
95.6685 108.335
96.1097 108.835
96.1097 108.835
96.1097 108.835
96.3303 109.085
96.5509 109.335
96.5509 109.335
96.7714 109.585
96.992 109.835
96.992 109.835
96.992 109.835
96.992 109.835
97.2126 110.085
97.4332 110.335
97.4332 110.335
97.6538 110.585
97.8744 110.835
97.8744 110.835
97.8744 110.835
97.8744 110.835
97.8744 110.835
98.095 111.085
98.095 111.085
98.3156 111.335
98.3156 111.335
98.3156 111.335
98.5361 111.585
98.5361 111.585
98.7567 111.835
98.7567 111.835
98.7567 111.835
98.7567 111.835
98.7567 111.835
98.9773 112.085
98.9773 112.085
98.9773 112.085
99.1979 112.335
99.1979 112.335
99.1979 112.335
99.4185 112.585
99.4185 112.585
99.4185 112.585
99.6391 112.835
99.6391 112.835
99.6391 112.835
99.6391 112.835
99.6391 112.835
99.6391 112.835
100.08 113.335
100.301 113.585
100.301 113.585
100.521 113.835
100.521 113.835
100.521 113.835
100.521 113.835
100.521 113.835
101.404 114.835
101.404 114.835
101.404 114.835
101.404 114.835
101.404 114.835
101.404 114.835
101.404 114.835
101.624 115.085
101.845 115.335
102.066 115.585
102.286 115.835
102.286 115.835
102.286 115.835
102.286 115.835
102.727 116.335
102.727 116.335
102.948 116.585
103.168 116.835
103.168 116.835
103.168 116.835
103.168 116.835
103.168 116.835
103.168 116.835
103.61 117.335
103.61 117.335
104.051 117.835
104.051 117.835
104.051 117.835
104.051 117.835
104.271 118.085
104.271 118.085
104.492 118.335
104.492 118.335
104.492 118.335
104.713 118.585
104.933 118.835
104.933 118.835
104.933 118.835
104.933 118.835
104.933 118.835
104.933 118.835
105.374 119.335
105.374 119.335
105.816 119.835
105.816 119.835
105.816 119.835
105.816 119.835
106.257 120.335
106.477 120.585
106.698 120.835
106.698 120.835
106.698 120.835
106.698 120.835
106.698 120.835
106.698 120.835
107.139 121.335
107.139 121.335
107.58 121.835
107.58 121.835
107.58 121.835
108.021 122.335
108.021 122.335
108.242 122.585
108.463 122.835
108.463 122.835
108.463 122.835
108.463 122.835
108.463 122.835
108.463 122.835
108.683 123.085
108.904 123.335
108.904 123.335
109.345 123.835
109.345 123.835
109.345 123.835
109.345 123.835
109.786 124.335
109.786 124.335
109.786 124.335
110.007 124.585
110.227 124.835
110.227 124.835
110.227 124.835
110.227 124.835
110.448 125.085
110.668 125.335
111.11 125.835
111.11 125.835
111.11 125.835
111.551 126.335
111.551 126.335
111.551 126.335
111.771 126.585
111.992 126.835
111.992 126.835
111.992 126.835
111.992 126.835
111.992 126.835
112.433 127.335
112.433 127.335
112.654 127.585
112.654 127.585
112.874 127.835
112.874 127.835
112.874 127.835
112.874 127.835
113.095 128.085
113.316 128.335
113.316 128.335
113.536 128.585
113.536 128.585
113.757 128.835
113.757 128.835
113.757 128.835
113.757 128.835
113.757 128.835
114.198 129.335
114.418 129.585
114.418 129.585
114.418 129.585
114.86 130.085
115.08 130.335
115.08 130.335
115.08 130.335
115.08 130.335
115.301 130.585
115.521 130.835
115.521 130.835
115.521 130.835
115.521 130.835
115.521 130.835
115.521 130.835
115.521 130.835
115.742 131.085
115.963 131.335
115.963 131.335
116.183 131.585
116.404 131.835
116.404 131.835
116.404 131.835
116.624 132.085
116.845 132.335
116.845 132.335
117.066 132.585
117.286 132.835
117.286 132.835
117.286 132.835
117.286 132.835
117.286 132.835
117.286 132.835
117.727 133.335
117.727 133.335
118.168 133.835
118.168 133.835
118.168 133.835
118.168 133.835
118.389 134.085
118.61 134.335
118.61 134.335
118.83 134.585
119.051 134.835
119.051 134.835
119.051 134.835
119.051 134.835
119.051 134.835
119.051 134.835
119.271 135.085
119.492 135.335
119.713 135.585
119.933 135.835
119.933 135.835
120.374 136.335
120.374 136.335
120.816 136.835
120.816 136.835
120.816 136.835
120.816 136.835
120.816 136.835
120.816 136.835
120.816 136.835
121.257 137.335
121.257 137.335
121.698 137.835
121.698 137.835
121.698 137.835
121.918 138.085
122.139 138.335
122.139 138.335
122.36 138.585
122.58 138.835
122.58 138.835
122.58 138.835
122.58 138.835
122.58 138.835
122.801 139.085
123.021 139.335
123.242 139.585
123.463 139.835
123.463 139.835
123.463 139.835
123.904 140.335
123.904 140.335
124.124 140.585
124.345 140.835
124.345 140.835
124.345 140.835
124.345 140.835
124.786 141.335
125.007 141.585
125.227 141.835
125.227 141.835
125.227 141.835
125.227 141.835
125.227 141.835
125.448 142.085
125.889 142.585
126.11 142.835
126.11 142.835
126.11 142.835
126.11 142.835
126.11 142.835
126.11 142.835
126.11 142.835
126.551 143.335
126.551 143.335
126.992 143.835
126.992 143.835
126.992 143.835
127.433 144.335
127.433 144.335
127.874 144.835
127.874 144.835
127.874 144.835
128.315 145.335
128.757 145.835
128.757 145.835
128.757 145.835
128.977 146.085
129.198 146.335
129.639 146.835
129.639 146.835
129.639 146.835
129.639 146.835
129.639 146.835
129.639 146.835
129.86 147.085
129.86 147.085
130.08 147.335
130.08 147.335
130.301 147.585
130.301 147.585
130.521 147.835
130.521 147.835
130.521 147.835
130.521 147.835
130.742 148.085
130.742 148.085
130.742 148.085
130.963 148.335
130.963 148.335
130.963 148.335
131.183 148.585
131.183 148.585
131.183 148.585
131.404 148.835
131.404 148.835
131.404 148.835
131.404 148.835
131.404 148.835
131.404 148.835
131.845 149.335
132.065 149.585
132.065 149.585
132.284 149.833
132.417 149.983
132.597 150.188
132.707 150.312
132.727 150.335
132.727 150.335
132.727 150.335
132.838 150.46
132.946 150.583
133.077 150.731
133.168 150.835
133.168 150.835
133.168 150.835
133.168 150.835
133.168 150.835
133.168 150.835
134.051 151.835
134.051 151.835
134.051 151.835
134.492 152.335
134.492 152.335
134.933 152.835
134.933 152.835
134.933 152.835
134.933 152.835
134.933 152.835
134.933 152.835
135.154 153.085
135.374 153.335
135.374 153.335
135.815 153.835
135.815 153.835
135.815 153.835
136.036 154.085
136.257 154.335
136.257 154.335
136.698 154.835
136.698 154.835
136.698 154.835
136.698 154.835
136.698 154.835
137.139 155.335
137.58 155.835
137.58 155.835
137.58 155.835
138.021 156.335
138.021 156.335
138.463 156.835
138.463 156.835
138.463 156.835
138.463 156.835
138.463 156.835
138.463 156.835
138.683 157.085
138.904 157.335
138.904 157.335
139.345 157.835
139.345 157.835
139.345 157.835
139.565 158.085
139.786 158.335
139.786 158.335
140.007 158.585
140.227 158.835
140.227 158.835
140.227 158.835
140.227 158.835
140.227 158.835
140.668 159.335
141.11 159.835
141.11 159.835
141.11 159.835
141.551 160.335
141.551 160.335
141.551 160.335
141.551 160.335
141.992 160.835
141.992 160.835
141.992 160.835
141.992 160.835
141.992 160.835
142.213 161.085
142.433 161.335
142.433 161.335
142.874 161.835
142.874 161.835
142.874 161.835
143.315 162.335
143.315 162.335
143.757 162.835
143.757 162.835
143.757 162.835
143.757 162.835
143.977 163.085
144.198 163.335
144.198 163.335
144.418 163.585
144.418 163.585
144.639 163.835
144.639 163.835
144.639 163.835
144.86 164.085
144.86 164.085
145.08 164.335
145.08 164.335
145.301 164.585
145.301 164.585
145.521 164.835
145.521 164.835
145.521 164.835
145.521 164.835
145.963 165.335
146.183 165.585
146.183 165.585
146.404 165.835
146.404 165.835
146.624 166.085
146.845 166.335
146.845 166.335
146.845 166.335
146.845 166.335
146.845 166.335
147.065 166.585
147.286 166.835
147.286 166.835
147.286 166.835
147.286 166.835
147.286 166.835
147.507 167.085
147.727 167.335
147.727 167.335
147.948 167.585
148.168 167.835
148.168 167.835
148.168 167.835
148.389 168.085
148.389 168.085
148.61 168.335
148.61 168.335
148.83 168.585
149.051 168.835
149.051 168.835
149.051 168.835
149.051 168.835
149.051 168.835
149.051 168.835
149.492 169.335
149.933 169.835
149.933 169.835
149.933 169.835
150.374 170.335
150.815 170.835
150.815 170.835
150.815 170.835
150.815 170.835
150.815 170.835
151.036 171.085
151.257 171.335
151.257 171.335
151.477 171.585
151.698 171.835
151.698 171.835
151.698 171.835
151.698 171.835
151.918 172.085
152.139 172.335
152.139 172.335
152.36 172.585
152.58 172.835
152.58 172.835
152.58 172.835
152.58 172.835
152.58 172.835
153.021 173.335
153.462 173.835
153.462 173.835
153.462 173.835
153.904 174.335
153.904 174.335
153.913 174.346
154.062 174.515
154.207 174.679
154.345 174.835
154.345 174.835
154.345 174.835
154.345 174.835
154.385 174.881
154.786 175.335
155.227 175.835
155.227 175.835
155.448 176.085
155.448 176.085
155.668 176.335
155.668 176.335
155.889 176.585
155.889 176.585
156.11 176.835
156.11 176.835
156.11 176.835
156.11 176.835
156.11 176.835
156.992 177.835
156.992 177.835
156.992 177.835
157.212 178.085
157.433 178.335
157.654 178.585
157.874 178.835
157.874 178.835
157.874 178.835
157.874 178.835
157.874 178.835
157.874 178.835
158.757 179.835
158.757 179.835
158.757 179.835
159.198 180.335
159.639 180.835
159.639 180.835
159.639 180.835
159.639 180.835
159.639 180.835
159.86 181.085
160.08 181.335
160.301 181.585
160.521 181.835
160.742 182.085
160.962 182.335
161.183 182.585
161.404 182.835
161.404 182.835
161.404 182.835
161.624 183.085
161.845 183.335
161.845 183.335
161.845 183.335
162.065 183.585
162.286 183.835
162.286 183.835
162.286 183.835
162.507 184.085
162.727 184.335
162.727 184.335
162.727 184.335
162.948 184.585
163.168 184.835
163.168 184.835
163.168 184.835
163.168 184.835
164.933 186.835
165.379 187.335
165.827 187.835
166.723 188.835
166.723 188.835
166.723 188.835
166.723 188.835
167.166 189.335
167.166 189.335
167.387 189.585
167.607 189.835
167.607 189.835
167.607 189.835
167.607 189.835
168.049 190.335
168.049 190.335
168.269 190.585
168.49 190.835
168.49 190.835
168.931 191.335
169.372 191.835
169.372 191.835
169.372 191.835
169.813 192.335
170.034 192.585
170.255 192.835
170.255 192.835
170.255 192.835
170.255 192.835
170.696 193.335
171.137 193.835
171.137 193.835
171.137 193.835
171.578 194.335
171.799 194.585
172.019 194.835
172.019 194.835
172.46 195.335
172.902 195.835
172.902 195.835
172.902 195.835
172.902 195.835
173.343 196.335
173.343 196.335
173.784 196.835
173.784 196.835
173.784 196.835
173.784 196.835
173.784 196.835
174.225 197.335
174.225 197.335
174.666 197.835
174.666 197.835
174.666 197.835
175.107 198.335
175.107 198.335
175.328 198.585
175.549 198.835
175.549 198.835
175.99 199.335
175.99 199.335
175.99 199.335
176.21 199.585
176.431 199.835
176.431 199.835
176.431 199.835
176.431 199.835
176.431 199.835
176.872 200.335
176.872 200.335
176.872 200.335
177.313 200.835
177.313 200.835
177.313 200.835
177.313 200.835
177.313 200.835
178.196 201.835
178.196 201.835
178.637 202.335
178.857 202.585
179.078 202.835
179.078 202.835
179.078 202.835
179.96 203.835
179.96 203.835
179.96 203.835
179.96 203.835
180.402 204.335
180.402 204.335
180.843 204.835
180.843 204.835
180.843 204.835
180.843 204.835
180.843 204.835
181.284 205.335
181.725 205.835
181.725 205.835
181.725 205.835
182.166 206.335
182.387 206.585
182.607 206.835
182.607 206.835
182.607 206.835
183.049 207.335
183.49 207.835
183.49 207.835
183.49 207.835
183.49 207.835
183.49 207.835
183.931 208.335
183.931 208.335
183.931 208.335
184.372 208.835
184.372 208.835
184.372 208.835
184.372 208.835
184.372 208.835
184.813 209.335
185.254 209.835
185.254 209.835
185.254 209.835
185.254 209.835
185.696 210.335
185.916 210.585
186.137 210.835
186.137 210.835
186.137 210.835
186.357 211.085
186.578 211.335
187.019 211.835
187.019 211.835
187.019 211.835
187.019 211.835
187.46 212.335
187.46 212.335
187.46 212.335
187.681 212.585
187.902 212.835
187.902 212.835
187.902 212.835
187.902 212.835
187.902 212.835
187.902 212.835
188.343 213.335
188.563 213.585
188.784 213.835
188.784 213.835
188.784 213.835
189.225 214.335
189.446 214.585
189.666 214.835
189.666 214.835
189.666 214.835
189.666 214.835
190.328 215.585
190.549 215.835
190.549 215.835
190.549 215.835
190.99 216.335
190.99 216.335
191.431 216.835
191.431 216.835
191.431 216.835
191.431 216.835
192.093 217.585
192.313 217.835
192.313 217.835
192.313 217.835
192.754 218.335
193.196 218.835
193.196 218.835
193.196 218.835
193.196 218.835
193.637 219.335
194.078 219.835
194.078 219.835
194.078 219.835
194.078 219.835
194.519 220.335
194.96 220.835
194.96 220.835
194.96 220.835
194.96 220.835
194.96 220.835
194.96 220.835
195.402 221.335
195.402 221.335
195.622 221.585
195.843 221.835
195.843 221.835
195.843 221.835
195.843 221.835
196.284 222.335
196.504 222.585
196.725 222.835
196.725 222.835
196.725 222.835
196.725 222.835
197.166 223.335
197.607 223.835
197.607 223.835
197.607 223.835
198.01 224.292
198.049 224.335
198.049 224.335
198.269 224.585
198.49 224.835
198.49 224.835
198.49 224.835
198.49 224.835
198.49 224.835
198.931 225.335
199.372 225.835
199.372 225.835
199.372 225.835
199.813 226.335
199.813 226.335
199.813 226.335
200.034 226.585
200.254 226.835
200.254 226.835
200.254 226.835
200.254 226.835
200.696 227.335
200.696 227.335
201.137 227.835
201.137 227.835
201.137 227.835
201.137 227.835
201.578 228.335
201.578 228.335
202.019 228.835
202.019 228.835
202.019 228.835
202.019 228.835
202.019 228.835
202.019 228.835
202.24 229.085
202.46 229.335
202.902 229.835
202.902 229.835
202.902 229.835
202.902 229.835
203.343 230.335
203.343 230.335
203.563 230.585
203.784 230.835
203.784 230.835
203.784 230.835
203.784 230.835
203.784 230.835
204.225 231.335
204.225 231.335
204.446 231.585
204.666 231.835
204.666 231.835
204.666 231.835
204.666 231.835
204.666 231.835
205.107 232.335
205.107 232.335
205.549 232.835
205.549 232.835
205.549 232.835
205.549 232.835
205.549 232.835
205.549 232.835
206.431 233.835
206.431 233.835
206.431 233.835
206.872 234.335
206.872 234.335
207.313 234.835
207.313 234.835
207.313 234.835
207.313 234.835
207.754 235.335
207.754 235.335
208.196 235.835
208.196 235.835
208.196 235.835
208.196 235.835
208.637 236.335
208.637 236.335
209.078 236.835
209.078 236.835
209.078 236.835
209.078 236.835
209.078 236.835
209.078 236.835
209.519 237.335
209.96 237.835
209.96 237.835
209.96 237.835
209.96 237.835
210.401 238.335
210.622 238.585
210.843 238.835
210.843 238.835
211.284 239.335
211.725 239.835
211.725 239.835
211.725 239.835
211.725 239.835
211.725 239.835
212.166 240.335
212.166 240.335
212.607 240.835
212.607 240.835
212.607 240.835
212.607 240.835
212.607 240.835
212.607 240.835
212.607 240.835
213.049 241.335
213.49 241.835
213.49 241.835
213.49 241.835
213.931 242.335
213.931 242.335
214.151 242.585
214.372 242.835
214.372 242.835
214.372 242.835
214.372 242.835
214.372 242.835
214.372 242.835
214.593 243.085
214.813 243.335
214.813 243.335
215.254 243.835
215.254 243.835
215.254 243.835
215.254 243.835
215.254 243.835
215.696 244.335
215.696 244.335
215.696 244.335
215.916 244.585
216.137 244.835
216.137 244.835
216.137 244.835
216.137 244.835
216.137 244.835
216.137 244.835
216.578 245.335
216.799 245.585
217.019 245.835
217.019 245.835
217.019 245.835
217.019 245.835
217.46 246.335
217.681 246.585
217.901 246.835
217.901 246.835
217.901 246.835
217.901 246.835
217.901 246.835
217.901 246.835
217.901 246.835
218.343 247.335
218.343 247.335
218.784 247.835
218.784 247.835
218.784 247.835
218.784 247.835
219.225 248.335
219.446 248.585
219.666 248.835
219.666 248.835
219.666 248.835
219.666 248.835
219.666 248.835
220.107 249.335
220.107 249.335
220.549 249.835
220.549 249.835
220.99 250.335
221.431 250.835
221.431 250.835
221.431 250.835
221.651 251.085
221.872 251.335
221.872 251.335
222.093 251.585
222.313 251.835
222.313 251.835
222.313 251.835
222.313 251.835
222.534 252.085
222.754 252.335
222.754 252.335
222.975 252.585
223.196 252.835
223.196 252.835
223.196 252.835
223.196 252.835
223.196 252.835
223.416 253.085
223.416 253.085
223.637 253.335
223.637 253.335
223.637 253.335
223.857 253.585
223.857 253.585
224.078 253.835
224.078 253.835
224.078 253.835
224.078 253.835
224.078 253.835
224.299 254.085
224.299 254.085
224.299 254.085
224.519 254.335
224.519 254.335
224.519 254.335
224.74 254.585
224.74 254.585
224.74 254.585
224.96 254.835
224.96 254.835
224.96 254.835
224.96 254.835
224.96 254.835
224.96 254.835
225.401 255.335
225.622 255.585
225.622 255.585
225.843 255.835
225.843 255.835
225.843 255.835
225.843 255.835
225.843 255.835
226.725 256.835
226.725 256.835
226.725 256.835
226.725 256.835
226.725 256.835
226.725 256.835
226.725 256.835
226.946 257.085
227.166 257.335
227.387 257.585
227.607 257.835
227.607 257.835
227.607 257.835
227.607 257.835
228.049 258.335
228.049 258.335
228.269 258.585
228.49 258.835
228.49 258.835
228.49 258.835
228.49 258.835
228.49 258.835
228.49 258.835
228.931 259.335
228.931 259.335
229.372 259.835
229.372 259.835
229.372 259.835
229.372 259.835
229.593 260.085
229.593 260.085
229.813 260.335
229.813 260.335
229.813 260.335
230.034 260.585
230.254 260.835
230.254 260.835
230.254 260.835
230.254 260.835
230.254 260.835
230.254 260.835
230.696 261.335
230.696 261.335
231.137 261.835
231.137 261.835
231.137 261.835
231.137 261.835
231.578 262.335
231.799 262.585
232.019 262.835
232.019 262.835
232.019 262.835
232.019 262.835
232.019 262.835
232.019 262.835
232.46 263.335
232.46 263.335
232.901 263.835
232.901 263.835
232.901 263.835
233.343 264.335
233.343 264.335
233.563 264.585
233.784 264.835
233.784 264.835
233.784 264.835
233.784 264.835
233.784 264.835
233.784 264.835
234.004 265.085
234.225 265.335
234.225 265.335
234.666 265.835
234.666 265.835
234.666 265.835
234.666 265.835
235.107 266.335
235.107 266.335
235.107 266.335
235.328 266.585
235.548 266.835
235.548 266.835
235.548 266.835
235.548 266.835
235.769 267.085
235.99 267.335
236.431 267.835
236.431 267.835
236.431 267.835
236.872 268.335
236.872 268.335
236.872 268.335
237.093 268.585
237.313 268.835
237.313 268.835
237.313 268.835
237.313 268.835
237.313 268.835
237.754 269.335
237.754 269.335
237.975 269.585
237.975 269.585
238.196 269.835
238.196 269.835
238.196 269.835
238.196 269.835
238.416 270.085
238.637 270.335
238.637 270.335
238.857 270.585
238.857 270.585
239.078 270.835
239.078 270.835
239.078 270.835
239.078 270.835
239.078 270.835
239.519 271.335
239.74 271.585
239.74 271.585
239.74 271.585
240.181 272.085
240.401 272.335
240.401 272.335
240.401 272.335
240.401 272.335
240.622 272.585
240.843 272.835
240.843 272.835
240.843 272.835
240.843 272.835
240.843 272.835
240.843 272.835
240.843 272.835
241.063 273.085
241.284 273.335
241.284 273.335
241.504 273.585
241.725 273.835
241.725 273.835
241.725 273.835
241.946 274.085
242.166 274.335
242.166 274.335
242.387 274.585
242.607 274.835
242.607 274.835
242.607 274.835
242.607 274.835
242.607 274.835
242.607 274.835
243.048 275.335
243.048 275.335
243.49 275.835
243.49 275.835
243.49 275.835
243.49 275.835
243.71 276.085
243.931 276.335
243.931 276.335
244.151 276.585
244.372 276.835
244.372 276.835
244.372 276.835
244.372 276.835
244.372 276.835
244.372 276.835
244.593 277.085
244.813 277.335
245.034 277.585
245.254 277.835
245.254 277.835
245.696 278.335
245.696 278.335
246.137 278.835
246.137 278.835
246.137 278.835
246.137 278.835
246.137 278.835
246.137 278.835
246.137 278.835
246.578 279.335
246.578 279.335
247.019 279.835
247.019 279.835
247.019 279.835
247.24 280.085
247.46 280.335
247.46 280.335
247.681 280.585
247.901 280.835
247.901 280.835
247.901 280.835
247.901 280.835
247.901 280.835
248.122 281.085
248.343 281.335
248.563 281.585
248.784 281.835
248.784 281.835
248.784 281.835
249.225 282.335
249.225 282.335
249.446 282.585
249.666 282.835
249.666 282.835
249.666 282.835
249.666 282.835
250.107 283.335
250.328 283.585
250.548 283.835
250.548 283.835
250.548 283.835
250.548 283.835
250.548 283.835
250.769 284.085
251.21 284.585
251.431 284.835
251.431 284.835
251.431 284.835
251.431 284.835
251.431 284.835
251.431 284.835
251.431 284.835
251.872 285.335
252.313 285.835
252.313 285.835
252.534 286.085
252.754 286.335
252.754 286.335
252.975 286.585
253.196 286.835
253.196 286.835
253.196 286.835
253.196 286.835
253.637 287.335
253.857 287.585
253.857 287.585
254.519 288.335
254.519 288.335
254.519 288.335
254.96 288.835
254.96 288.835
254.96 288.835
254.96 288.835
254.96 288.835
254.96 288.835
254.96 288.835
255.181 289.085
255.401 289.335
255.622 289.585
255.843 289.835
255.843 289.835
255.843 289.835
255.843 289.835
256.284 290.335
256.284 290.335
256.504 290.585
256.725 290.835
256.725 290.835
256.725 290.835
256.725 290.835
256.725 290.835
256.725 290.835
257.166 291.335
257.166 291.335
257.607 291.835
257.607 291.835
257.607 291.835
257.607 291.835
257.828 292.085
257.828 292.085
258.048 292.335
258.048 292.335
258.048 292.335
258.269 292.585
258.49 292.835
258.49 292.835
258.49 292.835
258.49 292.835
258.49 292.835
258.49 292.835
258.931 293.335
258.931 293.335
259.372 293.835
259.372 293.835
259.372 293.835
259.372 293.835
259.813 294.335
260.034 294.585
260.254 294.835
260.254 294.835
260.254 294.835
260.254 294.835
260.254 294.835
260.254 294.835
260.695 295.335
260.695 295.335
261.137 295.835
261.137 295.835
261.137 295.835
261.578 296.335
261.578 296.335
261.798 296.585
262.019 296.835
262.019 296.835
262.019 296.835
262.019 296.835
262.019 296.835
262.019 296.835
262.24 297.085
262.46 297.335
262.46 297.335
262.901 297.835
262.901 297.835
262.901 297.835
262.901 297.835
263.343 298.335
263.343 298.335
263.343 298.335
263.563 298.585
263.784 298.835
263.784 298.835
263.784 298.835
263.784 298.835
264.004 299.085
264.225 299.335
264.666 299.835
264.666 299.835
264.666 299.835
265.107 300.335
265.107 300.335
265.107 300.335
265.328 300.585
265.548 300.835
265.548 300.835
265.548 300.835
265.548 300.835
265.548 300.835
265.99 301.335
265.99 301.335
266.21 301.585
266.21 301.585
266.431 301.835
266.431 301.835
266.431 301.835
266.431 301.835
266.651 302.085
266.872 302.335
266.872 302.335
267.093 302.585
267.093 302.585
267.313 302.835
267.313 302.835
267.313 302.835
267.313 302.835
267.313 302.835
267.754 303.335
267.975 303.585
267.975 303.585
267.975 303.585
268.416 304.085
268.637 304.335
268.637 304.335
268.637 304.335
268.637 304.335
268.857 304.585
269.078 304.835
269.078 304.835
269.078 304.835
269.078 304.835
269.078 304.835
269.078 304.835
269.078 304.835
269.298 305.085
269.519 305.335
269.519 305.335
269.74 305.585
269.96 305.835
269.96 305.835
269.96 305.835
270.181 306.085
270.401 306.335
270.401 306.335
270.622 306.585
270.843 306.835
270.843 306.835
270.843 306.835
270.843 306.835
270.843 306.835
270.843 306.835
271.284 307.335
271.284 307.335
271.725 307.835
271.725 307.835
271.725 307.835
271.725 307.835
271.945 308.085
272.166 308.335
272.166 308.335
272.387 308.585
272.607 308.835
272.607 308.835
272.607 308.835
272.607 308.835
272.607 308.835
272.607 308.835
272.828 309.085
273.048 309.335
273.269 309.585
273.49 309.835
273.49 309.835
273.931 310.335
273.931 310.335
274.372 310.835
274.372 310.835
274.372 310.835
274.372 310.835
274.372 310.835
274.372 310.835
274.372 310.835
274.813 311.335
274.813 311.335
275.254 311.835
275.254 311.835
275.254 311.835
275.475 312.085
275.695 312.335
275.695 312.335
275.916 312.585
276.137 312.835
276.137 312.835
276.137 312.835
276.137 312.835
276.137 312.835
276.357 313.085
276.578 313.335
276.798 313.585
277.019 313.835
277.019 313.835
277.019 313.835
277.46 314.335
277.46 314.335
277.681 314.585
277.901 314.835
277.901 314.835
277.901 314.835
277.901 314.835
278.343 315.335
278.563 315.585
278.784 315.835
278.784 315.835
278.784 315.835
278.784 315.835
278.784 315.835
279.004 316.085
279.445 316.585
279.666 316.835
279.666 316.835
279.666 316.835
279.666 316.835
279.666 316.835
279.666 316.835
279.666 316.835
280.107 317.335
280.548 317.835
280.548 317.835
280.548 317.835
280.99 318.335
281.431 318.835
281.431 318.835
282.313 319.835
282.313 319.835
283.195 320.835
283.195 320.835
283.195 320.835
283.195 320.835
284.078 321.835
284.078 321.835
284.078 321.835
284.96 322.835
284.96 322.835
285.843 323.835
285.843 323.835
285.876 323.873
286.284 324.335
286.675 324.779
286.684 324.79
286.78 324.898
286.786 324.904
286.855 324.983
286.927 325.065
