0.112319 0.129167
0.112319 0.129167
0.112319 0.129167
0.112319 0.129167
0.112319 0.129167
0.112319 0.129167
2.72101 3.12917
2.9384 3.37917
3.15579 3.62917
3.37318 3.87917
3.59057 4.12917
3.59057 4.12917
3.59057 4.12917
3.59057 4.12917
3.59057 4.12917
3.59057 4.12917
3.59057 4.12917
6.19927 7.12917
6.41666 7.37917
6.63405 7.62917
6.85144 7.87917
7.06883 8.12917
7.06883 8.12917
7.06883 8.12917
7.06883 8.12917
7.06883 8.12917
7.06883 8.12917
9.67752 11.1292
9.89491 11.3792
10.1123 11.6292
10.3297 11.8792
10.5471 12.1292
10.5471 12.1292
10.5471 12.1292
10.5471 12.1292
10.5471 12.1292
10.5471 12.1292
13.5906 15.6292
13.808 15.8792
14.0253 16.1292
14.0253 16.1292
14.4601 16.6292
14.4601 16.6292
14.6775 16.8792
14.8949 17.1292
15.1123 17.3792
15.3297 17.6292
15.3297 17.6292
17.0688 19.6292
17.2862 19.8792
17.5036 20.1292
17.5036 20.1292
17.9384 20.6292
17.9384 20.6292
18.1558 20.8792
18.3732 21.1292
18.3732 21.1292
18.5906 21.3792
20.5471 23.6292
20.7645 23.8792
20.9819 24.1292
20.9819 24.1292
21.4166 24.6292
21.4166 24.6292
21.634 24.8792
21.8514 25.1292
22.0688 25.3792
22.2862 25.6292
22.2862 25.6292
24.0253 27.6292
24.2427 27.8792
24.4601 28.1292
24.4601 28.1292
24.8949 28.6292
24.8949 28.6292
25.1123 28.8792
25.3297 29.1292
25.3297 29.1292
25.5471 29.3792
25.7645 29.6292
27.2862 31.3792
27.5036 31.6292
27.721 31.8792
27.9384 32.1292
27.9384 32.1292
28.3731 32.6292
28.3731 32.6292
28.5905 32.8792
28.8079 33.1292
28.8079 33.1292
29.0253 33.3792
29.2427 33.6292
29.2427 33.6292
29.8949 34.3792
30.5471 35.1292
30.9818 35.6292
31.1992 35.8792
31.4166 36.1292
31.8514 36.6292
31.8514 36.6292
32.2862 37.1292
32.721 37.6292
33.1558 38.1292
33.5905 38.6292
34.0253 39.1292
34.2427 39.3792
34.4601 39.6292
34.4601 39.6292
34.6775 39.8792
34.8949 40.1292
34.8949 40.1292
34.8949 40.1292
35.221 40.5042
35.3297 40.6292
35.5471 40.8792
35.7644 41.1292
35.9818 41.3792
36.1992 41.6292
37.0688 42.6292
37.5036 43.1292
37.721 43.3792
38.1557 43.8792
38.3731 44.1292
38.8079 44.6292
38.8079 44.6292
39.2427 45.1292
39.6739 45.625
39.6793 45.6313
41.4166 47.6292
41.634 47.8792
41.8514 48.1292
41.8514 48.1292
42.2862 48.6292
42.2862 48.6292
42.5036 48.8792
42.721 49.1292
42.9383 49.3792
43.1557 49.6292
43.1557 49.6292
44.0253 50.6292
44.4601 51.1292
44.8949 51.6292
45.1123 51.8792
45.3296 52.1292
45.3296 52.1292
45.3296 52.1292
45.3296 52.1292
45.7644 52.6292
45.7644 52.6292
45.9818 52.8792
46.1992 53.1292
46.1992 53.1292
46.1992 53.1292
46.4166 53.3792
46.634 53.6292
48.3731 55.6292
48.5905 55.8792
48.8079 56.1292
48.8079 56.1292
48.8079 56.1292
48.8079 56.1292
49.2427 56.6292
49.2427 56.6292
49.4601 56.8792
49.6775 57.1292
49.8949 57.3792
50.1122 57.6292
50.1122 57.6292
50.9818 58.6292
51.4166 59.1292
51.8514 59.6292
52.2862 60.1292
52.2862 60.1292
52.7209 60.6292
52.7209 60.6292
52.9383 60.8792
53.1557 61.1292
53.1557 61.1292
53.5905 61.6292
53.5905 61.6292
53.5905 61.6292
55.1122 63.3792
55.3296 63.6292
55.547 63.8792
55.7644 64.1292
55.7644 64.1292
55.7644 64.1292
55.7644 64.1292
55.9818 64.3792
56.1992 64.6292
56.1992 64.6292
56.4184 64.8812
57.0688 65.6292
57.0688 65.6292
57.9383 66.6292
58.3731 67.1292
58.3731 67.1292
58.8079 67.6292
59.0253 67.8792
59.2427 68.1292
59.2427 68.1292
59.2427 68.1292
59.4601 68.3792
59.6775 68.6292
59.8948 68.8792
60.547 69.6292
60.547 69.6292
60.9818 70.1292
62.2861 71.6292
62.5035 71.8792
62.7209 72.1292
62.7209 72.1292
62.9383 72.3792
63.1557 72.6292
63.1557 72.6292
63.3713 72.8771
64.0253 73.6292
64.4601 74.1292
64.4601 74.1292
65.3296 75.1292
65.7644 75.6292
65.7644 75.6292
65.9818 75.8792
66.1992 76.1292
66.1992 76.1292
66.634 76.6292
66.634 76.6292
66.8514 76.8792
67.0687 77.1292
67.2861 77.3792
67.7209 77.8792
67.7209 77.8792
68.1557 78.3792
68.1557 78.3792
68.5905 78.8792
68.8079 79.1292
68.8079 79.1292
69.0253 79.3792
69.2427 79.6292
69.2427 79.6292
69.46 79.8792
69.6774 80.1292
69.6774 80.1292
69.6774 80.1292
69.6774 80.1292
69.6774 80.1292
70.1122 80.6292
70.3296 80.8792
70.547 81.1292
70.547 81.1292
70.547 81.1292
70.7644 81.3792
70.9818 81.6292
71.1992 81.8792
71.4166 82.1292
71.4166 82.1292
71.4166 82.1292
71.4166 82.1292
71.4166 82.1292
71.634 82.3792
71.8513 82.6292
71.8513 82.6292
72.0687 82.8792
72.0687 82.8792
72.2861 83.1292
72.2861 83.1292
72.2861 83.1292
72.7209 83.6292
72.7209 83.6292
72.9383 83.8792
73.1557 84.1292
73.1557 84.1292
73.1557 84.1292
73.1557 84.1292
73.1557 84.1292
73.3731 84.3792
73.8079 84.8792
73.8079 84.8792
74.0253 85.1292
74.0253 85.1292
74.0253 85.1292
74.0253 85.1292
74.46 85.6292
74.46 85.6292
74.6774 85.8792
74.8948 86.1292
74.8948 86.1292
74.8948 86.1292
74.8948 86.1292
74.8948 86.1292
75.3296 86.6292
75.547 86.8792
75.547 86.8792
75.7644 87.1292
75.7644 87.1292
75.7644 87.1292
76.1992 87.6292
76.1992 87.6292
76.4166 87.8792
76.634 88.1292
76.634 88.1292
76.634 88.1292
76.634 88.1292
76.634 88.1292
77.0687 88.6292
77.2861 88.8792
77.2861 88.8792
77.5035 89.1292
77.5035 89.1292
77.5035 89.1292
77.9383 89.6292
77.9383 89.6292
78.1557 89.8792
78.3731 90.1292
78.3731 90.1292
78.3731 90.1292
78.3731 90.1292
78.3731 90.1292
78.8079 90.6292
79.0253 90.8792
79.0253 90.8792
79.2426 91.1292
79.2426 91.1292
79.2426 91.1292
79.46 91.3792
79.6774 91.6292
80.1122 92.1292
80.1122 92.1292
80.1122 92.1292
80.1122 92.1292
80.1122 92.1292
80.9818 93.1292
80.9818 93.1292
80.9818 93.1292
81.8513 94.1292
81.8513 94.1292
81.8513 94.1292
82.5035 94.8792
82.7209 95.1292
82.7209 95.1292
82.7209 95.1292
82.9383 95.3792
83.1557 95.6292
83.1557 95.6292
83.3731 95.8792
83.5905 96.1292
83.5905 96.1292
83.5905 96.1292
83.5905 96.1292
83.5905 96.1292
84.0252 96.6292
84.46 97.1292
84.46 97.1292
84.46 97.1292
84.46 97.1292
84.8948 97.6292
84.8948 97.6292
85.3296 98.1292
85.3296 98.1292
85.3296 98.1292
85.3296 98.1292
85.3296 98.1292
85.3296 98.1292
85.7644 98.6292
85.9818 98.8792
85.9818 98.8792
86.1992 99.1292
86.1992 99.1292
86.1992 99.1292
86.6339 99.6292
86.6339 99.6292
86.8513 99.8792
87.0687 100.129
87.0687 100.129
87.0687 100.129
87.0687 100.129
87.0687 100.129
87.0687 100.129
87.5035 100.629
87.7209 100.879
87.9383 101.129
87.9383 101.129
87.9383 101.129
87.9383 101.129
88.3731 101.629
88.3731 101.629
88.8078 102.129
88.8078 102.129
88.8078 102.129
88.8078 102.129
88.8078 102.129
89.2426 102.629
89.2426 102.629
89.46 102.879
89.6774 103.129
89.6774 103.129
89.6774 103.129
90.1122 103.629
90.1122 103.629
90.3296 103.879
90.547 104.129
90.547 104.129
90.547 104.129
90.547 104.129
90.547 104.129
90.9818 104.629
91.1991 104.879
91.4165 105.129
91.4165 105.129
91.4165 105.129
91.4165 105.129
91.8513 105.629
92.2861 106.129
92.2861 106.129
92.2861 106.129
92.2861 106.129
92.2861 106.129
92.2861 106.129
92.7209 106.629
93.1557 107.129
93.1557 107.129
93.1557 107.129
93.1557 107.129
93.5904 107.629
94.0252 108.129
94.0252 108.129
94.0252 108.129
94.0252 108.129
96.6339 111.129
97.5035 112.129
97.5035 112.129
97.5035 112.129
97.5035 112.129
97.5035 112.129
97.9383 112.629
98.3731 113.129
98.3731 113.129
98.3731 113.129
98.8078 113.629
98.8078 113.629
99.2426 114.129
99.2426 114.129
99.2426 114.129
100.112 115.129
100.112 115.129
100.112 115.129
100.112 115.129
100.33 115.379
100.547 115.629
100.764 115.879
100.982 116.129
100.982 116.129
100.982 116.129
100.982 116.129
100.982 116.129
100.982 116.129
101.851 117.129
101.851 117.129
101.851 117.129
102.721 118.129
102.721 118.129
102.721 118.129
103.59 119.129
103.59 119.129
103.59 119.129
103.59 119.129
103.808 119.379
104.025 119.629
104.243 119.879
104.46 120.129
104.46 120.129
104.46 120.129
104.46 120.129
104.46 120.129
104.46 120.129
105.33 121.129
105.33 121.129
105.33 121.129
106.199 122.129
106.199 122.129
106.199 122.129
107.069 123.129
107.069 123.129
107.069 123.129
107.069 123.129
107.286 123.379
107.503 123.629
107.721 123.879
107.938 124.129
107.938 124.129
107.938 124.129
107.938 124.129
107.938 124.129
107.938 124.129
108.273 124.515
108.384 124.642
108.724 125.033
108.808 125.129
108.815 125.138
108.815 125.138
108.815 125.138
109.032 125.388
109.25 125.638
109.255 125.644
109.467 125.888
109.677 126.129
109.677 126.129
109.677 126.129
109.895 126.379
110.112 126.629
110.33 126.879
110.547 127.129
110.547 127.129
110.547 127.129
110.547 127.129
110.982 127.629
111.199 127.879
111.417 128.129
111.417 128.129
111.851 128.629
111.851 128.629
112.069 128.879
112.286 129.129
112.503 129.379
112.721 129.629
112.721 129.629
114.46 131.629
114.677 131.879
114.895 132.129
114.895 132.129
114.895 132.129
114.895 132.129
115.33 132.629
115.33 132.629
115.547 132.879
115.764 133.129
115.764 133.129
115.764 133.129
115.982 133.379
116.199 133.629
117.938 135.629
118.156 135.879
118.373 136.129
118.373 136.129
118.373 136.129
118.373 136.129
118.808 136.629
118.808 136.629
119.025 136.879
119.243 137.129
119.46 137.379
119.677 137.629
119.677 137.629
121.416 139.629
121.851 140.129
121.851 140.129
122.286 140.629
122.286 140.629
122.503 140.879
122.721 141.129
123.156 141.629
123.156 141.629
124.677 143.379
124.895 143.629
125.112 143.879
125.33 144.129
125.33 144.129
125.33 144.129
125.33 144.129
125.764 144.629
125.764 144.629
125.982 144.879
126.199 145.129
126.634 145.629
126.634 145.629
127.503 146.629
127.938 147.129
127.938 147.129
128.373 147.629
128.59 147.879
128.808 148.129
128.808 148.129
128.808 148.129
129.243 148.629
129.243 148.629
129.677 149.129
130.112 149.629
130.112 149.629
130.547 150.129
131.634 151.379
131.851 151.629
132.069 151.879
132.286 152.129
132.286 152.129
132.503 152.379
132.503 152.379
132.721 152.629
132.938 152.879
133.59 153.629
134.022 154.125
134.025 154.129
134.025 154.129
134.895 155.129
135.33 155.629
135.33 155.629
135.547 155.879
135.764 156.129
135.764 156.129
136.199 156.629
136.199 156.629
136.416 156.879
136.634 157.129
136.851 157.379
137.286 157.879
137.286 157.879
137.721 158.379
137.721 158.379
138.156 158.879
138.373 159.129
138.373 159.129
138.59 159.379
138.808 159.629
138.808 159.629
139.025 159.879
139.243 160.129
139.243 160.129
139.243 160.129
139.243 160.129
139.243 160.129
139.677 160.629
139.895 160.879
140.112 161.129
140.112 161.129
140.112 161.129
140.33 161.379
140.547 161.629
140.764 161.879
140.982 162.129
140.982 162.129
140.982 162.129
140.982 162.129
140.982 162.129
141.199 162.379
141.416 162.629
141.416 162.629
141.634 162.879
141.634 162.879
141.851 163.129
141.851 163.129
141.851 163.129
142.286 163.629
142.286 163.629
142.503 163.879
142.503 163.879
142.721 164.129
142.721 164.129
142.721 164.129
142.721 164.129
142.721 164.129
142.938 164.379
143.373 164.879
143.373 164.879
143.59 165.129
143.59 165.129
143.59 165.129
143.59 165.129
144.025 165.629
144.025 165.629
144.243 165.879
144.243 165.879
144.46 166.129
144.46 166.129
144.46 166.129
144.46 166.129
144.46 166.129
144.895 166.629
145.112 166.879
145.112 166.879
145.33 167.129
145.33 167.129
145.33 167.129
145.764 167.629
145.764 167.629
145.982 167.879
146.199 168.129
146.199 168.129
146.199 168.129
146.199 168.129
146.199 168.129
146.634 168.629
146.851 168.879
146.851 168.879
147.069 169.129
147.069 169.129
147.069 169.129
147.286 169.379
147.503 169.629
147.503 169.629
147.721 169.879
147.938 170.129
147.938 170.129
147.938 170.129
147.938 170.129
147.938 170.129
148.373 170.629
148.59 170.879
148.59 170.879
148.808 171.129
148.808 171.129
148.808 171.129
149.025 171.379
149.243 171.629
149.46 171.879
149.677 172.129
149.677 172.129
149.677 172.129
149.677 172.129
149.677 172.129
150.547 173.129
150.547 173.129
150.547 173.129
151.416 174.129
151.416 174.129
151.416 174.129
152.069 174.879
152.286 175.129
152.286 175.129
152.286 175.129
152.503 175.379
152.721 175.629
152.721 175.629
152.938 175.879
152.938 175.879
153.156 176.129
153.156 176.129
153.156 176.129
153.156 176.129
153.156 176.129
153.59 176.629
154.025 177.129
154.025 177.129
154.025 177.129
154.025 177.129
154.46 177.629
154.46 177.629
154.895 178.129
154.895 178.129
154.895 178.129
154.895 178.129
154.895 178.129
154.895 178.129
155.329 178.629
155.547 178.879
155.547 178.879
155.764 179.129
155.764 179.129
155.764 179.129
156.199 179.629
156.199 179.629
156.416 179.879
156.634 180.129
156.634 180.129
156.634 180.129
156.634 180.129
156.634 180.129
156.634 180.129
157.069 180.629
157.286 180.879
157.503 181.129
157.503 181.129
157.503 181.129
157.503 181.129
157.938 181.629
157.938 181.629
158.373 182.129
158.373 182.129
158.373 182.129
158.373 182.129
158.373 182.129
158.808 182.629
158.808 182.629
159.025 182.879
159.243 183.129
159.243 183.129
159.243 183.129
159.677 183.629
159.677 183.629
159.895 183.879
160.112 184.129
160.112 184.129
160.112 184.129
160.112 184.129
160.112 184.129
160.547 184.629
160.764 184.879
160.982 185.129
160.982 185.129
160.982 185.129
160.982 185.129
161.416 185.629
161.851 186.129
161.851 186.129
161.851 186.129
161.851 186.129
161.851 186.129
162.721 187.129
162.721 187.129
162.721 187.129
163.156 187.629
163.59 188.129
163.59 188.129
163.59 188.129
163.59 188.129
164.025 188.629
166.416 191.379
166.634 191.629
166.851 191.879
167.069 192.129
167.069 192.129
167.069 192.129
167.069 192.129
167.069 192.129
167.503 192.629
167.721 192.879
167.938 193.129
167.938 193.129
167.938 193.129
168.156 193.379
168.373 193.629
168.59 193.879
168.808 194.129
168.808 194.129
168.808 194.129
168.808 194.129
168.808 194.129
169.025 194.379
169.243 194.629
169.243 194.629
169.46 194.879
169.46 194.879
169.677 195.129
169.677 195.129
169.677 195.129
170.112 195.629
170.112 195.629
170.329 195.879
170.547 196.129
170.547 196.129
170.547 196.129
170.547 196.129
170.547 196.129
170.764 196.379
171.199 196.879
171.199 196.879
171.416 197.129
171.416 197.129
171.416 197.129
171.416 197.129
171.851 197.629
171.851 197.629
172.069 197.879
172.286 198.129
172.286 198.129
172.286 198.129
172.286 198.129
172.286 198.129
172.721 198.629
172.938 198.879
172.938 198.879
173.156 199.129
173.156 199.129
173.156 199.129
173.59 199.629
173.59 199.629
173.808 199.879
174.025 200.129
174.025 200.129
174.025 200.129
174.025 200.129
174.025 200.129
174.46 200.629
174.677 200.879
174.677 200.879
174.895 201.129
174.895 201.129
174.895 201.129
175.112 201.379
175.329 201.629
175.329 201.629
175.547 201.879
175.764 202.129
175.764 202.129
175.764 202.129
175.764 202.129
175.764 202.129
176.199 202.629
176.416 202.879
176.416 202.879
176.634 203.129
176.634 203.129
176.634 203.129
176.851 203.379
177.069 203.629
177.503 204.129
177.503 204.129
177.503 204.129
177.503 204.129
177.503 204.129
178.373 205.129
178.373 205.129
178.373 205.129
179.243 206.129
179.243 206.129
179.243 206.129
179.895 206.879
180.112 207.129
180.112 207.129
180.112 207.129
180.329 207.379
180.547 207.629
180.547 207.629
180.764 207.879
180.982 208.129
180.982 208.129
180.982 208.129
180.982 208.129
180.982 208.129
181.416 208.629
181.851 209.129
181.851 209.129
181.851 209.129
181.851 209.129
182.286 209.629
182.286 209.629
182.721 210.129
182.721 210.129
182.721 210.129
182.721 210.129
182.721 210.129
182.721 210.129
183.156 210.629
183.373 210.879
183.373 210.879
183.59 211.129
183.59 211.129
183.59 211.129
184.025 211.629
184.025 211.629
184.242 211.879
184.46 212.129
184.46 212.129
184.46 212.129
184.46 212.129
184.46 212.129
184.46 212.129
184.895 212.629
185.112 212.879
185.329 213.129
185.329 213.129
185.329 213.129
185.329 213.129
185.764 213.629
185.764 213.629
186.199 214.129
186.199 214.129
186.199 214.129
186.199 214.129
186.199 214.129
186.634 214.629
186.634 214.629
186.851 214.879
187.069 215.129
187.069 215.129
187.069 215.129
187.503 215.629
187.503 215.629
187.721 215.879
187.938 216.129
187.938 216.129
187.938 216.129
187.938 216.129
187.938 216.129
188.373 216.629
188.59 216.879
188.808 217.129
188.808 217.129
188.808 217.129
188.808 217.129
189.242 217.629
189.677 218.129
189.677 218.129
189.677 218.129
189.677 218.129
189.677 218.129
189.677 218.129
190.112 218.629
190.329 218.879
190.547 219.129
190.547 219.129
190.547 219.129
190.982 219.629
191.416 220.129
191.416 220.129
191.416 220.129
194.025 223.129
194.895 224.129
194.895 224.129
194.895 224.129
195.329 224.629
195.764 225.129
195.764 225.129
196.199 225.629
197.503 227.129
197.721 227.379
197.938 227.629
198.156 227.879
198.373 228.129
198.373 228.129
198.808 228.629
199.242 229.129
199.677 229.629
200.982 231.129
201.199 231.379
201.851 232.129
201.851 232.129
201.851 232.129
202.286 232.629
202.721 233.129
203.156 233.629
204.895 235.629
205.329 236.129
205.329 236.129
205.764 236.629
206.199 237.129
206.634 237.629
207.069 238.129
209.449 240.867
209.5 240.925
209.512 240.94
209.592 241.031
209.962 241.456
210.226 241.76
210.42 241.983
210.587 242.175
210.766 242.381
210.94 242.581
211.116 242.783
211.246 242.933
211.453 243.171
211.652 243.4
211.853 243.631
212.056 243.865
212.297 244.142
212.681 244.583
212.755 244.669
212.86 244.79
