0.734977 1.71458
0.949308 2.21458
1.16364 2.71458
1.37797 3.21458
1.5923 3.71458
1.80663 4.21458
2.02096 4.71458
2.23529 5.21458
2.44962 5.71458
2.66396 6.21458
2.87829 6.71458
3.09262 7.21458
3.30695 7.71458
3.52128 8.21458
3.73561 8.71458
3.94994 9.21458
4.16427 9.71458
4.3786 10.2146
4.59293 10.7146
4.80727 11.2146
5.0216 11.7146
5.23593 12.2146
5.45026 12.7146
5.66459 13.2146
5.87892 13.7146
6.09325 14.2146
6.30758 14.7146
6.52191 15.2146
6.73624 15.7146
6.95058 16.2146
7.16491 16.7146
7.16491 16.7146
7.16491 16.7146
7.16491 16.7146
7.37924 17.2146
7.59357 17.7146
7.59357 17.7146
7.59357 17.7146
7.8079 18.2146
8.02223 18.7146
8.02223 18.7146
8.02223 18.7146
8.02223 18.7146
8.02223 18.7146
8.45089 19.7146
8.45089 19.7146
8.45089 19.7146
8.66522 20.2146
8.87955 20.7146
8.87955 20.7146
8.87955 20.7146
8.87955 20.7146
8.87955 20.7146
8.87955 20.7146
9.30822 21.7146
9.30822 21.7146
9.30822 21.7146
9.73688 22.7146
9.73688 22.7146
9.73688 22.7146
9.73688 22.7146
9.73688 22.7146
10.1655 23.7146
10.1655 23.7146
10.1655 23.7146
10.3799 24.2146
10.5942 24.7146
10.5942 24.7146
10.5942 24.7146
10.5942 24.7146
10.5942 24.7146
11.0229 25.7146
11.0229 25.7146
11.4515 26.7146
11.4515 26.7146
11.4515 26.7146
11.4515 26.7146
11.4515 26.7146
11.8802 27.7146
11.8802 27.7146
11.8802 27.7146
12.3089 28.7146
12.3089 28.7146
12.3089 28.7146
12.3089 28.7146
12.3089 28.7146
12.7375 29.7146
12.7375 29.7146
12.8447 29.9646
12.9518 30.2146
12.9518 30.2146
13.1662 30.7146
13.1662 30.7146
13.1662 30.7146
13.1662 30.7146
13.1662 30.7146
13.5948 31.7146
13.5948 31.7146
13.5948 31.7146
14.0235 32.7146
14.0235 32.7146
14.0235 32.7146
14.0235 32.7146
14.0235 32.7146
14.4522 33.7146
14.4522 33.7146
14.8808 34.7146
14.8808 34.7146
14.8808 34.7146
14.8808 34.7146
14.8808 34.7146
15.3095 35.7146
15.3095 35.7146
15.3095 35.7146
15.5238 36.2146
15.5238 36.2146
15.5238 36.2146
15.7381 36.7146
15.7381 36.7146
15.7381 36.7146
15.7381 36.7146
15.7381 36.7146
15.9525 37.2146
16.0596 37.4646
16.0596 37.4646
16.0596 37.4646
16.1668 37.7146
16.1668 37.7146
16.1668 37.7146
16.3811 38.2146
16.3811 38.2146
16.3811 38.2146
16.5955 38.7146
16.5955 38.7146
16.5955 38.7146
16.8098 39.2146
16.8098 39.2146
17.0241 39.7146
17.0241 39.7146
17.0241 39.7146
17.2385 40.2146
17.4528 40.7146
17.4528 40.7146
17.4528 40.7146
17.4528 40.7146
17.4528 40.7146
17.8815 41.7146
17.8815 41.7146
17.8815 41.7146
18.3101 42.7146
18.3101 42.7146
18.3101 42.7146
18.3101 42.7146
18.7388 43.7146
18.7388 43.7146
18.7388 43.7146
18.7388 43.7146
18.8459 43.9646
19.1674 44.7146
19.1674 44.7146
19.1674 44.7146
19.1674 44.7146
19.1674 44.7146
19.5961 45.7146
19.5961 45.7146
19.5961 45.7146
19.5961 45.7146
19.8104 46.2146
19.8104 46.2146
19.8104 46.2146
19.8104 46.2146
20.0248 46.7146
20.0248 46.7146
20.0248 46.7146
20.0248 46.7146
20.4534 47.7146
20.4534 47.7146
20.4534 47.7146
20.8821 48.7146
20.8821 48.7146
20.8821 48.7146
20.8821 48.7146
20.8821 48.7146
20.8821 48.7146
20.8821 48.7146
20.8821 48.7146
21.0964 49.2146
21.3108 49.7146
21.3108 49.7146
21.5251 50.2146
21.7394 50.7146
21.7394 50.7146
21.7394 50.7146
21.7394 50.7146
21.9537 51.2146
22.1681 51.7146
22.3824 52.2146
22.3824 52.2146
22.5967 52.7146
22.8111 53.2146
22.8111 53.2146
22.8111 53.2146
22.8111 53.2146
23.0254 53.7146
23.2397 54.2146
23.2397 54.2146
23.4541 54.7146
23.4541 54.7146
23.4541 54.7146
23.4541 54.7146
23.6684 55.2146
23.6684 55.2146
23.9899 55.9646
24.0971 56.2146
24.3114 56.7146
24.3114 56.7146
24.3114 56.7146
24.3114 56.7146
24.3114 56.7146
24.3114 56.7146
24.5257 57.2146
24.74 57.7146
24.8472 57.9646
24.9544 58.2146
24.9544 58.2146
25.1687 58.7146
25.1687 58.7146
25.1687 58.7146
25.1687 58.7146
25.383 59.2146
25.5974 59.7146
25.5974 59.7146
25.8117 60.2146
25.8117 60.2146
25.8117 60.2146
25.8117 60.2146
26.026 60.7146
26.1332 60.9646
26.2404 61.2146
26.2404 61.2146
26.2404 61.2146
26.4547 61.7146
26.669 62.2146
26.669 62.2146
26.8834 62.7146
26.8834 62.7146
27.0977 63.2146
27.0977 63.2146
27.312 63.7146
27.312 63.7146
27.5264 64.2146
27.5264 64.2146
27.7407 64.7146
27.7407 64.7146
27.7407 64.7146
27.7407 64.7146
28.1693 65.7146
28.1693 65.7146
28.598 66.7146
28.598 66.7146
28.598 66.7146
28.598 66.7146
28.598 66.7146
29.0267 67.7146
29.0267 67.7146
29.4553 68.7146
29.4553 68.7146
29.4553 68.7146
29.884 69.7146
29.884 69.7146
30.0983 70.2146
30.3127 70.7146
30.3127 70.7146
30.3127 70.7146
30.3127 70.7146
30.7413 71.7146
30.7413 71.7146
30.7413 71.7146
30.7413 71.7146
30.9556 72.2146
31.17 72.7146
31.17 72.7146
31.17 72.7146
31.17 72.7146
31.5986 73.7146
31.5986 73.7146
32.0273 74.7146
32.0273 74.7146
32.456 75.7146
32.456 75.7146
32.6703 76.2146
32.8846 76.7146
32.8846 76.7146
32.8846 76.7146
32.8846 76.7146
33.3133 77.7146
33.742 78.7146
33.742 78.7146
33.742 78.7146
33.742 78.7146
34.1706 79.7146
34.5993 80.7146
34.5993 80.7146
34.5993 80.7146
34.5993 80.7146
35.0279 81.7146
35.4566 82.7146
35.4566 82.7146
35.4566 82.7146
35.4566 82.7146
35.8853 83.7146
35.8853 83.7146
35.8853 83.7146
36.3139 84.7146
36.3139 84.7146
36.3139 84.7146
36.3139 84.7146
36.3139 84.7146
36.7426 85.7146
37.1712 86.7146
37.1712 86.7146
37.1712 86.7146
37.1712 86.7146
37.5999 87.7146
37.5999 87.7146
37.8142 88.2146
38.0286 88.7146
38.0286 88.7146
38.0286 88.7146
38.0286 88.7146
38.0286 88.7146
38.4572 89.7146
38.4572 89.7146
38.6716 90.2146
38.8859 90.7146
38.8859 90.7146
39.1002 91.2146
39.3146 91.7146
39.3146 91.7146
39.3146 91.7146
39.5289 92.2146
39.7432 92.7146
39.7432 92.7146
39.7432 92.7146
39.7432 92.7146
40.1719 93.7146
40.3862 94.2146
40.6005 94.7146
40.8149 95.2146
41.0292 95.7146
41.2435 96.2146
41.4579 96.7146
41.4579 96.7146
41.4579 96.7146
41.4579 96.7146
41.4579 96.7146
41.8865 97.7146
41.8865 97.7146
41.8865 97.7146
41.8865 97.7146
42.3152 98.7146
42.3152 98.7146
42.3152 98.7146
42.3152 98.7146
42.7439 99.7146
42.7439 99.7146
42.7439 99.7146
42.9582 100.215
43.1725 100.715
43.3868 101.215
43.6012 101.715
43.6012 101.715
43.8155 102.215
43.8155 102.215
44.0298 102.715
44.0298 102.715
44.2442 103.215
44.4585 103.715
44.4585 103.715
44.4585 103.715
44.4585 103.715
44.6728 104.215
44.6728 104.215
44.8872 104.715
44.8872 104.715
44.8872 104.715
44.8872 104.715
45.3158 105.715
45.3158 105.715
45.7445 106.715
45.7445 106.715
45.7445 106.715
45.7445 106.715
46.1731 107.715
46.1731 107.715
46.3875 108.215
46.4946 108.465
46.6018 108.715
46.6018 108.715
46.6018 108.715
46.6018 108.715
47.0305 109.715
47.4591 110.715
47.4591 110.715
47.4591 110.715
47.4591 110.715
47.8878 111.715
47.8878 111.715
47.8878 111.715
48.1021 112.215
48.3165 112.715
48.3165 112.715
48.3165 112.715
48.3165 112.715
48.7451 113.715
49.1738 114.715
49.1738 114.715
49.1738 114.715
49.1738 114.715
49.6024 115.715
49.6024 115.715
50.0311 116.715
50.0311 116.715
50.0311 116.715
50.0311 116.715
50.0311 116.715
50.2454 117.215
50.4598 117.715
50.8884 118.715
51.3171 119.715
51.7458 120.715
51.7458 120.715
51.7458 120.715
51.7458 120.715
51.9601 121.215
52.0673 121.465
52.1744 121.715
52.3887 122.215
52.6031 122.715
52.8174 123.215
53.0317 123.715
53.2461 124.215
53.4604 124.715
53.4604 124.715
53.6747 125.215
53.8891 125.715
53.8891 125.715
54.1034 126.215
54.1034 126.215
54.3177 126.715
54.3177 126.715
54.5321 127.215
54.5321 127.215
54.7464 127.715
54.7464 127.715
54.9607 128.215
54.9607 128.215
55.1751 128.715
55.1751 128.715
55.1751 128.715
55.1751 128.715
55.1751 128.715
55.1751 128.715
55.1751 128.715
55.6037 129.715
55.6037 129.715
56.0324 130.715
56.0324 130.715
56.0324 130.715
56.0324 130.715
56.461 131.715
56.461 131.715
56.8897 132.715
56.8897 132.715
56.8897 132.715
57.3184 133.715
57.5327 134.215
57.5327 134.215
57.5327 134.215
57.747 134.715
57.9614 135.215
57.9614 135.215
57.9614 135.215
58.1757 135.715
58.1757 135.715
58.39 136.215
58.39 136.215
58.6043 136.715
58.6043 136.715
58.6043 136.715
58.6043 136.715
58.6043 136.715
58.6043 136.715
59.033 137.715
59.2473 138.215
59.4617 138.715
59.4617 138.715
59.4617 138.715
59.4617 138.715
59.676 139.215
59.8903 139.715
59.8903 139.715
60.1047 140.215
60.319 140.715
60.319 140.715
60.319 140.715
60.319 140.715
60.962 142.215
61.1763 142.715
61.1763 142.715
61.1763 142.715
61.605 143.715
61.605 143.715
61.605 143.715
62.0336 144.715
62.0336 144.715
62.0336 144.715
62.0336 144.715
62.0336 144.715
62.0336 144.715
62.6766 146.215
62.891 146.715
62.891 146.715
62.891 146.715
62.891 146.715
63.3196 147.715
63.3196 147.715
63.534 148.215
63.534 148.215
63.7483 148.715
63.7483 148.715
63.7483 148.715
63.7483 148.715
63.7483 148.715
63.7483 148.715
63.7483 148.715
64.3913 150.215
64.6056 150.715
64.6056 150.715
64.6056 150.715
65.0343 151.715
65.0343 151.715
65.2486 152.215
65.4629 152.715
65.4629 152.715
65.4629 152.715
65.4629 152.715
65.4629 152.715
65.4629 152.715
65.4629 152.715
65.8916 153.715
65.9988 153.965
66.3203 154.715
66.3203 154.715
66.3203 154.715
66.3203 154.715
66.3203 154.715
66.7489 155.715
66.7489 155.715
66.9633 156.215
67.1776 156.715
67.1776 156.715
67.1776 156.715
67.1776 156.715
67.3919 157.215
67.3919 157.215
67.6062 157.715
67.8206 158.215
67.8206 158.215
67.8206 158.215
68.2492 159.215
68.2492 159.215
68.4636 159.715
68.6779 160.215
68.7851 160.465
68.8922 160.715
68.8922 160.715
68.8922 160.715
68.8922 160.715
68.8922 160.715
69.3209 161.715
69.3209 161.715
69.7496 162.715
69.7496 162.715
69.7496 162.715
69.7496 162.715
69.7496 162.715
70.1782 163.715
70.1782 163.715
70.6069 164.715
70.6069 164.715
70.6069 164.715
71.0355 165.715
71.0355 165.715
71.0355 165.715
71.4642 166.715
71.4642 166.715
71.4642 166.715
71.8929 167.715
71.8929 167.715
72.1072 168.215
72.3215 168.715
72.3215 168.715
72.3215 168.715
72.3215 168.715
72.3215 168.715
72.7502 169.715
72.7502 169.715
73.1789 170.715
73.1789 170.715
73.3932 171.215
73.6075 171.715
73.6075 171.715
73.8218 172.215
74.0362 172.715
74.0362 172.715
74.0362 172.715
74.0362 172.715
74.4648 173.715
74.6792 174.215
74.6792 174.215
74.8935 174.715
75.1078 175.215
75.1078 175.215
75.3222 175.715
75.3222 175.715
75.5365 176.215
75.5365 176.215
75.7508 176.715
75.7508 176.715
75.7508 176.715
75.858 176.965
76.1795 177.715
76.1795 177.715
76.3938 178.215
76.6082 178.715
76.6082 178.715
77.0368 179.715
77.0368 179.715
77.4655 180.715
77.4655 180.715
77.4655 180.715
77.4655 180.715
77.4655 180.715
77.8941 181.715
78.1085 182.215
78.3228 182.715
78.3228 182.715
78.3228 182.715
78.7515 183.715
78.7515 183.715
79.1801 184.715
79.1801 184.715
79.1801 184.715
79.1801 184.715
80.6804 188.215
80.6804 188.215
80.6804 188.215
80.6804 188.215
80.8948 188.715
80.8948 188.715
80.8948 188.715
80.8948 188.715
82.6094 192.715
82.6094 192.715
82.6094 192.715
82.6094 192.715
82.6094 192.715
83.0381 193.715
83.2524 194.215
83.4667 194.715
83.4667 194.715
83.4667 194.715
83.4667 194.715
83.8954 195.715
83.8954 195.715
83.8954 195.715
83.8954 195.715
84.3241 196.715
84.3241 196.715
84.3241 196.715
84.3241 196.715
84.3241 196.715
84.7527 197.715
84.7527 197.715
84.7527 197.715
84.7527 197.715
84.9671 198.215
85.1814 198.715
85.1814 198.715
85.1814 198.715
85.3957 199.215
85.6101 199.715
85.6101 199.715
85.6101 199.715
85.8244 200.215
86.0387 200.715
86.0387 200.715
86.0387 200.715
86.253 201.215
86.4674 201.715
86.4674 201.715
86.6817 202.215
86.896 202.715
86.896 202.715
87.1104 203.215
87.3247 203.715
87.539 204.215
87.7534 204.715
87.7534 204.715
87.7534 204.715
87.9677 205.215
88.182 205.715
88.182 205.715
88.3964 206.215
88.3964 206.215
88.6107 206.715
88.6107 206.715
88.825 207.215
89.0393 207.715
89.0393 207.715
89.468 208.715
89.6823 209.215
89.6823 209.215
89.8967 209.715
89.8967 209.715
90.111 210.215
90.3253 210.715
90.3253 210.715
90.5397 211.215
90.754 211.715
90.754 211.715
91.1827 212.715
91.1827 212.715
91.1827 212.715
91.397 213.215
91.6113 213.715
91.6113 213.715
91.8257 214.215
92.04 214.715
92.04 214.715
92.2543 215.215
92.4686 215.715
92.4686 215.715
92.4686 215.715
92.683 216.215
92.8973 216.715
93.1116 217.215
93.326 217.715
93.326 217.715
93.5403 218.215
93.7546 218.715
93.7546 218.715
93.969 219.215
94.1833 219.715
94.1833 219.715
94.3976 220.215
94.612 220.715
94.612 220.715
94.612 220.715
94.8263 221.215
95.0406 221.715
95.0406 221.715
95.2549 222.215
95.2549 222.215
95.4693 222.715
95.4693 222.715
95.6836 223.215
95.6836 223.215
95.8979 223.715
95.8979 223.715
96.1123 224.215
96.3266 224.715
96.3266 224.715
96.5409 225.215
96.7553 225.715
96.7553 225.715
96.9696 226.215
96.9696 226.215
97.1839 226.715
97.1839 226.715
97.3983 227.215
97.6126 227.715
97.6126 227.715
97.8269 228.215
98.0413 228.715
98.0413 228.715
98.0413 228.715
98.0413 228.715
98.2556 229.215
98.4699 229.715
98.4699 229.715
98.6842 230.215
98.8986 230.715
98.8986 230.715
99.1129 231.215
99.3272 231.715
99.3272 231.715
99.5416 232.215
99.7559 232.715
99.7559 232.715
99.7559 232.715
99.7559 232.715
99.9702 233.215
100.185 233.715
100.185 233.715
100.399 234.215
100.399 234.215
100.613 234.715
100.613 234.715
100.828 235.215
101.042 235.715
101.042 235.715
101.256 236.215
101.471 236.715
101.471 236.715
101.471 236.715
101.471 236.715
101.471 236.715
101.685 237.215
101.899 237.715
101.899 237.715
102.114 238.215
102.328 238.715
102.328 238.715
102.542 239.215
102.757 239.715
102.757 239.715
102.757 239.715
103.185 240.715
103.185 240.715
103.185 240.715
103.185 240.715
103.185 240.715
103.4 241.215
103.614 241.715
103.614 241.715
103.614 241.715
103.828 242.215
103.828 242.215
104.043 242.715
104.043 242.715
104.257 243.215
104.471 243.715
104.686 244.215
104.9 244.715
104.9 244.715
105.114 245.215
105.114 245.215
105.114 245.215
105.329 245.715
105.329 245.715
105.543 246.215
105.543 246.215
105.757 246.715
105.757 246.715
105.971 247.215
105.971 247.215
106.186 247.715
106.4 248.215
106.614 248.715
106.614 248.715
106.614 248.715
106.614 248.715
106.614 248.715
106.614 248.715
107.043 249.715
107.257 250.215
107.472 250.715
107.472 250.715
107.472 250.715
107.472 250.715
107.9 251.715
108.115 252.215
108.115 252.215
108.115 252.215
108.543 253.215
108.543 253.215
108.543 253.215
108.758 253.715
108.972 254.215
108.972 254.215
109.186 254.715
109.186 254.715
109.186 254.715
109.401 255.215
109.401 255.215
109.615 255.715
109.615 255.715
109.829 256.215
109.937 256.465
109.937 256.465
110.044 256.715
110.044 256.715
110.044 256.715
110.044 256.715
110.044 256.715
110.044 256.715
110.472 257.715
110.901 258.715
110.901 258.715
110.901 258.715
111.115 259.215
111.223 259.465
111.33 259.715
111.33 259.715
111.33 259.715
111.33 259.715
111.33 259.715
111.33 259.715
111.544 260.215
111.544 260.215
111.544 260.215
111.544 260.215
111.544 260.215
111.544 260.215
112.08 261.465
112.401 262.215
112.616 262.715
112.616 262.715
112.616 262.715
112.616 262.715
112.616 262.715
112.83 263.215
112.83 263.215
113.044 263.715
113.044 263.715
113.259 264.215
113.473 264.715
113.473 264.715
113.473 264.715
113.473 264.715
113.473 264.715
113.473 264.715
114.116 266.215
114.33 266.715
114.33 266.715
114.33 266.715
114.545 267.215
114.759 267.715
114.759 267.715
114.759 267.715
114.973 268.215
114.973 268.215
114.973 268.215
114.973 268.215
114.973 268.215
114.973 268.215
115.402 269.215
115.616 269.715
115.831 270.215
115.831 270.215
115.831 270.215
116.045 270.715
116.259 271.215
116.474 271.715
116.474 271.715
116.474 271.715
116.902 272.715
116.902 272.715
116.902 272.715
116.902 272.715
116.902 272.715
116.902 272.715
116.956 272.84
117.117 273.215
117.331 273.715
117.545 274.215
117.76 274.715
117.76 274.715
117.76 274.715
117.76 274.715
117.974 275.215
117.974 275.215
118.188 275.715
118.403 276.215
118.403 276.215
118.403 276.215
118.403 276.215
118.403 276.215
118.403 276.215
118.617 276.715
118.831 277.215
119.046 277.715
119.26 278.215
119.26 278.215
119.26 278.215
119.367 278.465
119.474 278.715
119.474 278.715
119.689 279.215
119.689 279.215
119.689 279.215
119.903 279.715
119.903 279.715
120.117 280.215
120.332 280.715
120.332 280.715
120.332 280.715
120.332 280.715
120.332 280.715
120.332 280.715
120.76 281.715
120.868 281.965
120.868 281.965
120.975 282.215
120.975 282.215
120.975 282.215
121.082 282.465
121.189 282.715
121.189 282.715
121.296 282.965
121.296 282.965
121.296 282.965
121.403 283.215
121.51 283.465
121.618 283.715
121.725 283.965
121.832 284.215
121.939 284.465
122.046 284.715
122.261 285.215
122.261 285.215
122.475 285.715
122.689 286.215
122.904 286.715
122.904 286.715
122.904 286.715
123.332 287.715
123.332 287.715
123.761 288.715
123.761 288.715
123.761 288.715
123.761 288.715
123.975 289.215
124.19 289.715
124.404 290.215
124.618 290.715
124.833 291.215
125.047 291.715
125.261 292.215
125.261 292.215
125.476 292.715
125.69 293.215
125.904 293.715
126.119 294.215
126.333 294.715
126.547 295.215
126.762 295.715
126.976 296.215
127.19 296.715
127.405 297.215
127.619 297.715
127.833 298.215
128.262 299.215
128.476 299.715
128.691 300.215
128.905 300.715
129.119 301.215
129.548 302.215
129.762 302.715
129.977 303.215
130.191 303.715
130.405 304.215
130.62 304.715
130.62 304.715
130.62 304.715
130.62 304.715
130.62 304.715
131.048 305.715
131.048 305.715
131.477 306.715
131.477 306.715
131.477 306.715
131.477 306.715
131.906 307.715
131.906 307.715
132.334 308.715
132.334 308.715
132.334 308.715
132.763 309.715
132.977 310.215
132.977 310.215
132.977 310.215
133.192 310.715
133.406 311.215
133.406 311.215
133.406 311.215
133.62 311.715
133.62 311.715
133.835 312.215
133.835 312.215
134.049 312.715
134.049 312.715
134.049 312.715
134.049 312.715
134.049 312.715
134.049 312.715
134.478 313.715
134.692 314.215
134.906 314.715
134.906 314.715
134.906 314.715
134.906 314.715
135.121 315.215
135.335 315.715
135.335 315.715
135.549 316.215
135.764 316.715
135.764 316.715
135.764 316.715
135.764 316.715
136.406 318.215
136.621 318.715
136.621 318.715
136.621 318.715
137.049 319.715
137.049 319.715
137.049 319.715
137.478 320.715
137.478 320.715
137.478 320.715
137.478 320.715
137.478 320.715
137.478 320.715
138.121 322.215
138.335 322.715
138.335 322.715
138.335 322.715
138.335 322.715
138.764 323.715
138.764 323.715
138.978 324.215
138.978 324.215
139.193 324.715
139.193 324.715
139.193 324.715
139.193 324.715
139.193 324.715
139.193 324.715
139.836 326.215
140.05 326.715
140.05 326.715
140.05 326.715
140.479 327.715
140.479 327.715
140.693 328.215
140.907 328.715
140.907 328.715
140.907 328.715
140.907 328.715
140.907 328.715
140.907 328.715
140.907 328.715
141.336 329.715
141.443 329.965
141.765 330.715
141.765 330.715
141.765 330.715
141.765 330.715
141.765 330.715
142.193 331.715
142.193 331.715
142.408 332.215
142.622 332.715
142.622 332.715
142.622 332.715
142.622 332.715
142.836 333.215
143.051 333.715
143.051 333.715
143.265 334.215
143.265 334.215
143.265 334.215
143.479 334.715
143.694 335.215
143.694 335.215
143.908 335.715
144.122 336.215
144.23 336.465
144.337 336.715
144.337 336.715
144.337 336.715
144.337 336.715
144.337 336.715
144.765 337.715
144.765 337.715
145.194 338.715
145.194 338.715
145.194 338.715
145.194 338.715
145.194 338.715
145.623 339.715
145.623 339.715
146.051 340.715
146.051 340.715
146.051 340.715
146.48 341.715
146.48 341.715
146.48 341.715
146.48 341.715
146.909 342.715
146.909 342.715
146.909 342.715
146.909 342.715
147.337 343.715
147.337 343.715
147.552 344.215
147.766 344.715
147.766 344.715
147.766 344.715
147.766 344.715
147.766 344.715
148.195 345.715
148.195 345.715
148.623 346.715
148.623 346.715
148.838 347.215
149.052 347.715
149.052 347.715
149.266 348.215
149.481 348.715
149.481 348.715
149.481 348.715
149.481 348.715
149.909 349.715
150.124 350.215
150.124 350.215
150.338 350.715
150.552 351.215
150.552 351.215
150.767 351.715
150.767 351.715
150.981 352.215
150.981 352.215
151.195 352.715
151.195 352.715
151.195 352.715
151.303 352.965
151.624 353.715
151.624 353.715
151.838 354.215
152.053 354.715
152.053 354.715
152.481 355.715
152.481 355.715
152.91 356.715
152.91 356.715
152.91 356.715
152.91 356.715
152.91 356.715
153.339 357.715
153.446 357.965
153.767 358.715
153.767 358.715
153.767 358.715
154.196 359.715
154.196 359.715
154.625 360.715
154.625 360.715
154.625 360.715
154.625 360.715
156.125 364.215
156.125 364.215
156.125 364.215
156.125 364.215
156.339 364.715
156.339 364.715
156.339 364.715
156.339 364.715
158.054 368.715
158.054 368.715
158.054 368.715
158.054 368.715
158.054 368.715
158.483 369.715
158.697 370.215
158.911 370.715
158.911 370.715
158.911 370.715
158.911 370.715
159.34 371.715
159.34 371.715
159.34 371.715
159.34 371.715
159.769 372.715
159.769 372.715
159.769 372.715
159.769 372.715
159.769 372.715
160.197 373.715
160.197 373.715
160.197 373.715
160.197 373.715
160.412 374.215
160.626 374.715
160.626 374.715
160.626 374.715
160.84 375.215
161.055 375.715
161.055 375.715
161.055 375.715
161.269 376.215
161.483 376.715
161.483 376.715
161.483 376.715
161.698 377.215
161.912 377.715
161.912 377.715
162.126 378.215
162.341 378.715
162.341 378.715
162.555 379.215
162.769 379.715
162.876 379.965
163.198 380.715
163.198 380.715
163.198 380.715
163.412 381.215
163.627 381.715
163.627 381.715
163.841 382.215
163.841 382.215
164.055 382.715
164.055 382.715
164.27 383.215
164.484 383.715
164.484 383.715
164.484 383.715
164.913 384.715
164.913 384.715
164.913 384.715
165.341 385.715
165.341 385.715
165.556 386.215
165.77 386.715
165.77 386.715
165.984 387.215
166.199 387.715
166.199 387.715
166.199 387.715
166.627 388.715
166.627 388.715
166.627 388.715
166.842 389.215
167.056 389.715
167.056 389.715
167.056 389.715
167.27 390.215
167.484 390.715
167.484 390.715
167.699 391.215
167.913 391.715
167.913 391.715
167.913 391.715
168.127 392.215
168.342 392.715
168.556 393.215
168.77 393.715
168.77 393.715
168.985 394.215
169.199 394.715
169.199 394.715
169.413 395.215
169.628 395.715
169.628 395.715
169.842 396.215
170.056 396.715
170.056 396.715
170.056 396.715
170.271 397.215
170.485 397.715
170.485 397.715
170.699 398.215
170.699 398.215
170.914 398.715
170.914 398.715
171.128 399.215
171.128 399.215
171.342 399.715
171.342 399.715
171.557 400.215
171.771 400.715
171.771 400.715
171.985 401.215
172.2 401.715
172.2 401.715
172.414 402.215
172.414 402.215
172.628 402.715
172.628 402.715
172.843 403.215
173.057 403.715
173.057 403.715
173.271 404.215
173.486 404.715
173.486 404.715
173.486 404.715
173.486 404.715
173.7 405.215
173.914 405.715
173.914 405.715
174.129 406.215
174.343 406.715
174.343 406.715
174.557 407.215
174.772 407.715
174.772 407.715
175.2 408.715
175.2 408.715
175.2 408.715
175.2 408.715
175.415 409.215
175.629 409.715
175.629 409.715
175.843 410.215
175.843 410.215
176.058 410.715
176.058 410.715
176.272 411.215
176.486 411.715
176.486 411.715
176.701 412.215
176.915 412.715
176.915 412.715
176.915 412.715
176.915 412.715
176.915 412.715
177.129 413.215
177.344 413.715
177.344 413.715
177.558 414.215
177.772 414.715
177.772 414.715
177.987 415.215
178.201 415.715
178.201 415.715
178.201 415.715
178.63 416.715
178.63 416.715
178.63 416.715
178.63 416.715
178.844 417.215
179.058 417.715
179.058 417.715
179.273 418.215
179.487 418.715
179.701 419.215
179.916 419.715
179.916 419.715
180.13 420.215
180.13 420.215
180.344 420.715
180.344 420.715
180.773 421.715
180.773 421.715
180.987 422.215
180.987 422.215
181.202 422.715
181.202 422.715
181.416 423.215
181.416 423.215
181.63 423.715
181.63 423.715
181.845 424.215
181.845 424.215
182.059 424.715
182.059 424.715
182.059 424.715
182.059 424.715
182.059 424.715
182.5 425.744
182.702 426.215
182.916 426.715
182.916 426.715
182.916 426.715
182.929 426.744
183.345 427.715
183.345 427.715
183.345 427.715
183.357 427.744
183.774 428.715
183.774 428.715
183.774 428.715
183.774 428.715
183.786 428.744
184.202 429.715
184.202 429.715
184.202 429.715
184.215 429.744
184.417 430.215
184.631 430.715
184.631 430.715
184.643 430.744
184.845 431.215
185.06 431.715
185.06 431.715
185.072 431.744
185.274 432.215
185.488 432.715
185.488 432.715
185.488 432.715
185.703 433.215
185.917 433.715
185.929 433.744
186.131 434.215
186.346 434.715
186.358 434.744
186.56 435.215
186.787 435.744
186.989 436.215
187.203 436.715
187.203 436.715
187.215 436.744
187.417 437.215
187.632 437.715
187.644 437.744
187.846 438.215
187.858 438.244
188.06 438.715
188.073 438.744
188.275 439.215
188.489 439.715
188.489 439.715
188.489 439.715
188.501 439.744
188.918 440.715
188.918 440.715
188.918 440.715
189.346 441.715
189.359 441.744
189.561 442.215
189.775 442.715
189.787 442.744
189.989 443.215
190.204 443.715
190.204 443.715
190.216 443.744
190.632 444.715
190.632 444.715
190.645 444.744
190.847 445.215
191.061 445.715
191.061 445.715
191.073 445.744
191.275 446.215
191.49 446.715
191.502 446.744
191.704 447.215
191.918 447.715
191.918 447.715
191.931 447.744
192.133 448.215
192.347 448.715
192.561 449.215
192.776 449.715
192.788 449.744
192.99 450.215
193.204 450.715
193.217 450.744
193.419 451.215
193.633 451.715
193.645 451.744
193.847 452.215
194.062 452.715
194.062 452.715
194.074 452.744
194.276 453.215
194.49 453.715
194.503 453.744
194.705 454.215
194.717 454.244
194.919 454.715
194.931 454.744
195.133 455.215
195.133 455.215
195.348 455.715
195.36 455.744
195.562 456.215
195.776 456.715
195.776 456.715
195.991 457.215
196.205 457.715
196.217 457.744
196.419 458.215
196.432 458.244
196.634 458.715
196.646 458.744
196.848 459.215
197.062 459.715
197.075 459.744
197.277 460.215
197.491 460.715
197.491 460.715
197.491 460.715
197.503 460.744
197.705 461.215
197.919 461.715
197.932 461.744
198.134 462.215
198.348 462.715
198.361 462.744
198.562 463.215
198.777 463.715
198.789 463.744
198.991 464.215
199.205 464.715
199.205 464.715
199.205 464.715
199.205 464.715
199.42 465.215
199.634 465.715
199.647 465.744
199.848 466.215
199.861 466.244
200.063 466.715
200.075 466.744
200.277 467.215
200.491 467.715
200.504 467.744
200.706 468.215
200.92 468.715
200.92 468.715
200.92 468.715
200.92 468.715
200.933 468.744
201.134 469.215
201.349 469.715
201.361 469.744
201.563 470.215
201.777 470.715
201.79 470.744
201.992 471.215
202.206 471.715
202.206 471.715
202.219 471.744
202.635 472.715
202.635 472.715
202.635 472.715
202.635 472.715
202.647 472.744
203.063 473.715
203.063 473.715
203.076 473.744
203.278 474.215
203.492 474.715
203.492 474.715
203.492 474.715
203.921 475.715
203.921 475.715
204.135 476.215
204.349 476.715
204.349 476.715
204.564 477.215
204.778 477.715
204.778 477.715
204.992 478.215
204.992 478.215
205.207 478.715
205.207 478.715
205.421 479.215
205.635 479.715
205.85 480.215
206.064 480.715
206.064 480.715
206.064 480.715
206.278 481.215
206.493 481.715
206.493 481.715
206.707 482.215
206.707 482.215
206.921 482.715
206.921 482.715
207.136 483.215
207.35 483.715
207.35 483.715
207.564 484.215
207.564 484.215
207.993 485.215
207.993 485.215
208.207 485.715
208.422 486.215
208.422 486.215
208.636 486.715
208.636 486.715
208.85 487.215
209.065 487.715
209.493 488.715
209.493 488.715
209.493 488.715
209.493 488.715
209.493 488.715
209.922 489.715
210.029 489.965
210.351 490.715
210.351 490.715
210.351 490.715
210.779 491.715
210.779 491.715
211.637 493.715
211.637 493.715
211.637 493.715
211.851 494.215
212.065 494.715
212.065 494.715
212.065 494.715
212.494 495.715
212.494 495.715
212.494 495.715
212.494 495.715
212.708 496.215
212.923 496.715
212.923 496.715
212.923 496.715
213.351 497.715
213.351 497.715
213.351 497.715
213.78 498.715
213.78 498.715
213.78 498.715
214.209 499.715
214.209 499.715
214.637 500.715
214.637 500.715
215.066 501.715
215.066 501.715
215.387 502.465
215.495 502.715
215.495 502.715
215.495 502.715
216.352 504.715
216.352 504.715
216.352 504.715
216.352 504.715
216.781 505.715
216.781 505.715
216.781 505.715
217.209 506.715
217.209 506.715
217.209 506.715
217.209 506.715
217.638 507.715
217.638 507.715
218.067 508.715
218.067 508.715
218.067 508.715
218.067 508.715
218.067 508.715
218.495 509.715
218.924 510.715
219.353 511.715
219.567 512.215
219.781 512.715
219.781 512.715
219.781 512.715
219.781 512.715
219.781 512.715
220.21 513.715
220.21 513.715
220.639 514.715
220.639 514.715
221.067 515.715
221.282 516.215
221.496 516.715
221.496 516.715
221.496 516.715
221.925 517.715
222.139 518.215
222.353 518.715
222.568 519.215
222.782 519.715
222.996 520.215
223.211 520.715
223.211 520.715
223.211 520.715
223.639 521.715
223.639 521.715
223.639 521.715
224.068 522.715
224.068 522.715
224.068 522.715
224.497 523.715
224.497 523.715
224.925 524.715
225.354 525.715
225.354 525.715
225.354 525.715
225.354 525.715
225.568 526.215
225.783 526.715
225.783 526.715
225.783 526.715
225.783 526.715
226.211 527.715
226.211 527.715
226.426 528.215
226.426 528.215
226.64 528.715
226.64 528.715
226.64 528.715
226.64 528.715
226.64 528.715
227.069 529.715
227.069 529.715
227.497 530.715
227.497 530.715
227.497 530.715
227.497 530.715
227.926 531.715
228.247 532.465
228.354 532.715
228.354 532.715
228.354 532.715
228.89 533.965
229.212 534.715
229.212 534.715
229.212 534.715
229.64 535.715
229.64 535.715
229.64 535.715
229.855 536.215
230.069 536.715
230.069 536.715
230.069 536.715
230.069 536.715
230.498 537.715
230.712 538.215
230.926 538.715
230.926 538.715
230.926 538.715
231.355 539.715
231.355 539.715
231.784 540.715
231.784 540.715
231.784 540.715
231.784 540.715
231.784 540.715
232.212 541.715
232.641 542.715
232.641 542.715
233.07 543.715
233.07 543.715
233.498 544.715
233.498 544.715
233.498 544.715
233.498 544.715
233.713 545.215
233.927 545.715
234.356 546.715
234.356 546.715
234.784 547.715
235.213 548.715
235.642 549.715
236.07 550.715
236.499 551.715
236.928 552.715
236.928 552.715
237.356 553.715
237.356 553.715
237.785 554.715
237.785 554.715
238.107 555.465
238.214 555.715
238.214 555.715
239.5 558.715
239.5 558.715
239.928 559.715
240.143 560.215
240.25 560.465
240.357 560.715
240.357 560.715
240.357 560.715
240.357 560.715
240.786 561.715
241 562.215
241 562.215
241 562.215
241.429 563.215
241.75 563.965
241.857 564.215
242.929 566.715
243.143 567.215
243.358 567.715
243.786 568.715
243.786 568.715
244.322 569.965
244.751 570.965
244.751 570.965
244.751 570.965
244.751 570.965
245.394 572.465
246.037 573.965
246.144 574.215
