1.06452 1.1
1.06452 1.1
1.30645 1.35
1.54839 1.6
1.54839 1.6
1.79032 1.85
2.03226 2.1
2.03226 2.1
2.27419 2.35
2.51613 2.6
2.75806 2.85
3 3.1
3 3.1
3.24194 3.35
3.48387 3.6
3.48387 3.6
3.72581 3.85
3.96774 4.1
3.96774 4.1
4.20968 4.35
4.45161 4.6
4.69355 4.85
4.93548 5.1
4.93548 5.1
4.93548 5.1
5.17742 5.35
5.17742 5.35
5.41936 5.6
5.41936 5.6
5.41936 5.6
5.66129 5.85
5.66129 5.85
5.90323 6.1
5.90323 6.1
5.90323 6.1
6.14516 6.35
6.14516 6.35
6.3871 6.6
6.3871 6.6
6.62903 6.85
6.62903 6.85
6.87097 7.1
6.87097 7.1
7.1129 7.35
7.35484 7.6
7.35484 7.6
7.59677 7.85
7.83871 8.1
7.83871 8.1
8.08065 8.35
8.08065 8.35
8.32258 8.6
8.32258 8.6
8.56452 8.85
8.56452 8.85
8.80645 9.1
8.80645 9.1
9.04839 9.35
9.29032 9.6
9.53226 9.85
9.77419 10.1
9.77419 10.1
10.0161 10.35
10.2581 10.6
10.2581 10.6
10.5 10.85
10.5 10.85
10.7419 11.1
10.7419 11.1
10.9839 11.35
11.2258 11.6
11.4677 11.85
11.7097 12.1
11.9516 12.35
12.1935 12.6
12.6774 13.1
12.6774 13.1
12.9194 13.35
13.1613 13.6
13.4032 13.85
13.6452 14.1
13.6452 14.1
13.8871 14.35
13.8871 14.35
14.129 14.6
14.129 14.6
14.371 14.85
14.371 14.85
14.6129 15.1
14.6129 15.1
14.8548 15.35
15.0968 15.6
15.3387 15.85
15.5806 16.1
15.8226 16.35
16.0645 16.6
16.3065 16.85
16.5484 17.1
16.5484 17.1
16.7903 17.35
17.0323 17.6
17.0323 17.6
17.2742 17.85
17.5161 18.1
17.5161 18.1
18 18.6
18 18.6
18.4839 19.1
18.4839 19.1
18.9677 19.6
18.9677 19.6
19.2097 19.85
19.4516 20.1
19.4516 20.1
19.4516 20.1
19.9355 20.6
20.4194 21.1
20.4194 21.1
20.9032 21.6
20.9032 21.6
21.1452 21.85
21.3871 22.1
21.3871 22.1
21.629 22.35
21.871 22.6
21.871 22.6
22.1129 22.85
22.3548 23.1
22.5968 23.35
22.8387 23.6
22.8387 23.6
23.3226 24.1
23.3226 24.1
23.3226 24.1
23.5645 24.35
23.5645 24.35
23.8065 24.6
23.8065 24.6
24.0484 24.85
24.2903 25.1
24.2903 25.1
24.5323 25.35
24.7742 25.6
25.0161 25.85
25.2581 26.1
25.2581 26.1
25.5 26.35
25.7419 26.6
25.7419 26.6
25.9839 26.85
25.9839 26.85
26.2258 27.1
26.2258 27.1
26.4677 27.35
26.7097 27.6
26.9516 27.85
27.1936 28.1
27.4355 28.35
27.6774 28.6
27.9194 28.85
28.1613 29.1
28.1613 29.1
28.4032 29.35
28.6452 29.6
28.8871 29.85
29.129 30.1
29.129 30.1
29.371 30.35
29.371 30.35
29.6129 30.6
29.6129 30.6
29.8548 30.85
29.8548 30.85
30.0968 31.1
30.0968 31.1
30.3387 31.35
30.5806 31.6
30.8226 31.85
31.0645 32.1
31.3065 32.35
31.3065 32.35
31.5484 32.6
31.5484 32.6
31.7903 32.85
31.7903 32.85
32.0323 33.1
32.0323 33.1
32.5161 33.6
32.5161 33.6
33 34.1
33 34.1
33 34.1
33.4839 34.6
33.4839 34.6
33.9677 35.1
33.9677 35.1
34.2097 35.35
34.4516 35.6
34.9355 36.1
34.9355 36.1
34.9355 36.1
35.1774 36.35
35.4194 36.6
35.4194 36.6
35.6613 36.85
35.9032 37.1
35.9032 37.1
35.9032 37.1
35.9032 37.1
35.9032 37.1
35.9032 37.1
36.3871 37.6
36.3871 37.6
36.3871 37.6
36.3871 37.6
36.3871 37.6
36.3871 37.6
36.871 38.1
37.1129 38.35
37.3548 38.6
37.8387 39.1
37.8387 39.1
38.3226 39.6
38.8065 40.1
38.8065 40.1
38.8065 40.1
40.5 41.85
40.621 41.975
40.7419 42.1
40.9839 42.35
41.2258 42.6
41.4677 42.85
41.7097 43.1
41.7097 43.1
41.7097 43.1
41.9516 43.35
42.1936 43.6
42.1936 43.6
42.4355 43.85
42.6774 44.1
42.6774 44.1
42.6774 44.1
43.1613 44.6
43.1613 44.6
43.4032 44.85
43.6452 45.1
43.6452 45.1
44.129 45.6
44.6129 46.1
44.8548 46.35
45.0968 46.6
45.5806 47.1
45.5806 47.1
45.8226 47.35
45.8226 47.35
46.0645 47.6
46.0645 47.6
46.3065 47.85
46.3065 47.85
46.5484 48.1
46.5484 48.1
47.0323 48.6
47.0323 48.6
47.5161 49.1
47.5161 49.1
48 49.6
48.4839 50.1
48.4839 50.1
48.7258 50.35
48.9677 50.6
49.4516 51.1
49.4516 51.1
49.9355 51.6
49.9355 51.6
50.1774 51.85
50.4194 52.1
50.4194 52.1
50.9032 52.6
50.9032 52.6
51.1452 52.85
51.3871 53.1
51.3871 53.1
51.871 53.6
52.1129 53.85
52.3548 54.1
52.3548 54.1
52.3548 54.1
52.8387 54.6
53.3226 55.1
53.3226 55.1
53.8065 55.6
53.8065 55.6
54.0484 55.85
54.2903 56.1
54.2903 56.1
54.2903 56.1
54.7742 56.6
54.7742 56.6
55.0161 56.85
55.2581 57.1
55.2581 57.1
55.7419 57.6
56.2258 58.1
56.2258 58.1
56.2258 58.1
56.4677 58.35
56.7097 58.6
56.7097 58.6
56.9516 58.85
57.1936 59.1
57.1936 59.1
57.1936 59.1
57.6774 59.6
57.6774 59.6
57.9194 59.85
58.1613 60.1
58.1613 60.1
58.1613 60.1
58.4032 60.35
58.6452 60.6
58.6452 60.6
58.8871 60.85
58.8871 60.85
59.129 61.1
59.129 61.1
59.371 61.35
59.6129 61.6
59.6129 61.6
59.8548 61.85
59.8548 61.85
60.0968 62.1
60.0968 62.1
60.3387 62.35
60.5806 62.6
60.5806 62.6
61.0645 63.1
61.0645 63.1
61.0645 63.1
61.3065 63.35
61.5484 63.6
61.5484 63.6
61.7903 63.85
62.0323 64.1
62.0323 64.1
62.0323 64.1
62.0323 64.1
62.2742 64.35
62.5161 64.6
62.5161 64.6
63 65.1
63 65.1
63.4839 65.6
63.9677 66.1
63.9677 66.1
63.9677 66.1
64.2097 66.35
64.4516 66.6
64.4516 66.6
64.9355 67.1
64.9355 67.1
64.9355 67.1
65.1774 67.35
65.4194 67.6
65.6613 67.85
65.9032 68.1
65.9032 68.1
65.9032 68.1
65.9032 68.1
66.1452 68.35
66.3871 68.6
66.3871 68.6
66.629 68.85
66.871 69.1
66.871 69.1
67.3548 69.6
67.8387 70.1
67.8387 70.1
67.8387 70.1
68.0806 70.35
68.3226 70.6
68.5645 70.85
68.8065 71.1
68.8065 71.1
69.0484 71.35
69.2903 71.6
69.2903 71.6
69.5323 71.85
69.7742 72.1
69.7742 72.1
70.0161 72.35
70.0161 72.35
70.2581 72.6
70.5 72.85
70.7419 73.1
70.7419 73.1
70.9839 73.35
71.2258 73.6
71.4677 73.85
71.7097 74.1
71.7097 74.1
71.9516 74.35
72.1936 74.6
72.1936 74.6
72.4355 74.85
72.6774 75.1
72.6774 75.1
72.6774 75.1
72.9194 75.35
73.1613 75.6
73.1613 75.6
73.4032 75.85
73.6452 76.1
73.6452 76.1
73.6452 76.1
73.6452 76.1
74.129 76.6
74.129 76.6
74.6129 77.1
74.6129 77.1
74.8548 77.35
75.0968 77.6
75.0968 77.6
75.3387 77.85
75.5807 78.1
75.5807 78.1
75.5807 78.1
75.8226 78.35
76.0645 78.6
76.5484 79.1
76.5484 79.1
76.7903 79.35
77.0323 79.6
77.0323 79.6
77.0323 79.6
77.0323 79.6
77.2742 79.85
77.5161 80.1
77.5161 80.1
77.7581 80.35
78 80.6
78 80.6
78 80.6
78 80.6
78.4839 81.1
78.4839 81.1
78.9677 81.6
78.9677 81.6
79.4516 82.1
79.4516 82.1
79.4516 82.1
79.6936 82.35
79.9355 82.6
79.9355 82.6
80.4194 83.1
80.4194 83.1
80.4194 83.1
80.9032 83.6
80.9032 83.6
81.3871 84.1
81.3871 84.1
81.3871 84.1
81.629 84.35
81.871 84.6
81.871 84.6
82.3548 85.1
82.3548 85.1
82.5968 85.35
82.8387 85.6
83.0807 85.85
83.3226 86.1
83.3226 86.1
83.3226 86.1
83.3226 86.1
83.5645 86.35
83.8065 86.6
84.0484 86.85
84.2903 87.1
84.2903 87.1
84.5323 87.35
84.7742 87.6
84.7742 87.6
85.0161 87.85
85.2581 88.1
85.2581 88.1
85.2581 88.1
85.7419 88.6
85.7419 88.6
86.2258 89.1
86.2258 89.1
86.2258 89.1
86.4677 89.35
86.7097 89.6
86.9516 89.85
87.1936 90.1
87.4355 90.35
87.6774 90.6
87.9194 90.85
88.1613 91.1
88.4032 91.35
88.6452 91.6
88.8871 91.85
88.8871 91.85
88.8871 91.85
89.129 92.1
89.129 92.1
89.129 92.1
89.129 92.1
89.371 92.35
89.371 92.35
89.6129 92.6
89.6129 92.6
89.8548 92.85
89.8548 92.85
90.0968 93.1
90.0968 93.1
90.0968 93.1
90.3387 93.35
90.5807 93.6
90.8226 93.85
90.8226 93.85
91.0645 94.1
91.0645 94.1
91.3065 94.35
91.5484 94.6
91.5484 94.6
91.7903 94.85
91.7903 94.85
92.0323 95.1
92.0323 95.1
92.2742 95.35
92.5161 95.6
92.5161 95.6
92.7581 95.85
93 96.1
93 96.1
93.2419 96.35
93.4839 96.6
93.4839 96.6
93.7258 96.85
93.9677 97.1
93.9677 97.1
93.9677 97.1
94.2097 97.35
94.4516 97.6
94.6936 97.85
94.6936 97.85
94.9355 98.1
94.9355 98.1
95.1774 98.35
95.4194 98.6
95.4194 98.6
95.6613 98.85
95.6613 98.85
95.9032 99.1
95.9032 99.1
96.1452 99.35
96.3871 99.6
96.3871 99.6
96.629 99.85
96.629 99.85
96.871 100.1
96.871 100.1
97.1129 100.35
97.1129 100.35
97.1129 100.35
97.3548 100.6
97.3548 100.6
97.5968 100.85
97.8387 101.1
97.8387 101.1
97.8387 101.1
98.0807 101.35
98.0807 101.35
98.3226 101.6
98.5645 101.85
98.5645 101.85
98.8065 102.1
98.8065 102.1
99.0484 102.35
99.2903 102.6
99.2903 102.6
99.5323 102.85
99.7742 103.1
99.7742 103.1
100.016 103.35
100.016 103.35
100.258 103.6
100.5 103.85
100.5 103.85
100.742 104.1
100.742 104.1
100.984 104.35
101.226 104.6
101.468 104.85
101.71 105.1
101.71 105.1
101.952 105.35
101.952 105.35
102.194 105.6
102.194 105.6
102.435 105.85
102.435 105.85
102.677 106.1
102.677 106.1
102.919 106.35
103.161 106.6
103.161 106.6
103.403 106.85
103.403 106.85
103.645 107.1
103.645 107.1
103.887 107.35
103.887 107.35
104.129 107.6
104.129 107.6
104.371 107.85
104.371 107.85
104.371 107.85
104.613 108.1
104.613 108.1
104.855 108.35
104.855 108.35
105.097 108.6
105.097 108.6
105.097 108.6
105.339 108.85
105.339 108.85
105.581 109.1
105.581 109.1
105.581 109.1
105.823 109.35
106.065 109.6
106.306 109.85
106.306 109.85
106.548 110.1
106.548 110.1
106.79 110.35
107.032 110.6
107.032 110.6
107.274 110.85
107.274 110.85
107.516 111.1
107.516 111.1
107.516 111.1
107.758 111.35
108 111.6
108 111.6
108.242 111.85
108.484 112.1
108.484 112.1
108.726 112.35
108.968 112.6
108.968 112.6
109.21 112.85
109.452 113.1
109.452 113.1
109.452 113.1
109.694 113.35
109.935 113.6
110.177 113.85
110.177 113.85
110.419 114.1
110.419 114.1
110.661 114.35
110.903 114.6
110.903 114.6
111.145 114.85
111.145 114.85
111.387 115.1
111.387 115.1
111.629 115.35
111.871 115.6
112.113 115.85
112.355 116.1
112.597 116.35
112.597 116.35
112.839 116.6
112.839 116.6
112.839 116.6
113.081 116.85
113.081 116.85
113.081 116.85
113.323 117.1
113.323 117.1
113.323 117.1
113.565 117.35
113.806 117.6
113.806 117.6
114.048 117.85
114.048 117.85
114.29 118.1
114.29 118.1
114.532 118.35
114.774 118.6
114.774 118.6
115.016 118.85
115.016 118.85
115.258 119.1
115.258 119.1
115.5 119.35
115.5 119.35
115.742 119.6
115.984 119.85
115.984 119.85
116.226 120.1
116.226 120.1
116.468 120.35
116.71 120.6
116.952 120.85
116.952 120.85
117.194 121.1
117.194 121.1
117.435 121.35
117.435 121.35
117.677 121.6
117.677 121.6
117.919 121.85
117.919 121.85
118.161 122.1
118.161 122.1
118.161 122.1
118.403 122.35
118.645 122.6
118.645 122.6
118.887 122.85
119.129 123.1
119.129 123.1
119.371 123.35
119.613 123.6
119.855 123.85
120.097 124.1
121.065 125.1
122.032 126.1
122.032 126.1
122.516 126.6
122.516 126.6
123 127.1
123 127.1
123.484 127.6
123.968 128.1
123.968 128.1
123.968 128.1
124.452 128.6
124.452 128.6
124.935 129.1
124.935 129.1
125.177 129.35
125.419 129.6
125.419 129.6
125.661 129.85
125.903 130.1
125.903 130.1
125.903 130.1
126.145 130.35
126.387 130.6
126.387 130.6
126.871 131.1
126.871 131.1
127.597 131.85
127.839 132.1
128.081 132.35
128.323 132.6
128.323 132.6
128.565 132.85
128.806 133.1
128.806 133.1
129.29 133.6
129.774 134.1
130.016 134.35
130.258 134.6
130.742 135.1
130.742 135.1
131.226 135.6
131.71 136.1
132.194 136.6
132.194 136.6
132.435 136.85
132.435 136.85
132.677 137.1
132.677 137.1
133.161 137.6
133.161 137.6
133.645 138.1
133.645 138.1
133.645 138.1
134.129 138.6
134.129 138.6
134.613 139.1
134.613 139.1
134.855 139.35
135.097 139.6
135.339 139.85
135.581 140.1
135.823 140.35
136.065 140.6
136.306 140.85
136.548 141.1
136.79 141.35
136.79 141.35
137.032 141.6
137.032 141.6
137.274 141.85
137.274 141.85
137.274 141.85
137.516 142.1
137.516 142.1
137.516 142.1
137.758 142.35
137.758 142.35
138 142.6
138 142.6
138.242 142.85
138.242 142.85
138.484 143.1
138.484 143.1
138.726 143.35
138.968 143.6
139.21 143.85
139.452 144.1
139.694 144.35
139.935 144.6
139.935 144.6
140.177 144.85
140.419 145.1
140.419 145.1
140.661 145.35
140.903 145.6
141.145 145.85
141.387 146.1
141.387 146.1
141.387 146.1
141.629 146.35
141.871 146.6
141.871 146.6
142.113 146.85
142.355 147.1
142.355 147.1
142.597 147.35
142.839 147.6
143.081 147.85
143.323 148.1
143.565 148.35
143.806 148.6
143.806 148.6
144.048 148.85
144.29 149.1
144.29 149.1
144.532 149.35
144.774 149.6
145.016 149.85
145.258 150.1
145.5 150.35
145.742 150.6
145.984 150.85
146.226 151.1
146.226 151.1
146.468 151.35
146.71 151.6
146.952 151.85
147.194 152.1
147.435 152.35
147.677 152.6
147.677 152.6
147.919 152.85
148.161 153.1
148.161 153.1
148.403 153.35
148.645 153.6
148.887 153.85
149.129 154.1
149.129 154.1
149.371 154.35
149.613 154.6
149.613 154.6
149.855 154.85
150.097 155.1
150.097 155.1
150.339 155.35
150.581 155.6
150.823 155.85
151.065 156.1
151.306 156.35
151.548 156.6
152.032 157.1
152.032 157.1
152.032 157.1
152.516 157.6
152.758 157.85
153 158.1
153.242 158.35
153.484 158.6
153.726 158.85
153.968 159.1
153.968 159.1
154.452 159.6
154.452 159.6
154.694 159.85
154.935 160.1
154.935 160.1
154.935 160.1
155.177 160.35
155.419 160.6
155.419 160.6
155.661 160.85
155.661 160.85
155.903 161.1
155.903 161.1
156.145 161.35
156.387 161.6
156.629 161.85
156.641 161.863
156.768 161.994
156.871 162.1
156.899 162.129
157.113 162.35
157.113 162.35
157.355 162.6
157.355 162.6
157.597 162.85
157.839 163.1
157.839 163.1
157.839 163.1
158.081 163.35
158.323 163.6
158.323 163.6
158.565 163.85
158.806 164.1
158.806 164.1
158.806 164.1
158.806 164.1
159.048 164.35
159.29 164.6
159.29 164.6
159.774 165.1
159.774 165.1
160.258 165.6
160.258 165.6
160.5 165.85
160.742 166.1
160.742 166.1
160.742 166.1
160.984 166.35
160.984 166.35
161.226 166.6
161.226 166.6
161.468 166.85
161.71 167.1
161.71 167.1
161.952 167.35
162.194 167.6
162.435 167.85
162.677 168.1
162.677 168.1
162.677 168.1
162.677 168.1
162.677 168.1
162.919 168.35
163.161 168.6
163.161 168.6
163.161 168.6
163.403 168.85
163.645 169.1
163.645 169.1
163.645 169.1
164.129 169.6
164.613 170.1
164.613 170.1
164.613 170.1
164.855 170.35
165.097 170.6
165.097 170.6
165.339 170.85
165.581 171.1
165.581 171.1
165.581 171.1
165.823 171.35
166.065 171.6
166.065 171.6
166.306 171.85
166.306 171.85
166.548 172.1
166.548 172.1
166.548 172.1
166.79 172.35
166.79 172.35
167.032 172.6
167.032 172.6
167.274 172.85
167.516 173.1
167.516 173.1
167.516 173.1
167.758 173.35
168 173.6
168.242 173.85
168.484 174.1
168.484 174.1
168.726 174.35
168.968 174.6
168.968 174.6
169.21 174.85
169.452 175.1
169.452 175.1
169.452 175.1
169.694 175.35
169.935 175.6
169.935 175.6
170.177 175.85
170.419 176.1
170.419 176.1
170.419 176.1
170.419 176.1
170.903 176.6
170.903 176.6
171.387 177.1
171.387 177.1
171.629 177.35
171.871 177.6
171.871 177.6
171.871 177.6
172.113 177.85
172.355 178.1
172.355 178.1
172.355 178.1
172.355 178.1
172.597 178.35
172.839 178.6
172.839 178.6
173.323 179.1
173.323 179.1
173.323 179.1
173.565 179.35
173.806 179.6
173.806 179.6
173.806 179.6
173.806 179.6
174.048 179.85
174.29 180.1
174.29 180.1
174.29 180.1
174.532 180.35
174.774 180.6
174.774 180.6
174.774 180.6
174.774 180.6
175.258 181.1
175.258 181.1
175.258 181.1
175.742 181.6
175.742 181.6
176.226 182.1
176.226 182.1
176.226 182.1
176.468 182.35
176.71 182.6
176.71 182.6
177.194 183.1
177.194 183.1
177.194 183.1
177.677 183.6
177.677 183.6
178.161 184.1
178.161 184.1
178.161 184.1
178.403 184.35
178.645 184.6
178.645 184.6
179.129 185.1
179.129 185.1
179.371 185.35
179.613 185.6
179.855 185.85
180.097 186.1
180.097 186.1
180.097 186.1
180.097 186.1
180.339 186.35
180.581 186.6
180.823 186.85
181.065 187.1
181.065 187.1
181.306 187.35
181.548 187.6
181.548 187.6
181.79 187.85
182.032 188.1
182.032 188.1
182.032 188.1
182.516 188.6
182.516 188.6
183 189.1
183 189.1
183 189.1
183.242 189.35
183.484 189.6
183.726 189.85
183.968 190.1
184.21 190.35
184.452 190.6
184.694 190.85
184.935 191.1
185.177 191.35
185.419 191.6
185.661 191.85
185.661 191.85
185.661 191.85
185.903 192.1
185.903 192.1
185.903 192.1
185.903 192.1
186.145 192.35
186.145 192.35
186.387 192.6
186.387 192.6
186.629 192.85
186.629 192.85
186.871 193.1
186.871 193.1
186.871 193.1
187.113 193.35
187.355 193.6
187.597 193.85
187.597 193.85
187.839 194.1
187.839 194.1
188.081 194.35
188.323 194.6
188.323 194.6
188.565 194.85
188.565 194.85
188.806 195.1
188.806 195.1
189.048 195.35
189.29 195.6
189.29 195.6
189.532 195.85
189.774 196.1
189.774 196.1
190.016 196.35
190.258 196.6
190.258 196.6
190.5 196.85
190.742 197.1
190.742 197.1
190.742 197.1
190.984 197.35
191.226 197.6
191.468 197.85
191.468 197.85
191.71 198.1
191.71 198.1
191.952 198.35
192.194 198.6
192.194 198.6
192.435 198.85
192.435 198.85
192.677 199.1
192.677 199.1
192.919 199.35
193.161 199.6
193.161 199.6
193.403 199.85
193.403 199.85
193.645 200.1
193.645 200.1
193.887 200.35
193.887 200.35
193.887 200.35
194.129 200.6
194.129 200.6
194.371 200.85
194.613 201.1
194.613 201.1
194.613 201.1
194.855 201.35
194.855 201.35
195.097 201.6
195.339 201.85
195.339 201.85
195.581 202.1
195.581 202.1
195.823 202.35
196.065 202.6
196.065 202.6
196.306 202.85
196.548 203.1
196.548 203.1
196.79 203.35
196.79 203.35
197.032 203.6
197.274 203.85
197.274 203.85
197.516 204.1
197.516 204.1
197.758 204.35
198 204.6
198.242 204.85
198.484 205.1
198.484 205.1
198.726 205.35
198.726 205.35
198.968 205.6
198.968 205.6
199.21 205.85
199.21 205.85
199.452 206.1
199.452 206.1
199.694 206.35
199.935 206.6
199.935 206.6
200.177 206.85
200.177 206.85
200.419 207.1
200.419 207.1
200.661 207.35
200.661 207.35
200.903 207.6
200.903 207.6
201.145 207.85
201.145 207.85
201.145 207.85
201.387 208.1
201.387 208.1
201.629 208.35
201.629 208.35
201.871 208.6
201.871 208.6
201.871 208.6
202.113 208.85
202.113 208.85
202.355 209.1
202.355 209.1
202.355 209.1
202.597 209.35
202.839 209.6
203.081 209.85
203.081 209.85
203.323 210.1
203.323 210.1
203.565 210.35
203.806 210.6
203.806 210.6
204.048 210.85
204.048 210.85
204.29 211.1
204.29 211.1
204.29 211.1
204.532 211.35
204.774 211.6
204.774 211.6
205.016 211.85
205.258 212.1
205.258 212.1
205.5 212.35
205.742 212.6
205.742 212.6
205.984 212.85
206.226 213.1
206.226 213.1
206.226 213.1
206.468 213.35
206.71 213.6
206.952 213.85
206.952 213.85
207.194 214.1
207.194 214.1
207.435 214.35
207.677 214.6
207.677 214.6
207.919 214.85
207.919 214.85
208.161 215.1
208.161 215.1
208.403 215.35
208.645 215.6
208.887 215.85
209.129 216.1
209.371 216.35
209.371 216.35
209.613 216.6
209.613 216.6
209.613 216.6
209.855 216.85
209.855 216.85
209.855 216.85
210.097 217.1
210.097 217.1
210.097 217.1
210.339 217.35
210.581 217.6
210.581 217.6
210.823 217.85
210.823 217.85
211.065 218.1
211.065 218.1
211.065 218.1
211.306 218.35
211.548 218.6
211.548 218.6
211.79 218.85
211.79 218.85
212.032 219.1
212.032 219.1
212.032 219.1
212.274 219.35
212.274 219.35
212.516 219.6
212.758 219.85
212.758 219.85
213 220.1
213 220.1
213.242 220.35
213.242 220.35
213.484 220.6
213.484 220.6
213.726 220.85
213.726 220.85
213.726 220.85
213.968 221.1
213.968 221.1
213.968 221.1
214.21 221.35
214.21 221.35
214.452 221.6
214.452 221.6
214.694 221.85
214.694 221.85
214.935 222.1
214.935 222.1
214.935 222.1
215.177 222.35
215.419 222.6
215.419 222.6
215.661 222.85
215.903 223.1
215.903 223.1
215.903 223.1
215.903 223.1
215.903 223.1
215.903 223.1
215.903 223.1
215.903 223.1
215.903 223.1
216.387 223.6
216.387 223.6
216.387 223.6
216.387 223.6
216.387 223.6
216.387 223.6
216.387 223.6
216.387 223.6
216.871 224.1
216.871 224.1
216.871 224.1
216.871 224.1
216.871 224.1
216.871 224.1
216.871 224.1
216.871 224.1
217.355 224.6
217.355 224.6
217.355 224.6
217.355 224.6
217.355 224.6
217.355 224.6
217.355 224.6
217.355 224.6
217.839 225.1
217.839 225.1
217.839 225.1
217.839 225.1
217.839 225.1
218.081 225.35
218.323 225.6
218.323 225.6
218.323 225.6
218.323 225.6
218.323 225.6
218.565 225.85
218.806 226.1
218.806 226.1
218.806 226.1
218.806 226.1
218.806 226.1
219.048 226.35
219.29 226.6
219.29 226.6
219.29 226.6
219.29 226.6
219.29 226.6
219.532 226.85
219.774 227.1
219.774 227.1
219.774 227.1
219.774 227.1
219.774 227.1
219.774 227.1
219.774 227.1
220.5 227.85
220.742 228.1
221.226 228.6
221.468 228.85
221.71 229.1
222.194 229.6
222.194 229.6
222.194 229.6
222.435 229.85
222.435 229.85
222.435 229.85
222.677 230.1
222.677 230.1
222.677 230.1
223.161 230.6
223.161 230.6
223.161 230.6
223.161 230.6
223.161 230.6
223.645 231.1
223.645 231.1
223.645 231.1
223.645 231.1
223.645 231.1
223.645 231.1
224.371 231.85
224.613 232.1
225.097 232.6
225.339 232.85
225.581 233.1
226.065 233.6
226.065 233.6
226.065 233.6
226.065 233.6
226.065 233.6
226.065 233.6
227.516 235.1
227.516 235.1
227.758 235.35
227.758 235.35
228 235.6
228.242 235.85
228.242 235.85
228.484 236.1
228.484 236.1
228.726 236.35
228.968 236.6
228.968 236.6
229.21 236.85
229.452 237.1
229.452 237.1
229.694 237.35
229.694 237.35
229.935 237.6
230.177 237.85
230.177 237.85
230.419 238.1
230.419 238.1
230.661 238.35
230.903 238.6
231.145 238.85
231.387 239.1
231.387 239.1
231.629 239.35
231.629 239.35
231.871 239.6
231.871 239.6
232.113 239.85
232.113 239.85
232.355 240.1
232.355 240.1
232.597 240.35
232.839 240.6
232.839 240.6
233.081 240.85
233.081 240.85
233.323 241.1
233.323 241.1
233.565 241.35
233.565 241.35
233.806 241.6
233.806 241.6
234.048 241.85
234.048 241.85
234.29 242.1
234.29 242.1
234.29 242.1
234.532 242.35
234.532 242.35
234.774 242.6
234.774 242.6
235.016 242.85
235.016 242.85
235.258 243.1
235.258 243.1
235.258 243.1
235.5 243.35
235.742 243.6
235.984 243.85
235.984 243.85
236.226 244.1
236.226 244.1
236.468 244.35
236.71 244.6
236.71 244.6
236.952 244.85
236.952 244.85
237.194 245.1
237.194 245.1
237.194 245.1
237.435 245.35
237.677 245.6
237.677 245.6
237.919 245.85
238.161 246.1
238.161 246.1
238.403 246.35
238.645 246.6
238.645 246.6
238.887 246.85
239.129 247.1
239.129 247.1
239.129 247.1
239.371 247.35
239.613 247.6
239.855 247.85
239.855 247.85
240.097 248.1
240.097 248.1
240.339 248.35
240.581 248.6
240.581 248.6
240.823 248.85
240.823 248.85
241.065 249.1
241.065 249.1
241.306 249.35
241.548 249.6
241.79 249.85
242.032 250.1
242.274 250.35
242.274 250.35
242.516 250.6
242.516 250.6
242.758 250.85
242.758 250.85
242.758 250.85
243 251.1
243 251.1
243 251.1
243.242 251.35
243.484 251.6
243.484 251.6
243.726 251.85
243.726 251.85
243.968 252.1
243.968 252.1
243.968 252.1
244.21 252.35
244.452 252.6
244.452 252.6
244.694 252.85
244.694 252.85
244.936 253.1
244.936 253.1
244.936 253.1
245.177 253.35
245.177 253.35
245.419 253.6
245.661 253.85
245.661 253.85
245.903 254.1
245.903 254.1
246.145 254.35
246.145 254.35
246.387 254.6
246.387 254.6
246.629 254.85
246.629 254.85
246.629 254.85
246.871 255.1
246.871 255.1
246.871 255.1
247.113 255.35
247.113 255.35
247.355 255.6
247.355 255.6
247.597 255.85
247.597 255.85
247.839 256.1
247.839 256.1
248.081 256.35
248.323 256.6
248.323 256.6
248.565 256.85
248.806 257.1
248.806 257.1
248.806 257.1
248.806 257.1
248.806 257.1
248.806 257.1
248.806 257.1
248.806 257.1
249.048 257.35
250.984 259.35
251.226 259.6
251.468 259.85
251.71 260.1
251.952 260.35
252.194 260.6
252.436 260.85
252.677 261.1
252.677 261.1
252.919 261.35
253.161 261.6
253.161 261.6
253.161 261.6
253.403 261.85
253.403 261.85
253.645 262.1
253.645 262.1
253.645 262.1
253.645 262.1
253.645 262.1
253.887 262.35
254.129 262.6
254.129 262.6
254.129 262.6
254.371 262.85
254.371 262.85
254.613 263.1
254.613 263.1
254.855 263.35
255.097 263.6
255.097 263.6
255.097 263.6
255.339 263.85
255.581 264.1
255.581 264.1
255.581 264.1
255.823 264.35
255.823 264.35
256.065 264.6
256.065 264.6
256.065 264.6
256.306 264.85
256.548 265.1
256.548 265.1
256.548 265.1
256.79 265.35
257.032 265.6
257.032 265.6
257.274 265.85
257.516 266.1
257.516 266.1
257.516 266.1
257.516 266.1
258 266.6
258 266.6
258.484 267.1
258.484 267.1
258.968 267.6
258.968 267.6
259.21 267.85
259.452 268.1
259.452 268.1
259.936 268.6
259.936 268.6
260.419 269.1
260.419 269.1
260.419 269.1
260.903 269.6
260.903 269.6
261.145 269.85
261.387 270.1
261.387 270.1
261.387 270.1
261.387 270.1
261.871 270.6
261.871 270.6
261.871 270.6
261.871 270.6
262.113 270.85
262.355 271.1
262.355 271.1
262.355 271.1
262.839 271.6
263.081 271.85
263.323 272.1
263.323 272.1
263.323 272.1
263.323 272.1
264.278 273.087
264.282 273.092
264.284 273.094
264.29 273.1
264.292 273.102
264.294 273.104
264.774 273.6
265.742 274.6
266.226 275.1
266.71 275.6
267.675 276.598
270.01 279.01
270.024 279.025
270.524 279.542
270.786 279.812
271.097 280.133
271.341 280.385
271.542 280.594
271.798 280.858
272.022 281.09
272.27 281.346
272.526 281.61
272.802 281.896
273.139 282.244
273.427 282.542
273.79 282.917
274.113 283.25
274.494 283.644
274.889 284.052
275.262 284.438
275.863 285.058
