0.275509 0.45
0.581631 0.95
0.887752 1.45
0.887752 1.45
1.19387 1.95
1.5 2.45
1.80612 2.95
1.80612 2.95
2.11224 3.45
2.11224 3.45
2.11224 3.45
2.41836 3.95
2.72448 4.45
2.72448 4.45
2.72448 4.45
3.0306 4.95
3.0306 4.95
3.33672 5.45
3.33672 5.45
3.33672 5.45
3.33672 5.45
3.64285 5.95
3.94897 6.45
4.25509 6.95
4.25509 6.95
4.56121 7.45
4.56121 7.45
4.56121 7.45
4.86733 7.95
5.17345 8.45
5.47957 8.95
5.7857 9.45
5.7857 9.45
5.7857 9.45
5.7857 9.45
6.09182 9.95
6.39794 10.45
6.39794 10.45
6.70406 10.95
6.70406 10.95
6.85712 11.2
7.01018 11.45
7.01018 11.45
7.01018 11.45
7.3163 11.95
7.62243 12.45
7.62243 12.45
7.62243 12.45
7.92855 12.95
7.92855 12.95
8.23467 13.45
8.23467 13.45
8.23467 13.45
8.23467 13.45
8.54079 13.95
8.84691 14.45
8.84691 14.45
9.15303 14.95
9.15303 14.95
9.45915 15.45
9.45915 15.45
9.45915 15.45
9.45915 15.45
9.76528 15.95
9.76528 15.95
10.0714 16.45
10.0714 16.45
10.0714 16.45
10.0714 16.45
10.3775 16.95
10.3775 16.95
10.6836 17.45
10.6836 17.45
10.6836 17.45
10.6836 17.45
10.9898 17.95
11.2959 18.45
11.602 18.95
11.602 18.95
11.9081 19.45
11.9081 19.45
12.2142 19.95
12.5204 20.45
12.5204 20.45
12.8265 20.95
12.8265 20.95
13.1326 21.45
13.1326 21.45
13.4387 21.95
13.7449 22.45
13.7449 22.45
14.051 22.95
14.051 22.95
14.3571 23.45
14.3571 23.45
14.3571 23.45
14.3571 23.45
14.6632 23.95
14.9693 24.45
15.2755 24.95
15.2755 24.95
15.5816 25.45
15.5816 25.45
15.5816 25.45
15.5816 25.45
15.5816 25.45
15.8877 25.95
16.1938 26.45
16.4999 26.95
16.4999 26.95
16.8061 27.45
16.8061 27.45
16.8061 27.45
17.1122 27.95
17.1122 27.95
17.4183 28.45
17.4183 28.45
17.7244 28.95
17.7244 28.95
18.0306 29.45
18.0306 29.45
18.0306 29.45
18.0306 29.45
18.0306 29.45
18.3367 29.95
18.6428 30.45
18.9489 30.95
19.255 31.45
20.4795 33.45
20.4795 33.45
20.4795 33.45
20.4795 33.45
20.4795 33.45
20.7856 33.95
20.7856 33.95
21.0918 34.45
21.0918 34.45
21.3979 34.95
21.704 35.45
21.704 35.45
21.704 35.45
21.704 35.45
22.0101 35.95
22.0101 35.95
22.3163 36.45
22.3163 36.45
22.6224 36.95
22.6224 36.95
22.9285 37.45
22.9285 37.45
22.9285 37.45
23.2346 37.95
23.5407 38.45
24.153 39.45
24.153 39.45
24.153 39.45
24.153 39.45
24.306 39.7
24.4591 39.95
24.7652 40.45
25.0714 40.95
25.3775 41.45
25.3775 41.45
25.3775 41.45
25.6836 41.95
25.9897 42.45
25.9897 42.45
26.602 43.45
26.602 43.45
26.602 43.45
26.602 43.45
26.9081 43.95
26.9081 43.95
27.2142 44.45
27.2142 44.45
27.3673 44.7
27.5203 44.95
27.8264 45.45
27.8264 45.45
28.1326 45.95
28.4387 46.45
28.4387 46.45
29.0509 47.45
29.0509 47.45
29.0509 47.45
29.0509 47.45
29.204 47.7
29.3571 47.95
29.6632 48.45
29.6632 48.45
29.9693 48.95
29.9693 48.95
30.2754 49.45
30.2754 49.45
30.2754 49.45
30.4285 49.7
30.8877 50.45
31.4999 51.45
31.4999 51.45
31.4999 51.45
31.4999 51.45
31.806 51.95
31.806 51.95
32.1121 52.45
32.1121 52.45
32.4183 52.95
32.7244 53.45
32.7244 53.45
32.7244 53.45
32.7244 53.45
33.0305 53.95
33.3366 54.45
33.6428 54.95
33.9489 55.45
33.9489 55.45
33.9489 55.45
33.9489 55.45
34.255 55.95
34.255 55.95
34.5611 56.45
34.5611 56.45
34.8672 56.95
35.1734 57.45
35.1734 57.45
35.1734 57.45
35.1734 57.45
35.4795 57.95
35.4795 57.95
35.7856 58.45
36.0917 58.95
36.3978 59.45
36.3978 59.45
36.3978 59.45
36.3978 59.45
36.704 59.95
36.704 59.95
37.0101 60.45
37.0101 60.45
37.3162 60.95
37.3162 60.95
37.6223 61.45
37.6223 61.45
37.6223 61.45
37.9285 61.95
37.9285 61.95
38.2346 62.45
38.2346 62.45
38.5407 62.95
38.5407 62.95
38.8468 63.45
39.1529 63.95
39.1529 63.95
39.4591 64.45
39.4591 64.45
39.4591 64.45
39.7652 64.95
40.0713 65.45
40.0713 65.45
40.0713 65.45
40.0713 65.45
40.0713 65.45
40.0713 65.45
40.0713 65.45
40.3774 65.95
40.3774 65.95
40.6835 66.45
40.6835 66.45
40.9897 66.95
41.2958 67.45
41.2958 67.45
41.2958 67.45
41.2958 67.45
41.2958 67.45
41.6019 67.95
41.6019 67.95
41.908 68.45
41.908 68.45
42.2142 68.95
42.2142 68.95
42.5203 69.45
42.5203 69.45
42.5203 69.45
42.5203 69.45
42.8264 69.95
43.1325 70.45
43.7448 71.45
43.7448 71.45
43.7448 71.45
43.7448 71.45
43.8978 71.7
44.0509 71.95
44.357 72.45
44.6631 72.95
44.9692 73.45
44.9692 73.45
44.9692 73.45
44.9692 73.45
45.2754 73.95
45.5815 74.45
45.5815 74.45
46.1937 75.45
46.1937 75.45
46.1937 75.45
46.1937 75.45
46.1937 75.45
46.4999 75.95
46.4999 75.95
46.806 76.45
46.806 76.45
46.959 76.7
47.1121 76.95
47.1121 76.95
47.4182 77.45
47.4182 77.45
47.4182 77.45
47.7243 77.95
47.7243 77.95
48.0305 78.45
48.0305 78.45
48.0305 78.45
48.3366 78.95
48.4896 79.2
48.6427 79.45
48.6427 79.45
48.6427 79.45
48.6427 79.45
48.7958 79.7
48.9488 79.95
49.2549 80.45
49.2549 80.45
49.5611 80.95
49.5611 80.95
49.8672 81.45
49.8672 81.45
49.8672 81.45
50.0203 81.7
50.4794 82.45
50.4794 82.45
50.7856 82.95
51.0917 83.45
51.0917 83.45
51.0917 83.45
51.0917 83.45
51.0917 83.45
51.3978 83.95
51.3978 83.95
51.7039 84.45
51.7039 84.45
52.01 84.95
52.3162 85.45
52.3162 85.45
52.3162 85.45
52.3162 85.45
52.6223 85.95
52.9284 86.45
52.9284 86.45
53.2345 86.95
53.2345 86.95
53.5407 87.45
53.5407 87.45
53.5407 87.45
53.5407 87.45
53.5407 87.45
53.8468 87.95
53.8468 87.95
54.1529 88.45
54.1529 88.45
54.459 88.95
54.7651 89.45
54.7651 89.45
54.7651 89.45
54.7651 89.45
55.0713 89.95
55.0713 89.95
55.3774 90.45
55.6835 90.95
55.9896 91.45
55.9896 91.45
55.9896 91.45
55.9896 91.45
55.9896 91.45
56.2957 91.95
56.2957 91.95
56.6019 92.45
56.6019 92.45
56.6019 92.45
56.908 92.95
56.908 92.95
56.908 92.95
57.2141 93.45
57.2141 93.45
57.2141 93.45
57.2141 93.45
57.5202 93.95
57.8264 94.45
57.8264 94.45
58.1325 94.95
58.1325 94.95
58.4386 95.45
58.4386 95.45
58.5917 95.7
58.7447 95.95
59.0508 96.45
59.0508 96.45
59.0508 96.45
59.357 96.95
59.357 96.95
59.6631 97.45
59.6631 97.45
59.6631 97.45
59.6631 97.45
59.6631 97.45
59.9692 97.95
59.9692 97.95
60.2753 98.45
60.2753 98.45
60.2753 98.45
60.5814 98.95
60.5814 98.95
60.8876 99.45
60.8876 99.45
60.8876 99.45
61.1937 99.95
61.1937 99.95
61.4998 100.45
61.4998 100.45
61.4998 100.45
61.4998 100.45
61.8059 100.95
61.8059 100.95
61.8059 100.95
62.1121 101.45
62.1121 101.45
62.1121 101.45
62.2651 101.7
62.4182 101.95
62.7243 102.45
62.7243 102.45
62.8774 102.7
63.0304 102.95
63.3365 103.45
63.3365 103.45
63.3365 103.45
63.4896 103.7
63.6427 103.95
63.9488 104.45
63.9488 104.45
63.9488 104.45
63.9488 104.45
64.2549 104.95
64.2549 104.95
64.561 105.45
64.561 105.45
64.561 105.45
64.561 105.45
64.8671 105.95
64.8671 105.95
65.1733 106.45
65.1733 106.45
65.1733 106.45
65.4794 106.95
65.7855 107.45
65.7855 107.45
65.7855 107.45
65.7855 107.45
65.7855 107.45
65.7855 107.45
66.0916 107.95
66.0916 107.95
66.3978 108.45
66.3978 108.45
66.3978 108.45
66.5508 108.7
66.7039 108.95
67.01 109.45
67.01 109.45
67.3161 109.95
67.6222 110.45
67.6222 110.45
67.6222 110.45
67.9284 110.95
68.2345 111.45
68.2345 111.45
68.2345 111.45
68.2345 111.45
68.2345 111.45
68.5406 111.95
68.5406 111.95
68.8467 112.45
68.8467 112.45
68.8467 112.45
68.8467 112.45
69.1528 112.95
69.1528 112.95
69.1528 112.95
69.459 113.45
69.459 113.45
69.459 113.45
69.459 113.45
69.459 113.45
69.7651 113.95
70.0712 114.45
70.0712 114.45
70.0712 114.45
70.0712 114.45
70.3773 114.95
70.6835 115.45
70.6835 115.45
70.6835 115.45
70.6835 115.45
70.6835 115.45
70.9896 115.95
70.9896 115.95
71.2957 116.45
71.2957 116.45
71.6018 116.95
71.6018 116.95
71.9079 117.45
71.9079 117.45
71.9079 117.45
71.9079 117.45
72.2141 117.95
72.5202 118.45
72.5202 118.45
72.5202 118.45
72.5202 118.45
72.8263 118.95
72.8263 118.95
73.1324 119.45
73.1324 119.45
73.1324 119.45
73.1324 119.45
73.1324 119.45
73.4385 119.95
73.4385 119.95
73.7447 120.45
73.7447 120.45
73.7447 120.45
73.7447 120.45
74.0508 120.95
74.0508 120.95
74.0508 120.95
74.3569 121.45
74.3569 121.45
74.3569 121.45
74.3569 121.45
74.3569 121.45
74.663 121.95
74.9692 122.45
74.9692 122.45
75.1222 122.7
75.5814 123.45
75.5814 123.45
75.5814 123.45
75.5814 123.45
75.5814 123.45
75.5814 123.45
75.8875 123.95
75.8875 123.95
76.1936 124.45
76.1936 124.45
76.1936 124.45
76.4998 124.95
76.4998 124.95
76.8059 125.45
76.8059 125.45
76.8059 125.45
76.8059 125.45
76.8059 125.45
77.112 125.95
77.4181 126.45
77.4181 126.45
77.4181 126.45
77.4181 126.45
77.7242 126.95
78.0304 127.45
78.0304 127.45
78.0304 127.45
78.0304 127.45
78.0304 127.45
78.3365 127.95
78.3365 127.95
78.6426 128.45
78.6426 128.45
78.6426 128.45
78.6426 128.45
78.9487 128.95
78.9487 128.95
78.9487 128.95
79.2549 129.45
79.2549 129.45
79.2549 129.45
79.2549 129.45
79.561 129.95
79.8671 130.45
79.8671 130.45
80.1732 130.95
80.4793 131.45
80.4793 131.45
80.7855 131.95
80.7855 131.95
81.0916 132.45
81.0916 132.45
81.0916 132.45
81.0916 132.45
81.3977 132.95
81.3977 132.95
81.3977 132.95
81.7038 133.45
81.7038 133.45
81.7038 133.45
81.7038 133.45
81.7038 133.45
82.0099 133.95
82.0099 133.95
82.3161 134.45
82.3161 134.45
82.3161 134.45
82.6222 134.95
82.6222 134.95
82.6222 134.95
82.9283 135.45
82.9283 135.45
82.9283 135.45
82.9283 135.45
83.2344 135.95
83.5406 136.45
83.5406 136.45
83.5406 136.45
83.8467 136.95
83.8467 136.95
83.8467 136.95
84.1528 137.45
84.1528 137.45
84.1528 137.45
84.3059 137.7
84.4589 137.95
84.765 138.45
84.765 138.45
84.9181 138.7
85.0712 138.95
85.0712 138.95
85.3773 139.45
85.3773 139.45
85.3773 139.45
85.3773 139.45
85.5303 139.7
85.6834 139.95
85.6834 139.95
85.9895 140.45
85.9895 140.45
85.9895 140.45
85.9895 140.45
85.9895 140.45
86.2957 140.95
86.2957 140.95
86.2957 140.95
86.6018 141.45
86.6018 141.45
86.6018 141.45
86.6018 141.45
86.6018 141.45
86.9079 141.95
87.214 142.45
87.214 142.45
87.8263 143.45
87.8263 143.45
87.8263 143.45
87.8263 143.45
87.8263 143.45
87.8263 143.45
88.1324 143.95
88.1324 143.95
88.4385 144.45
88.4385 144.45
88.4385 144.45
88.4385 144.45
88.5916 144.7
88.7446 144.95
88.7446 144.95
89.0507 145.45
89.0507 145.45
89.0507 145.45
89.3569 145.95
89.663 146.45
89.663 146.45
89.663 146.45
89.9691 146.95
89.9691 146.95
90.2752 147.45
90.2752 147.45
90.2752 147.45
90.2752 147.45
90.2752 147.45
90.5814 147.95
90.5814 147.95
90.8875 148.45
90.8875 148.45
90.8875 148.45
91.1936 148.95
91.1936 148.95
91.4997 149.45
91.4997 149.45
91.4997 149.45
91.4997 149.45
91.8058 149.95
91.8058 149.95
92.112 150.45
92.112 150.45
92.112 150.45
92.112 150.45
92.4181 150.95
92.7242 151.45
92.7242 151.45
92.7242 151.45
92.7242 151.45
92.7242 151.45
93.0303 151.95
93.0303 151.95
93.3364 152.45
93.3364 152.45
93.6426 152.95
93.6426 152.95
93.9487 153.45
93.9487 153.45
93.9487 153.45
93.9487 153.45
93.9487 153.45
94.2548 153.95
94.5609 154.45
94.5609 154.45
94.5609 154.45
94.8671 154.95
95.1732 155.45
95.1732 155.45
95.1732 155.45
95.1732 155.45
95.1732 155.45
95.4793 155.95
95.4793 155.95
95.4793 155.95
95.7854 156.45
95.7854 156.45
95.7854 156.45
95.7854 156.45
95.7854 156.45
96.0915 156.95
96.0915 156.95
96.0915 156.95
96.3977 157.45
96.3977 157.45
96.3977 157.45
96.3977 157.45
96.3977 157.45
96.7038 157.95
97.0099 158.45
97.0099 158.45
97.163 158.7
97.6221 159.45
97.6221 159.45
97.6221 159.45
97.6221 159.45
97.6221 159.45
97.6221 159.45
97.9283 159.95
97.9283 159.95
98.2344 160.45
98.2344 160.45
98.2344 160.45
98.5405 160.95
98.5405 160.95
98.8466 161.45
98.8466 161.45
98.8466 161.45
98.8466 161.45
99.1528 161.95
99.4589 162.45
99.4589 162.45
99.4589 162.45
99.4589 162.45
99.765 162.95
100.071 163.45
100.071 163.45
100.071 163.45
100.071 163.45
100.071 163.45
100.377 163.95
100.377 163.95
100.377 163.95
100.683 164.45
100.683 164.45
100.683 164.45
100.683 164.45
100.989 164.95
100.989 164.95
100.989 164.95
101.296 165.45
101.296 165.45
101.296 165.45
101.296 165.45
101.602 165.95
101.908 166.45
101.908 166.45
102.214 166.95
102.52 167.45
102.826 167.95
103.132 168.45
103.132 168.45
103.132 168.45
103.438 168.95
103.438 168.95
103.745 169.45
103.745 169.45
103.745 169.45
104.051 169.95
104.357 170.45
104.357 170.45
104.663 170.95
104.663 170.95
104.969 171.45
104.969 171.45
105.275 171.95
105.581 172.45
105.581 172.45
105.887 172.95
105.887 172.95
106.194 173.45
106.194 173.45
106.194 173.45
106.194 173.45
106.5 173.95
106.806 174.45
106.806 174.45
106.806 174.45
106.806 174.45
107.112 174.95
107.418 175.45
107.418 175.45
107.418 175.45
107.418 175.45
107.724 175.95
108.03 176.45
108.03 176.45
108.336 176.95
108.336 176.95
108.643 177.45
108.643 177.45
108.643 177.45
108.949 177.95
109.255 178.45
109.561 178.95
109.561 178.95
109.867 179.45
109.867 179.45
109.867 179.45
109.867 179.45
109.867 179.45
110.173 179.95
110.173 179.95
110.479 180.45
110.479 180.45
110.479 180.45
110.479 180.45
110.785 180.95
111.091 181.45
111.091 181.45
111.091 181.45
111.091 181.45
111.398 181.95
111.704 182.45
112.01 182.95
112.316 183.45
112.316 183.45
112.622 183.95
112.928 184.45
112.928 184.45
113.234 184.95
113.234 184.95
113.54 185.45
113.54 185.45
113.847 185.95
114.153 186.45
114.459 186.95
114.459 186.95
114.765 187.45
114.765 187.45
114.765 187.45
115.071 187.95
115.377 188.45
115.377 188.45
115.377 188.45
115.377 188.45
115.683 188.95
115.683 188.95
115.989 189.45
115.989 189.45
115.989 189.45
115.989 189.45
116.296 189.95
116.296 189.95
116.602 190.45
116.602 190.45
116.602 190.45
116.908 190.95
116.908 190.95
117.214 191.45
117.214 191.45
117.214 191.45
117.52 191.95
117.826 192.45
117.826 192.45
118.132 192.95
118.438 193.45
118.438 193.45
118.438 193.45
118.745 193.95
119.051 194.45
119.357 194.95
119.357 194.95
119.663 195.45
119.663 195.45
119.663 195.45
119.663 195.45
119.969 195.95
120.275 196.45
120.275 196.45
120.581 196.95
120.581 196.95
120.887 197.45
120.887 197.45
120.887 197.45
120.887 197.45
121.194 197.95
121.5 198.45
121.806 198.95
122.112 199.45
122.112 199.45
122.724 200.45
122.724 200.45
123.336 201.45
123.336 201.45
123.336 201.45
123.336 201.45
123.336 201.45
123.336 201.45
123.336 201.45
123.642 201.95
123.642 201.95
123.949 202.45
123.949 202.45
124.255 202.95
124.561 203.45
124.561 203.45
124.561 203.45
124.561 203.45
124.561 203.45
124.867 203.95
124.867 203.95
125.173 204.45
125.173 204.45
125.479 204.95
125.479 204.95
125.785 205.45
125.785 205.45
125.785 205.45
125.785 205.45
126.091 205.95
126.398 206.45
127.01 207.45
127.01 207.45
127.01 207.45
127.01 207.45
127.163 207.7
127.316 207.95
127.622 208.45
127.928 208.95
128.234 209.45
128.234 209.45
128.234 209.45
128.234 209.45
128.54 209.95
128.847 210.45
128.847 210.45
129.459 211.45
129.459 211.45
129.459 211.45
129.459 211.45
129.459 211.45
129.765 211.95
129.765 211.95
130.071 212.45
130.071 212.45
130.224 212.7
130.377 212.95
130.377 212.95
130.683 213.45
130.683 213.45
130.683 213.45
130.989 213.95
130.989 213.95
131.296 214.45
131.296 214.45
131.296 214.45
131.602 214.95
131.908 215.45
131.908 215.45
131.908 215.45
131.908 215.45
131.908 215.45
132.061 215.7
132.214 215.95
132.52 216.45
132.52 216.45
132.826 216.95
132.826 216.95
133.132 217.45
133.132 217.45
133.132 217.45
133.285 217.7
133.744 218.45
133.744 218.45
134.051 218.95
134.357 219.45
134.357 219.45
134.357 219.45
134.357 219.45
134.357 219.45
134.663 219.95
134.663 219.95
134.969 220.45
134.969 220.45
135.275 220.95
135.581 221.45
135.581 221.45
135.581 221.45
135.581 221.45
135.887 221.95
136.193 222.45
136.193 222.45
136.5 222.95
136.5 222.95
136.806 223.45
136.806 223.45
136.806 223.45
136.806 223.45
136.806 223.45
137.112 223.95
137.112 223.95
137.418 224.45
137.418 224.45
137.724 224.95
138.03 225.45
138.03 225.45
138.03 225.45
138.03 225.45
138.336 225.95
138.336 225.95
138.642 226.45
138.949 226.95
139.255 227.45
139.255 227.45
139.255 227.45
139.255 227.45
139.255 227.45
139.561 227.95
139.561 227.95
139.867 228.45
139.867 228.45
139.867 228.45
140.173 228.95
140.173 228.95
140.173 228.95
140.479 229.45
140.479 229.45
140.479 229.45
140.479 229.45
140.785 229.95
141.091 230.45
141.091 230.45
141.398 230.95
141.398 230.95
141.704 231.45
141.704 231.45
141.857 231.7
142.01 231.95
142.316 232.45
142.316 232.45
142.316 232.45
142.622 232.95
142.622 232.95
142.928 233.45
142.928 233.45
142.928 233.45
142.928 233.45
142.928 233.45
143.234 233.95
143.234 233.95
143.54 234.45
143.54 234.45
143.54 234.45
143.846 234.95
143.846 234.95
144.153 235.45
144.153 235.45
144.153 235.45
144.459 235.95
144.459 235.95
144.765 236.45
144.765 236.45
144.765 236.45
144.765 236.45
145.071 236.95
145.071 236.95
145.071 236.95
145.377 237.45
145.377 237.45
145.377 237.45
145.53 237.7
145.683 237.95
145.989 238.45
145.989 238.45
146.142 238.7
146.295 238.95
146.602 239.45
146.602 239.45
146.602 239.45
146.755 239.7
146.908 239.95
147.214 240.45
147.214 240.45
147.214 240.45
147.214 240.45
147.52 240.95
147.52 240.95
147.826 241.45
147.826 241.45
147.826 241.45
147.826 241.45
148.132 241.95
148.132 241.95
148.438 242.45
148.438 242.45
148.438 242.45
148.744 242.95
149.051 243.45
149.051 243.45
149.051 243.45
149.051 243.45
149.051 243.45
149.051 243.45
149.357 243.95
149.357 243.95
149.663 244.45
149.663 244.45
149.663 244.45
149.816 244.7
149.969 244.95
150.275 245.45
150.275 245.45
150.581 245.95
150.887 246.45
150.887 246.45
150.887 246.45
151.193 246.95
151.5 247.45
151.5 247.45
151.5 247.45
151.5 247.45
151.5 247.45
151.806 247.95
151.806 247.95
152.112 248.45
152.112 248.45
152.112 248.45
152.112 248.45
152.418 248.95
152.418 248.95
152.418 248.95
152.724 249.45
152.724 249.45
152.724 249.45
152.724 249.45
152.724 249.45
153.03 249.95
153.336 250.45
153.336 250.45
153.336 250.45
153.336 250.45
153.642 250.95
153.949 251.45
153.949 251.45
153.949 251.45
153.949 251.45
153.949 251.45
154.255 251.95
154.255 251.95
154.561 252.45
154.561 252.45
154.867 252.95
154.867 252.95
155.173 253.45
155.173 253.45
155.173 253.45
155.173 253.45
155.479 253.95
155.785 254.45
155.785 254.45
155.785 254.45
155.785 254.45
156.091 254.95
156.091 254.95
156.397 255.45
156.397 255.45
156.397 255.45
156.397 255.45
156.397 255.45
156.704 255.95
156.704 255.95
157.01 256.45
157.01 256.45
157.01 256.45
157.01 256.45
157.316 256.95
157.316 256.95
157.316 256.95
157.622 257.45
157.622 257.45
157.622 257.45
157.622 257.45
157.622 257.45
157.928 257.95
158.234 258.45
158.234 258.45
158.387 258.7
158.846 259.45
158.846 259.45
158.846 259.45
158.846 259.45
158.846 259.45
158.846 259.45
159.153 259.95
159.153 259.95
159.459 260.45
159.459 260.45
159.459 260.45
159.765 260.95
159.765 260.95
160.071 261.45
160.071 261.45
160.071 261.45
160.071 261.45
160.071 261.45
160.377 261.95
160.683 262.45
160.683 262.45
160.683 262.45
160.683 262.45
160.989 262.95
161.295 263.45
161.295 263.45
161.295 263.45
161.295 263.45
161.295 263.45
161.602 263.95
161.602 263.95
161.908 264.45
161.908 264.45
161.908 264.45
161.908 264.45
162.214 264.95
162.214 264.95
162.214 264.95
162.52 265.45
162.52 265.45
162.52 265.45
162.52 265.45
162.826 265.95
163.132 266.45
163.132 266.45
163.438 266.95
163.744 267.45
163.744 267.45
164.051 267.95
164.051 267.95
164.357 268.45
164.357 268.45
164.357 268.45
164.357 268.45
164.663 268.95
164.663 268.95
164.663 268.95
164.969 269.45
164.969 269.45
164.969 269.45
164.969 269.45
164.969 269.45
165.275 269.95
165.275 269.95
165.581 270.45
165.581 270.45
165.581 270.45
165.887 270.95
165.887 270.95
165.887 270.95
166.193 271.45
166.193 271.45
166.193 271.45
166.193 271.45
166.499 271.95
166.806 272.45
166.806 272.45
166.806 272.45
167.112 272.95
167.112 272.95
167.112 272.95
167.418 273.45
167.418 273.45
167.418 273.45
167.571 273.7
167.724 273.95
168.03 274.45
168.03 274.45
168.183 274.7
168.336 274.95
168.336 274.95
168.642 275.45
168.642 275.45
168.642 275.45
168.642 275.45
168.795 275.7
168.948 275.95
168.948 275.95
169.255 276.45
169.255 276.45
169.255 276.45
169.255 276.45
169.255 276.45
169.561 276.95
169.561 276.95
169.561 276.95
169.867 277.45
169.867 277.45
169.867 277.45
169.867 277.45
169.867 277.45
170.173 277.95
170.479 278.45
170.479 278.45
171.091 279.45
171.091 279.45
171.091 279.45
171.091 279.45
171.091 279.45
171.091 279.45
171.397 279.95
171.397 279.95
171.704 280.45
171.704 280.45
171.704 280.45
171.704 280.45
171.857 280.7
172.01 280.95
172.01 280.95
172.316 281.45
172.316 281.45
172.316 281.45
172.622 281.95
172.928 282.45
172.928 282.45
172.928 282.45
173.234 282.95
173.234 282.95
173.54 283.45
173.54 283.45
173.54 283.45
173.54 283.45
173.54 283.45
173.846 283.95
173.846 283.95
174.153 284.45
174.153 284.45
174.153 284.45
174.459 284.95
174.459 284.95
174.765 285.45
174.765 285.45
174.765 285.45
174.765 285.45
175.071 285.95
175.071 285.95
175.377 286.45
175.377 286.45
175.377 286.45
175.377 286.45
175.683 286.95
175.989 287.45
175.989 287.45
175.989 287.45
175.989 287.45
175.989 287.45
176.295 287.95
176.295 287.95
176.601 288.45
176.601 288.45
176.908 288.95
176.908 288.95
177.214 289.45
177.214 289.45
177.214 289.45
177.214 289.45
177.214 289.45
177.52 289.95
177.826 290.45
177.826 290.45
177.826 290.45
178.132 290.95
178.438 291.45
178.438 291.45
178.438 291.45
178.438 291.45
178.438 291.45
178.744 291.95
178.744 291.95
178.744 291.95
179.05 292.45
179.05 292.45
179.05 292.45
179.05 292.45
179.05 292.45
179.357 292.95
179.357 292.95
179.357 292.95
179.663 293.45
179.663 293.45
179.663 293.45
179.663 293.45
179.663 293.45
179.969 293.95
180.275 294.45
180.275 294.45
180.428 294.7
180.887 295.45
180.887 295.45
180.887 295.45
180.887 295.45
180.887 295.45
180.887 295.45
181.193 295.95
181.193 295.95
181.499 296.45
181.499 296.45
181.499 296.45
181.806 296.95
181.806 296.95
182.112 297.45
182.112 297.45
182.112 297.45
182.112 297.45
182.418 297.95
182.724 298.45
182.724 298.45
182.724 298.45
182.724 298.45
183.03 298.95
183.336 299.45
183.336 299.45
183.336 299.45
183.336 299.45
183.336 299.45
183.642 299.95
183.642 299.95
183.642 299.95
183.948 300.45
183.948 300.45
183.948 300.45
183.948 300.45
184.255 300.95
184.255 300.95
184.255 300.95
184.561 301.45
184.561 301.45
184.561 301.45
184.561 301.45
184.867 301.95
185.173 302.45
185.173 302.45
185.479 302.95
185.785 303.45
186.091 303.95
186.397 304.45
186.397 304.45
186.397 304.45
186.704 304.95
186.704 304.95
187.01 305.45
187.01 305.45
187.01 305.45
187.01 305.45
187.01 305.45
187.316 305.95
187.316 305.95
187.622 306.45
187.622 306.45
187.622 306.45
187.928 306.95
187.928 306.95
188.234 307.45
188.234 307.45
188.234 307.45
188.54 307.95
188.54 307.95
188.846 308.45
188.846 308.45
188.846 308.45
188.846 308.45
189.152 308.95
189.152 308.95
189.152 308.95
189.459 309.45
189.459 309.45
189.459 309.45
189.612 309.7
189.765 309.95
190.071 310.45
190.071 310.45
190.224 310.7
190.377 310.95
190.683 311.45
190.683 311.45
190.683 311.45
190.836 311.7
190.989 311.95
191.295 312.45
191.295 312.45
191.295 312.45
191.295 312.45
191.601 312.95
191.601 312.95
191.908 313.45
191.908 313.45
191.908 313.45
191.908 313.45
192.214 313.95
192.214 313.95
192.52 314.45
192.52 314.45
192.52 314.45
192.826 314.95
193.132 315.45
193.132 315.45
193.132 315.45
193.132 315.45
193.132 315.45
193.132 315.45
193.438 315.95
193.438 315.95
193.744 316.45
193.744 316.45
193.744 316.45
193.897 316.7
194.05 316.95
194.357 317.45
194.357 317.45
194.663 317.95
194.969 318.45
194.969 318.45
194.969 318.45
195.275 318.95
195.581 319.45
195.581 319.45
195.581 319.45
195.581 319.45
195.581 319.45
195.887 319.95
195.887 319.95
196.193 320.45
196.193 320.45
196.193 320.45
196.193 320.45
196.499 320.95
196.499 320.95
196.499 320.95
196.806 321.45
196.806 321.45
196.806 321.45
196.806 321.45
196.806 321.45
197.112 321.95
197.418 322.45
197.418 322.45
197.418 322.45
197.418 322.45
197.724 322.95
198.03 323.45
198.03 323.45
198.03 323.45
198.03 323.45
198.03 323.45
198.336 323.95
198.336 323.95
198.642 324.45
198.642 324.45
198.948 324.95
198.948 324.95
199.254 325.45
199.254 325.45
199.254 325.45
199.254 325.45
199.561 325.95
199.867 326.45
199.867 326.45
199.867 326.45
199.867 326.45
200.173 326.95
200.173 326.95
200.479 327.45
200.479 327.45
200.479 327.45
200.479 327.45
200.479 327.45
200.785 327.95
200.785 327.95
201.091 328.45
201.091 328.45
201.091 328.45
201.091 328.45
201.397 328.95
201.397 328.95
201.397 328.95
201.703 329.45
201.703 329.45
201.703 329.45
201.703 329.45
201.703 329.45
202.01 329.95
202.316 330.45
202.316 330.45
202.469 330.7
202.928 331.45
202.928 331.45
202.928 331.45
202.928 331.45
202.928 331.45
202.928 331.45
203.234 331.95
203.234 331.95
203.54 332.45
203.54 332.45
203.54 332.45
203.846 332.95
203.846 332.95
204.152 333.45
204.152 333.45
204.152 333.45
204.152 333.45
204.152 333.45
204.459 333.95
204.765 334.45
204.765 334.45
204.765 334.45
204.765 334.45
205.071 334.95
205.377 335.45
205.377 335.45
205.377 335.45
205.377 335.45
205.377 335.45
205.683 335.95
205.683 335.95
205.989 336.45
205.989 336.45
205.989 336.45
205.989 336.45
206.295 336.95
206.295 336.95
206.295 336.95
206.601 337.45
206.601 337.45
206.601 337.45
206.601 337.45
206.908 337.95
207.214 338.45
207.214 338.45
207.52 338.95
207.826 339.45
207.826 339.45
208.132 339.95
208.132 339.95
208.438 340.45
208.438 340.45
208.438 340.45
208.438 340.45
208.744 340.95
208.744 340.95
208.744 340.95
209.05 341.45
209.05 341.45
209.05 341.45
209.05 341.45
209.05 341.45
209.356 341.95
209.356 341.95
209.663 342.45
209.663 342.45
209.663 342.45
209.969 342.95
209.969 342.95
209.969 342.95
210.275 343.45
210.275 343.45
210.275 343.45
210.275 343.45
210.581 343.95
210.887 344.45
210.887 344.45
210.887 344.45
211.193 344.95
211.193 344.95
211.193 344.95
211.499 345.45
211.499 345.45
211.499 345.45
211.652 345.7
211.805 345.95
212.112 346.45
212.112 346.45
212.265 346.7
212.418 346.95
212.418 346.95
212.724 347.45
212.724 347.45
212.724 347.45
212.724 347.45
212.877 347.7
213.03 347.95
213.03 347.95
213.336 348.45
213.336 348.45
213.336 348.45
213.336 348.45
213.336 348.45
213.642 348.95
213.642 348.95
213.642 348.95
213.948 349.45
213.948 349.45
213.948 349.45
213.948 349.45
213.948 349.45
214.254 349.95
214.561 350.45
214.561 350.45
215.173 351.45
215.173 351.45
215.173 351.45
215.173 351.45
215.173 351.45
215.173 351.45
215.479 351.95
215.479 351.95
215.785 352.45
215.785 352.45
215.785 352.45
215.785 352.45
215.938 352.7
216.091 352.95
216.091 352.95
216.397 353.45
216.397 353.45
216.397 353.45
216.703 353.95
217.01 354.45
217.01 354.45
217.01 354.45
217.316 354.95
217.316 354.95
217.622 355.45
217.622 355.45
217.622 355.45
217.622 355.45
217.622 355.45
217.928 355.95
217.928 355.95
218.234 356.45
218.234 356.45
218.234 356.45
218.54 356.95
218.54 356.95
218.846 357.45
218.846 357.45
218.846 357.45
218.846 357.45
219.152 357.95
219.152 357.95
219.459 358.45
219.459 358.45
219.459 358.45
219.459 358.45
219.765 358.95
220.071 359.45
220.071 359.45
220.071 359.45
220.071 359.45
220.071 359.45
220.377 359.95
220.377 359.95
220.683 360.45
220.683 360.45
220.989 360.95
220.989 360.95
221.295 361.45
221.295 361.45
221.295 361.45
221.295 361.45
221.295 361.45
221.601 361.95
221.907 362.45
221.907 362.45
221.907 362.45
222.214 362.95
222.52 363.45
222.52 363.45
222.52 363.45
222.52 363.45
222.52 363.45
222.826 363.95
222.826 363.95
222.826 363.95
223.132 364.45
223.132 364.45
223.132 364.45
223.132 364.45
223.132 364.45
223.438 364.95
223.438 364.95
223.438 364.95
223.744 365.45
223.744 365.45
223.744 365.45
223.744 365.45
223.744 365.45
224.05 365.95
224.356 366.45
224.356 366.45
224.51 366.7
224.969 367.45
224.969 367.45
224.969 367.45
224.969 367.45
224.969 367.45
224.969 367.45
225.275 367.95
225.275 367.95
225.581 368.45
225.581 368.45
225.581 368.45
225.887 368.95
225.887 368.95
226.193 369.45
226.193 369.45
226.193 369.45
226.193 369.45
226.499 369.95
226.805 370.45
226.805 370.45
226.805 370.45
226.805 370.45
227.112 370.95
227.418 371.45
227.418 371.45
227.418 371.45
227.418 371.45
227.418 371.45
227.724 371.95
227.724 371.95
227.724 371.95
228.03 372.45
228.03 372.45
228.03 372.45
228.03 372.45
228.336 372.95
228.336 372.95
228.336 372.95
228.642 373.45
228.642 373.45
228.642 373.45
228.642 373.45
228.948 373.95
229.254 374.45
229.254 374.45
229.561 374.95
229.867 375.45
230.173 375.95
230.479 376.45
230.479 376.45
230.479 376.45
230.785 376.95
230.785 376.95
231.091 377.45
231.091 377.45
231.091 377.45
231.397 377.95
231.703 378.45
231.703 378.45
232.009 378.95
232.009 378.95
232.316 379.45
232.316 379.45
232.622 379.95
232.928 380.45
232.928 380.45
233.234 380.95
233.234 380.95
233.54 381.45
233.54 381.45
233.54 381.45
233.54 381.45
233.846 381.95
234.152 382.45
234.152 382.45
234.152 382.45
234.152 382.45
234.458 382.95
234.765 383.45
234.765 383.45
234.765 383.45
234.765 383.45
235.071 383.95
235.377 384.45
235.377 384.45
235.683 384.95
235.683 384.95
235.989 385.45
235.989 385.45
235.989 385.45
236.295 385.95
236.601 386.45
236.907 386.95
236.907 386.95
237.214 387.45
237.214 387.45
237.214 387.45
237.214 387.45
237.214 387.45
237.52 387.95
237.52 387.95
237.826 388.45
237.826 388.45
237.826 388.45
237.826 388.45
238.132 388.95
238.438 389.45
238.438 389.45
238.438 389.45
238.438 389.45
238.744 389.95
239.05 390.45
239.356 390.95
239.663 391.45
239.663 391.45
239.969 391.95
240.275 392.45
240.275 392.45
240.581 392.95
240.581 392.95
240.887 393.45
240.887 393.45
241.193 393.95
241.499 394.45
241.805 394.95
241.805 394.95
242.111 395.45
242.111 395.45
242.111 395.45
242.418 395.95
242.724 396.45
242.724 396.45
242.724 396.45
242.724 396.45
243.03 396.95
243.03 396.95
243.336 397.45
243.336 397.45
243.336 397.45
243.336 397.45
243.642 397.95
243.642 397.95
243.948 398.45
243.948 398.45
243.948 398.45
244.254 398.95
244.254 398.95
244.56 399.45
244.56 399.45
244.56 399.45
244.867 399.95
245.173 400.45
245.173 400.45
245.479 400.95
245.785 401.45
245.785 401.45
245.785 401.45
246.091 401.95
246.397 402.45
246.703 402.95
246.703 402.95
246.958 403.367
246.964 403.375
246.966 403.379
246.967 403.381
247.009 403.45
247.267 403.871
247.415 404.113
247.419 404.119
247.432 404.14
247.433 404.142
247.435 404.146
247.911 404.923
247.948 404.983
247.953 404.992
247.955 404.994
247.957 404.998
250.656 409.406
250.699 409.477
251.041 410.035
251.303 410.462
251.512 410.804
251.705 411.119
251.726 411.154
251.888 411.419
252.076 411.725
252.289 412.073
252.572 412.535
252.839 412.971
253.106 413.408
253.461 413.988
253.798 414.538
253.856 414.633
253.897 414.7
