0.345238 0.3625
0.583333 0.6125
0.821428 0.8625
1.05952 1.1125
1.29762 1.3625
1.53571 1.6125
1.77381 1.8625
2.0119 2.1125
2.25 2.3625
2.25 2.3625
2.25 2.3625
2.25 2.3625
2.25 2.3625
2.72619 2.8625
3.20238 3.3625
3.20238 3.3625
3.67857 3.8625
3.91666 4.1125
4.15476 4.3625
4.15476 4.3625
4.63095 4.8625
4.63095 4.8625
4.86904 5.1125
5.10714 5.3625
5.10714 5.3625
5.34523 5.6125
5.34523 5.6125
5.58333 5.8625
5.82142 6.1125
5.82142 6.1125
6.05952 6.3625
6.05952 6.3625
6.05952 6.3625
6.53571 6.8625
6.53571 6.8625
7.00672 7.3625
7.00672 7.3625
7.00672 7.3625
7.2411 7.6125
7.47547 7.8625
7.70985 8.1125
7.94422 8.3625
7.94422 8.3625
7.94422 8.3625
8.1786 8.6125
8.1786 8.6125
8.41297 8.8625
8.41297 8.8625
8.64735 9.1125
8.88172 9.3625
8.88172 9.3625
8.88172 9.3625
9.1161 9.6125
9.1161 9.6125
9.35047 9.8625
9.35047 9.8625
9.58485 10.1125
9.81922 10.3625
9.81922 10.3625
9.81922 10.3625
10.288 10.8625
10.7567 11.3625
10.7567 11.3625
10.7567 11.3625
10.9911 11.6125
10.9911 11.6125
11.2255 11.8625
11.2255 11.8625
11.4598 12.1125
11.6942 12.3625
11.6942 12.3625
11.6942 12.3625
11.6942 12.3625
11.9286 12.6125
12.163 12.8625
12.163 12.8625
12.3973 13.1125
12.6317 13.3625
12.6317 13.3625
12.6317 13.3625
12.8661 13.6125
12.8661 13.6125
13.1005 13.8625
13.1005 13.8625
13.3348 14.1125
13.3348 14.1125
13.5692 14.3625
13.5692 14.3625
13.5692 14.3625
14.038 14.8625
14.038 14.8625
14.2723 15.1125
14.5067 15.3625
14.5067 15.3625
14.5067 15.3625
14.9755 15.8625
15.4442 16.3625
15.4442 16.3625
15.4442 16.3625
15.4442 16.3625
15.913 16.8625
15.913 16.8625
16.3817 17.3625
16.3817 17.3625
16.6161 17.6125
16.8505 17.8625
16.8505 17.8625
16.8505 17.8625
17.0848 18.1125
17.3192 18.3625
17.3192 18.3625
17.3192 18.3625
17.3192 18.3625
17.788 18.8625
17.788 18.8625
18.0246 19.1125
18.2627 19.3625
18.2627 19.3625
18.5008 19.6125
18.7389 19.8625
18.977 20.1125
19.2151 20.3625
19.2151 20.3625
19.2151 20.3625
19.2151 20.3625
20.1675 21.3625
20.4056 21.6125
20.6437 21.8625
20.8818 22.1125
21.1199 22.3625
21.1199 22.3625
21.1199 22.3625
21.1199 22.3625
21.5961 22.8625
21.5961 22.8625
22.0699 23.3625
22.0699 23.3625
22.5426 23.8625
23.0153 24.3625
23.0153 24.3625
23.0153 24.3625
23.4881 24.8625
23.4881 24.8625
23.7244 25.1125
23.9608 25.3625
23.9608 25.3625
23.9608 25.3625
23.9608 25.3625
24.1972 25.6125
24.1972 25.6125
24.4335 25.8625
24.4335 25.8625
24.6699 26.1125
24.9063 26.3625
24.9063 26.3625
24.9063 26.3625
24.9063 26.3625
25.379 26.8625
25.379 26.8625
25.8518 27.3625
25.8518 27.3625
26.3245 27.8625
26.7972 28.3625
26.7972 28.3625
27.27 28.8625
27.5063 29.1125
27.7427 29.3625
27.7427 29.3625
27.7427 29.3625
27.9791 29.6125
27.9791 29.6125
28.2155 29.8625
28.2155 29.8625
28.4518 30.1125
28.6882 30.3625
28.6882 30.3625
28.6882 30.3625
29.1609 30.8625
29.1609 30.8625
29.3973 31.1125
29.6337 31.3625
29.6337 31.3625
29.6337 31.3625
30.1064 31.8625
30.3428 32.1125
30.5791 32.3625
30.5791 32.3625
30.5791 32.3625
30.5791 32.3625
31.2883 33.1125
31.5246 33.3625
31.5246 33.3625
31.5246 33.3625
31.5246 33.3625
31.761 33.6125
31.9974 33.8625
31.9974 33.8625
32.2337 34.1125
32.4701 34.3625
32.4701 34.3625
32.4701 34.3625
32.4701 34.3625
32.9428 34.8625
32.9428 34.8625
33.4156 35.3625
33.4156 35.3625
33.8883 35.8625
33.8883 35.8625
34.3611 36.3625
34.3611 36.3625
34.3611 36.3625
34.8338 36.8625
34.8338 36.8625
35.3065 37.3625
35.3065 37.3625
35.3065 37.3625
35.3065 37.3625
35.5429 37.6125
35.7793 37.8625
35.7793 37.8625
35.7793 37.8625
36.252 38.3625
36.252 38.3625
36.252 38.3625
36.252 38.3625
36.252 38.3625
36.7247 38.8625
36.7247 38.8625
36.9611 39.1125
37.1975 39.3625
37.1975 39.3625
37.1975 39.3625
37.6702 39.8625
37.9066 40.1125
38.143 40.3625
38.143 40.3625
38.143 40.3625
38.143 40.3625
38.6157 40.8625
39.0884 41.3625
39.0884 41.3625
39.0884 41.3625
39.0884 41.3625
39.5612 41.8625
39.5612 41.8625
39.7975 42.1125
40.0339 42.3625
40.0339 42.3625
40.0339 42.3625
40.0339 42.3625
40.0339 42.3625
40.5067 42.8625
40.9794 43.3625
40.9794 43.3625
40.9794 43.3625
40.9794 43.3625
40.9794 43.3625
41.4521 43.8625
41.4521 43.8625
41.6885 44.1125
41.9249 44.3625
41.9249 44.3625
41.9249 44.3625
41.9249 44.3625
42.3976 44.8625
42.3976 44.8625
42.8703 45.3625
42.8703 45.3625
43.1067 45.6125
43.3431 45.8625
43.3431 45.8625
43.5795 46.1125
43.8158 46.3625
43.8158 46.3625
43.8158 46.3625
43.8158 46.3625
43.8158 46.3625
44.2886 46.8625
44.2886 46.8625
44.7613 47.3625
44.7613 47.3625
44.7613 47.3625
45.234 47.8625
45.4704 48.1125
45.7068 48.3625
45.7068 48.3625
45.9431 48.6125
46.1795 48.8625
46.6523 49.3625
46.6523 49.3625
46.8886 49.6125
47.125 49.8625
47.125 49.8625
47.3614 50.1125
47.5977 50.3625
47.5977 50.3625
47.5977 50.3625
47.5977 50.3625
47.5977 50.3625
48.0705 50.8625
48.3068 51.1125
48.5432 51.3625
48.5432 51.3625
48.5432 51.3625
48.5432 51.3625
48.7796 51.6125
49.0159 51.8625
49.0159 51.8625
49.2523 52.1125
49.4887 52.3625
49.4887 52.3625
49.4887 52.3625
49.4887 52.3625
49.4887 52.3625
49.9614 52.8625
50.4342 53.3625
50.4342 53.3625
50.4342 53.3625
50.6705 53.6125
50.6705 53.6125
50.6705 53.6125
50.9069 53.8625
50.9069 53.8625
50.9069 53.8625
51.1433 54.1125
51.1433 54.1125
51.3796 54.3625
51.3796 54.3625
51.3796 54.3625
51.3796 54.3625
51.3796 54.3625
51.8524 54.8625
51.8524 54.8625
51.8524 54.8625
52.3251 55.3625
52.3251 55.3625
52.5615 55.6125
52.7979 55.8625
52.7979 55.8625
53.0342 56.1125
53.2706 56.3625
53.2706 56.3625
53.2706 56.3625
53.2706 56.3625
53.7433 56.8625
53.7433 56.8625
53.7433 56.8625
53.9797 57.1125
54.2161 57.3625
54.2161 57.3625
54.2161 57.3625
54.2161 57.3625
54.4524 57.6125
54.4524 57.6125
54.6888 57.8625
54.6888 57.8625
54.9252 58.1125
55.1615 58.3625
55.1615 58.3625
55.1615 58.3625
55.1615 58.3625
55.6343 58.8625
55.6343 58.8625
56.107 59.3625
56.107 59.3625
56.107 59.3625
56.3434 59.6125
56.5798 59.8625
56.5798 59.8625
56.8161 60.1125
57.0525 60.3625
57.0525 60.3625
57.0525 60.3625
57.5252 60.8625
57.5252 60.8625
57.7616 61.1125
57.998 61.3625
57.998 61.3625
57.998 61.3625
57.998 61.3625
58.2343 61.6125
58.2343 61.6125
58.4707 61.8625
58.4707 61.8625
58.7071 62.1125
58.9435 62.3625
58.9435 62.3625
58.9435 62.3625
59.4162 62.8625
59.4162 62.8625
59.6526 63.1125
59.8889 63.3625
59.8889 63.3625
59.8889 63.3625
59.8889 63.3625
60.3617 63.8625
60.3617 63.8625
60.598 64.1125
60.8344 64.3625
60.8344 64.3625
60.8344 64.3625
60.8344 64.3625
60.8344 64.3625
61.0708 64.6125
61.3071 64.8625
61.5435 65.1125
61.7799 65.3625
61.7799 65.3625
61.7799 65.3625
61.7799 65.3625
62.0163 65.6125
62.2526 65.8625
62.2526 65.8625
62.489 66.1125
62.7254 66.3625
62.7254 66.3625
62.7254 66.3625
62.7254 66.3625
63.1981 66.8625
63.1981 66.8625
63.6708 67.3625
63.6708 67.3625
63.6708 67.3625
63.9072 67.6125
64.1436 67.8625
64.1436 67.8625
64.3799 68.1125
64.6163 68.3625
64.6163 68.3625
64.6163 68.3625
65.0891 68.8625
65.5618 69.3625
65.5618 69.3625
65.5618 69.3625
65.7982 69.6125
66.0345 69.8625
66.0345 69.8625
66.5073 70.3625
66.5073 70.3625
66.5073 70.3625
66.5073 70.3625
66.98 70.8625
66.98 70.8625
67.2164 71.1125
67.4527 71.3625
67.4527 71.3625
67.4527 71.3625
67.9255 71.8625
67.9255 71.8625
68.1619 72.1125
68.3982 72.3625
68.3982 72.3625
68.3982 72.3625
68.3982 72.3625
68.3982 72.3625
68.3982 72.3625
68.871 72.8625
69.3437 73.3625
69.3437 73.3625
69.3437 73.3625
69.3437 73.3625
69.8164 73.8625
69.8164 73.8625
70.0528 74.1125
70.2892 74.3625
70.2892 74.3625
70.2892 74.3625
70.2892 74.3625
70.2892 74.3625
70.2892 74.3625
70.2892 74.3625
70.7619 74.8625
71.2347 75.3625
71.2347 75.3625
71.2347 75.3625
71.2347 75.3625
71.2347 75.3625
71.2347 75.3625
71.2347 75.3625
71.7074 75.8625
71.7074 75.8625
71.9438 76.1125
72.1801 76.3625
72.1801 76.3625
72.1801 76.3625
72.1801 76.3625
72.1801 76.3625
72.1801 76.3625
72.6529 76.8625
73.1256 77.3625
73.1256 77.3625
73.362 77.6125
73.5983 77.8625
74.0711 78.3625
74.0711 78.3625
74.0711 78.3625
74.0711 78.3625
74.5438 78.8625
74.5438 78.8625
75.0166 79.3625
75.0166 79.3625
75.0166 79.3625
75.0166 79.3625
75.4893 79.8625
75.4893 79.8625
75.7257 80.1125
75.7257 80.1125
75.962 80.3625
75.962 80.3625
75.962 80.3625
75.962 80.3625
75.962 80.3625
76.1984 80.6125
76.4348 80.8625
76.9075 81.3625
76.9075 81.3625
77.3803 81.8625
77.3803 81.8625
77.3803 81.8625
77.853 82.3625
77.853 82.3625
77.853 82.3625
77.853 82.3625
77.853 82.3625
78.3257 82.8625
78.3257 82.8625
78.7985 83.3625
78.7985 83.3625
78.7985 83.3625
78.7985 83.3625
79.0348 83.6125
79.2712 83.8625
79.2712 83.8625
79.5076 84.1125
79.5076 84.1125
79.744 84.3625
79.744 84.3625
79.744 84.3625
79.744 84.3625
79.744 84.3625
79.9803 84.6125
80.2167 84.8625
80.4531 85.1125
80.6894 85.3625
80.6894 85.3625
80.6894 85.3625
80.6894 85.3625
80.9258 85.6125
80.9258 85.6125
81.1622 85.8625
81.1622 85.8625
81.1622 85.8625
81.3985 86.1125
81.3985 86.1125
81.3985 86.1125
81.3985 86.1125
81.6349 86.3625
81.6349 86.3625
81.6349 86.3625
81.6349 86.3625
81.6349 86.3625
82.1076 86.8625
82.1076 86.8625
82.5804 87.3625
82.5804 87.3625
82.5804 87.3625
82.5804 87.3625
82.5804 87.3625
83.0531 87.8625
83.0531 87.8625
83.2895 88.1125
83.5259 88.3625
83.5259 88.3625
83.5259 88.3625
83.5259 88.3625
83.5259 88.3625
83.9986 88.8625
84.235 89.1125
84.4713 89.3625
84.4713 89.3625
84.4713 89.3625
84.4713 89.3625
84.4713 89.3625
84.7077 89.6125
84.9441 89.8625
84.9441 89.8625
85.1804 90.1125
85.4168 90.3625
85.4168 90.3625
85.4168 90.3625
85.4168 90.3625
85.4168 90.3625
85.8896 90.8625
85.8896 90.8625
86.3623 91.3625
86.3623 91.3625
86.3623 91.3625
86.3623 91.3625
86.835 91.8625
86.835 91.8625
87.0714 92.1125
87.3078 92.3625
87.3078 92.3625
87.3078 92.3625
87.7805 92.8625
87.7805 92.8625
88.0169 93.1125
88.2532 93.3625
88.2532 93.3625
88.2532 93.3625
88.2532 93.3625
88.2532 93.3625
88.2532 93.3625
88.726 93.8625
88.726 93.8625
88.9624 94.1125
88.9624 94.1125
89.1987 94.3625
89.1987 94.3625
89.1987 94.3625
89.1987 94.3625
89.1987 94.3625
89.6715 94.8625
89.6715 94.8625
89.9078 95.1125
90.1442 95.3625
90.1442 95.3625
90.1442 95.3625
90.1442 95.3625
90.6169 95.8625
90.6169 95.8625
90.8533 96.1125
91.0897 96.3625
91.0897 96.3625
91.0897 96.3625
91.0897 96.3625
91.0897 96.3625
91.0897 96.3625
91.326 96.6125
91.5624 96.8625
91.5624 96.8625
91.7988 97.1125
92.0352 97.3625
92.0352 97.3625
92.0352 97.3625
92.5079 97.8625
92.5079 97.8625
92.5079 97.8625
92.7443 98.1125
92.9806 98.3625
92.9806 98.3625
92.9806 98.3625
92.9806 98.3625
92.9806 98.3625
92.9806 98.3625
93.217 98.6125
93.4534 98.8625
93.4534 98.8625
93.4534 98.8625
93.6897 99.1125
93.9261 99.3625
93.9261 99.3625
93.9261 99.3625
93.9261 99.3625
94.1625 99.6125
94.3988 99.8625
94.3988 99.8625
94.3988 99.8625
94.3988 99.8625
94.3988 99.8625
94.6352 100.112
94.8716 100.363
94.8716 100.363
94.8716 100.363
94.8716 100.363
94.8716 100.363
94.8716 100.363
94.8716 100.363
95.3443 100.862
95.3443 100.862
95.3443 100.862
95.3443 100.862
95.5807 101.112
95.8171 101.362
95.8171 101.362
95.8171 101.362
96.0534 101.612
96.2898 101.862
96.2898 101.862
96.5262 102.112
96.5262 102.112
96.7625 102.362
96.7625 102.362
96.7625 102.362
97.2353 102.862
97.2353 102.862
97.2353 102.862
97.2353 102.862
97.708 103.362
97.708 103.362
97.708 103.362
97.708 103.362
97.9444 103.612
97.9444 103.612
98.1808 103.862
98.1808 103.862
98.4171 104.112
98.4171 104.112
98.6535 104.362
98.6535 104.362
98.6535 104.362
98.6535 104.362
98.6535 104.362
98.8899 104.612
98.8899 104.612
99.1262 104.862
99.1262 104.862
99.3626 105.112
99.599 105.362
99.599 105.362
99.599 105.362
99.599 105.362
99.8353 105.612
100.072 105.862
100.544 106.362
100.544 106.362
100.544 106.362
100.544 106.362
101.017 106.862
101.017 106.862
101.017 106.862
101.017 106.862
101.017 106.862
101.017 106.862
101.017 106.862
101.963 107.862
101.963 107.862
101.963 107.862
102.435 108.363
102.435 108.363
102.435 108.363
102.435 108.363
102.435 108.363
102.435 108.363
102.908 108.862
102.908 108.862
103.145 109.112
103.381 109.362
103.381 109.362
103.381 109.362
103.381 109.362
103.854 109.862
103.854 109.862
103.854 109.862
104.09 110.112
104.09 110.112
104.326 110.362
104.326 110.362
104.326 110.362
104.326 110.362
104.326 110.362
104.799 110.862
104.799 110.862
105.272 111.362
105.272 111.362
105.272 111.362
105.272 111.362
105.745 111.862
105.745 111.862
105.745 111.862
106.217 112.362
106.217 112.362
106.217 112.362
106.217 112.362
106.217 112.362
106.217 112.362
106.69 112.862
106.69 112.862
106.926 113.112
107.163 113.363
107.163 113.363
107.163 113.363
107.399 113.612
107.636 113.862
107.636 113.862
107.872 114.112
107.872 114.112
108.098 114.352
108.108 114.362
108.108 114.362
108.108 114.362
108.108 114.362
108.108 114.362
108.425 114.698
108.581 114.862
108.764 115.056
109.03 115.337
109.054 115.362
109.054 115.362
109.054 115.362
109.357 115.683
109.526 115.862
109.71 116.056
109.968 116.329
109.999 116.362
109.999 116.362
109.999 116.362
109.999 116.362
109.999 116.362
110.236 116.612
110.472 116.863
110.945 117.362
110.945 117.362
110.945 117.362
111.181 117.612
111.181 117.612
111.417 117.862
111.417 117.862
111.654 118.112
111.89 118.362
111.89 118.362
111.89 118.362
111.89 118.362
111.89 118.362
112.363 118.862
112.363 118.862
112.599 119.112
112.836 119.362
112.836 119.362
112.836 119.362
112.836 119.362
113.072 119.612
113.308 119.862
113.308 119.862
113.308 119.862
113.308 119.862
113.545 120.112
113.545 120.112
113.781 120.363
113.781 120.363
113.781 120.363
113.781 120.363
113.781 120.363
113.781 120.363
114.254 120.862
114.254 120.862
114.49 121.112
114.49 121.112
114.727 121.362
114.727 121.362
114.727 121.362
114.727 121.362
114.963 121.612
114.963 121.612
115.199 121.862
115.199 121.862
115.199 121.862
115.199 121.862
115.671 122.362
115.671 122.362
115.671 122.362
115.671 122.362
116.141 122.862
116.141 122.862
116.141 122.862
116.141 122.862
116.141 122.862
116.141 122.862
116.141 122.862
117.083 123.862
117.083 123.862
117.083 123.862
117.554 124.362
117.554 124.362
117.554 124.362
117.554 124.362
117.554 124.362
117.554 124.362
118.025 124.862
118.025 124.862
118.26 125.112
118.495 125.362
118.495 125.362
118.495 125.362
118.495 125.362
118.966 125.862
118.966 125.862
119.202 126.112
119.437 126.362
119.437 126.362
119.437 126.362
119.437 126.362
119.437 126.362
119.437 126.362
119.908 126.862
119.908 126.862
120.143 127.112
120.379 127.362
120.379 127.362
120.379 127.362
120.849 127.862
121.085 128.113
121.32 128.363
121.32 128.363
121.32 128.363
121.32 128.363
121.32 128.363
121.32 128.363
121.32 128.363
121.791 128.863
121.791 128.863
122.027 129.113
122.262 129.363
122.262 129.363
122.262 129.363
122.497 129.613
122.733 129.863
122.733 129.863
122.968 130.113
122.968 130.113
123.204 130.363
123.204 130.363
123.204 130.363
123.204 130.363
123.204 130.363
123.204 130.363
123.439 130.613
123.674 130.863
123.674 130.863
124.145 131.363
124.145 131.363
124.145 131.363
124.616 131.863
124.616 131.863
124.616 131.863
124.851 132.113
125.087 132.363
125.087 132.363
125.087 132.363
125.087 132.363
125.087 132.363
125.558 132.863
125.558 132.863
125.793 133.113
126.03 133.363
126.03 133.363
126.03 133.363
126.03 133.363
126.03 133.363
126.266 133.613
126.502 133.863
126.502 133.863
126.975 134.363
126.975 134.363
126.975 134.363
126.975 134.363
126.975 134.363
126.975 134.363
127.448 134.863
127.448 134.863
127.921 135.363
127.921 135.363
127.921 135.363
127.921 135.363
128.393 135.863
128.393 135.863
128.866 136.363
128.866 136.363
128.866 136.363
128.866 136.363
128.866 136.363
128.866 136.363
128.866 136.363
129.339 136.863
129.812 137.363
129.812 137.363
130.284 137.863
130.757 138.363
130.757 138.363
130.757 138.363
130.757 138.363
130.757 138.363
130.993 138.613
131.23 138.862
131.23 138.862
131.466 139.113
131.703 139.363
131.703 139.363
131.703 139.363
131.939 139.613
132.175 139.863
132.175 139.863
132.412 140.113
132.648 140.363
132.648 140.363
132.648 140.363
132.884 140.613
133.121 140.863
133.357 141.113
133.594 141.363
133.594 141.363
133.594 141.363
133.83 141.613
134.047 141.842
134.066 141.863
134.163 141.965
134.279 142.087
134.533 142.356
134.539 142.363
134.539 142.363
134.539 142.363
134.539 142.363
135.012 142.863
135.485 143.363
135.485 143.363
135.957 143.863
136.194 144.113
136.43 144.363
136.43 144.363
136.903 144.863
137.139 145.113
137.375 145.363
137.375 145.363
137.612 145.613
137.848 145.863
137.848 145.863
138.085 146.113
138.085 146.113
138.321 146.363
138.321 146.363
138.321 146.363
138.794 146.863
139.266 147.363
139.266 147.363
139.266 147.363
139.266 147.363
139.503 147.613
139.739 147.863
139.739 147.863
139.976 148.113
140.212 148.363
140.212 148.363
140.212 148.363
140.448 148.613
140.685 148.863
140.921 149.113
141.157 149.363
141.157 149.363
141.157 149.363
141.394 149.613
141.394 149.613
141.63 149.863
141.63 149.863
141.866 150.113
142.103 150.363
142.103 150.363
142.103 150.363
142.576 150.863
142.576 150.863
142.812 151.113
143.048 151.363
143.048 151.363
143.048 151.363
143.048 151.363
143.285 151.613
143.285 151.613
143.521 151.862
143.521 151.862
143.994 152.363
143.994 152.363
143.994 152.363
143.994 152.363
144.23 152.613
144.467 152.863
144.467 152.863
144.703 153.113
144.939 153.363
144.939 153.363
144.939 153.363
145.176 153.613
145.176 153.613
145.412 153.863
145.412 153.863
145.648 154.113
145.648 154.113
145.885 154.363
145.885 154.363
145.885 154.363
146.357 154.863
146.83 155.363
146.83 155.363
146.83 155.363
147.303 155.863
147.303 155.863
147.539 156.113
147.776 156.363
147.776 156.363
147.776 156.363
147.776 156.363
147.776 156.363
148.248 156.863
148.721 157.363
148.721 157.363
148.721 157.363
148.958 157.613
148.958 157.613
149.194 157.863
149.194 157.863
149.43 158.113
149.667 158.363
149.667 158.363
149.667 158.363
149.667 158.363
150.139 158.863
150.376 159.113
150.612 159.363
150.612 159.363
150.612 159.363
150.849 159.613
151.085 159.863
151.085 159.863
151.321 160.113
151.558 160.363
151.558 160.363
151.558 160.363
151.558 160.363
152.503 161.363
152.739 161.613
152.976 161.863
153.212 162.113
153.449 162.363
153.449 162.363
153.449 162.363
153.449 162.363
153.449 162.363
153.921 162.863
153.921 162.863
153.921 162.863
154.394 163.363
154.394 163.363
154.63 163.613
154.867 163.863
154.867 163.863
155.103 164.113
155.34 164.363
155.34 164.363
155.34 164.363
155.34 164.363
155.812 164.863
155.812 164.863
155.812 164.863
156.049 165.113
156.285 165.363
156.285 165.363
156.285 165.363
156.285 165.363
156.521 165.613
156.521 165.613
156.758 165.863
156.758 165.863
156.994 166.113
157.23 166.363
157.23 166.363
157.23 166.363
157.23 166.363
157.703 166.863
157.703 166.863
158.176 167.363
158.176 167.363
158.176 167.363
158.412 167.613
158.649 167.863
158.649 167.863
158.885 168.112
159.121 168.363
159.121 168.363
159.121 168.363
159.594 168.863
159.594 168.863
159.831 169.113
160.067 169.363
160.067 169.363
160.067 169.363
160.067 169.363
160.303 169.613
160.303 169.613
160.54 169.863
160.54 169.863
160.776 170.113
161.012 170.363
161.012 170.363
161.012 170.363
161.485 170.863
161.485 170.863
161.721 171.113
161.958 171.363
161.958 171.363
161.958 171.363
161.958 171.363
162.431 171.863
162.431 171.863
162.667 172.113
162.903 172.363
162.903 172.363
162.903 172.363
162.903 172.363
162.903 172.363
163.14 172.613
163.376 172.863
163.612 173.113
163.849 173.363
163.849 173.363
163.849 173.363
163.849 173.363
164.085 173.613
164.322 173.863
164.322 173.863
164.558 174.113
164.794 174.363
164.794 174.363
164.794 174.363
164.794 174.363
165.267 174.863
165.267 174.863
165.74 175.363
165.74 175.363
165.74 175.363
165.976 175.613
166.213 175.863
166.213 175.863
166.449 176.113
166.685 176.363
166.685 176.363
166.685 176.363
167.158 176.863
167.631 177.363
167.631 177.363
167.631 177.363
167.867 177.612
168.103 177.863
168.103 177.863
168.576 178.363
168.576 178.363
168.576 178.363
168.576 178.363
169.049 178.863
169.049 178.863
169.285 179.113
169.522 179.363
169.522 179.363
169.522 179.363
169.994 179.863
169.994 179.863
170.231 180.113
170.467 180.363
170.467 180.363
170.467 180.363
170.467 180.363
170.467 180.363
170.467 180.363
170.94 180.863
171.413 181.363
171.413 181.363
171.413 181.363
171.413 181.363
171.885 181.863
171.885 181.863
172.122 182.113
172.358 182.363
172.358 182.363
172.358 182.363
172.358 182.363
172.358 182.363
172.358 182.363
172.358 182.363
172.831 182.863
173.304 183.363
173.304 183.363
173.304 183.363
173.304 183.363
173.304 183.363
173.304 183.363
173.304 183.363
173.776 183.863
173.776 183.863
174.013 184.113
174.249 184.363
174.249 184.363
174.249 184.363
174.249 184.363
174.249 184.363
174.249 184.363
174.722 184.863
175.195 185.363
175.195 185.363
175.431 185.613
175.667 185.863
176.14 186.363
176.14 186.363
176.14 186.363
176.14 186.363
176.613 186.863
176.613 186.863
177.085 187.362
177.085 187.362
177.085 187.362
177.085 187.362
177.558 187.863
177.558 187.863
177.795 188.113
177.795 188.113
178.031 188.363
178.031 188.363
178.031 188.363
178.031 188.363
178.031 188.363
178.267 188.613
178.504 188.863
178.976 189.363
178.976 189.363
179.449 189.863
179.449 189.863
179.449 189.863
179.922 190.362
179.922 190.362
179.922 190.362
179.922 190.362
179.922 190.362
180.395 190.863
180.395 190.863
180.867 191.363
180.867 191.363
180.867 191.363
180.867 191.363
181.104 191.613
181.34 191.863
181.34 191.863
181.577 192.113
181.577 192.113
181.813 192.363
181.813 192.363
181.813 192.363
181.813 192.363
181.813 192.363
182.049 192.613
182.286 192.863
182.522 193.113
182.758 193.363
182.758 193.363
182.758 193.363
182.758 193.363
182.995 193.613
182.995 193.613
183.231 193.863
183.231 193.863
183.231 193.863
183.466 194.113
183.466 194.113
183.466 194.113
183.466 194.113
183.701 194.363
183.701 194.363
183.701 194.363
183.701 194.363
183.701 194.363
184.172 194.863
184.172 194.863
184.643 195.363
184.643 195.363
184.643 195.363
184.643 195.363
184.643 195.363
185.113 195.863
185.113 195.863
185.349 196.113
185.584 196.363
185.584 196.363
185.584 196.363
185.584 196.363
185.584 196.363
186.055 196.863
186.29 197.113
186.525 197.363
186.525 197.363
186.525 197.363
186.525 197.363
186.525 197.363
186.761 197.613
186.996 197.863
186.996 197.863
187.231 198.113
187.467 198.363
187.467 198.363
187.467 198.363
187.467 198.363
187.467 198.363
187.937 198.863
187.937 198.863
188.408 199.363
188.408 199.363
188.408 199.363
188.408 199.363
188.879 199.863
188.879 199.863
189.114 200.113
189.35 200.363
189.35 200.363
189.35 200.363
189.823 200.863
189.823 200.863
190.059 201.113
190.295 201.363
190.295 201.363
190.295 201.363
190.295 201.363
190.295 201.363
190.295 201.363
190.767 201.863
190.767 201.863
191.003 202.113
191.003 202.113
191.239 202.363
191.239 202.363
191.239 202.363
191.239 202.363
191.239 202.363
191.711 202.863
191.711 202.863
191.947 203.113
192.183 203.363
192.183 203.363
192.183 203.363
192.183 203.363
192.655 203.863
192.655 203.863
192.891 204.113
193.128 204.363
193.128 204.363
193.128 204.363
193.128 204.363
193.128 204.363
193.128 204.363
193.364 204.613
193.6 204.863
193.6 204.863
193.836 205.113
194.072 205.363
194.072 205.363
194.072 205.363
194.544 205.863
194.544 205.863
194.544 205.863
194.78 206.113
195.016 206.363
195.016 206.363
195.016 206.363
195.016 206.363
195.016 206.363
195.016 206.363
195.252 206.613
195.488 206.863
195.488 206.863
195.488 206.863
195.724 207.113
195.96 207.363
195.96 207.363
195.96 207.363
195.96 207.363
196.196 207.613
196.433 207.863
196.433 207.863
196.433 207.863
196.433 207.863
196.433 207.863
196.669 208.113
196.905 208.363
196.905 208.363
196.905 208.363
196.905 208.363
196.905 208.363
196.905 208.363
196.905 208.363
197.377 208.863
197.377 208.863
197.377 208.863
197.377 208.863
197.613 209.113
197.849 209.363
197.849 209.363
197.849 209.363
198.085 209.613
198.321 209.863
198.321 209.863
198.557 210.113
198.557 210.113
198.793 210.363
198.793 210.363
198.793 210.363
199.265 210.863
199.265 210.863
199.265 210.863
199.265 210.863
199.738 211.363
199.738 211.363
199.738 211.363
199.738 211.363
199.974 211.613
199.974 211.613
200.21 211.863
200.21 211.863
200.446 212.113
200.446 212.113
200.682 212.363
200.682 212.363
200.682 212.363
200.682 212.363
200.682 212.363
200.918 212.613
200.918 212.613
201.154 212.863
201.154 212.863
201.39 213.113
201.626 213.363
201.626 213.363
201.626 213.363
201.626 213.363
201.862 213.613
202.098 213.863
202.57 214.363
202.57 214.363
202.57 214.363
202.57 214.363
203.043 214.863
203.043 214.863
203.043 214.863
203.043 214.863
203.043 214.863
203.043 214.863
203.043 214.863
203.987 215.863
203.987 215.863
203.987 215.863
204.459 216.363
204.459 216.363
204.459 216.363
204.459 216.363
204.459 216.363
204.459 216.363
204.931 216.863
204.931 216.863
205.167 217.113
205.403 217.363
205.403 217.363
205.403 217.363
205.403 217.363
205.875 217.863
205.875 217.863
205.875 217.863
206.112 218.113
206.112 218.113
206.348 218.363
206.348 218.363
206.348 218.363
206.348 218.363
206.348 218.363
206.82 218.863
206.82 218.863
207.292 219.363
207.292 219.363
207.292 219.363
207.292 219.363
207.764 219.863
207.764 219.863
207.764 219.863
208.236 220.363
208.236 220.363
208.236 220.363
208.236 220.363
208.236 220.363
208.236 220.363
208.708 220.863
208.708 220.863
208.944 221.113
209.18 221.363
209.18 221.363
209.18 221.363
209.417 221.613
209.653 221.863
209.653 221.863
209.889 222.113
209.889 222.113
210.115 222.352
210.125 222.363
210.125 222.363
210.125 222.363
210.125 222.363
210.125 222.363
210.442 222.698
210.597 222.863
210.78 223.056
211.046 223.338
211.07 223.363
211.07 223.363
211.07 223.363
211.373 223.683
211.542 223.863
211.725 224.056
211.983 224.329
212.014 224.363
212.014 224.363
212.014 224.363
212.014 224.363
212.014 224.363
212.25 224.613
212.487 224.863
212.959 225.363
212.959 225.363
212.959 225.363
213.195 225.613
213.195 225.613
213.431 225.863
213.431 225.863
213.667 226.113
213.903 226.363
213.903 226.363
213.903 226.363
213.903 226.363
213.903 226.363
214.376 226.863
214.376 226.863
214.612 227.113
214.848 227.363
214.848 227.363
214.848 227.363
214.848 227.363
215.084 227.613
215.32 227.863
215.32 227.863
215.32 227.863
215.32 227.863
215.556 228.113
215.556 228.113
215.793 228.363
215.793 228.363
215.793 228.363
215.793 228.363
215.793 228.363
215.793 228.363
216.265 228.863
216.265 228.863
216.501 229.113
216.501 229.113
216.737 229.363
216.737 229.363
216.737 229.363
216.737 229.363
216.973 229.613
216.973 229.613
217.209 229.863
217.209 229.863
217.209 229.863
217.209 229.863
217.682 230.363
217.682 230.363
217.682 230.363
217.682 230.363
218.154 230.863
218.154 230.863
218.154 230.863
218.154 230.863
218.154 230.863
218.154 230.863
218.154 230.863
219.099 231.863
219.099 231.863
219.099 231.863
219.571 232.363
219.571 232.363
219.571 232.363
219.571 232.363
219.571 232.363
219.571 232.363
220.043 232.863
220.043 232.863
220.279 233.113
220.515 233.363
220.515 233.363
220.515 233.363
220.515 233.363
220.988 233.863
220.988 233.863
221.224 234.113
221.46 234.363
221.46 234.363
221.46 234.363
221.46 234.363
221.46 234.363
221.46 234.363
221.932 234.863
221.932 234.863
222.168 235.113
222.405 235.363
222.405 235.363
222.405 235.363
222.877 235.863
223.113 236.113
223.349 236.363
223.349 236.363
223.349 236.363
223.349 236.363
223.349 236.363
223.349 236.363
223.349 236.363
223.822 236.863
223.822 236.863
224.058 237.113
224.294 237.363
224.294 237.363
224.294 237.363
224.53 237.613
224.766 237.863
224.766 237.863
225.002 238.113
225.002 238.113
225.238 238.363
225.238 238.363
225.238 238.363
225.238 238.363
225.238 238.363
225.238 238.363
225.475 238.613
225.711 238.863
225.711 238.863
226.183 239.363
226.183 239.363
226.183 239.363
226.655 239.862
226.655 239.862
226.655 239.862
226.891 240.113
227.128 240.363
227.128 240.363
227.128 240.363
227.128 240.363
227.128 240.363
227.6 240.863
227.6 240.863
227.836 241.113
228.072 241.363
228.072 241.363
228.072 241.363
228.072 241.363
228.072 241.363
228.308 241.613
228.544 241.863
228.544 241.863
229.017 242.363
229.017 242.363
229.017 242.363
229.017 242.363
229.017 242.363
229.017 242.363
229.489 242.863
229.489 242.863
229.961 243.363
229.961 243.363
229.961 243.363
229.961 243.363
230.434 243.863
230.434 243.863
230.906 244.363
230.906 244.363
230.906 244.363
230.906 244.363
230.906 244.363
230.906 244.363
230.906 244.363
231.378 244.863
231.85 245.363
231.85 245.363
232.323 245.863
232.795 246.363
232.795 246.363
232.795 246.363
232.795 246.363
233.267 246.863
233.74 247.363
233.74 247.363
234.212 247.863
234.684 248.363
234.684 248.363
234.684 248.363
234.92 248.613
235.157 248.863
235.393 249.113
235.629 249.363
235.629 249.363
235.629 249.363
235.865 249.613
236.101 249.863
236.101 249.863
236.337 250.113
236.573 250.363
236.573 250.363
236.573 250.363
236.573 250.363
236.573 250.363
237.046 250.863
237.518 251.363
237.518 251.363
237.99 251.863
238.226 252.113
238.449 252.348
238.463 252.363
238.463 252.363
238.935 252.863
239.171 253.113
239.407 253.363
239.407 253.363
239.643 253.613
239.879 253.863
240.116 254.113
240.352 254.363
240.352 254.363
240.798 254.835
240.824 254.863
241.044 255.096
241.296 255.363
241.296 255.363
241.296 255.363
241.546 255.627
241.769 255.863
241.78 255.875
242.015 256.123
242.241 256.363
242.241 256.363
242.477 256.613
242.713 256.863
242.949 257.113
243.185 257.363
243.185 257.363
243.422 257.613
243.658 257.863
244.13 258.363
244.13 258.363
244.602 258.863
244.626 258.887
244.858 259.133
245.075 259.363
245.075 259.363
245.075 259.363
245.311 259.613
245.329 259.631
245.547 259.863
245.574 259.892
245.789 260.119
246.019 260.363
246.019 260.363
246.019 260.363
246.035 260.379
246.492 260.863
246.493 260.865
246.964 261.363
246.964 261.363
247.2 261.613
247.436 261.863
247.672 262.113
247.908 262.363
247.908 262.363
247.92 262.375
248.192 262.663
248.381 262.863
248.853 263.363
248.853 263.363
248.853 263.363
249.142 263.669
249.325 263.863
249.674 264.231
249.798 264.363
249.798 264.363
249.798 264.363
249.798 264.363
250.156 264.742
250.27 264.863
250.358 264.956
250.742 265.363
250.742 265.363
250.978 265.613
251.214 265.863
251.214 265.863
251.665 266.34
251.687 266.363
251.687 266.363
251.687 266.363
251.687 266.363
252.159 266.863
252.623 267.354
252.631 267.363
252.631 267.363
252.978 267.729
253.104 267.863
253.332 268.104
253.34 268.113
253.576 268.363
253.576 268.363
253.588 268.375
254.048 268.863
254.284 269.113
254.306 269.135
254.52 269.363
254.52 269.363
254.757 269.613
254.993 269.863
255.229 270.113
255.465 270.363
255.465 270.363
255.937 270.863
256.41 271.363
256.41 271.363
256.41 271.363
256.882 271.863
257.354 272.363
257.354 272.363
257.59 272.613
257.827 272.863
258.063 273.113
258.299 273.363
258.299 273.363
258.535 273.613
258.771 273.863
259.243 274.363
259.243 274.363
259.716 274.863
260.188 275.363
260.188 275.363
260.188 275.363
260.424 275.613
260.66 275.863
261.133 276.363
261.133 276.363
261.133 276.363
261.605 276.863
262.077 277.363
262.077 277.363
262.313 277.613
262.549 277.863
262.786 278.113
263.022 278.363
263.022 278.363
263.494 278.863
263.966 279.363
263.966 279.363
263.966 279.363
264.439 279.863
264.911 280.363
264.911 280.363
264.911 280.363
264.911 280.363
265.383 280.863
265.856 281.363
265.856 281.363
266.092 281.613
266.328 281.863
266.328 281.863
266.8 282.363
266.8 282.363
266.8 282.363
267.272 282.863
267.745 283.363
267.745 283.363
267.981 283.613
268.217 283.862
268.453 284.113
268.689 284.363
268.689 284.363
268.689 284.363
268.689 284.363
270.386 286.158
270.569 286.352
270.58 286.365
270.679 286.469
270.759 286.554
270.805 286.602
