0.369792 0.44375
0.434028 0.520833
0.489583 0.5875
0.557291 0.66875
0.564236 0.677083
0.567708 0.68125
2.69965 3.23958
2.69965 3.23958
2.69965 3.23958
2.69965 3.23958
2.69965 3.23958
3.11632 3.73958
3.11632 3.73958
3.11632 3.73958
3.11632 3.73958
3.11632 3.73958
3.53298 4.23958
3.53298 4.23958
3.53298 4.23958
3.53298 4.23958
3.53298 4.23958
3.94965 4.73958
3.94965 4.73958
3.94965 4.73958
3.94965 4.73958
4.36632 5.23958
4.78298 5.73958
4.78298 5.73958
4.78298 5.73958
4.99132 5.98958
5.19965 6.23958
5.40798 6.48958
5.40798 6.48958
5.61632 6.73958
5.61632 6.73958
5.61632 6.73958
6.03298 7.23958
6.44965 7.73958
6.44965 7.73958
6.44965 7.73958
6.86632 8.23958
7.07465 8.48958
7.28298 8.73958
7.28298 8.73958
7.28298 8.73958
7.28298 8.73958
7.28298 8.73958
7.69965 9.23958
8.11632 9.73958
8.11632 9.73958
8.11632 9.73958
8.32465 9.98958
8.53298 10.2396
8.74132 10.4896
8.74132 10.4896
8.94965 10.7396
8.94965 10.7396
8.94965 10.7396
9.36632 11.2396
9.78298 11.7396
9.78298 11.7396
9.99132 11.9896
10.1996 12.2396
10.1996 12.2396
10.408 12.4896
10.408 12.4896
10.6163 12.7396
10.6163 12.7396
10.6163 12.7396
11.033 13.2396
11.4496 13.7396
11.4496 13.7396
11.8663 14.2396
12.283 14.7396
12.283 14.7396
12.283 14.7396
12.6996 15.2396
12.6996 15.2396
13.1163 15.7396
13.1163 15.7396
13.1163 15.7396
13.1163 15.7396
13.3246 15.9896
13.533 16.2396
13.533 16.2396
13.9496 16.7396
13.9496 16.7396
13.9496 16.7396
13.9496 16.7396
14.3663 17.2396
14.783 17.7396
14.783 17.7396
15.1996 18.2396
15.408 18.4896
15.408 18.4896
15.6163 18.7396
15.6163 18.7396
15.6163 18.7396
16.033 19.2396
16.033 19.2396
16.4496 19.7396
16.4496 19.7396
16.4496 19.7396
16.4496 19.7396
16.8663 20.2396
16.8663 20.2396
17.283 20.7396
17.283 20.7396
17.283 20.7396
17.283 20.7396
17.6996 21.2396
18.1163 21.7396
18.533 22.2396
18.9496 22.7396
18.9496 22.7396
18.9496 22.7396
18.9496 22.7396
19.783 23.7396
19.783 23.7396
19.783 23.7396
19.783 23.7396
20.1996 24.2396
20.6163 24.7396
20.6163 24.7396
20.6163 24.7396
20.6163 24.7396
21.4496 25.7396
21.4496 25.7396
21.4496 25.7396
21.4496 25.7396
22.283 26.7396
22.283 26.7396
22.283 26.7396
22.283 26.7396
22.6996 27.2396
22.908 27.4896
23.1163 27.7396
23.1163 27.7396
23.533 28.2396
23.533 28.2396
23.9496 28.7396
23.9496 28.7396
24.3663 29.2396
24.5746 29.4896
24.783 29.7396
24.783 29.7396
24.783 29.7396
24.9913 29.9896
25.1996 30.2396
25.6163 30.7396
25.6163 30.7396
25.6163 30.7396
25.6163 30.7396
25.8246 30.9896
26.033 31.2396
26.033 31.2396
26.2413 31.4896
26.4496 31.7396
26.4496 31.7396
26.8663 32.2396
26.8663 32.2396
27.283 32.7396
27.283 32.7396
27.283 32.7396
27.283 32.7396
27.6996 33.2396
28.1163 33.7396
28.1163 33.7396
28.1163 33.7396
28.9496 34.7396
28.9496 34.7396
28.9496 34.7396
28.9496 34.7396
29.158 34.9896
29.3663 35.2396
29.3663 35.2396
29.5746 35.4896
29.783 35.7396
29.783 35.7396
30.1996 36.2396
30.1996 36.2396
30.6163 36.7396
30.6163 36.7396
30.6163 36.7396
30.6163 36.7396
31.033 37.2396
31.4496 37.7396
31.4496 37.7396
32.283 38.7396
32.283 38.7396
32.283 38.7396
32.283 38.7396
32.4913 38.9896
32.6996 39.2396
32.6996 39.2396
32.908 39.4896
33.1163 39.7396
33.1163 39.7396
33.533 40.2396
33.9496 40.7396
33.9496 40.7396
33.9496 40.7396
33.9496 40.7396
34.3663 41.2396
34.783 41.7396
35.1996 42.2396
35.6163 42.7396
35.6163 42.7396
35.6163 42.7396
35.6163 42.7396
35.8246 42.9896
36.033 43.2396
36.033 43.2396
36.2413 43.4896
36.4496 43.7396
36.4496 43.7396
36.8663 44.2396
37.0746 44.4896
37.283 44.7396
37.283 44.7396
37.283 44.7396
37.6996 45.2396
37.6996 45.2396
37.6996 45.2396
37.908 45.4896
38.1163 45.7396
38.1163 45.7396
38.1163 45.7396
38.1163 45.7396
38.3246 45.9896
38.533 46.2396
38.9496 46.7396
38.9496 46.7396
38.9496 46.7396
38.9496 46.7396
38.9496 46.7396
39.158 46.9896
39.3663 47.2396
39.3663 47.2396
39.5746 47.4896
39.783 47.7396
39.783 47.7396
40.1996 48.2396
40.408 48.4896
40.6163 48.7396
40.6163 48.7396
40.6163 48.7396
41.033 49.2396
41.4496 49.7396
41.8663 50.2396
42.283 50.7396
42.283 50.7396
42.283 50.7396
42.4913 50.9896
42.6996 51.2396
42.6996 51.2396
42.908 51.4896
43.1163 51.7396
43.1163 51.7396
43.1163 51.7396
43.533 52.2396
43.9496 52.7396
43.9496 52.7396
43.9496 52.7396
43.9496 52.7396
44.3663 53.2396
44.783 53.7396
45.1996 54.2396
45.6163 54.7396
45.6163 54.7396
45.6163 54.7396
46.033 55.2396
46.033 55.2396
46.2413 55.4896
46.4496 55.7396
46.4496 55.7396
46.4496 55.7396
46.8663 56.2396
47.283 56.7396
47.283 56.7396
47.283 56.7396
47.283 56.7396
47.6996 57.2396
48.1163 57.7396
48.3246 57.9896
48.533 58.2396
48.9496 58.7396
48.9496 58.7396
48.9496 58.7396
48.9496 58.7396
48.9496 58.7396
49.158 58.9896
49.3663 59.2396
49.3663 59.2396
49.5746 59.4896
49.783 59.7396
49.783 59.7396
49.783 59.7396
50.1996 60.2396
50.1996 60.2396
50.6163 60.7396
50.6163 60.7396
50.6163 60.7396
50.6163 60.7396
50.6163 60.7396
51.033 61.2396
51.033 61.2396
51.033 61.2396
51.4496 61.7396
51.4496 61.7396
51.4496 61.7396
51.8663 62.2396
51.8663 62.2396
51.8663 62.2396
52.283 62.7396
52.283 62.7396
52.283 62.7396
52.283 62.7396
52.7011 63.2396
52.7011 63.2396
52.9109 63.4896
53.1207 63.7396
53.1207 63.7396
53.1207 63.7396
53.1207 63.7396
53.5403 64.2396
53.5403 64.2396
53.5403 64.2396
53.9599 64.7396
53.9599 64.7396
53.9599 64.7396
53.9599 64.7396
53.9599 64.7396
53.9599 64.7396
54.3779 65.2396
54.3779 65.2396
54.7946 65.7396
54.7946 65.7396
54.7946 65.7396
55.2113 66.2396
55.2113 66.2396
55.4196 66.4896
55.6279 66.7396
55.6279 66.7396
55.6279 66.7396
55.6279 66.7396
55.6279 66.7396
56.0446 67.2396
56.0446 67.2396
56.0446 67.2396
56.4613 67.7396
56.4613 67.7396
56.4613 67.7396
56.6696 67.9896
56.8779 68.2396
56.8779 68.2396
56.8779 68.2396
57.2946 68.7396
57.2946 68.7396
57.2946 68.7396
57.2946 68.7396
57.2946 68.7396
57.7113 69.2396
58.1279 69.7396
58.3363 69.9896
58.5446 70.2396
58.5446 70.2396
58.7529 70.4896
58.9613 70.7396
58.9613 70.7396
58.9613 70.7396
58.9613 70.7396
59.3779 71.2396
59.7946 71.7396
59.7946 71.7396
60.2113 72.2396
60.2113 72.2396
60.2113 72.2396
60.4196 72.4896
60.4196 72.4896
60.6279 72.7396
60.6279 72.7396
60.6279 72.7396
60.6279 72.7396
60.6279 72.7396
61.0446 73.2396
61.0446 73.2396
61.4613 73.7396
61.4613 73.7396
61.6696 73.9896
61.8779 74.2396
61.8779 74.2396
62.0863 74.4896
62.0863 74.4896
62.2946 74.7396
62.2946 74.7396
62.2946 74.7396
62.2946 74.7396
62.2946 74.7396
62.2946 74.7396
62.7113 75.2396
62.7113 75.2396
62.7113 75.2396
63.1279 75.7396
63.1279 75.7396
63.1279 75.7396
63.1279 75.7396
63.1279 75.7396
63.5446 76.2396
63.5446 76.2396
63.5446 76.2396
63.7529 76.4896
63.9613 76.7396
63.9613 76.7396
63.9613 76.7396
63.9613 76.7396
64.3779 77.2396
64.7946 77.7396
64.7946 77.7396
65.0029 77.9896
65.2113 78.2396
65.2113 78.2396
65.4196 78.4896
65.4196 78.4896
65.6279 78.7396
65.6279 78.7396
66.0446 79.2396
66.4613 79.7396
66.4613 79.7396
66.4613 79.7396
66.8779 80.2396
66.8779 80.2396
67.0863 80.4896
67.2946 80.7396
67.2946 80.7396
67.2946 80.7396
67.2946 80.7396
67.2946 80.7396
67.2946 80.7396
67.7113 81.2396
67.7113 81.2396
67.7113 81.2396
68.1279 81.7396
68.1279 81.7396
68.1279 81.7396
68.5446 82.2396
68.5446 82.2396
68.7529 82.4896
68.7529 82.4896
68.9613 82.7396
68.9613 82.7396
68.9613 82.7396
68.9613 82.7396
69.3779 83.2396
69.3779 83.2396
69.5863 83.4896
69.7946 83.7396
69.7946 83.7396
69.7946 83.7396
70.0029 83.9896
70.2113 84.2396
70.2113 84.2396
70.6279 84.7396
70.6279 84.7396
70.6279 84.7396
70.6279 84.7396
70.6279 84.7396
70.6279 84.7396
71.0446 85.2396
71.0446 85.2396
71.4613 85.7396
71.4613 85.7396
71.4613 85.7396
71.8779 86.2396
71.8779 86.2396
72.0863 86.4896
72.0863 86.4896
72.2946 86.7396
72.2946 86.7396
72.2946 86.7396
72.2946 86.7396
72.7113 87.2396
72.7113 87.2396
72.9196 87.4896
73.1279 87.7396
73.1279 87.7396
73.1279 87.7396
73.5446 88.2396
73.5446 88.2396
73.5446 88.2396
73.7529 88.4896
73.9613 88.7396
73.9613 88.7396
73.9613 88.7396
73.9613 88.7396
73.9613 88.7396
73.9613 88.7396
74.3779 89.2396
74.3779 89.2396
74.7946 89.7396
74.7946 89.7396
74.7946 89.7396
75.0029 89.9896
75.2113 90.2396
75.2113 90.2396
75.4196 90.4896
75.4196 90.4896
75.6279 90.7396
75.6279 90.7396
75.6279 90.7396
75.6279 90.7396
75.8363 90.9896
76.0446 91.2396
76.0446 91.2396
76.2529 91.4896
76.4613 91.7396
76.4613 91.7396
76.4613 91.7396
76.4613 91.7396
76.4613 91.7396
76.6696 91.9896
76.8779 92.2396
76.8779 92.2396
76.8779 92.2396
77.2946 92.7396
77.2946 92.7396
77.2946 92.7396
77.2946 92.7396
77.2946 92.7396
77.7113 93.2396
77.7113 93.2396
77.7113 93.2396
77.7113 93.2396
77.9196 93.4896
78.1279 93.7396
78.1279 93.7396
78.1279 93.7396
78.1279 93.7396
78.3363 93.9896
78.5446 94.2396
78.5446 94.2396
78.5446 94.2396
78.7529 94.4896
78.9613 94.7396
78.9613 94.7396
78.9613 94.7396
78.9613 94.7396
78.9613 94.7396
79.3779 95.2396
79.3779 95.2396
79.3779 95.2396
79.7946 95.7396
79.7946 95.7396
79.7946 95.7396
79.7946 95.7396
80.2113 96.2396
80.6279 96.7396
80.6279 96.7396
80.6279 96.7396
80.6279 96.7396
80.6279 96.7396
81.0446 97.2396
81.0446 97.2396
81.0446 97.2396
81.4613 97.7396
81.4613 97.7396
81.4613 97.7396
81.4613 97.7396
81.8779 98.2396
81.8779 98.2396
81.8779 98.2396
81.8779 98.2396
82.0863 98.4896
82.2946 98.7396
82.2946 98.7396
82.2946 98.7396
82.2946 98.7396
82.2946 98.7396
82.7113 99.2396
82.7113 99.2396
82.7113 99.2396
83.1279 99.7396
83.1279 99.7396
83.1279 99.7396
83.5446 100.24
83.5446 100.24
83.5446 100.24
83.5446 100.24
83.9613 100.74
83.9613 100.74
83.9613 100.74
83.9613 100.74
83.9613 100.74
83.9613 100.74
84.3779 101.24
84.3779 101.24
84.3779 101.24
84.3779 101.24
84.7946 101.74
84.7946 101.74
84.7946 101.74
84.7946 101.74
85.0029 101.99
85.2113 102.24
85.2113 102.24
85.2113 102.24
85.2113 102.24
85.2113 102.24
85.6279 102.74
85.6279 102.74
85.6279 102.74
85.6279 102.74
85.6279 102.74
85.6279 102.74
86.0446 103.24
86.0446 103.24
86.0446 103.24
86.0446 103.24
86.4613 103.74
86.4613 103.74
86.4613 103.74
86.4613 103.74
86.8779 104.24
86.8779 104.24
87.2946 104.74
87.2946 104.74
87.2946 104.74
87.2946 104.74
87.2946 104.74
87.7113 105.24
88.1279 105.74
88.1279 105.74
88.1279 105.74
88.1279 105.74
88.5446 106.24
88.9613 106.74
88.9613 106.74
88.9613 106.74
88.9613 106.74
88.9613 106.74
88.9613 106.74
89.3779 107.24
89.3779 107.24
89.7946 107.74
89.7946 107.74
89.7946 107.74
89.7946 107.74
89.7946 107.74
89.7946 107.74
90.0029 107.99
90.2113 108.24
90.6279 108.74
90.6279 108.74
90.6279 108.74
90.6279 108.74
90.6279 108.74
90.6279 108.74
90.6279 108.74
91.0446 109.24
91.0446 109.24
91.4613 109.74
91.4613 109.74
91.4613 109.74
91.4613 109.74
91.4613 109.74
91.6696 109.99
92.2946 110.74
92.2946 110.74
92.2946 110.74
92.2946 110.74
92.2946 110.74
92.2946 110.74
92.7113 111.24
93.1279 111.74
93.1279 111.74
93.1279 111.74
93.5446 112.24
93.9613 112.74
93.9613 112.74
93.9613 112.74
93.9613 112.74
93.9613 112.74
94.3779 113.24
94.3779 113.24
94.5863 113.49
94.7946 113.74
94.7946 113.74
94.7946 113.74
94.7946 113.74
94.7946 113.74
95.0029 113.99
95.2113 114.24
95.2113 114.24
95.2113 114.24
95.4196 114.49
95.6279 114.74
95.6279 114.74
95.6279 114.74
95.6279 114.74
96.0446 115.24
96.4613 115.74
96.4613 115.74
96.6696 115.99
96.6696 115.99
96.8779 116.24
96.8779 116.24
97.0863 116.49
97.0863 116.49
97.2946 116.74
97.2946 116.74
97.2946 116.74
97.2946 116.74
97.7113 117.24
97.7113 117.24
98.1279 117.74
98.1279 117.74
98.1279 117.74
98.1279 117.74
98.5446 118.24
98.5446 118.24
98.7529 118.49
98.9613 118.74
98.9613 118.74
98.9613 118.74
98.9613 118.74
99.3779 119.24
99.7946 119.74
99.7946 119.74
100.003 119.99
100.003 119.99
100.211 120.24
100.211 120.24
100.42 120.49
100.42 120.49
100.42 120.49
100.628 120.74
100.628 120.74
100.628 120.74
100.628 120.74
101.045 121.24
101.045 121.24
101.461 121.74
101.461 121.74
101.461 121.74
101.461 121.74
101.878 122.24
101.878 122.24
102.086 122.49
102.295 122.74
102.295 122.74
102.295 122.74
102.295 122.74
102.295 122.74
102.711 123.24
103.128 123.74
103.336 123.99
103.336 123.99
103.545 124.24
103.545 124.24
103.753 124.49
103.753 124.49
103.961 124.74
103.961 124.74
103.961 124.74
103.961 124.74
103.961 124.74
104.378 125.24
104.378 125.24
104.795 125.74
104.795 125.74
104.795 125.74
104.795 125.74
105.211 126.24
105.211 126.24
105.628 126.74
105.628 126.74
105.628 126.74
105.628 126.74
105.628 126.74
106.045 127.24
106.253 127.49
106.461 127.74
106.67 127.99
106.878 128.24
106.878 128.24
107.086 128.49
107.295 128.74
107.295 128.74
107.295 128.74
107.295 128.74
107.295 128.74
107.711 129.24
107.711 129.24
108.128 129.74
108.128 129.74
108.128 129.74
108.128 129.74
108.545 130.24
108.753 130.49
108.961 130.74
108.961 130.74
108.961 130.74
109.378 131.24
109.586 131.49
109.795 131.74
109.795 131.74
110.211 132.24
110.628 132.74
110.628 132.74
110.628 132.74
111.461 133.74
111.461 133.74
111.461 133.74
111.461 133.74
111.67 133.99
111.878 134.24
112.086 134.49
112.295 134.74
112.295 134.74
112.295 134.74
112.295 134.74
112.295 134.74
112.295 134.74
112.503 134.99
112.711 135.24
112.711 135.24
112.92 135.49
113.128 135.74
113.128 135.74
113.545 136.24
113.545 136.24
113.961 136.74
113.961 136.74
113.961 136.74
113.961 136.74
114.378 137.24
114.795 137.74
114.795 137.74
114.795 137.74
115.628 138.74
115.628 138.74
115.628 138.74
115.628 138.74
115.836 138.99
116.045 139.24
116.045 139.24
116.253 139.49
116.461 139.74
116.461 139.74
116.878 140.24
116.878 140.24
117.295 140.74
117.295 140.74
117.295 140.74
117.295 140.74
117.711 141.24
118.128 141.74
118.128 141.74
118.961 142.74
118.961 142.74
118.961 142.74
118.961 142.74
119.17 142.99
119.378 143.24
119.378 143.24
119.586 143.49
119.795 143.74
119.795 143.74
120.211 144.24
120.628 144.74
120.628 144.74
120.628 144.74
120.628 144.74
121.045 145.24
121.461 145.74
121.878 146.24
122.295 146.74
122.295 146.74
122.295 146.74
122.295 146.74
122.503 146.99
122.711 147.24
122.711 147.24
122.92 147.49
123.128 147.74
123.128 147.74
123.545 148.24
123.753 148.49
123.961 148.74
123.961 148.74
123.961 148.74
124.378 149.24
124.378 149.24
124.795 149.74
124.795 149.74
124.795 149.74
125.211 150.24
125.628 150.74
125.628 150.74
125.628 150.74
125.628 150.74
125.836 150.99
126.045 151.24
126.045 151.24
126.045 151.24
126.253 151.49
126.253 151.49
126.461 151.74
126.461 151.74
126.461 151.74
126.67 151.99
126.878 152.24
127.086 152.49
127.295 152.74
127.295 152.74
127.295 152.74
127.295 152.74
127.711 153.24
128.128 153.74
128.128 153.74
128.545 154.24
128.545 154.24
128.961 154.74
128.961 154.74
128.961 154.74
128.961 154.74
129.17 154.99
129.378 155.24
129.378 155.24
129.586 155.49
129.795 155.74
129.795 155.74
129.795 155.74
130.211 156.24
130.628 156.74
130.628 156.74
130.628 156.74
130.628 156.74
130.628 156.74
131.045 157.24
131.461 157.74
131.461 157.74
131.878 158.24
131.878 158.24
132.295 158.74
132.295 158.74
132.295 158.74
132.295 158.74
132.711 159.24
132.711 159.24
132.92 159.49
133.128 159.74
133.128 159.74
133.128 159.74
133.545 160.24
133.961 160.74
133.961 160.74
133.961 160.74
133.961 160.74
133.961 160.74
134.378 161.24
134.378 161.24
134.795 161.74
134.795 161.74
135.003 161.99
135.211 162.24
135.211 162.24
135.42 162.49
135.628 162.74
135.628 162.74
135.628 162.74
135.628 162.74
135.628 162.74
135.628 162.74
135.836 162.99
136.045 163.24
136.045 163.24
136.253 163.49
136.461 163.74
136.461 163.74
136.461 163.74
136.878 164.24
136.878 164.24
137.295 164.74
137.295 164.74
137.295 164.74
137.295 164.74
137.295 164.74
137.711 165.24
137.711 165.24
138.128 165.74
138.128 165.74
138.128 165.74
138.545 166.24
138.545 166.24
138.545 166.24
138.961 166.74
138.961 166.74
138.961 166.74
138.961 166.74
139.38 167.24
139.38 167.24
139.591 167.49
139.801 167.74
139.801 167.74
139.801 167.74
139.801 167.74
140.222 168.24
140.222 168.24
140.222 168.24
140.643 168.74
140.643 168.74
140.643 168.74
140.643 168.74
140.643 168.74
140.643 168.74
141.062 169.24
141.062 169.24
141.479 169.74
141.479 169.74
141.479 169.74
141.896 170.24
141.896 170.24
142.104 170.49
142.312 170.74
142.312 170.74
142.312 170.74
142.312 170.74
142.312 170.74
142.729 171.24
142.729 171.24
142.729 171.24
143.146 171.74
143.146 171.74
143.146 171.74
143.354 171.99
143.562 172.24
143.562 172.24
143.562 172.24
143.979 172.74
143.979 172.74
143.979 172.74
143.979 172.74
143.979 172.74
144.396 173.24
144.812 173.74
145.021 173.99
145.229 174.24
145.229 174.24
145.437 174.49
145.646 174.74
145.646 174.74
145.646 174.74
145.646 174.74
146.062 175.24
146.479 175.74
146.479 175.74
146.896 176.24
146.896 176.24
146.896 176.24
147.104 176.49
147.104 176.49
147.312 176.74
147.312 176.74
147.312 176.74
147.312 176.74
147.312 176.74
147.729 177.24
147.729 177.24
148.146 177.74
148.146 177.74
148.354 177.99
148.562 178.24
148.562 178.24
148.771 178.49
148.771 178.49
148.979 178.74
148.979 178.74
148.979 178.74
148.979 178.74
148.979 178.74
148.979 178.74
149.396 179.24
149.396 179.24
149.396 179.24
149.812 179.74
149.812 179.74
149.812 179.74
149.812 179.74
149.812 179.74
150.229 180.24
150.229 180.24
150.229 180.24
150.437 180.49
150.646 180.74
150.646 180.74
150.646 180.74
150.646 180.74
151.062 181.24
151.479 181.74
151.479 181.74
151.687 181.99
151.896 182.24
151.896 182.24
152.104 182.49
152.104 182.49
152.312 182.74
152.312 182.74
152.729 183.24
153.146 183.74
153.146 183.74
153.146 183.74
153.562 184.24
153.562 184.24
153.771 184.49
153.979 184.74
153.979 184.74
153.979 184.74
153.979 184.74
153.979 184.74
153.979 184.74
154.396 185.24
154.396 185.24
154.396 185.24
154.812 185.74
154.812 185.74
154.812 185.74
155.229 186.24
155.229 186.24
155.437 186.49
155.437 186.49
155.646 186.74
155.646 186.74
155.646 186.74
155.646 186.74
156.062 187.24
156.062 187.24
156.271 187.49
156.479 187.74
156.479 187.74
156.479 187.74
156.687 187.99
156.896 188.24
156.896 188.24
157.312 188.74
157.312 188.74
157.312 188.74
157.312 188.74
157.312 188.74
157.312 188.74
157.729 189.24
157.729 189.24
158.146 189.74
158.146 189.74
158.146 189.74
158.562 190.24
158.562 190.24
158.771 190.49
158.771 190.49
158.979 190.74
158.979 190.74
158.979 190.74
158.979 190.74
159.396 191.24
159.396 191.24
159.604 191.49
159.812 191.74
159.812 191.74
159.812 191.74
160.229 192.24
160.229 192.24
160.229 192.24
160.437 192.49
160.646 192.74
160.646 192.74
160.646 192.74
160.646 192.74
160.646 192.74
160.646 192.74
161.062 193.24
161.062 193.24
161.479 193.74
161.479 193.74
161.479 193.74
161.687 193.99
161.896 194.24
161.896 194.24
162.104 194.49
162.104 194.49
162.312 194.74
162.312 194.74
162.312 194.74
162.312 194.74
162.521 194.99
162.729 195.24
162.729 195.24
162.937 195.49
163.146 195.74
163.146 195.74
163.146 195.74
163.146 195.74
163.146 195.74
163.354 195.99
163.562 196.24
163.562 196.24
163.562 196.24
163.979 196.74
163.979 196.74
163.979 196.74
163.979 196.74
163.979 196.74
164.396 197.24
164.396 197.24
164.396 197.24
164.396 197.24
164.604 197.49
164.812 197.74
164.812 197.74
164.812 197.74
164.812 197.74
165.021 197.99
165.229 198.24
165.229 198.24
165.229 198.24
165.437 198.49
165.646 198.74
165.646 198.74
165.646 198.74
165.646 198.74
165.646 198.74
166.062 199.24
166.062 199.24
166.062 199.24
166.479 199.74
166.479 199.74
166.479 199.74
166.479 199.74
166.896 200.24
167.312 200.74
167.312 200.74
167.312 200.74
167.312 200.74
167.312 200.74
167.729 201.24
167.729 201.24
167.729 201.24
168.146 201.74
168.146 201.74
168.146 201.74
168.146 201.74
168.562 202.24
168.562 202.24
168.562 202.24
168.562 202.24
168.771 202.49
168.979 202.74
168.979 202.74
168.979 202.74
168.979 202.74
168.979 202.74
169.396 203.24
169.396 203.24
169.396 203.24
169.812 203.74
169.812 203.74
169.812 203.74
170.229 204.24
170.229 204.24
170.229 204.24
170.229 204.24
170.646 204.74
170.646 204.74
170.646 204.74
170.646 204.74
170.646 204.74
170.646 204.74
171.062 205.24
171.062 205.24
171.062 205.24
171.062 205.24
171.479 205.74
171.479 205.74
171.479 205.74
171.479 205.74
171.687 205.99
171.896 206.24
171.896 206.24
171.896 206.24
171.896 206.24
171.896 206.24
172.312 206.74
172.312 206.74
172.312 206.74
172.312 206.74
172.312 206.74
172.312 206.74
172.729 207.24
172.729 207.24
172.729 207.24
172.729 207.24
173.146 207.74
173.146 207.74
173.146 207.74
173.146 207.74
173.562 208.24
173.562 208.24
173.979 208.74
173.979 208.74
173.979 208.74
173.979 208.74
173.979 208.74
174.396 209.24
174.812 209.74
174.812 209.74
174.812 209.74
174.812 209.74
175.229 210.24
175.646 210.74
175.646 210.74
175.646 210.74
175.646 210.74
175.646 210.74
175.646 210.74
176.062 211.24
176.062 211.24
176.479 211.74
176.479 211.74
176.479 211.74
176.479 211.74
176.479 211.74
176.479 211.74
176.687 211.99
176.896 212.24
177.312 212.74
177.312 212.74
177.312 212.74
177.312 212.74
177.312 212.74
177.312 212.74
177.312 212.74
177.729 213.24
177.729 213.24
178.146 213.74
178.146 213.74
178.146 213.74
178.146 213.74
178.146 213.74
178.354 213.99
178.979 214.74
178.979 214.74
178.979 214.74
178.979 214.74
178.979 214.74
178.979 214.74
179.396 215.24
179.812 215.74
179.812 215.74
179.812 215.74
180.229 216.24
180.646 216.74
180.646 216.74
180.646 216.74
180.646 216.74
180.646 216.74
181.062 217.24
181.271 217.49
181.479 217.74
181.479 217.74
181.479 217.74
181.479 217.74
181.479 217.74
181.687 217.99
181.687 217.99
181.896 218.24
181.896 218.24
181.896 218.24
182.104 218.49
182.104 218.49
182.312 218.74
182.312 218.74
182.312 218.74
182.312 218.74
182.729 219.24
182.729 219.24
182.729 219.24
183.146 219.74
183.146 219.74
183.146 219.74
183.562 220.24
183.562 220.24
183.771 220.49
183.979 220.74
183.979 220.74
183.979 220.74
184.396 221.24
184.396 221.24
184.604 221.49
184.604 221.49
184.812 221.74
184.812 221.74
184.812 221.74
184.812 221.74
184.812 221.74
185.021 221.99
185.229 222.24
185.229 222.24
185.437 222.49
185.646 222.74
185.646 222.74
185.646 222.74
186.062 223.24
186.062 223.24
186.062 223.24
186.062 223.24
186.479 223.74
186.479 223.74
186.479 223.74
186.479 223.74
186.479 223.74
186.896 224.24
186.896 224.24
186.896 224.24
186.896 224.24
186.896 224.24
187.314 224.74
187.314 224.74
187.314 224.74
187.314 224.74
187.314 224.74
187.732 225.24
187.732 225.24
187.732 225.24
187.732 225.24
188.151 225.74
188.151 225.74
188.151 225.74
188.151 225.74
188.151 225.74
188.151 225.74
188.572 226.24
188.572 226.24
188.572 226.24
188.572 226.24
188.572 226.24
188.998 226.74
188.998 226.74
188.998 226.74
188.998 226.74
188.998 226.74
188.998 226.74
189.419 227.24
189.419 227.24
189.836 227.74
189.836 227.74
189.836 227.74
190.252 228.24
190.252 228.24
190.461 228.49
190.669 228.74
190.669 228.74
190.669 228.74
190.669 228.74
190.669 228.74
191.086 229.24
191.086 229.24
191.086 229.24
191.502 229.74
191.502 229.74
191.502 229.74
191.711 229.99
191.919 230.24
191.919 230.24
191.919 230.24
192.336 230.74
192.336 230.74
192.336 230.74
192.336 230.74
192.336 230.74
192.752 231.24
193.169 231.74
193.377 231.99
193.586 232.24
193.586 232.24
193.794 232.49
194.002 232.74
194.002 232.74
194.002 232.74
194.002 232.74
194.419 233.24
194.836 233.74
194.836 233.74
195.252 234.24
195.252 234.24
195.252 234.24
195.461 234.49
195.461 234.49
195.669 234.74
195.669 234.74
195.669 234.74
195.669 234.74
195.669 234.74
196.086 235.24
196.086 235.24
196.502 235.74
196.502 235.74
196.711 235.99
196.919 236.24
196.919 236.24
197.127 236.49
197.127 236.49
197.336 236.74
197.336 236.74
197.336 236.74
197.336 236.74
197.336 236.74
197.336 236.74
197.752 237.24
197.752 237.24
197.752 237.24
198.169 237.74
198.169 237.74
198.169 237.74
198.169 237.74
198.169 237.74
198.586 238.24
198.586 238.24
198.586 238.24
198.794 238.49
199.002 238.74
199.002 238.74
199.002 238.74
199.002 238.74
199.419 239.24
199.836 239.74
199.836 239.74
200.044 239.99
200.252 240.24
200.252 240.24
200.461 240.49
200.461 240.49
200.669 240.74
200.669 240.74
201.086 241.24
201.502 241.74
201.502 241.74
201.502 241.74
201.919 242.24
201.919 242.24
202.127 242.49
202.336 242.74
202.336 242.74
202.336 242.74
202.336 242.74
202.336 242.74
202.336 242.74
202.752 243.24
202.752 243.24
202.752 243.24
203.169 243.74
203.169 243.74
203.169 243.74
203.586 244.24
203.586 244.24
203.794 244.49
203.794 244.49
204.002 244.74
204.002 244.74
204.002 244.74
204.002 244.74
204.419 245.24
204.419 245.24
204.627 245.49
204.836 245.74
204.836 245.74
204.836 245.74
205.044 245.99
205.252 246.24
205.252 246.24
205.669 246.74
205.669 246.74
205.669 246.74
205.669 246.74
205.669 246.74
205.669 246.74
206.086 247.24
206.086 247.24
206.502 247.74
206.502 247.74
206.502 247.74
206.919 248.24
206.919 248.24
207.127 248.49
207.127 248.49
207.336 248.74
207.336 248.74
207.336 248.74
207.336 248.74
207.752 249.24
207.752 249.24
207.961 249.49
208.169 249.74
208.169 249.74
208.169 249.74
208.586 250.24
208.586 250.24
208.586 250.24
208.794 250.49
209.002 250.74
209.002 250.74
209.002 250.74
209.002 250.74
209.002 250.74
209.002 250.74
209.419 251.24
209.419 251.24
209.836 251.74
209.836 251.74
209.836 251.74
210.044 251.99
210.252 252.24
210.252 252.24
210.461 252.49
210.461 252.49
210.669 252.74
210.669 252.74
210.669 252.74
210.669 252.74
210.877 252.99
211.086 253.24
211.086 253.24
211.294 253.49
211.502 253.74
211.502 253.74
211.502 253.74
211.502 253.74
211.502 253.74
211.711 253.99
211.919 254.24
211.919 254.24
211.919 254.24
212.336 254.74
212.336 254.74
212.336 254.74
212.336 254.74
212.336 254.74
212.752 255.24
212.752 255.24
212.752 255.24
212.752 255.24
212.961 255.49
213.169 255.74
213.169 255.74
213.169 255.74
213.169 255.74
213.377 255.99
213.586 256.24
213.586 256.24
213.586 256.24
213.794 256.49
214.002 256.74
214.002 256.74
214.002 256.74
214.002 256.74
214.002 256.74
214.419 257.24
214.419 257.24
214.419 257.24
214.836 257.74
214.836 257.74
214.836 257.74
214.836 257.74
215.252 258.24
215.669 258.74
215.669 258.74
215.669 258.74
215.669 258.74
215.669 258.74
216.086 259.24
216.086 259.24
216.086 259.24
216.502 259.74
216.502 259.74
216.502 259.74
216.502 259.74
216.919 260.24
216.919 260.24
216.919 260.24
216.919 260.24
217.127 260.49
217.336 260.74
217.336 260.74
217.336 260.74
217.336 260.74
217.336 260.74
217.752 261.24
217.752 261.24
217.752 261.24
218.169 261.74
218.169 261.74
218.169 261.74
218.586 262.24
218.586 262.24
218.586 262.24
218.586 262.24
219.002 262.74
219.002 262.74
219.002 262.74
219.002 262.74
219.002 262.74
219.002 262.74
219.419 263.24
219.419 263.24
219.419 263.24
219.419 263.24
219.836 263.74
219.836 263.74
219.836 263.74
219.836 263.74
220.044 263.99
220.252 264.24
220.252 264.24
220.252 264.24
220.252 264.24
220.252 264.24
220.669 264.74
220.669 264.74
220.669 264.74
220.669 264.74
220.669 264.74
220.669 264.74
221.086 265.24
221.086 265.24
221.086 265.24
221.086 265.24
221.502 265.74
221.502 265.74
221.502 265.74
221.502 265.74
221.919 266.24
221.919 266.24
222.336 266.74
222.336 266.74
222.336 266.74
222.336 266.74
222.336 266.74
222.752 267.24
223.169 267.74
223.169 267.74
223.169 267.74
223.169 267.74
223.586 268.24
224.002 268.74
224.002 268.74
224.002 268.74
224.002 268.74
224.002 268.74
224.002 268.74
224.419 269.24
224.419 269.24
224.836 269.74
224.836 269.74
224.836 269.74
224.836 269.74
224.836 269.74
224.836 269.74
225.044 269.99
225.252 270.24
225.669 270.74
225.669 270.74
225.669 270.74
225.669 270.74
225.669 270.74
225.669 270.74
225.669 270.74
226.086 271.24
226.086 271.24
226.502 271.74
226.502 271.74
226.502 271.74
226.502 271.74
226.502 271.74
226.711 271.99
227.336 272.74
227.336 272.74
227.336 272.74
227.336 272.74
227.336 272.74
227.336 272.74
227.752 273.24
228.169 273.74
228.169 273.74
228.169 273.74
228.586 274.24
229.002 274.74
229.002 274.74
229.002 274.74
229.002 274.74
229.002 274.74
229.419 275.24
229.419 275.24
229.627 275.49
229.836 275.74
229.836 275.74
229.836 275.74
229.836 275.74
229.836 275.74
230.044 275.99
230.252 276.24
230.252 276.24
230.252 276.24
230.461 276.49
230.669 276.74
230.669 276.74
230.669 276.74
230.669 276.74
231.086 277.24
231.086 277.24
231.086 277.24
231.502 277.74
231.502 277.74
231.502 277.74
231.502 277.74
231.919 278.24
231.919 278.24
231.919 278.24
231.919 278.24
232.336 278.74
232.336 278.74
232.336 278.74
232.336 278.74
232.336 278.74
232.752 279.24
232.752 279.24
232.752 279.24
232.752 279.24
233.169 279.74
233.169 279.74
233.169 279.74
233.169 279.74
233.586 280.24
233.586 280.24
233.586 280.24
233.586 280.24
233.952 280.679
233.973 280.704
233.983 280.717
233.99 280.725
234.002 280.74
234.391 281.206
234.824 281.725
234.829 281.731
234.831 281.733
234.836 281.74
235.65 282.717
235.686 282.76
235.74 282.825
235.746 282.831
235.787 282.881
235.876 282.988
237.022 284.363
237.068 284.419
237.074 284.425
237.133 284.496
237.174 284.546
237.202 284.579
237.223 284.604
238.891 286.606
238.893 286.608
238.9 286.617
238.999 286.735
239.233 287.017
239.301 287.098
239.433 287.256
239.589 287.444
239.777 287.669
239.791 287.685
239.964 287.894
240.183 288.156
240.433 288.456
240.655 288.723
240.957 289.085
241.265 289.454
241.871 290.181
241.945 290.271
