3.44336 3.67292
3.44336 3.67292
3.91211 4.17292
4.38086 4.67292
4.38086 4.67292
4.38086 4.67292
4.84961 5.17292
4.84961 5.17292
5.31836 5.67292
5.31836 5.67292
5.78711 6.17292
5.78711 6.17292
6.25586 6.67292
6.25586 6.67292
6.72461 7.17292
6.72461 7.17292
7.19336 7.67292
7.19336 7.67292
7.66211 8.17292
7.66211 8.17292
8.13086 8.67292
8.13086 8.67292
8.59961 9.17292
8.59961 9.17292
8.59961 9.17292
9.06836 9.67292
9.06836 9.67292
9.06836 9.67292
9.53711 10.1729
9.53711 10.1729
10.0059 10.6729
10.0059 10.6729
10.0059 10.6729
10.2402 10.9229
10.4746 11.1729
10.4746 11.1729
10.4746 11.1729
10.9434 11.6729
10.9434 11.6729
10.9434 11.6729
10.9434 11.6729
11.4121 12.1729
11.8809 12.6729
11.8809 12.6729
11.8809 12.6729
12.3496 13.1729
12.3496 13.1729
12.8184 13.6729
12.8184 13.6729
12.8184 13.6729
13.2871 14.1729
13.7559 14.6729
13.7559 14.6729
14.2246 15.1729
14.2246 15.1729
14.6934 15.6729
14.6934 15.6729
14.6934 15.6729
14.6934 15.6729
15.1621 16.1729
15.6309 16.6729
15.6309 16.6729
15.6309 16.6729
16.0996 17.1729
16.0996 17.1729
16.5684 17.6729
16.5684 17.6729
16.5684 17.6729
16.5684 17.6729
17.0371 18.1729
17.5059 18.6729
17.5059 18.6729
17.5059 18.6729
17.9746 19.1729
18.4434 19.6729
18.4434 19.6729
18.4434 19.6729
18.4434 19.6729
18.9121 20.1729
19.3809 20.6729
19.3809 20.6729
19.8484 21.1729
20.3135 21.6729
20.3135 21.6729
20.3135 21.6729
20.7786 22.1729
21.2437 22.6729
21.2437 22.6729
22.174 23.6729
22.174 23.6729
22.174 23.6729
22.174 23.6729
22.174 23.6729
22.4065 23.9229
22.6405 24.1729
22.6405 24.1729
22.8748 24.4229
23.1092 24.6729
23.1092 24.6729
23.578 25.1729
23.578 25.1729
23.8123 25.4229
24.0467 25.6729
24.0467 25.6729
24.0467 25.6729
24.9842 26.6729
24.9842 26.6729
24.9842 26.6729
25.453 27.1729
25.6873 27.4229
25.9217 27.6729
25.9217 27.6729
25.9217 27.6729
25.9217 27.6729
25.9217 27.6729
26.1561 27.9229
26.3905 28.1729
26.3905 28.1729
26.6248 28.4229
26.8592 28.6729
26.8592 28.6729
26.8592 28.6729
26.8592 28.6729
26.8592 28.6729
27.0936 28.9229
27.328 29.1729
27.7967 29.6729
27.7967 29.6729
27.7967 29.6729
27.7967 29.6729
27.7967 29.6729
28.2655 30.1729
28.7342 30.6729
28.7342 30.6729
29.203 31.1729
29.203 31.1729
29.6717 31.6729
29.6717 31.6729
29.6717 31.6729
29.6717 31.6729
29.9061 31.9229
30.1405 32.1729
30.1405 32.1729
30.3748 32.4229
30.6092 32.6729
30.6092 32.6729
30.6092 32.6729
30.8436 32.9229
31.5467 33.6729
31.5467 33.6729
31.5467 33.6729
31.5467 33.6729
32.0155 34.1729
32.2498 34.4229
32.4842 34.6729
32.4842 34.6729
32.4842 34.6729
32.7186 34.9229
33.4217 35.6729
33.4217 35.6729
33.4217 35.6729
33.4217 35.6729
33.4217 35.6729
33.8905 36.1729
34.1248 36.4229
34.3592 36.6729
34.3592 36.6729
34.3592 36.6729
34.3592 36.6729
34.828 37.1729
34.828 37.1729
35.2967 37.6729
35.2967 37.6729
35.2967 37.6729
35.2967 37.6729
35.7655 38.1729
36.2342 38.6729
36.703 39.1729
37.1717 39.6729
37.1717 39.6729
37.1717 39.6729
37.1717 39.6729
37.1717 39.6729
37.6405 40.1729
37.6405 40.1729
38.1092 40.6729
38.1092 40.6729
38.1092 40.6729
38.578 41.1729
38.8123 41.4229
39.0467 41.6729
39.0467 41.6729
39.0467 41.6729
39.5145 42.1729
39.5145 42.1729
39.5145 42.1729
39.9796 42.6729
39.9796 42.6729
39.9796 42.6729
39.9796 42.6729
40.2121 42.9229
40.4447 43.1729
40.4447 43.1729
40.4447 43.1729
40.6773 43.4229
40.9098 43.6729
40.9098 43.6729
40.9098 43.6729
40.9098 43.6729
40.9098 43.6729
40.9195 43.6833
41.3749 44.1729
41.84 44.6729
41.84 44.6729
41.84 44.6729
42.3052 45.1729
42.7703 45.6729
42.7703 45.6729
42.7703 45.6729
42.7703 45.6729
42.7703 45.6729
42.7703 45.6729
43.7005 46.6729
43.7005 46.6729
43.7005 46.6729
43.7005 46.6729
44.1656 47.1729
44.6307 47.6729
44.6307 47.6729
44.6307 47.6729
44.6307 47.6729
44.6307 47.6729
45.0959 48.1729
45.0959 48.1729
45.561 48.6729
45.561 48.6729
45.561 48.6729
46.0261 49.1729
46.2586 49.4229
46.4912 49.6729
46.4912 49.6729
46.4912 49.6729
46.4912 49.6729
46.9563 50.1729
46.9563 50.1729
47.1889 50.4229
47.4214 50.6729
47.4214 50.6729
47.4214 50.6729
47.4214 50.6729
47.8865 51.1729
47.8865 51.1729
47.8865 51.1729
48.3517 51.6729
48.3517 51.6729
48.3517 51.6729
48.3517 51.6729
48.3517 51.6729
48.3517 51.6729
48.8168 52.1729
49.2819 52.6729
49.2819 52.6729
49.747 53.1729
50.2121 53.6729
50.2121 53.6729
50.2121 53.6729
50.2121 53.6729
50.2121 53.6729
50.6772 54.1729
50.6772 54.1729
50.9098 54.4229
51.1424 54.6729
51.1424 54.6729
51.1424 54.6729
51.6075 55.1729
51.6075 55.1729
51.6075 55.1729
52.0726 55.6729
52.0726 55.6729
52.0726 55.6729
52.0726 55.6729
52.0726 55.6729
52.0726 55.6729
52.3052 55.9229
52.5396 56.1729
52.5396 56.1729
52.5396 56.1729
53.0083 56.6729
53.0083 56.6729
53.0083 56.6729
53.0083 56.6729
53.2427 56.9229
53.4771 57.1729
53.4771 57.1729
53.4771 57.1729
53.7114 57.4229
53.9458 57.6729
53.9458 57.6729
53.9458 57.6729
53.9458 57.6729
53.9458 57.6729
54.4146 58.1729
54.4146 58.1729
54.4146 58.1729
54.6489 58.4229
54.6489 58.4229
54.8833 58.6729
54.8833 58.6729
55.1177 58.9229
55.3521 59.1729
55.3521 59.1729
55.3521 59.1729
55.5864 59.4229
55.8208 59.6729
55.8208 59.6729
55.8208 59.6729
55.8208 59.6729
55.8208 59.6729
56.2896 60.1729
56.2896 60.1729
56.7583 60.6729
56.7583 60.6729
56.7583 60.6729
56.9927 60.9229
57.2271 61.1729
57.2271 61.1729
57.4614 61.4229
57.4614 61.4229
57.6958 61.6729
57.6958 61.6729
57.9302 61.9229
58.1646 62.1729
58.1646 62.1729
58.3989 62.4229
58.3989 62.4229
58.6333 62.6729
58.6333 62.6729
58.8677 62.9229
58.8677 62.9229
58.8677 62.9229
59.1021 63.1729
59.1021 63.1729
59.3364 63.4229
59.3364 63.4229
59.3364 63.4229
59.5708 63.6729
59.5708 63.6729
59.5708 63.6729
59.5708 63.6729
59.5708 63.6729
60.0396 64.1729
60.0396 64.1729
60.2739 64.4229
60.5083 64.6729
60.5083 64.6729
60.5083 64.6729
60.7427 64.9229
60.7427 64.9229
60.9771 65.1729
60.9771 65.1729
61.2114 65.4229
61.4458 65.6729
61.4458 65.6729
61.4458 65.6729
61.4458 65.6729
61.4458 65.6729
61.9146 66.1729
61.9146 66.1729
62.1489 66.4229
62.1489 66.4229
62.3833 66.6729
62.3833 66.6729
62.3833 66.6729
62.6177 66.9229
62.6177 66.9229
62.8521 67.1729
63.3208 67.6729
63.3208 67.6729
63.3208 67.6729
63.3208 67.6729
63.3208 67.6729
63.7896 68.1729
63.7896 68.1729
64.0239 68.4229
64.2583 68.6729
64.2583 68.6729
64.2583 68.6729
64.2583 68.6729
64.4927 68.9229
64.7271 69.1729
64.7271 69.1729
64.7271 69.1729
64.7271 69.1729
64.9614 69.4229
65.1958 69.6729
65.1958 69.6729
65.1958 69.6729
65.1958 69.6729
65.6646 70.1729
66.1333 70.6729
66.1333 70.6729
66.1333 70.6729
66.1333 70.6729
66.3677 70.9229
66.3677 70.9229
66.6021 71.1729
66.6021 71.1729
66.8364 71.4229
66.8364 71.4229
67.0708 71.6729
67.0708 71.6729
67.0708 71.6729
67.0708 71.6729
67.0708 71.6729
67.0708 71.6729
67.3052 71.9229
67.5396 72.1729
67.5396 72.1729
68.0083 72.6729
68.0083 72.6729
68.0083 72.6729
68.2427 72.9229
68.4771 73.1729
68.4771 73.1729
68.4771 73.1729
68.7114 73.4229
68.9458 73.6729
68.9458 73.6729
68.9458 73.6729
68.9458 73.6729
68.9458 73.6729
69.4146 74.1729
69.4146 74.1729
69.4146 74.1729
69.4146 74.1729
69.6489 74.4229
69.6489 74.4229
69.8833 74.6729
69.8833 74.6729
69.8833 74.6729
69.8833 74.6729
70.1177 74.9229
70.3521 75.1729
70.3521 75.1729
70.3521 75.1729
70.3521 75.1729
70.5864 75.4229
70.8208 75.6729
70.8208 75.6729
70.8208 75.6729
70.8208 75.6729
70.8208 75.6729
70.8208 75.6729
71.2896 76.1729
71.2896 76.1729
71.2896 76.1729
71.7583 76.6729
71.7583 76.6729
71.7583 76.6729
71.7583 76.6729
71.9927 76.9229
72.2271 77.1729
72.2271 77.1729
72.4614 77.4229
72.4614 77.4229
72.6958 77.6729
72.6958 77.6729
72.6958 77.6729
72.9302 77.9229
73.1646 78.1729
73.1646 78.1729
73.3989 78.4229
73.3989 78.4229
73.6333 78.6729
73.6333 78.6729
73.8677 78.9229
73.8677 78.9229
73.8677 78.9229
74.1021 79.1729
74.1021 79.1729
74.3364 79.4229
74.3364 79.4229
74.3364 79.4229
74.5708 79.6729
74.5708 79.6729
74.5708 79.6729
74.5708 79.6729
74.5708 79.6729
75.0396 80.1729
75.0396 80.1729
75.2739 80.4229
75.5083 80.6729
75.5083 80.6729
75.5083 80.6729
75.5083 80.6729
75.7427 80.9229
75.7427 80.9229
75.9771 81.1729
76.4458 81.6729
76.4458 81.6729
76.4458 81.6729
76.4458 81.6729
76.4458 81.6729
76.9146 82.1729
76.9146 82.1729
76.9146 82.1729
77.1489 82.4229
77.1489 82.4229
77.3833 82.6729
77.3833 82.6729
77.3833 82.6729
77.3833 82.6729
77.3833 82.6729
77.6177 82.9229
77.8521 83.1729
77.8521 83.1729
77.8521 83.1729
78.3208 83.6729
78.3208 83.6729
78.3208 83.6729
78.3208 83.6729
78.3208 83.6729
78.3208 83.6729
78.5552 83.9229
78.5552 83.9229
78.7896 84.1729
78.7896 84.1729
79.0239 84.4229
79.0239 84.4229
79.2583 84.6729
79.2583 84.6729
79.2583 84.6729
79.4927 84.9229
79.7271 85.1729
79.7271 85.1729
79.9614 85.4229
80.1958 85.6729
80.1958 85.6729
80.1958 85.6729
80.1958 85.6729
80.1958 85.6729
80.1958 85.6729
80.6646 86.1729
81.1333 86.6729
81.1333 86.6729
81.3677 86.9229
81.6021 87.1729
81.8364 87.4229
82.0708 87.6729
82.0708 87.6729
82.0708 87.6729
82.0708 87.6729
82.0708 87.6729
82.5396 88.1729
83.0083 88.6729
83.0083 88.6729
83.0083 88.6729
83.2427 88.9229
83.2427 88.9229
83.4771 89.1729
83.4771 89.1729
83.7114 89.4229
83.7114 89.4229
83.9458 89.6729
83.9458 89.6729
83.9458 89.6729
83.9458 89.6729
84.4146 90.1729
84.6489 90.4229
84.8833 90.6729
84.8833 90.6729
85.1177 90.9229
85.3521 91.1729
85.3521 91.1729
85.5864 91.4229
85.8208 91.6729
85.8208 91.6729
85.8208 91.6729
85.8208 91.6729
86.2896 92.1729
86.7583 92.6729
86.7583 92.6729
86.7583 92.6729
86.9927 92.9229
87.2271 93.1729
87.2271 93.1729
87.4614 93.4229
87.6958 93.6729
87.6958 93.6729
87.6958 93.6729
87.6958 93.6729
88.1646 94.1729
88.3989 94.4229
88.6333 94.6729
88.6333 94.6729
88.8677 94.9229
88.8677 94.9229
89.1021 95.1729
89.1021 95.1729
89.3364 95.4229
89.5708 95.6729
89.5708 95.6729
89.5708 95.6729
89.5708 95.6729
89.8052 95.9229
90.0396 96.1729
90.2739 96.4229
90.2739 96.4229
90.5083 96.6729
90.5083 96.6729
90.7427 96.9229
90.7427 96.9229
90.9771 97.1729
90.9771 97.1729
90.9771 97.1729
91.2114 97.4229
91.2114 97.4229
91.4458 97.6729
91.4458 97.6729
91.4458 97.6729
91.4458 97.6729
91.9146 98.1729
92.3833 98.6729
92.3833 98.6729
92.3833 98.6729
92.6177 98.9229
92.6177 98.9229
92.8521 99.1729
92.8521 99.1729
92.8521 99.1729
93.0864 99.4229
93.3208 99.6729
93.3208 99.6729
93.3208 99.6729
93.3208 99.6729
93.3208 99.6729
93.7896 100.173
94.2583 100.673
94.2583 100.673
94.4361 100.862
94.4927 100.923
94.7271 101.173
94.9614 101.423
95.1958 101.673
95.1958 101.673
95.1958 101.673
95.6646 102.173
96.1333 102.673
96.1333 102.673
96.1333 102.673
96.6021 103.173
97.0708 103.673
97.0708 103.673
97.0708 103.673
97.0708 103.673
97.0708 103.673
97.3052 103.923
97.5396 104.173
97.5396 104.173
97.7739 104.423
98.0083 104.673
98.0083 104.673
98.4771 105.173
98.4771 105.173
98.7114 105.423
98.9458 105.673
98.9458 105.673
98.9458 105.673
99.8833 106.673
99.8833 106.673
99.8833 106.673
100.352 107.173
100.586 107.423
100.821 107.673
100.821 107.673
100.821 107.673
100.821 107.673
100.821 107.673
101.055 107.923
101.29 108.173
101.29 108.173
101.524 108.423
101.758 108.673
101.758 108.673
101.758 108.673
101.758 108.673
101.758 108.673
101.993 108.923
102.227 109.173
102.696 109.673
102.696 109.673
102.696 109.673
102.696 109.673
102.696 109.673
103.165 110.173
103.633 110.673
103.633 110.673
104.102 111.173
104.102 111.173
104.571 111.673
104.571 111.673
104.571 111.673
104.571 111.673
104.805 111.923
105.04 112.173
105.04 112.173
105.274 112.423
105.508 112.673
105.508 112.673
105.508 112.673
105.743 112.923
106.446 113.673
106.446 113.673
106.446 113.673
106.446 113.673
106.915 114.173
107.149 114.423
107.383 114.673
107.383 114.673
107.383 114.673
107.618 114.923
108.321 115.673
108.321 115.673
108.321 115.673
108.321 115.673
108.321 115.673
108.79 116.173
109.024 116.423
109.258 116.673
109.258 116.673
109.258 116.673
109.258 116.673
109.727 117.173
109.727 117.173
110.196 117.673
110.196 117.673
110.196 117.673
110.196 117.673
110.665 118.173
111.133 118.673
111.602 119.173
112.071 119.673
112.071 119.673
112.071 119.673
112.071 119.673
112.071 119.673
112.54 120.173
112.54 120.173
113.008 120.673
113.008 120.673
113.008 120.673
113.477 121.173
113.711 121.423
113.946 121.673
113.946 121.673
113.946 121.673
114.415 122.173
114.415 122.173
114.415 122.173
114.883 122.673
114.883 122.673
114.883 122.673
114.883 122.673
115.118 122.923
115.352 123.173
115.352 123.173
115.352 123.173
115.586 123.423
115.821 123.673
115.821 123.673
115.821 123.673
115.821 123.673
115.821 123.673
115.834 123.688
116.29 124.173
116.758 124.673
116.758 124.673
116.758 124.673
117.227 125.173
117.696 125.673
117.696 125.673
117.696 125.673
117.696 125.673
117.696 125.673
117.696 125.673
118.633 126.673
118.633 126.673
118.633 126.673
118.633 126.673
119.102 127.173
119.571 127.673
119.571 127.673
119.571 127.673
119.571 127.673
119.571 127.673
120.04 128.173
120.04 128.173
120.508 128.673
120.508 128.673
120.508 128.673
120.977 129.173
121.211 129.423
121.446 129.673
121.446 129.673
121.446 129.673
121.446 129.673
121.915 130.173
121.915 130.173
122.149 130.423
122.383 130.673
122.383 130.673
122.383 130.673
122.383 130.673
122.852 131.173
122.852 131.173
122.852 131.173
123.321 131.673
123.321 131.673
123.321 131.673
123.321 131.673
123.321 131.673
123.321 131.673
123.79 132.173
124.258 132.673
124.258 132.673
124.727 133.173
125.196 133.673
125.196 133.673
125.196 133.673
125.196 133.673
125.196 133.673
125.665 134.173
125.665 134.173
125.899 134.423
126.133 134.673
126.133 134.673
126.133 134.673
126.602 135.173
126.602 135.173
126.602 135.173
127.071 135.673
127.071 135.673
127.071 135.673
127.071 135.673
127.071 135.673
127.071 135.673
127.305 135.923
127.54 136.173
127.54 136.173
127.54 136.173
128.008 136.673
128.008 136.673
128.008 136.673
128.008 136.673
128.243 136.923
128.477 137.173
128.477 137.173
128.477 137.173
128.711 137.423
128.946 137.673
128.946 137.673
128.946 137.673
128.946 137.673
128.946 137.673
129.415 138.173
129.415 138.173
129.415 138.173
129.649 138.423
129.649 138.423
129.883 138.673
129.883 138.673
130.118 138.923
130.352 139.173
130.352 139.173
130.352 139.173
130.586 139.423
130.821 139.673
130.821 139.673
130.821 139.673
130.821 139.673
130.821 139.673
131.29 140.173
131.29 140.173
131.758 140.673
131.758 140.673
131.758 140.673
131.993 140.923
132.227 141.173
132.227 141.173
132.461 141.423
132.461 141.423
132.696 141.673
132.696 141.673
132.93 141.923
133.165 142.173
133.165 142.173
133.399 142.423
133.399 142.423
133.633 142.673
133.633 142.673
133.868 142.923
133.868 142.923
133.868 142.923
134.102 143.173
134.102 143.173
134.336 143.423
134.336 143.423
134.336 143.423
134.571 143.673
134.571 143.673
134.571 143.673
134.571 143.673
134.571 143.673
135.04 144.173
135.04 144.173
135.274 144.423
135.508 144.673
135.508 144.673
135.508 144.673
135.743 144.923
135.743 144.923
135.977 145.173
135.977 145.173
136.211 145.423
136.446 145.673
136.446 145.673
136.446 145.673
136.446 145.673
136.446 145.673
136.915 146.173
136.915 146.173
137.149 146.423
137.149 146.423
137.383 146.673
137.383 146.673
137.383 146.673
137.618 146.923
137.618 146.923
137.852 147.173
138.321 147.673
138.321 147.673
138.321 147.673
138.321 147.673
138.321 147.673
138.79 148.173
138.79 148.173
139.024 148.423
139.258 148.673
139.258 148.673
139.258 148.673
139.258 148.673
139.493 148.923
139.727 149.173
139.727 149.173
139.727 149.173
139.727 149.173
139.961 149.423
140.196 149.673
140.196 149.673
140.196 149.673
140.196 149.673
140.665 150.173
141.133 150.673
141.133 150.673
141.133 150.673
141.133 150.673
141.368 150.923
141.368 150.923
141.602 151.173
141.602 151.173
141.836 151.423
141.836 151.423
142.071 151.673
142.071 151.673
142.071 151.673
142.071 151.673
142.071 151.673
142.071 151.673
142.305 151.923
142.54 152.173
142.54 152.173
143.008 152.673
143.008 152.673
143.008 152.673
143.243 152.923
143.477 153.173
143.477 153.173
143.477 153.173
143.711 153.423
143.946 153.673
143.946 153.673
143.946 153.673
143.946 153.673
143.946 153.673
144.415 154.173
144.415 154.173
144.415 154.173
144.415 154.173
144.649 154.423
144.649 154.423
144.883 154.673
144.883 154.673
144.883 154.673
144.883 154.673
145.118 154.923
145.352 155.173
145.352 155.173
145.352 155.173
145.352 155.173
145.586 155.423
145.821 155.673
145.821 155.673
145.821 155.673
145.821 155.673
145.821 155.673
145.821 155.673
146.29 156.173
146.29 156.173
146.29 156.173
146.758 156.673
146.758 156.673
146.758 156.673
146.758 156.673
146.993 156.923
147.227 157.173
147.227 157.173
147.461 157.423
147.461 157.423
147.696 157.673
147.696 157.673
147.696 157.673
147.93 157.923
148.165 158.173
148.165 158.173
148.399 158.423
148.399 158.423
148.633 158.673
148.633 158.673
148.868 158.923
148.868 158.923
148.868 158.923
149.102 159.173
149.102 159.173
149.336 159.423
149.336 159.423
149.336 159.423
149.571 159.673
149.571 159.673
149.571 159.673
149.571 159.673
149.571 159.673
150.04 160.173
150.04 160.173
150.274 160.423
150.508 160.673
150.508 160.673
150.508 160.673
150.508 160.673
150.743 160.923
150.743 160.923
150.977 161.173
151.446 161.673
151.446 161.673
151.446 161.673
151.446 161.673
151.446 161.673
151.915 162.173
151.915 162.173
151.915 162.173
152.149 162.423
152.149 162.423
152.383 162.673
152.383 162.673
152.383 162.673
152.383 162.673
152.383 162.673
152.618 162.923
152.852 163.173
152.852 163.173
152.852 163.173
153.321 163.673
153.321 163.673
153.321 163.673
153.321 163.673
153.321 163.673
153.321 163.673
153.555 163.923
153.555 163.923
153.79 164.173
153.79 164.173
154.024 164.423
154.024 164.423
154.258 164.673
154.258 164.673
154.258 164.673
154.493 164.923
154.727 165.173
154.727 165.173
154.961 165.423
154.961 165.423
155.196 165.673
155.196 165.673
155.196 165.673
155.196 165.673
155.196 165.673
155.665 166.173
155.665 166.173
155.665 166.173
155.665 166.173
155.665 166.173
155.665 166.173
155.665 166.173
155.899 166.423
156.133 166.673
156.133 166.673
156.133 166.673
156.133 166.673
156.133 166.673
156.133 166.673
156.133 166.673
156.602 167.173
156.602 167.173
156.602 167.173
157.071 167.673
157.071 167.673
157.071 167.673
157.071 167.673
157.071 167.673
157.071 167.673
157.305 167.923
157.54 168.173
157.54 168.173
157.54 168.173
158.008 168.673
158.008 168.673
158.008 168.673
158.008 168.673
158.243 168.923
158.477 169.173
158.477 169.173
158.477 169.173
158.711 169.423
158.946 169.673
158.946 169.673
158.946 169.673
158.946 169.673
158.946 169.673
159.415 170.173
159.415 170.173
159.415 170.173
159.649 170.423
159.649 170.423
159.883 170.673
159.883 170.673
160.118 170.923
160.352 171.173
160.352 171.173
160.352 171.173
160.586 171.423
160.821 171.673
160.821 171.673
160.821 171.673
160.821 171.673
160.821 171.673
161.29 172.173
161.29 172.173
161.758 172.673
161.758 172.673
161.758 172.673
161.993 172.923
162.227 173.173
162.227 173.173
162.461 173.423
162.461 173.423
162.696 173.673
162.696 173.673
162.93 173.923
163.165 174.173
163.165 174.173
163.399 174.423
163.399 174.423
163.633 174.673
163.633 174.673
163.868 174.923
163.868 174.923
163.868 174.923
164.102 175.173
164.102 175.173
164.336 175.423
164.336 175.423
164.336 175.423
164.571 175.673
164.571 175.673
164.571 175.673
164.571 175.673
164.571 175.673
165.04 176.173
165.04 176.173
165.274 176.423
165.508 176.673
165.508 176.673
165.508 176.673
165.743 176.923
165.743 176.923
165.977 177.173
165.977 177.173
166.211 177.423
166.446 177.673
166.446 177.673
166.446 177.673
166.446 177.673
166.446 177.673
166.915 178.173
166.915 178.173
167.149 178.423
167.149 178.423
167.383 178.673
167.383 178.673
167.383 178.673
167.618 178.923
167.618 178.923
167.852 179.173
168.321 179.673
168.321 179.673
168.321 179.673
168.321 179.673
168.321 179.673
168.79 180.173
168.79 180.173
169.024 180.423
169.258 180.673
169.258 180.673
169.258 180.673
169.258 180.673
169.493 180.923
169.727 181.173
169.727 181.173
169.727 181.173
169.727 181.173
169.961 181.423
170.196 181.673
170.196 181.673
170.196 181.673
170.196 181.673
170.665 182.173
171.133 182.673
171.133 182.673
171.133 182.673
171.133 182.673
171.368 182.923
171.368 182.923
171.602 183.173
171.602 183.173
171.836 183.423
171.836 183.423
172.071 183.673
172.071 183.673
172.071 183.673
172.071 183.673
172.071 183.673
172.071 183.673
172.305 183.923
172.54 184.173
172.54 184.173
173.008 184.673
173.008 184.673
173.008 184.673
173.243 184.923
173.477 185.173
173.477 185.173
173.477 185.173
173.711 185.423
173.946 185.673
173.946 185.673
173.946 185.673
173.946 185.673
173.946 185.673
174.415 186.173
174.415 186.173
174.415 186.173
174.415 186.173
174.649 186.423
174.649 186.423
174.883 186.673
174.883 186.673
174.883 186.673
174.883 186.673
175.118 186.923
175.352 187.173
175.352 187.173
175.352 187.173
175.352 187.173
175.586 187.423
175.821 187.673
175.821 187.673
175.821 187.673
175.821 187.673
175.821 187.673
175.821 187.673
176.29 188.173
176.29 188.173
176.29 188.173
176.758 188.673
176.758 188.673
176.758 188.673
176.758 188.673
176.993 188.923
177.227 189.173
177.227 189.173
177.461 189.423
177.461 189.423
177.696 189.673
177.696 189.673
177.696 189.673
177.93 189.923
178.165 190.173
178.165 190.173
178.399 190.423
178.399 190.423
178.633 190.673
178.633 190.673
178.868 190.923
178.868 190.923
178.868 190.923
179.102 191.173
179.102 191.173
179.336 191.423
179.336 191.423
179.336 191.423
179.571 191.673
179.571 191.673
179.571 191.673
179.571 191.673
179.571 191.673
180.04 192.173
180.04 192.173
180.274 192.423
180.508 192.673
180.508 192.673
180.508 192.673
180.508 192.673
180.743 192.923
180.743 192.923
180.977 193.173
181.446 193.673
181.446 193.673
181.446 193.673
181.446 193.673
181.446 193.673
181.915 194.173
181.915 194.173
181.915 194.173
182.149 194.423
182.149 194.423
182.383 194.673
182.383 194.673
182.383 194.673
182.383 194.673
182.383 194.673
182.618 194.923
182.852 195.173
182.852 195.173
182.852 195.173
183.321 195.673
183.321 195.673
183.321 195.673
183.321 195.673
183.321 195.673
183.321 195.673
183.555 195.923
183.555 195.923
183.79 196.173
183.79 196.173
184.024 196.423
184.024 196.423
184.258 196.673
184.258 196.673
184.258 196.673
184.493 196.923
184.727 197.173
184.727 197.173
184.961 197.423
184.961 197.423
185.196 197.673
185.196 197.673
185.196 197.673
185.665 198.173
185.665 198.173
185.899 198.423
186.133 198.673
186.133 198.673
186.133 198.673
186.368 198.923
186.602 199.173
186.602 199.173
186.836 199.423
187.071 199.673
187.071 199.673
187.071 199.673
187.071 199.673
187.305 199.923
187.54 200.173
187.54 200.173
188.008 200.673
188.008 200.673
188.008 200.673
188.243 200.923
188.477 201.173
188.477 201.173
188.711 201.423
188.946 201.673
188.946 201.673
188.946 201.673
189.415 202.173
189.415 202.173
189.649 202.423
189.649 202.423
189.883 202.673
190.118 202.923
190.352 203.173
190.352 203.173
190.586 203.423
190.821 203.673
190.821 203.673
190.821 203.673
190.821 203.673
191.29 204.173
191.29 204.173
191.758 204.673
191.758 204.673
191.758 204.673
191.993 204.923
192.227 205.173
192.227 205.173
192.461 205.423
192.461 205.423
192.696 205.673
192.696 205.673
192.93 205.923
193.165 206.173
193.399 206.423
193.633 206.673
193.868 206.923
193.868 206.923
194.102 207.173
194.336 207.423
194.336 207.423
194.571 207.673
194.571 207.673
194.571 207.673
194.571 207.673
195.04 208.173
195.04 208.173
195.274 208.423
195.508 208.673
195.508 208.673
195.508 208.673
195.743 208.923
195.743 208.923
195.977 209.173
196.446 209.673
196.446 209.673
196.446 209.673
196.446 209.673
196.915 210.173
196.915 210.173
197.149 210.423
197.149 210.423
197.383 210.673
197.383 210.673
197.383 210.673
197.618 210.923
197.618 210.923
197.852 211.173
198.321 211.673
198.321 211.673
198.321 211.673
198.321 211.673
198.79 212.173
198.79 212.173
199.024 212.423
199.258 212.673
199.258 212.673
199.258 212.673
199.493 212.923
199.727 213.173
199.727 213.173
199.727 213.173
199.961 213.423
200.196 213.673
200.196 213.673
200.196 213.673
200.665 214.173
201.133 214.673
201.133 214.673
201.133 214.673
201.368 214.923
201.602 215.173
201.836 215.423
202.071 215.673
202.071 215.673
202.071 215.673
202.071 215.673
202.305 215.923
202.54 216.173
202.54 216.173
203.008 216.673
203.008 216.673
203.008 216.673
203.243 216.923
203.477 217.173
203.477 217.173
203.711 217.423
203.946 217.673
203.946 217.673
203.946 217.673
204.415 218.173
204.415 218.173
204.649 218.423
204.649 218.423
204.883 218.673
204.883 218.673
205.118 218.923
205.352 219.173
205.352 219.173
205.586 219.423
205.821 219.673
205.821 219.673
205.821 219.673
205.821 219.673
206.29 220.173
206.29 220.173
206.758 220.673
206.758 220.673
206.758 220.673
206.993 220.923
207.227 221.173
207.227 221.173
207.461 221.423
207.461 221.423
207.696 221.673
207.696 221.673
207.93 221.923
208.165 222.173
208.399 222.423
208.633 222.673
208.868 222.923
208.868 222.923
209.102 223.173
209.336 223.423
209.336 223.423
209.571 223.673
209.571 223.673
209.571 223.673
209.571 223.673
210.04 224.173
210.04 224.173
210.274 224.423
210.508 224.673
210.508 224.673
210.508 224.673
210.743 224.923
210.743 224.923
210.977 225.173
211.446 225.673
211.446 225.673
211.446 225.673
211.446 225.673
211.915 226.173
211.915 226.173
212.149 226.423
212.149 226.423
212.383 226.673
212.383 226.673
212.383 226.673
212.383 226.673
212.618 226.923
212.852 227.173
212.852 227.173
213.321 227.673
213.321 227.673
213.321 227.673
213.321 227.673
213.555 227.923
213.555 227.923
213.79 228.173
213.79 228.173
214.024 228.423
214.024 228.423
214.258 228.673
214.258 228.673
214.258 228.673
214.493 228.923
214.727 229.173
214.727 229.173
214.961 229.423
215.09 229.56
215.163 229.637
215.184 229.66
215.194 229.671
215.196 229.673
215.231 229.71
215.631 230.137
216.092 230.629
216.102 230.64
216.608 231.179
217.024 231.623
217.045 231.646
217.069 231.671
