1.5717 3.025
1.5717 3.025
1.5717 3.025
2.35105 4.525
2.35105 4.525
2.35105 4.525
2.61083 5.025
2.61083 5.025
2.61083 5.025
2.61083 5.025
2.61083 5.025
3.1304 6.025
3.1304 6.025
3.1304 6.025
3.1304 6.025
3.1304 6.025
3.64997 7.025
3.64997 7.025
3.64997 7.025
3.90976 7.525
4.42933 8.525
4.42933 8.525
4.42933 8.525
4.68911 9.025
4.68911 9.025
4.68911 9.025
4.68911 9.025
5.20868 10.025
5.20868 10.025
5.20868 10.025
5.72825 11.025
5.72825 11.025
5.72825 11.025
5.98803 11.525
6.5076 12.525
6.5076 12.525
6.5076 12.525
6.76739 13.025
6.76739 13.025
6.76739 13.025
6.76739 13.025
7.28696 14.025
7.28696 14.025
7.28696 14.025
7.80652 15.025
7.80652 15.025
7.80652 15.025
8.58588 16.525
8.58588 16.525
8.84566 17.025
8.84566 17.025
8.84566 17.025
9.36523 18.025
9.8848 19.025
9.8848 19.025
9.8848 19.025
10.6642 20.525
10.6642 20.525
10.6642 20.525
10.9239 21.025
10.9239 21.025
10.9239 21.025
10.9239 21.025
11.4435 22.025
11.4435 22.025
11.4435 22.025
11.9631 23.025
11.9631 23.025
11.9631 23.025
12.2229 23.525
12.7424 24.525
12.7424 24.525
12.7424 24.525
13.0022 25.025
13.0022 25.025
13.0022 25.025
13.0022 25.025
13.5218 26.025
13.5218 26.025
13.5218 26.025
14.0414 27.025
14.0414 27.025
14.0414 27.025
14.3011 27.525
14.8207 28.525
14.8207 28.525
14.8207 28.525
15.0805 29.025
15.0805 29.025
15.0805 29.025
15.0805 29.025
15.6001 30.025
15.6001 30.025
15.6001 30.025
16.1196 31.025
16.1196 31.025
16.1196 31.025
16.899 32.525
17.1588 33.025
17.1588 33.025
17.1588 33.025
17.1588 33.025
17.1588 33.025
17.6783 34.025
18.1979 35.025
18.1979 35.025
18.1979 35.025
18.4577 35.525
18.4577 35.525
18.7175 36.025
18.7175 36.025
18.9773 36.525
18.9773 36.525
18.9773 36.525
19.237 37.025
19.237 37.025
19.237 37.025
19.7566 38.025
19.7566 38.025
19.7566 38.025
20.0164 38.525
20.2762 39.025
20.536 39.525
20.7957 40.025
21.0555 40.525
21.0555 40.525
21.0555 40.525
21.3153 41.025
21.3153 41.025
21.3153 41.025
21.5751 41.525
21.8349 42.025
21.8349 42.025
21.8349 42.025
22.3545 43.025
22.3545 43.025
22.6142 43.525
22.874 44.025
23.1338 44.525
23.1338 44.525
23.3936 45.025
23.6534 45.525
23.9132 46.025
23.9132 46.025
24.1729 46.525
24.4327 47.025
24.4327 47.025
24.6925 47.525
24.6925 47.525
24.9523 48.025
25.2121 48.525
25.2121 48.525
25.4719 49.025
25.7317 49.525
25.7317 49.525
25.9914 50.025
25.9914 50.025
26.2512 50.525
26.511 51.025
26.511 51.025
26.511 51.025
26.7708 51.525
26.7708 51.525
27.0306 52.025
27.0306 52.025
27.2904 52.525
27.2904 52.525
27.5501 53.025
27.5501 53.025
28.0697 54.025
28.0697 54.025
28.5893 55.025
28.5893 55.025
28.8491 55.525
29.1089 56.025
29.3686 56.525
29.3686 56.525
29.6284 57.025
29.6284 57.025
29.8882 57.525
30.148 58.025
30.148 58.025
30.6676 59.025
30.6676 59.025
30.9273 59.525
31.1871 60.025
31.4469 60.525
31.4469 60.525
31.7067 61.025
31.7067 61.025
32.2263 62.025
32.2263 62.025
32.7458 63.025
32.7458 63.025
33.0056 63.525
33.2654 64.025
33.5252 64.525
33.5252 64.525
33.785 65.025
33.785 65.025
34.0448 65.525
34.3045 66.025
34.3045 66.025
34.8241 67.025
34.8241 67.025
35.0839 67.525
35.0839 67.525
35.3437 68.025
35.3437 68.025
35.6035 68.525
35.6035 68.525
35.6035 68.525
35.8633 69.025
35.8633 69.025
35.8633 69.025
36.3828 70.025
36.3828 70.025
36.3828 70.025
36.6426 70.525
36.9024 71.025
37.1622 71.525
37.422 72.025
37.6817 72.525
37.6817 72.525
37.6817 72.525
37.9415 73.025
37.9415 73.025
37.9415 73.025
38.2013 73.525
38.2013 73.525
38.4611 74.025
38.4611 74.025
38.4611 74.025
38.9807 75.025
38.9807 75.025
38.9807 75.025
39.2404 75.525
39.5002 76.025
39.76 76.525
39.76 76.525
40.0198 77.025
40.0198 77.025
40.5394 78.025
40.5394 78.025
41.0589 79.025
41.0589 79.025
41.3187 79.525
41.5785 80.025
41.8383 80.525
41.8383 80.525
42.0981 81.025
42.0981 81.025
42.3579 81.525
42.6176 82.025
42.6176 82.025
43.1372 83.025
43.1372 83.025
43.397 83.525
43.397 83.525
43.6568 84.025
43.6568 84.025
43.9166 84.525
43.9166 84.525
44.1764 85.025
44.1764 85.025
44.6959 86.025
44.6959 86.025
44.9557 86.525
45.2155 87.025
45.2155 87.025
45.4753 87.525
45.7351 88.025
45.9948 88.525
45.9948 88.525
46.2546 89.025
46.2546 89.025
46.5144 89.525
46.7742 90.025
46.7742 90.025
47.2938 91.025
47.2938 91.025
47.2938 91.025
47.5536 91.525
47.8133 92.025
48.0731 92.525
48.0731 92.525
48.3329 93.025
48.3329 93.025
48.5927 93.525
48.8525 94.025
48.8525 94.025
49.372 95.025
49.6318 95.525
49.6318 95.525
49.8916 96.025
50.1514 96.525
50.1514 96.525
50.4112 97.025
50.4112 97.025
50.671 97.525
50.9308 98.025
50.9308 98.025
51.4503 99.025
51.4503 99.025
51.4503 99.025
51.4503 99.025
51.7101 99.525
51.7101 99.525
51.9699 100.025
51.9699 100.025
52.2297 100.525
52.2297 100.525
52.2297 100.525
52.4895 101.025
52.4895 101.025
52.4895 101.025
53.009 102.025
53.009 102.025
53.009 102.025
53.2688 102.525
53.5286 103.025
53.7884 103.525
54.0482 104.025
54.3079 104.525
54.3079 104.525
54.3079 104.525
54.5677 105.025
54.5677 105.025
54.5677 105.025
54.8275 105.525
55.0873 106.025
55.0873 106.025
55.0873 106.025
55.6069 107.025
55.6069 107.025
55.8667 107.525
56.1264 108.025
56.3862 108.525
56.3862 108.525
56.646 109.025
56.9058 109.525
57.1656 110.025
57.1656 110.025
57.4254 110.525
57.6851 111.025
57.6851 111.025
57.9449 111.525
57.9449 111.525
58.2047 112.025
58.4645 112.525
58.4645 112.525
58.7243 113.025
58.9841 113.525
58.9841 113.525
59.2439 114.025
59.2439 114.025
59.5036 114.525
59.7634 115.025
59.7634 115.025
59.7634 115.025
60.0232 115.525
60.0232 115.525
60.283 116.025
60.283 116.025
60.5428 116.525
60.5428 116.525
60.8026 117.025
60.8026 117.025
61.3221 118.025
61.3221 118.025
61.8417 119.025
61.8417 119.025
62.1015 119.525
62.3613 120.025
62.6211 120.525
62.6211 120.525
62.8808 121.025
62.8808 121.025
63.1406 121.525
63.4004 122.025
63.4004 122.025
63.92 123.025
63.92 123.025
64.1798 123.525
64.4395 124.025
64.6993 124.525
64.6993 124.525
64.9591 125.025
64.9591 125.025
65.4787 126.025
65.4787 126.025
65.9983 127.025
65.9983 127.025
66.258 127.525
66.5178 128.025
66.7776 128.525
66.7776 128.525
67.0374 129.025
67.0374 129.025
67.2972 129.525
67.557 130.025
67.557 130.025
68.0765 131.025
68.0765 131.025
68.3363 131.525
68.3363 131.525
68.5961 132.025
68.5961 132.025
68.8559 132.525
68.8559 132.525
68.8559 132.525
69.1157 133.025
69.1157 133.025
69.1157 133.025
69.6352 134.025
69.6352 134.025
69.6352 134.025
69.895 134.525
70.1548 135.025
70.4146 135.525
70.6744 136.025
70.9342 136.525
70.9342 136.525
70.9342 136.525
71.1939 137.025
71.1939 137.025
71.1939 137.025
71.4537 137.525
71.4537 137.525
71.7135 138.025
71.7135 138.025
71.7135 138.025
72.2331 139.025
72.2331 139.025
72.2331 139.025
72.4929 139.525
72.7526 140.025
73.0124 140.525
73.0124 140.525
73.2722 141.025
73.2722 141.025
73.7918 142.025
73.7918 142.025
74.3114 143.025
74.3114 143.025
74.5711 143.525
74.8309 144.025
75.0907 144.525
75.0907 144.525
75.3505 145.025
75.3505 145.025
75.6103 145.525
75.8701 146.025
75.8701 146.025
76.3896 147.025
76.3896 147.025
76.6494 147.525
76.6494 147.525
76.9092 148.025
76.9092 148.025
77.169 148.525
77.169 148.525
77.4288 149.025
77.4288 149.025
77.9483 150.025
77.9483 150.025
78.2081 150.525
78.4679 151.025
78.4679 151.025
78.7277 151.525
78.9875 152.025
79.2473 152.525
79.2473 152.525
79.507 153.025
79.507 153.025
79.7668 153.525
80.0266 154.025
80.0266 154.025
80.5462 155.025
80.5462 155.025
80.5462 155.025
80.806 155.525
81.0658 156.025
81.3255 156.525
81.3255 156.525
81.5853 157.025
81.5853 157.025
81.8451 157.525
82.1049 158.025
82.1049 158.025
82.6245 159.025
82.8842 159.525
82.8842 159.525
83.144 160.025
83.4038 160.525
83.4038 160.525
83.6636 161.025
83.6636 161.025
83.9234 161.525
84.1832 162.025
84.1832 162.025
84.7027 163.025
84.7027 163.025
84.9625 163.525
85.2223 164.025
85.4821 164.525
85.4821 164.525
85.7419 165.025
85.7419 165.025
86.0017 165.525
86.2614 166.025
86.2614 166.025
86.5212 166.525
86.781 167.025
86.781 167.025
87.0408 167.525
87.3006 168.025
87.5604 168.525
87.5604 168.525
87.8202 169.025
87.8202 169.025
88.0799 169.525
88.3397 170.025
88.3397 170.025
88.5995 170.525
88.8593 171.025
88.8593 171.025
89.1191 171.525
89.3789 172.025
89.3789 172.025
89.6386 172.525
89.6386 172.525
89.6386 172.525
89.8984 173.025
89.8984 173.025
90.1582 173.525
90.418 174.025
90.418 174.025
90.6778 174.525
90.6778 174.525
90.9376 175.025
90.9376 175.025
91.1973 175.525
91.4571 176.025
91.7169 176.525
91.9767 177.025
92.2365 177.525
92.4963 178.025
92.7561 178.525
93.0158 179.025
93.0158 179.025
93.2756 179.525
93.2756 179.525
93.5354 180.025
93.5354 180.025
93.7952 180.525
93.7952 180.525
94.055 181.025
94.055 181.025
94.055 181.025
94.3148 181.525
94.5745 182.025
94.5745 182.025
94.8343 182.525
94.8343 182.525
95.0941 183.025
95.0941 183.025
95.3539 183.525
95.6137 184.025
95.8735 184.525
95.8735 184.525
96.1333 185.025
96.1333 185.025
96.1333 185.025
96.1333 185.025
96.6528 186.025
96.6528 186.025
96.6528 186.025
96.9126 186.525
97.1724 187.025
97.1724 187.025
97.1724 187.025
97.4322 187.525
97.692 188.025
97.9517 188.525
97.9517 188.525
98.2115 189.025
98.2115 189.025
98.4713 189.525
98.7311 190.025
98.7311 190.025
98.9909 190.525
99.2507 191.025
99.2507 191.025
99.5105 191.525
99.5105 191.525
99.6403 191.775
99.7702 192.025
100.03 192.525
100.03 192.525
100.29 193.025
100.29 193.025
100.55 193.525
100.809 194.025
100.809 194.025
101.069 194.525
101.329 195.025
101.329 195.025
101.589 195.525
101.849 196.025
102.108 196.525
102.108 196.525
102.368 197.025
102.368 197.025
102.628 197.525
102.888 198.025
102.888 198.025
103.147 198.525
103.407 199.025
103.407 199.025
103.667 199.525
103.927 200.025
104.187 200.525
104.187 200.525
104.446 201.025
104.446 201.025
104.706 201.525
104.966 202.025
104.966 202.025
105.226 202.525
105.485 203.025
105.485 203.025
105.745 203.525
106.005 204.025
106.005 204.025
106.265 204.525
106.265 204.525
106.525 205.025
106.525 205.025
106.784 205.525
107.044 206.025
107.044 206.025
107.304 206.525
107.564 207.025
107.564 207.025
107.824 207.525
108.083 208.025
108.343 208.525
108.603 209.025
108.863 209.525
109.122 210.025
109.382 210.525
109.642 211.025
109.642 211.025
109.902 211.525
109.902 211.525
110.162 212.025
110.162 212.025
110.421 212.525
110.421 212.525
110.681 213.025
110.681 213.025
110.941 213.525
111.201 214.025
111.201 214.025
111.461 214.525
111.72 215.025
111.72 215.025
111.98 215.525
111.98 215.525
112.24 216.025
112.5 216.525
112.5 216.525
112.759 217.025
112.759 217.025
113.019 217.525
113.279 218.025
113.279 218.025
113.539 218.525
113.799 219.025
113.799 219.025
113.799 219.025
114.058 219.525
114.058 219.525
114.318 220.025
114.318 220.025
114.318 220.025
114.578 220.525
114.578 220.525
114.838 221.025
114.838 221.025
115.098 221.525
115.357 222.025
115.357 222.025
115.617 222.525
115.617 222.525
115.877 223.025
115.877 223.025
116.137 223.525
116.137 223.525
116.396 224.025
116.396 224.025
116.396 224.025
116.656 224.525
116.656 224.525
116.916 225.025
116.916 225.025
116.916 225.025
117.436 226.025
117.436 226.025
117.436 226.025
117.436 226.025
117.436 226.025
117.695 226.525
117.955 227.025
117.955 227.025
118.215 227.525
118.215 227.525
118.475 228.025
118.475 228.025
118.735 228.525
118.735 228.525
118.735 228.525
118.994 229.025
118.994 229.025
118.994 229.025
119.514 230.025
119.514 230.025
119.514 230.025
120.033 231.025
120.033 231.025
120.293 231.525
120.553 232.025
120.813 232.525
120.813 232.525
120.813 232.525
121.073 233.025
121.073 233.025
121.073 233.025
121.332 233.525
121.592 234.025
121.592 234.025
121.592 234.025
122.112 235.025
122.112 235.025
122.371 235.525
122.631 236.025
122.891 236.525
122.891 236.525
123.151 237.025
123.411 237.525
123.67 238.025
123.67 238.025
123.93 238.525
124.19 239.025
124.19 239.025
124.45 239.525
124.45 239.525
124.71 240.025
124.969 240.525
124.969 240.525
125.229 241.025
125.489 241.525
125.489 241.525
125.749 242.025
125.749 242.025
126.008 242.525
126.268 243.025
126.268 243.025
126.268 243.025
126.528 243.525
126.528 243.525
126.788 244.025
126.788 244.025
127.048 244.525
127.048 244.525
127.307 245.025
127.307 245.025
127.827 246.025
127.827 246.025
128.347 247.025
128.347 247.025
128.606 247.525
128.866 248.025
129.126 248.525
129.126 248.525
129.386 249.025
129.386 249.025
129.645 249.525
129.905 250.025
129.905 250.025
130.425 251.025
130.425 251.025
130.685 251.525
130.944 252.025
131.204 252.525
131.204 252.525
131.464 253.025
131.464 253.025
131.984 254.025
131.984 254.025
132.503 255.025
132.503 255.025
132.763 255.525
133.023 256.025
133.282 256.525
133.282 256.525
133.542 257.025
133.542 257.025
133.802 257.525
134.062 258.025
134.062 258.025
134.581 259.025
134.581 259.025
134.841 259.525
134.841 259.525
135.101 260.025
135.101 260.025
135.361 260.525
135.361 260.525
135.361 260.525
135.62 261.025
135.62 261.025
135.62 261.025
136.14 262.025
136.14 262.025
136.14 262.025
136.4 262.525
136.66 263.025
136.919 263.525
137.179 264.025
137.439 264.525
137.439 264.525
137.439 264.525
137.699 265.025
137.699 265.025
137.699 265.025
137.959 265.525
137.959 265.525
138.218 266.025
138.218 266.025
138.218 266.025
138.738 267.025
138.738 267.025
138.738 267.025
138.998 267.525
139.257 268.025
139.517 268.525
139.517 268.525
139.777 269.025
139.777 269.025
140.297 270.025
140.297 270.025
140.816 271.025
140.816 271.025
141.076 271.525
141.336 272.025
141.596 272.525
141.596 272.525
141.855 273.025
141.855 273.025
142.115 273.525
142.375 274.025
142.375 274.025
142.894 275.025
142.894 275.025
143.154 275.525
143.154 275.525
143.414 276.025
143.414 276.025
143.674 276.525
143.674 276.525
143.934 277.025
143.934 277.025
144.453 278.025
144.453 278.025
144.713 278.525
144.973 279.025
144.973 279.025
145.233 279.525
145.492 280.025
145.752 280.525
145.752 280.525
146.012 281.025
146.012 281.025
146.272 281.525
146.531 282.025
146.531 282.025
147.051 283.025
147.051 283.025
147.051 283.025
147.311 283.525
147.571 284.025
147.83 284.525
147.83 284.525
148.09 285.025
148.09 285.025
148.35 285.525
148.61 286.025
148.61 286.025
149.129 287.025
149.129 287.025
149.389 287.525
149.389 287.525
149.649 288.025
149.909 288.525
149.909 288.525
150.168 289.025
150.168 289.025
150.428 289.525
150.688 290.025
151.208 291.025
151.208 291.025
151.208 291.025
151.987 292.525
151.987 292.525
151.987 292.525
152.247 293.025
152.247 293.025
152.247 293.025
152.247 293.025
152.247 293.025
152.766 294.025
152.766 294.025
152.766 294.025
152.766 294.025
152.766 294.025
153.286 295.025
153.286 295.025
153.286 295.025
153.546 295.525
154.065 296.525
154.065 296.525
154.065 296.525
154.325 297.025
154.325 297.025
154.325 297.025
154.325 297.025
154.845 298.025
154.845 298.025
154.845 298.025
155.364 299.025
155.364 299.025
155.364 299.025
155.624 299.525
156.143 300.525
156.143 300.525
156.143 300.525
156.403 301.025
156.403 301.025
156.403 301.025
156.403 301.025
156.923 302.025
156.923 302.025
156.923 302.025
157.442 303.025
157.442 303.025
157.442 303.025
158.222 304.525
158.222 304.525
158.482 305.025
158.482 305.025
158.482 305.025
159.001 306.025
159.521 307.025
159.521 307.025
159.521 307.025
160.3 308.525
160.3 308.525
160.3 308.525
160.56 309.025
160.56 309.025
160.56 309.025
160.56 309.025
161.079 310.025
161.079 310.025
161.079 310.025
161.599 311.025
161.599 311.025
161.599 311.025
161.859 311.525
162.378 312.525
162.378 312.525
162.378 312.525
162.638 313.025
162.638 313.025
162.638 313.025
162.638 313.025
163.158 314.025
163.158 314.025
163.158 314.025
163.677 315.025
163.677 315.025
163.677 315.025
163.937 315.525
164.457 316.525
164.457 316.525
164.457 316.525
164.716 317.025
164.716 317.025
164.716 317.025
164.716 317.025
165.236 318.025
165.236 318.025
165.236 318.025
165.756 319.025
165.756 319.025
165.756 319.025
166.535 320.525
166.795 321.025
166.795 321.025
166.795 321.025
166.795 321.025
166.795 321.025
167.314 322.025
167.834 323.025
167.834 323.025
167.834 323.025
167.834 323.025
168.094 323.525
168.094 323.525
168.353 324.025
168.353 324.025
168.613 324.525
168.613 324.525
168.613 324.525
168.873 325.025
168.873 325.025
168.873 325.025
169.392 326.025
169.392 326.025
169.392 326.025
169.652 326.525
169.912 327.025
170.172 327.525
170.432 328.025
170.691 328.525
170.691 328.525
170.691 328.525
170.951 329.025
170.951 329.025
170.951 329.025
171.211 329.525
171.471 330.025
171.471 330.025
171.471 330.025
171.99 331.025
171.99 331.025
172.25 331.525
172.51 332.025
172.77 332.525
172.77 332.525
173.029 333.025
173.289 333.525
173.549 334.025
173.549 334.025
173.809 334.525
174.069 335.025
174.069 335.025
174.328 335.525
174.328 335.525
174.588 336.025
174.848 336.525
174.848 336.525
175.108 337.025
175.368 337.525
175.368 337.525
175.627 338.025
175.627 338.025
175.887 338.525
176.147 339.025
176.147 339.025
176.147 339.025
176.407 339.525
176.407 339.525
176.666 340.025
176.666 340.025
176.926 340.525
176.926 340.525
177.186 341.025
177.186 341.025
177.706 342.025
177.706 342.025
178.225 343.025
178.225 343.025
178.485 343.525
178.745 344.025
179.005 344.525
179.005 344.525
179.264 345.025
179.264 345.025
179.524 345.525
179.784 346.025
179.784 346.025
180.303 347.025
180.303 347.025
180.563 347.525
180.823 348.025
181.083 348.525
181.083 348.525
181.343 349.025
181.343 349.025
181.862 350.025
181.862 350.025
182.382 351.025
182.382 351.025
182.641 351.525
182.901 352.025
183.161 352.525
183.161 352.525
183.421 353.025
183.421 353.025
183.681 353.525
183.94 354.025
183.94 354.025
184.46 355.025
184.46 355.025
184.72 355.525
184.72 355.525
184.98 356.025
184.98 356.025
185.239 356.525
185.239 356.525
185.239 356.525
185.499 357.025
185.499 357.025
185.499 357.025
186.019 358.025
186.019 358.025
186.019 358.025
186.278 358.525
186.538 359.025
186.798 359.525
187.058 360.025
187.318 360.525
187.318 360.525
187.318 360.525
187.577 361.025
187.577 361.025
187.577 361.025
187.837 361.525
187.837 361.525
188.097 362.025
188.097 362.025
188.097 362.025
188.617 363.025
188.617 363.025
188.617 363.025
188.876 363.525
189.136 364.025
189.396 364.525
189.396 364.525
189.656 365.025
189.656 365.025
190.175 366.025
190.175 366.025
190.695 367.025
190.695 367.025
190.955 367.525
191.214 368.025
191.474 368.525
191.474 368.525
191.734 369.025
191.734 369.025
191.994 369.525
192.254 370.025
192.254 370.025
192.773 371.025
192.773 371.025
193.033 371.525
193.033 371.525
193.293 372.025
193.293 372.025
193.552 372.525
193.552 372.525
193.812 373.025
193.812 373.025
194.332 374.025
194.332 374.025
194.592 374.525
194.851 375.025
194.851 375.025
195.111 375.525
195.371 376.025
195.631 376.525
195.631 376.525
195.891 377.025
195.891 377.025
196.15 377.525
196.41 378.025
196.41 378.025
196.93 379.025
196.93 379.025
196.93 379.025
197.189 379.525
197.449 380.025
197.709 380.525
197.709 380.525
197.969 381.025
197.969 381.025
198.229 381.525
198.488 382.025
198.488 382.025
199.008 383.025
199.268 383.525
199.268 383.525
199.527 384.025
199.787 384.525
199.787 384.525
200.047 385.025
200.047 385.025
200.307 385.525
200.567 386.025
200.567 386.025
201.086 387.025
201.086 387.025
201.346 387.525
201.606 388.025
201.866 388.525
201.866 388.525
202.125 389.025
202.125 389.025
202.385 389.525
202.645 390.025
202.645 390.025
202.905 390.525
203.164 391.025
203.164 391.025
203.424 391.525
203.684 392.025
203.944 392.525
203.944 392.525
204.204 393.025
204.204 393.025
204.463 393.525
204.723 394.025
204.723 394.025
204.983 394.525
205.243 395.025
205.243 395.025
205.503 395.525
205.762 396.025
205.762 396.025
206.022 396.525
206.022 396.525
206.022 396.525
206.282 397.025
206.282 397.025
206.542 397.525
206.801 398.025
206.801 398.025
207.061 398.525
207.061 398.525
207.321 399.025
207.321 399.025
207.581 399.525
207.841 400.025
208.1 400.525
208.36 401.025
208.62 401.525
208.88 402.025
209.14 402.525
209.399 403.025
209.399 403.025
209.659 403.525
209.659 403.525
209.919 404.025
209.919 404.025
210.179 404.525
210.179 404.525
210.438 405.025
210.438 405.025
210.438 405.025
210.698 405.525
210.958 406.025
210.958 406.025
211.218 406.525
211.218 406.525
211.478 407.025
211.478 407.025
211.737 407.525
211.997 408.025
212.257 408.525
212.257 408.525
212.517 409.025
212.517 409.025
212.517 409.025
212.517 409.025
213.036 410.025
213.036 410.025
213.036 410.025
213.296 410.525
213.556 411.025
213.556 411.025
213.556 411.025
213.816 411.525
214.075 412.025
214.335 412.525
214.335 412.525
214.595 413.025
214.595 413.025
214.855 413.525
215.115 414.025
215.115 414.025
215.374 414.525
215.634 415.025
215.634 415.025
215.894 415.525
215.894 415.525
216.024 415.775
216.154 416.025
216.413 416.525
216.413 416.525
216.673 417.025
216.673 417.025
216.933 417.525
217.193 418.025
217.193 418.025
217.453 418.525
217.712 419.025
217.712 419.025
217.972 419.525
218.232 420.025
218.492 420.525
218.492 420.525
218.752 421.025
218.752 421.025
219.011 421.525
219.271 422.025
219.271 422.025
219.531 422.525
219.791 423.025
219.791 423.025
220.05 423.525
220.31 424.025
220.57 424.525
220.57 424.525
220.83 425.025
220.83 425.025
221.09 425.525
221.349 426.025
221.349 426.025
221.609 426.525
221.869 427.025
221.869 427.025
222.129 427.525
222.389 428.025
222.389 428.025
222.648 428.525
222.648 428.525
222.908 429.025
222.908 429.025
223.168 429.525
223.428 430.025
223.428 430.025
223.687 430.525
223.947 431.025
223.947 431.025
224.207 431.525
224.467 432.025
224.727 432.525
224.986 433.025
225.246 433.525
225.506 434.025
225.766 434.525
226.026 435.025
226.026 435.025
226.285 435.525
226.285 435.525
226.545 436.025
226.545 436.025
226.805 436.525
226.805 436.525
227.065 437.025
227.065 437.025
227.324 437.525
227.584 438.025
227.584 438.025
227.844 438.525
228.104 439.025
228.104 439.025
228.364 439.525
228.364 439.525
228.623 440.025
228.883 440.525
228.883 440.525
229.143 441.025
229.143 441.025
229.403 441.525
229.662 442.025
229.662 442.025
229.922 442.525
230.182 443.025
230.182 443.025
230.182 443.025
230.442 443.525
230.442 443.525
230.702 444.025
230.702 444.025
230.702 444.025
230.961 444.525
230.961 444.525
231.221 445.025
231.221 445.025
231.481 445.525
231.741 446.025
231.741 446.025
232.001 446.525
232.001 446.525
232.26 447.025
232.26 447.025
232.52 447.525
232.52 447.525
232.78 448.025
232.78 448.025
232.78 448.025
233.04 448.525
233.04 448.525
233.299 449.025
233.299 449.025
233.299 449.025
233.819 450.025
233.819 450.025
233.819 450.025
233.819 450.025
233.819 450.025
234.079 450.525
234.339 451.025
234.339 451.025
234.598 451.525
234.598 451.525
234.858 452.025
234.858 452.025
235.118 452.525
235.118 452.525
235.118 452.525
235.378 453.025
235.378 453.025
235.378 453.025
235.897 454.025
235.897 454.025
235.897 454.025
236.417 455.025
236.417 455.025
236.677 455.525
236.936 456.025
237.196 456.525
237.196 456.525
237.196 456.525
237.456 457.025
237.456 457.025
237.456 457.025
237.716 457.525
237.976 458.025
237.976 458.025
237.976 458.025
238.495 459.025
238.495 459.025
238.755 459.525
239.015 460.025
239.275 460.525
239.275 460.525
239.534 461.025
239.794 461.525
240.054 462.025
240.054 462.025
240.314 462.525
240.573 463.025
240.573 463.025
240.833 463.525
240.833 463.525
241.093 464.025
241.353 464.525
241.353 464.525
241.613 465.025
241.872 465.525
241.872 465.525
242.132 466.025
242.132 466.025
242.392 466.525
242.652 467.025
242.652 467.025
242.652 467.025
242.911 467.525
242.911 467.525
243.171 468.025
243.171 468.025
243.431 468.525
243.431 468.525
243.691 469.025
243.691 469.025
244.21 470.025
244.21 470.025
244.73 471.025
244.73 471.025
244.99 471.525
245.25 472.025
245.509 472.525
245.509 472.525
245.769 473.025
245.769 473.025
246.029 473.525
246.289 474.025
246.289 474.025
246.808 475.025
246.808 475.025
247.068 475.525
247.328 476.025
247.588 476.525
247.588 476.525
247.847 477.025
247.847 477.025
248.367 478.025
248.367 478.025
248.887 479.025
248.887 479.025
249.146 479.525
249.406 480.025
249.666 480.525
249.666 480.525
249.926 481.025
249.926 481.025
250.185 481.525
250.445 482.025
250.445 482.025
250.965 483.025
250.965 483.025
251.225 483.525
251.225 483.525
251.484 484.025
251.484 484.025
251.744 484.525
251.744 484.525
251.744 484.525
252.004 485.025
252.004 485.025
252.004 485.025
252.524 486.025
252.524 486.025
252.524 486.025
252.783 486.525
253.043 487.025
253.303 487.525
253.563 488.025
253.822 488.525
253.822 488.525
253.822 488.525
254.082 489.025
254.082 489.025
254.082 489.025
254.342 489.525
254.342 489.525
254.602 490.025
254.602 490.025
254.602 490.025
255.121 491.025
255.121 491.025
255.121 491.025
255.381 491.525
255.641 492.025
255.901 492.525
255.901 492.525
256.161 493.025
256.161 493.025
256.68 494.025
256.68 494.025
257.2 495.025
257.2 495.025
257.459 495.525
257.719 496.025
257.979 496.525
257.979 496.525
258.239 497.025
258.239 497.025
258.499 497.525
258.758 498.025
258.758 498.025
259.278 499.025
259.278 499.025
259.538 499.525
259.538 499.525
259.797 500.025
259.797 500.025
260.057 500.525
260.057 500.525
260.317 501.025
260.317 501.025
260.837 502.025
260.837 502.025
261.096 502.525
261.356 503.025
261.356 503.025
261.616 503.525
261.876 504.025
262.136 504.525
262.136 504.525
262.395 505.025
262.395 505.025
262.655 505.525
262.915 506.025
262.915 506.025
263.434 507.025
263.434 507.025
263.434 507.025
263.694 507.525
263.954 508.025
264.214 508.525
264.214 508.525
264.474 509.025
264.474 509.025
264.733 509.525
264.993 510.025
264.993 510.025
265.513 511.025
265.513 511.025
265.773 511.525
265.773 511.525
266.032 512.025
266.292 512.525
266.292 512.525
266.552 513.025
266.552 513.025
266.812 513.525
267.071 514.025
267.071 514.025
267.591 515.025
267.591 515.025
267.851 515.525
267.851 515.525
268.111 516.025
268.111 516.025
268.37 516.525
268.37 516.525
268.63 517.025
268.63 517.025
269.15 518.025
269.15 518.025
269.41 518.525
269.669 519.025
269.669 519.025
269.929 519.525
270.189 520.025
270.449 520.525
270.449 520.525
270.708 521.025
270.708 521.025
270.968 521.525
271.228 522.025
271.228 522.025
271.748 523.025
271.748 523.025
271.748 523.025
272.007 523.525
272.267 524.025
272.527 524.525
272.527 524.525
272.787 525.025
272.787 525.025
273.046 525.525
273.306 526.025
273.306 526.025
273.826 527.025
273.826 527.025
274.086 527.525
274.086 527.525
274.345 528.025
274.605 528.525
274.605 528.525
274.865 529.025
274.865 529.025
275.125 529.525
275.385 530.025
275.385 530.025
275.904 531.025
275.904 531.025
275.904 531.025
276.683 532.525
276.683 532.525
276.683 532.525
276.943 533.025
276.943 533.025
276.943 533.025
276.943 533.025
276.943 533.025
277.463 534.025
277.463 534.025
277.463 534.025
277.463 534.025
277.463 534.025
277.982 535.025
277.982 535.025
277.982 535.025
278.242 535.525
278.762 536.525
278.762 536.525
278.762 536.525
279.022 537.025
279.022 537.025
279.022 537.025
279.022 537.025
279.541 538.025
279.541 538.025
279.541 538.025
280.061 539.025
280.061 539.025
280.061 539.025
280.32 539.525
280.84 540.525
280.84 540.525
280.84 540.525
281.1 541.025
281.1 541.025
281.1 541.025
281.1 541.025
281.619 542.025
281.619 542.025
281.619 542.025
282.139 543.025
282.139 543.025
282.139 543.025
282.918 544.525
282.918 544.525
283.178 545.025
283.178 545.025
283.178 545.025
283.698 546.025
284.217 547.025
284.217 547.025
284.217 547.025
284.997 548.525
284.997 548.525
284.997 548.525
285.256 549.025
285.256 549.025
285.256 549.025
285.256 549.025
285.776 550.025
285.776 550.025
285.776 550.025
286.296 551.025
286.296 551.025
286.296 551.025
286.555 551.525
287.075 552.525
287.075 552.525
287.075 552.525
287.335 553.025
287.335 553.025
287.335 553.025
287.335 553.025
287.854 554.025
287.854 554.025
287.854 554.025
288.374 555.025
288.374 555.025
288.374 555.025
288.634 555.525
289.153 556.525
289.153 556.525
289.153 556.525
289.413 557.025
289.413 557.025
289.413 557.025
289.413 557.025
289.932 558.025
289.932 558.025
289.932 558.025
290.452 559.025
290.452 559.025
290.452 559.025
291.231 560.525
291.491 561.025
291.491 561.025
291.491 561.025
291.491 561.025
291.491 561.025
292.011 562.025
292.53 563.025
292.53 563.025
292.53 563.025
293.31 564.525
293.31 564.525
293.31 564.525
293.569 565.025
293.569 565.025
293.569 565.025
293.569 565.025
293.569 565.025
294.089 566.025
294.089 566.025
294.089 566.025
294.089 566.025
294.089 566.025
294.609 567.025
294.609 567.025
294.609 567.025
294.868 567.525
295.388 568.525
295.388 568.525
295.388 568.525
295.648 569.025
295.648 569.025
295.648 569.025
295.648 569.025
296.167 570.025
296.167 570.025
296.167 570.025
296.687 571.025
296.687 571.025
296.687 571.025
296.947 571.525
297.466 572.525
297.466 572.525
297.466 572.525
297.726 573.025
297.726 573.025
297.726 573.025
297.726 573.025
298.246 574.025
298.246 574.025
298.246 574.025
298.765 575.025
298.765 575.025
298.765 575.025
299.545 576.525
299.545 576.525
299.804 577.025
299.804 577.025
299.804 577.025
300.324 578.025
300.843 579.025
300.843 579.025
300.843 579.025
301.623 580.525
301.623 580.525
301.623 580.525
301.883 581.025
301.883 581.025
301.883 581.025
301.883 581.025
302.402 582.025
302.402 582.025
302.402 582.025
302.922 583.025
302.922 583.025
302.922 583.025
303.182 583.525
303.701 584.525
303.701 584.525
303.701 584.525
303.961 585.025
303.961 585.025
303.961 585.025
303.961 585.025
304.48 586.025
304.48 586.025
304.48 586.025
305 587.025
305 587.025
305 587.025
305.26 587.525
305.779 588.525
305.779 588.525
305.779 588.525
306.039 589.025
306.039 589.025
306.039 589.025
306.039 589.025
306.559 590.025
306.559 590.025
306.559 590.025
307.078 591.025
307.078 591.025
307.078 591.025
