0.899999 1.35
1.23333 1.85
1.56667 2.35
1.9 2.85
2.56666 3.85
2.9 4.35
3.56666 5.35
3.9 5.85
4.23333 6.35
4.56666 6.85
5.23333 7.85
5.56666 8.35
5.89999 8.85
6.23333 9.35
6.23333 9.35
6.23333 9.35
6.23333 9.35
6.56666 9.85
6.89999 10.35
7.23333 10.85
7.23333 10.85
7.89999 11.85
8.23333 12.35
8.89999 13.35
8.89999 13.35
8.89999 13.35
9.23332 13.85
9.56666 14.35
9.89999 14.85
10.2333 15.35
10.5667 15.85
10.5667 15.85
10.9 16.35
10.9 16.35
10.9 16.35
11.2333 16.85
11.2333 16.85
11.2333 16.85
11.5667 17.35
11.5667 17.35
11.9 17.85
11.9 17.85
12.2333 18.35
12.2333 18.35
12.5667 18.85
12.5667 18.85
12.5667 18.85
12.5667 18.85
13.5667 20.35
13.5667 20.35
13.9 20.85
14.2333 21.35
14.5667 21.85
14.5667 21.85
14.9 22.35
15.2333 22.85
15.2333 22.85
15.2333 22.85
15.9 23.85
16.2333 24.35
16.5667 24.85
16.5667 24.85
16.9 25.35
17.2333 25.85
17.2333 25.85
17.5666 26.35
17.5666 26.35
17.9 26.85
17.9 26.85
17.9 26.85
18.5666 27.85
18.9 28.35
18.9 28.35
18.9 28.35
18.9 28.35
19.2333 28.85
19.5666 29.35
19.5666 29.35
19.6041 29.4062
19.9 29.85
19.9 29.85
20.2333 30.35
20.2333 30.35
20.2333 30.35
20.5666 30.85
20.9 31.35
20.9 31.35
20.9 31.35
20.9 31.35
21.2333 31.85
21.2333 31.85
21.5666 32.35
21.5666 32.35
21.5666 32.35
21.9 32.85
22.2333 33.35
22.2333 33.35
22.2333 33.35
22.2333 33.35
22.2333 33.35
22.2333 33.35
22.5666 33.85
23.2333 34.85
23.2333 34.85
23.2333 34.85
23.5666 35.35
23.9 35.85
23.9 35.85
24.2333 36.35
24.2333 36.35
24.2333 36.35
24.5666 36.85
24.5666 36.85
24.9 37.35
24.9 37.35
25.2333 37.85
25.5666 38.35
25.9 38.85
25.9 38.85
26.2333 39.35
26.5666 39.85
26.5666 39.85
26.9 40.35
26.9 40.35
27.2333 40.85
27.5666 41.35
27.5666 41.35
27.5666 41.35
27.5666 41.35
27.9 41.85
28.2333 42.35
28.5666 42.85
28.5666 42.85
28.9 43.35
28.9 43.35
29.2333 43.85
29.2333 43.85
29.2333 43.85
29.2333 43.85
29.4 44.1
29.5666 44.35
29.9 44.85
29.9 44.85
30.2333 45.35
30.2333 45.35
30.5666 45.85
30.8986 46.3479
30.9 46.35
31.2333 46.85
31.2333 46.85
31.2347 46.8521
31.9 47.85
31.9111 47.8667
32.2333 48.35
32.3902 48.5854
32.5486 48.8229
32.5666 48.85
32.9 49.35
32.9 49.35
32.9 49.35
33.2333 49.85
33.2333 49.85
33.5666 50.35
33.5666 50.35
33.9 50.85
33.9 50.85
34.2333 51.35
34.2333 51.35
34.5666 51.85
34.9 52.35
34.9 52.35
34.9 52.35
35.2333 52.85
35.5666 53.35
35.5666 53.35
35.5666 53.35
35.9 53.85
35.9 53.85
36.2333 54.35
36.2333 54.35
36.5666 54.85
36.5666 54.85
36.5666 54.85
36.8402 55.2604
36.9 55.35
36.9 55.35
37.2333 55.85
37.4 56.1
37.5666 56.35
37.9 56.85
37.9 56.85
38.2333 57.35
38.2333 57.35
38.2333 57.35
38.2333 57.35
38.5666 57.85
38.5666 57.85
38.9 58.35
38.9 58.35
39.2333 58.85
39.2333 58.85
39.2333 58.85
39.5666 59.35
39.5666 59.35
39.9 59.85
40.2333 60.35
40.2333 60.35
40.5666 60.85
40.9 61.35
40.9 61.35
40.9 61.35
41.2333 61.85
41.2333 61.85
41.5666 62.35
41.9 62.85
41.9 62.85
42.2333 63.35
42.2333 63.35
42.2333 63.35
42.5666 63.85
42.5666 63.85
42.9 64.35
42.9 64.35
42.9 64.35
43.2333 64.85
43.2333 64.85
43.5666 65.35
43.5666 65.35
43.5666 65.35
43.5666 65.35
43.5666 65.35
43.9 65.85
44.5666 66.85
44.5666 66.85
44.5666 66.85
44.9 67.35
45.2333 67.85
45.2333 67.85
45.5666 68.35
45.5666 68.35
45.5666 68.35
45.9 68.85
45.9 68.85
46.2333 69.35
46.5666 69.85
46.9 70.35
47.2333 70.85
47.2333 70.85
47.5666 71.35
47.9 71.85
47.9 71.85
48.2333 72.35
48.2333 72.35
48.5666 72.85
48.9 73.35
48.9 73.35
48.9 73.35
48.9 73.35
49.2333 73.85
49.5666 74.35
49.9 74.85
49.9 74.85
50.2333 75.35
50.2333 75.35
50.5666 75.85
50.5666 75.85
50.5666 75.85
50.5666 75.85
50.7333 76.1
50.8999 76.35
51.2333 76.85
51.2333 76.85
51.5666 77.35
51.5666 77.35
51.8999 77.85
51.8999 77.85
52.2333 78.35
52.2333 78.35
52.5666 78.85
52.5666 78.85
52.5666 78.85
52.8999 79.35
53.2333 79.85
53.2333 79.85
53.5666 80.35
53.5666 80.35
53.8999 80.85
53.8999 80.85
54.2333 81.35
54.2333 81.35
54.2333 81.35
54.2333 81.35
54.5666 81.85
54.5666 81.85
54.8999 82.35
54.8999 82.35
55.2333 82.85
55.2333 82.85
55.5666 83.35
55.5666 83.35
55.8999 83.85
56.2333 84.35
56.2333 84.35
56.2333 84.35
56.5666 84.85
56.8999 85.35
56.8999 85.35
56.8999 85.35
57.2333 85.85
57.2333 85.85
57.5666 86.35
57.8999 86.85
57.8999 86.85
58.2333 87.35
58.5666 87.85
58.8999 88.35
58.8999 88.35
58.8999 88.35
59.2333 88.85
59.2333 88.85
59.2333 88.85
59.5666 89.35
59.5666 89.35
59.5666 89.35
59.5666 89.35
59.5666 89.35
59.8999 89.85
60.2333 90.35
60.5666 90.85
60.5666 90.85
60.5666 90.85
60.5666 90.85
60.8999 91.35
60.8999 91.35
61.2333 91.85
61.5666 92.35
61.5666 92.35
61.5666 92.35
61.5666 92.35
61.8999 92.85
62.2333 93.35
62.2333 93.35
62.2333 93.35
62.2333 93.35
62.5666 93.85
62.8999 94.35
63.2333 94.85
63.2333 94.85
63.2333 94.85
63.3999 95.1
63.5666 95.35
63.5666 95.35
63.8999 95.85
63.8999 95.85
64.2333 96.35
64.2333 96.35
64.2333 96.35
64.5666 96.85
64.5666 96.85
64.7333 97.1
64.8999 97.35
64.8999 97.35
64.8999 97.35
64.8999 97.35
65.2333 97.85
65.2333 97.85
65.5666 98.35
65.5666 98.35
65.8999 98.85
65.8999 98.85
65.8999 98.85
66.2333 99.35
66.5666 99.85
66.8999 100.35
66.8999 100.35
66.8999 100.35
67.2333 100.85
67.5666 101.35
67.5666 101.35
67.5666 101.35
67.5666 101.35
67.8999 101.85
67.8999 101.85
68.2333 102.35
68.5666 102.85
68.5666 102.85
68.8999 103.35
68.8999 103.35
69.2333 103.85
69.2333 103.85
69.5666 104.35
69.5666 104.35
69.8999 104.85
69.8999 104.85
70.2333 105.35
70.2333 105.35
70.2333 105.35
70.2333 105.35
70.5666 105.85
70.5666 105.85
70.8999 106.35
70.8999 106.35
71.2333 106.85
71.2333 106.85
71.2333 106.85
71.5666 107.35
71.8999 107.85
72.2333 108.35
72.2333 108.35
72.5666 108.85
72.5666 108.85
72.8999 109.35
72.8999 109.35
72.8999 109.35
73.2333 109.85
73.2333 109.85
73.5666 110.35
73.8999 110.85
73.8999 110.85
73.8999 110.85
74.2333 111.35
74.5666 111.85
74.5666 111.85
74.5666 111.85
74.8999 112.35
74.8999 112.35
75.2333 112.85
75.5666 113.35
75.5666 113.35
75.5666 113.35
75.5666 113.35
75.8999 113.85
75.8999 113.85
76.2333 114.35
76.2333 114.35
76.5666 114.85
76.5666 114.85
76.8999 115.35
76.8999 115.35
77.2333 115.85
77.5666 116.35
77.5666 116.35
77.8999 116.85
78.2333 117.35
78.2333 117.35
78.2333 117.35
78.2333 117.35
78.5666 117.85
78.8999 118.35
79.2333 118.85
79.2333 118.85
79.5666 119.35
79.8999 119.85
79.8999 119.85
80.2333 120.35
80.8999 121.35
80.8999 121.35
80.8999 121.35
81.2333 121.85
81.2333 121.85
81.5666 122.35
81.5666 122.35
81.8999 122.85
81.8999 122.85
81.8999 122.85
82.2333 123.35
82.2333 123.35
82.5666 123.85
82.8999 124.35
82.8999 124.35
82.8999 124.35
83.2333 124.85
83.5666 125.35
83.5666 125.35
83.5666 125.35
83.5666 125.35
83.8999 125.85
84.0666 126.1
84.2332 126.35
84.2332 126.35
84.5666 126.85
84.5666 126.85
84.8999 127.35
84.8999 127.35
84.8999 127.35
85.2332 127.85
85.2332 127.85
85.5666 128.35
85.5666 128.35
85.7332 128.6
85.8999 128.85
85.8999 128.85
86.0666 129.1
86.2332 129.35
86.2332 129.35
86.2332 129.35
86.2332 129.35
86.2332 129.35
86.2332 129.35
86.5666 129.85
86.8999 130.35
87.2366 130.85
87.2366 130.85
87.2366 130.85
87.2366 130.85
87.2366 130.85
87.5737 131.35
87.5737 131.35
87.9108 131.85
87.9108 131.85
88.2479 132.35
88.2479 132.35
88.2479 132.35
88.2479 132.35
88.2479 132.35
88.5849 132.85
88.5849 132.85
88.5849 132.85
88.922 133.35
88.922 133.35
88.922 133.35
88.922 133.35
88.922 133.35
88.922 133.35
89.2591 133.85
89.2591 133.85
89.5935 134.35
89.9268 134.85
89.9268 134.85
89.9268 134.85
90.2602 135.35
90.2602 135.35
90.5935 135.85
90.9268 136.35
90.9268 136.35
90.9268 136.35
90.9268 136.35
91.2602 136.85
91.5935 137.35
91.5935 137.35
91.5935 137.35
91.5935 137.35
91.9268 137.85
92.2602 138.35
92.5935 138.85
92.5935 138.85
92.5935 138.85
92.9268 139.35
93.2602 139.85
93.2602 139.85
93.5935 140.35
93.5935 140.35
93.5935 140.35
93.5935 140.35
93.9268 140.85
93.9268 140.85
93.9268 140.85
94.2602 141.35
94.2602 141.35
94.2602 141.35
94.2602 141.35
94.2602 141.35
94.5935 141.85
94.5935 141.85
94.9268 142.35
95.2602 142.85
95.2602 142.85
95.2602 142.85
95.5935 143.35
95.9268 143.85
95.9268 143.85
96.2602 144.35
96.2602 144.35
96.2602 144.35
96.5935 144.85
96.9268 145.35
96.9268 145.35
96.9268 145.35
96.9268 145.35
96.9268 145.35
97.2602 145.85
97.5935 146.35
97.9268 146.85
97.9268 146.85
98.2602 147.35
98.2602 147.35
98.5935 147.85
98.9268 148.35
98.9268 148.35
98.9268 148.35
99.2602 148.85
99.2602 148.85
99.5935 149.35
99.5935 149.35
99.5935 149.35
99.5935 149.35
99.9268 149.85
99.9268 149.85
100.26 150.35
100.594 150.85
100.594 150.85
100.594 150.85
100.927 151.35
101.26 151.85
101.594 152.35
101.594 152.35
101.594 152.35
101.594 152.35
101.927 152.85
102.26 153.35
102.26 153.35
102.26 153.35
102.26 153.35
102.26 153.35
102.594 153.85
102.927 154.35
103.26 154.85
103.26 154.85
103.26 154.85
103.927 155.85
104.26 156.35
104.26 156.35
104.26 156.35
104.26 156.35
104.26 156.35
104.593 156.85
104.593 156.85
104.593 156.85
104.927 157.35
104.927 157.35
104.927 157.35
104.927 157.35
105.26 157.85
105.427 158.1
105.593 158.35
105.927 158.85
105.927 158.85
105.927 158.85
106.26 159.35
106.593 159.85
106.927 160.35
106.927 160.35
106.927 160.35
107.26 160.85
107.593 161.35
107.593 161.35
107.593 161.35
107.593 161.35
107.593 161.35
107.927 161.85
108.26 162.35
108.593 162.85
108.593 162.85
108.927 163.35
108.927 163.35
108.927 163.35
109.26 163.85
109.26 163.85
109.593 164.35
109.593 164.35
109.593 164.35
109.593 164.35
109.927 164.85
109.927 164.85
109.927 164.85
110.26 165.35
110.26 165.35
110.26 165.35
110.26 165.35
110.26 165.35
110.26 165.35
110.593 165.85
110.593 165.85
110.927 166.35
111.26 166.85
111.26 166.85
111.26 166.85
111.593 167.35
111.593 167.35
111.927 167.85
112.26 168.35
112.26 168.35
112.26 168.35
112.26 168.35
112.593 168.85
112.927 169.35
112.927 169.35
112.927 169.35
112.927 169.35
113.26 169.85
113.593 170.35
113.927 170.85
113.927 170.85
113.927 170.85
114.26 171.35
114.593 171.85
114.593 171.85
114.927 172.35
114.927 172.35
114.927 172.35
114.927 172.35
115.26 172.85
115.26 172.85
115.26 172.85
115.593 173.35
115.593 173.35
115.593 173.35
115.593 173.35
115.593 173.35
115.927 173.85
115.927 173.85
116.26 174.35
116.593 174.85
116.593 174.85
116.593 174.85
116.927 175.35
117.26 175.85
117.26 175.85
117.593 176.35
117.593 176.35
117.593 176.35
117.927 176.85
118.26 177.35
118.26 177.35
118.26 177.35
118.26 177.35
118.26 177.35
118.593 177.85
118.927 178.35
119.26 178.85
119.26 178.85
119.593 179.35
119.593 179.35
119.927 179.85
120.26 180.35
120.26 180.35
120.26 180.35
120.593 180.85
120.593 180.85
120.927 181.35
120.927 181.35
120.927 181.35
120.927 181.35
121.26 181.85
121.26 181.85
121.593 182.35
121.927 182.85
121.927 182.85
121.927 182.85
122.26 183.35
122.593 183.85
122.927 184.35
122.927 184.35
122.927 184.35
122.927 184.35
123.26 184.85
123.593 185.35
123.593 185.35
123.593 185.35
123.593 185.35
123.593 185.35
123.927 185.85
124.26 186.35
124.593 186.85
124.593 186.85
124.593 186.85
125.26 187.85
125.593 188.35
125.593 188.35
125.593 188.35
125.593 188.35
125.593 188.35
125.927 188.85
125.927 188.85
125.927 188.85
126.26 189.35
126.26 189.35
126.26 189.35
126.26 189.35
126.26 189.35
126.593 189.85
126.927 190.35
127.26 190.85
127.26 190.85
127.593 191.35
127.593 191.35
127.593 191.35
127.593 191.35
127.927 191.85
128.26 192.35
128.26 192.35
128.26 192.35
128.593 192.85
128.927 193.35
128.927 193.35
128.927 193.35
128.927 193.35
128.927 193.35
129.26 193.85
129.593 194.35
129.927 194.85
129.927 194.85
129.927 194.85
129.927 194.85
130.26 195.35
130.593 195.85
130.593 195.85
130.927 196.35
130.927 196.35
131.26 196.85
131.26 196.85
131.26 196.85
131.593 197.35
131.593 197.35
131.593 197.35
131.593 197.35
131.593 197.35
131.593 197.35
131.927 197.85
132.26 198.35
132.593 198.85
132.593 198.85
133.26 199.85
133.593 200.35
133.593 200.35
133.593 200.35
133.927 200.85
133.927 200.85
134.26 201.35
134.26 201.35
134.26 201.35
134.26 201.35
134.593 201.85
135.26 202.85
135.26 202.85
135.927 203.85
136.26 204.35
136.26 204.35
136.26 204.35
136.593 204.85
136.927 205.35
136.927 205.35
136.927 205.35
136.927 205.35
137.26 205.85
137.593 206.35
137.927 206.85
137.927 206.85
138.593 207.85
138.593 207.85
138.927 208.35
138.927 208.35
138.927 208.35
139.593 209.35
139.593 209.35
139.593 209.35
139.593 209.35
139.927 209.85
140.26 210.35
140.593 210.85
140.593 210.85
141.26 211.85
141.593 212.35
141.593 212.35
141.927 212.85
142.26 213.35
142.26 213.35
142.26 213.35
142.26 213.35
142.26 213.35
142.593 213.85
142.927 214.35
143.26 214.85
143.26 214.85
143.927 215.85
144.26 216.35
144.593 216.85
144.593 216.85
144.927 217.35
144.927 217.35
144.927 217.35
144.927 217.35
145.26 217.85
145.927 218.85
145.927 218.85
145.927 218.85
146.593 219.85
146.927 220.35
146.927 220.35
146.927 220.35
146.927 220.35
147.26 220.85
147.593 221.35
147.593 221.35
147.593 221.35
147.593 221.35
147.593 221.35
147.927 221.85
148.593 222.85
148.593 222.85
148.593 222.85
149.593 224.35
149.927 224.85
150.26 225.35
150.26 225.35
150.26 225.35
150.26 225.35
150.26 225.35
150.26 225.35
150.593 225.85
150.927 226.35
151.26 226.85
151.26 226.85
151.427 227.1
151.593 227.35
151.593 227.35
151.593 227.35
151.593 227.35
151.593 227.35
151.93 227.85
152.271 228.35
152.271 228.35
152.271 228.35
152.271 228.35
152.612 228.85
152.953 229.35
152.953 229.35
152.953 229.35
152.953 229.35
152.953 229.35
152.953 229.35
153.294 229.85
153.962 230.85
153.962 230.85
153.962 230.85
154.296 231.35
154.629 231.85
154.629 231.85
154.962 232.35
154.962 232.35
154.962 232.35
155.296 232.85
155.296 232.85
155.629 233.35
155.962 233.85
156.296 234.35
156.629 234.85
156.629 234.85
156.962 235.35
157.296 235.85
157.296 235.85
157.629 236.35
157.629 236.35
157.962 236.85
158.296 237.35
158.296 237.35
158.296 237.35
158.296 237.35
158.629 237.85
158.962 238.35
159.296 238.85
159.296 238.85
159.629 239.35
159.629 239.35
159.962 239.85
159.962 239.85
159.962 239.85
159.962 239.85
160.129 240.1
160.296 240.35
160.629 240.85
160.629 240.85
160.962 241.35
160.962 241.35
161.296 241.85
161.296 241.85
161.629 242.35
161.629 242.35
161.962 242.85
161.962 242.85
161.962 242.85
162.296 243.35
162.629 243.85
162.629 243.85
162.962 244.35
162.962 244.35
163.296 244.85
163.296 244.85
163.629 245.35
163.629 245.35
163.629 245.35
163.629 245.35
163.962 245.85
163.962 245.85
164.296 246.35
164.296 246.35
164.629 246.85
164.629 246.85
164.962 247.35
164.962 247.35
165.296 247.85
165.629 248.35
165.629 248.35
165.629 248.35
165.962 248.85
166.296 249.35
166.296 249.35
166.296 249.35
166.629 249.85
166.629 249.85
166.962 250.35
167.296 250.85
167.296 250.85
167.629 251.35
167.962 251.85
168.296 252.35
168.296 252.35
168.296 252.35
168.629 252.85
168.629 252.85
168.629 252.85
168.962 253.35
168.962 253.35
168.962 253.35
168.962 253.35
168.962 253.35
169.296 253.85
169.629 254.35
169.962 254.85
169.962 254.85
169.962 254.85
169.962 254.85
170.296 255.35
170.296 255.35
170.629 255.85
170.962 256.35
170.962 256.35
170.962 256.35
170.962 256.35
171.296 256.85
171.629 257.35
171.629 257.35
171.629 257.35
171.629 257.35
171.962 257.85
172.296 258.35
172.629 258.85
172.629 258.85
172.629 258.85
172.796 259.1
172.962 259.35
172.962 259.35
173.296 259.85
173.296 259.85
173.629 260.35
173.629 260.35
173.629 260.35
173.962 260.85
173.962 260.85
174.129 261.1
174.296 261.35
174.296 261.35
174.296 261.35
174.296 261.35
174.629 261.85
174.629 261.85
174.962 262.35
174.962 262.35
175.296 262.85
175.296 262.85
175.296 262.85
175.629 263.35
175.962 263.85
176.296 264.35
176.296 264.35
176.296 264.35
176.629 264.85
176.962 265.35
176.962 265.35
176.962 265.35
176.962 265.35
177.296 265.85
177.296 265.85
177.629 266.35
177.962 266.85
177.962 266.85
178.296 267.35
178.296 267.35
178.629 267.85
178.629 267.85
178.962 268.35
178.962 268.35
179.296 268.85
179.296 268.85
179.629 269.35
179.629 269.35
179.629 269.35
179.629 269.35
179.962 269.85
179.962 269.85
180.296 270.35
180.296 270.35
180.629 270.85
180.629 270.85
180.629 270.85
180.962 271.35
181.296 271.85
181.629 272.35
181.629 272.35
181.962 272.85
181.962 272.85
182.296 273.35
182.296 273.35
182.296 273.35
182.629 273.85
182.629 273.85
182.962 274.35
183.296 274.85
183.296 274.85
183.296 274.85
183.629 275.35
183.962 275.85
183.962 275.85
183.962 275.85
184.296 276.35
184.296 276.35
184.629 276.85
184.962 277.35
184.962 277.35
184.962 277.35
184.962 277.35
185.296 277.85
185.296 277.85
185.629 278.35
185.629 278.35
185.962 278.85
185.962 278.85
186.296 279.35
186.296 279.35
186.629 279.85
186.962 280.35
186.962 280.35
187.296 280.85
187.629 281.35
187.629 281.35
187.629 281.35
187.629 281.35
187.962 281.85
188.296 282.35
188.629 282.85
188.629 282.85
188.962 283.35
189.296 283.85
189.296 283.85
189.629 284.35
190.296 285.35
190.296 285.35
190.296 285.35
190.629 285.85
190.629 285.85
190.962 286.35
190.962 286.35
191.296 286.85
191.296 286.85
191.296 286.85
191.629 287.35
191.629 287.35
191.962 287.85
192.296 288.35
192.296 288.35
192.296 288.35
192.629 288.85
192.962 289.35
192.962 289.35
192.962 289.35
192.962 289.35
193.296 289.85
193.462 290.1
193.629 290.35
193.629 290.35
193.962 290.85
193.962 290.85
194.296 291.35
194.296 291.35
194.296 291.35
194.629 291.85
194.629 291.85
194.962 292.35
194.962 292.35
195.129 292.6
195.296 292.85
195.296 292.85
195.462 293.1
195.629 293.35
195.629 293.35
195.629 293.35
195.629 293.35
195.629 293.35
195.629 293.35
195.962 293.85
196.296 294.35
196.631 294.85
196.631 294.85
196.631 294.85
196.631 294.85
196.631 294.85
196.97 295.35
196.97 295.35
197.315 295.85
197.315 295.85
197.66 296.35
197.66 296.35
197.66 296.35
197.66 296.35
197.66 296.35
198.005 296.85
198.005 296.85
198.005 296.85
198.349 297.35
198.349 297.35
198.349 297.35
198.349 297.35
198.349 297.35
198.349 297.35
198.694 297.85
198.694 297.85
199.029 298.35
199.362 298.85
199.362 298.85
199.362 298.85
199.696 299.35
199.696 299.35
200.029 299.85
200.362 300.35
200.362 300.35
200.362 300.35
200.362 300.35
200.696 300.85
201.029 301.35
201.029 301.35
201.029 301.35
201.029 301.35
201.362 301.85
201.696 302.35
202.029 302.85
202.029 302.85
202.029 302.85
202.362 303.35
202.696 303.85
202.696 303.85
203.029 304.35
203.029 304.35
203.029 304.35
203.029 304.35
203.362 304.85
203.362 304.85
203.362 304.85
203.696 305.35
203.696 305.35
203.696 305.35
203.696 305.35
203.696 305.35
204.029 305.85
204.029 305.85
204.362 306.35
204.696 306.85
204.696 306.85
204.696 306.85
205.029 307.35
205.362 307.85
205.362 307.85
205.696 308.35
205.696 308.35
205.696 308.35
206.029 308.85
206.362 309.35
206.362 309.35
206.362 309.35
206.362 309.35
206.362 309.35
206.696 309.85
207.029 310.35
207.362 310.85
207.362 310.85
207.696 311.35
207.696 311.35
208.029 311.85
208.362 312.35
208.362 312.35
208.362 312.35
208.696 312.85
208.696 312.85
209.029 313.35
209.029 313.35
209.029 313.35
209.029 313.35
209.362 313.85
209.362 313.85
209.696 314.35
210.029 314.85
210.029 314.85
210.029 314.85
210.362 315.35
210.696 315.85
211.029 316.35
211.029 316.35
211.029 316.35
211.029 316.35
211.362 316.85
211.696 317.35
211.696 317.35
211.696 317.35
211.696 317.35
211.696 317.35
212.029 317.85
212.362 318.35
212.696 318.85
212.696 318.85
212.696 318.85
213.362 319.85
213.696 320.35
213.696 320.35
213.696 320.35
213.696 320.35
213.696 320.35
214.029 320.85
214.029 320.85
214.029 320.85
214.362 321.35
214.362 321.35
214.362 321.35
214.362 321.35
214.696 321.85
214.862 322.1
215.029 322.35
215.362 322.85
215.362 322.85
215.362 322.85
215.696 323.35
216.029 323.85
216.362 324.35
216.362 324.35
216.362 324.35
216.696 324.85
217.029 325.35
217.029 325.35
217.029 325.35
217.029 325.35
217.029 325.35
217.362 325.85
217.696 326.35
218.029 326.85
218.029 326.85
218.362 327.35
218.362 327.35
218.362 327.35
218.696 327.85
218.696 327.85
219.029 328.35
219.029 328.35
219.029 328.35
219.029 328.35
219.362 328.85
219.362 328.85
219.362 328.85
219.696 329.35
219.696 329.35
219.696 329.35
219.696 329.35
219.696 329.35
219.696 329.35
220.029 329.85
220.029 329.85
220.362 330.35
220.696 330.85
220.696 330.85
220.696 330.85
221.029 331.35
221.029 331.35
221.362 331.85
221.696 332.35
221.696 332.35
221.696 332.35
221.696 332.35
222.029 332.85
222.362 333.35
222.362 333.35
222.362 333.35
222.362 333.35
222.696 333.85
223.029 334.35
223.362 334.85
223.362 334.85
223.362 334.85
223.696 335.35
224.029 335.85
224.029 335.85
224.362 336.35
224.362 336.35
224.362 336.35
224.362 336.35
224.696 336.85
224.696 336.85
224.696 336.85
225.029 337.35
225.029 337.35
225.029 337.35
225.029 337.35
225.029 337.35
225.362 337.85
225.362 337.85
225.696 338.35
226.029 338.85
226.029 338.85
226.029 338.85
226.362 339.35
226.696 339.85
226.696 339.85
227.029 340.35
227.029 340.35
227.029 340.35
227.362 340.85
227.696 341.35
227.696 341.35
227.696 341.35
227.696 341.35
227.696 341.35
228.029 341.85
228.362 342.35
228.696 342.85
228.696 342.85
229.029 343.35
229.029 343.35
229.362 343.85
229.696 344.35
229.696 344.35
229.696 344.35
230.029 344.85
230.029 344.85
230.362 345.35
230.362 345.35
230.362 345.35
230.362 345.35
230.696 345.85
230.696 345.85
231.029 346.35
231.362 346.85
231.362 346.85
231.362 346.85
231.696 347.35
232.029 347.85
232.362 348.35
232.362 348.35
232.362 348.35
232.362 348.35
232.696 348.85
233.029 349.35
233.029 349.35
233.029 349.35
233.029 349.35
233.029 349.35
233.362 349.85
233.696 350.35
234.029 350.85
234.029 350.85
234.029 350.85
234.696 351.85
235.029 352.35
235.029 352.35
235.029 352.35
235.029 352.35
235.029 352.35
235.362 352.85
235.362 352.85
235.362 352.85
235.696 353.35
235.696 353.35
235.696 353.35
235.696 353.35
236.029 353.85
236.362 354.35
236.696 354.85
236.696 354.85
236.696 354.85
237.029 355.35
237.362 355.85
237.696 356.35
237.696 356.35
237.696 356.35
238.029 356.85
238.362 357.35
238.362 357.35
238.362 357.35
238.362 357.35
238.362 357.35
238.696 357.85
239.029 358.35
239.362 358.85
239.362 358.85
239.696 359.35
239.696 359.35
239.696 359.35
240.029 359.85
240.029 359.85
240.362 360.35
240.362 360.35
240.362 360.35
240.362 360.35
240.696 360.85
240.696 360.85
240.696 360.85
241.029 361.35
241.029 361.35
241.029 361.35
241.029 361.35
241.029 361.35
241.029 361.35
241.362 361.85
241.362 361.85
241.696 362.35
242.029 362.85
242.029 362.85
242.029 362.85
242.362 363.35
242.362 363.35
242.696 363.85
243.029 364.35
243.029 364.35
243.029 364.35
243.029 364.35
243.362 364.85
243.696 365.35
243.696 365.35
243.696 365.35
243.696 365.35
244.029 365.85
244.362 366.35
244.696 366.85
244.696 366.85
244.696 366.85
245.029 367.35
245.362 367.85
245.362 367.85
245.696 368.35
245.696 368.35
245.696 368.35
245.696 368.35
246.029 368.85
246.029 368.85
246.029 368.85
246.362 369.35
246.362 369.35
246.362 369.35
246.362 369.35
246.362 369.35
246.696 369.85
246.696 369.85
247.029 370.35
247.362 370.85
247.362 370.85
247.362 370.85
247.696 371.35
248.029 371.85
248.029 371.85
248.362 372.35
248.362 372.35
248.362 372.35
248.696 372.85
249.029 373.35
249.029 373.35
249.029 373.35
249.029 373.35
249.029 373.35
249.362 373.85
249.696 374.35
250.029 374.85
250.029 374.85
250.362 375.35
250.362 375.35
250.696 375.85
251.029 376.35
251.029 376.35
251.029 376.35
251.362 376.85
251.362 376.85
251.696 377.35
251.696 377.35
251.696 377.35
251.696 377.35
252.029 377.85
252.029 377.85
252.362 378.35
252.696 378.85
252.696 378.85
252.696 378.85
253.029 379.35
253.362 379.85
253.696 380.35
253.696 380.35
253.696 380.35
253.696 380.35
254.029 380.85
254.362 381.35
254.362 381.35
254.362 381.35
254.362 381.35
254.362 381.35
254.696 381.85
255.029 382.35
255.362 382.85
255.362 382.85
255.362 382.85
256.029 383.85
256.362 384.35
256.362 384.35
256.362 384.35
256.362 384.35
256.362 384.35
256.696 384.85
256.696 384.85
256.696 384.85
257.029 385.35
257.029 385.35
257.029 385.35
257.029 385.35
257.029 385.35
257.362 385.85
257.696 386.35
258.029 386.85
258.029 386.85
258.362 387.35
258.362 387.35
258.362 387.35
258.362 387.35
258.696 387.85
259.029 388.35
259.029 388.35
259.029 388.35
259.362 388.85
259.696 389.35
259.696 389.35
259.696 389.35
259.696 389.35
259.696 389.35
260.029 389.85
260.362 390.35
260.696 390.85
260.696 390.85
260.696 390.85
260.696 390.85
261.029 391.35
261.362 391.85
261.362 391.85
261.696 392.35
261.696 392.35
262.029 392.85
262.029 392.85
262.029 392.85
262.362 393.35
262.362 393.35
262.362 393.35
262.362 393.35
262.362 393.35
262.362 393.35
262.696 393.85
263.029 394.35
263.362 394.85
263.362 394.85
264.029 395.85
264.362 396.35
264.362 396.35
264.362 396.35
264.696 396.85
264.696 396.85
265.029 397.35
265.029 397.35
265.029 397.35
265.029 397.35
265.362 397.85
266.029 398.85
266.029 398.85
266.696 399.85
267.029 400.35
267.029 400.35
267.029 400.35
267.362 400.85
267.696 401.35
267.696 401.35
267.696 401.35
267.696 401.35
268.029 401.85
268.362 402.35
268.696 402.85
268.696 402.85
269.362 403.85
269.696 404.35
269.696 404.35
270.362 405.35
270.362 405.35
270.362 405.35
270.696 405.85
271.029 406.35
271.362 406.85
271.362 406.85
272.029 407.85
272.362 408.35
272.362 408.35
272.696 408.85
273.029 409.35
273.029 409.35
273.029 409.35
273.029 409.35
273.029 409.35
273.362 409.85
273.696 410.35
274.029 410.85
274.029 410.85
274.696 411.85
275.029 412.35
275.362 412.85
275.362 412.85
275.696 413.35
275.696 413.35
275.696 413.35
275.696 413.35
276.029 413.85
276.696 414.85
276.696 414.85
276.696 414.85
277.362 415.85
277.696 416.35
277.696 416.35
277.696 416.35
278.029 416.85
278.362 417.35
278.362 417.35
278.362 417.35
278.362 417.35
278.696 417.85
279.362 418.85
279.362 418.85
279.362 418.85
280.362 420.35
280.696 420.85
281.029 421.35
281.029 421.35
281.029 421.35
281.029 421.35
281.029 421.35
281.362 421.85
281.696 422.35
282.029 422.85
282.029 422.85
282.196 423.1
282.362 423.35
282.362 423.35
282.362 423.35
282.362 423.35
282.696 423.85
283.029 424.35
283.029 424.35
283.029 424.35
283.029 424.35
283.362 424.85
283.696 425.35
283.696 425.35
284.029 425.85
284.029 425.85
284.362 426.35
284.362 426.35
284.696 426.85
284.696 426.85
284.696 426.85
284.696 426.85
285.696 428.35
285.696 428.35
286.029 428.85
286.362 429.35
286.696 429.85
286.696 429.85
287.029 430.35
287.362 430.85
287.362 430.85
287.362 430.85
288.029 431.85
288.362 432.35
288.696 432.85
288.696 432.85
289.029 433.35
289.362 433.85
289.362 433.85
289.696 434.35
289.696 434.35
290.029 434.85
290.029 434.85
290.029 434.85
290.696 435.85
291.029 436.35
291.029 436.35
291.029 436.35
291.029 436.35
291.362 436.85
291.696 437.35
291.696 437.35
292.029 437.85
292.029 437.85
292.362 438.35
292.362 438.35
292.362 438.35
292.696 438.85
293.029 439.35
293.029 439.35
293.029 439.35
293.029 439.35
293.362 439.85
293.362 439.85
293.696 440.35
293.696 440.35
293.696 440.35
294.029 440.85
294.029 440.85
294.362 441.35
294.362 441.35
294.362 441.35
294.696 441.85
295.029 442.35
295.362 442.85
295.362 442.85
295.362 442.85
296.362 444.35
296.696 444.85
297.029 445.35
297.362 445.85
298.029 446.85
298.029 446.85
298.696 447.85
299.362 448.85
299.362 448.85
299.696 449.35
300.029 449.85
300.362 450.35
300.696 450.85
300.696 450.85
301.362 451.85
301.696 452.35
301.696 452.35
301.696 452.35
302.029 452.85
302.362 453.35
302.696 453.85
303.029 454.35
303.029 454.35
303.362 454.85
303.696 455.35
303.696 455.35
303.696 455.35
304.029 455.85
304.362 456.35
304.362 456.35
304.696 456.85
