0.943548 0.975
0.943548 0.975
0.943548 0.975
0.943548 0.975
0.943548 0.975
1.18548 1.225
1.18548 1.225
1.18548 1.225
1.42742 1.475
1.42742 1.475
1.42742 1.475
1.66935 1.725
1.66935 1.725
1.91129 1.975
1.91129 1.975
1.91129 1.975
1.91129 1.975
2.15323 2.225
2.39516 2.475
2.39516 2.475
2.39516 2.475
2.39516 2.475
2.39516 2.475
4.81452 4.975
4.81452 4.975
4.81452 4.975
4.81452 4.975
5.05645 5.225
5.05645 5.225
5.29839 5.475
5.29839 5.475
5.29839 5.475
5.54032 5.725
5.54032 5.725
5.78226 5.975
5.78226 5.975
5.78226 5.975
6.02419 6.225
6.26613 6.475
6.26613 6.475
6.26613 6.475
6.26613 6.475
6.26613 6.475
7.71774 7.975
7.71774 7.975
8.68548 8.975
8.68548 8.975
8.68548 8.975
8.68548 8.975
8.68548 8.975
8.92742 9.225
8.92742 9.225
8.92742 9.225
9.16936 9.475
9.16936 9.475
9.16936 9.475
9.41129 9.725
9.41129 9.725
9.65323 9.975
9.65323 9.975
9.65323 9.975
9.65323 9.975
9.89516 10.225
10.1371 10.475
10.1371 10.475
10.1371 10.475
10.1371 10.475
10.1371 10.475
12.5565 12.975
12.5565 12.975
12.5565 12.975
12.5565 12.975
12.7984 13.225
12.7984 13.225
12.7984 13.225
13.0403 13.475
13.0403 13.475
13.0403 13.475
13.2823 13.725
13.2823 13.725
13.5242 13.975
13.5242 13.975
13.5242 13.975
13.5242 13.975
14.0081 14.475
14.0081 14.475
14.0081 14.475
14.0081 14.475
14.0081 14.475
16.3024 16.8458
16.3508 16.8958
16.3831 16.9292
16.4335 16.9812
20.2984 20.975
20.2984 20.975
20.2984 20.975
20.2984 20.975
20.2984 20.975
20.5403 21.225
20.7823 21.475
21.0242 21.725
21.2661 21.975
21.2661 21.975
21.2661 21.975
21.2661 21.975
21.5081 22.225
21.9919 22.725
22.2339 22.975
22.2339 22.975
22.2339 22.975
22.2339 22.975
22.4758 23.225
22.7177 23.475
22.9597 23.725
23.2016 23.975
23.4435 24.225
23.6855 24.475
23.9274 24.725
24.1694 24.975
24.1694 24.975
24.1694 24.975
24.1694 24.975
24.4113 25.225
24.6532 25.475
24.8952 25.725
25.1371 25.975
25.1371 25.975
25.1371 25.975
25.1371 25.975
25.379 26.225
25.8629 26.725
26.1048 26.975
26.1048 26.975
26.1048 26.975
26.1048 26.975
26.3468 27.225
26.5887 27.475
26.8306 27.725
26.8306 27.725
27.0726 27.975
27.0726 27.975
27.3145 28.225
27.7984 28.725
28.0403 28.975
28.0403 28.975
28.0403 28.975
28.0403 28.975
28.2823 29.225
28.5242 29.475
28.7661 29.725
29.0081 29.975
29.0081 29.975
29.0081 29.975
29.25 30.225
29.7339 30.725
29.9758 30.975
29.9758 30.975
29.9758 30.975
29.9758 30.975
29.9758 30.975
30.2177 31.225
30.4597 31.475
30.7016 31.725
30.9436 31.975
30.9436 31.975
31.1855 32.225
31.4274 32.475
31.4274 32.475
31.9113 32.975
31.9113 32.975
31.9113 32.975
31.9113 32.975
32.3952 33.475
32.3952 33.475
32.879 33.975
32.879 33.975
32.879 33.975
32.879 33.975
33.6431 34.7646
33.7218 34.8458
33.8468 34.975
33.8468 34.975
33.8468 34.975
35.7823 36.975
35.7823 36.975
35.7823 36.975
35.7823 36.975
35.7823 36.975
36.0242 37.225
36.2661 37.475
36.5081 37.725
36.75 37.975
36.75 37.975
36.75 37.975
36.75 37.975
36.9919 38.225
37.4758 38.725
37.7177 38.975
37.7177 38.975
37.7177 38.975
37.7177 38.975
37.9597 39.225
38.2016 39.475
38.4436 39.725
38.6855 39.975
38.6855 39.975
38.9274 40.225
39.1694 40.475
39.4113 40.725
39.6532 40.975
39.6532 40.975
39.6532 40.975
39.6532 40.975
39.8952 41.225
40.1371 41.475
40.379 41.725
40.621 41.975
40.621 41.975
40.621 41.975
40.621 41.975
40.8629 42.225
41.3468 42.725
41.5887 42.975
41.5887 42.975
41.5887 42.975
41.5887 42.975
41.8306 43.225
42.0726 43.475
42.3145 43.725
42.5565 43.975
42.5565 43.975
42.7984 44.225
43.0403 44.475
43.2823 44.725
43.5242 44.975
43.5242 44.975
43.5242 44.975
43.5242 44.975
43.5242 44.975
43.7661 45.225
44.0081 45.475
44.25 45.725
44.4919 45.975
44.4919 45.975
44.4919 45.975
44.4919 45.975
44.7339 46.225
45.2177 46.725
45.4597 46.975
45.4597 46.975
45.4597 46.975
45.4597 46.975
45.7016 47.225
45.9436 47.475
46.1855 47.725
46.4274 47.975
46.4274 47.975
46.6694 48.225
46.7742 48.3333
46.9113 48.475
47.3952 48.975
47.3952 48.975
47.3952 48.975
47.3952 48.975
47.6371 49.225
47.879 49.475
47.879 49.475
48.121 49.725
48.3629 49.975
48.3629 49.975
48.3629 49.975
48.3629 49.975
48.6048 50.225
48.8468 50.475
48.8468 50.475
49.3306 50.975
49.3306 50.975
49.3306 50.975
49.3306 50.975
49.5726 51.225
49.8145 51.475
49.8145 51.475
50.0565 51.725
50.2984 51.975
50.2984 51.975
50.2984 51.975
50.2984 51.975
50.5403 52.225
50.7823 52.475
51.0242 52.725
51.2661 52.975
51.2661 52.975
51.2661 52.975
51.2661 52.975
51.2661 52.975
51.75 53.475
51.75 53.475
51.75 53.475
51.75 53.475
51.75 53.475
51.75 53.475
52.2339 53.975
52.2339 53.975
52.2339 53.975
52.2339 53.975
52.2339 53.975
52.7177 54.475
52.7177 54.475
52.7177 54.475
52.7177 54.475
52.7177 54.475
52.7177 54.475
52.7177 54.475
53.2016 54.975
53.2016 54.975
53.2016 54.975
53.2016 54.975
53.2016 54.975
53.2016 54.975
53.2016 54.975
53.2016 54.975
54.6532 56.475
54.8952 56.725
55.1371 56.975
55.1371 56.975
55.1371 56.975
55.1371 56.975
55.1371 56.975
55.1371 56.975
55.1371 56.975
55.379 57.225
55.621 57.475
55.8629 57.725
56.1048 57.975
56.1048 57.975
56.1048 57.975
56.1048 57.975
56.3468 58.225
56.5887 58.475
57.0726 58.975
57.0726 58.975
57.0726 58.975
57.3145 59.225
57.5565 59.475
57.7984 59.725
58.0403 59.975
58.0403 59.975
58.0403 59.975
58.5242 60.475
58.7661 60.725
59.0081 60.975
59.0081 60.975
59.0081 60.975
59.0081 60.975
59.0081 60.975
59.0081 60.975
59.25 61.225
59.4919 61.475
59.9758 61.975
59.9758 61.975
59.9758 61.975
59.9758 61.975
60.4597 62.475
60.7016 62.725
60.9436 62.975
60.9436 62.975
60.9436 62.975
61.9113 63.975
61.9113 63.975
61.9113 63.975
62.1532 64.225
62.3952 64.475
62.6371 64.725
62.879 64.975
62.879 64.975
62.879 64.975
62.879 64.975
63.121 65.225
63.3629 65.475
63.3629 65.475
63.6048 65.725
63.8468 65.975
63.8468 65.975
63.8468 65.975
63.8468 65.975
64.0887 66.225
64.3306 66.475
64.3306 66.475
64.8145 66.975
64.8145 66.975
64.8145 66.975
64.8145 66.975
65.2984 67.475
65.2984 67.475
65.5403 67.725
65.7823 67.975
65.7823 67.975
65.7823 67.975
66.0242 68.225
66.2661 68.475
66.75 68.975
66.75 68.975
66.75 68.975
66.75 68.975
66.75 68.975
66.75 68.975
66.75 68.975
66.9919 69.225
67.2339 69.475
67.4758 69.725
67.4758 69.725
67.7177 69.975
67.7177 69.975
67.7177 69.975
67.7177 69.975
67.9597 70.225
68.4436 70.725
68.6855 70.975
68.6855 70.975
68.6855 70.975
69.6532 71.975
69.6532 71.975
69.6532 71.975
69.6532 71.975
70.1371 72.475
70.1371 72.475
70.621 72.975
70.621 72.975
70.621 72.975
70.621 72.975
70.621 72.975
70.8629 73.225
71.1048 73.475
71.1048 73.475
71.3468 73.725
71.5887 73.975
71.5887 73.975
71.5887 73.975
71.5887 73.975
71.8306 74.225
72.0726 74.475
72.0726 74.475
72.5565 74.975
72.5565 74.975
72.5565 74.975
72.7984 75.225
73.0403 75.475
73.0403 75.475
73.2823 75.725
73.5242 75.975
73.5242 75.975
73.5242 75.975
74.0081 76.475
74.0081 76.475
74.25 76.725
74.4919 76.975
74.4919 76.975
74.4919 76.975
74.4919 76.975
74.4919 76.975
74.9758 77.475
74.9758 77.475
75.4597 77.975
75.4597 77.975
75.4597 77.975
75.4597 77.975
75.9436 78.475
75.9436 78.475
76.1855 78.725
76.4274 78.975
76.4274 78.975
76.4274 78.975
76.9113 79.475
77.3952 79.975
77.3952 79.975
77.3952 79.975
77.6371 80.225
77.879 80.475
78.121 80.725
78.121 80.725
78.121 80.725
78.3629 80.975
78.3629 80.975
78.3629 80.975
78.3629 80.975
78.3629 80.975
78.6048 81.225
78.8468 81.475
78.8468 81.475
79.0887 81.725
79.3307 81.975
79.3307 81.975
79.3307 81.975
79.3307 81.975
79.5726 82.225
79.8145 82.475
79.8145 82.475
80.2984 82.975
80.2984 82.975
80.2984 82.975
80.2984 82.975
80.2984 82.975
80.2984 82.975
80.2984 82.975
81.2661 83.975
82.2339 84.975
82.2339 84.975
82.2339 84.975
82.2339 84.975
82.2339 84.975
82.2339 84.975
82.2339 84.975
82.4758 85.225
82.7177 85.475
82.7177 85.475
82.9597 85.725
83.2016 85.975
83.4436 86.225
83.6855 86.475
83.6855 86.475
83.6855 86.475
83.6855 86.475
83.6855 86.475
83.6855 86.475
83.6855 86.475
86.1048 88.975
86.1048 88.975
86.1048 88.975
86.1048 88.975
86.1048 88.975
86.1048 88.975
86.3468 89.225
86.5887 89.475
86.8307 89.725
87.0726 89.975
87.3145 90.225
87.5565 90.475
87.5565 90.475
87.5565 90.475
87.5565 90.475
87.5565 90.475
87.5565 90.475
89.9758 92.975
89.9758 92.975
89.9758 92.975
89.9758 92.975
89.9758 92.975
89.9758 92.975
89.9758 92.975
90.2177 93.225
90.4597 93.475
90.7016 93.725
90.9436 93.975
91.1855 94.225
91.4274 94.475
91.4274 94.475
91.4274 94.475
91.4274 94.475
91.4274 94.475
91.4274 94.475
91.4274 94.475
93.121 96.225
93.8468 96.975
93.8468 96.975
93.8468 96.975
93.8468 96.975
93.8468 96.975
93.8468 96.975
93.8468 96.975
94.0887 97.225
94.3307 97.475
94.5726 97.725
94.8145 97.975
95.2984 98.475
95.2984 98.475
95.2984 98.475
95.2984 98.475
95.2984 98.475
95.2984 98.475
95.2984 98.475
97.7177 100.975
97.7177 100.975
97.7177 100.975
97.7177 100.975
97.7177 100.975
97.9597 101.225
98.2016 101.475
98.4436 101.725
98.6855 101.975
98.6855 101.975
98.6855 101.975
98.6855 101.975
98.9274 102.225
99.4113 102.725
99.6532 102.975
99.6532 102.975
99.6532 102.975
99.6532 102.975
99.8952 103.225
100.137 103.475
100.379 103.725
100.621 103.975
100.863 104.225
101.105 104.475
101.347 104.725
101.589 104.975
101.589 104.975
101.589 104.975
101.589 104.975
101.831 105.225
102.073 105.475
102.315 105.725
102.556 105.975
102.556 105.975
102.556 105.975
102.556 105.975
102.798 106.225
103.282 106.725
103.524 106.975
103.524 106.975
103.524 106.975
103.524 106.975
103.766 107.225
104.008 107.475
104.25 107.725
104.25 107.725
104.492 107.975
104.492 107.975
104.734 108.225
105.218 108.725
105.46 108.975
105.46 108.975
105.46 108.975
105.46 108.975
105.702 109.225
105.944 109.475
106.185 109.725
106.427 109.975
106.427 109.975
106.427 109.975
106.669 110.225
107.153 110.725
107.395 110.975
107.395 110.975
107.395 110.975
107.395 110.975
107.395 110.975
107.637 111.225
107.879 111.475
108.121 111.725
108.363 111.975
108.363 111.975
108.605 112.225
108.847 112.475
108.847 112.475
109.331 112.975
109.331 112.975
109.331 112.975
109.331 112.975
109.815 113.475
109.815 113.475
110.298 113.975
110.298 113.975
110.298 113.975
110.298 113.975
111.063 114.765
111.141 114.846
111.266 114.975
111.266 114.975
111.266 114.975
113.202 116.975
113.202 116.975
113.202 116.975
113.202 116.975
113.202 116.975
113.444 117.225
113.685 117.475
113.927 117.725
114.169 117.975
114.169 117.975
114.169 117.975
114.169 117.975
114.411 118.225
114.895 118.725
115.137 118.975
115.137 118.975
115.137 118.975
115.137 118.975
115.379 119.225
115.621 119.475
115.863 119.725
116.105 119.975
116.105 119.975
116.347 120.225
116.589 120.475
116.831 120.725
117.073 120.975
117.073 120.975
117.073 120.975
117.073 120.975
117.315 121.225
117.556 121.475
117.798 121.725
118.04 121.975
118.04 121.975
118.04 121.975
118.04 121.975
118.282 122.225
118.766 122.725
119.008 122.975
119.008 122.975
119.008 122.975
119.008 122.975
119.25 123.225
119.492 123.475
119.734 123.725
119.976 123.975
119.976 123.975
120.218 124.225
120.46 124.475
120.702 124.725
120.944 124.975
120.944 124.975
120.944 124.975
120.944 124.975
120.944 124.975
121.185 125.225
121.427 125.475
121.669 125.725
121.911 125.975
121.911 125.975
121.911 125.975
121.911 125.975
122.153 126.225
122.637 126.725
122.879 126.975
122.879 126.975
122.879 126.975
122.879 126.975
123.121 127.225
123.363 127.475
123.605 127.725
123.847 127.975
123.847 127.975
124.089 128.225
124.194 128.333
124.331 128.475
124.815 128.975
124.815 128.975
124.815 128.975
124.815 128.975
125.056 129.225
125.298 129.475
125.298 129.475
125.54 129.725
125.782 129.975
125.782 129.975
125.782 129.975
125.782 129.975
126.024 130.225
126.266 130.475
126.266 130.475
126.75 130.975
126.75 130.975
126.75 130.975
126.75 130.975
126.992 131.225
127.234 131.475
127.234 131.475
127.476 131.725
127.718 131.975
127.718 131.975
127.718 131.975
127.718 131.975
127.96 132.225
128.202 132.475
128.444 132.725
128.685 132.975
128.685 132.975
128.685 132.975
128.685 132.975
128.685 132.975
129.169 133.475
129.169 133.475
129.169 133.475
129.169 133.475
129.169 133.475
129.169 133.475
129.653 133.975
129.653 133.975
129.653 133.975
129.653 133.975
129.653 133.975
130.137 134.475
130.137 134.475
130.137 134.475
130.137 134.475
130.137 134.475
130.137 134.475
130.137 134.475
130.621 134.975
130.621 134.975
130.621 134.975
130.621 134.975
130.621 134.975
130.621 134.975
130.621 134.975
130.621 134.975
131.589 135.975
131.589 135.975
131.589 135.975
131.589 135.975
132.073 136.475
132.315 136.725
132.556 136.975
132.556 136.975
132.556 136.975
132.556 136.975
132.556 136.975
132.556 136.975
132.556 136.975
132.798 137.225
133.04 137.475
133.282 137.725
133.524 137.975
133.524 137.975
133.524 137.975
133.524 137.975
133.766 138.225
134.008 138.475
134.492 138.975
134.492 138.975
134.492 138.975
134.734 139.225
134.976 139.475
135.218 139.725
135.46 139.975
135.46 139.975
135.46 139.975
135.944 140.475
136.185 140.725
136.427 140.975
136.427 140.975
136.427 140.975
136.427 140.975
136.427 140.975
136.427 140.975
136.669 141.225
136.911 141.475
137.395 141.975
137.395 141.975
137.395 141.975
137.395 141.975
137.879 142.475
138.121 142.725
138.363 142.975
138.363 142.975
138.363 142.975
139.331 143.975
139.331 143.975
139.331 143.975
139.573 144.225
139.815 144.475
140.056 144.725
140.298 144.975
140.298 144.975
140.298 144.975
140.298 144.975
140.54 145.225
140.782 145.475
140.782 145.475
141.024 145.725
141.266 145.975
141.266 145.975
141.266 145.975
141.266 145.975
141.508 146.225
141.75 146.475
141.75 146.475
142.234 146.975
142.234 146.975
142.234 146.975
142.234 146.975
142.718 147.475
142.718 147.475
142.96 147.725
143.202 147.975
143.202 147.975
143.202 147.975
143.444 148.225
143.685 148.475
144.169 148.975
144.169 148.975
144.169 148.975
144.169 148.975
144.169 148.975
144.169 148.975
144.169 148.975
144.411 149.225
144.653 149.475
144.895 149.725
144.895 149.725
145.137 149.975
145.137 149.975
145.137 149.975
145.137 149.975
145.379 150.225
145.863 150.725
146.105 150.975
146.105 150.975
146.105 150.975
147.073 151.975
147.073 151.975
147.073 151.975
147.097 152
147.556 152.475
147.556 152.475
148.04 152.975
148.04 152.975
148.04 152.975
148.04 152.975
148.04 152.975
148.282 153.225
148.524 153.475
148.524 153.475
148.766 153.725
149.008 153.975
149.008 153.975
149.008 153.975
149.008 153.975
149.25 154.225
149.492 154.475
149.492 154.475
149.976 154.975
149.976 154.975
149.976 154.975
150.218 155.225
150.46 155.475
150.46 155.475
150.702 155.725
150.944 155.975
150.944 155.975
150.944 155.975
151.427 156.475
151.427 156.475
151.669 156.725
151.911 156.975
151.911 156.975
151.911 156.975
151.911 156.975
151.911 156.975
152.395 157.475
152.395 157.475
152.879 157.975
152.879 157.975
152.879 157.975
152.879 157.975
153.363 158.475
153.363 158.475
153.605 158.725
153.847 158.975
153.847 158.975
153.847 158.975
154.331 159.475
154.815 159.975
154.815 159.975
154.815 159.975
155.056 160.225
155.298 160.475
155.54 160.725
155.54 160.725
155.54 160.725
155.782 160.975
155.782 160.975
155.782 160.975
155.782 160.975
155.782 160.975
156.024 161.225
156.266 161.475
156.266 161.475
156.508 161.725
156.75 161.975
156.75 161.975
156.75 161.975
156.75 161.975
156.992 162.225
157.234 162.475
157.234 162.475
157.718 162.975
157.718 162.975
157.718 162.975
157.718 162.975
157.718 162.975
157.718 162.975
157.718 162.975
158.685 163.975
158.927 164.225
159.653 164.975
159.653 164.975
159.653 164.975
159.653 164.975
159.653 164.975
159.653 164.975
159.653 164.975
160.137 165.475
160.137 165.475
160.621 165.975
160.621 165.975
160.621 165.975
160.621 165.975
160.621 165.975
161.105 166.475
161.105 166.475
161.589 166.975
161.589 166.975
161.589 166.975
161.589 166.975
161.589 166.975
161.589 166.975
161.589 166.975
162.073 167.475
162.073 167.475
162.556 167.975
162.556 167.975
162.556 167.975
162.556 167.975
163.524 168.975
163.524 168.975
163.524 168.975
163.524 168.975
163.524 168.975
163.524 168.975
164.008 169.475
164.008 169.475
164.492 169.975
164.492 169.975
164.492 169.975
164.492 169.975
164.492 169.975
164.976 170.475
164.976 170.475
165.46 170.975
165.46 170.975
165.46 170.975
165.46 170.975
165.46 170.975
165.46 170.975
165.46 170.975
165.944 171.475
165.944 171.475
166.427 171.975
166.427 171.975
166.427 171.975
166.427 171.975
166.427 171.975
167.395 172.975
167.395 172.975
167.395 172.975
167.395 172.975
167.395 172.975
167.395 172.975
167.879 173.475
167.879 173.475
168.363 173.975
168.363 173.975
168.363 173.975
168.363 173.975
168.363 173.975
168.847 174.475
168.847 174.475
169.331 174.975
169.331 174.975
169.331 174.975
169.331 174.975
169.331 174.975
169.331 174.975
169.331 174.975
169.815 175.475
169.815 175.475
170.298 175.975
170.298 175.975
170.298 175.975
170.298 175.975
170.298 175.975
170.298 175.975
171.266 176.975
171.266 176.975
171.266 176.975
171.266 176.975
171.266 176.975
171.266 176.975
171.266 176.975
171.266 176.975
172.234 177.975
172.234 177.975
172.234 177.975
172.234 177.975
172.234 177.975
173.202 178.975
173.202 178.975
173.202 178.975
173.202 178.975
173.202 178.975
174.169 179.975
174.169 179.975
174.169 179.975
174.169 179.975
174.169 179.975
175.137 180.975
175.137 180.975
175.137 180.975
175.137 180.975
175.137 180.975
175.379 181.225
175.379 181.225
175.379 181.225
175.379 181.225
175.621 181.475
175.621 181.475
175.621 181.475
175.621 181.475
175.863 181.725
175.863 181.725
175.863 181.725
175.863 181.725
176.105 181.975
176.105 181.975
176.105 181.975
176.105 181.975
176.347 182.225
176.347 182.225
176.347 182.225
176.347 182.225
176.589 182.475
176.589 182.475
176.589 182.475
176.589 182.475
176.831 182.725
176.831 182.725
176.831 182.725
176.831 182.725
177.073 182.975
177.073 182.975
177.073 182.975
177.073 182.975
177.315 183.225
177.315 183.225
177.315 183.225
177.315 183.225
177.556 183.475
177.556 183.475
177.556 183.475
177.556 183.475
177.798 183.725
177.798 183.725
177.798 183.725
177.798 183.725
178.04 183.975
178.04 183.975
178.04 183.975
178.04 183.975
178.282 184.225
178.282 184.225
178.282 184.225
178.282 184.225
178.524 184.475
178.524 184.475
178.524 184.475
178.524 184.475
178.766 184.725
178.766 184.725
178.766 184.725
178.766 184.725
179.008 184.975
179.008 184.975
179.008 184.975
179.008 184.975
179.25 185.225
179.25 185.225
179.25 185.225
179.25 185.225
179.492 185.475
179.492 185.475
179.492 185.475
179.492 185.475
179.734 185.725
179.734 185.725
179.734 185.725
179.734 185.725
179.976 185.975
179.976 185.975
179.976 185.975
179.976 185.975
180.218 186.225
180.218 186.225
180.218 186.225
180.218 186.225
180.46 186.475
180.46 186.475
180.46 186.475
180.46 186.475
180.46 186.475
180.702 186.725
180.702 186.725
180.702 186.725
180.702 186.725
180.702 186.725
180.944 186.975
180.944 186.975
180.944 186.975
180.944 186.975
180.944 186.975
181.185 187.225
181.185 187.225
181.185 187.225
181.185 187.225
181.185 187.225
181.427 187.475
181.427 187.475
181.427 187.475
181.427 187.475
181.427 187.475
181.669 187.725
181.669 187.725
181.669 187.725
181.669 187.725
181.669 187.725
181.911 187.975
181.911 187.975
181.911 187.975
181.911 187.975
181.911 187.975
181.911 187.975
181.911 187.975
182.371 188.45
182.395 188.475
182.395 188.475
182.395 188.475
182.395 188.475
182.395 188.475
182.395 188.475
182.879 188.975
182.879 188.975
182.879 188.975
182.879 188.975
182.879 188.975
182.879 188.975
182.879 188.975
182.879 188.975
182.879 188.975
182.879 188.975
182.879 188.975
182.879 188.975
183.121 189.225
183.363 189.475
183.605 189.725
183.847 189.975
184.089 190.225
184.331 190.475
184.331 190.475
184.331 190.475
184.331 190.475
184.331 190.475
184.331 190.475
184.331 190.475
185.056 191.225
185.298 191.475
185.54 191.725
185.782 191.975
185.782 191.975
185.782 191.975
186.266 192.475
186.508 192.725
186.75 192.975
186.75 192.975
186.75 192.975
186.75 192.975
186.75 192.975
186.75 192.975
186.75 192.975
187.234 193.475
187.718 193.975
188.202 194.475
188.202 194.475
188.202 194.475
188.202 194.475
188.202 194.475
188.202 194.475
188.202 194.475
188.444 194.725
189.411 195.725
189.653 195.975
189.653 195.975
189.653 195.975
189.895 196.225
190.137 196.475
190.137 196.475
190.379 196.725
190.621 196.975
190.621 196.975
190.621 196.975
190.621 196.975
190.621 196.975
190.863 197.225
191.105 197.475
191.105 197.475
191.347 197.725
191.589 197.975
191.589 197.975
191.831 198.225
192.073 198.475
192.073 198.475
192.073 198.475
192.073 198.475
192.073 198.475
192.798 199.225
192.798 199.225
193.04 199.475
193.282 199.725
193.524 199.975
193.524 199.975
193.524 199.975
193.766 200.225
194.008 200.475
194.492 200.975
194.492 200.975
194.492 200.975
194.492 200.975
194.492 200.975
194.492 200.975
194.492 200.975
194.492 200.975
194.492 200.975
194.734 201.225
194.976 201.475
195.218 201.725
195.46 201.975
195.46 201.975
195.46 201.975
195.46 201.975
195.702 202.225
195.702 202.225
195.944 202.475
195.944 202.475
195.944 202.475
196.185 202.725
196.669 203.225
197.153 203.725
197.395 203.975
197.395 203.975
197.395 203.975
197.395 203.975
197.869 204.465
198.363 204.975
198.363 204.975
198.363 204.975
198.363 204.975
198.363 204.975
198.605 205.225
198.605 205.225
198.847 205.475
198.847 205.475
199.089 205.725
199.331 205.975
199.331 205.975
199.331 205.975
199.331 205.975
199.573 206.225
199.573 206.225
199.815 206.475
199.815 206.475
199.815 206.475
199.815 206.475
199.815 206.475
200.056 206.725
200.54 207.225
200.54 207.225
200.782 207.475
201.024 207.725
201.024 207.725
201.266 207.975
201.266 207.975
201.266 207.975
201.508 208.225
201.75 208.475
201.992 208.725
202.234 208.975
202.234 208.975
202.234 208.975
202.234 208.975
202.234 208.975
202.718 209.475
202.718 209.475
202.96 209.725
203.202 209.975
203.444 210.225
203.685 210.475
203.685 210.475
203.685 210.475
203.685 210.475
203.685 210.475
203.927 210.725
204.411 211.225
204.895 211.725
205.137 211.975
205.137 211.975
205.137 211.975
205.379 212.225
205.621 212.475
205.621 212.475
205.863 212.725
206.105 212.975
206.105 212.975
206.105 212.975
206.105 212.975
206.105 212.975
206.347 213.225
206.589 213.475
206.589 213.475
206.831 213.725
206.831 213.725
207.073 213.975
207.315 214.225
207.556 214.475
207.556 214.475
207.556 214.475
207.556 214.475
207.556 214.475
208.282 215.225
208.766 215.725
209.008 215.975
209.008 215.975
209.008 215.975
209.976 216.975
210.944 217.975
211.911 218.975
211.911 218.975
212.153 219.225
212.395 219.475
212.395 219.475
212.637 219.725
212.879 219.975
212.879 219.975
213.363 220.475
213.363 220.475
213.363 220.475
213.363 220.475
215.782 222.975
215.782 222.975
215.782 222.975
215.782 222.975
216.024 223.225
216.266 223.475
216.508 223.725
216.75 223.975
216.992 224.225
217.234 224.475
217.234 224.475
217.234 224.475
217.234 224.475
218.927 226.225
219.169 226.475
219.653 226.975
219.653 226.975
219.895 227.225
219.895 227.225
220.137 227.475
220.137 227.475
220.379 227.725
220.621 227.975
221.105 228.475
221.105 228.475
221.105 228.475
222.798 230.225
223.04 230.475
223.524 230.975
224.008 231.475
224.734 232.225
224.976 232.475
225.46 232.975
226.427 233.975
226.911 234.475
227.153 234.725
229.302 236.946
229.589 237.242
229.889 237.552
230.038 237.706
230.242 237.917
230.329 238.006
230.706 238.396
230.879 238.575
230.988 238.688
231.171 238.877
231.284 238.994
231.546 239.265
231.698 239.421
231.794 239.521
231.925 239.656
232.202 239.942
232.349 240.094
232.456 240.204
232.579 240.331
232.724 240.481
232.827 240.588
232.964 240.729
233.091 240.86
233.218 240.992
233.353 241.131
233.486 241.269
233.621 241.408
233.748 241.54
233.891 241.688
234.026 241.827
234.167 241.973
234.294 242.104
234.435 242.25
234.585 242.404
234.726 242.55
234.855 242.683
235.139 242.977
235.274 243.117
235.413 243.26
235.563 243.415
235.702 243.558
235.901 243.765
236.139 244.01
236.349 244.227
236.558 244.444
236.94 244.838
237.315 245.225
237.556 245.475
237.556 245.475
237.798 245.725
