11.7627 11.5667
12.4619 12.2542
13.0339 12.8167
13.733 13.5042
14.1144 13.8792
14.4957 14.2542
14.8135 14.5667
15.0042 14.7542
17.1652 16.8792
17.483 17.1917
17.8644 17.5667
18.5635 18.2542
18.7542 18.4417
18.8178 18.5042
19.2627 18.9417
19.5805 19.2542
19.8983 19.5667
20.2161 19.8792
20.4703 20.1292
20.9788 20.6292
21.4873 21.1292
21.7415 21.3792
21.9957 21.6292
25.4915 25.0667
25.6186 25.1917
25.6822 25.2542
25.7457 25.3167
27.7796 27.3167
28.5423 28.0667
28.8601 28.3792
28.9873 28.5042
29.3686 28.8792
31.1906 30.6708
31.5063 30.9812
31.6017 31.075
31.6843 31.1562
32.6546 32.1104
33.0021 32.4521
33.0148 32.4646
34.2478 33.6771
34.3707 33.7979
34.4216 33.8479
34.4894 33.9146
34.4936 33.9188
34.8305 34.25
35.3368 34.7479
35.7902 35.1938
36.2224 35.6187
36.2436 35.6396
36.6377 36.0271
37.0211 36.4042
37.3474 36.725
37.3601 36.7375
37.7182 37.0896
38.0614 37.4271
38.3114 37.6729
38.3241 37.6854
38.6822 38.0375
39.0381 38.3875
41.5021 40.8104
41.9682 41.2687
42.0614 41.3604
42.1483 41.4458
42.1546 41.4521
46.3389 45.5667
46.5932 45.8167
46.8474 46.0667
47.1016 46.3167
47.1016 46.3167
47.3559 46.5667
47.3559 46.5667
47.6101 46.8167
47.8644 47.0667
47.8644 47.0667
48.3728 47.5667
49.1355 48.3167
49.3898 48.5667
49.644 48.8167
49.8982 49.0667
49.8982 49.0667
50.1525 49.3167
50.4067 49.5667
50.4067 49.5667
50.9152 50.0667
51.1694 50.3167
51.1694 50.3167
51.4237 50.5667
51.6779 50.8167
51.9321 51.0667
51.9321 51.0667
52.4406 51.5667
52.4406 51.5667
52.9491 52.0667
53.2033 52.3167
53.4576 52.5667
53.7118 52.8167
53.966 53.0667
53.966 53.0667
54.2203 53.3167
54.4745 53.5667
54.4745 53.5667
54.7288 53.8167
54.7288 53.8167
54.983 54.0667
54.983 54.0667
55.2372 54.3167
55.2372 54.3167
55.4915 54.5667
55.7457 54.8167
55.7457 54.8167
55.9999 55.0667
55.9999 55.0667
56.7626 55.8167
57.2711 56.3167
57.5254 56.5667
57.7796 56.8167
57.7796 56.8167
58.0338 57.0667
58.0338 57.0667
58.2881 57.3167
58.5423 57.5667
58.5423 57.5667
58.7965 57.8167
59.0508 58.0667
59.0508 58.0667
59.305 58.3167
59.305 58.3167
59.5593 58.5667
59.5593 58.5667
59.8135 58.8167
59.8135 58.8167
60.0677 59.0667
60.5762 59.5667
60.8304 59.8167
61.0847 60.0667
61.3389 60.3167
61.5932 60.5667
61.8474 60.8167
62.1016 61.0667
62.1016 61.0667
62.3559 61.3167
62.3559 61.3167
62.6101 61.5667
62.6101 61.5667
62.8643 61.8167
62.8643 61.8167
63.1186 62.0667
63.1186 62.0667
63.3728 62.3167
63.3728 62.3167
63.627 62.5667
63.8813 62.8167
63.8813 62.8167
64.1355 63.0667
64.1355 63.0667
64.1355 63.0667
64.644 63.5667
65.1525 64.0667
65.4067 64.3167
65.6609 64.5667
65.9152 64.8167
65.9152 64.8167
66.1694 65.0667
66.1694 65.0667
66.4237 65.3167
66.4237 65.3167
66.6779 65.5667
66.9321 65.8167
66.9321 65.8167
67.4406 66.3167
67.4406 66.3167
67.6948 66.5667
67.9491 66.8167
67.9491 66.8167
68.2033 67.0667
68.4575 67.3167
68.7118 67.5667
68.966 67.8167
68.966 67.8167
69.2203 68.0667
69.2203 68.0667
69.4745 68.3167
69.7287 68.5667
69.983 68.8167
70.2372 69.0667
70.4914 69.3167
70.4914 69.3167
70.7457 69.5667
70.7457 69.5667
71.2542 70.0667
71.5084 70.3167
71.5084 70.3167
71.7626 70.5667
72.0169 70.8167
72.0169 70.8167
72.2711 71.0667
72.7796 71.5667
73.5423 72.3167
73.7965 72.5667
74.0508 72.8167
74.305 73.0667
74.5592 73.3167
74.8135 73.5667
75.3219 74.0667
75.3219 74.0667
75.5762 74.3167
75.5762 74.3167
75.8304 74.5667
76.0847 74.8167
76.0847 74.8167
76.3389 75.0667
76.3389 75.0667
76.8474 75.5667
77.1016 75.8167
77.3558 76.0667
77.6101 76.3167
77.6101 76.3167
77.6101 76.3167
78.8813 77.5667
79.1355 77.8167
79.3897 78.0667
79.644 78.3167
79.644 78.3167
79.8982 78.5667
79.8982 78.5667
80.1525 78.8167
80.4067 79.0667
80.4067 79.0667
80.9152 79.5667
81.4236 80.0667
81.6779 80.3167
81.9321 80.5667
82.1863 80.8167
82.1863 80.8167
82.4406 81.0667
82.4406 81.0667
82.6948 81.3167
82.9491 81.5667
82.9491 81.5667
83.2033 81.8167
83.4575 82.0667
83.4575 82.0667
83.7118 82.3167
83.7118 82.3167
83.966 82.5667
84.2202 82.8167
84.4745 83.0667
84.4745 83.0667
84.7287 83.3167
84.983 83.5667
85.2372 83.8167
85.4914 84.0667
85.7457 84.3167
85.9999 84.5667
86.2541 84.8167
86.5084 85.0667
86.5084 85.0667
86.7626 85.3167
86.7626 85.3167
87.0169 85.5667
87.0169 85.5667
87.2711 85.8167
87.2711 85.8167
87.5253 86.0667
87.5253 86.0667
87.7796 86.3167
87.7796 86.3167
87.7796 86.3167
88.0338 86.5667
88.288 86.8167
88.288 86.8167
88.5423 87.0667
88.5423 87.0667
89.0507 87.5667
89.305 87.8167
89.5592 88.0667
89.8135 88.3167
90.0677 88.5667
90.3219 88.8167
90.3219 88.8167
90.5762 89.0667
90.5762 89.0667
90.8304 89.3167
91.0846 89.5667
91.0846 89.5667
91.3389 89.8167
91.5931 90.0667
91.5931 90.0667
91.8474 90.3167
91.8474 90.3167
91.8474 90.3167
92.1016 90.5667
92.1016 90.5667
92.3558 90.8167
92.3558 90.8167
92.6101 91.0667
92.6101 91.0667
93.1185 91.5667
93.3728 91.8167
93.627 92.0667
93.8812 92.3167
94.1355 92.5667
94.3897 92.8167
94.644 93.0667
94.644 93.0667
94.8982 93.3167
94.8982 93.3167
95.1524 93.5667
95.1524 93.5667
95.4067 93.8167
95.4067 93.8167
95.6609 94.0667
95.9151 94.3167
95.9151 94.3167
96.1694 94.5667
96.4236 94.8167
96.4236 94.8167
96.6779 95.0667
96.6779 95.0667
97.1863 95.5667
97.1863 95.5667
97.4406 95.8167
97.6948 96.0667
97.949 96.3167
98.2033 96.5667
98.4575 96.8167
98.4575 96.8167
98.7118 97.0667
98.7118 97.0667
98.7118 97.0667
98.966 97.3167
99.2202 97.5667
99.4745 97.8167
99.4745 97.8167
99.7287 98.0667
99.7287 98.0667
99.9829 98.3167
99.9829 98.3167
100.237 98.5667
100.491 98.8167
100.491 98.8167
100.746 99.0667
101 99.3167
101.254 99.5667
101.254 99.5667
101.508 99.8167
101.763 100.067
102.017 100.317
102.271 100.567
102.525 100.817
102.78 101.067
103.034 101.317
103.034 101.317
103.288 101.567
103.288 101.567
103.542 101.817
103.796 102.067
103.796 102.067
104.051 102.317
104.051 102.317
104.051 102.317
104.305 102.567
104.559 102.817
104.813 103.067
105.068 103.317
105.322 103.567
105.576 103.817
105.576 103.817
105.83 104.067
105.83 104.067
106.085 104.317
106.339 104.567
106.593 104.817
106.847 105.067
107.102 105.317
107.102 105.317
107.61 105.817
107.61 105.817
107.864 106.067
107.864 106.067
108.119 106.317
108.373 106.567
108.373 106.567
108.627 106.817
108.881 107.067
109.39 107.567
109.644 107.817
109.898 108.067
110.152 108.317
110.152 108.317
110.915 109.067
111.169 109.317
111.169 109.317
111.424 109.567
111.678 109.817
111.678 109.817
111.932 110.067
112.186 110.317
112.186 110.317
112.186 110.317
112.186 110.317
112.186 110.317
112.441 110.567
112.695 110.817
112.949 111.067
112.949 111.067
113.203 111.317
113.203 111.317
113.457 111.567
113.457 111.567
113.712 111.817
113.712 111.817
113.966 112.067
113.966 112.067
114.22 112.317
114.22 112.317
114.22 112.317
114.22 112.317
114.22 112.317
114.474 112.567
114.729 112.817
114.983 113.067
114.983 113.067
115.237 113.317
115.491 113.567
115.746 113.817
116 114.067
116.254 114.317
116.254 114.317
116.254 114.317
116.254 114.317
116.254 114.317
116.508 114.567
116.763 114.817
117.017 115.067
117.017 115.067
117.271 115.317
117.271 115.317
117.271 115.317
117.525 115.567
117.525 115.567
117.78 115.817
117.78 115.817
118.034 116.067
118.034 116.067
118.288 116.317
118.288 116.317
118.288 116.317
118.288 116.317
118.288 116.317
118.542 116.567
118.796 116.817
119.051 117.067
119.051 117.067
119.305 117.317
119.305 117.317
119.559 117.567
119.813 117.817
119.813 117.817
120.068 118.067
120.322 118.317
120.322 118.317
120.322 118.317
120.322 118.317
120.322 118.317
120.83 118.817
121.085 119.067
121.085 119.067
121.339 119.317
121.339 119.317
121.339 119.317
121.339 119.317
122.102 120.067
122.356 120.317
122.356 120.317
122.864 120.817
122.864 120.817
123.119 121.067
123.119 121.067
123.373 121.317
123.627 121.567
123.627 121.567
124.135 122.067
124.39 122.317
124.39 122.317
124.644 122.567
124.898 122.817
125.152 123.067
125.407 123.317
125.661 123.567
125.915 123.817
126.169 124.067
126.424 124.317
126.424 124.317
126.424 124.317
127.186 125.067
127.441 125.317
127.441 125.317
127.441 125.317
127.695 125.567
127.949 125.817
127.949 125.817
127.949 125.817
128.203 126.067
128.457 126.317
128.457 126.317
128.457 126.317
128.457 126.317
128.457 126.317
128.712 126.567
128.966 126.817
129.22 127.067
129.22 127.067
129.474 127.317
129.474 127.317
129.474 127.317
129.729 127.567
129.983 127.817
129.983 127.817
130.237 128.067
130.491 128.317
130.491 128.317
130.491 128.317
130.491 128.317
130.491 128.317
130.746 128.567
131 128.817
131 128.817
131.254 129.067
131.508 129.317
131.763 129.567
132.017 129.817
132.271 130.067
132.525 130.317
132.525 130.317
132.525 130.317
132.525 130.317
132.78 130.567
133.034 130.817
133.288 131.067
133.288 131.067
133.542 131.317
133.542 131.317
133.542 131.317
133.542 131.317
133.796 131.567
134.051 131.817
134.051 131.817
134.305 132.067
134.305 132.067
134.305 132.067
134.559 132.317
134.559 132.317
134.559 132.317
134.559 132.317
134.559 132.317
134.559 132.317
134.813 132.567
135.068 132.817
135.322 133.067
135.322 133.067
135.576 133.317
135.576 133.317
135.576 133.317
135.83 133.567
136.085 133.817
136.085 133.817
136.085 133.817
136.339 134.067
136.593 134.317
136.593 134.317
136.593 134.317
136.593 134.317
136.593 134.317
137.102 134.817
137.356 135.067
137.356 135.067
137.61 135.317
137.61 135.317
138.118 135.817
138.627 136.317
138.627 136.317
138.627 136.317
138.627 136.317
138.627 136.317
139.135 136.817
139.39 137.067
139.644 137.317
139.644 137.317
139.644 137.317
139.644 137.317
140.152 137.817
140.152 137.817
140.661 138.317
140.661 138.317
140.661 138.317
140.661 138.317
140.661 138.317
141.424 139.067
141.932 139.567
142.186 139.817
142.441 140.067
142.695 140.317
142.695 140.317
144.729 142.317
145.237 142.817
145.491 143.067
145.746 143.317
145.746 143.317
146.085 143.65
146.424 143.983
146.508 144.067
146.763 144.317
146.763 144.317
147.271 144.817
147.271 144.817
147.525 145.067
147.525 145.067
148.006 145.54
148.034 145.567
148.542 146.067
148.796 146.317
149.305 146.817
149.305 146.817
149.432 146.942
149.559 147.067
149.559 147.067
149.813 147.317
150.068 147.567
150.068 147.567
150.322 147.817
150.576 148.067
150.576 148.067
150.83 148.317
150.83 148.317
151.339 148.817
151.339 148.817
151.593 149.067
151.593 149.067
151.847 149.317
152.102 149.567
152.102 149.567
152.356 149.817
152.864 150.317
152.864 150.317
152.864 150.317
153.627 151.067
153.881 151.317
154.135 151.567
154.644 152.067
154.898 152.317
154.898 152.317
154.898 152.317
155.152 152.567
155.407 152.817
155.661 153.067
155.661 153.067
155.915 153.317
156.169 153.567
156.169 153.567
156.424 153.817
156.678 154.067
156.932 154.317
156.932 154.317
156.932 154.317
157.695 155.067
157.949 155.317
158.457 155.817
158.712 156.067
159.983 157.317
160.237 157.567
160.237 157.567
160.491 157.817
160.746 158.067
161 158.317
161 158.317
161.254 158.567
161.254 158.567
161.508 158.817
161.763 159.067
161.763 159.067
162.271 159.567
162.779 160.067
163.034 160.317
163.288 160.567
163.542 160.817
163.542 160.817
163.796 161.067
163.796 161.067
164.051 161.317
164.305 161.567
164.305 161.567
164.559 161.817
164.813 162.067
164.813 162.067
165.068 162.317
165.068 162.317
165.068 162.317
165.322 162.567
165.322 162.567
165.576 162.817
165.83 163.067
166.085 163.317
166.085 163.317
166.339 163.567
166.593 163.817
166.593 163.817
166.847 164.067
167.102 164.317
167.102 164.317
167.356 164.567
167.61 164.817
167.864 165.067
167.864 165.067
168.118 165.317
168.118 165.317
168.373 165.567
168.373 165.567
168.373 165.567
168.627 165.817
168.627 165.817
168.881 166.067
168.881 166.067
169.135 166.317
169.135 166.317
169.135 166.317
169.135 166.317
169.39 166.567
169.644 166.817
169.644 166.817
169.898 167.067
169.898 167.067
170.407 167.567
170.661 167.817
170.915 168.067
171.169 168.317
171.169 168.317
171.424 168.567
171.678 168.817
171.678 168.817
171.932 169.067
171.932 169.067
172.186 169.317
172.44 169.567
172.44 169.567
172.695 169.817
172.949 170.067
172.949 170.067
173.203 170.317
173.203 170.317
173.203 170.317
173.457 170.567
173.457 170.567
173.712 170.817
173.712 170.817
173.966 171.067
173.966 171.067
174.474 171.567
174.729 171.817
174.983 172.067
175.237 172.317
175.491 172.567
175.746 172.817
176 173.067
176 173.067
176.254 173.317
176.254 173.317
176.508 173.567
176.508 173.567
176.763 173.817
176.763 173.817
177.017 174.067
177.271 174.317
177.271 174.317
177.525 174.567
177.779 174.817
177.779 174.817
178.034 175.067
178.034 175.067
178.542 175.567
178.542 175.567
178.796 175.817
179.051 176.067
179.305 176.317
179.559 176.567
179.813 176.817
179.813 176.817
180.068 177.067
180.068 177.067
180.068 177.067
180.322 177.317
180.576 177.567
180.83 177.817
180.83 177.817
181.085 178.067
181.085 178.067
181.339 178.317
181.339 178.317
181.593 178.567
181.847 178.817
181.847 178.817
182.101 179.067
182.356 179.317
182.61 179.567
182.61 179.567
182.864 179.817
183.118 180.067
183.373 180.317
183.627 180.567
183.881 180.817
184.135 181.067
184.39 181.317
184.39 181.317
184.644 181.567
184.644 181.567
184.898 181.817
185.152 182.067
185.152 182.067
185.407 182.317
185.407 182.317
185.407 182.317
185.661 182.567
185.915 182.817
186.169 183.067
186.424 183.317
186.678 183.567
186.932 183.817
186.932 183.817
187.186 184.067
187.186 184.067
187.44 184.317
187.695 184.567
187.949 184.817
188.203 185.067
188.457 185.317
188.457 185.317
188.966 185.817
188.966 185.817
189.22 186.067
189.22 186.067
189.474 186.317
189.729 186.567
189.729 186.567
189.983 186.817
190.237 187.067
190.746 187.567
191 187.817
191.254 188.067
191.508 188.317
191.508 188.317
192.271 189.067
192.525 189.317
192.525 189.317
192.779 189.567
193.034 189.817
193.034 189.817
193.288 190.067
193.542 190.317
193.542 190.317
193.542 190.317
193.542 190.317
193.542 190.317
193.796 190.567
194.051 190.817
194.305 191.067
194.305 191.067
194.559 191.317
194.559 191.317
194.813 191.567
194.813 191.567
195.068 191.817
195.068 191.817
195.322 192.067
195.322 192.067
195.576 192.317
195.576 192.317
195.576 192.317
195.576 192.317
195.576 192.317
195.83 192.567
196.085 192.817
196.339 193.067
196.339 193.067
196.593 193.317
196.847 193.567
197.101 193.817
197.356 194.067
197.61 194.317
197.61 194.317
197.61 194.317
197.61 194.317
197.61 194.317
197.864 194.567
198.118 194.817
198.373 195.067
198.373 195.067
198.627 195.317
198.627 195.317
198.627 195.317
198.881 195.567
198.881 195.567
199.135 195.817
199.135 195.817
199.39 196.067
199.39 196.067
199.644 196.317
199.644 196.317
199.644 196.317
199.644 196.317
199.644 196.317
199.898 196.567
200.152 196.817
200.407 197.067
200.407 197.067
200.661 197.317
200.661 197.317
200.915 197.567
201.169 197.817
201.169 197.817
201.424 198.067
201.678 198.317
201.678 198.317
201.678 198.317
201.678 198.317
201.678 198.317
202.186 198.817
202.44 199.067
202.44 199.067
202.695 199.317
202.695 199.317
202.695 199.317
202.695 199.317
203.457 200.067
203.712 200.317
203.712 200.317
204.22 200.817
204.22 200.817
204.474 201.067
204.474 201.067
204.729 201.317
204.983 201.567
204.983 201.567
205.491 202.067
205.746 202.317
205.746 202.317
206 202.567
206.254 202.817
206.508 203.067
206.762 203.317
207.017 203.567
207.271 203.817
207.525 204.067
207.779 204.317
207.779 204.317
207.779 204.317
207.779 204.317
208.034 204.567
208.288 204.817
208.542 205.067
208.542 205.067
208.796 205.317
208.796 205.317
208.796 205.317
209.051 205.567
209.305 205.817
209.305 205.817
209.305 205.817
209.559 206.067
209.813 206.317
209.813 206.317
209.813 206.317
209.813 206.317
209.813 206.317
210.068 206.567
210.322 206.817
210.576 207.067
210.576 207.067
210.83 207.317
210.83 207.317
210.83 207.317
211.085 207.567
211.339 207.817
211.339 207.817
211.593 208.067
211.847 208.317
211.847 208.317
211.847 208.317
211.847 208.317
211.847 208.317
212.101 208.567
212.356 208.817
212.356 208.817
212.61 209.067
212.864 209.317
213.118 209.567
213.373 209.817
213.627 210.067
213.881 210.317
213.881 210.317
213.881 210.317
213.881 210.317
214.135 210.567
214.39 210.817
214.644 211.067
214.644 211.067
214.898 211.317
214.898 211.317
214.898 211.317
214.898 211.317
215.152 211.567
215.407 211.817
215.407 211.817
215.661 212.067
215.661 212.067
215.661 212.067
215.915 212.317
215.915 212.317
215.915 212.317
215.915 212.317
215.915 212.317
215.915 212.317
216.169 212.567
216.423 212.817
216.678 213.067
216.678 213.067
216.932 213.317
216.932 213.317
216.932 213.317
217.186 213.567
217.44 213.817
217.44 213.817
217.44 213.817
217.695 214.067
217.949 214.317
217.949 214.317
217.949 214.317
217.949 214.317
217.949 214.317
218.457 214.817
218.712 215.067
218.712 215.067
218.966 215.317
218.966 215.317
219.474 215.817
219.983 216.317
219.983 216.317
219.983 216.317
219.983 216.317
219.983 216.317
220.491 216.817
220.746 217.067
221 217.317
221 217.317
221 217.317
221 217.317
221.508 217.817
221.508 217.817
221.762 218.067
222.017 218.317
222.017 218.317
222.017 218.317
222.017 218.317
222.779 219.067
223.288 219.567
223.542 219.817
223.796 220.067
224.051 220.317
224.051 220.317
225.068 221.317
225.576 221.817
226.084 222.317
226.084 222.317
226.084 222.317
226.084 222.317
226.084 222.317
226.339 222.567
226.593 222.817
226.847 223.067
226.847 223.067
227.101 223.317
227.101 223.317
227.356 223.567
227.356 223.567
227.61 223.817
227.61 223.817
227.864 224.067
227.864 224.067
228.118 224.317
228.118 224.317
228.118 224.317
228.118 224.317
228.118 224.317
228.373 224.567
228.627 224.817
228.881 225.067
228.881 225.067
229.135 225.317
229.39 225.567
229.644 225.817
229.898 226.067
230.152 226.317
230.152 226.317
230.152 226.317
230.152 226.317
230.152 226.317
232.186 228.317
232.186 228.317
232.186 228.317
232.186 228.317
232.186 228.317
232.44 228.567
232.695 228.817
232.949 229.067
232.949 229.067
233.203 229.317
233.203 229.317
233.203 229.317
233.457 229.567
233.457 229.567
233.712 229.817
233.712 229.817
233.966 230.067
233.966 230.067
234.22 230.317
234.22 230.317
234.22 230.317
234.22 230.317
234.22 230.317
234.474 230.567
234.729 230.817
234.983 231.067
234.983 231.067
235.237 231.317
235.237 231.317
235.491 231.567
235.745 231.817
235.745 231.817
236 232.067
236.254 232.317
236.254 232.317
236.254 232.317
236.254 232.317
236.254 232.317
236.762 232.817
237.017 233.067
237.017 233.067
237.271 233.317
237.271 233.317
237.271 233.317
237.271 233.317
238.034 234.067
238.288 234.317
238.288 234.317
238.796 234.817
238.796 234.817
239.051 235.067
239.051 235.067
239.305 235.317
239.559 235.567
239.559 235.567
240.068 236.067
240.322 236.317
240.322 236.317
240.576 236.567
240.576 236.567
240.83 236.817
240.83 236.817
241.084 237.067
241.339 237.317
241.593 237.567
241.847 237.817
242.101 238.067
242.356 238.317
242.356 238.317
242.356 238.317
243.118 239.067
243.373 239.317
243.373 239.317
243.373 239.317
243.627 239.567
243.881 239.817
243.881 239.817
243.881 239.817
244.135 240.067
244.39 240.317
244.39 240.317
244.39 240.317
244.39 240.317
244.39 240.317
244.644 240.567
244.898 240.817
245.152 241.067
245.152 241.067
245.407 241.317
245.407 241.317
245.407 241.317
245.661 241.567
245.915 241.817
245.915 241.817
246.169 242.067
246.423 242.317
246.423 242.317
246.423 242.317
246.423 242.317
246.423 242.317
246.678 242.567
246.932 242.817
246.932 242.817
247.186 243.067
247.44 243.317
247.695 243.567
247.949 243.817
248.203 244.067
248.457 244.317
248.457 244.317
248.457 244.317
248.457 244.317
248.712 244.567
248.966 244.817
249.22 245.067
249.22 245.067
249.474 245.317
249.474 245.317
249.474 245.317
249.474 245.317
249.729 245.567
249.983 245.817
249.983 245.817
250.237 246.067
250.237 246.067
250.237 246.067
250.491 246.317
250.491 246.317
250.491 246.317
250.491 246.317
250.491 246.317
250.491 246.317
250.745 246.567
251 246.817
251.254 247.067
251.254 247.067
251.508 247.317
251.508 247.317
251.508 247.317
251.762 247.567
252.017 247.817
252.017 247.817
252.017 247.817
252.271 248.067
252.525 248.317
252.525 248.317
252.525 248.317
252.525 248.317
252.525 248.317
253.034 248.817
253.288 249.067
253.288 249.067
253.542 249.317
253.542 249.317
254.051 249.817
254.559 250.317
254.559 250.317
254.559 250.317
254.559 250.317
254.559 250.317
255.068 250.817
255.322 251.067
255.576 251.317
255.576 251.317
255.576 251.317
255.576 251.317
256.084 251.817
256.593 252.317
256.593 252.317
256.593 252.317
256.593 252.317
256.593 252.317
257.101 252.817
257.356 253.067
257.864 253.567
258.118 253.817
258.373 254.067
258.627 254.317
258.627 254.317
260.623 256.279
260.642 256.298
260.661 256.317
260.661 256.317
260.68 256.335
261.169 256.817
261.423 257.067
261.644 257.283
261.87 257.506
262.152 257.783
262.44 258.067
262.479 258.104
262.561 258.185
262.65 258.273
262.663 258.285
262.695 258.317
263.203 258.817
263.457 259.067
