0.59892 0.69375
1.46223 1.69375
2.32554 2.69375
2.32554 2.69375
2.54136 2.94375
2.54136 2.94375
2.75719 3.19375
2.75719 3.19375
2.97302 3.44375
2.97302 3.44375
3.18884 3.69375
3.18884 3.69375
3.40467 3.94375
3.6205 4.19375
3.6205 4.19375
3.83632 4.44375
4.05215 4.69375
4.05215 4.69375
4.26798 4.94375
4.48381 5.19375
4.69963 5.44375
4.91546 5.69375
5.13129 5.94375
5.34711 6.19375
5.52877 6.40417
5.56294 6.44375
5.64927 6.54375
5.77877 6.69375
5.77877 6.69375
5.99459 6.94375
5.99459 6.94375
6.21042 7.19375
6.21042 7.19375
6.42625 7.44375
6.42625 7.44375
6.64208 7.69375
6.64208 7.69375
6.8579 7.94375
7.07373 8.19375
7.07373 8.19375
7.28956 8.44375
7.50538 8.69375
7.50538 8.69375
7.72121 8.94375
7.93704 9.19375
8.15286 9.44375
8.36869 9.69375
8.58452 9.94375
8.80035 10.1937
8.80035 10.1937
9.01617 10.4438
9.01617 10.4438
9.232 10.6938
9.232 10.6938
9.44783 10.9438
9.44783 10.9438
9.66365 11.1938
9.66365 11.1938
9.87948 11.4438
9.87948 11.4438
10.0953 11.6938
10.0953 11.6938
10.3111 11.9438
10.527 12.1938
10.7428 12.4438
10.9586 12.6938
10.9586 12.6938
11.1744 12.9438
11.1744 12.9438
11.3903 13.1938
11.3903 13.1938
11.6061 13.4438
11.6061 13.4438
11.8219 13.6938
11.8219 13.6938
12.0378 13.9438
12.2536 14.1938
12.4694 14.4438
12.6852 14.6938
12.6852 14.6938
12.9011 14.9438
12.9011 14.9438
13.1169 15.1938
13.1169 15.1938
13.3327 15.4438
13.3327 15.4438
13.5485 15.6938
13.5485 15.6938
13.7644 15.9438
13.9802 16.1938
13.9802 16.1938
14.196 16.4438
14.4118 16.6938
14.4118 16.6938
14.8435 17.1938
15.2752 17.6938
15.7068 18.1938
16.1385 18.6938
16.1385 18.6938
16.1385 18.6938
16.1385 18.6938
16.1385 18.6938
18.7284 21.6938
19.16 22.1938
19.5917 22.6938
19.5917 22.6938
20.0233 23.1938
20.455 23.6938
20.455 23.6938
20.8867 24.1938
20.8867 24.1938
21.3183 24.6938
21.3183 24.6938
21.75 25.1938
22.1816 25.6938
22.1816 25.6938
22.6133 26.1938
22.6133 26.1938
22.8291 26.4438
23.0449 26.6938
23.0449 26.6938
23.4766 27.1938
23.4766 27.1938
23.9082 27.6938
23.9082 27.6938
23.9082 27.6938
24.3399 28.1938
24.3399 28.1938
24.7715 28.6938
24.7715 28.6938
25.1997 29.1938
25.6222 29.6938
25.6222 29.6938
25.6222 29.6938
26.0447 30.1938
26.0447 30.1938
26.4673 30.6938
26.4673 30.6938
26.8898 31.1938
27.3123 31.6938
27.3123 31.6938
27.3123 31.6938
27.7349 32.1938
27.7349 32.1938
28.1574 32.6938
28.1574 32.6938
28.5823 33.1938
28.5823 33.1938
28.7966 33.4438
29.0109 33.6938
29.0109 33.6938
29.4394 34.1938
29.4394 34.1938
29.868 34.6938
29.868 34.6938
30.2966 35.1938
30.7251 35.6938
30.7251 35.6938
31.1537 36.1938
31.1537 36.1938
31.368 36.4438
31.5823 36.6938
31.5823 36.6938
31.7966 36.9438
32.0108 37.1938
32.2251 37.4438
32.4394 37.6937
32.4394 37.6937
32.6537 37.9438
32.868 38.1938
32.868 38.1938
33.0823 38.4438
33.2966 38.6938
33.2966 38.6938
33.7251 39.1938
34.1537 39.6938
34.1537 39.6938
34.1537 39.6938
34.5823 40.1938
34.5823 40.1938
35.0108 40.6938
35.0108 40.6938
35.4394 41.1938
35.868 41.6938
35.868 41.6938
35.868 41.6938
36.2966 42.1938
36.2966 42.1938
36.7251 42.6938
36.7251 42.6938
37.1537 43.1937
37.1537 43.1937
37.5823 43.6938
37.5823 43.6938
37.5823 43.6938
38.0108 44.1938
38.0108 44.1938
38.2251 44.4438
38.4394 44.6937
38.4394 44.6937
38.868 45.1938
39.2966 45.6938
39.2966 45.6938
39.7251 46.1938
39.7251 46.1938
40.1537 46.6938
40.1537 46.6938
40.5823 47.1938
41.0108 47.6938
41.0108 47.6938
41.0108 47.6938
41.4394 48.1938
41.868 48.6937
41.868 48.6937
42.2966 49.1938
42.7251 49.6938
42.7251 49.6938
43.1537 50.1937
43.1537 50.1937
43.368 50.4438
43.5823 50.6938
43.5823 50.6938
43.5823 50.6938
43.5823 50.6938
43.5823 50.6938
44.2251 51.4438
44.2251 51.4438
44.2251 51.4438
44.2251 51.4438
44.2251 51.4438
44.868 52.1938
45.2965 52.6938
45.2965 52.6938
45.2965 52.6938
45.2965 52.6938
45.7251 53.1938
46.1537 53.6938
46.1537 53.6938
46.5823 54.1937
47.0108 54.6938
47.0108 54.6938
47.0108 54.6938
47.868 55.6937
48.2965 56.1938
48.7251 56.6938
48.7251 56.6938
48.9394 56.9437
48.9394 56.9437
49.1537 57.1937
49.1537 57.1937
49.368 57.4438
49.368 57.4438
49.5823 57.6938
49.5823 57.6938
49.7965 57.9438
50.0108 58.1937
50.0108 58.1937
50.2251 58.4437
50.4394 58.6938
50.4394 58.6938
50.6537 58.9438
50.868 59.1938
51.0823 59.4438
51.2965 59.6937
51.5108 59.9437
51.7251 60.1938
51.7251 60.1938
51.9394 60.4438
51.9394 60.4438
52.1537 60.6938
52.1537 60.6938
52.368 60.9438
52.368 60.9438
52.5823 61.1937
52.5823 61.1937
52.7965 61.4438
52.7965 61.4438
53.0108 61.6938
53.0108 61.6938
53.2251 61.9438
53.4394 62.1937
53.4394 62.1937
53.6537 62.4437
53.868 62.6938
53.868 62.6938
54.0823 62.9438
54.2965 63.1938
54.5108 63.4437
54.7251 63.6938
54.9394 63.9438
55.1537 64.1937
55.1537 64.1937
55.368 64.4437
55.368 64.4437
55.5823 64.6937
55.5823 64.6937
55.7965 64.9437
55.7965 64.9437
56.0108 65.1937
56.0108 65.1937
56.2251 65.4437
56.2251 65.4437
56.4394 65.6937
56.4394 65.6937
56.6537 65.9437
56.868 66.1937
57.0823 66.4437
57.0823 66.4437
57.0823 66.4437
57.2965 66.6937
57.2965 66.6937
57.5108 66.9437
57.5108 66.9437
57.7251 67.1937
57.7251 67.1937
57.9394 67.4437
57.9394 67.4437
58.1537 67.6937
58.1537 67.6937
58.368 67.9437
58.5822 68.1937
58.7965 68.4437
58.7965 68.4437
59.0108 68.6937
59.0108 68.6937
59.2251 68.9437
59.2251 68.9437
59.4394 69.1937
59.4394 69.1937
59.6537 69.4437
59.6537 69.4437
59.868 69.6937
59.868 69.6937
60.0822 69.9437
60.2965 70.1937
60.2965 70.1937
60.5108 70.4437
60.7251 70.6937
60.7251 70.6937
60.9394 70.9438
61.1537 71.1938
61.368 71.4437
61.5822 71.6937
61.5822 71.6937
61.7965 71.9437
62.0108 72.1937
62.0108 72.1937
62.2251 72.4437
62.4394 72.6937
62.4394 72.6937
62.6537 72.9437
62.6537 72.9437
62.868 73.1937
62.868 73.1937
63.0822 73.4437
63.0822 73.4437
63.2965 73.6937
63.2965 73.6937
63.5108 73.9437
63.7251 74.1937
63.7251 74.1937
63.9394 74.4437
64.1537 74.6937
64.1537 74.6937
64.368 74.9437
64.5822 75.1938
64.7965 75.4437
65.0108 75.6937
65.2251 75.9437
65.4394 76.1937
65.4394 76.1937
65.6537 76.4437
65.6537 76.4437
65.868 76.6937
65.868 76.6937
66.0822 76.9437
66.0822 76.9437
66.2965 77.1937
66.2965 77.1937
66.5108 77.4437
66.5108 77.4437
66.7251 77.6937
66.7251 77.6937
66.9394 77.9437
67.1537 78.1937
67.1537 78.1937
67.368 78.4437
67.5822 78.6937
67.5822 78.6937
67.7965 78.9437
68.0108 79.1937
68.2251 79.4438
68.4394 79.6937
68.6537 79.9437
68.868 80.1937
68.868 80.1937
69.0822 80.4437
69.0822 80.4437
69.2965 80.6937
69.2965 80.6937
69.5108 80.9437
69.5108 80.9437
69.7251 81.1937
69.7251 81.1937
69.9394 81.4437
69.9394 81.4437
70.1537 81.6937
70.1537 81.6937
70.368 81.9437
70.5822 82.1937
70.7965 82.4437
70.7965 82.4437
71.0108 82.6937
71.0108 82.6937
71.2251 82.9437
71.2251 82.9437
71.4394 83.1937
71.4394 83.1937
71.6537 83.4438
71.6537 83.4438
71.868 83.6938
71.868 83.6938
72.0822 83.9437
72.2965 84.1937
72.5108 84.4437
72.5108 84.4437
72.7251 84.6938
72.7251 84.6938
72.9394 84.9437
72.9394 84.9437
73.1537 85.1937
73.1537 85.1937
73.3679 85.4437
73.3679 85.4437
73.5822 85.6937
73.5822 85.6937
73.7965 85.9437
74.0108 86.1937
74.0108 86.1937
74.2251 86.4437
74.4394 86.6937
74.4394 86.6937
74.6537 86.9437
74.8679 87.1937
75.0822 87.4437
75.259 87.65
75.2965 87.6938
75.2965 87.6938
75.5108 87.9437
75.5519 87.9917
75.7251 88.1937
75.8322 88.3187
76.0965 88.6271
76.1537 88.6937
76.1537 88.6937
76.1537 88.6937
76.1537 88.6937
76.1537 88.6937
76.1537 88.6937
76.1537 88.6937
76.7965 89.4437
77.0108 89.6937
77.0108 89.6937
77.2251 89.9437
77.4394 90.1938
77.4394 90.1938
77.4394 90.1938
77.4394 90.1938
77.4394 90.1938
77.4394 90.1938
78.7251 91.6937
78.7251 91.6937
78.9394 91.9438
78.9394 91.9438
78.9394 91.9438
79.1537 92.1938
79.5822 92.6937
79.5822 92.6937
79.5822 92.6937
79.5822 92.6937
79.5822 92.6937
79.5822 92.6937
80.0108 93.1937
80.4394 93.6937
80.4394 93.6937
80.4394 93.6937
80.6537 93.9437
80.8679 94.1938
80.8679 94.1938
80.8679 94.1938
80.8679 94.1938
81.2965 94.6938
82.1537 95.6937
82.1537 95.6937
82.1537 95.6937
82.5822 96.1938
82.5822 96.1938
82.5822 96.1938
82.5822 96.1938
83.0108 96.6938
83.0108 96.6938
83.0108 96.6938
83.0108 96.6938
83.0108 96.6938
83.4394 97.1937
83.4394 97.1937
83.8679 97.6937
83.8679 97.6937
83.8679 97.6937
84.2965 98.1938
84.2965 98.1938
84.2965 98.1938
84.2965 98.1938
84.2965 98.1938
84.2965 98.1938
85.5822 99.6937
85.5822 99.6937
85.5822 99.6937
85.5822 99.6937
85.5822 99.6937
85.7965 99.9437
86.0108 100.194
86.0108 100.194
86.0108 100.194
86.2251 100.444
86.2251 100.444
86.4394 100.694
86.4394 100.694
86.4394 100.694
86.4394 100.694
86.4394 100.694
86.4394 100.694
86.8679 101.194
86.8679 101.194
87.2965 101.694
87.2965 101.694
87.2965 101.694
87.5108 101.944
87.5108 101.944
87.7251 102.194
87.7251 102.194
87.7251 102.194
87.7251 102.194
87.7251 102.194
87.7251 102.194
87.7251 102.194
89.0108 103.694
89.0108 103.694
89.0108 103.694
89.4394 104.194
89.8679 104.694
89.8679 104.694
89.8679 104.694
89.8679 104.694
89.8679 104.694
89.8679 104.694
89.8679 104.694
90.5108 105.444
90.7251 105.694
90.7251 105.694
90.7251 105.694
90.7251 105.694
90.9394 105.944
91.1536 106.194
91.1536 106.194
91.1536 106.194
91.1536 106.194
91.1536 106.194
91.1536 106.194
91.1536 106.194
91.1536 106.194
92.0108 107.194
92.4394 107.694
92.4394 107.694
92.8679 108.194
92.8679 108.194
92.8679 108.194
93.0822 108.444
93.2965 108.694
93.2965 108.694
93.2965 108.694
93.2965 108.694
93.2965 108.694
94.1536 109.694
94.1536 109.694
94.1536 109.694
94.1536 109.694
94.1536 109.694
94.3679 109.944
94.5822 110.194
94.5822 110.194
94.5822 110.194
94.5822 110.194
94.5822 110.194
94.5822 110.194
94.5822 110.194
94.5822 110.194
95.2251 110.944
95.4394 111.194
95.6536 111.444
95.8679 111.694
95.8679 111.694
95.8679 111.694
95.8679 111.694
96.0822 111.944
96.2965 112.194
96.2965 112.194
96.2965 112.194
96.5108 112.444
96.7251 112.694
96.7251 112.694
96.7251 112.694
96.7251 112.694
96.7251 112.694
96.7251 112.694
96.7251 112.694
97.1536 113.194
97.3679 113.444
97.5822 113.694
97.5822 113.694
97.5822 113.694
97.5822 113.694
97.7965 113.944
97.7965 113.944
97.7965 113.944
97.7965 113.944
97.7965 113.944
97.7965 113.944
97.7965 113.944
98.0108 114.194
98.8679 115.194
99.2894 115.685
99.2965 115.694
99.2965 115.694
99.5108 115.944
99.6179 116.069
99.7251 116.194
99.9054 116.404
99.9394 116.444
99.9394 116.444
100.136 116.673
100.154 116.694
100.154 116.694
100.796 117.444
100.796 117.444
101.011 117.694
101.011 117.694
101.011 117.694
101.011 117.694
101.439 118.194
101.439 118.194
101.439 118.194
101.439 118.194
101.439 118.194
101.439 118.194
101.439 118.194
102.082 118.944
102.511 119.444
102.725 119.694
102.725 119.694
102.939 119.944
103.029 120.048
103.154 120.194
103.339 120.41
103.582 120.694
103.582 120.694
103.582 120.694
103.582 120.694
103.582 120.694
103.582 120.694
103.593 120.706
106.255 123.812
107.045 124.733
107.152 124.858
107.275 125.002
109.582 127.694
110.011 128.194
110.439 128.694
110.439 128.694
110.868 129.194
111.296 129.694
111.296 129.694
111.725 130.194
111.725 130.194
112.154 130.694
112.154 130.694
112.582 131.194
113.011 131.694
113.011 131.694
113.439 132.194
113.439 132.194
113.654 132.444
113.868 132.694
113.868 132.694
114.296 133.194
114.296 133.194
114.725 133.694
114.725 133.694
114.725 133.694
115.154 134.194
115.154 134.194
115.582 134.694
115.582 134.694
116.011 135.194
116.439 135.694
116.439 135.694
116.439 135.694
116.868 136.194
116.868 136.194
117.296 136.694
117.296 136.694
117.725 137.194
118.154 137.694
118.154 137.694
118.154 137.694
118.582 138.194
118.582 138.194
119.011 138.694
119.011 138.694
119.439 139.194
119.439 139.194
119.654 139.444
119.868 139.694
119.868 139.694
120.296 140.194
120.296 140.194
120.725 140.694
120.725 140.694
121.154 141.194
121.582 141.694
121.582 141.694
122.011 142.194
122.011 142.194
122.225 142.444
122.439 142.694
122.439 142.694
122.654 142.944
122.868 143.194
123.082 143.444
123.296 143.694
123.296 143.694
123.511 143.944
123.725 144.194
123.725 144.194
123.939 144.444
124.154 144.694
124.154 144.694
124.582 145.194
125.011 145.694
125.011 145.694
125.011 145.694
125.439 146.194
125.439 146.194
125.868 146.694
125.868 146.694
126.296 147.194
126.725 147.694
126.725 147.694
126.725 147.694
127.154 148.194
127.154 148.194
127.582 148.694
127.582 148.694
128.011 149.194
128.011 149.194
128.439 149.694
128.439 149.694
128.439 149.694
128.868 150.194
128.868 150.194
129.082 150.444
129.296 150.694
129.296 150.694
129.725 151.194
130.154 151.694
130.154 151.694
130.582 152.194
130.582 152.194
131.011 152.694
131.011 152.694
131.439 153.194
131.868 153.694
131.868 153.694
131.868 153.694
132.296 154.194
132.725 154.694
132.725 154.694
133.154 155.194
133.582 155.694
133.582 155.694
134.011 156.194
134.011 156.194
134.225 156.444
134.439 156.694
134.439 156.694
134.439 156.694
134.439 156.694
134.439 156.694
135.082 157.444
135.082 157.444
135.082 157.444
135.082 157.444
135.082 157.444
135.725 158.194
136.154 158.694
136.154 158.694
136.154 158.694
136.154 158.694
136.582 159.194
137.011 159.694
137.439 160.194
137.868 160.694
137.868 160.694
138.725 161.694
139.154 162.194
139.582 162.694
139.582 162.694
139.796 162.944
139.796 162.944
140.011 163.194
140.011 163.194
140.225 163.444
140.225 163.444
140.439 163.694
140.439 163.694
140.654 163.944
140.868 164.194
140.868 164.194
141.082 164.444
141.296 164.694
141.296 164.694
141.511 164.944
141.657 165.115
141.668 165.127
141.725 165.194
141.939 165.444
142.073 165.6
142.084 165.613
142.154 165.694
142.368 165.944
142.582 166.194
142.582 166.194
142.796 166.444
142.796 166.444
143.011 166.694
143.011 166.694
143.225 166.944
143.225 166.944
143.439 167.194
143.439 167.194
143.654 167.444
143.654 167.444
143.868 167.694
143.868 167.694
144.082 167.944
144.296 168.194
144.296 168.194
144.511 168.444
144.725 168.694
144.725 168.694
144.939 168.944
145.041 169.063
145.063 169.088
145.154 169.194
145.368 169.444
145.482 169.577
145.493 169.59
145.582 169.694
145.796 169.944
146.011 170.194
146.011 170.194
146.225 170.444
146.225 170.444
146.439 170.694
146.439 170.694
146.654 170.944
146.654 170.944
146.868 171.194
146.868 171.194
147.082 171.444
147.082 171.444
147.296 171.694
147.296 171.694
147.511 171.944
147.636 172.09
147.725 172.194
147.939 172.444
147.939 172.444
147.939 172.444
148.086 172.615
148.154 172.694
148.154 172.694
148.368 172.944
148.368 172.944
148.582 173.194
148.582 173.194
148.796 173.444
148.796 173.444
149.011 173.694
149.011 173.694
149.225 173.944
149.439 174.194
149.654 174.444
149.654 174.444
149.868 174.694
149.868 174.694
150.082 174.944
150.082 174.944
150.296 175.194
150.296 175.194
150.511 175.444
150.511 175.444
150.725 175.694
150.725 175.694
150.939 175.944
151.063 176.088
151.154 176.194
151.154 176.194
151.368 176.444
151.513 176.613
151.582 176.694
151.582 176.694
151.796 176.944
152.011 177.194
152.225 177.444
152.439 177.694
152.439 177.694
152.654 177.944
152.868 178.194
152.868 178.194
153.082 178.444
153.296 178.694
153.296 178.694
153.511 178.944
153.511 178.944
153.725 179.194
153.725 179.194
153.939 179.444
153.939 179.444
154.154 179.694
154.154 179.694
154.368 179.944
154.493 180.09
154.582 180.194
154.582 180.194
154.796 180.444
154.921 180.59
155.011 180.694
155.011 180.694
155.225 180.944
155.439 181.194
155.654 181.444
155.868 181.694
156.082 181.944
156.296 182.194
156.296 182.194
156.511 182.444
156.511 182.444
156.725 182.694
156.725 182.694
156.939 182.944
156.939 182.944
157.154 183.194
157.154 183.194
157.368 183.444
157.368 183.444
157.582 183.694
157.582 183.694
157.796 183.944
158.011 184.194
158.011 184.194
158.225 184.444
158.364 184.606
158.439 184.694
158.439 184.694
158.654 184.944
158.868 185.194
159.082 185.444
159.296 185.694
159.511 185.944
159.725 186.194
159.725 186.194
159.939 186.444
159.939 186.444
160.154 186.694
160.154 186.694
160.368 186.944
160.368 186.944
160.513 187.113
160.523 187.125
160.582 187.194
160.582 187.194
160.796 187.444
160.796 187.444
160.938 187.608
160.938 187.608
161.011 187.694
161.011 187.694
161.225 187.944
161.439 188.194
161.654 188.444
161.654 188.444
161.868 188.694
161.868 188.694
162.082 188.944
162.082 188.944
162.296 189.194
162.296 189.194
162.511 189.444
162.511 189.444
162.725 189.694
162.725 189.694
162.939 189.944
163.154 190.194
163.368 190.444
163.368 190.444
163.582 190.694
163.582 190.694
163.796 190.944
163.796 190.944
164.011 191.194
164.011 191.194
164.225 191.444
164.225 191.444
164.439 191.694
164.439 191.694
164.654 191.944
164.868 192.194
164.868 192.194
165.082 192.444
165.296 192.694
165.296 192.694
165.296 192.694
165.296 192.694
165.296 192.694
165.296 192.694
165.296 192.694
166.116 193.65
166.154 193.694
166.154 193.694
166.154 193.694
166.154 193.694
166.154 193.694
166.154 193.694
166.154 193.694
166.409 193.992
166.439 194.027
166.439 194.027
166.439 194.027
166.439 194.027
166.439 194.027
166.439 194.027
166.439 194.027
166.689 194.319
166.725 194.36
166.725 194.36
166.725 194.36
166.725 194.36
166.725 194.36
166.725 194.36
166.725 194.36
166.954 194.627
167.011 194.694
167.011 194.694
167.011 194.694
167.011 194.694
167.011 194.694
167.011 194.694
167.011 194.694
167.868 195.694
167.868 195.694
167.868 195.694
168.296 196.194
168.725 196.694
168.725 196.694
168.725 196.694
168.939 196.944
168.939 196.944
168.939 196.944
169.368 197.444
169.368 197.444
169.368 197.444
169.582 197.694
169.582 197.694
169.582 197.694
169.582 197.694
169.796 197.944
169.796 197.944
169.796 197.944
170.011 198.194
170.011 198.194
170.011 198.194
170.011 198.194
170.225 198.444
170.439 198.694
170.439 198.694
170.439 198.694
170.439 198.694
170.439 198.694
170.439 198.694
170.439 198.694
171.296 199.694
171.296 199.694
171.725 200.194
171.939 200.444
171.939 200.444
172.143 200.681
172.154 200.694
172.154 200.694
172.154 200.694
172.154 200.694
172.154 200.694
172.154 200.694
172.154 200.694
173.123 201.683
173.134 201.694
173.134 201.694
173.134 201.694
173.134 201.694
173.134 201.694
173.134 201.694
173.134 201.694
174.273 202.685
174.283 202.694
174.283 202.694
174.283 202.694
174.583 202.944
174.583 202.944
174.824 203.194
174.824 203.194
175.048 203.444
175.048 203.444
175.272 203.694
175.272 203.694
175.496 203.944
175.72 204.194
175.72 204.194
175.943 204.444
176.167 204.694
176.167 204.694
176.188 204.717
176.391 204.944
176.608 205.194
176.822 205.444
177.036 205.694
177.251 205.944
177.465 206.194
177.465 206.194
177.677 206.442
177.679 206.444
177.679 206.444
177.883 206.681
177.893 206.694
177.893 206.694
178.108 206.944
178.108 206.944
178.322 207.194
178.322 207.194
178.536 207.444
178.536 207.444
178.751 207.694
178.751 207.694
178.965 207.944
179.179 208.194
179.179 208.194
179.393 208.444
179.597 208.681
179.608 208.694
179.608 208.694
179.822 208.944
180.036 209.194
180.251 209.444
180.465 209.694
180.679 209.944
180.893 210.194
180.893 210.194
181.108 210.444
181.108 210.444
181.115 210.452
181.322 210.694
181.322 210.694
181.34 210.715
181.536 210.944
181.536 210.944
181.751 211.194
181.751 211.194
181.965 211.444
181.965 211.444
182.179 211.694
182.179 211.694
182.393 211.944
182.608 212.194
182.64 212.231
182.809 212.429
182.822 212.444
182.822 212.444
182.822 212.444
183.036 212.694
183.036 212.694
183.043 212.702
183.251 212.944
183.251 212.944
183.465 213.194
183.465 213.194
183.679 213.444
183.679 213.444
183.893 213.694
183.893 213.694
184.108 213.944
184.318 214.19
184.322 214.194
184.52 214.425
184.536 214.444
184.536 214.444
184.734 214.675
184.751 214.694
184.751 214.694
184.965 214.944
184.965 214.944
185.179 215.194
185.179 215.194
185.393 215.444
185.393 215.444
185.608 215.694
185.608 215.694
185.822 215.944
186.036 216.194
186.036 216.194
186.251 216.444
186.431 216.654
186.431 216.654
186.465 216.694
186.465 216.694
186.679 216.944
186.893 217.194
187.108 217.444
187.322 217.694
187.322 217.694
187.536 217.944
187.751 218.194
187.751 218.194
187.965 218.444
188.168 218.681
188.179 218.694
188.179 218.694
188.393 218.944
188.393 218.944
188.608 219.194
188.608 219.194
188.822 219.444
188.822 219.444
189.036 219.694
189.036 219.694
189.251 219.944
189.465 220.194
189.465 220.194
189.679 220.444
189.89 220.69
189.893 220.694
189.893 220.694
190.108 220.944
190.317 221.188
190.322 221.194
190.536 221.444
190.713 221.65
190.751 221.694
190.965 221.944
191.126 222.131
191.179 222.194
191.179 222.194
191.393 222.444
191.393 222.444
191.57 222.65
191.608 222.694
191.608 222.694
191.822 222.944
191.822 222.944
192.036 223.194
192.036 223.194
192.251 223.444
192.251 223.444
192.465 223.694
192.465 223.694
192.679 223.944
192.893 224.194
192.893 224.194
193.108 224.444
193.293 224.66
193.322 224.694
193.322 224.694
193.536 224.944
193.709 225.146
193.751 225.194
193.965 225.444
194.143 225.652
194.179 225.694
194.393 225.944
194.561 226.14
194.608 226.194
194.608 226.194
194.822 226.444
194.822 226.444
195.022 226.677
195.036 226.694
195.036 226.694
195.25 226.944
195.25 226.944
195.465 227.194
195.465 227.194
195.679 227.444
195.679 227.444
195.893 227.694
195.893 227.694
196.108 227.944
196.322 228.194
196.536 228.444
196.536 228.444
196.75 228.694
196.75 228.694
196.763 228.708
196.965 228.944
196.965 228.944
197.179 229.194
197.179 229.194
197.393 229.444
197.393 229.444
197.608 229.694
197.608 229.694
197.822 229.944
198.036 230.194
198.25 230.444
198.25 230.444
198.449 230.675
198.465 230.694
198.465 230.694
198.679 230.944
198.679 230.944
198.893 231.194
198.893 231.194
199.1 231.435
199.108 231.444
199.108 231.444
199.322 231.694
199.322 231.694
199.345 231.721
199.536 231.944
199.729 232.169
199.75 232.194
199.75 232.194
199.965 232.444
200.165 232.677
200.179 232.694
200.179 232.694
200.393 232.944
200.608 233.194
200.822 233.444
201.036 233.694
201.036 233.694
201.25 233.944
201.465 234.194
201.465 234.194
201.679 234.444
201.89 234.69
201.893 234.694
201.893 234.694
202.108 234.944
202.108 234.944
202.322 235.194
202.322 235.194
202.536 235.444
202.536 235.444
202.75 235.694
202.75 235.694
202.965 235.944
203.179 236.194
203.179 236.194
203.393 236.444
203.608 236.694
203.608 236.694
203.634 236.725
203.822 236.944
204.036 237.194
204.25 237.444
204.254 237.448
204.465 237.694
204.468 237.698
204.679 237.944
204.893 238.194
204.893 238.194
204.897 238.198
205.108 238.444
205.108 238.444
205.322 238.694
205.322 238.694
205.334 238.708
205.536 238.944
205.536 238.944
205.75 239.194
205.75 239.194
205.965 239.444
205.965 239.444
206.179 239.694
206.179 239.694
206.393 239.944
206.608 240.194
206.608 240.194
206.822 240.444
207.009 240.663
207.036 240.694
207.036 240.694
207.25 240.944
207.465 241.194
207.652 241.412
207.679 241.444
207.886 241.685
207.893 241.694
208.108 241.944
208.311 242.181
208.322 242.194
208.322 242.194
208.536 242.444
208.536 242.444
208.75 242.694
208.75 242.694
208.75 242.694
208.965 242.944
208.965 242.944
209.179 243.194
209.179 243.194
209.393 243.444
209.393 243.444
209.608 243.694
209.608 243.694
209.822 243.944
210.036 244.194
210.065 244.227
210.234 244.425
210.25 244.444
210.25 244.444
210.25 244.444
210.465 244.694
210.465 244.694
210.481 244.712
210.679 244.944
210.679 244.944
210.893 245.194
210.893 245.194
211.108 245.444
211.108 245.444
211.322 245.694
211.322 245.694
211.536 245.944
211.75 246.194
211.795 246.246
211.965 246.444
211.965 246.444
211.967 246.446
212.179 246.694
212.179 246.694
212.193 246.71
212.393 246.944
212.393 246.944
212.608 247.194
212.608 247.194
212.822 247.444
212.822 247.444
213.036 247.694
213.036 247.694
213.25 247.944
213.465 248.194
213.465 248.194
213.679 248.444
213.893 248.694
213.893 248.694
213.902 248.704
214.108 248.944
214.322 249.194
214.536 249.444
214.75 249.694
214.75 249.694
214.965 249.944
215.179 250.194
215.179 250.194
215.393 250.444
215.597 250.681
215.608 250.694
215.608 250.694
215.822 250.944
215.822 250.944
216.036 251.194
216.036 251.194
216.25 251.444
216.25 251.444
216.465 251.694
216.465 251.694
216.679 251.944
216.893 252.194
216.893 252.194
217.108 252.444
217.318 252.69
217.322 252.694
217.322 252.694
217.536 252.944
217.75 253.194
217.759 253.204
217.965 253.444
218.175 253.69
218.179 253.694
218.393 253.944
218.574 254.154
218.608 254.194
218.608 254.194
218.822 254.444
218.822 254.444
219.002 254.654
219.036 254.694
219.036 254.694
219.25 254.944
219.25 254.944
219.465 255.194
219.465 255.194
219.679 255.444
219.679 255.444
219.893 255.694
219.893 255.694
220.108 255.944
220.322 256.194
220.322 256.194
220.536 256.444
220.72 256.658
220.75 256.694
220.75 256.694
220.965 256.944
221.127 257.133
221.179 257.194
221.393 257.444
221.542 257.617
221.608 257.694
221.822 257.944
221.988 258.137
222.036 258.194
222.036 258.194
222.25 258.444
222.25 258.444
222.447 258.673
222.465 258.694
222.465 258.694
222.679 258.944
222.679 258.944
222.893 259.194
222.893 259.194
223.108 259.444
223.108 259.444
223.322 259.694
223.322 259.694
223.536 259.944
223.75 260.194
223.965 260.444
223.965 260.444
224.179 260.694
224.179 260.694
224.211 260.731
224.393 260.944
224.393 260.944
224.608 261.194
224.608 261.194
224.822 261.444
224.822 261.444
225.036 261.694
225.036 261.694
225.25 261.944
225.465 262.194
225.679 262.444
225.679 262.444
225.881 262.679
225.893 262.694
225.893 262.694
226.108 262.944
226.108 262.944
226.322 263.194
226.322 263.194
226.536 263.444
226.536 263.444
226.75 263.694
226.75 263.694
226.965 263.944
227.179 264.194
227.179 264.194
227.393 264.444
227.572 264.652
227.608 264.694
227.608 264.694
227.822 264.944
228.036 265.194
228.25 265.444
228.465 265.694
228.465 265.694
228.679 265.944
228.893 266.194
228.893 266.194
229.108 266.444
229.308 266.677
229.322 266.694
229.322 266.694
229.536 266.944
229.536 266.944
229.75 267.194
229.75 267.194
229.965 267.444
229.965 267.444
230.179 267.694
230.179 267.694
230.393 267.944
230.608 268.194
230.608 268.194
230.822 268.444
231.036 268.694
231.036 268.694
231.052 268.712
231.25 268.944
231.465 269.194
231.477 269.208
231.679 269.444
231.893 269.694
231.904 269.706
232.108 269.944
232.29 270.156
232.322 270.194
232.322 270.194
232.536 270.444
232.536 270.444
232.718 270.656
232.75 270.694
232.75 270.694
232.965 270.944
232.965 270.944
233.179 271.194
233.179 271.194
233.393 271.444
233.393 271.444
233.608 271.694
233.608 271.694
233.822 271.944
234.036 272.194
234.036 272.194
234.25 272.444
234.459 272.688
234.465 272.694
234.465 272.694
234.679 272.944
234.863 273.158
234.893 273.194
235.108 273.444
235.279 273.644
235.322 273.694
235.536 273.944
235.718 274.156
235.75 274.194
235.75 274.194
235.965 274.444
235.965 274.444
236.15 274.66
236.179 274.694
236.179 274.694
236.393 274.944
236.393 274.944
236.608 275.194
236.608 275.194
236.822 275.444
236.822 275.444
237.036 275.694
237.036 275.694
237.25 275.944
237.431 276.154
237.465 276.194
237.634 276.392
237.679 276.444
237.679 276.444
237.679 276.444
237.868 276.665
237.893 276.694
237.893 276.694
238.108 276.944
238.108 276.944
238.322 277.194
238.322 277.194
238.536 277.444
238.536 277.444
238.75 277.694
238.75 277.694
238.965 277.944
239.124 278.129
239.179 278.194
239.315 278.352
239.393 278.444
239.393 278.444
239.549 278.625
239.608 278.694
239.608 278.694
239.822 278.944
239.822 278.944
240.036 279.194
240.036 279.194
240.25 279.444
240.25 279.444
240.465 279.694
240.465 279.694
240.679 279.944
240.893 280.194
240.893 280.194
241.108 280.444
241.318 280.69
241.322 280.694
241.322 280.694
241.536 280.944
241.75 281.194
241.965 281.444
242.179 281.694
242.179 281.694
242.393 281.944
242.608 282.194
242.608 282.194
242.822 282.444
243.036 282.694
243.036 282.694
243.052 282.712
243.25 282.944
243.25 282.944
243.465 283.194
243.465 283.194
243.679 283.444
243.679 283.444
243.893 283.694
243.893 283.694
244.108 283.944
244.322 284.194
244.322 284.194
244.536 284.444
244.722 284.66
244.75 284.694
244.75 284.694
244.965 284.944
245.145 285.154
245.179 285.194
245.393 285.444
245.583 285.665
245.608 285.694
245.822 285.944
245.988 286.137
246.036 286.194
246.036 286.194
246.25 286.444
246.25 286.444
246.424 286.646
246.465 286.694
246.465 286.694
246.679 286.944
246.679 286.944
246.893 287.194
246.893 287.194
247.108 287.444
247.108 287.444
247.322 287.694
247.322 287.694
247.536 287.944
247.75 288.194
247.75 288.194
247.965 288.444
248.174 288.688
248.179 288.694
248.179 288.694
248.393 288.944
248.579 289.16
248.608 289.194
248.822 289.444
248.984 289.633
249.036 289.694
249.25 289.944
249.433 290.156
249.465 290.194
249.465 290.194
249.679 290.444
249.679 290.444
249.877 290.675
249.893 290.694
249.893 290.694
250.108 290.944
250.108 290.944
250.322 291.194
250.322 291.194
250.536 291.444
250.536 291.444
250.75 291.694
250.75 291.694
250.965 291.944
251.179 292.194
251.393 292.444
251.393 292.444
251.608 292.694
251.608 292.694
251.674 292.771
251.822 292.944
251.822 292.944
252.036 293.194
252.036 293.194
252.25 293.444
252.25 293.444
252.465 293.694
252.465 293.694
252.679 293.944
252.893 294.194
253.108 294.444
253.108 294.444
253.322 294.694
253.322 294.694
253.342 294.717
253.536 294.944
253.536 294.944
253.75 295.194
253.75 295.194
253.965 295.444
253.965 295.444
254.179 295.694
254.179 295.694
254.393 295.944
254.608 296.194
254.608 296.194
254.822 296.444
255.036 296.694
255.036 296.694
255.036 296.694
255.25 296.944
255.465 297.194
255.679 297.444
255.893 297.694
255.893 297.694
256.108 297.944
256.322 298.194
256.322 298.194
256.536 298.444
256.724 298.663
256.75 298.694
256.75 298.694
256.965 298.944
256.965 298.944
257.178 299.194
257.178 299.194
257.391 299.444
257.391 299.444
257.603 299.694
257.603 299.694
257.816 299.944
258.029 300.194
258.029 300.194
258.242 300.444
258.373 300.598
258.454 300.694
258.454 300.694
258.667 300.944
258.811 301.113
258.88 301.194
259.093 301.444
259.227 301.602
259.305 301.694
259.518 301.944
259.646 302.094
259.731 302.194
259.731 302.194
259.944 302.444
259.944 302.444
260.112 302.642
260.157 302.694
260.157 302.694
260.369 302.944
260.369 302.944
260.582 303.194
260.582 303.194
260.795 303.444
260.795 303.444
261.008 303.694
261.008 303.694
261.22 303.944
261.433 304.194
261.433 304.194
261.646 304.444
261.859 304.694
261.859 304.694
261.878 304.717
262.071 304.944
262.284 305.194
262.497 305.444
262.509 305.458
262.71 305.694
262.745 305.735
262.923 305.944
263.135 306.194
263.135 306.194
263.158 306.221
263.348 306.444
263.348 306.444
263.561 306.694
263.561 306.694
263.593 306.731
263.774 306.944
263.774 306.944
263.986 307.194
263.986 307.194
264.199 307.444
264.199 307.444
264.412 307.694
264.412 307.694
264.625 307.944
264.837 308.194
264.875 308.238
265.05 308.444
265.05 308.444
265.05 308.444
265.068 308.465
265.263 308.694
265.263 308.694
265.3 308.738
265.476 308.944
265.476 308.944
265.688 309.194
265.688 309.194
265.901 309.444
265.901 309.444
266.114 309.694
266.114 309.694
266.327 309.944
266.54 310.194
266.564 310.223
266.752 310.444
266.752 310.444
266.766 310.46
266.965 310.694
266.965 310.694
267.001 310.735
267.178 310.944
267.178 310.944
267.391 311.194
267.391 311.194
267.603 311.444
267.603 311.444
267.816 311.694
267.816 311.694
268.029 311.944
268.242 312.194
268.242 312.194
268.454 312.444
268.667 312.694
268.667 312.694
268.71 312.744
268.88 312.944
269.093 313.194
269.305 313.444
269.518 313.694
269.518 313.694
269.731 313.944
269.944 314.194
269.944 314.194
270.157 314.444
270.369 314.694
270.369 314.694
270.582 314.944
270.582 314.944
270.795 315.194
270.795 315.194
271.008 315.444
271.008 315.444
271.22 315.694
271.22 315.694
271.433 315.944
271.646 316.194
271.646 316.194
271.859 316.444
272.071 316.694
272.071 316.694
272.284 316.944
272.497 317.194
272.71 317.444
272.923 317.694
273.135 317.944
273.348 318.194
273.348 318.194
273.561 318.444
273.561 318.444
273.774 318.694
273.774 318.694
273.986 318.944
273.986 318.944
274.199 319.194
274.199 319.194
274.412 319.444
274.412 319.444
274.625 319.694
274.625 319.694
274.837 319.944
275.05 320.194
275.05 320.194
275.263 320.444
275.476 320.694
275.476 320.694
275.688 320.944
275.901 321.194
276.114 321.444
276.327 321.694
276.54 321.944
276.752 322.194
276.752 322.194
276.965 322.444
276.965 322.444
277.178 322.694
277.178 322.694
277.391 322.944
277.391 322.944
277.603 323.194
277.603 323.194
277.816 323.444
277.816 323.444
278.029 323.694
278.029 323.694
278.242 323.944
278.454 324.194
278.667 324.444
278.667 324.444
