0.619717 0.733333
0.619717 0.733333
0.830985 0.983333
1.04225 1.23333
1.25352 1.48333
1.67605 1.98333
1.88732 2.23333
2.09859 2.48333
2.30986 2.73333
2.52112 2.98333
2.73239 3.23333
2.94366 3.48333
3.15492 3.73333
3.36619 3.98333
3.57746 4.23333
3.78873 4.48333
3.99999 4.73333
4.21126 4.98333
4.42253 5.23333
4.6338 5.48333
4.84506 5.73333
5.05633 5.98333
5.2676 6.23333
5.47886 6.48333
5.69013 6.73333
5.9014 6.98333
6.11267 7.23333
6.32393 7.48333
6.32393 7.48333
6.5352 7.73333
6.74647 7.98333
6.95773 8.23333
7.169 8.48333
7.38027 8.73333
7.38027 8.73333
7.38027 8.73333
7.38027 8.73333
7.38027 8.73333
7.38027 8.73333
7.38027 8.73333
7.8028 9.23333
8.01407 9.48333
8.22534 9.73333
8.43661 9.98333
8.64787 10.2333
8.85914 10.4833
9.07041 10.7333
9.28167 10.9833
9.49294 11.2333
9.70421 11.4833
9.91548 11.7333
9.91548 11.7333
9.91548 11.7333
9.91548 11.7333
10.1267 11.9833
10.1267 11.9833
10.1267 11.9833
10.338 12.2333
10.338 12.2333
10.338 12.2333
10.5493 12.4833
10.7605 12.7333
10.7605 12.7333
10.7605 12.7333
10.7605 12.7333
10.7605 12.7333
10.9718 12.9833
11.1831 13.2333
11.3943 13.4833
11.3943 13.4833
11.6056 13.7333
11.8169 13.9833
12.0281 14.2333
12.2394 14.4833
12.4507 14.7333
12.4507 14.7333
12.662 14.9833
12.8732 15.2333
13.0845 15.4833
13.2958 15.7333
13.507 15.9833
13.7183 16.2333
13.7183 16.2333
13.9296 16.4833
14.1408 16.7333
14.1408 16.7333
14.1408 16.7333
14.1408 16.7333
14.3521 16.9833
14.5634 17.2333
14.7746 17.4833
14.9859 17.7333
15.1972 17.9833
15.4084 18.2333
15.6197 18.4833
15.831 18.7333
16.0422 18.9833
16.0422 18.9833
16.2535 19.2333
16.4648 19.4833
16.676 19.7333
16.676 19.7333
16.676 19.7333
16.8873 19.9833
16.8873 19.9833
16.8873 19.9833
16.8873 19.9833
17.0986 20.2333
17.0986 20.2333
17.0986 20.2333
17.3098 20.4833
17.5211 20.7333
17.5211 20.7333
17.5211 20.7333
17.5211 20.7333
17.5211 20.7333
17.7324 20.9833
17.9436 21.2333
18.1549 21.4833
18.3662 21.7333
18.5774 21.9833
18.7887 22.2333
19 22.4833
19.2112 22.7333
19.4225 22.9833
19.6338 23.2333
19.845 23.4833
20.0563 23.7333
20.2676 23.9833
20.4788 24.2333
20.6901 24.4833
20.9014 24.7333
20.9014 24.7333
20.9014 24.7333
20.9014 24.7333
20.9014 24.7333
21.1126 24.9833
21.3239 25.2333
21.5352 25.4833
21.7464 25.7333
21.9577 25.9833
22.169 26.2333
22.3802 26.4833
22.5915 26.7333
22.8028 26.9833
23.014 27.2333
23.2253 27.4833
23.4366 27.7333
23.4366 27.7333
23.4366 27.7333
23.6478 27.9833
23.6478 27.9833
23.8591 28.2333
23.8591 28.2333
24.0704 28.4833
24.2816 28.7333
24.2816 28.7333
24.2816 28.7333
24.2816 28.7333
24.2816 28.7333
24.2816 28.7333
24.4929 28.9833
24.7042 29.2333
24.9155 29.4833
25.1267 29.7333
25.338 29.9833
25.5493 30.2333
25.7605 30.4833
25.9718 30.7333
26.1831 30.9833
26.3943 31.2333
26.6056 31.4833
26.8169 31.7333
27.0281 31.9833
27.0281 31.9833
27.2394 32.2333
27.4507 32.4833
27.6619 32.7333
27.6619 32.7333
27.6619 32.7333
27.6619 32.7333
27.6619 32.7333
27.6619 32.7333
27.6619 32.7333
27.8732 32.9833
28.0845 33.2333
28.2957 33.4833
28.507 33.7333
28.7183 33.9833
28.9295 34.2333
28.9295 34.2333
29.1408 34.4833
29.3521 34.7333
29.3521 34.7333
29.5633 34.9833
29.5633 34.9833
29.7746 35.2333
29.9859 35.4833
29.9859 35.4833
30.1971 35.7333
30.1971 35.7333
30.1971 35.7333
30.4084 35.9833
30.4084 35.9833
30.6197 36.2333
30.8309 36.4833
31.0422 36.7333
31.0422 36.7333
31.0422 36.7333
31.0422 36.7333
31.0422 36.7333
31.2535 36.9833
31.4647 37.2333
31.676 37.4833
31.8873 37.7333
32.0985 37.9833
32.3098 38.2333
32.5211 38.4833
32.7323 38.7333
32.7323 38.7333
32.9436 38.9833
33.1549 39.2333
33.3661 39.4833
33.5774 39.7333
33.7887 39.9833
33.9999 40.2333
34.2112 40.4833
34.4225 40.7333
36.9577 43.7333
37.383 44.2333
37.8116 44.7333
37.8116 44.7333
37.8116 44.7333
37.8116 44.7333
37.8116 44.7333
38.2402 45.2333
38.2402 45.2333
38.6687 45.7333
38.6687 45.7333
39.0973 46.2333
39.0973 46.2333
39.3116 46.4833
39.5259 46.7333
39.5259 46.7333
39.5259 46.7333
39.5259 46.7333
39.5259 46.7333
40.383 47.7333
40.8088 48.2333
41.2313 48.7333
41.2313 48.7333
41.2313 48.7333
41.2313 48.7333
41.2313 48.7333
41.6539 49.2333
41.6539 49.2333
42.0764 49.7333
42.0764 49.7333
42.4989 50.2333
42.4989 50.2333
42.7102 50.4833
42.9215 50.7333
43.344 51.2333
43.7665 51.7333
44.1891 52.2333
44.1891 52.2333
44.6116 52.7333
44.6116 52.7333
44.6116 52.7333
44.6116 52.7333
44.6116 52.7333
45.0341 53.2333
45.0341 53.2333
45.4567 53.7333
45.4567 53.7333
45.4567 53.7333
45.4567 53.7333
45.8792 54.2333
46.3017 54.7333
46.3017 54.7333
46.3017 54.7333
46.3017 54.7333
46.3017 54.7333
46.3017 54.7333
47.1938 55.7333
47.1938 55.7333
47.1938 55.7333
47.1938 55.7333
47.6334 56.2333
47.8446 56.4833
48.0559 56.7333
48.0559 56.7333
48.0559 56.7333
48.0559 56.7333
48.4784 57.2333
48.4784 57.2333
48.901 57.7333
49.3235 58.2333
49.746 58.7333
50.1686 59.2333
50.5911 59.7333
50.5911 59.7333
50.5911 59.7333
51.0136 60.2333
51.0136 60.2333
51.4362 60.7333
51.4362 60.7333
51.4362 60.7333
51.4362 60.7333
51.8587 61.2333
51.8587 61.2333
52.2812 61.7333
52.2812 61.7333
52.2812 61.7333
52.2812 61.7333
52.7038 62.2333
53.1263 62.7333
53.5488 63.2333
53.9714 63.7333
53.9714 63.7333
53.9714 63.7333
53.9714 63.7333
54.3939 64.2333
54.8164 64.7333
54.8164 64.7333
54.8164 64.7333
54.8164 64.7333
55.239 65.2333
55.239 65.2333
55.6615 65.7333
55.6615 65.7333
56.0841 66.2333
56.0841 66.2333
56.0841 66.2333
56.2953 66.4833
56.5066 66.7333
56.5066 66.7333
56.9291 67.2333
57.3517 67.7333
57.3517 67.7333
57.7742 68.2333
57.7742 68.2333
58.1967 68.7333
58.1967 68.7333
58.1967 68.7333
58.1967 68.7333
58.1967 68.7333
58.6193 69.2333
58.6193 69.2333
59.0418 69.7333
59.0418 69.7333
59.4643 70.2333
59.4643 70.2333
59.8869 70.7333
59.8869 70.7333
59.8869 70.7333
60.3094 71.2333
60.3094 71.2333
60.7319 71.7333
60.7319 71.7333
60.7319 71.7333
61.1545 72.2333
61.1545 72.2333
61.577 72.7333
61.577 72.7333
61.577 72.7333
61.577 72.7333
61.577 72.7333
61.9995 73.2333
61.9995 73.2333
62.4221 73.7333
62.8446 74.2333
63.2671 74.7333
63.2671 74.7333
63.2671 74.7333
63.6897 75.2333
63.6897 75.2333
63.6897 75.2333
64.1122 75.7333
64.1122 75.7333
64.1122 75.7333
64.1122 75.7333
64.1122 75.7333
64.5347 76.2333
64.5347 76.2333
64.9573 76.7333
64.9573 76.7333
64.9573 76.7333
64.9573 76.7333
64.9573 76.7333
65.3798 77.2333
65.3798 77.2333
65.8023 77.7333
65.8023 77.7333
65.8023 77.7333
65.8023 77.7333
66.2277 78.2333
66.2277 78.2333
66.442 78.4833
66.6563 78.7333
66.6563 78.7333
66.6563 78.7333
66.6563 78.7333
66.6563 78.7333
67.5319 79.7333
67.5319 79.7333
67.5319 79.7333
67.5319 79.7333
67.9644 80.2333
67.9644 80.2333
68.3869 80.7333
68.3869 80.7333
68.3869 80.7333
68.3869 80.7333
68.3869 80.7333
68.8094 81.2333
68.8094 81.2333
69.232 81.7333
69.232 81.7333
69.232 81.7333
69.232 81.7333
69.6545 82.2333
69.6545 82.2333
69.8658 82.4833
70.077 82.7333
70.077 82.7333
70.077 82.7333
70.077 82.7333
70.4996 83.2333
70.9221 83.7333
70.9221 83.7333
70.9221 83.7333
70.9221 83.7333
71.3446 84.2333
71.3446 84.2333
71.7672 84.7333
71.7672 84.7333
71.7672 84.7333
71.7672 84.7333
71.7672 84.7333
71.7672 84.7333
71.7672 84.7333
72.1897 85.2333
72.1897 85.2333
72.6123 85.7333
72.6123 85.7333
72.6123 85.7333
72.6123 85.7333
72.6123 85.7333
73.0348 86.2333
73.4573 86.7333
73.4573 86.7333
73.4573 86.7333
73.4573 86.7333
73.4573 86.7333
73.4573 86.7333
73.4573 86.7333
74.3024 87.7333
74.3024 87.7333
74.3024 87.7333
74.3024 87.7333
74.3024 87.7333
74.9362 88.4833
75.1475 88.7333
75.1475 88.7333
75.1475 88.7333
75.1475 88.7333
75.1475 88.7333
75.57 89.2333
75.57 89.2333
75.9925 89.7333
75.9925 89.7333
75.9925 89.7333
76.4151 90.2333
76.8376 90.7333
76.8376 90.7333
77.0489 90.9833
77.2601 91.2333
77.2601 91.2333
77.4714 91.4833
77.6827 91.7333
77.6827 91.7333
77.6827 91.7333
77.8939 91.9833
78.1052 92.2333
78.1052 92.2333
78.1052 92.2333
78.3165 92.4833
78.5277 92.7333
78.5277 92.7333
78.5277 92.7333
78.739 92.9833
78.9503 93.2333
78.9503 93.2333
79.3728 93.7333
79.3728 93.7333
79.3728 93.7333
79.3728 93.7333
79.3728 93.7333
79.804 94.2333
79.804 94.2333
80.2452 94.7333
80.2452 94.7333
80.2452 94.7333
80.2452 94.7333
80.6777 95.2333
81.1002 95.7333
81.1002 95.7333
81.1002 95.7333
81.1002 95.7333
81.5228 96.2333
81.5228 96.2333
81.9453 96.7333
81.9453 96.7333
81.9453 96.7333
81.9453 96.7333
81.9453 96.7333
82.3678 97.2333
82.3678 97.2333
82.7904 97.7333
82.7904 97.7333
82.7904 97.7333
82.7904 97.7333
83.2129 98.2333
83.2129 98.2333
83.4242 98.4833
83.6354 98.7333
83.6354 98.7333
83.6354 98.7333
84.058 99.2333
84.4805 99.7333
84.4805 99.7333
84.4805 99.7333
84.903 100.233
85.3256 100.733
85.3256 100.733
85.3256 100.733
85.3256 100.733
85.3256 100.733
85.7481 101.233
85.7481 101.233
86.1706 101.733
86.5932 102.233
87.0157 102.733
87.0157 102.733
87.0157 102.733
87.0157 102.733
87.0157 102.733
87.4382 103.233
87.8608 103.733
87.8608 103.733
87.8608 103.733
87.8608 103.733
88.2833 104.233
88.2833 104.233
88.7058 104.733
88.7058 104.733
88.7058 104.733
88.7058 104.733
89.1284 105.233
89.5509 105.733
89.9734 106.233
90.396 106.733
90.396 106.733
90.396 106.733
90.396 106.733
90.5016 106.858
90.6073 106.983
90.7129 107.108
90.8185 107.233
90.8185 107.233
90.9189 107.352
91.0298 107.483
91.0298 107.483
91.1354 107.608
91.2411 107.733
91.2411 107.733
91.2411 107.733
91.2411 107.733
91.2411 107.733
91.3467 107.858
91.4523 107.983
91.5632 108.115
91.6636 108.233
91.6636 108.233
91.771 108.36
91.8731 108.481
91.9734 108.6
92.0861 108.733
92.0861 108.733
92.0861 108.733
92.0861 108.733
92.0861 108.733
92.2974 108.983
92.5144 109.233
92.7318 109.483
92.9492 109.733
93.1665 109.983
93.3839 110.233
93.6013 110.483
93.8187 110.733
94.0361 110.983
94.2478 111.233
94.4591 111.483
94.6703 111.733
94.6703 111.733
94.6703 111.733
94.6703 111.733
94.8816 111.983
95.0929 112.233
95.0929 112.233
95.3041 112.483
95.5154 112.733
95.5154 112.733
95.5154 112.733
95.5154 112.733
95.5154 112.733
95.9379 113.233
95.9379 113.233
96.3605 113.733
96.3605 113.733
96.783 114.233
97.2055 114.733
97.2055 114.733
97.2055 114.733
97.6281 115.233
97.6281 115.233
97.6281 115.233
98.0506 115.733
98.0506 115.733
98.0506 115.733
98.0506 115.733
98.4731 116.233
98.4731 116.233
98.4731 116.233
98.8957 116.733
98.8957 116.733
98.8957 116.733
98.8957 116.733
99.3182 117.233
99.5295 117.483
99.7407 117.733
99.7407 117.733
99.952 117.983
100.163 118.233
100.375 118.483
100.375 118.483
100.375 118.483
100.586 118.733
100.586 118.733
100.586 118.733
100.586 118.733
101.008 119.233
101.008 119.233
101.008 119.233
101.008 119.233
101.431 119.733
101.431 119.733
101.431 119.733
101.853 120.233
101.853 120.233
101.853 120.233
102.276 120.733
102.276 120.733
102.276 120.733
102.276 120.733
102.276 120.733
102.698 121.233
103.121 121.733
103.121 121.733
103.121 121.733
103.544 122.233
103.544 122.233
103.544 122.233
103.966 122.733
103.966 122.733
103.966 122.733
103.966 122.733
104.811 123.733
104.811 123.733
104.811 123.733
104.811 123.733
105.022 123.983
105.234 124.233
105.234 124.233
105.445 124.483
105.656 124.733
105.656 124.733
105.656 124.733
105.656 124.733
105.656 124.733
105.656 124.733
105.656 124.733
105.656 124.733
106.079 125.233
106.501 125.733
106.501 125.733
106.501 125.733
106.501 125.733
106.501 125.733
106.924 126.233
106.924 126.233
107.346 126.733
107.346 126.733
107.346 126.733
107.346 126.733
108.2 127.733
108.2 127.733
108.2 127.733
108.2 127.733
108.2 127.733
108.626 128.233
109.049 128.733
109.049 128.733
109.049 128.733
109.049 128.733
109.049 128.733
109.049 128.733
109.471 129.233
109.471 129.233
109.894 129.733
109.894 129.733
109.894 129.733
109.894 129.733
110.316 130.233
110.316 130.233
110.739 130.733
110.739 130.733
110.739 130.733
110.739 130.733
111.378 131.483
111.378 131.483
111.593 131.733
111.593 131.733
111.593 131.733
112.021 132.233
112.021 132.233
112.45 132.733
112.45 132.733
112.45 132.733
112.45 132.733
112.45 132.733
112.45 132.733
112.45 132.733
112.878 133.233
113.307 133.733
113.521 133.983
113.735 134.233
113.95 134.483
114.164 134.733
114.164 134.733
114.164 134.733
114.164 134.733
114.164 134.733
114.593 135.233
114.593 135.233
114.593 135.233
115.021 135.733
115.021 135.733
115.021 135.733
115.021 135.733
115.021 135.733
115.45 136.233
115.45 136.233
115.45 136.233
115.878 136.733
115.878 136.733
115.878 136.733
115.878 136.733
115.878 136.733
115.878 136.733
116.307 137.233
116.307 137.233
116.735 137.733
116.735 137.733
116.735 137.733
117.164 138.233
117.593 138.733
117.593 138.733
117.593 138.733
117.593 138.733
118.214 139.458
118.285 139.542
118.352 139.619
118.45 139.733
118.457 139.742
118.878 140.233
119.307 140.733
119.307 140.733
119.307 140.733
119.307 140.733
119.307 140.733
119.307 140.733
119.307 140.733
119.73 141.233
120.147 141.733
120.147 141.733
120.147 141.733
120.147 141.733
120.147 141.733
120.563 142.233
120.772 142.483
120.98 142.733
120.98 142.733
120.98 142.733
120.98 142.733
120.98 142.733
121.399 143.233
121.822 143.733
121.822 143.733
121.822 143.733
121.822 143.733
121.822 143.733
122.244 144.233
122.244 144.233
122.456 144.483
122.667 144.733
122.667 144.733
122.667 144.733
122.667 144.733
122.667 144.733
123.089 145.233
123.089 145.233
123.089 145.233
123.512 145.733
123.512 145.733
123.512 145.733
123.512 145.733
123.935 146.233
123.935 146.233
124.146 146.483
124.357 146.733
124.357 146.733
124.357 146.733
124.357 146.733
124.78 147.233
125.202 147.733
125.202 147.733
125.202 147.733
125.202 147.733
125.625 148.233
125.625 148.233
125.836 148.483
126.047 148.733
126.047 148.733
126.047 148.733
126.047 148.733
126.047 148.733
126.047 148.733
126.47 149.233
126.47 149.233
126.892 149.733
126.892 149.733
126.892 149.733
126.892 149.733
126.892 149.733
127.315 150.233
127.315 150.233
127.737 150.733
127.737 150.733
127.737 150.733
127.737 150.733
127.737 150.733
128.16 151.233
128.582 151.733
128.582 151.733
128.582 151.733
128.582 151.733
129.005 152.233
129.216 152.483
129.427 152.733
129.427 152.733
129.427 152.733
129.427 152.733
129.427 152.733
129.427 152.733
129.85 153.233
129.85 153.233
130.273 153.733
130.695 154.233
131.118 154.733
131.54 155.233
131.963 155.733
131.963 155.733
132.385 156.233
132.385 156.233
132.808 156.733
132.808 156.733
132.808 156.733
132.808 156.733
132.808 156.733
133.23 157.233
133.23 157.233
133.653 157.733
133.653 157.733
133.653 157.733
133.653 157.733
133.653 157.733
134.075 158.233
134.075 158.233
134.498 158.733
134.498 158.733
134.498 158.733
134.923 159.233
135.352 159.733
135.352 159.733
135.352 159.733
135.352 159.733
135.78 160.233
135.78 160.233
136.209 160.733
136.209 160.733
136.209 160.733
136.209 160.733
136.209 160.733
136.638 161.233
136.638 161.233
137.066 161.733
137.066 161.733
137.066 161.733
137.066 161.733
137.492 162.233
137.703 162.483
137.914 162.733
137.914 162.733
137.914 162.733
137.914 162.733
137.914 162.733
138.759 163.733
138.759 163.733
138.759 163.733
139.185 164.233
139.185 164.233
139.613 164.733
139.613 164.733
139.613 164.733
139.613 164.733
139.613 164.733
140.042 165.233
140.042 165.233
140.471 165.733
140.471 165.733
140.471 165.733
140.471 165.733
140.471 165.733
140.899 166.233
141.328 166.733
141.328 166.733
141.328 166.733
141.328 166.733
141.756 167.233
141.756 167.233
142.185 167.733
142.185 167.733
142.185 167.733
142.185 167.733
142.185 167.733
142.613 168.233
143.042 168.733
143.042 168.733
143.042 168.733
143.042 168.733
143.042 168.733
143.042 168.733
143.471 169.233
143.685 169.483
143.899 169.733
144.113 169.983
144.328 170.233
144.542 170.483
144.756 170.733
144.756 170.733
144.971 170.983
144.971 170.983
145.185 171.233
145.399 171.483
145.613 171.733
145.613 171.733
145.613 171.733
145.613 171.733
145.828 171.983
146.036 172.233
146.036 172.233
146.036 172.233
146.245 172.483
146.453 172.733
146.453 172.733
146.453 172.733
146.453 172.733
146.453 172.733
146.453 172.733
146.453 172.733
146.87 173.233
147.286 173.733
147.286 173.733
147.286 173.733
147.286 173.733
147.286 173.733
147.286 173.733
148.12 174.733
148.12 174.733
148.12 174.733
148.12 174.733
148.745 175.483
148.953 175.733
148.953 175.733
148.953 175.733
148.953 175.733
148.953 175.733
148.953 175.733
149.161 175.983
149.161 175.983
149.161 175.983
149.37 176.233
149.37 176.233
149.37 176.233
149.578 176.483
149.578 176.483
149.578 176.483
149.786 176.733
149.786 176.733
149.786 176.733
149.786 176.733
149.786 176.733
149.786 176.733
149.786 176.733
150.203 177.233
150.411 177.483
150.411 177.483
150.411 177.483
150.411 177.483
150.62 177.733
150.62 177.733
150.828 177.983
151.048 178.233
151.048 178.233
151.048 178.233
151.489 178.733
151.71 178.983
151.71 178.983
151.71 178.983
151.919 179.233
152.127 179.483
152.127 179.483
152.335 179.733
152.335 179.733
152.335 179.733
152.335 179.733
152.544 179.983
152.758 180.233
152.758 180.233
152.758 180.233
152.758 180.233
152.972 180.483
153.186 180.733
153.186 180.733
153.186 180.733
153.186 180.733
153.186 180.733
153.186 180.733
153.186 180.733
153.277 180.84
153.277 180.84
153.609 181.233
153.818 181.483
154.026 181.733
154.026 181.733
154.026 181.733
154.026 181.733
154.448 182.233
154.662 182.483
154.662 182.483
154.662 182.483
154.877 182.733
155.091 182.983
155.091 182.983
155.091 182.983
155.305 183.233
155.52 183.483
155.52 183.483
155.734 183.733
155.734 183.733
155.734 183.733
155.734 183.733
155.734 183.733
155.948 183.983
155.948 183.983
156.162 184.233
156.162 184.233
156.377 184.483
156.377 184.483
156.377 184.483
156.591 184.733
156.591 184.733
156.591 184.733
156.591 184.733
156.591 184.733
156.591 184.733
157.02 185.233
157.234 185.483
157.234 185.483
157.448 185.733
157.662 185.983
157.877 186.233
158.091 186.483
158.091 186.483
158.305 186.733
158.52 186.983
158.52 186.983
158.52 186.983
158.948 187.483
159.162 187.733
159.162 187.733
159.162 187.733
159.162 187.733
159.162 187.733
159.377 187.983
159.377 187.983
159.377 187.983
159.591 188.233
159.591 188.233
159.591 188.233
159.805 188.483
159.805 188.483
160.02 188.733
160.02 188.733
160.02 188.733
160.02 188.733
160.02 188.733
160.02 188.733
160.02 188.733
160.02 188.733
160.877 189.733
160.877 189.733
160.877 189.733
160.877 189.733
160.877 189.733
161.305 190.233
161.52 190.483
161.52 190.483
161.52 190.483
161.52 190.483
161.52 190.483
161.734 190.733
161.734 190.733
161.948 190.983
161.948 190.983
161.948 190.983
162.36 191.483
162.553 191.719
162.553 191.719
162.565 191.733
162.565 191.733
162.565 191.733
162.984 192.233
162.999 192.25
162.999 192.25
163.413 192.733
163.413 192.733
163.413 192.733
163.413 192.733
163.413 192.733
163.413 192.733
163.841 193.233
164.056 193.483
164.27 193.733
164.27 193.733
164.27 193.733
164.27 193.733
164.696 194.233
164.696 194.233
164.696 194.233
165.118 194.733
165.118 194.733
165.118 194.733
165.118 194.733
165.118 194.733
165.118 194.733
165.746 195.483
165.955 195.733
165.955 195.733
165.955 195.733
165.955 195.733
166.163 195.983
166.163 195.983
166.371 196.233
166.371 196.233
166.58 196.483
166.58 196.483
166.788 196.733
166.788 196.733
166.788 196.733
166.788 196.733
166.788 196.733
166.788 196.733
166.892 196.858
167.205 197.233
167.621 197.733
167.621 197.733
167.621 197.733
167.621 197.733
168.038 198.233
168.246 198.483
168.455 198.733
168.455 198.733
168.455 198.733
168.455 198.733
168.455 198.733
168.455 198.733
169.091 199.483
169.091 199.483
169.306 199.733
169.306 199.733
169.306 199.733
169.306 199.733
169.306 199.733
169.734 200.233
169.734 200.233
170.163 200.733
170.163 200.733
170.163 200.733
170.163 200.733
170.163 200.733
170.163 200.733
170.163 200.733
170.163 200.733
170.163 200.733
170.377 200.983
170.588 201.233
170.588 201.233
170.8 201.483
171.011 201.733
171.222 201.983
171.436 202.233
171.436 202.233
171.436 202.233
171.651 202.483
171.865 202.733
171.865 202.733
171.865 202.733
171.865 202.733
171.865 202.733
171.865 202.733
171.865 202.733
171.972 202.858
172.079 202.983
172.186 203.108
172.293 203.233
172.395 203.352
172.508 203.483
172.615 203.608
172.722 203.733
172.722 203.733
172.722 203.733
172.722 203.733
172.722 203.733
172.722 203.733
172.829 203.858
172.936 203.983
173.046 204.115
173.145 204.233
173.145 204.233
173.145 204.233
173.145 204.233
173.251 204.36
173.352 204.481
173.451 204.6
173.562 204.733
173.562 204.733
173.562 204.733
173.562 204.733
173.562 204.733
173.77 204.983
173.978 205.233
174.187 205.483
174.395 205.733
174.603 205.983
174.812 206.233
175.02 206.483
175.228 206.733
175.437 206.983
175.654 207.233
175.871 207.483
176.088 207.733
176.088 207.733
176.088 207.733
176.088 207.733
176.306 207.983
176.515 208.233
176.515 208.233
176.723 208.483
176.931 208.733
176.931 208.733
176.931 208.733
176.931 208.733
176.931 208.733
177.359 209.233
177.359 209.233
177.801 209.733
177.801 209.733
178.23 210.233
178.647 210.733
178.647 210.733
178.647 210.733
179.064 211.233
179.064 211.233
179.064 211.233
179.48 211.733
179.48 211.733
179.48 211.733
179.48 211.733
179.897 212.233
179.897 212.233
179.897 212.233
180.314 212.733
180.314 212.733
180.314 212.733
180.314 212.733
180.736 213.233
180.95 213.483
181.164 213.733
181.164 213.733
181.379 213.983
181.587 214.233
181.796 214.483
181.796 214.483
181.796 214.483
182.004 214.733
182.004 214.733
182.004 214.733
182.004 214.733
182.432 215.233
182.432 215.233
182.432 215.233
182.432 215.233
182.873 215.733
182.873 215.733
182.873 215.733
183.303 216.233
183.303 216.233
183.303 216.233
183.72 216.733
183.72 216.733
183.72 216.733
183.72 216.733
183.72 216.733
184.148 217.233
184.589 217.733
184.589 217.733
184.589 217.733
185.019 218.233
185.019 218.233
185.019 218.233
185.435 218.733
185.435 218.733
185.435 218.733
185.435 218.733
186.286 219.733
186.286 219.733
186.286 219.733
186.286 219.733
186.501 219.983
186.709 220.233
186.709 220.233
186.918 220.483
187.126 220.733
187.126 220.733
187.126 220.733
187.126 220.733
187.126 220.733
187.126 220.733
187.126 220.733
187.126 220.733
187.543 221.233
187.959 221.733
187.959 221.733
187.959 221.733
187.959 221.733
187.959 221.733
188.384 222.233
188.384 222.233
188.819 222.733
188.819 222.733
188.819 222.733
188.819 222.733
189.689 223.733
189.689 223.733
189.689 223.733
189.689 223.733
189.689 223.733
190.115 224.233
190.532 224.733
190.532 224.733
190.532 224.733
190.532 224.733
190.532 224.733
190.532 224.733
190.948 225.233
190.948 225.233
191.365 225.733
191.365 225.733
191.365 225.733
191.365 225.733
191.782 226.233
191.782 226.233
192.198 226.733
192.198 226.733
192.198 226.733
192.198 226.733
192.841 227.483
192.841 227.483
193.058 227.733
193.058 227.733
193.058 227.733
193.485 228.233
193.485 228.233
193.901 228.733
193.901 228.733
193.901 228.733
193.901 228.733
193.901 228.733
193.901 228.733
193.901 228.733
194.324 229.233
194.752 229.733
194.966 229.983
195.175 230.233
195.383 230.483
195.592 230.733
195.592 230.733
195.592 230.733
195.592 230.733
195.592 230.733
196.029 231.233
196.029 231.233
196.029 231.233
196.491 231.733
196.491 231.733
196.491 231.733
196.491 231.733
196.491 231.733
196.932 232.233
196.932 232.233
196.932 232.233
197.348 232.733
197.348 232.733
197.348 232.733
197.348 232.733
197.348 232.733
197.348 232.733
197.765 233.233
197.765 233.233
198.182 233.733
198.598 234.233
198.598 234.233
198.598 234.233
198.598 234.233
199.015 234.733
199.015 234.733
199.015 234.733
199.015 234.733
199.015 234.733
199.015 234.733
199.119 234.858
199.223 234.983
199.223 234.983
199.327 235.108
199.432 235.233
199.432 235.233
199.536 235.358
199.64 235.483
199.64 235.483
199.64 235.483
199.744 235.608
199.848 235.733
199.848 235.733
199.848 235.733
199.848 235.733
199.848 235.733
199.848 235.733
199.952 235.858
200.057 235.983
200.057 235.983
200.163 236.108
200.27 236.233
200.27 236.233
200.27 236.233
200.27 236.233
200.378 236.358
200.485 236.483
200.485 236.483
200.699 236.733
200.699 236.733
200.699 236.733
200.699 236.733
200.699 236.733
200.699 236.733
200.699 236.733
200.699 236.733
201.128 237.233
201.556 237.733
201.556 237.733
201.556 237.733
201.556 237.733
201.556 237.733
201.985 238.233
202.199 238.483
202.413 238.733
202.413 238.733
202.413 238.733
202.413 238.733
202.413 238.733
202.842 239.233
203.27 239.733
203.27 239.733
203.27 239.733
203.27 239.733
203.27 239.733
203.699 240.233
203.699 240.233
203.913 240.483
204.128 240.733
204.128 240.733
204.128 240.733
204.128 240.733
204.128 240.733
204.556 241.233
204.556 241.233
204.556 241.233
204.985 241.733
204.985 241.733
204.985 241.733
204.985 241.733
205.413 242.233
205.413 242.233
205.628 242.483
205.842 242.733
205.842 242.733
205.842 242.733
205.842 242.733
206.27 243.233
206.699 243.733
206.699 243.733
206.699 243.733
206.699 243.733
207.119 244.233
207.119 244.233
207.325 244.483
207.53 244.733
207.53 244.733
207.53 244.733
207.53 244.733
207.53 244.733
207.53 244.733
207.944 245.233
207.944 245.233
208.361 245.733
208.361 245.733
208.361 245.733
208.361 245.733
208.361 245.733
208.783 246.233
208.783 246.233
209.211 246.733
209.211 246.733
209.211 246.733
209.211 246.733
209.211 246.733
209.64 247.233
210.068 247.733
210.068 247.733
210.068 247.733
210.068 247.733
210.489 248.233
210.694 248.483
210.9 248.733
210.9 248.733
210.9 248.733
210.9 248.733
210.9 248.733
210.9 248.733
211.311 249.233
211.311 249.233
211.722 249.733
212.141 250.233
212.569 250.733
212.998 251.233
213.427 251.733
213.427 251.733
213.855 252.233
213.855 252.233
214.284 252.733
214.284 252.733
214.284 252.733
214.284 252.733
214.284 252.733
214.712 253.233
214.712 253.233
215.141 253.733
215.141 253.733
215.141 253.733
215.141 253.733
215.141 253.733
215.569 254.233
215.569 254.233
215.998 254.733
215.998 254.733
215.998 254.733
216.413 255.233
216.813 255.733
216.813 255.733
216.813 255.733
216.813 255.733
217.227 256.233
217.227 256.233
217.655 256.733
217.655 256.733
217.655 256.733
217.655 256.733
217.655 256.733
218.084 257.233
218.084 257.233
218.512 257.733
218.512 257.733
218.512 257.733
218.512 257.733
218.941 258.233
219.155 258.483
219.369 258.733
219.369 258.733
219.369 258.733
219.369 258.733
219.369 258.733
220.227 259.733
220.227 259.733
220.227 259.733
220.655 260.233
220.655 260.233
221.084 260.733
221.084 260.733
221.084 260.733
221.084 260.733
221.084 260.733
221.512 261.233
221.512 261.233
221.941 261.733
221.941 261.733
221.941 261.733
221.941 261.733
221.941 261.733
222.369 262.233
222.798 262.733
222.798 262.733
222.798 262.733
222.798 262.733
222.798 262.733
223.218 263.233
223.629 263.733
223.629 263.733
223.629 263.733
223.629 263.733
224.049 264.233
224.049 264.233
224.049 264.233
224.477 264.733
224.477 264.733
224.477 264.733
224.477 264.733
224.477 264.733
224.477 264.733
224.477 264.733
224.906 265.233
225.334 265.733
225.334 265.733
225.334 265.733
225.334 265.733
225.757 266.233
226.174 266.733
226.174 266.733
226.174 266.733
226.174 266.733
226.174 266.733
226.591 267.233
226.591 267.233
226.591 267.233
226.591 267.233
227.007 267.733
227.007 267.733
227.007 267.733
227.007 267.733
227.007 267.733
227.007 267.733
227.007 267.733
227.007 267.733
227.424 268.233
227.424 268.233
227.424 268.233
227.424 268.233
227.424 268.233
227.424 268.233
227.841 268.733
227.841 268.733
227.841 268.733
227.841 268.733
227.841 268.733
227.841 268.733
227.841 268.733
228.255 269.233
228.666 269.733
228.666 269.733
228.666 269.733
228.666 269.733
228.666 269.733
229.082 270.233
229.293 270.483
229.504 270.733
229.504 270.733
229.504 270.733
229.504 270.733
229.504 270.733
230.35 271.733
230.35 271.733
230.35 271.733
230.35 271.733
230.781 272.233
231.222 272.733
231.222 272.733
231.222 272.733
231.222 272.733
231.222 272.733
231.663 273.233
231.663 273.233
232.104 273.733
232.104 273.733
232.104 273.733
232.104 273.733
232.545 274.233
232.545 274.233
232.766 274.483
232.987 274.733
232.987 274.733
232.987 274.733
232.987 274.733
233.406 275.233
233.801 275.733
233.801 275.733
233.801 275.733
233.801 275.733
234.214 276.233
234.214 276.233
234.432 276.483
234.649 276.733
234.649 276.733
234.649 276.733
234.649 276.733
234.649 276.733
234.649 276.733
235.065 277.233
235.065 277.233
235.46 277.733
235.46 277.733
235.46 277.733
235.46 277.733
235.46 277.733
235.873 278.233
235.873 278.233
236.308 278.733
236.308 278.733
236.308 278.733
236.308 278.733
236.308 278.733
236.743 279.233
237.178 279.733
237.178 279.733
237.178 279.733
237.178 279.733
237.612 280.233
237.83 280.483
238.047 280.733
238.047 280.733
238.047 280.733
238.047 280.733
238.047 280.733
238.047 280.733
238.482 281.233
238.482 281.233
238.917 281.733
239.352 282.233
239.786 282.733
240.21 283.233
240.621 283.733
240.621 283.733
241.032 284.233
241.032 284.233
241.443 284.733
241.443 284.733
241.443 284.733
241.443 284.733
241.443 284.733
241.854 285.233
241.854 285.233
242.265 285.733
242.265 285.733
242.265 285.733
242.265 285.733
242.265 285.733
242.676 286.233
242.676 286.233
243.087 286.733
243.087 286.733
243.087 286.733
243.498 287.233
243.909 287.733
243.909 287.733
243.909 287.733
243.909 287.733
244.331 288.233
244.331 288.233
244.766 288.733
244.766 288.733
244.766 288.733
244.766 288.733
244.766 288.733
245.2 289.233
245.2 289.233
245.635 289.733
245.635 289.733
245.635 289.733
245.635 289.733
246.07 290.233
246.287 290.483
246.505 290.733
246.505 290.733
246.505 290.733
246.505 290.733
246.505 290.733
247.356 291.733
247.356 291.733
247.356 291.733
247.791 292.233
247.791 292.233
248.238 292.733
248.238 292.733
248.238 292.733
248.238 292.733
248.238 292.733
248.666 293.233
248.666 293.233
249.072 293.733
249.072 293.733
249.072 293.733
249.072 293.733
249.072 293.733
249.482 294.233
249.899 294.733
249.899 294.733
249.899 294.733
249.899 294.733
250.316 295.233
250.316 295.233
250.732 295.733
250.732 295.733
250.732 295.733
250.732 295.733
250.732 295.733
251.149 296.233
251.566 296.733
251.566 296.733
251.566 296.733
251.566 296.733
251.566 296.733
251.566 296.733
251.982 297.233
252.191 297.483
252.399 297.733
252.607 297.983
252.83 298.233
253.054 298.483
253.278 298.733
253.278 298.733
253.502 298.983
253.502 298.983
253.726 299.233
253.95 299.483
254.173 299.733
254.173 299.733
254.397 299.983
254.621 300.233
254.845 300.483
