9.02357 15.9417
9.30659 16.4417
9.30659 16.4417
9.30659 16.4417
9.30659 16.4417
9.30659 16.4417
9.87263 17.4417
9.87263 17.4417
9.87263 17.4417
9.87263 17.4417
9.87263 17.4417
10.1556 17.9417
10.4387 18.4417
10.4387 18.4417
10.4387 18.4417
10.4387 18.4417
10.4387 18.4417
10.7217 18.9417
10.7217 18.9417
10.7217 18.9417
10.7217 18.9417
10.7217 18.9417
11.2877 19.9417
11.5707 20.4417
11.5707 20.4417
11.5707 20.4417
11.5707 20.4417
11.5707 20.4417
11.8538 20.9417
12.1368 21.4417
12.1368 21.4417
12.1368 21.4417
12.1368 21.4417
12.1368 21.4417
12.4198 21.9417
12.4198 21.9417
12.7028 22.4417
12.7028 22.4417
12.7028 22.4417
12.7028 22.4417
12.9858 22.9417
12.9858 22.9417
12.9858 22.9417
12.9858 22.9417
13.2689 23.4417
13.5519 23.9417
13.5519 23.9417
13.5519 23.9417
13.5519 23.9417
13.8349 24.4417
14.1179 24.9417
14.1179 24.9417
14.1179 24.9417
14.1179 24.9417
14.4009 25.4417
14.6839 25.9417
14.6839 25.9417
14.967 26.4417
14.967 26.4417
14.967 26.4417
15.25 26.9417
15.533 27.4417
15.533 27.4417
15.533 27.4417
15.816 27.9417
15.816 27.9417
15.816 27.9417
15.816 27.9417
16.099 28.4417
16.099 28.4417
16.3821 28.9417
16.3821 28.9417
16.6651 29.4417
16.6651 29.4417
16.9481 29.9417
16.9481 29.9417
16.9481 29.9417
16.9481 29.9417
17.2311 30.4417
17.2311 30.4417
17.5141 30.9417
17.5141 30.9417
17.5141 30.9417
17.5141 30.9417
17.7971 31.4417
18.0802 31.9417
18.0802 31.9417
18.0802 31.9417
18.0802 31.9417
18.6462 32.9417
18.6462 32.9417
18.6462 32.9417
18.6462 32.9417
18.9292 33.4417
18.9292 33.4417
19.2122 33.9417
19.2122 33.9417
19.4953 34.4417
19.4953 34.4417
19.4953 34.4417
20.0613 35.4417
20.0613 35.4417
20.0613 35.4417
20.3443 35.9417
20.3443 35.9417
20.3443 35.9417
20.3443 35.9417
20.6273 36.4417
20.6273 36.4417
20.9104 36.9417
20.9104 36.9417
20.9104 36.9417
20.9104 36.9417
21.1934 37.4417
21.1934 37.4417
21.4764 37.9417
21.4764 37.9417
21.4764 37.9417
21.4764 37.9417
21.7594 38.4417
21.7594 38.4417
21.7594 38.4417
22.0424 38.9417
22.3254 39.4417
22.3254 39.4417
22.3254 39.4417
22.3254 39.4417
22.467 39.6917
22.6085 39.9417
22.6085 39.9417
22.6085 39.9417
22.6085 39.9417
22.8915 40.4417
23.1745 40.9417
23.1745 40.9417
23.1745 40.9417
23.1745 40.9417
23.4575 41.4417
23.4575 41.4417
23.7405 41.9417
23.7405 41.9417
23.7405 41.9417
23.7405 41.9417
24.0236 42.4417
24.0236 42.4417
24.0236 42.4417
24.5896 43.4417
24.5896 43.4417
24.5896 43.4417
24.8726 43.9417
24.8726 43.9417
24.8726 43.9417
24.8726 43.9417
25.1556 44.4417
25.2971 44.6917
25.4386 44.9417
25.4386 44.9417
25.4386 44.9417
25.4386 44.9417
25.7217 45.4417
25.7217 45.4417
26.0047 45.9417
26.0047 45.9417
26.0047 45.9417
26.0047 45.9417
26.2877 46.4417
26.2877 46.4417
26.2877 46.4417
26.2877 46.4417
26.5707 46.9417
26.5707 46.9417
26.8537 47.4417
26.8537 47.4417
26.8537 47.4417
26.8537 47.4417
27.1368 47.9417
27.1368 47.9417
27.1368 47.9417
27.1368 47.9417
27.1368 47.9417
27.4198 48.4417
27.5613 48.6917
27.7028 48.9417
27.9858 49.4417
27.9858 49.4417
27.9858 49.4417
27.9858 49.4417
27.9858 49.4417
28.1273 49.6917
28.2688 49.9417
28.2688 49.9417
28.2688 49.9417
28.2688 49.9417
28.5518 50.4417
28.8349 50.9417
29.0955 51.4021
29.2087 51.6021
29.2842 51.7354
29.3879 51.9188
29.4009 51.9417
29.4009 51.9417
29.4009 51.9417
29.4009 51.9417
29.4009 51.9417
29.6839 52.4417
29.6839 52.4417
29.6839 52.4417
29.6839 52.4417
29.6839 52.4417
30.25 53.4417
30.25 53.4417
30.25 53.4417
30.25 53.4417
30.25 53.4417
30.4964 53.8771
30.533 53.9417
30.533 53.9417
30.533 53.9417
30.533 53.9417
31.6651 55.9417
31.6651 55.9417
31.9481 56.4417
31.9481 56.4417
31.9481 56.4417
32.2311 56.9417
32.2311 56.9417
32.5141 57.4417
32.5141 57.4417
32.5141 57.4417
32.5141 57.4417
32.7971 57.9417
33.0801 58.4417
33.0801 58.4417
33.0801 58.4417
33.3632 58.9417
33.3632 58.9417
33.3632 58.9417
33.3632 58.9417
33.6462 59.4417
33.6462 59.4417
33.6462 59.4417
33.9292 59.9417
33.9292 59.9417
34.2122 60.4417
34.2122 60.4417
34.4952 60.9417
34.4952 60.9417
34.7783 61.4417
34.7783 61.4417
34.7783 61.4417
34.9198 61.6917
35.0613 61.9417
35.0613 61.9417
35.3443 62.4417
35.3443 62.4417
35.3443 62.4417
35.6273 62.9417
35.6273 62.9417
35.6273 62.9417
35.6273 62.9417
35.9103 63.4417
35.9103 63.4417
36.1933 63.9417
36.1933 63.9417
36.1933 63.9417
36.1933 63.9417
36.4764 64.4417
36.4764 64.4417
36.7594 64.9417
36.7594 64.9417
36.7594 64.9417
37.0424 65.4417
37.0424 65.4417
37.3254 65.9417
37.3254 65.9417
37.3254 65.9417
37.3254 65.9417
37.6084 66.4417
37.8915 66.9417
37.8915 66.9417
37.8915 66.9417
37.8915 66.9417
38.1745 67.4417
38.1745 67.4417
38.4575 67.9417
38.4575 67.9417
38.4575 67.9417
38.4575 67.9417
38.7405 68.4417
39.0235 68.9417
39.0235 68.9417
39.0235 68.9417
39.3066 69.4417
39.3066 69.4417
39.3066 69.4417
39.5896 69.9417
39.5896 69.9417
39.8726 70.4417
39.8726 70.4417
40.1556 70.9417
40.1556 70.9417
40.1556 70.9417
40.4386 71.4417
40.4386 71.4417
40.7216 71.9417
40.7216 71.9417
40.7216 71.9417
40.7216 71.9417
40.7216 71.9417
41.0047 72.4417
41.2877 72.9417
41.2877 72.9417
41.2877 72.9417
41.2877 72.9417
41.5707 73.4417
41.5707 73.4417
41.5707 73.4417
41.5707 73.4417
41.8537 73.9417
42.1367 74.4417
42.4198 74.9417
42.4198 74.9417
42.4198 74.9417
42.7028 75.4417
42.7028 75.4417
42.9858 75.9417
42.9858 75.9417
42.9858 75.9417
42.9858 75.9417
43.2688 76.4417
43.2688 76.4417
43.2688 76.4417
43.5518 76.9417
43.8348 77.4417
43.8348 77.4417
43.8348 77.4417
43.8348 77.4417
43.8348 77.4417
44.1179 77.9417
44.4009 78.4417
44.4009 78.4417
44.6839 78.9417
44.6839 78.9417
44.6839 78.9417
44.6839 78.9417
44.9669 79.4417
44.9669 79.4417
45.2499 79.9417
45.2499 79.9417
45.2499 79.9417
45.2499 79.9417
45.2499 79.9417
45.533 80.4417
45.533 80.4417
45.816 80.9417
45.816 80.9417
45.816 80.9417
45.816 80.9417
46.382 81.9417
46.382 81.9417
46.382 81.9417
46.382 81.9417
46.665 82.4417
46.665 82.4417
46.9481 82.9417
46.9481 82.9417
46.9481 82.9417
47.2311 83.4417
47.2311 83.4417
47.5141 83.9417
47.5141 83.9417
47.5141 83.9417
47.5141 83.9417
47.5141 83.9417
47.7971 84.4417
47.7971 84.4417
47.7971 84.4417
47.7971 84.4417
47.7971 84.4417
47.7971 84.4417
48.0801 84.9417
48.0801 84.9417
48.0801 84.9417
48.0801 84.9417
48.0801 84.9417
48.0801 84.9417
48.6462 85.9417
48.6462 85.9417
48.6462 85.9417
48.9292 86.4417
48.9292 86.4417
48.9292 86.4417
49.2122 86.9417
49.2122 86.9417
49.2122 86.9417
49.4952 87.4417
49.4952 87.4417
49.4952 87.4417
49.7782 87.9417
49.7782 87.9417
49.7782 87.9417
50.0613 88.4417
50.0613 88.4417
50.0613 88.4417
50.3443 88.9417
50.6273 89.4417
50.6273 89.4417
50.6273 89.4417
50.6273 89.4417
50.9103 89.9417
51.1933 90.4417
51.1933 90.4417
51.4763 90.9417
51.4763 90.9417
51.4763 90.9417
51.4763 90.9417
51.4763 90.9417
51.7594 91.4417
51.7594 91.4417
52.0424 91.9417
52.0424 91.9417
52.3254 92.4417
52.3254 92.4417
52.6084 92.9417
52.6084 92.9417
52.6084 92.9417
52.8914 93.4417
52.8914 93.4417
52.8914 93.4417
53.1745 93.9417
53.1745 93.9417
53.4575 94.4417
53.4575 94.4417
53.4575 94.4417
53.7405 94.9417
53.7405 94.9417
53.7405 94.9417
53.7405 94.9417
54.0235 95.4417
54.0235 95.4417
54.3065 95.9417
54.3065 95.9417
54.3065 95.9417
54.3065 95.9417
54.3065 95.9417
54.5896 96.4417
54.5896 96.4417
54.8726 96.9417
54.8726 96.9417
54.8726 96.9417
55.1556 97.4417
55.1556 97.4417
55.4386 97.9417
55.4386 97.9417
55.4386 97.9417
55.4386 97.9417
55.7216 98.4417
56.0046 98.9417
56.0046 98.9417
56.0046 98.9417
56.0046 98.9417
56.2877 99.4417
56.2877 99.4417
56.5707 99.9417
56.5707 99.9417
56.5707 99.9417
56.5707 99.9417
56.8537 100.442
57.1367 100.942
57.1367 100.942
57.4197 101.442
57.4197 101.442
57.4197 101.442
57.7028 101.942
57.9858 102.442
57.9858 102.442
58.2688 102.942
58.2688 102.942
58.2688 102.942
58.5518 103.442
58.5518 103.442
58.8348 103.942
58.8348 103.942
58.8348 103.942
58.8348 103.942
58.8348 103.942
59.1178 104.442
59.4009 104.942
59.4009 104.942
59.4009 104.942
59.6839 105.442
59.6839 105.442
59.6839 105.442
59.6839 105.442
59.9669 105.942
60.2499 106.442
60.5329 106.942
60.5329 106.942
60.5329 106.942
60.816 107.442
60.816 107.442
61.099 107.942
61.099 107.942
61.099 107.942
61.099 107.942
61.382 108.442
61.382 108.442
61.382 108.442
61.665 108.942
61.948 109.442
61.948 109.442
61.948 109.442
61.948 109.442
61.948 109.442
62.2311 109.942
62.2311 109.942
62.5141 110.442
62.5141 110.442
62.7971 110.942
62.7971 110.942
62.7971 110.942
62.7971 110.942
63.0801 111.442
63.0801 111.442
63.3631 111.942
63.3631 111.942
63.3631 111.942
63.3631 111.942
63.3631 111.942
63.6461 112.442
63.6461 112.442
63.9292 112.942
63.9292 112.942
63.9292 112.942
63.9292 112.942
64.2122 113.442
64.4952 113.942
64.4952 113.942
64.4952 113.942
64.4952 113.942
64.7782 114.442
64.7782 114.442
65.0612 114.942
65.0612 114.942
65.0612 114.942
65.3443 115.442
65.3443 115.442
65.6273 115.942
65.6273 115.942
65.6273 115.942
65.6273 115.942
65.6273 115.942
65.9103 116.442
65.9103 116.442
65.9103 116.442
65.9103 116.442
65.9103 116.442
66.0518 116.692
66.1933 116.942
66.1933 116.942
66.1933 116.942
66.1933 116.942
66.1933 116.942
66.4763 117.442
66.7593 117.942
66.7593 117.942
66.7593 117.942
67.0424 118.442
67.0424 118.442
67.0424 118.442
67.3254 118.942
67.3254 118.942
67.3254 118.942
67.6084 119.442
67.6084 119.442
67.6084 119.442
67.8914 119.942
67.8914 119.942
67.8914 119.942
67.8914 119.942
67.8914 119.942
68.0329 120.192
68.1744 120.442
68.3159 120.692
68.4575 120.942
68.4575 120.942
68.4575 120.942
68.4575 120.942
68.4575 120.942
68.599 121.192
68.7405 121.442
68.882 121.692
69.0235 121.942
69.0235 121.942
69.0235 121.942
69.0235 121.942
69.0235 121.942
69.165 122.192
69.3065 122.442
69.448 122.692
69.5895 122.942
69.5895 122.942
69.5895 122.942
69.5895 122.942
69.5895 122.942
69.8726 123.442
69.8726 123.442
70.1556 123.942
70.1556 123.942
70.1556 123.942
70.1556 123.942
70.1556 123.942
70.1556 123.942
70.4386 124.442
70.4386 124.442
70.7216 124.942
70.7216 124.942
70.7216 124.942
70.7216 124.942
71.0046 125.442
71.0046 125.442
71.2876 125.942
71.2876 125.942
71.5707 126.442
71.8537 126.942
71.8537 126.942
71.8537 126.942
71.8537 126.942
72.1367 127.442
72.4197 127.942
72.4197 127.942
72.4197 127.942
72.4197 127.942
72.4197 127.942
72.7027 128.442
72.7027 128.442
72.9858 128.942
72.9858 128.942
72.9858 128.942
72.9858 128.942
73.2688 129.442
73.5518 129.942
73.5518 129.942
73.5518 129.942
73.5518 129.942
73.5518 129.942
73.8348 130.442
73.8348 130.442
74.1178 130.942
74.1178 130.942
74.1178 130.942
74.1178 130.942
74.4008 131.442
74.6839 131.942
74.6839 131.942
74.6839 131.942
74.6839 131.942
74.6839 131.942
74.9669 132.442
74.9669 132.442
75.2499 132.942
75.2499 132.942
75.2499 132.942
75.5329 133.442
75.5329 133.442
75.8159 133.942
75.8159 133.942
75.8159 133.942
75.8159 133.942
76.099 134.442
76.099 134.442
76.382 134.942
76.382 134.942
76.382 134.942
76.948 135.942
76.948 135.942
76.948 135.942
76.948 135.942
76.948 135.942
77.231 136.442
77.231 136.442
77.231 136.442
77.5141 136.942
77.5141 136.942
77.5141 136.942
77.5141 136.942
77.7971 137.442
77.7971 137.442
78.0801 137.942
78.0801 137.942
78.0801 137.942
78.0801 137.942
78.3631 138.442
78.3631 138.442
78.5046 138.692
78.6461 138.942
78.6461 138.942
78.6461 138.942
78.6461 138.942
78.9291 139.442
78.9291 139.442
79.2122 139.942
79.2122 139.942
79.2122 139.942
79.2122 139.942
79.2122 139.942
79.4952 140.442
79.4952 140.442
79.4952 140.442
79.7782 140.942
79.7782 140.942
80.0612 141.442
80.0612 141.442
80.3442 141.942
80.3442 141.942
80.3442 141.942
80.3442 141.942
80.6273 142.442
80.6273 142.442
80.6273 142.442
80.9103 142.942
80.9103 142.942
80.9103 142.942
80.9103 142.942
80.9103 142.942
81.1933 143.442
81.4763 143.942
81.4763 143.942
81.4763 143.942
81.4763 143.942
81.4763 143.942
81.7593 144.442
81.7593 144.442
82.0423 144.942
82.0423 144.942
82.0423 144.942
82.3254 145.442
82.3254 145.442
82.6084 145.942
82.6084 145.942
82.6084 145.942
82.6084 145.942
82.6084 145.942
82.6084 145.942
82.8914 146.442
82.8914 146.442
83.1744 146.942
83.1744 146.942
83.1744 146.942
83.4574 147.442
83.7405 147.942
83.7405 147.942
83.7405 147.942
83.7405 147.942
83.7405 147.942
84.0235 148.442
84.0235 148.442
84.0235 148.442
84.3065 148.942
84.3065 148.942
84.3065 148.942
84.3065 148.942
84.5895 149.442
84.5895 149.442
84.8725 149.942
84.8725 149.942
84.8725 149.942
84.8725 149.942
85.1555 150.442
85.1555 150.442
85.1555 150.442
85.4386 150.942
85.4386 150.942
85.4386 150.942
85.4386 150.942
85.7216 151.442
85.7216 151.442
86.0046 151.942
86.0046 151.942
86.0046 151.942
86.0046 151.942
86.0046 151.942
86.2876 152.442
86.2876 152.442
86.2876 152.442
86.2876 152.442
86.5706 152.942
86.5706 152.942
86.5706 152.942
86.5706 152.942
86.8537 153.442
86.8537 153.442
86.8537 153.442
87.1367 153.942
87.1367 153.942
87.1367 153.942
87.1367 153.942
87.1367 153.942
87.4197 154.442
87.7027 154.942
87.7027 154.942
87.7027 154.942
87.7027 154.942
87.8442 155.192
87.9857 155.442
87.9857 155.442
87.9857 155.442
88.1272 155.692
88.2688 155.942
88.2688 155.942
88.2688 155.942
88.2688 155.942
88.2688 155.942
88.5518 156.442
88.5518 156.442
88.8348 156.942
88.8348 156.942
88.8348 156.942
88.8348 156.942
89.1178 157.442
89.1178 157.442
89.4008 157.942
89.4008 157.942
89.6838 158.442
89.9669 158.942
89.9669 158.942
89.9669 158.942
90.2499 159.442
90.5329 159.942
90.5329 159.942
90.5329 159.942
90.5329 159.942
90.5329 159.942
90.8159 160.442
90.8159 160.442
91.0989 160.942
91.0989 160.942
91.0989 160.942
91.0989 160.942
91.382 161.442
91.665 161.942
91.665 161.942
91.665 161.942
91.665 161.942
91.665 161.942
91.948 162.442
91.948 162.442
92.231 162.942
92.231 162.942
92.231 162.942
92.231 162.942
92.514 163.442
92.797 163.942
92.797 163.942
92.797 163.942
92.797 163.942
92.797 163.942
93.0801 164.442
93.0801 164.442
93.3631 164.942
93.3631 164.942
93.3631 164.942
93.6461 165.442
93.6461 165.442
93.9291 165.942
93.9291 165.942
93.9291 165.942
93.9291 165.942
94.2121 166.442
94.4952 166.942
94.4952 166.942
94.4952 166.942
95.0612 167.942
95.0612 167.942
95.0612 167.942
95.0612 167.942
95.0612 167.942
95.3442 168.442
95.3442 168.442
95.3442 168.442
95.6272 168.942
95.6272 168.942
95.6272 168.942
95.6272 168.942
95.9103 169.442
95.9103 169.442
96.1933 169.942
96.1933 169.942
96.1933 169.942
96.1933 169.942
96.1933 169.942
96.4763 170.442
96.4763 170.442
96.7593 170.942
96.7593 170.942
96.7593 170.942
96.7593 170.942
97.0423 171.442
97.0423 171.442
97.3253 171.942
97.3253 171.942
97.3253 171.942
97.3253 171.942
97.3253 171.942
97.6084 172.442
97.6084 172.442
97.6084 172.442
97.8914 172.942
97.8914 172.942
98.1744 173.442
98.1744 173.442
98.4574 173.942
98.4574 173.942
98.4574 173.942
98.4574 173.942
98.7404 174.442
98.7404 174.442
98.7404 174.442
99.0235 174.942
99.0235 174.942
99.0235 174.942
99.0235 174.942
99.0235 174.942
99.3065 175.442
99.5895 175.942
99.5895 175.942
99.5895 175.942
99.5895 175.942
99.5895 175.942
99.8725 176.442
99.8725 176.442
100.156 176.942
100.156 176.942
100.156 176.942
100.439 177.442
100.439 177.442
100.722 177.942
100.722 177.942
100.722 177.942
100.722 177.942
100.722 177.942
101.005 178.442
101.005 178.442
101.005 178.442
101.288 178.942
101.288 178.942
101.288 178.942
101.571 179.442
101.571 179.442
101.854 179.942
101.854 179.942
101.854 179.942
101.854 179.942
101.854 179.942
101.854 179.942
102.137 180.442
102.42 180.942
102.703 181.442
102.703 181.442
102.703 181.442
102.703 181.442
102.703 181.442
102.986 181.942
102.986 181.942
102.986 181.942
102.986 181.942
102.986 181.942
103.269 182.442
103.552 182.942
103.835 183.442
104.118 183.942
104.118 183.942
104.118 183.942
104.118 183.942
104.118 183.942
104.118 183.942
104.118 183.942
104.401 184.442
104.401 184.442
104.401 184.442
104.401 184.442
104.401 184.442
104.401 184.442
104.967 185.442
104.967 185.442
104.967 185.442
104.967 185.442
104.967 185.442
105.25 185.942
105.25 185.942
105.25 185.942
105.25 185.942
105.25 185.942
105.25 185.942
105.816 186.942
106.099 187.442
106.382 187.942
106.382 187.942
106.665 188.442
106.665 188.442
106.665 188.442
106.948 188.942
106.948 188.942
106.948 188.942
107.089 189.192
107.089 189.192
107.231 189.442
107.373 189.692
107.373 189.692
107.373 189.692
107.514 189.942
107.514 189.942
107.514 189.942
107.797 190.442
107.797 190.442
107.797 190.442
108.08 190.942
108.08 190.942
108.363 191.442
108.363 191.442
108.646 191.942
108.646 191.942
108.929 192.442
108.929 192.442
108.929 192.442
108.929 192.442
109.071 192.692
109.212 192.942
109.212 192.942
109.212 192.942
109.212 192.942
109.212 192.942
109.212 192.942
109.495 193.442
109.637 193.692
109.637 193.692
109.778 193.942
109.778 193.942
109.92 194.192
109.92 194.192
110.061 194.442
110.061 194.442
110.203 194.692
110.203 194.692
110.344 194.942
110.344 194.942
110.344 194.942
110.627 195.442
110.627 195.442
110.91 195.942
110.91 195.942
111.193 196.442
111.193 196.442
111.193 196.442
111.476 196.942
111.476 196.942
111.759 197.442
111.759 197.442
112.042 197.942
112.042 197.942
112.184 198.192
112.184 198.192
112.325 198.442
112.467 198.692
112.467 198.692
112.608 198.942
112.608 198.942
112.608 198.942
112.891 199.442
112.891 199.442
113.174 199.942
113.174 199.942
113.457 200.442
113.457 200.442
113.457 200.442
113.74 200.942
113.74 200.942
113.74 200.942
113.882 201.192
113.882 201.192
114.023 201.442
114.165 201.692
114.165 201.692
114.306 201.942
114.306 201.942
114.306 201.942
114.589 202.442
114.589 202.442
114.589 202.442
114.589 202.442
114.731 202.692
114.872 202.942
114.872 202.942
114.872 202.942
115.014 203.192
115.156 203.442
115.156 203.442
115.156 203.442
115.297 203.692
115.439 203.942
115.439 203.942
115.439 203.942
115.58 204.192
115.722 204.442
115.722 204.442
115.722 204.442
115.722 204.442
115.863 204.692
116.005 204.942
116.005 204.942
116.005 204.942
116.005 204.942
116.005 204.942
116.005 204.942
116.288 205.442
116.429 205.692
116.429 205.692
116.571 205.942
116.571 205.942
116.712 206.192
116.712 206.192
116.712 206.192
116.854 206.442
116.854 206.442
116.995 206.692
116.995 206.692
116.995 206.692
117.137 206.942
117.137 206.942
117.137 206.942
117.42 207.442
117.42 207.442
117.42 207.442
117.703 207.942
117.703 207.942
117.844 208.192
117.986 208.442
117.986 208.442
117.986 208.442
118.127 208.692
118.269 208.942
118.269 208.942
118.552 209.442
118.552 209.442
118.552 209.442
118.835 209.942
118.835 209.942
118.976 210.192
118.976 210.192
119.118 210.442
119.259 210.692
119.259 210.692
119.259 210.692
119.401 210.942
119.401 210.942
119.401 210.942
119.542 211.192
119.684 211.442
119.684 211.442
119.684 211.442
119.967 211.942
119.967 211.942
120.25 212.442
120.25 212.442
120.25 212.442
120.533 212.942
120.533 212.942
120.533 212.942
120.674 213.192
120.674 213.192
120.816 213.442
120.957 213.692
120.957 213.692
121.099 213.942
121.099 213.942
121.099 213.942
121.382 214.442
121.382 214.442
121.665 214.942
121.665 214.942
121.806 215.192
121.948 215.442
121.948 215.442
121.948 215.442
122.089 215.692
122.231 215.942
122.231 215.942
122.231 215.942
122.231 215.942
122.514 216.442
122.514 216.442
122.514 216.442
122.514 216.442
122.797 216.942
122.797 216.942
122.797 216.942
122.797 216.942
123.08 217.442
123.08 217.442
123.08 217.442
123.08 217.442
123.363 217.942
123.363 217.942
123.363 217.942
123.363 217.942
124.495 219.942
124.495 219.942
124.495 219.942
124.778 220.442
124.778 220.442
124.778 220.442
125.061 220.942
125.344 221.442
125.344 221.442
125.344 221.442
125.344 221.442
125.627 221.942
125.91 222.442
125.91 222.442
126.193 222.942
126.193 222.942
126.193 222.942
126.193 222.942
126.193 222.942
126.476 223.442
126.476 223.442
126.759 223.942
126.759 223.942
127.042 224.442
127.042 224.442
127.325 224.942
127.325 224.942
127.325 224.942
127.608 225.442
127.608 225.442
127.608 225.442
127.891 225.942
127.891 225.942
128.174 226.442
128.174 226.442
128.174 226.442
128.457 226.942
128.457 226.942
128.457 226.942
128.457 226.942
128.74 227.442
128.74 227.442
129.023 227.942
129.023 227.942
129.023 227.942
129.023 227.942
129.023 227.942
129.306 228.442
129.306 228.442
129.589 228.942
129.589 228.942
129.589 228.942
129.872 229.442
129.872 229.442
130.155 229.942
130.155 229.942
130.155 229.942
130.155 229.942
130.439 230.442
130.722 230.942
130.722 230.942
130.722 230.942
130.722 230.942
131.005 231.442
131.005 231.442
131.288 231.942
131.288 231.942
131.288 231.942
131.288 231.942
131.571 232.442
131.854 232.942
131.854 232.942
132.137 233.442
132.137 233.442
132.137 233.442
132.42 233.942
132.703 234.442
132.703 234.442
132.986 234.942
132.986 234.942
132.986 234.942
133.269 235.442
133.269 235.442
133.552 235.942
133.552 235.942
133.552 235.942
133.552 235.942
133.552 235.942
133.835 236.442
134.118 236.942
134.118 236.942
134.118 236.942
134.401 237.442
134.401 237.442
134.401 237.442
134.401 237.442
134.684 237.942
134.967 238.442
135.25 238.942
135.25 238.942
135.25 238.942
135.533 239.442
135.533 239.442
135.816 239.942
135.816 239.942
135.816 239.942
135.816 239.942
136.099 240.442
136.099 240.442
136.099 240.442
136.382 240.942
136.665 241.442
136.665 241.442
136.665 241.442
136.665 241.442
136.665 241.442
136.948 241.942
136.948 241.942
137.231 242.442
137.231 242.442
137.514 242.942
137.514 242.942
137.514 242.942
137.514 242.942
137.797 243.442
137.797 243.442
138.08 243.942
138.08 243.942
138.08 243.942
138.08 243.942
138.08 243.942
138.363 244.442
138.363 244.442
138.646 244.942
138.646 244.942
138.646 244.942
138.646 244.942
138.929 245.442
139.212 245.942
139.212 245.942
139.212 245.942
139.212 245.942
139.495 246.442
139.495 246.442
139.778 246.942
139.778 246.942
139.778 246.942
140.061 247.442
140.061 247.442
140.344 247.942
140.344 247.942
140.344 247.942
140.344 247.942
140.344 247.942
140.627 248.442
140.627 248.442
140.627 248.442
140.627 248.442
140.627 248.442
140.769 248.692
140.91 248.942
140.91 248.942
140.91 248.942
140.91 248.942
140.91 248.942
141.193 249.442
141.476 249.942
141.476 249.942
141.476 249.942
141.759 250.442
141.759 250.442
141.759 250.442
142.042 250.942
142.042 250.942
142.042 250.942
142.325 251.442
142.325 251.442
142.325 251.442
142.325 251.442
142.608 251.942
142.608 251.942
142.608 251.942
142.608 251.942
142.608 251.942
142.608 251.942
142.891 252.442
142.891 252.442
143.174 252.942
143.174 252.942
143.174 252.942
143.174 252.942
143.457 253.442
143.457 253.442
143.74 253.942
143.74 253.942
144.023 254.442
144.306 254.942
144.306 254.942
144.306 254.942
144.306 254.942
144.589 255.442
144.872 255.942
144.872 255.942
144.872 255.942
144.872 255.942
144.872 255.942
145.155 256.442
145.155 256.442
145.438 256.942
145.438 256.942
145.438 256.942
145.438 256.942
145.722 257.442
146.005 257.942
146.005 257.942
146.005 257.942
146.005 257.942
146.005 257.942
146.288 258.442
146.288 258.442
146.571 258.942
146.571 258.942
146.571 258.942
146.571 258.942
146.854 259.442
147.137 259.942
147.137 259.942
147.137 259.942
147.137 259.942
147.137 259.942
147.42 260.442
147.42 260.442
147.703 260.942
147.703 260.942
147.703 260.942
147.986 261.442
147.986 261.442
148.269 261.942
148.269 261.942
148.269 261.942
148.269 261.942
148.552 262.442
148.552 262.442
148.835 262.942
148.835 262.942
148.835 262.942
149.401 263.942
149.401 263.942
149.401 263.942
149.401 263.942
149.401 263.942
149.684 264.442
149.684 264.442
149.684 264.442
149.967 264.942
149.967 264.942
149.967 264.942
149.967 264.942
150.25 265.442
150.25 265.442
150.533 265.942
150.533 265.942
150.533 265.942
150.533 265.942
150.816 266.442
150.816 266.442
150.957 266.692
151.099 266.942
151.099 266.942
151.099 266.942
151.099 266.942
151.382 267.442
151.382 267.442
151.665 267.942
151.665 267.942
151.665 267.942
151.665 267.942
151.665 267.942
151.948 268.442
151.948 268.442
151.948 268.442
152.231 268.942
152.231 268.942
152.514 269.442
152.514 269.442
152.797 269.942
152.797 269.942
152.797 269.942
152.797 269.942
153.08 270.442
153.08 270.442
153.08 270.442
153.363 270.942
153.363 270.942
153.363 270.942
153.363 270.942
153.363 270.942
153.646 271.442
153.929 271.942
153.929 271.942
153.929 271.942
153.929 271.942
153.929 271.942
154.212 272.442
154.212 272.442
154.495 272.942
154.495 272.942
154.495 272.942
154.778 273.442
154.778 273.442
155.061 273.942
155.061 273.942
155.061 273.942
155.061 273.942
155.061 273.942
155.061 273.942
155.344 274.442
155.344 274.442
155.627 274.942
155.627 274.942
155.627 274.942
155.91 275.442
156.193 275.942
156.193 275.942
156.193 275.942
156.193 275.942
156.193 275.942
156.476 276.442
156.476 276.442
156.476 276.442
156.759 276.942
156.759 276.942
156.759 276.942
156.759 276.942
157.042 277.442
157.042 277.442
157.325 277.942
157.325 277.942
157.325 277.942
157.325 277.942
157.608 278.442
157.608 278.442
157.608 278.442
157.891 278.942
157.891 278.942
157.891 278.942
157.891 278.942
158.174 279.442
158.174 279.442
158.457 279.942
158.457 279.942
158.457 279.942
158.457 279.942
158.457 279.942
158.74 280.442
158.74 280.442
158.74 280.442
158.74 280.442
159.023 280.942
159.023 280.942
159.023 280.942
159.023 280.942
159.306 281.442
159.306 281.442
159.306 281.442
159.589 281.942
159.589 281.942
159.589 281.942
159.589 281.942
159.589 281.942
159.872 282.442
160.155 282.942
160.155 282.942
160.155 282.942
160.155 282.942
160.297 283.192
160.438 283.442
160.438 283.442
160.438 283.442
160.58 283.692
160.721 283.942
160.721 283.942
160.721 283.942
160.721 283.942
160.721 283.942
161.005 284.442
161.005 284.442
161.288 284.942
161.288 284.942
161.288 284.942
161.288 284.942
161.571 285.442
161.571 285.442
161.854 285.942
161.854 285.942
162.137 286.442
162.42 286.942
162.42 286.942
162.42 286.942
162.703 287.442
162.986 287.942
162.986 287.942
162.986 287.942
162.986 287.942
162.986 287.942
163.269 288.442
163.269 288.442
163.552 288.942
163.552 288.942
163.552 288.942
163.552 288.942
163.835 289.442
164.118 289.942
164.118 289.942
164.118 289.942
164.118 289.942
164.118 289.942
164.401 290.442
164.401 290.442
164.684 290.942
164.684 290.942
164.684 290.942
164.684 290.942
164.967 291.442
165.25 291.942
165.25 291.942
165.25 291.942
165.25 291.942
165.25 291.942
165.533 292.442
165.533 292.442
165.816 292.942
165.816 292.942
165.816 292.942
166.099 293.442
166.099 293.442
166.382 293.942
166.382 293.942
166.382 293.942
166.382 293.942
166.665 294.442
166.948 294.942
166.948 294.942
166.948 294.942
167.514 295.942
167.514 295.942
167.514 295.942
167.514 295.942
167.514 295.942
167.797 296.442
167.797 296.442
167.797 296.442
168.08 296.942
168.08 296.942
168.08 296.942
168.08 296.942
168.363 297.442
168.363 297.442
168.646 297.942
168.646 297.942
168.646 297.942
168.646 297.942
168.646 297.942
168.929 298.442
168.929 298.442
169.212 298.942
169.212 298.942
169.212 298.942
169.212 298.942
169.495 299.442
169.495 299.442
169.778 299.942
169.778 299.942
169.778 299.942
169.778 299.942
169.778 299.942
170.061 300.442
170.061 300.442
170.061 300.442
170.344 300.942
170.344 300.942
170.627 301.442
170.627 301.442
170.91 301.942
170.91 301.942
170.91 301.942
170.91 301.942
171.193 302.442
171.193 302.442
171.193 302.442
171.476 302.942
171.476 302.942
171.476 302.942
171.476 302.942
171.476 302.942
171.759 303.442
172.042 303.942
172.042 303.942
172.042 303.942
172.042 303.942
172.042 303.942
172.325 304.442
172.325 304.442
172.608 304.942
172.608 304.942
172.608 304.942
172.891 305.442
172.891 305.442
173.174 305.942
173.174 305.942
173.174 305.942
173.174 305.942
173.174 305.942
173.457 306.442
173.457 306.442
173.457 306.442
173.74 306.942
173.74 306.942
173.74 306.942
174.023 307.442
174.023 307.442
174.306 307.942
174.306 307.942
174.306 307.942
174.306 307.942
174.306 307.942
174.306 307.942
174.589 308.442
174.872 308.942
175.155 309.442
175.155 309.442
175.155 309.442
175.155 309.442
175.155 309.442
175.438 309.942
175.438 309.942
175.438 309.942
175.438 309.942
175.438 309.942
175.721 310.442
176.004 310.942
176.288 311.442
176.571 311.942
176.571 311.942
176.571 311.942
176.571 311.942
176.571 311.942
176.571 311.942
176.571 311.942
176.854 312.442
176.854 312.442
176.854 312.442
176.854 312.442
176.854 312.442
176.854 312.442
177.42 313.442
177.42 313.442
177.42 313.442
177.42 313.442
177.42 313.442
177.703 313.942
177.703 313.942
177.703 313.942
177.703 313.942
177.703 313.942
177.703 313.942
177.986 314.442
177.986 314.442
178.269 314.942
178.269 314.942
178.269 314.942
178.552 315.442
178.552 315.442
178.552 315.442
178.835 315.942
178.835 315.942
178.835 315.942
178.835 315.942
178.835 315.942
179.118 316.442
179.118 316.442
179.118 316.442
179.118 316.442
179.118 316.442
179.542 317.192
179.684 317.442
179.684 317.442
179.684 317.442
179.684 317.442
179.967 317.942
179.967 317.942
179.967 317.942
179.967 317.942
180.108 318.192
180.25 318.442
180.25 318.442
180.25 318.442
180.25 318.442
180.391 318.692
180.533 318.942
180.533 318.942
180.533 318.942
180.533 318.942
180.674 319.192
180.816 319.442
180.816 319.442
180.816 319.442
180.816 319.442
180.816 319.442
180.957 319.692
181.099 319.942
181.099 319.942
181.099 319.942
181.099 319.942
181.099 319.942
181.099 319.942
181.382 320.442
181.382 320.442
181.665 320.942
181.665 320.942
181.665 320.942
181.665 320.942
181.948 321.442
181.948 321.442
182.231 321.942
182.231 321.942
182.514 322.442
182.797 322.942
182.797 322.942
182.797 322.942
182.797 322.942
183.08 323.442
183.363 323.942
183.363 323.942
183.363 323.942
183.363 323.942
183.363 323.942
183.646 324.442
183.646 324.442
183.929 324.942
183.929 324.942
183.929 324.942
183.929 324.942
184.212 325.442
184.495 325.942
184.495 325.942
184.495 325.942
184.495 325.942
184.495 325.942
184.778 326.442
184.778 326.442
185.061 326.942
185.061 326.942
185.061 326.942
185.061 326.942
185.344 327.442
185.627 327.942
185.627 327.942
185.627 327.942
185.627 327.942
185.627 327.942
185.91 328.442
185.91 328.442
186.193 328.942
186.193 328.942
186.193 328.942
186.476 329.442
186.476 329.442
186.759 329.942
186.759 329.942
186.759 329.942
186.759 329.942
187.042 330.442
187.042 330.442
187.325 330.942
187.325 330.942
187.325 330.942
187.891 331.942
187.891 331.942
187.891 331.942
187.891 331.942
187.891 331.942
188.174 332.442
188.174 332.442
188.174 332.442
188.457 332.942
188.457 332.942
188.457 332.942
188.457 332.942
188.74 333.442
188.74 333.442
189.023 333.942
189.023 333.942
189.023 333.942
189.023 333.942
189.306 334.442
189.306 334.442
189.448 334.692
189.589 334.942
189.589 334.942
189.589 334.942
189.589 334.942
189.872 335.442
189.872 335.442
190.155 335.942
190.155 335.942
190.155 335.942
190.155 335.942
190.155 335.942
190.438 336.442
190.438 336.442
190.438 336.442
190.721 336.942
190.721 336.942
191.004 337.442
191.004 337.442
191.287 337.942
191.287 337.942
191.287 337.942
191.287 337.942
191.571 338.442
191.571 338.442
191.571 338.442
191.854 338.942
191.854 338.942
191.854 338.942
191.854 338.942
191.854 338.942
192.137 339.442
192.42 339.942
192.42 339.942
192.42 339.942
192.42 339.942
192.42 339.942
192.703 340.442
192.703 340.442
192.986 340.942
192.986 340.942
192.986 340.942
193.269 341.442
193.269 341.442
193.552 341.942
193.552 341.942
193.552 341.942
193.552 341.942
193.552 341.942
193.552 341.942
193.835 342.442
193.835 342.442
194.118 342.942
194.118 342.942
194.118 342.942
194.401 343.442
194.684 343.942
194.684 343.942
194.684 343.942
194.684 343.942
194.684 343.942
194.967 344.442
194.967 344.442
194.967 344.442
195.25 344.942
195.25 344.942
195.25 344.942
195.25 344.942
195.533 345.442
195.533 345.442
195.816 345.942
195.816 345.942
195.816 345.942
195.816 345.942
196.099 346.442
196.099 346.442
196.099 346.442
196.382 346.942
196.382 346.942
196.382 346.942
196.382 346.942
196.665 347.442
196.665 347.442
196.948 347.942
196.948 347.942
196.948 347.942
196.948 347.942
196.948 347.942
197.231 348.442
197.231 348.442
197.231 348.442
197.231 348.442
197.514 348.942
197.514 348.942
197.514 348.942
197.514 348.942
197.797 349.442
197.797 349.442
197.797 349.442
198.08 349.942
198.08 349.942
198.08 349.942
198.08 349.942
198.08 349.942
198.363 350.442
198.646 350.942
198.646 350.942
198.646 350.942
198.646 350.942
198.787 351.192
198.929 351.442
198.929 351.442
198.929 351.442
199.07 351.692
199.212 351.942
199.212 351.942
199.212 351.942
199.212 351.942
199.212 351.942
199.495 352.442
199.495 352.442
199.778 352.942
199.778 352.942
199.778 352.942
199.778 352.942
200.061 353.442
200.061 353.442
200.344 353.942
200.344 353.942
200.627 354.442
200.91 354.942
200.91 354.942
200.91 354.942
201.193 355.442
201.476 355.942
201.476 355.942
201.476 355.942
201.476 355.942
201.476 355.942
201.759 356.442
201.759 356.442
202.042 356.942
202.042 356.942
202.042 356.942
202.042 356.942
202.325 357.442
202.608 357.942
202.608 357.942
202.608 357.942
202.608 357.942
202.608 357.942
202.891 358.442
202.891 358.442
203.174 358.942
203.174 358.942
203.174 358.942
203.174 358.942
203.457 359.442
203.74 359.942
203.74 359.942
203.74 359.942
203.74 359.942
203.74 359.942
204.023 360.442
204.023 360.442
204.306 360.942
204.306 360.942
204.306 360.942
204.589 361.442
204.589 361.442
204.872 361.942
204.872 361.942
204.872 361.942
204.872 361.942
205.155 362.442
205.438 362.942
205.438 362.942
205.438 362.942
206.004 363.942
206.004 363.942
206.004 363.942
206.004 363.942
206.004 363.942
206.287 364.442
206.287 364.442
206.287 364.442
206.57 364.942
206.57 364.942
206.57 364.942
206.57 364.942
206.854 365.442
206.854 365.442
207.137 365.942
207.137 365.942
207.137 365.942
207.137 365.942
207.137 365.942
207.42 366.442
207.42 366.442
207.703 366.942
207.703 366.942
207.703 366.942
207.703 366.942
207.986 367.442
207.986 367.442
208.269 367.942
208.269 367.942
208.269 367.942
208.269 367.942
208.269 367.942
208.552 368.442
208.552 368.442
208.552 368.442
208.835 368.942
208.835 368.942
209.118 369.442
209.118 369.442
209.401 369.942
209.401 369.942
209.401 369.942
209.401 369.942
209.684 370.442
209.684 370.442
209.684 370.442
209.967 370.942
209.967 370.942
209.967 370.942
209.967 370.942
209.967 370.942
210.25 371.442
210.533 371.942
210.533 371.942
210.533 371.942
210.533 371.942
210.533 371.942
210.816 372.442
210.816 372.442
211.099 372.942
211.099 372.942
211.099 372.942
211.382 373.442
211.382 373.442
211.665 373.942
211.665 373.942
211.665 373.942
211.665 373.942
211.665 373.942
211.948 374.442
211.948 374.442
211.948 374.442
212.231 374.942
212.231 374.942
212.231 374.942
212.514 375.442
212.514 375.442
212.797 375.942
212.797 375.942
212.797 375.942
212.797 375.942
212.797 375.942
212.797 375.942
213.08 376.442
213.363 376.942
213.646 377.442
213.646 377.442
213.646 377.442
213.646 377.442
213.646 377.442
213.929 377.942
213.929 377.942
213.929 377.942
213.929 377.942
213.929 377.942
214.212 378.442
214.495 378.942
214.778 379.442
215.061 379.942
215.061 379.942
215.061 379.942
215.061 379.942
215.061 379.942
215.061 379.942
215.061 379.942
215.344 380.442
215.344 380.442
215.344 380.442
215.344 380.442
215.344 380.442
215.344 380.442
215.91 381.442
215.91 381.442
215.91 381.442
215.91 381.442
215.91 381.442
216.193 381.942
216.193 381.942
216.193 381.942
216.193 381.942
216.193 381.942
216.193 381.942
216.476 382.442
216.476 382.442
216.759 382.942
216.759 382.942
216.759 382.942
217.042 383.442
217.042 383.442
217.042 383.442
217.325 383.942
217.325 383.942
217.325 383.942
217.325 383.942
217.325 383.942
217.608 384.442
217.891 384.942
218.174 385.442
218.174 385.442
218.174 385.442
218.174 385.442
218.174 385.442
218.457 385.942
218.457 385.942
218.457 385.942
218.457 385.942
218.457 385.942
218.74 386.442
218.74 386.442
218.74 386.442
218.74 386.442
218.74 386.442
220.155 388.942
220.155 388.942
220.155 388.942
220.155 388.942
220.155 388.942
220.438 389.442
220.438 389.442
220.58 389.692
220.721 389.942
220.721 389.942
220.721 389.942
220.721 389.942
220.721 389.942
221.004 390.442
221.287 390.942
221.287 390.942
221.287 390.942
221.287 390.942
221.57 391.442
221.57 391.442
221.853 391.942
221.853 391.942
221.853 391.942
221.853 391.942
222.137 392.442
222.137 392.442
222.137 392.442
222.703 393.442
222.703 393.442
222.703 393.442
222.986 393.942
222.986 393.942
222.986 393.942
222.986 393.942
223.269 394.442
223.41 394.692
223.552 394.942
223.552 394.942
223.552 394.942
223.552 394.942
223.835 395.442
223.835 395.442
224.118 395.942
224.118 395.942
224.118 395.942
224.118 395.942
224.401 396.442
224.401 396.442
224.401 396.442
224.401 396.442
224.684 396.942
224.684 396.942
224.967 397.442
224.967 397.442
224.967 397.442
224.967 397.442
225.25 397.942
225.25 397.942
225.25 397.942
225.25 397.942
225.25 397.942
225.533 398.442
225.674 398.692
225.816 398.942
226.099 399.442
226.099 399.442
226.099 399.442
226.099 399.442
226.099 399.442
226.24 399.692
226.382 399.942
226.382 399.942
226.382 399.942
226.382 399.942
226.665 400.442
226.948 400.942
227.208 401.402
227.322 401.602
227.397 401.735
227.501 401.919
227.514 401.942
227.514 401.942
227.514 401.942
227.514 401.942
227.514 401.942
227.797 402.442
227.797 402.442
227.797 402.442
227.797 402.442
227.797 402.442
228.363 403.442
228.363 403.442
228.363 403.442
228.363 403.442
228.363 403.442
228.609 403.877
228.646 403.942
228.646 403.942
228.646 403.942
228.646 403.942
