1.28529 1.82083
1.35294 1.91667
1.53971 2.18125
2.95147 4.18125
2.95147 4.18125
3.30441 4.68125
3.30441 4.68125
3.65735 5.18125
3.65735 5.18125
4.01029 5.68125
4.01029 5.68125
4.33235 6.1375
4.33235 6.1375
4.33676 6.14375
4.34117 6.15
4.34264 6.15208
4.36323 6.18125
4.36323 6.18125
5.03088 7.12708
5.03676 7.13542
5.03676 7.13542
5.41176 7.66667
5.42206 7.68125
5.57941 7.90417
5.58529 7.9125
5.58529 7.9125
5.775 8.18125
5.91764 8.38333
5.925 8.39375
5.925 8.39375
6.10294 8.64583
6.12794 8.68125
6.44264 9.12708
6.45294 9.14167
6.45441 9.14375
6.48088 9.18125
6.57941 9.32083
6.77353 9.59583
6.83382 9.68125
7.13676 10.1104
7.14264 10.1188
7.14558 10.1229
7.14853 10.1271
7.15294 10.1333
7.18676 10.1813
7.85441 11.1271
7.8647 11.1417
7.8647 11.1417
7.89264 11.1813
8.21323 11.6354
8.24558 11.6813
8.38088 11.8729
8.38088 11.8729
8.38088 11.8729
8.59853 12.1812
8.71323 12.3437
8.71323 12.3437
8.725 12.3604
8.87794 12.5771
9.23676 13.0854
9.24852 13.1021
9.25735 13.1146
9.41176 13.3333
9.59705 13.5958
9.60294 13.6042
9.60735 13.6104
9.75882 13.825
9.9647 14.1167
9.96911 14.1229
9.97352 14.1292
9.98823 14.15
9.98823 14.15
10.0103 14.1813
10.0103 14.1813
10.5073 14.8854
10.6735 15.1208
10.6735 15.1208
10.6735 15.1208
11.0691 15.6812
11.0691 15.6812
11.1912 15.8542
11.1912 15.8542
11.1912 15.8542
11.4221 16.1812
11.4221 16.1812
11.5588 16.375
11.7206 16.6042
11.7265 16.6125
11.7309 16.6187
11.775 16.6812
11.775 16.6812
11.8853 16.8375
12.075 17.1062
12.075 17.1062
12.0838 17.1187
12.1279 17.1812
12.1279 17.1812
12.2441 17.3458
12.3956 17.5604
12.4 17.5667
12.4088 17.5792
12.4809 17.6812
12.4809 17.6812
12.7912 18.1208
12.7926 18.1229
12.8015 18.1354
12.8029 18.1375
12.8073 18.1438
12.8338 18.1812
12.8338 18.1812
13.4809 19.0979
13.4809 19.0979
13.4809 19.0979
13.8382 19.6042
14.0073 19.8438
14.0118 19.85
14.0118 19.85
14.3618 20.3458
14.3676 20.3542
14.3706 20.3583
14.5426 20.6021
14.8941 21.1
14.8971 21.1042
14.9515 21.1812
15.0309 21.2937
15.1279 21.4312
15.2221 21.5646
15.2412 21.5917
15.2412 21.5917
15.3044 21.6812
15.6338 22.1479
15.6368 22.1521
15.6397 22.1562
15.6397 22.1562
15.6573 22.1812
16.1294 22.85
16.3368 23.1438
16.3426 23.1521
16.3456 23.1562
16.6809 23.6312
16.7162 23.6812
16.8471 23.8667
16.8485 23.8687
16.8544 23.8771
17.0338 24.1313
17.0368 24.1354
17.0485 24.1521
17.0515 24.1563
17.0559 24.1625
17.0691 24.1812
17.6044 24.9396
17.7897 25.2021
17.7912 25.2042
17.7985 25.2146
17.9573 25.4396
18.1206 25.6708
18.1279 25.6812
18.4397 26.1229
18.4412 26.125
18.447 26.1333
18.4515 26.1396
18.4588 26.15
18.4809 26.1812
18.9632 26.8646
19.1441 27.1208
19.15 27.1292
19.15 27.1292
19.1868 27.1812
19.4809 27.5979
19.6338 27.8146
19.6397 27.8229
19.6412 27.825
19.8926 28.1812
19.9882 28.3167
19.9882 28.3167
19.997 28.3292
20.1676 28.5708
20.5191 29.0688
20.5191 29.0688
20.5191 29.0688
20.6515 29.2562
20.8588 29.55
21.2382 30.0875
21.2382 30.0875
21.2441 30.0958
21.247 30.1
21.2529 30.1083
21.3044 30.1812
21.7618 30.8292
21.8338 30.9312
21.9603 31.1104
21.9603 31.1104
21.9618 31.1125
22.0103 31.1812
22.3632 31.6812
22.4868 31.8562
22.4897 31.8604
22.4912 31.8625
22.7162 32.1812
22.872 32.4021
22.872 32.4021
22.872 32.4021
23.0176 32.6083
23.3632 33.0979
23.3632 33.0979
23.3632 33.0979
23.422 33.1812
23.5368 33.3438
23.7059 33.5833
23.775 33.6812
24.0632 34.0896
24.0735 34.1042
24.0735 34.1042
24.0735 34.1042
24.075 34.1063
24.1279 34.1812
24.622 34.8813
24.6265 34.8875
24.6338 34.8979
25.1382 35.6125
25.1426 35.6187
25.1426 35.6187
25.6882 36.3917
25.6882 36.3917
25.6926 36.3979
25.8382 36.6042
26.2015 37.1187
26.2044 37.1229
26.3368 37.3104
26.5353 37.5917
26.5441 37.6042
26.9235 38.1417
26.9294 38.15
26.9353 38.1583
26.947 38.175
26.9515 38.1812
26.9515 38.1812
27.3044 38.6812
27.4368 38.8687
27.6338 39.1479
27.6397 39.1562
27.6544 39.1771
27.6573 39.1812
28.0073 39.6771
28.0103 39.6812
28.1603 39.8937
28.1632 39.8979
28.1735 39.9125
28.3632 40.1812
28.5 40.375
28.5029 40.3792
28.5029 40.3792
28.6912 40.6458
28.7162 40.6812
29.0103 41.0979
29.0206 41.1125
29.0265 41.1208
29.0691 41.1812
29.1926 41.3563
29.375 41.6146
29.422 41.6812
29.7265 42.1125
29.7265 42.1125
29.7353 42.125
29.7456 42.1396
29.7559 42.1542
29.775 42.1812
30.1956 42.7771
30.4485 43.1354
30.4485 43.1354
30.4544 43.1437
30.4809 43.1812
30.8279 43.6729
30.8338 43.6812
30.9662 43.8687
30.9765 43.8833
30.9838 43.8937
31.1867 44.1812
31.3117 44.3583
31.3162 44.3646
31.3176 44.3667
31.4809 44.5979
31.8353 45.1
31.8353 45.1
31.8353 45.1
32.0044 45.3396
32.1853 45.5958
32.5456 46.1063
32.5456 46.1063
32.5485 46.1104
32.5515 46.1146
32.5559 46.1208
32.5985 46.1813
33.1044 46.8979
33.1279 46.9312
33.2867 47.1562
33.2867 47.1562
33.2867 47.1562
33.3044 47.1812
33.6573 47.6812
33.8323 47.9292
33.8323 47.9292
33.8323 47.9292
34.0103 48.1812
34.3632 48.6813
34.5162 48.8979
34.6838 49.1354
34.6838 49.1354
34.6853 49.1375
34.7162 49.1812
34.8588 49.3833
35.05 49.6542
35.0691 49.6812
35.3956 50.1438
35.4 50.15
35.4103 50.1646
35.4103 50.1646
35.422 50.1812
35.4294 50.1917
35.9323 50.9042
36.1 51.1417
36.1044 51.1479
36.1132 51.1604
36.1279 51.1812
36.4515 51.6396
36.4809 51.6813
36.6206 51.8792
36.6265 51.8875
36.6279 51.8896
36.8338 52.1812
36.9706 52.375
36.9706 52.375
36.9912 52.4042
37.1765 52.6667
37.5015 53.1271
37.5029 53.1292
37.5088 53.1375
37.6588 53.35
37.85 53.6208
37.8559 53.6292
37.8647 53.6417
37.8676 53.6458
38.2309 54.1604
38.2309 54.1604
38.2309 54.1604
38.2456 54.1813
38.2515 54.1896
38.5985 54.6812
38.7632 54.9146
38.9412 55.1667
38.9456 55.1729
38.9456 55.1729
38.9485 55.1771
38.9515 55.1812
39.2735 55.6375
39.3044 55.6812
39.4456 55.8812
39.4529 55.8917
39.4662 55.9104
39.6573 56.1812
39.8206 56.4125
39.8206 56.4125
39.8323 56.4292
40.15 56.8792
40.3147 57.1125
40.3176 57.1167
40.325 57.1271
40.5044 57.3813
40.6559 57.5958
40.6676 57.6125
40.6809 57.6313
41.047 58.15
41.047 58.15
41.047 58.15
41.0544 58.1604
41.0603 58.1688
41.0691 58.1812
41.5926 58.9229
41.5985 58.9312
41.7382 59.1292
41.7456 59.1396
41.7485 59.1437
41.775 59.1812
42.1176 59.6667
42.1279 59.6813
42.2691 59.8813
42.2691 59.8813
42.2794 59.8958
42.4809 60.1812
42.4809 60.1812
42.697 60.4875
42.697 60.4875
42.697 60.4875
42.8338 60.6812
43.0382 60.9708
43.1559 61.1375
43.1647 61.15
43.1647 61.15
43.1867 61.1812
43.5294 61.6667
43.5397 61.6812
43.8735 62.1542
43.8735 62.1542
43.8779 62.1604
43.8838 62.1688
43.8912 62.1792
43.8926 62.1812
43.8926 62.1812
44.4088 62.9125
44.422 62.9312
44.5853 63.1625
44.5853 63.1625
44.5853 63.1625
44.5985 63.1812
44.9514 63.6812
44.9706 63.7083
45.122 63.9229
45.125 63.9271
45.125 63.9271
45.3044 64.1813
45.6573 64.6813
45.6617 64.6875
45.6676 64.6958
45.6676 64.6958
46.0103 65.1813
46.0162 65.1896
46.1485 65.3771
46.1514 65.3812
46.1617 65.3958
46.3353 65.6417
46.3632 65.6813
46.6912 66.1458
46.6941 66.15
46.7059 66.1667
46.7059 66.1667
46.7117 66.175
46.7162 66.1813
47.1823 66.8417
47.3809 67.1229
47.3853 67.1292
47.3985 67.1479
47.7412 67.6333
47.775 67.6813
47.8985 67.8563
47.9132 67.8771
47.9191 67.8854
48.1279 68.1813
48.2441 68.3458
48.2456 68.3479
48.2588 68.3667
48.4294 68.6083
48.4809 68.6813
48.7573 69.0729
48.772 69.0938
48.8338 69.1813
48.8882 69.2583
49.1279 69.5979
49.1279 69.5979
49.1309 69.6021
49.1867 69.6813
49.5088 70.1375
49.5117 70.1417
49.5206 70.1542
49.5397 70.1813
49.5397 70.1813
49.5397 70.1813
49.5514 70.1979
49.8926 70.6813
50.0264 70.8708
50.2353 71.1667
50.2382 71.1708
50.2426 71.1771
50.2456 71.1813
50.5676 71.6375
50.5985 71.6813
50.7382 71.8792
50.7412 71.8833
50.747 71.8917
50.9514 72.1813
51.0882 72.375
51.0882 72.375
51.0897 72.3771
51.2559 72.6125
51.3044 72.6813
51.5867 73.0812
51.5867 73.0812
51.5912 73.0875
51.6573 73.1813
51.7706 73.3417
51.9456 73.5896
52.0103 73.6813
52.3088 74.1042
52.3088 74.1042
52.3132 74.1104
52.3132 74.1104
52.3206 74.1208
52.3632 74.1813
52.8426 74.8604
53.0264 75.1208
53.0294 75.125
53.0338 75.1312
53.0691 75.1813
53.3794 75.6208
53.422 75.6813
53.5647 75.8833
53.572 75.8937
53.572 75.8937
53.5985 75.9313
53.775 76.1813
53.8911 76.3458
53.9014 76.3604
53.9059 76.3667
54.0882 76.625
54.1029 76.6458
54.4411 77.125
54.4411 77.125
54.447 77.1333
54.6279 77.3896
54.8 77.6333
55.1603 78.1437
55.1676 78.1542
55.1706 78.1583
55.1735 78.1625
55.1867 78.1813
55.1926 78.1896
55.6853 78.8875
55.7161 78.9313
55.8853 79.1708
55.8867 79.1729
55.8911 79.1792
55.8926 79.1813
56.2367 79.6688
56.2456 79.6813
56.4103 79.9146
56.4103 79.9146
56.4103 79.9146
56.5985 80.1813
56.7735 80.4292
56.7794 80.4375
56.7823 80.4417
56.9514 80.6813
56.9588 80.6917
57.272 81.1354
57.272 81.1354
57.275 81.1396
57.3044 81.1813
57.425 81.3521
57.6117 81.6167
57.6573 81.6813
57.975 82.1312
57.9794 82.1375
57.9853 82.1458
57.9926 82.1562
57.9926 82.1562
58.0103 82.1813
58.4838 82.8521
58.6779 83.1271
58.6867 83.1396
58.6941 83.15
58.7161 83.1813
59.0397 83.6396
59.2132 83.8854
59.2132 83.8854
59.222 83.8979
59.2456 83.9313
59.422 84.1813
59.5544 84.3688
59.7103 84.5896
59.722 84.6063
59.7309 84.6188
59.897 84.8542
60.0794 85.1125
60.0823 85.1167
60.247 85.35
60.4264 85.6042
60.4309 85.6104
60.4456 85.6312
60.8029 86.1375
60.8059 86.1417
60.8088 86.1458
60.8147 86.1542
60.8338 86.1813
61.1867 86.6813
61.2926 86.8312
61.4985 87.1229
61.4985 87.1229
61.5 87.125
61.5397 87.1813
61.8485 87.6188
61.8926 87.6813
62.0029 87.8375
62.0029 87.8375
62.0059 87.8417
62.2456 88.1813
62.3661 88.3521
62.3661 88.3521
62.3661 88.3521
62.5411 88.6
62.8838 89.0854
62.8867 89.0896
62.8867 89.0896
63.0323 89.2958
63.2367 89.5854
63.5809 90.0729
63.5809 90.0729
63.5809 90.0729
63.5809 90.0729
63.5838 90.0771
63.6573 90.1813
64.147 90.875
64.1867 90.9312
64.3338 91.1396
64.3338 91.1396
64.3338 91.1396
64.3632 91.1813
64.6941 91.65
64.7161 91.6813
64.8808 91.9146
64.8808 91.9146
64.8867 91.9229
65.0573 92.1646
65.0603 92.1687
65.0617 92.1708
65.0691 92.1813
65.422 92.6813
65.422 92.6813
65.4294 92.6917
65.7661 93.1688
65.7661 93.1688
65.7661 93.1688
65.775 93.1813
65.775 93.1813
65.9353 93.4083
66.1147 93.6625
66.1279 93.6812
66.1279 93.6812
66.4794 94.1792
66.4794 94.1792
66.4794 94.1792
66.4808 94.1812
66.4808 94.1812
66.4808 94.1812
66.4867 94.1896
66.4926 94.1979
67.0103 94.9313
67.0323 94.9625
67.1867 95.1813
67.2073 95.2104
67.2073 95.2104
67.2073 95.2104
67.5397 95.6813
67.5456 95.6896
67.7117 95.925
67.7147 95.9292
67.722 95.9396
67.8926 96.1813
68.0632 96.4229
68.0632 96.4229
68.0676 96.4292
68.2353 96.6667
68.2456 96.6813
68.5779 97.1521
68.5808 97.1562
68.5823 97.1583
68.5985 97.1813
68.7338 97.3729
68.9308 97.6521
68.9514 97.6813
69.2823 98.15
69.2867 98.1562
69.2911 98.1625
69.297 98.1708
69.297 98.1708
69.3044 98.1813
69.8058 98.8917
70.0029 99.1708
70.0044 99.1729
70.0103 99.1812
70.3573 99.6729
70.3632 99.6812
70.5103 99.8896
70.5147 99.8958
70.7161 100.181
70.7161 100.181
70.8279 100.34
70.8367 100.352
71.0264 100.621
71.3588 101.092
71.3588 101.092
71.5103 101.306
71.7176 101.6
71.7235 101.608
71.7235 101.608
71.7514 101.648
72.0926 102.131
72.0926 102.131
72.0985 102.14
72.0985 102.14
72.1058 102.15
72.1279 102.181
72.65 102.921
72.6573 102.931
72.8338 103.181
72.8353 103.183
72.8353 103.183
72.8353 103.183
73.1632 103.648
73.1867 103.681
73.3382 103.896
73.3382 103.896
73.3426 103.902
73.5397 104.181
73.7044 104.415
73.7058 104.417
73.7088 104.421
73.8691 104.648
73.8926 104.681
74.2029 105.121
74.2058 105.125
74.2088 105.129
74.2456 105.181
74.3632 105.348
74.5588 105.625
74.5985 105.681
74.9264 106.146
74.9264 106.146
74.9264 106.146
74.9308 106.152
74.947 106.175
74.9514 106.181
75.4323 106.862
75.6191 107.127
75.622 107.131
75.6294 107.142
75.6514 107.173
75.9661 107.619
75.9706 107.625
75.9764 107.633
76.0103 107.681
76.1323 107.854
76.1323 107.854
76.1397 107.865
76.3661 108.185
76.4926 108.365
76.6676 108.612
76.6705 108.617
76.6764 108.625
76.8455 108.865
77.0264 109.121
77.0338 109.131
77.047 109.15
77.2426 109.427
77.3808 109.623
77.3853 109.629
77.3955 109.644
77.5294 109.833
77.7382 110.129
77.7382 110.129
77.747 110.142
77.7603 110.16
77.7735 110.179
77.775 110.181
78.1279 110.681
78.2705 110.883
78.4529 111.142
78.4544 111.144
78.4603 111.152
78.4603 111.152
78.4808 111.181
78.7735 111.596
78.8338 111.681
78.9455 111.84
78.9455 111.84
78.9529 111.85
79.1867 112.181
79.3279 112.381
79.3308 112.385
79.3338 112.39
79.497 112.621
79.5117 112.642
79.5397 112.681
79.8382 113.104
79.8397 113.106
79.8426 113.11
79.8926 113.181
79.9691 113.29
80.1897 113.602
80.2455 113.681
80.5514 114.115
80.5558 114.121
80.5632 114.131
80.5676 114.138
80.572 114.144
80.5985 114.181
81.0632 114.84
81.2632 115.123
81.2661 115.127
81.2691 115.131
81.2764 115.142
81.6073 115.61
81.6235 115.633
81.7941 115.875
81.797 115.879
81.8044 115.89
82.0103 116.181
82.1161 116.331
82.3014 116.594
82.3029 116.596
82.3103 116.606
82.4882 116.858
82.6603 117.102
82.6632 117.106
82.6705 117.117
82.8205 117.329
83.0103 117.598
83.0117 117.6
83.0411 117.642
83.0691 117.681
83.4029 118.154
83.4058 118.158
83.4147 118.171
83.4147 118.171
83.4176 118.175
83.422 118.181
83.775 118.681
83.9279 118.898
84.1279 119.181
84.1367 119.194
84.1367 119.194
84.1397 119.198
84.4808 119.681
84.4955 119.702
84.7764 120.1
84.8323 120.179
84.8323 120.179
84.8323 120.179
84.8338 120.181
85.3294 120.883
85.522 121.156
85.522 121.156
85.522 121.156
85.5264 121.163
85.6838 121.385
85.8455 121.615
85.8647 121.642
86.222 122.148
86.222 122.148
86.222 122.148
86.2353 122.167
86.2367 122.169
86.2455 122.181
86.7029 122.829
86.775 122.931
86.8897 123.094
86.8897 123.094
86.8911 123.096
86.9514 123.181
87.0794 123.362
87.2794 123.646
87.3044 123.681
87.6176 124.125
87.622 124.131
87.625 124.135
87.6308 124.144
87.6353 124.15
87.6573 124.181
87.6573 124.181
88.0103 124.681
88.1632 124.898
88.3338 125.14
88.3367 125.144
88.3397 125.148
88.3632 125.181
88.4823 125.35
88.6779 125.627
88.7161 125.681
89.0294 126.125
89.0294 126.125
89.0323 126.129
89.047 126.15
89.047 126.15
89.0691 126.181
89.0691 126.181
89.5455 126.856
89.5985 126.931
89.7514 127.148
89.7514 127.148
89.7514 127.148
89.775 127.181
90.1102 127.656
90.1279 127.681
90.2573 127.865
90.4808 128.181
90.6147 128.371
90.6147 128.371
90.6176 128.375
90.797 128.629
90.8338 128.681
91.1632 129.148
91.1632 129.148
91.1632 129.148
91.1867 129.181
91.3323 129.387
91.5029 129.629
91.5397 129.681
91.8691 130.148
91.8691 130.148
91.872 130.152
91.872 130.152
91.875 130.156
91.8926 130.181
92.3897 130.885
92.3897 130.885
92.3926 130.89
92.9117 131.625
92.9176 131.633
92.925 131.644
92.925 131.644
93.4352 132.367
93.4382 132.371
93.4411 132.375
93.447 132.383
93.4514 132.39
93.6544 132.677
93.6588 132.683
93.7882 132.867
93.8 132.883
93.822 132.915
93.8323 132.929
93.8426 132.944
94 133.167
94.0014 133.169
94.0117 133.183
94.0176 133.192
94.0176 133.192
94.35 133.662
94.3544 133.669
94.3544 133.669
94.3588 133.675
94.3617 133.679
94.675 134.123
94.6823 134.133
94.6823 134.133
94.6941 134.15
94.697 134.154
94.7161 134.181
95.2102 134.881
95.2455 134.931
95.422 135.181
95.422 135.181
95.422 135.181
95.422 135.181
95.775 135.681
95.7911 135.704
95.9529 135.933
95.9529 135.933
95.9588 135.942
96.1279 136.181
96.2779 136.394
96.2852 136.404
96.2852 136.404
96.4455 136.631
96.4808 136.681
96.7941 137.125
96.7985 137.131
96.8029 137.137
96.8338 137.181
96.947 137.342
97.1455 137.623
97.1867 137.681
97.5264 138.162
97.5264 138.162
97.5294 138.167
97.5338 138.173
97.5397 138.181
97.5397 138.181
98.2279 139.156
98.2279 139.156
98.2338 139.165
98.2352 139.167
98.5823 139.658
98.6014 139.685
98.7529 139.9
98.7588 139.908
98.7602 139.91
98.9382 140.162
99.0897 140.377
99.0897 140.377
99.1 140.392
99.2411 140.592
99.6102 141.115
99.6102 141.115
99.6132 141.119
99.7573 141.323
99.9338 141.573
99.9455 141.59
99.9529 141.6
100.318 142.117
100.318 142.117
100.318 142.117
100.321 142.121
100.323 142.125
100.326 142.129
100.363 142.181
100.706 142.667
100.716 142.681
100.831 142.844
101.022 143.115
101.022 143.115
101.028 143.123
101.069 143.181
101.422 143.681
101.519 143.819
101.523 143.825
101.529 143.833
101.747 144.142
101.775 144.181
101.897 144.354
102.085 144.621
102.097 144.637
102.128 144.681
102.259 144.867
102.45 145.137
102.454 145.144
102.456 145.146
102.481 145.181
102.578 145.319
102.778 145.602
102.778 145.602
102.781 145.606
103.14 146.115
103.143 146.119
103.151 146.131
103.168 146.154
103.173 146.162
103.187 146.181
103.703 146.912
103.703 146.912
103.721 146.938
103.862 147.137
104.021 147.363
104.194 147.608
104.218 147.642
104.218 147.642
104.231 147.66
104.584 148.16
104.744 148.387
104.744 148.387
104.748 148.394
105.096 148.885
105.268 149.129
105.268 149.129
105.271 149.133
105.428 149.356
105.621 149.629
105.622 149.631
105.628 149.64
105.657 149.681
105.993 150.156
106.007 150.177
106.01 150.181
106.012 150.183
106.012 150.183
106.016 150.19
106.363 150.681
106.498 150.873
106.694 151.15
106.694 151.15
106.694 151.15
106.716 151.181
107.069 151.681
107.081 151.698
107.098 151.723
107.123 151.758
107.223 151.9
107.226 151.904
107.237 151.919
107.422 152.181
107.551 152.365
107.725 152.61
107.729 152.617
107.735 152.625
108.073 153.104
108.073 153.104
108.075 153.106
108.128 153.181
108.426 153.604
108.481 153.681
108.8 154.133
108.8 154.133
108.803 154.137
108.803 154.137
108.818 154.158
108.834 154.181
109.187 154.681
109.331 154.885
109.531 155.169
109.535 155.175
109.54 155.181
109.541 155.183
109.687 155.39
109.862 155.637
110.198 156.115
110.234 156.165
110.234 156.165
110.241 156.175
110.246 156.181
110.247 156.183
110.259 156.2
110.748 156.894
110.918 157.133
110.923 157.142
110.923 157.142
110.929 157.15
111.063 157.34
111.262 157.621
111.271 157.633
111.284 157.652
111.612 158.117
111.618 158.125
111.625 158.135
111.628 158.14
111.647 158.167
111.657 158.181
111.676 158.208
112.157 158.89
112.187 158.931
112.343 159.152
112.343 159.152
112.343 159.152
112.363 159.181
112.716 159.681
112.853 159.875
112.856 159.879
112.859 159.883
113.069 160.181
113.221 160.396
113.393 160.64
113.397 160.646
113.397 160.646
113.422 160.681
113.548 160.86
113.738 161.129
113.748 161.144
113.775 161.181
113.876 161.325
114.087 161.623
114.087 161.623
114.087 161.623
114.128 161.681
114.207 161.794
114.431 162.11
114.434 162.115
114.441 162.125
114.443 162.127
114.443 162.127
114.481 162.181
114.481 162.181
114.481 162.181
114.928 162.815
114.938 162.829
114.938 162.829
114.94 162.831
115.509 163.637
115.509 163.637
115.509 163.637
115.54 163.681
115.893 164.181
116.225 164.652
116.243 164.677
116.572 165.144
116.575 165.148
116.585 165.162
116.737 165.377
116.931 165.652
116.937 165.66
116.951 165.681
116.959 165.692
117.094 165.883
117.276 166.142
117.282 166.15
117.282 166.15
117.288 166.158
117.294 166.167
117.3 166.175
117.304 166.181
117.773 166.846
117.782 166.858
117.794 166.875
117.794 166.875
117.794 166.875
117.834 166.931
118.279 167.562
118.298 167.59
118.3 167.592
118.363 167.681
118.666 168.11
118.668 168.113
118.671 168.117
118.673 168.121
118.676 168.125
118.716 168.181
119.385 169.129
119.39 169.135
119.391 169.137
119.915 169.879
119.921 169.887
119.922 169.89
120.288 170.408
120.303 170.429
120.303 170.429
120.654 170.927
120.654 170.927
120.797 171.129
120.803 171.137
120.815 171.154
120.966 171.369
121.14 171.615
121.153 171.633
121.153 171.633
121.165 171.65
121.509 172.137
121.509 172.137
121.513 172.144
121.518 172.15
121.519 172.152
121.54 172.181
121.893 172.681
122.207 173.127
122.213 173.135
122.213 173.135
122.588 173.667
122.598 173.681
122.756 173.904
122.762 173.912
122.762 173.912
122.951 174.181
123.094 174.383
123.101 174.394
123.101 174.394
123.279 174.646
123.304 174.681
123.619 175.127
123.629 175.142
123.631 175.144
123.657 175.181
123.756 175.321
123.95 175.596
124.01 175.681
124.313 176.11
124.319 176.119
124.322 176.123
124.325 176.127
124.329 176.133
124.363 176.181
125.031 177.127
125.041 177.142
125.041 177.142
125.057 177.165
125.234 177.415
125.39 177.635
125.398 177.648
125.557 177.873
125.557 177.873
125.557 177.873
125.566 177.885
125.748 178.144
125.89 178.344
125.89 178.344
125.901 178.36
126.054 178.577
126.413 179.085
126.425 179.102
126.434 179.115
126.588 179.333
126.773 179.596
126.779 179.604
126.784 179.61
126.935 179.825
127.141 180.117
127.146 180.123
127.15 180.129
127.165 180.15
127.165 180.15
127.187 180.181
127.54 180.681
127.684 180.885
127.85 181.121
127.85 181.121
127.85 181.121
128.246 181.681
128.368 181.854
128.368 181.854
128.368 181.854
128.598 182.181
128.735 182.375
128.897 182.604
128.903 182.613
128.907 182.619
128.951 182.681
129.062 182.838
129.251 183.106
129.251 183.106
129.26 183.119
129.304 183.181
129.421 183.346
129.572 183.56
129.576 183.567
129.585 183.579
129.657 183.681
129.968 184.121
129.969 184.123
129.978 184.135
129.979 184.137
129.984 184.144
130.01 184.181
130.657 185.098
130.657 185.098
130.657 185.098
130.703 185.162
130.896 185.435
131.015 185.604
131.072 185.685
131.184 185.844
131.188 185.85
131.188 185.85
131.24 185.923
131.412 186.167
131.538 186.346
131.544 186.354
131.547 186.358
131.719 186.602
132.071 187.1
132.073 187.104
132.207 187.294
132.398 187.565
132.418 187.592
132.418 187.592
132.676 187.958
132.743 188.052
132.825 188.169
132.829 188.175
132.831 188.177
132.837 188.185
132.846 188.198
132.846 188.198
133.363 188.931
133.381 188.956
133.54 189.181
133.551 189.198
133.556 189.204
133.556 189.204
133.893 189.681
134.24 190.173
134.241 190.175
134.246 190.181
134.246 190.181
134.251 190.19
134.257 190.198
134.775 190.931
134.951 191.181
134.954 191.185
134.962 191.196
134.968 191.204
135.11 191.406
135.285 191.654
135.304 191.681
135.616 192.123
135.618 192.125
135.623 192.133
135.628 192.14
135.635 192.15
135.657 192.181
136.14 192.865
136.321 193.121
136.326 193.129
136.326 193.129
136.363 193.181
136.657 193.598
136.716 193.681
136.81 193.815
136.816 193.823
136.818 193.825
137.069 194.181
137.165 194.317
137.165 194.317
137.173 194.329
137.344 194.571
137.366 194.602
137.696 195.069
137.696 195.069
137.696 195.069
137.729 195.117
137.828 195.256
138.035 195.55
138.063 195.59
138.415 196.088
138.415 196.088
138.421 196.096
138.423 196.1
138.429 196.108
138.45 196.137
138.481 196.181
138.834 196.681
138.938 196.829
139.137 197.11
139.137 197.11
139.138 197.113
139.187 197.181
139.54 197.681
139.663 197.856
139.666 197.86
139.668 197.863
139.893 198.181
140.048 198.402
140.048 198.402
140.048 198.402
140.194 198.608
140.422 198.931
140.54 199.098
140.54 199.098
140.54 199.098
140.713 199.344
140.882 199.583
140.951 199.681
141.24 200.09
141.25 200.104
141.25 200.104
141.25 200.104
141.251 200.106
141.304 200.181
141.798 200.881
141.803 200.887
141.81 200.898
142.315 201.612
142.319 201.619
142.319 201.619
142.865 202.392
142.865 202.392
142.869 202.398
143.015 202.604
143.378 203.119
143.381 203.123
143.513 203.31
143.712 203.592
143.721 203.604
144.1 204.142
144.106 204.15
144.112 204.158
144.123 204.175
144.128 204.181
144.128 204.181
144.481 204.681
144.613 204.869
144.81 205.148
144.816 205.156
144.831 205.177
144.834 205.181
145.184 205.677
145.187 205.681
145.337 205.894
145.34 205.898
145.35 205.912
145.54 206.181
145.676 206.375
145.679 206.379
145.679 206.379
145.868 206.646
145.893 206.681
146.187 207.098
146.197 207.112
146.203 207.121
146.246 207.181
146.369 207.356
146.551 207.615
146.598 207.681
146.903 208.113
146.903 208.113
146.912 208.125
146.922 208.14
146.932 208.154
146.951 208.181
147.372 208.777
147.625 209.135
147.625 209.135
147.631 209.144
147.657 209.181
148.004 209.673
148.01 209.681
148.143 209.869
148.153 209.883
148.16 209.894
148.187 209.931
148.363 210.181
148.488 210.358
148.493 210.365
148.494 210.367
148.657 210.598
149.012 211.1
149.012 211.1
149.012 211.1
149.181 211.34
149.362 211.596
149.722 212.106
149.722 212.106
149.725 212.11
149.728 212.115
149.732 212.121
149.775 212.181
150.281 212.898
150.304 212.931
150.463 213.156
150.463 213.156
150.463 213.156
150.481 213.181
150.834 213.681
151.009 213.929
151.009 213.929
151.009 213.929
151.187 214.181
151.54 214.681
151.693 214.898
151.86 215.135
151.86 215.135
151.862 215.137
151.893 215.181
152.035 215.383
152.226 215.654
152.246 215.681
152.572 216.144
152.576 216.15
152.587 216.165
152.587 216.165
152.598 216.181
152.606 216.192
153.109 216.904
153.276 217.142
153.281 217.148
153.29 217.16
153.304 217.181
153.628 217.64
153.797 217.879
153.803 217.887
153.804 217.89
153.834 217.931
154.01 218.181
154.147 218.375
154.147 218.375
154.168 218.404
154.353 218.667
154.678 219.127
154.679 219.129
154.685 219.137
154.835 219.35
155.026 219.621
155.032 219.629
155.041 219.642
155.044 219.646
155.407 220.16
155.407 220.16
155.407 220.16
155.422 220.181
155.428 220.19
155.775 220.681
155.94 220.915
156.118 221.167
156.122 221.173
156.122 221.173
156.125 221.177
156.128 221.181
156.45 221.637
156.481 221.681
156.622 221.881
156.629 221.892
156.643 221.91
156.834 222.181
156.997 222.412
156.997 222.412
157.009 222.429
157.326 222.879
157.491 223.113
157.494 223.117
157.501 223.127
157.681 223.381
157.832 223.596
157.844 223.612
157.857 223.631
158.223 224.15
158.223 224.15
158.223 224.15
158.231 224.16
158.237 224.169
158.246 224.181
158.769 224.923
158.775 224.931
158.915 225.129
158.922 225.14
158.925 225.144
158.951 225.181
159.294 225.667
159.304 225.681
159.446 225.881
159.446 225.881
159.456 225.896
159.657 226.181
159.873 226.488
159.873 226.488
159.873 226.488
160.01 226.681
160.01 226.681
160.215 226.971
160.332 227.137
160.341 227.15
160.341 227.15
160.363 227.181
160.363 227.181
160.706 227.667
160.716 227.681
160.716 227.681
161.05 228.154
161.05 228.154
161.054 228.16
161.06 228.169
161.068 228.179
161.069 228.181
161.069 228.181
161.069 228.181
161.585 228.912
161.598 228.931
161.762 229.162
161.762 229.162
161.762 229.162
161.775 229.181
162.128 229.681
162.147 229.708
162.298 229.923
162.301 229.927
162.301 229.927
162.481 230.181
162.834 230.681
162.838 230.688
162.844 230.696
162.844 230.696
163.187 231.181
163.193 231.19
163.325 231.377
163.328 231.381
163.338 231.396
163.512 231.642
163.54 231.681
163.868 232.146
163.871 232.15
163.882 232.167
163.882 232.167
163.888 232.175
163.893 232.181
164.359 232.842
164.557 233.123
164.562 233.129
164.575 233.148
164.598 233.181
164.918 233.633
164.951 233.681
165.075 233.856
165.09 233.877
165.096 233.885
165.304 234.181
165.304 234.181
165.421 234.346
165.422 234.348
165.435 234.367
165.606 234.608
165.934 235.073
165.948 235.094
166.065 235.258
166.304 235.598
166.304 235.598
166.307 235.602
166.685 236.137
166.688 236.142
166.697 236.154
166.716 236.181
166.716 236.181
166.728 236.198
167.203 236.871
167.246 236.931
167.412 237.167
167.415 237.171
167.419 237.177
167.422 237.181
167.744 237.637
167.775 237.681
167.915 237.879
167.918 237.883
167.923 237.892
168.128 238.181
168.265 238.375
168.265 238.375
168.266 238.377
168.432 238.613
168.481 238.681
168.763 239.081
168.763 239.081
168.768 239.088
168.834 239.181
168.947 239.342
169.122 239.59
169.187 239.681
169.485 240.104
169.485 240.104
169.49 240.11
169.49 240.11
169.497 240.121
169.54 240.181
170.019 240.86
170.203 241.121
170.206 241.125
170.21 241.131
170.225 241.152
170.556 241.621
170.565 241.633
170.741 241.883
170.748 241.894
170.748 241.894
170.938 242.162
171.068 242.346
171.078 242.36
171.082 242.367
171.265 242.625
171.279 242.646
171.618 243.125
171.618 243.125
171.623 243.133
171.804 243.39
171.976 243.633
172.337 244.144
172.344 244.154
172.347 244.158
172.35 244.162
172.363 244.181
172.369 244.19
172.716 244.681
172.862 244.887
173.062 245.171
173.063 245.173
173.068 245.179
173.069 245.181
173.072 245.185
173.413 245.669
173.422 245.681
173.587 245.915
173.587 245.915
173.587 245.915
173.76 246.16
173.775 246.181
173.95 246.429
173.956 246.437
173.959 246.442
174.128 246.681
174.135 246.692
174.448 247.135
174.448 247.135
174.451 247.14
174.481 247.181
174.601 247.352
174.788 247.617
174.834 247.681
175.151 248.131
175.156 248.137
175.162 248.146
175.169 248.156
175.169 248.156
175.187 248.181
175.66 248.852
175.854 249.127
175.857 249.131
175.863 249.14
175.871 249.15
176.203 249.621
176.216 249.64
176.39 249.885
176.39 249.885
176.398 249.898
176.582 250.158
176.731 250.369
176.887 250.59
176.898 250.606
176.907 250.619
177.073 250.854
177.256 251.112
177.259 251.117
177.423 251.35
177.603 251.604
177.607 251.61
177.622 251.631
177.657 251.681
177.975 252.131
177.981 252.14
177.987 252.148
178.001 252.169
178.004 252.173
178.01 252.181
178.363 252.681
178.515 252.896
178.709 253.171
178.71 253.173
178.716 253.181
178.719 253.185
178.885 253.421
179.066 253.677
179.069 253.681
179.394 254.142
179.422 254.181
179.426 254.188
179.429 254.192
179.44 254.206
179.92 254.887
180.09 255.127
180.094 255.133
180.097 255.137
180.098 255.14
180.259 255.367
180.434 255.615
180.453 255.642
180.757 256.073
180.757 256.073
180.757 256.073
180.757 256.073
180.76 256.077
180.834 256.181
181.323 256.875
181.363 256.931
181.51 257.14
181.51 257.14
181.51 257.14
181.54 257.181
181.87 257.65
181.893 257.681
182.057 257.915
182.057 257.915
182.063 257.923
182.234 258.165
182.237 258.169
182.238 258.171
182.245 258.181
182.245 258.181
182.598 258.681
182.606 258.692
182.943 259.169
182.943 259.169
182.943 259.169
182.951 259.181
183.112 259.408
183.291 259.663
183.304 259.681
183.656 260.179
183.656 260.179
183.656 260.179
183.657 260.181
183.657 260.181
183.663 260.19
183.669 260.198
184.187 260.931
184.209 260.962
184.363 261.181
184.384 261.21
184.384 261.21
184.384 261.21
184.716 261.681
184.722 261.69
184.888 261.925
184.891 261.929
184.898 261.94
185.069 262.181
185.24 262.423
185.24 262.423
185.244 262.429
185.412 262.667
185.422 262.681
185.754 263.152
185.757 263.156
185.759 263.158
185.775 263.181
185.91 263.373
186.107 263.652
186.128 263.681
186.459 264.15
186.463 264.156
186.468 264.163
186.473 264.171
186.473 264.171
186.481 264.181
186.982 264.892
187.166 265.152
187.179 265.171
187.181 265.173
187.534 265.673
187.687 265.89
187.691 265.896
187.907 266.202
188.004 266.34
188.013 266.352
188.203 266.621
188.535 267.092
188.535 267.092
188.543 267.102
188.687 267.306
188.738 267.379
188.894 267.6
188.9 267.608
188.9 267.608
188.91 267.623
188.928 267.648
189.069 267.848
189.269 268.131
189.269 268.131
189.272 268.135
189.275 268.14
189.275 268.14
189.282 268.15
189.304 268.181
189.826 268.921
189.834 268.931
190.01 269.181
190.012 269.183
190.012 269.183
190.012 269.183
190.34 269.648
190.363 269.681
190.515 269.896
190.515 269.896
190.519 269.902
190.716 270.181
190.881 270.415
190.882 270.417
190.885 270.421
191.045 270.648
191.069 270.681
191.379 271.121
191.382 271.125
191.385 271.129
191.422 271.181
191.54 271.348
191.735 271.625
191.775 271.681
192.103 272.146
192.103 272.146
192.103 272.146
192.107 272.152
192.123 272.175
192.128 272.181
192.609 272.863
192.795 273.127
192.798 273.131
192.806 273.142
192.807 273.144
193.141 273.617
193.143 273.619
193.147 273.625
193.153 273.633
193.309 273.854
193.309 273.854
193.316 273.865
193.52 274.154
193.669 274.365
193.844 274.613
193.847 274.617
193.853 274.625
194.022 274.865
194.203 275.121
194.21 275.131
194.223 275.15
194.419 275.427
194.557 275.623
194.562 275.629
194.572 275.644
194.706 275.833
194.915 276.129
194.915 276.129
194.923 276.142
194.937 276.16
194.95 276.179
194.951 276.181
195.304 276.681
195.447 276.883
195.631 277.144
195.637 277.152
195.637 277.152
195.657 277.181
195.95 277.596
196.01 277.681
196.122 277.84
196.122 277.84
196.129 277.85
196.363 278.181
196.504 278.381
196.507 278.385
196.51 278.39
196.673 278.621
196.716 278.681
197.015 279.104
197.016 279.106
197.019 279.11
197.069 279.181
197.145 279.29
197.366 279.602
197.728 280.115
197.732 280.121
197.74 280.131
197.744 280.137
197.748 280.144
197.775 280.181
198.24 280.84
198.434 281.115
198.44 281.123
198.443 281.127
198.445 281.131
198.784 281.61
198.793 281.623
198.97 281.875
198.973 281.879
198.981 281.89
199.17 282.158
199.293 282.331
199.478 282.594
199.479 282.596
199.487 282.606
199.665 282.858
199.837 283.102
199.84 283.106
199.847 283.117
199.997 283.329
200.187 283.598
200.188 283.6
200.218 283.642
200.245 283.681
200.579 284.154
200.582 284.158
200.591 284.171
200.591 284.171
200.594 284.175
200.598 284.181
200.951 284.681
201.104 284.898
201.304 285.181
201.313 285.194
201.313 285.194
201.316 285.198
201.657 285.681
201.672 285.702
202.009 286.179
202.009 286.179
202.009 286.179
202.01 286.181
202.506 286.883
202.698 287.156
202.698 287.156
202.698 287.156
202.716 287.181
202.86 287.385
203.022 287.615
203.069 287.681
203.398 288.148
203.398 288.148
203.398 288.148
203.412 288.167
203.413 288.169
203.422 288.181
203.775 288.681
203.879 288.829
204.066 289.094
204.066 289.094
204.068 289.096
204.128 289.181
204.256 289.363
204.456 289.646
204.785 290.113
204.794 290.125
204.798 290.131
204.801 290.135
204.807 290.144
204.812 290.15
204.834 290.181
205.34 290.898
205.509 291.137
205.51 291.14
205.513 291.144
205.516 291.148
205.659 291.35
205.854 291.627
206.206 292.125
206.206 292.125
206.209 292.129
206.223 292.15
206.223 292.15
206.223 292.15
206.245 292.181
206.722 292.856
206.775 292.931
206.928 293.148
206.928 293.148
206.928 293.148
206.951 293.181
207.287 293.656
207.304 293.681
207.434 293.865
207.657 294.181
207.791 294.371
207.791 294.371
207.794 294.375
207.973 294.629
208.01 294.681
208.34 295.148
208.34 295.148
208.34 295.148
208.363 295.181
208.509 295.387
208.679 295.629
208.716 295.681
209.045 296.148
209.045 296.148
209.048 296.152
209.048 296.152
209.051 296.156
209.069 296.181
209.069 296.181
209.069 296.181
209.566 296.885
209.566 296.885
209.569 296.89
210.088 297.625
210.094 297.633
210.101 297.644
210.101 297.644
210.128 297.681
210.481 298.181
210.612 298.367
210.615 298.371
210.618 298.375
210.623 298.383
210.628 298.39
210.831 298.677
210.835 298.683
210.965 298.867
210.976 298.883
210.998 298.915
211.009 298.929
211.019 298.944
211.176 299.167
211.178 299.169
211.188 299.183
211.194 299.192
211.194 299.192
211.476 299.592
211.526 299.663
211.531 299.669
211.531 299.669
211.535 299.675
211.538 299.679
211.54 299.681
211.828 300.09
211.869 300.148
211.869 300.148
211.873 300.154
211.884 300.169
211.885 300.171
211.893 300.181
212.348 300.827
212.391 300.887
212.391 300.887
212.391 300.887
212.401 300.902
212.401 300.902
212.422 300.931
212.891 301.596
212.891 301.596
212.897 301.604
212.9 301.608
212.904 301.615
212.915 301.629
212.951 301.681
213.273 302.137
213.278 302.144
213.278 302.144
213.279 302.146
213.285 302.154
213.291 302.163
213.304 302.181
213.793 302.873
213.969 303.123
213.969 303.123
213.973 303.129
214.137 303.36
214.309 303.604
214.7 304.158
214.7 304.158
214.7 304.158
214.704 304.165
214.704 304.165
214.716 304.181
215.198 304.865
215.198 304.865
215.2 304.867
215.204 304.873
215.204 304.873
215.245 304.931
215.422 305.181
215.775 305.681
216.128 306.181
216.14 306.198
216.144 306.204
216.148 306.21
216.148 306.21
216.148 306.21
216.481 306.681
216.834 307.181
217.187 307.681
217.522 308.156
217.523 308.158
217.528 308.165
217.528 308.165
217.529 308.167
217.54 308.181
218.018 308.858
218.02 308.863
218.026 308.871
218.026 308.871
218.026 308.871
218.219 309.144
218.578 309.652
218.906 310.117
218.91 310.123
218.916 310.131
218.916 310.131
218.918 310.133
218.943 310.169
219.42 310.846
219.62 311.129
219.62 311.129
219.629 311.142
219.753 311.317
219.965 311.617
220.337 312.144
220.344 312.154
220.347 312.158
220.35 312.163
220.363 312.181
220.369 312.19
220.716 312.681
220.862 312.887
221.062 313.171
221.063 313.173
221.068 313.179
221.069 313.181
221.413 313.669
221.422 313.681
221.587 313.915
221.587 313.915
221.587 313.915
221.775 314.181
221.95 314.429
221.956 314.438
221.959 314.442
222.128 314.681
222.135 314.692
222.448 315.135
222.448 315.135
222.451 315.14
222.481 315.181
222.601 315.352
222.788 315.617
222.834 315.681
223.151 316.131
223.156 316.137
223.162 316.146
223.169 316.156
223.169 316.156
223.187 316.181
223.66 316.852
223.854 317.127
223.862 317.137
223.863 317.14
223.87 317.15
224.197 317.613
224.216 317.64
224.39 317.885
224.39 317.885
224.398 317.898
224.573 318.146
224.731 318.369
224.887 318.59
224.898 318.606
224.907 318.619
225.073 318.854
225.256 319.113
225.259 319.117
225.423 319.35
225.603 319.604
225.607 319.61
225.622 319.631
225.657 319.681
225.975 320.131
225.981 320.14
225.987 320.148
226.001 320.169
226.004 320.173
226.01 320.181
226.363 320.681
226.515 320.896
226.709 321.171
226.71 321.173
226.716 321.181
226.719 321.185
226.885 321.421
227.066 321.677
227.069 321.681
227.422 322.181
227.426 322.188
227.429 322.192
227.44 322.206
227.92 322.887
228.09 323.127
228.094 323.133
228.097 323.137
228.259 323.367
228.434 323.615
228.757 324.073
228.757 324.073
228.757 324.073
228.757 324.073
228.76 324.077
228.834 324.181
229.323 324.875
229.363 324.931
229.51 325.14
229.51 325.14
229.51 325.14
229.54 325.181
229.87 325.65
229.893 325.681
230.057 325.915
230.057 325.915
230.063 325.923
230.234 326.165
230.237 326.169
230.238 326.171
230.245 326.181
230.245 326.181
230.598 326.681
230.606 326.692
230.943 327.169
230.943 327.169
230.943 327.169
230.951 327.181
231.112 327.408
231.291 327.663
231.304 327.681
231.656 328.179
231.656 328.179
231.656 328.179
231.657 328.181
231.657 328.181
231.663 328.19
231.669 328.198
232.187 328.931
232.209 328.962
232.363 329.181
232.384 329.21
232.384 329.21
232.384 329.21
232.716 329.681
232.722 329.69
232.888 329.925
232.891 329.929
232.898 329.94
233.069 330.181
233.24 330.423
233.24 330.423
233.244 330.429
233.412 330.667
233.422 330.681
233.754 331.152
233.757 331.156
233.759 331.158
233.775 331.181
233.91 331.373
234.107 331.652
234.128 331.681
234.459 332.15
234.463 332.156
234.468 332.163
234.473 332.171
234.473 332.171
234.481 332.181
234.982 332.892
235.179 333.171
235.181 333.173
235.534 333.673
235.687 333.89
235.691 333.896
236.004 334.34
236.013 334.352
236.203 334.621
236.535 335.092
236.535 335.092
236.687 335.306
236.894 335.6
236.9 335.608
236.9 335.608
236.928 335.648
237.269 336.131
237.269 336.131
237.275 336.14
237.275 336.14
237.282 336.15
237.304 336.181
237.826 336.921
237.834 336.931
238.01 337.181
238.012 337.183
238.012 337.183
238.012 337.183
238.34 337.648
238.363 337.681
238.515 337.896
238.515 337.896
238.519 337.902
238.716 338.181
238.881 338.415
238.882 338.417
238.885 338.421
239.045 338.648
239.069 338.681
239.379 339.121
239.382 339.125
239.385 339.129
239.422 339.181
239.54 339.348
239.735 339.625
239.775 339.681
240.103 340.146
240.103 340.146
240.103 340.146
240.107 340.152
240.123 340.175
240.128 340.181
240.609 340.863
240.795 341.127
240.795 341.127
240.798 341.131
240.806 341.142
241.143 341.619
241.147 341.625
241.151 341.631
241.153 341.633
241.309 341.854
241.309 341.854
241.316 341.865
241.484 342.102
241.669 342.365
241.844 342.613
241.847 342.617
241.853 342.625
242.022 342.865
242.203 343.121
242.21 343.131
242.223 343.15
242.419 343.427
242.557 343.623
242.562 343.629
242.572 343.644
242.706 343.833
242.915 344.129
242.915 344.129
242.923 344.142
242.937 344.16
242.95 344.179
242.951 344.181
242.954 344.185
243.304 344.681
243.322 344.706
243.447 344.883
243.631 345.144
243.637 345.152
243.637 345.152
243.657 345.181
243.95 345.596
244.01 345.681
244.122 345.84
244.122 345.84
244.129 345.85
244.338 346.146
244.363 346.181
244.504 346.381
244.507 346.385
244.51 346.39
244.673 346.621
244.716 346.681
245.015 347.104
245.016 347.106
245.019 347.11
245.069 347.181
245.145 347.29
245.366 347.602
245.728 348.115
245.732 348.121
245.74 348.131
245.744 348.137
245.748 348.144
245.775 348.181
246.24 348.84
246.44 349.123
246.441 349.125
246.443 349.127
246.445 349.131
246.784 349.61
246.798 349.631
246.97 349.875
246.973 349.879
246.981 349.89
247.179 350.171
247.293 350.331
247.478 350.594
247.479 350.596
247.487 350.606
247.665 350.858
247.837 351.102
247.84 351.106
247.847 351.117
247.997 351.329
248.187 351.598
248.188 351.6
248.218 351.642
248.245 351.681
248.579 352.154
248.582 352.158
248.591 352.171
248.591 352.171
248.594 352.175
248.598 352.181
248.951 352.681
249.104 352.898
249.304 353.181
249.313 353.194
249.313 353.194
249.316 353.198
249.657 353.681
249.672 353.702
250.009 354.179
250.009 354.179
250.009 354.179
250.01 354.181
250.506 354.883
250.698 355.156
250.698 355.156
250.698 355.156
250.716 355.181
250.86 355.385
251.022 355.615
251.069 355.681
251.398 356.148
251.398 356.148
251.398 356.148
251.412 356.167
251.413 356.169
251.422 356.181
251.775 356.681
251.879 356.829
252.066 357.094
252.066 357.094
252.068 357.096
252.128 357.181
252.256 357.363
252.456 357.646
252.794 358.125
252.797 358.129
252.798 358.131
252.801 358.135
252.807 358.144
252.812 358.15
252.834 358.181
253.34 358.898
253.51 359.14
253.513 359.144
253.516 359.148
253.52 359.154
253.659 359.35
253.854 359.627
254.206 360.125
254.206 360.125
254.209 360.129
254.223 360.15
254.223 360.15
254.225 360.152
254.245 360.181
254.722 360.856
254.775 360.931
254.928 361.148
254.928 361.148
254.928 361.148
254.951 361.181
255.287 361.656
255.304 361.681
255.434 361.865
255.657 362.181
255.791 362.371
255.791 362.371
255.794 362.375
255.973 362.629
256.01 362.681
256.34 363.148
256.34 363.148
256.34 363.148
256.363 363.181
256.509 363.387
256.679 363.629
256.716 363.681
257.045 364.148
257.045 364.148
257.048 364.152
257.048 364.152
257.051 364.156
257.069 364.181
257.069 364.181
257.069 364.181
257.566 364.885
257.566 364.885
257.569 364.89
258.088 365.625
258.094 365.633
258.101 365.644
258.101 365.644
258.128 365.681
258.481 366.181
258.612 366.367
258.615 366.371
258.618 366.375
258.623 366.383
258.628 366.39
258.831 366.677
258.835 366.683
258.965 366.867
258.976 366.883
258.998 366.915
259.009 366.929
259.019 366.944
259.176 367.167
259.178 367.169
259.188 367.183
259.194 367.192
259.194 367.192
259.526 367.663
259.531 367.669
259.531 367.669
259.535 367.675
259.538 367.679
259.54 367.681
259.843 368.11
259.843 368.11
259.853 368.125
259.857 368.131
259.878 368.16
259.893 368.181
260.368 368.854
260.372 368.86
260.382 368.875
260.422 368.931
260.951 369.681
260.963 369.698
260.969 369.706
260.978 369.719
260.985 369.729
260.991 369.738
261.304 370.181
261.338 370.229
261.338 370.229
261.344 370.238
261.348 370.244
261.357 370.256
261.991 371.154
261.997 371.163
262 371.167
262.382 371.708
262.506 371.883
262.509 371.887
262.516 371.898
262.837 372.352
262.844 372.363
262.845 372.365
263.007 372.594
263.35 373.079
263.35 373.079
263.351 373.081
263.49 373.277
263.682 373.55
264.054 374.077
264.057 374.081
264.062 374.088
264.076 374.108
264.079 374.113
264.128 374.181
264.481 374.681
264.816 375.156
264.819 375.16
264.82 375.163
265.169 375.656
265.187 375.681
265.532 376.171
265.537 376.177
265.537 376.177
265.54 376.181
265.54 376.181
265.547 376.192
265.893 376.681
265.894 376.683
265.894 376.683
265.906 376.7
266.245 377.181
266.575 377.648
266.598 377.681
266.951 378.181
266.951 378.181
266.957 378.19
266.968 378.204
266.975 378.215
266.982 378.225
267.635 379.15
267.638 379.154
267.64 379.156
267.945 379.59
268.332 380.137
268.338 380.146
268.338 380.146
268.344 380.154
268.344 380.154
268.675 380.623
268.682 380.633
268.682 380.633
269.384 381.627
269.753 382.15
269.753 382.15
269.763 382.165
269.768 382.171
269.775 382.181
269.785 382.196
270.128 382.681
270.47 383.167
270.476 383.175
270.478 383.177
270.834 383.681
270.837 383.685
271.17 384.158
271.173 384.163
271.181 384.173
271.181 384.173
271.187 384.181
271.19 384.185
271.52 384.654
271.529 384.667
271.529 384.667
271.54 384.681
271.893 385.181
272.245 385.681
272.247 385.683
272.585 386.163
272.598 386.181
272.598 386.181
272.598 386.181
272.6 386.183
272.615 386.204
273.272 387.135
273.281 387.148
273.285 387.154
273.623 387.633
273.968 388.121
273.968 388.121
273.972 388.127
273.978 388.135
273.978 388.135
274.315 388.613
274.322 388.623
274.329 388.633
275.022 389.615
275.265 389.958
275.331 390.052
275.395 390.144
275.406 390.158
275.41 390.165
275.413 390.169
275.416 390.173
275.425 390.185
275.951 390.931
276.125 391.177
276.125 391.177
276.128 391.181
276.128 391.181
276.479 391.679
276.481 391.681
276.818 392.158
276.828 392.173
276.834 392.181
276.837 392.185
276.837 392.185
277.537 393.177
277.54 393.181
277.543 393.185
277.547 393.192
277.893 393.681
277.893 393.681
278.232 394.163
278.237 394.169
278.24 394.173
278.245 394.181
278.247 394.183
278.248 394.185
278.79 394.952
278.951 395.181
278.965 395.2
278.965 395.2
278.969 395.206
279.298 395.673
279.398 395.815
279.657 396.181
279.659 396.183
279.668 396.196
279.676 396.208
280.173 396.913
280.366 397.185
280.366 397.185
280.372 397.194
280.707 397.669
281.062 398.171
281.069 398.181
281.069 398.181
281.075 398.19
281.078 398.194
281.078 398.194
281.76 399.16
281.763 399.165
281.763 399.165
282.116 399.665
282.128 399.681
282.469 400.165
282.469 400.165
282.473 400.171
282.481 400.181
282.485 400.188
282.491 400.196
282.834 400.681
283.001 400.919
283.187 401.181
283.19 401.185
283.19 401.185
283.191 401.188
283.532 401.671
283.54 401.681
283.89 402.177
283.89 402.177
283.893 402.181
283.893 402.181
283.893 402.181
284.563 403.131
284.569 403.14
284.572 403.144
284.935 403.658
285.281 404.148
285.288 404.158
285.288 404.158
285.753 404.817
285.972 405.127
285.973 405.129
285.978 405.135
286.315 405.612
286.537 405.927
286.537 405.927
286.713 406.177
286.713 406.177
286.713 406.177
286.713 406.177
