0.38037 0.53125
0.738365 1.03125
0.738365 1.03125
0.917362 1.28125
0.917362 1.28125
1.27536 1.78125
1.63335 2.28125
1.81235 2.53125
2.17034 3.03125
2.17034 3.03125
2.34934 3.28125
2.34934 3.28125
2.70734 3.78125
3.06533 4.28125
3.24433 4.53125
3.60232 5.03125
3.60232 5.03125
3.78132 5.28125
3.78132 5.28125
4.13932 5.78125
4.49731 6.28125
4.67631 6.53125
4.67631 6.53125
5.3923 7.53125
5.3923 7.53125
6.10829 8.53125
6.46628 9.03125
6.46628 9.03125
6.64528 9.28125
6.64528 9.28125
7.00328 9.78125
7.36127 10.2812
7.54027 10.5312
7.89826 11.0312
7.89826 11.0312
8.07726 11.2812
8.07726 11.2812
8.43526 11.7812
8.79325 12.2812
8.97225 12.5312
9.33024 13.0312
9.33024 13.0312
9.50924 13.2812
9.50924 13.2812
9.86724 13.7813
10.225 14.2812
10.4051 14.5312
10.4051 14.5312
10.4051 14.5312
11.9372 16.5312
11.9372 16.5312
12.3228 17.0312
12.3228 17.0312
12.3228 17.0312
12.5024 17.2812
12.5024 17.2812
12.682 17.5312
12.8617 17.7812
13.221 18.2812
13.221 18.2812
13.4006 18.5312
13.4006 18.5312
13.5802 18.7812
13.7599 19.0312
13.7599 19.0312
13.9395 19.2812
13.9395 19.2812
13.9395 19.2812
14.2988 19.7812
14.6581 20.2812
14.8377 20.5312
15.197 21.0312
15.197 21.0312
15.197 21.0312
15.3766 21.2812
15.3766 21.2812
15.5563 21.5312
15.7359 21.7812
16.0952 22.2813
16.0952 22.2813
16.2749 22.5312
16.2749 22.5312
16.2749 22.5312
16.4545 22.7813
16.6341 23.0312
16.8138 23.2812
16.8138 23.2812
16.9934 23.5312
17.1731 23.7812
17.3527 24.0312
17.5323 24.2812
17.712 24.5312
18.0713 25.0312
18.0713 25.0312
18.0713 25.0312
18.2509 25.2812
18.2509 25.2812
18.4305 25.5312
18.6102 25.7812
18.7898 26.0312
18.9695 26.2812
19.1491 26.5313
19.1491 26.5313
19.5065 27.0313
19.5065 27.0313
19.5065 27.0313
19.6851 27.2812
19.6851 27.2812
19.8636 27.5312
20.0422 27.7812
20.0422 27.7812
20.3993 28.2812
20.5779 28.5312
20.5779 28.5312
20.9351 29.0312
20.9351 29.0312
21.1136 29.2812
21.1136 29.2812
21.4708 29.7812
21.4708 29.7812
21.8279 30.2812
22.0065 30.5312
22.0065 30.5312
23.435 32.5312
23.435 32.5312
23.7922 33.0312
23.7922 33.0312
23.7922 33.0312
23.9708 33.2812
23.9708 33.2812
24.1493 33.5312
24.3279 33.7812
24.685 34.2812
24.685 34.2812
24.8636 34.5312
24.8636 34.5312
25.0422 34.7812
25.2208 35.0312
25.2208 35.0312
25.3993 35.2812
25.3993 35.2812
25.3993 35.2812
25.7565 35.7812
26.1136 36.2812
26.2922 36.5312
26.6493 37.0312
26.6493 37.0312
26.8279 37.2812
26.8279 37.2812
27.0065 37.5312
27.185 37.7812
27.5422 38.2812
27.5422 38.2812
27.7208 38.5312
27.7208 38.5312
27.7208 38.5312
27.8993 38.7812
28.0779 39.0312
28.2565 39.2812
28.2565 39.2812
28.435 39.5312
28.6136 39.7812
28.7922 40.0312
28.9708 40.2812
29.1493 40.5312
29.5065 41.0312
29.5065 41.0312
29.5065 41.0312
29.685 41.2812
29.685 41.2812
29.8636 41.5312
30.0422 41.7812
30.2208 42.0312
30.3993 42.2812
30.5779 42.5312
30.5779 42.5312
30.935 43.0312
30.935 43.0312
31.1136 43.2812
31.1136 43.2812
31.2922 43.5312
31.4708 43.7812
31.6493 44.0312
31.8278 44.2812
31.8278 44.2812
32.006 44.5312
32.3623 45.0312
32.3623 45.0312
32.5404 45.2812
32.5404 45.2812
32.8967 45.7812
33.253 46.2812
33.4312 46.5312
33.4312 46.5312
33.7875 47.0312
33.7875 47.0312
33.9656 47.2812
33.9656 47.2812
34.3219 47.7812
34.3219 47.7812
34.8563 48.5312
34.8563 48.5312
34.8563 48.5312
35.2126 49.0312
35.3908 49.2812
35.5689 49.5312
35.5689 49.5312
35.7471 49.7812
35.9252 50.0313
36.1034 50.2812
36.1034 50.2812
36.2815 50.5312
36.2815 50.5312
36.2815 50.5312
36.2815 50.5312
36.9941 51.5312
37.3504 52.0312
37.5285 52.2812
37.7067 52.5312
37.7067 52.5312
37.7067 52.5312
38.063 53.0312
38.2411 53.2813
38.5974 53.7812
38.9537 54.2812
39.1319 54.5312
39.1319 54.5312
39.1319 54.5312
39.1319 54.5312
39.4882 55.0312
39.6663 55.2812
40.0226 55.7812
40.557 56.5313
40.557 56.5313
40.557 56.5313
40.9133 57.0312
41.0915 57.2812
41.2696 57.5312
41.4478 57.7812
41.6259 58.0312
41.8041 58.2812
41.8041 58.2812
41.9822 58.5312
41.9822 58.5312
42.1604 58.7812
42.1604 58.7812
42.3385 59.0312
42.5167 59.2812
42.6948 59.5312
42.873 59.7813
43.0511 60.0312
43.2293 60.2812
43.4074 60.5312
43.4074 60.5312
43.7637 61.0312
43.9418 61.2812
44.12 61.5312
44.12 61.5312
44.12 61.5312
44.2981 61.7812
44.4763 62.0312
44.6544 62.2812
44.6544 62.2812
44.8326 62.5312
44.8326 62.5312
44.8326 62.5312
45.0107 62.7812
45.1889 63.0312
45.367 63.2812
45.7233 63.7812
45.9015 64.0312
46.0796 64.2812
46.2578 64.5312
46.2578 64.5312
46.2578 64.5312
46.2578 64.5312
46.4359 64.7812
46.614 65.0312
46.7922 65.2812
46.9703 65.5312
47.1485 65.7812
47.3266 66.0312
47.5048 66.2812
47.6829 66.5312
47.6829 66.5312
47.6829 66.5312
47.6829 66.5312
47.8611 66.7812
48.0392 67.0312
48.0392 67.0312
48.2174 67.2812
48.2174 67.2812
48.5737 67.7812
48.7518 68.0312
48.7518 68.0312
48.93 68.2812
48.93 68.2812
49.1081 68.5312
49.1081 68.5312
49.1081 68.5312
49.1081 68.5312
49.1081 68.5312
49.1081 68.5312
49.4644 69.0312
49.6425 69.2812
49.8207 69.5312
49.9988 69.7812
49.9988 69.7812
50.177 70.0312
50.3551 70.2812
50.3551 70.2812
50.5333 70.5312
50.5333 70.5312
50.5333 70.5312
50.7114 70.7812
50.8896 71.0312
51.0677 71.2812
51.0677 71.2812
51.424 71.7812
51.6022 72.0312
51.7803 72.2812
51.9585 72.5312
51.9585 72.5312
51.9585 72.5312
51.9585 72.5312
52.1366 72.7812
52.3148 73.0312
52.4929 73.2812
52.4929 73.2812
52.671 73.5312
52.671 73.5312
53.0273 74.0312
53.0273 74.0312
53.2055 74.2812
53.2055 74.2812
53.3836 74.5312
53.3836 74.5312
53.3836 74.5312
53.5618 74.7812
53.5618 74.7812
53.7399 75.0312
53.9181 75.2812
54.0962 75.5312
54.2744 75.7812
54.4525 76.0312
54.4525 76.0312
54.6307 76.2812
54.8088 76.5312
54.8088 76.5312
54.8088 76.5312
54.987 76.7812
55.1651 77.0312
55.3432 77.2812
55.3432 77.2812
55.5214 77.5312
55.8777 78.0312
56.0558 78.2812
56.234 78.5312
56.234 78.5312
56.234 78.5312
56.4121 78.7812
56.5903 79.0312
56.7684 79.2812
56.7684 79.2812
57.1247 79.7812
57.3029 80.0312
57.3029 80.0312
57.481 80.2812
57.6592 80.5312
57.6592 80.5312
57.6592 80.5312
57.6592 80.5312
57.8373 80.7812
58.0155 81.0312
58.1936 81.2812
58.5499 81.7812
58.728 82.0312
58.9062 82.2812
59.0843 82.5312
59.0843 82.5312
59.0843 82.5312
59.2625 82.7812
59.4406 83.0312
59.6188 83.2812
60.5095 84.5312
60.5095 84.5312
60.5095 84.5312
60.6877 84.7812
60.8658 85.0312
60.8658 85.0312
61.044 85.2812
61.2221 85.5312
61.4002 85.7812
61.5784 86.0312
61.5784 86.0312
61.7565 86.2812
61.9347 86.5312
61.9347 86.5312
62.1128 86.7812
62.291 87.0312
62.4691 87.2812
62.4691 87.2812
62.6473 87.5312
62.6473 87.5312
62.8254 87.7812
63.0036 88.0312
63.0036 88.0312
63.3599 88.5312
63.3599 88.5312
63.3599 88.5312
63.3599 88.5312
63.538 88.7812
63.7162 89.0312
63.8943 89.2812
64.0725 89.5312
64.2506 89.7812
64.4287 90.0312
64.4287 90.0312
64.6069 90.2812
64.6069 90.2812
64.785 90.5313
64.9632 90.7812
65.1413 91.0312
65.3195 91.2812
65.4976 91.5312
65.4976 91.5312
65.6758 91.7812
65.8539 92.0312
66.0321 92.2813
66.0321 92.2813
66.2102 92.5312
66.2102 92.5312
66.3884 92.7812
66.5665 93.0312
66.7447 93.2812
67.101 93.7812
67.4572 94.2812
67.4572 94.2812
67.4572 94.2812
67.4572 94.2812
67.4572 94.2812
68.348 95.5312
68.7053 96.0312
68.8841 96.2812
69.0636 96.5312
69.2439 96.7812
69.4242 97.0312
69.4242 97.0312
69.6045 97.2812
69.6045 97.2812
69.9651 97.7812
69.9651 97.7812
70.1454 98.0312
70.1454 98.0312
70.3263 98.2813
70.3263 98.2813
70.5072 98.5312
70.5072 98.5312
70.5072 98.5312
70.5072 98.5312
71.9523 100.531
72.3111 101.031
72.3111 101.031
72.4901 101.281
72.4901 101.281
72.8481 101.781
73.2061 102.281
73.3851 102.531
73.7431 103.031
73.7431 103.031
73.922 103.281
73.922 103.281
74.28 103.781
74.638 104.281
74.817 104.531
75.175 105.031
75.175 105.031
75.354 105.281
75.354 105.281
75.712 105.781
76.07 106.281
76.249 106.531
76.249 106.531
76.965 107.531
76.965 107.531
77.681 108.531
77.681 108.531
78.039 109.031
78.039 109.031
78.218 109.281
78.218 109.281
78.576 109.781
78.934 110.281
79.113 110.531
79.471 111.031
79.471 111.031
79.65 111.281
79.65 111.281
80.008 111.781
80.366 112.281
80.366 112.281
80.545 112.531
80.545 112.531
80.724 112.781
80.903 113.031
80.903 113.031
80.903 113.031
81.0819 113.281
81.0819 113.281
81.4399 113.781
81.7979 114.281
81.9769 114.531
81.9769 114.531
81.9769 114.531
83.4089 116.531
83.4089 116.531
83.7669 117.031
83.7669 117.031
83.7669 117.031
83.9459 117.281
83.9459 117.281
84.1247 117.531
84.3028 117.781
84.6591 118.281
84.6591 118.281
84.8373 118.531
84.8373 118.531
85.0154 118.781
85.1936 119.031
85.1936 119.031
85.3717 119.281
85.3717 119.281
85.3717 119.281
85.728 119.781
86.0843 120.281
86.2624 120.531
86.6187 121.031
86.6187 121.031
86.6187 121.031
86.7969 121.281
86.7969 121.281
86.975 121.531
87.1532 121.781
87.5095 122.281
87.5095 122.281
87.6876 122.531
87.6876 122.531
87.6876 122.531
87.8658 122.781
88.0439 123.031
88.2221 123.281
88.2221 123.281
88.4002 123.531
88.5784 123.781
88.7565 124.031
88.9346 124.281
89.1128 124.531
89.4691 125.031
89.4691 125.031
89.4691 125.031
89.6472 125.281
89.6472 125.281
89.8254 125.531
90.0035 125.781
90.1817 126.031
90.3598 126.281
90.538 126.531
90.538 126.531
90.8943 127.031
90.8943 127.031
90.8943 127.031
91.0724 127.281
91.0724 127.281
91.2506 127.531
91.4287 127.781
91.4287 127.781
91.785 128.281
91.9631 128.531
91.9631 128.531
92.3194 129.031
92.3194 129.031
92.4976 129.281
92.4976 129.281
92.8539 129.781
92.8539 129.781
93.2102 130.281
93.3883 130.531
93.3883 130.531
94.8135 132.531
94.8135 132.531
95.1698 133.031
95.1698 133.031
95.1698 133.031
95.3479 133.281
95.3479 133.281
95.5261 133.531
95.7042 133.781
96.0605 134.281
96.0605 134.281
96.2387 134.531
96.2387 134.531
96.4168 134.781
96.595 135.031
96.595 135.031
96.7731 135.281
96.7731 135.281
96.7731 135.281
97.1294 135.781
97.4857 136.281
97.6639 136.531
98.0201 137.031
98.0201 137.031
98.1983 137.281
98.1983 137.281
98.3764 137.531
98.5546 137.781
98.9109 138.281
98.9109 138.281
99.089 138.531
99.089 138.531
99.089 138.531
99.2672 138.781
99.4453 139.031
99.6235 139.281
99.6235 139.281
99.8016 139.531
99.9798 139.781
100.158 140.031
100.336 140.281
100.514 140.531
100.87 141.031
100.87 141.031
100.87 141.031
101.049 141.281
101.049 141.281
101.227 141.531
101.405 141.781
101.583 142.031
101.761 142.281
101.939 142.531
101.939 142.531
102.296 143.031
102.296 143.031
102.474 143.281
102.474 143.281
102.652 143.531
102.83 143.781
103.008 144.031
103.186 144.281
103.186 144.281
103.365 144.531
103.721 145.031
103.721 145.031
103.899 145.281
103.899 145.281
104.257 145.781
104.615 146.281
104.794 146.531
104.794 146.531
105.152 147.031
105.152 147.031
105.331 147.281
105.331 147.281
105.688 147.781
105.688 147.781
106.046 148.281
106.225 148.531
106.225 148.531
106.225 148.531
106.583 149.031
106.762 149.281
106.941 149.531
106.941 149.531
107.12 149.781
107.299 150.031
107.478 150.281
107.478 150.281
107.657 150.531
107.657 150.531
107.657 150.531
107.657 150.531
108.373 151.531
108.731 152.031
108.91 152.281
109.089 152.531
109.089 152.531
109.089 152.531
109.447 153.031
109.626 153.281
109.984 153.781
110.342 154.281
110.521 154.531
110.521 154.531
110.521 154.531
110.521 154.531
110.879 155.031
111.058 155.281
111.416 155.781
111.953 156.531
111.953 156.531
111.953 156.531
112.311 157.031
112.49 157.281
112.668 157.531
112.847 157.781
113.025 158.031
113.204 158.281
113.204 158.281
113.382 158.531
113.382 158.531
113.561 158.781
113.561 158.781
113.74 159.031
113.918 159.281
114.097 159.531
114.275 159.781
114.454 160.031
114.632 160.281
114.811 160.531
114.811 160.531
115.168 161.031
115.347 161.281
115.525 161.531
115.525 161.531
115.525 161.531
115.704 161.781
115.882 162.031
116.061 162.281
116.061 162.281
116.24 162.531
116.24 162.531
116.24 162.531
116.418 162.781
116.597 163.031
116.775 163.281
117.132 163.781
117.311 164.031
117.49 164.281
117.668 164.531
117.668 164.531
117.668 164.531
117.668 164.531
117.847 164.781
118.025 165.031
118.204 165.281
118.382 165.531
118.561 165.781
118.74 166.031
118.918 166.281
119.097 166.531
119.097 166.531
119.097 166.531
119.097 166.531
119.275 166.781
119.454 167.031
119.454 167.031
119.632 167.281
119.632 167.281
119.99 167.781
120.168 168.031
120.168 168.031
120.347 168.281
120.347 168.281
120.525 168.531
120.525 168.531
120.525 168.531
120.525 168.531
120.525 168.531
120.525 168.531
120.882 169.031
121.061 169.281
121.24 169.531
121.418 169.781
121.418 169.781
121.597 170.031
121.775 170.281
121.775 170.281
121.954 170.531
121.954 170.531
121.954 170.531
122.132 170.781
122.311 171.031
122.49 171.281
122.49 171.281
122.847 171.781
123.025 172.031
123.204 172.281
123.382 172.531
123.382 172.531
123.382 172.531
123.382 172.531
123.561 172.781
123.74 173.031
123.918 173.281
123.918 173.281
124.097 173.531
124.097 173.531
124.454 174.031
124.454 174.031
124.632 174.281
124.632 174.281
124.811 174.531
124.811 174.531
124.811 174.531
124.99 174.781
124.99 174.781
125.168 175.031
125.347 175.281
125.525 175.531
125.704 175.781
125.882 176.031
125.882 176.031
126.061 176.281
126.24 176.531
126.24 176.531
126.24 176.531
126.418 176.781
126.597 177.031
126.775 177.281
126.775 177.281
126.954 177.531
127.311 178.031
127.49 178.281
127.668 178.531
127.668 178.531
127.668 178.531
127.847 178.781
128.025 179.031
128.204 179.281
128.204 179.281
128.561 179.781
128.74 180.031
128.74 180.031
128.918 180.281
129.097 180.531
129.097 180.531
129.097 180.531
129.097 180.531
129.275 180.781
129.454 181.031
129.632 181.281
129.99 181.781
130.168 182.031
130.347 182.281
130.525 182.531
130.525 182.531
130.525 182.531
130.704 182.781
130.882 183.031
131.061 183.281
131.954 184.531
131.954 184.531
131.954 184.531
132.132 184.781
132.311 185.031
132.311 185.031
132.49 185.281
132.668 185.531
132.847 185.781
133.025 186.031
133.025 186.031
133.204 186.281
133.382 186.531
133.382 186.531
133.561 186.781
133.74 187.031
133.918 187.281
133.918 187.281
134.097 187.531
134.097 187.531
134.275 187.781
134.454 188.031
134.454 188.031
134.811 188.531
134.811 188.531
134.811 188.531
134.811 188.531
134.99 188.781
135.168 189.031
135.347 189.281
135.525 189.531
135.704 189.781
135.882 190.031
135.882 190.031
136.061 190.281
136.061 190.281
136.24 190.531
136.418 190.781
136.597 191.031
136.775 191.281
136.954 191.531
136.954 191.531
137.132 191.781
137.311 192.031
137.49 192.281
137.49 192.281
137.668 192.531
137.668 192.531
137.847 192.781
138.025 193.031
138.204 193.281
138.561 193.781
138.918 194.281
138.918 194.281
138.918 194.281
138.918 194.281
138.918 194.281
139.811 195.531
140.168 196.031
140.347 196.281
140.525 196.531
140.525 196.531
140.704 196.781
140.882 197.031
140.882 197.031
141.061 197.281
141.24 197.531
141.418 197.781
141.597 198.031
141.597 198.031
141.775 198.281
141.954 198.531
141.954 198.531
142.132 198.781
142.311 199.031
142.311 199.031
142.49 199.281
142.49 199.281
142.668 199.531
142.847 199.781
143.025 200.031
143.025 200.031
143.204 200.281
143.382 200.531
143.382 200.531
143.561 200.781
143.74 201.031
143.74 201.031
143.918 201.281
144.097 201.531
144.454 202.031
144.454 202.031
144.454 202.031
144.632 202.281
144.811 202.531
144.811 202.531
144.99 202.781
145.168 203.031
145.168 203.031
145.347 203.281
145.347 203.281
145.525 203.531
145.704 203.781
145.704 203.781
145.882 204.031
145.882 204.031
146.061 204.281
146.24 204.531
146.24 204.531
146.24 204.531
146.24 204.531
146.24 204.531
146.597 205.031
146.775 205.281
146.775 205.281
146.954 205.531
147.132 205.781
147.132 205.781
147.49 206.281
147.49 206.281
147.668 206.531
147.847 206.781
147.847 206.781
147.847 206.781
148.025 207.031
148.025 207.031
148.025 207.031
148.204 207.281
148.204 207.281
148.204 207.281
148.204 207.281
148.204 207.281
148.382 207.531
148.382 207.531
148.382 207.531
148.561 207.781
148.561 207.781
148.561 207.781
148.561 207.781
148.74 208.031
148.918 208.281
149.097 208.531
149.275 208.781
149.275 208.781
149.454 209.031
149.454 209.031
149.632 209.281
149.632 209.281
149.811 209.531
149.99 209.781
149.99 209.781
150.168 210.031
150.168 210.031
150.347 210.281
150.347 210.281
150.525 210.531
150.525 210.531
150.704 210.781
150.882 211.031
150.882 211.031
151.061 211.281
151.061 211.281
151.24 211.531
151.24 211.531
151.418 211.781
151.418 211.781
151.418 211.781
151.597 212.031
151.597 212.031
151.775 212.281
151.775 212.281
151.954 212.531
151.954 212.531
151.954 212.531
151.954 212.531
152.132 212.781
152.132 212.781
152.311 213.031
152.311 213.031
152.49 213.281
152.49 213.281
152.49 213.281
152.668 213.531
152.847 213.781
152.847 213.781
152.847 213.781
153.025 214.031
153.204 214.281
153.382 214.531
153.382 214.531
153.561 214.781
153.561 214.781
153.74 215.031
153.74 215.031
153.918 215.281
153.918 215.281
153.918 215.281
154.097 215.531
154.275 215.781
154.275 215.781
154.454 216.031
154.632 216.281
154.632 216.281
154.811 216.531
154.99 216.781
154.99 216.781
155.168 217.031
155.168 217.031
155.347 217.281
155.347 217.281
155.347 217.281
155.704 217.781
155.882 218.031
155.882 218.031
156.061 218.281
156.24 218.531
156.418 218.781
156.597 219.031
156.597 219.031
156.775 219.281
156.775 219.281
156.775 219.281
156.954 219.531
157.132 219.781
157.132 219.781
157.132 219.781
157.311 220.031
157.49 220.281
157.49 220.281
157.668 220.531
157.668 220.531
157.847 220.781
157.847 220.781
158.025 221.031
158.204 221.281
158.204 221.281
158.382 221.531
158.382 221.531
158.561 221.781
158.561 221.781
158.561 221.781
158.74 222.031
158.918 222.281
158.918 222.281
158.918 222.281
159.097 222.531
159.275 222.781
159.275 222.781
159.454 223.031
159.454 223.031
159.632 223.281
159.632 223.281
159.632 223.281
159.811 223.531
159.811 223.531
159.99 223.781
159.99 223.781
159.99 223.781
160.168 224.031
160.347 224.281
160.347 224.281
160.525 224.531
160.525 224.531
160.525 224.531
160.525 224.531
160.525 224.531
160.704 224.781
160.704 224.781
160.704 224.781
160.704 224.781
160.882 225.031
160.882 225.031
160.882 225.031
160.882 225.031
160.882 225.031
161.061 225.281
161.061 225.281
161.061 225.281
161.061 225.281
161.061 225.281
161.597 226.031
161.597 226.031
161.597 226.031
161.597 226.031
161.597 226.031
161.775 226.281
161.775 226.281
161.775 226.281
161.775 226.281
161.775 226.281
161.954 226.531
161.954 226.531
161.954 226.531
161.954 226.531
161.954 226.531
162.132 226.781
162.132 226.781
162.132 226.781
162.132 226.781
162.132 226.781
162.49 227.281
162.49 227.281
162.49 227.281
162.49 227.281
162.49 227.281
162.668 227.531
162.847 227.781
163.025 228.031
163.025 228.031
163.204 228.281
163.204 228.281
163.382 228.531
163.382 228.531
163.382 228.531
163.382 228.531
163.561 228.781
163.74 229.031
163.74 229.031
163.918 229.281
164.097 229.531
164.275 229.781
164.454 230.031
164.454 230.031
164.632 230.281
164.811 230.531
164.811 230.531
164.99 230.781
165.168 231.031
165.347 231.281
165.347 231.281
165.525 231.531
165.525 231.531
165.704 231.781
165.882 232.031
165.882 232.031
166.24 232.531
166.24 232.531
166.24 232.531
166.24 232.531
166.418 232.781
166.597 233.031
166.775 233.281
166.954 233.531
167.132 233.781
167.311 234.031
167.311 234.031
167.49 234.281
167.49 234.281
167.668 234.531
167.847 234.781
168.025 235.031
168.204 235.281
168.382 235.531
168.382 235.531
168.561 235.781
168.74 236.031
168.918 236.281
168.918 236.281
169.097 236.531
169.275 236.781
169.454 237.031
169.454 237.031
169.632 237.281
169.632 237.281
169.811 237.531
169.99 237.781
169.99 237.781
170.168 238.031
170.168 238.031
170.347 238.281
170.525 238.531
170.704 238.781
170.882 239.031
171.061 239.281
171.24 239.531
171.418 239.781
171.597 240.031
171.597 240.031
171.775 240.281
171.775 240.281
171.954 240.531
172.132 240.781
172.311 241.031
172.311 241.031
172.49 241.281
172.49 241.281
172.668 241.531
172.847 241.781
172.847 241.781
173.204 242.281
173.204 242.281
173.204 242.281
173.382 242.531
173.561 242.781
173.74 243.031
173.918 243.281
173.918 243.281
173.918 243.281
174.097 243.531
174.097 243.531
174.275 243.781
174.275 243.781
174.275 243.781
174.454 244.031
174.454 244.031
174.632 244.281
174.632 244.281
174.811 244.531
174.811 244.531
174.811 244.531
175.168 245.031
175.347 245.281
175.704 245.781
176.061 246.281
176.24 246.531
176.24 246.531
176.24 246.531
176.24 246.531
176.597 247.031
176.775 247.281
177.132 247.781
177.668 248.531
177.668 248.531
177.668 248.531
178.025 249.031
178.204 249.281
178.382 249.531
178.561 249.781
178.74 250.031
178.918 250.281
178.918 250.281
179.097 250.531
179.097 250.531
179.275 250.781
179.275 250.781
179.454 251.031
179.632 251.281
179.811 251.531
179.99 251.781
180.168 252.031
180.347 252.281
180.525 252.531
180.525 252.531
180.882 253.031
181.061 253.281
181.24 253.531
181.24 253.531
181.24 253.531
181.418 253.781
181.597 254.031
181.775 254.281
181.775 254.281
181.954 254.531
181.954 254.531
181.954 254.531
182.132 254.781
182.311 255.031
182.49 255.281
182.847 255.781
183.025 256.031
183.204 256.281
183.382 256.531
183.382 256.531
183.382 256.531
183.382 256.531
183.561 256.781
183.74 257.031
183.918 257.281
184.097 257.531
184.275 257.781
184.454 258.031
184.632 258.281
184.811 258.531
184.811 258.531
184.811 258.531
184.811 258.531
184.99 258.781
185.168 259.031
185.168 259.031
185.347 259.281
185.347 259.281
185.704 259.781
185.882 260.031
185.882 260.031
186.061 260.281
186.061 260.281
186.24 260.531
186.24 260.531
186.24 260.531
186.24 260.531
186.418 260.781
186.597 261.031
186.775 261.281
186.954 261.531
187.132 261.781
187.132 261.781
187.311 262.031
187.49 262.281
187.49 262.281
187.668 262.531
187.668 262.531
187.668 262.531
187.847 262.781
188.025 263.031
188.204 263.281
188.561 263.781
188.561 263.781
188.918 264.281
189.097 264.531
189.097 264.531
189.097 264.531
189.097 264.531
189.275 264.781
189.454 265.031
189.632 265.281
189.632 265.281
189.811 265.531
189.811 265.531
189.989 265.781
189.989 265.781
190.168 266.031
190.347 266.281
190.347 266.281
190.525 266.531
190.525 266.531
190.525 266.531
190.704 266.781
190.704 266.781
190.882 267.031
191.061 267.281
191.061 267.281
191.239 267.531
191.418 267.781
191.418 267.781
191.597 268.031
191.597 268.031
191.775 268.281
191.954 268.531
191.954 268.531
191.954 268.531
192.132 268.781
192.311 269.031
192.489 269.281
192.668 269.531
192.847 269.781
193.025 270.031
193.204 270.281
193.382 270.531
193.382 270.531
193.382 270.531
193.561 270.781
193.739 271.031
193.918 271.281
193.918 271.281
194.275 271.781
194.454 272.031
194.454 272.031
194.632 272.281
194.811 272.531
194.811 272.531
194.811 272.531
194.811 272.531
194.989 272.781
195.168 273.031
195.347 273.281
195.347 273.281
195.704 273.781
196.061 274.281
196.061 274.281
196.239 274.531
196.239 274.531
196.239 274.531
196.418 274.781
196.597 275.031
196.775 275.281
196.775 275.281
196.954 275.531
197.132 275.781
197.132 275.781
197.311 276.031
197.489 276.281
197.489 276.281
197.668 276.531
197.668 276.531
197.668 276.531
197.847 276.781
198.025 277.031
198.025 277.031
198.204 277.281
198.382 277.531
198.561 277.781
198.739 278.031
198.739 278.031
198.918 278.281
199.097 278.531
199.097 278.531
199.275 278.781
199.454 279.031
199.632 279.281
199.632 279.281
199.811 279.531
199.811 279.531
199.989 279.781
200.168 280.031
200.168 280.031
200.525 280.531
200.525 280.531
200.525 280.531
200.525 280.531
200.704 280.781
200.882 281.031
201.061 281.281
201.239 281.531
201.418 281.781
201.597 282.031
201.597 282.031
201.775 282.281
201.775 282.281
201.954 282.531
202.132 282.781
202.311 283.031
202.489 283.281
202.668 283.531
202.668 283.531
202.847 283.781
203.025 284.031
203.204 284.281
203.204 284.281
203.382 284.531
203.382 284.531
203.561 284.781
203.739 285.031
203.918 285.281
204.275 285.781
204.632 286.281
204.632 286.281
204.632 286.281
204.632 286.281
204.632 286.281
205.525 287.531
205.882 288.031
206.061 288.281
206.239 288.531
206.418 288.781
206.597 289.031
206.597 289.031
206.775 289.281
206.775 289.281
207.132 289.781
207.132 289.781
207.311 290.031
207.311 290.031
207.489 290.281
207.489 290.281
207.668 290.531
207.668 290.531
207.668 290.531
207.668 290.531
209.108 292.531
209.475 293.031
209.475 293.031
209.659 293.281
209.659 293.281
210.025 293.781
210.392 294.281
210.575 294.531
210.942 295.031
210.942 295.031
211.126 295.281
211.126 295.281
211.492 295.781
211.86 296.281
212.045 296.531
212.414 297.031
212.414 297.031
212.598 297.281
212.598 297.281
212.967 297.781
213.336 298.281
213.521 298.531
213.521 298.531
214.259 299.531
214.259 299.531
215.004 300.531
215.376 301.031
215.376 301.031
215.563 301.281
215.563 301.281
215.938 301.781
216.314 302.281
216.503 302.531
216.886 303.031
216.886 303.031
217.078 303.281
217.078 303.281
217.469 303.781
217.863 304.281
218.063 304.531
218.467 305.031
218.467 305.031
218.67 305.281
218.67 305.281
219.075 305.781
219.48 306.281
219.682 306.531
219.682 306.531
219.682 306.531
