1.93578 3.51667
2.48624 4.51667
3.03669 5.51667
3.03669 5.51667
3.03669 5.51667
3.03669 5.51667
3.31192 6.01667
3.58715 6.51667
3.86238 7.01667
3.86238 7.01667
4.68807 8.51667
4.9633 9.01667
5.23853 9.51667
5.51375 10.0167
5.78898 10.5167
6.06421 11.0167
6.06421 11.0167
6.06421 11.0167
6.33944 11.5167
6.8899 12.5167
7.44036 13.5167
7.44036 13.5167
7.71559 14.0167
7.99082 14.5167
8.26604 15.0167
9.09173 16.5167
9.09173 16.5167
9.36696 17.0167
9.64219 17.5167
9.91742 18.0167
10.1926 18.5167
10.4679 19.0167
10.7431 19.5167
11.0183 20.0167
11.2936 20.5167
11.2936 20.5167
11.844 21.5167
11.844 21.5167
12.1193 22.0167
12.3945 22.5167
12.6697 23.0167
12.6697 23.0167
13.4954 24.5167
13.7706 25.0167
14.0459 25.5167
14.3211 26.0167
14.5963 26.5167
14.8715 27.0167
14.8715 27.0167
15.1468 27.5167
15.1468 27.5167
15.422 28.0167
15.6972 28.5167
15.6972 28.5167
15.9725 29.0167
16.2477 29.5167
16.2477 29.5167
16.5229 30.0167
16.7981 30.5167
17.0734 31.0167
17.8991 32.5167
18.1743 33.0167
18.4495 33.5167
18.4495 33.5167
19.2752 35.0167
19.5504 35.5167
19.5504 35.5167
19.8257 36.0167
20.1009 36.5167
20.1009 36.5167
20.6513 37.5167
20.6513 37.5167
20.9266 38.0167
21.2018 38.5167
21.477 39.0167
22.0275 40.0167
22.0275 40.0167
22.3027 40.5167
22.3027 40.5167
22.578 41.0167
22.8532 41.5167
22.8532 41.5167
23.1284 42.0167
23.4036 42.5167
23.6789 43.0167
23.9541 43.5167
23.9541 43.5167
24.2293 44.0167
24.2293 44.0167
24.5046 44.5167
24.5046 44.5167
24.7798 45.0167
24.7798 45.0167
25.055 45.5167
25.055 45.5167
25.3302 46.0167
25.6055 46.5167
25.8807 47.0167
26.4312 48.0167
26.4312 48.0167
26.7064 48.5167
26.7064 48.5167
26.9816 49.0167
26.9816 49.0167
27.2568 49.5167
27.2568 49.5167
27.5321 50.0167
27.8073 50.5167
28.0825 51.0167
28.3578 51.5167
28.633 52.0167
28.9082 52.5167
28.9082 52.5167
29.1834 53.0167
29.4587 53.5167
29.4587 53.5167
29.7339 54.0167
30.0091 54.5167
30.2844 55.0167
30.2844 55.0167
30.8348 56.0167
30.8348 56.0167
31.1101 56.5167
31.1101 56.5167
31.3853 57.0167
31.3853 57.0167
31.3853 57.0167
31.6605 57.5167
31.6605 57.5167
31.9357 58.0167
32.211 58.5167
32.4862 59.0167
32.4862 59.0167
32.4862 59.0167
32.6238 59.2667
32.7614 59.5167
33.0367 60.0167
33.1743 60.2667
33.3119 60.5167
33.4495 60.7667
33.5871 61.0167
33.5871 61.0167
33.8623 61.5167
33.8623 61.5167
34.1376 62.0167
34.4128 62.5167
34.688 63.0167
34.688 63.0167
35.2385 64.0167
35.5137 64.5167
36.0642 65.5167
36.0642 65.5167
36.0642 65.5167
36.0642 65.5167
38.266 69.5167
38.266 69.5167
38.266 69.5167
38.266 69.5167
38.266 69.5167
38.5412 70.0167
38.5412 70.0167
38.8165 70.5167
38.8165 70.5167
39.0917 71.0167
39.0917 71.0167
39.0917 71.0167
39.3669 71.5167
39.6422 72.0167
40.1926 73.0167
40.4678 73.5167
40.7431 74.0167
41.0183 74.5167
41.2935 75.0167
41.2935 75.0167
42.1192 76.5167
42.3944 77.0167
42.6697 77.5167
42.9449 78.0167
42.9449 78.0167
43.2201 78.5167
43.2201 78.5167
43.4954 79.0167
43.4954 79.0167
43.4954 79.0167
43.7706 79.5167
44.0458 80.0167
44.5963 81.0167
44.8715 81.5167
45.1467 82.0167
45.422 82.5167
45.422 82.5167
45.6972 83.0167
46.2476 84.0167
46.5229 84.5167
46.5229 84.5167
46.7981 85.0167
47.0733 85.5167
47.0733 85.5167
47.3486 86.0167
47.3486 86.0167
47.6238 86.5167
47.6238 86.5167
47.899 87.0167
47.899 87.0167
47.899 87.0167
48.1742 87.5167
48.7247 88.5167
48.9999 89.0167
49.2752 89.5167
49.2752 89.5167
49.5504 90.0167
49.8256 90.5167
50.1009 91.0167
50.6513 92.0167
50.9265 92.5167
51.2018 93.0167
51.477 93.5167
51.477 93.5167
51.7522 94.0167
51.7522 94.0167
52.0275 94.5167
52.0275 94.5167
52.3027 95.0167
52.3027 95.0167
52.3027 95.0167
52.5779 95.5167
53.1284 96.5167
53.1284 96.5167
53.4036 97.0167
53.4036 97.0167
53.6788 97.5167
53.9541 98.0167
54.2293 98.5167
54.2293 98.5167
54.5045 99.0167
54.5045 99.0167
54.5045 99.0167
54.7797 99.5167
54.7797 99.5167
55.055 100.017
55.055 100.017
55.3302 100.517
55.3302 100.517
55.6054 101.017
55.6054 101.017
55.8807 101.517
55.8807 101.517
55.8807 101.517
55.8807 101.517
55.8807 101.517
56.1559 102.017
56.1559 102.017
56.4311 102.517
56.4311 102.517
56.7063 103.017
56.7063 103.017
56.7063 103.017
56.9816 103.517
57.2568 104.017
57.8073 105.017
57.8073 105.017
58.0825 105.517
58.3577 106.017
58.633 106.517
58.9082 107.017
58.9082 107.017
58.9082 107.017
59.1834 107.517
59.4586 108.017
59.7339 108.517
59.7339 108.517
60.0091 109.017
60.0091 109.017
60.2843 109.517
60.2843 109.517
60.2843 109.517
60.5596 110.017
60.5596 110.017
60.8348 110.517
60.8348 110.517
61.11 111.017
61.11 111.017
61.11 111.017
61.3852 111.517
61.6605 112.017
61.9357 112.517
62.2109 113.017
62.2109 113.017
62.2109 113.017
62.4862 113.517
62.7614 114.017
63.0366 114.517
63.3118 115.017
63.3118 115.017
63.3118 115.017
63.5871 115.517
63.8623 116.017
64.1375 116.517
64.1375 116.517
64.1375 116.517
64.4128 117.017
64.4128 117.017
64.4128 117.017
64.688 117.517
64.688 117.517
64.688 117.517
64.9632 118.017
65.2384 118.517
65.2384 118.517
65.5137 119.017
65.5137 119.017
65.5137 119.017
65.7889 119.517
66.0641 120.017
66.0641 120.017
66.3394 120.517
66.6146 121.017
66.8898 121.517
66.8898 121.517
66.8898 121.517
67.4403 122.517
67.4403 122.517
67.7155 123.017
67.7155 123.017
67.9907 123.517
68.266 124.017
68.5412 124.517
68.5412 124.517
68.5412 124.517
68.5412 124.517
68.8164 125.017
69.0917 125.517
69.0917 125.517
69.0917 125.517
69.0917 125.517
69.0917 125.517
69.0917 125.517
69.3669 126.017
69.3669 126.017
69.6421 126.517
69.6421 126.517
69.9173 127.017
69.9173 127.017
69.9173 127.017
70.1926 127.517
70.1926 127.517
70.4678 128.017
70.4678 128.017
70.4678 128.017
70.743 128.517
70.743 128.517
70.743 128.517
70.743 128.517
71.0183 129.017
71.0183 129.017
71.2935 129.517
71.5687 130.017
71.5687 130.017
71.5687 130.017
71.5687 130.017
71.8439 130.517
71.8439 130.517
72.1192 131.017
72.1192 131.017
72.1192 131.017
72.3944 131.517
72.6696 132.017
72.6696 132.017
72.9449 132.517
72.9449 132.517
73.2201 133.017
73.2201 133.017
73.4953 133.517
73.4953 133.517
73.4953 133.517
73.4953 133.517
73.4953 133.517
73.4953 133.517
74.5962 135.517
74.8715 136.017
75.1467 136.517
75.1467 136.517
75.6971 137.517
75.6971 137.517
75.9724 138.017
76.2476 138.517
76.5228 139.017
76.5228 139.017
76.5228 139.017
76.7981 139.517
77.0733 140.017
77.0733 140.017
77.3485 140.517
77.3485 140.517
77.6238 141.017
77.6238 141.017
77.6238 141.017
77.899 141.517
78.1742 142.017
78.4494 142.517
78.7247 143.017
78.7247 143.017
78.7247 143.017
78.9999 143.517
78.9999 143.517
79.2751 144.017
79.5504 144.517
79.5504 144.517
79.5504 144.517
79.8256 145.017
80.1008 145.517
80.1008 145.517
80.1008 145.517
80.376 146.017
80.6513 146.517
80.9265 147.017
80.9265 147.017
80.9265 147.017
80.9265 147.017
81.2017 147.517
81.477 148.017
81.477 148.017
81.7522 148.517
81.7522 148.517
81.7522 148.517
82.0274 149.017
82.0274 149.017
82.3026 149.517
82.3026 149.517
82.3026 149.517
82.5779 150.017
82.8531 150.517
82.8531 150.517
83.1283 151.017
83.4036 151.517
83.6788 152.017
83.954 152.517
83.954 152.517
83.954 152.517
84.2292 153.017
84.5045 153.517
84.5045 153.517
84.7797 154.017
84.7797 154.017
85.0549 154.517
85.3302 155.017
85.3302 155.017
85.3302 155.017
85.6054 155.517
85.8806 156.017
85.8806 156.017
86.1559 156.517
86.1559 156.517
86.1559 156.517
86.1559 156.517
86.4311 157.017
86.4311 157.017
86.7063 157.517
86.7063 157.517
86.7063 157.517
86.9815 158.017
87.2568 158.517
87.532 159.017
87.532 159.017
87.532 159.017
87.532 159.017
87.8072 159.517
88.0825 160.017
88.3577 160.517
88.3577 160.517
88.3577 160.517
88.3577 160.517
88.6329 161.017
88.9081 161.517
88.9081 161.517
88.9081 161.517
89.1834 162.017
89.1834 162.017
89.4586 162.517
89.7338 163.017
89.7338 163.017
89.7338 163.017
89.7338 163.017
90.0091 163.517
90.2843 164.017
90.2843 164.017
90.5595 164.517
90.5595 164.517
90.5595 164.517
90.8347 165.017
90.8347 165.017
91.11 165.517
91.11 165.517
91.11 165.517
91.11 165.517
91.11 165.517
91.3852 166.017
91.6604 166.517
91.9357 167.017
91.9357 167.017
92.2109 167.517
92.2109 167.517
92.4861 168.017
92.6237 168.267
92.7613 168.517
92.7613 168.517
92.7613 168.517
92.899 168.767
93.3118 169.517
93.3118 169.517
93.3118 169.517
93.3118 169.517
93.3118 169.517
93.587 170.017
93.8623 170.517
94.1375 171.017
94.1375 171.017
94.1375 171.017
94.4127 171.517
94.688 172.017
94.688 172.017
94.9632 172.517
94.9632 172.517
94.9632 172.517
95.2384 173.017
95.2384 173.017
95.5136 173.517
95.5136 173.517
95.5136 173.517
95.5136 173.517
95.7889 174.017
96.0641 174.517
96.3393 175.017
96.3393 175.017
96.3393 175.017
96.3393 175.017
96.6146 175.517
96.8898 176.017
97.165 176.517
97.165 176.517
97.165 176.517
97.165 176.517
97.4402 177.017
97.4402 177.017
97.7155 177.517
97.7155 177.517
97.7155 177.517
97.7155 177.517
97.7155 177.517
97.7155 177.517
97.9907 178.017
97.9907 178.017
98.2659 178.517
98.5412 179.017
98.5412 179.017
98.5412 179.017
98.8164 179.517
99.0916 180.017
99.0916 180.017
99.3668 180.517
99.3668 180.517
99.3668 180.517
99.3668 180.517
99.6421 181.017
99.9173 181.517
99.9173 181.517
99.9173 181.517
99.9173 181.517
100.468 182.517
100.743 183.017
100.743 183.017
101.018 183.517
101.293 184.017
101.569 184.517
101.569 184.517
101.569 184.517
101.706 184.767
102.119 185.517
102.119 185.517
102.119 185.517
102.119 185.517
102.394 186.017
102.394 186.017
102.67 186.517
102.67 186.517
102.945 187.017
102.945 187.017
102.945 187.017
103.22 187.517
103.495 188.017
103.495 188.017
103.771 188.517
103.771 188.517
103.771 188.517
104.046 189.017
104.321 189.517
104.321 189.517
104.321 189.517
104.321 189.517
104.596 190.017
104.871 190.517
105.147 191.017
105.147 191.017
105.697 192.017
105.972 192.517
105.972 192.517
105.972 192.517
105.972 192.517
106.248 193.017
106.523 193.517
106.523 193.517
106.523 193.517
106.523 193.517
106.523 193.517
106.798 194.017
106.798 194.017
107.073 194.517
107.348 195.017
107.348 195.017
107.348 195.017
107.348 195.017
107.624 195.517
107.899 196.017
108.174 196.517
108.174 196.517
108.174 196.517
108.725 197.517
108.725 197.517
108.725 197.517
108.725 197.517
108.725 197.517
108.725 197.517
110.926 201.517
110.926 201.517
110.926 201.517
110.926 201.517
110.926 201.517
110.926 201.517
111.202 202.017
111.477 202.517
111.752 203.017
112.027 203.517
112.027 203.517
112.027 203.517
112.027 203.517
112.027 203.517
112.303 204.017
112.303 204.017
112.853 205.017
112.853 205.017
113.128 205.517
113.128 205.517
113.128 205.517
113.404 206.017
113.404 206.017
113.679 206.517
113.679 206.517
113.954 207.017
113.954 207.017
113.954 207.017
114.229 207.517
114.229 207.517
114.504 208.017
114.78 208.517
114.78 208.517
115.055 209.017
115.33 209.517
115.33 209.517
115.33 209.517
115.33 209.517
115.33 209.517
116.156 211.017
116.431 211.517
116.706 212.017
116.981 212.517
117.257 213.017
117.532 213.517
117.532 213.517
117.532 213.517
117.532 213.517
117.532 213.517
117.807 214.017
118.082 214.517
118.358 215.017
118.358 215.017
118.358 215.017
118.908 216.017
118.908 216.017
119.183 216.517
119.183 216.517
119.183 216.517
119.459 217.017
119.596 217.267
119.734 217.517
119.734 217.517
120.009 218.017
120.284 218.517
120.284 218.517
120.284 218.517
120.559 219.017
120.835 219.517
121.11 220.017
121.11 220.017
121.385 220.517
121.385 220.517
121.385 220.517
121.385 220.517
121.66 221.017
121.936 221.517
121.936 221.517
121.936 221.517
121.936 221.517
121.936 221.517
122.761 223.017
122.761 223.017
122.761 223.017
123.312 224.017
123.312 224.017
123.587 224.517
123.587 224.517
123.587 224.517
123.862 225.017
124.137 225.517
124.137 225.517
124.137 225.517
124.137 225.517
124.137 225.517
124.688 226.517
124.963 227.017
124.963 227.017
124.963 227.017
124.963 227.017
125.101 227.267
125.238 227.517
125.514 228.017
125.514 228.017
125.789 228.517
125.789 228.517
125.789 228.517
126.064 229.017
126.339 229.517
126.339 229.517
126.339 229.517
126.339 229.517
126.339 229.517
126.615 230.017
126.89 230.517
127.165 231.017
127.165 231.017
127.165 231.017
127.715 232.017
127.715 232.017
127.991 232.517
127.991 232.517
127.991 232.517
128.266 233.017
128.266 233.017
128.541 233.517
128.541 233.517
128.541 233.517
128.541 233.517
128.541 233.517
129.092 234.517
129.367 235.017
129.367 235.017
129.367 235.017
129.367 235.017
129.642 235.517
129.917 236.017
130.055 236.267
130.055 236.267
130.192 236.517
130.192 236.517
130.468 237.017
130.743 237.517
130.743 237.517
130.743 237.517
130.743 237.517
130.743 237.517
131.293 238.517
131.569 239.017
131.569 239.017
131.569 239.017
132.119 240.017
132.394 240.517
132.394 240.517
132.394 240.517
132.945 241.517
132.945 241.517
132.945 241.517
132.945 241.517
133.22 242.017
133.633 242.767
133.77 243.017
133.77 243.017
133.77 243.017
133.77 243.017
134.046 243.517
134.321 244.017
134.596 244.517
134.596 244.517
134.596 244.517
134.871 245.017
135.009 245.267
135.147 245.517
135.147 245.517
135.147 245.517
135.147 245.517
135.147 245.517
135.697 246.517
135.697 246.517
135.972 247.017
135.972 247.017
135.972 247.017
135.972 247.017
136.523 248.017
136.798 248.517
136.798 248.517
136.798 248.517
137.073 249.017
137.348 249.517
137.348 249.517
137.348 249.517
137.348 249.517
137.624 250.017
137.624 250.017
137.899 250.517
137.899 250.517
138.174 251.017
138.174 251.017
138.174 251.017
138.449 251.517
138.725 252.017
138.725 252.017
139 252.517
139 252.517
139 252.517
139 252.517
139.275 253.017
139.55 253.517
139.55 253.517
139.55 253.517
139.55 253.517
139.55 253.517
140.101 254.517
140.376 255.017
140.376 255.017
140.376 255.017
140.926 256.017
140.926 256.017
141.202 256.517
141.202 256.517
141.477 257.017
141.752 257.517
141.752 257.517
141.752 257.517
141.752 257.517
142.027 258.017
142.303 258.517
142.303 258.517
142.578 259.017
142.578 259.017
142.578 259.017
142.853 259.517
143.128 260.017
143.128 260.017
143.403 260.517
143.403 260.517
143.403 260.517
143.679 261.017
143.816 261.267
143.954 261.517
143.954 261.517
143.954 261.517
143.954 261.517
143.954 261.517
144.504 262.517
144.78 263.017
144.78 263.017
145.192 263.767
145.33 264.017
145.605 264.517
145.605 264.517
145.605 264.517
145.881 265.017
145.881 265.017
146.018 265.267
146.156 265.517
146.156 265.517
146.156 265.517
146.156 265.517
146.156 265.517
146.706 266.517
146.981 267.017
146.981 267.017
146.981 267.017
146.981 267.017
147.119 267.267
147.257 267.517
147.532 268.017
147.807 268.517
147.807 268.517
147.807 268.517
147.807 268.517
147.807 268.517
148.082 269.017
148.358 269.517
148.358 269.517
148.633 270.017
148.908 270.517
149.183 271.017
149.734 272.017
150.009 272.517
150.559 273.517
150.559 273.517
150.559 273.517
150.559 273.517
150.559 273.517
150.835 274.017
151.11 274.517
151.385 275.017
151.66 275.517
151.936 276.017
152.211 276.517
152.486 277.017
152.761 277.517
152.761 277.517
152.761 277.517
152.761 277.517
152.761 277.517
153.036 278.017
153.036 278.017
153.312 278.517
153.312 278.517
153.587 279.017
153.587 279.017
153.587 279.017
153.862 279.517
154.137 280.017
154.688 281.017
154.963 281.517
155.238 282.017
155.514 282.517
155.789 283.017
155.789 283.017
156.614 284.517
156.89 285.017
157.165 285.517
157.44 286.017
157.44 286.017
157.715 286.517
157.715 286.517
157.991 287.017
157.991 287.017
157.991 287.017
158.266 287.517
158.541 288.017
159.092 289.017
159.367 289.517
159.642 290.017
159.917 290.517
159.917 290.517
160.192 291.017
160.743 292.017
161.018 292.517
161.018 292.517
161.293 293.017
161.569 293.517
161.569 293.517
161.844 294.017
161.844 294.017
162.119 294.517
162.119 294.517
162.394 295.017
162.394 295.017
162.394 295.017
162.67 295.517
163.22 296.517
163.495 297.017
163.77 297.517
163.77 297.517
164.046 298.017
164.321 298.517
164.596 299.017
165.147 300.017
165.422 300.517
165.697 301.017
165.972 301.517
165.972 301.517
166.247 302.017
166.247 302.017
166.523 302.517
166.523 302.517
166.798 303.017
166.798 303.017
166.798 303.017
167.073 303.517
167.624 304.517
167.624 304.517
167.899 305.017
167.899 305.017
168.174 305.517
168.449 306.017
168.725 306.517
168.725 306.517
169 307.017
169 307.017
169 307.017
169.275 307.517
169.275 307.517
169.55 308.017
169.55 308.017
169.825 308.517
169.825 308.517
170.101 309.017
170.101 309.017
170.376 309.517
170.376 309.517
170.376 309.517
170.376 309.517
170.376 309.517
170.651 310.017
170.651 310.017
170.926 310.517
170.926 310.517
171.202 311.017
171.202 311.017
171.202 311.017
171.477 311.517
171.752 312.017
172.303 313.017
172.303 313.017
172.578 313.517
172.853 314.017
173.128 314.517
173.403 315.017
173.403 315.017
173.403 315.017
173.679 315.517
173.954 316.017
174.229 316.517
174.229 316.517
174.504 317.017
174.504 317.017
174.78 317.517
174.78 317.517
174.78 317.517
175.055 318.017
175.055 318.017
175.33 318.517
175.33 318.517
175.605 319.017
175.605 319.017
175.605 319.017
175.881 319.517
176.156 320.017
176.431 320.517
176.706 321.017
176.706 321.017
176.706 321.017
176.981 321.517
177.257 322.017
177.532 322.517
177.807 323.017
177.807 323.017
177.807 323.017
178.082 323.517
178.358 324.017
178.633 324.517
178.633 324.517
178.633 324.517
178.908 325.017
178.908 325.017
178.908 325.017
179.183 325.517
179.183 325.517
179.183 325.517
179.458 326.017
179.734 326.517
179.734 326.517
180.009 327.017
180.009 327.017
180.009 327.017
180.284 327.517
180.559 328.017
180.559 328.017
180.835 328.517
181.11 329.017
181.385 329.517
181.385 329.517
181.385 329.517
181.936 330.517
181.936 330.517
182.211 331.017
182.211 331.017
182.486 331.517
182.761 332.017
183.036 332.517
183.036 332.517
183.036 332.517
183.036 332.517
183.312 333.017
183.587 333.517
183.587 333.517
183.587 333.517
183.587 333.517
183.587 333.517
183.587 333.517
183.862 334.017
183.862 334.017
184.137 334.517
184.137 334.517
184.413 335.017
184.413 335.017
184.413 335.017
184.688 335.517
184.688 335.517
184.963 336.017
184.963 336.017
184.963 336.017
185.238 336.517
185.238 336.517
185.238 336.517
185.238 336.517
185.514 337.017
185.514 337.017
185.789 337.517
186.064 338.017
186.064 338.017
186.064 338.017
186.064 338.017
186.339 338.517
186.339 338.517
186.614 339.017
186.614 339.017
186.614 339.017
186.89 339.517
187.165 340.017
187.165 340.017
187.44 340.517
187.44 340.517
187.715 341.017
187.715 341.017
187.991 341.517
187.991 341.517
187.991 341.517
187.991 341.517
187.991 341.517
187.991 341.517
189.091 343.517
189.367 344.017
189.642 344.517
189.642 344.517
190.192 345.517
190.192 345.517
190.468 346.017
190.743 346.517
191.018 347.017
191.018 347.017
191.018 347.017
191.293 347.517
191.569 348.017
191.569 348.017
191.844 348.517
191.844 348.517
192.119 349.017
192.119 349.017
192.119 349.017
192.394 349.517
192.669 350.017
192.945 350.517
193.22 351.017
193.22 351.017
193.22 351.017
193.495 351.517
193.495 351.517
193.77 352.017
194.046 352.517
194.046 352.517
194.046 352.517
194.321 353.017
194.596 353.517
194.596 353.517
194.596 353.517
194.871 354.017
195.147 354.517
195.422 355.017
195.422 355.017
195.422 355.017
195.422 355.017
195.697 355.517
195.972 356.017
195.972 356.017
196.247 356.517
196.247 356.517
196.247 356.517
196.523 357.017
196.523 357.017
196.798 357.517
196.798 357.517
196.798 357.517
197.073 358.017
197.348 358.517
197.348 358.517
197.624 359.017
197.899 359.517
198.174 360.017
198.449 360.517
198.449 360.517
198.449 360.517
198.725 361.017
199 361.517
199 361.517
199.275 362.017
199.275 362.017
199.55 362.517
199.825 363.017
199.825 363.017
199.825 363.017
200.101 363.517
200.376 364.017
200.376 364.017
200.651 364.517
200.651 364.517
200.651 364.517
200.651 364.517
200.926 365.017
200.926 365.017
201.202 365.517
201.202 365.517
201.202 365.517
201.477 366.017
201.752 366.517
202.027 367.017
202.027 367.017
202.027 367.017
202.027 367.017
202.302 367.517
202.578 368.017
202.853 368.517
202.853 368.517
202.853 368.517
202.853 368.517
203.128 369.017
203.403 369.517
203.403 369.517
203.403 369.517
203.679 370.017
203.679 370.017
203.954 370.517
204.229 371.017
204.229 371.017
204.229 371.017
204.229 371.017
204.504 371.517
204.78 372.017
204.78 372.017
205.055 372.517
205.055 372.517
205.055 372.517
205.33 373.017
205.33 373.017
205.605 373.517
205.605 373.517
205.605 373.517
205.605 373.517
205.605 373.517
205.88 374.017
206.156 374.517
206.431 375.017
206.431 375.017
206.706 375.517
206.706 375.517
206.981 376.017
207.119 376.267
207.257 376.517
207.257 376.517
207.257 376.517
207.394 376.767
207.807 377.517
207.807 377.517
207.807 377.517
207.807 377.517
207.807 377.517
208.082 378.017
208.358 378.517
208.633 379.017
208.633 379.017
208.633 379.017
208.908 379.517
209.183 380.017
209.183 380.017
209.458 380.517
209.458 380.517
209.458 380.517
209.734 381.017
209.734 381.017
210.009 381.517
210.009 381.517
210.009 381.517
210.009 381.517
210.284 382.017
210.559 382.517
210.835 383.017
210.835 383.017
210.835 383.017
210.835 383.017
211.11 383.517
211.385 384.017
211.66 384.517
211.66 384.517
211.66 384.517
211.66 384.517
211.936 385.017
211.936 385.017
212.211 385.517
212.211 385.517
212.211 385.517
212.211 385.517
212.211 385.517
212.211 385.517
212.486 386.017
212.486 386.017
212.761 386.517
213.036 387.017
213.036 387.017
213.036 387.017
213.312 387.517
213.587 388.017
213.587 388.017
213.862 388.517
213.862 388.517
213.862 388.517
213.862 388.517
214.137 389.017
214.413 389.517
214.413 389.517
214.413 389.517
214.413 389.517
214.963 390.517
215.238 391.017
215.238 391.017
215.513 391.517
215.789 392.017
216.064 392.517
216.064 392.517
216.064 392.517
216.202 392.767
216.614 393.517
216.614 393.517
216.614 393.517
216.614 393.517
216.89 394.017
216.89 394.017
217.165 394.517
217.165 394.517
217.44 395.017
217.44 395.017
217.44 395.017
217.715 395.517
217.991 396.017
217.991 396.017
218.266 396.517
218.266 396.517
218.266 396.517
218.541 397.017
218.816 397.517
218.816 397.517
218.816 397.517
218.816 397.517
219.091 398.017
219.367 398.517
219.642 399.017
219.642 399.017
220.192 400.017
220.468 400.517
220.468 400.517
220.468 400.517
220.468 400.517
220.743 401.017
221.018 401.517
221.018 401.517
221.018 401.517
221.018 401.517
221.018 401.517
221.293 402.017
221.293 402.017
221.569 402.517
221.844 403.017
221.844 403.017
221.844 403.017
221.844 403.017
222.119 403.517
222.394 404.017
222.669 404.517
222.669 404.517
222.669 404.517
223.22 405.517
223.22 405.517
223.22 405.517
223.22 405.517
223.22 405.517
223.22 405.517
225.422 409.517
225.422 409.517
225.422 409.517
225.422 409.517
225.422 409.517
225.422 409.517
225.697 410.017
225.972 410.517
226.247 411.017
226.523 411.517
226.523 411.517
226.523 411.517
226.523 411.517
226.523 411.517
226.798 412.017
226.798 412.017
227.348 413.017
227.348 413.017
227.624 413.517
227.624 413.517
227.624 413.517
227.899 414.017
227.899 414.017
228.174 414.517
228.174 414.517
228.449 415.017
228.449 415.017
228.449 415.017
228.724 415.517
228.724 415.517
229 416.017
229.275 416.517
229.275 416.517
229.55 417.017
229.825 417.517
229.825 417.517
229.825 417.517
229.825 417.517
229.825 417.517
230.926 419.517
231.477 420.517
232.027 421.517
232.027 421.517
232.027 421.517
232.027 421.517
232.027 421.517
232.853 423.017
233.128 423.517
233.403 424.017
233.403 424.017
233.403 424.017
233.403 424.017
233.403 424.017
233.403 424.017
233.679 424.517
233.954 425.017
233.954 425.017
233.954 425.017
233.954 425.017
233.954 425.017
235.055 427.017
235.055 427.017
235.33 427.517
235.33 427.517
235.33 427.517
235.33 427.517
235.33 427.517
235.88 428.517
235.88 428.517
235.88 428.517
236.431 429.517
236.431 429.517
236.431 429.517
236.431 429.517
236.431 429.517
236.431 429.517
236.431 429.517
236.706 430.017
236.981 430.517
237.257 431.017
237.257 431.017
237.257 431.017
237.257 431.017
237.532 431.517
237.807 432.017
237.807 432.017
238.082 432.517
238.082 432.517
238.082 432.517
238.082 432.517
238.357 433.017
238.633 433.517
238.633 433.517
238.633 433.517
238.633 433.517
238.633 433.517
238.633 433.517
239.183 434.517
239.458 435.017
239.458 435.017
239.458 435.017
239.734 435.517
240.009 436.017
240.284 436.517
240.284 436.517
240.284 436.517
240.422 436.767
240.559 437.017
240.835 437.517
240.835 437.517
240.835 437.517
240.835 437.517
240.835 437.517
241.11 438.017
241.385 438.517
241.66 439.017
241.66 439.017
241.66 439.017
241.66 439.017
241.935 439.517
242.211 440.017
242.211 440.017
242.486 440.517
242.486 440.517
242.486 440.517
242.486 440.517
242.761 441.017
242.761 441.017
243.036 441.517
243.036 441.517
243.036 441.517
243.036 441.517
243.587 442.517
243.862 443.017
243.862 443.017
243.862 443.017
243.862 443.017
244.137 443.517
244.413 444.017
244.688 444.517
244.688 444.517
244.688 444.517
244.688 444.517
244.963 445.017
244.963 445.017
245.238 445.517
245.238 445.517
245.238 445.517
245.238 445.517
245.238 445.517
245.238 445.517
245.513 446.017
245.789 446.517
246.064 447.017
246.064 447.017
246.064 447.017
246.064 447.017
246.339 447.517
246.614 448.017
246.614 448.017
246.89 448.517
246.89 448.517
246.89 448.517
246.89 448.517
247.165 449.017
247.165 449.017
247.44 449.517
247.44 449.517
247.44 449.517
247.44 449.517
247.44 449.517
248.266 451.017
248.541 451.517
248.541 451.517
248.541 451.517
248.541 451.517
248.541 451.517
248.816 452.017
249.091 452.517
249.091 452.517
249.091 452.517
249.091 452.517
249.091 452.517
249.642 453.517
249.642 453.517
249.642 453.517
249.642 453.517
249.642 453.517
249.642 453.517
250.192 454.517
250.468 455.017
250.468 455.017
250.468 455.017
250.743 455.517
250.88 455.767
251.018 456.017
251.293 456.517
251.293 456.517
251.293 456.517
251.293 456.517
251.568 457.017
251.568 457.017
251.844 457.517
251.844 457.517
251.844 457.517
251.844 457.517
252.394 458.517
252.669 459.017
252.669 459.017
252.669 459.017
252.669 459.017
252.945 459.517
253.22 460.017
253.495 460.517
253.495 460.517
253.495 460.517
253.495 460.517
253.495 460.517
253.77 461.017
254.046 461.517
254.046 461.517
254.046 461.517
254.046 461.517
254.046 461.517
254.046 461.517
254.321 462.017
254.596 462.517
254.871 463.017
254.871 463.017
254.871 463.017
254.871 463.017
255.146 463.517
255.422 464.017
255.422 464.017
255.697 464.517
255.697 464.517
255.697 464.517
255.697 464.517
255.972 465.017
255.972 465.017
256.247 465.517
256.247 465.517
256.247 465.517
256.247 465.517
257.073 467.017
257.348 467.517
257.348 467.517
257.348 467.517
257.348 467.517
257.348 467.517
257.624 468.017
257.899 468.517
257.899 468.517
257.899 468.517
257.899 468.517
257.899 468.517
258.449 469.517
258.449 469.517
258.449 469.517
258.449 469.517
258.449 469.517
258.449 469.517
258.449 469.517
258.724 470.017
259 470.517
259 470.517
259.275 471.017
259.275 471.017
259.275 471.017
259.275 471.017
259.55 471.517
259.825 472.017
259.825 472.017
260.101 472.517
260.101 472.517
260.101 472.517
260.101 472.517
260.376 473.017
260.376 473.017
260.651 473.517
260.651 473.517
260.651 473.517
260.651 473.517
261.201 474.517
261.477 475.017
261.477 475.017
261.477 475.017
262.027 476.017
262.302 476.517
262.302 476.517
262.302 476.517
262.302 476.517
262.578 477.017
262.853 477.517
262.853 477.517
262.853 477.517
262.853 477.517
262.853 477.517
263.128 478.017
263.403 478.517
263.679 479.017
263.679 479.017
263.679 479.017
263.679 479.017
263.954 479.517
264.229 480.017
264.504 480.517
264.504 480.517
264.504 480.517
264.779 481.017
265.055 481.517
265.055 481.517
265.055 481.517
265.055 481.517
265.055 481.517
267.257 485.517
267.257 485.517
267.257 485.517
267.257 485.517
267.532 486.017
267.807 486.517
268.082 487.017
268.357 487.517
268.633 488.017
268.633 488.017
268.633 488.017
268.633 488.017
269.183 489.017
269.183 489.017
269.183 489.017
269.183 489.017
269.183 489.017
269.183 489.017
270.284 491.017
270.559 491.517
270.835 492.017
271.11 492.517
271.615 493.435
271.626 493.454
271.628 493.458
271.638 493.477
271.66 493.517
271.912 493.975
271.935 494.017
272.208 494.512
272.211 494.517
272.474 494.996
272.484 495.012
272.486 495.017
272.761 495.517
273.033 496.01
273.036 496.017
275.789 501.017
275.789 501.017
275.926 501.267
275.926 501.267
276.064 501.517
276.064 501.517
276.064 501.517
276.064 501.517
276.339 502.017
276.339 502.017
276.614 502.517
276.614 502.517
276.89 503.017
276.89 503.017
276.89 503.017
277.165 503.517
277.44 504.017
277.44 504.017
277.715 504.517
277.99 505.017
278.266 505.517
278.266 505.517
278.266 505.517
278.266 505.517
278.266 505.517
278.266 505.517
