0.171053 0.216667
0.467105 0.591667
0.56579 0.716667
0.861842 1.09167
0.935856 1.18542
0.960527 1.21667
1.21382 1.5375
1.35526 1.71667
1.52467 1.93125
1.55263 1.96667
1.75 2.21667
1.76809 2.23958
2.04605 2.59167
2.14474 2.71667
2.34211 2.96667
2.53947 3.21667
2.70559 3.42708
2.93421 3.71667
3.10526 3.93333
3.13158 3.96667
3.23026 4.09167
3.31579 4.2
3.625 4.59167
3.72369 4.71667
3.92105 4.96667
4.11842 5.21667
4.41448 5.59167
4.51316 5.71667
4.9079 6.21667
5.20395 6.59167
5.26152 6.66458
5.30263 6.71667
5.5 6.96667
5.50165 6.96875
5.69737 7.21667
5.70724 7.22917
6.02632 7.63333
6.09211 7.71667
6.28948 7.96667
6.34375 8.03542
6.48684 8.21667
6.57566 8.32917
6.7829 8.59167
6.88158 8.71667
7.07895 8.96667
7.27632 9.21667
7.67106 9.71667
7.86842 9.96667
8.06579 10.2167
8.36185 10.5917
8.44408 10.6958
8.46053 10.7167
8.72862 11.0563
8.75658 11.0917
8.84704 11.2063
8.85527 11.2167
9.05264 11.4667
9.15132 11.5917
9.25 11.7167
9.25 11.7167
9.54606 12.0917
9.64474 12.2167
9.64474 12.2167
9.64474 12.2167
9.94079 12.5917
10.0395 12.7167
10.0395 12.7167
10.3355 13.0917
10.4342 13.2167
10.4342 13.2167
10.829 13.7167
10.829 13.7167
11.0263 13.9667
11.125 14.0917
11.2237 14.2167
11.5197 14.5917
11.6184 14.7167
11.6184 14.7167
11.9145 15.0917
12.0132 15.2167
12.0132 15.2167
12.2105 15.4667
12.3092 15.5917
12.4079 15.7167
12.6053 15.9667
12.8026 16.2167
12.8026 16.2167
13.0987 16.5917
13.1974 16.7167
13.199 16.7188
13.4934 17.0917
13.5921 17.2167
13.5954 17.2208
13.9868 17.7167
13.9901 17.7208
14.1842 17.9667
14.3816 18.2167
14.6776 18.5917
14.7352 18.6646
14.7763 18.7167
15.0099 19.0125
15.0724 19.0917
15.1711 19.2167
15.1743 19.2208
15.4128 19.5229
15.5642 19.7146
15.5658 19.7167
15.7632 19.9667
15.9605 20.2167
15.9605 20.2167
16.1579 20.4667
16.3553 20.7167
16.3553 20.7167
16.6513 21.0917
16.75 21.2167
16.75 21.2167
17.1447 21.7167
17.1447 21.7167
17.3421 21.9667
17.3421 21.9667
17.5395 22.2167
17.8355 22.5917
17.9342 22.7167
17.9342 22.7167
18.2303 23.0917
18.329 23.2167
18.329 23.2167
18.5263 23.4667
18.7237 23.7167
18.9211 23.9667
19.1184 24.2167
19.1184 24.2167
19.4145 24.5917
19.5132 24.7167
19.8092 25.0917
19.8865 25.1896
19.9079 25.2167
20.2451 25.6438
20.3026 25.7167
20.5 25.9667
20.6974 26.2167
21.0625 26.6792
21.0921 26.7167
21.2895 26.9667
21.3454 27.0375
21.4753 27.2021
21.4869 27.2167
21.7418 27.5396
21.7829 27.5917
21.8783 27.7125
21.8816 27.7167
22.079 27.9667
22.2763 28.2167
22.2763 28.2167
22.5724 28.5917
22.6711 28.7167
22.6711 28.7167
22.9671 29.0917
23.0658 29.2167
23.0658 29.2167
23.3619 29.5917
23.4605 29.7167
23.4605 29.7167
23.6579 29.9667
23.8553 30.2167
23.8553 30.2167
24.1513 30.5917
24.25 30.7167
24.25 30.7167
24.5461 31.0917
24.6447 31.2167
24.6447 31.2167
25.0395 31.7167
25.0395 31.7167
25.2369 31.9667
25.2369 31.9667
25.4342 32.2167
25.7303 32.5917
25.829 32.7167
26.125 33.0917
26.1809 33.1625
26.2237 33.2167
26.6184 33.7167
26.8158 33.9667
26.9737 34.1667
27.0132 34.2167
27.3092 34.5917
27.375 34.675
27.4079 34.7167
27.704 35.0917
27.8026 35.2167
27.8026 35.2167
27.8059 35.2208
28.0576 35.5396
28.1809 35.6958
28.1974 35.7167
28.3947 35.9667
28.5822 36.2042
28.5921 36.2167
28.5921 36.2167
28.8882 36.5917
28.9869 36.7167
28.9869 36.7167
29.2829 37.0917
29.3816 37.2167
29.3816 37.2167
29.3816 37.2167
29.7763 37.7167
29.7763 37.7167
29.9737 37.9667
29.9737 37.9667
30.1711 38.2167
30.4671 38.5917
30.5658 38.7167
30.5658 38.7167
30.7632 38.9667
30.9605 39.2167
30.9605 39.2167
31.1579 39.4667
31.3553 39.7167
31.3553 39.7167
31.5526 39.9667
31.75 40.2167
31.75 40.2167
32.0461 40.5917
32.0954 40.6542
32.1447 40.7167
32.3701 41.0021
32.4408 41.0917
32.5165 41.1875
32.5395 41.2167
32.5395 41.2167
32.7632 41.5
32.9293 41.7104
32.9342 41.7167
33.1316 41.9667
33.1776 42.025
33.329 42.2167
33.625 42.5917
33.7237 42.7167
34.0198 43.0917
34.1053 43.2
34.1184 43.2167
34.1184 43.2167
34.5132 43.7167
34.5165 43.7208
34.7105 43.9667
34.9079 44.2167
34.9079 44.2167
35.204 44.5917
35.3026 44.7167
35.3026 44.7167
35.5987 45.0917
35.6974 45.2167
35.6974 45.2167
35.6974 45.2167
36.0921 45.7167
36.0921 45.7167
36.2895 45.9667
36.4869 46.2167
36.4869 46.2167
36.7829 46.5917
36.8816 46.7167
36.8816 46.7167
37.1776 47.0917
37.2763 47.2167
37.2763 47.2167
37.2763 47.2167
37.6711 47.7167
37.6711 47.7167
37.8684 47.9667
38.0658 48.2167
38.0658 48.2167
38.3619 48.5917
38.4605 48.7167
38.6579 48.9667
38.6941 49.0125
38.8306 49.1854
38.8553 49.2167
38.8553 49.2167
39.0855 49.5083
39.2253 49.6854
39.25 49.7167
39.25 49.7167
39.4474 49.9667
39.4474 49.9667
39.5313 50.0729
39.6448 50.2167
39.6563 50.2313
39.9408 50.5917
40.0395 50.7167
40.0428 50.7208
40.2961 51.0417
40.3355 51.0917
40.4342 51.2167
40.4342 51.2167
40.4474 51.2333
40.6744 51.5208
40.8092 51.6917
40.829 51.7167
41.0263 51.9667
41.1842 52.1667
41.2237 52.2167
41.2237 52.2167
41.5198 52.5917
41.6184 52.7167
41.6184 52.7167
41.9145 53.0917
42.0132 53.2167
42.0132 53.2167
42.0132 53.2167
42.4079 53.7167
42.4079 53.7167
42.6053 53.9667
42.8026 54.2167
42.8026 54.2167
43.0987 54.5917
43.1974 54.7167
43.1974 54.7167
43.4934 55.0917
43.5921 55.2167
43.5921 55.2167
43.7895 55.4667
43.9869 55.7167
43.9869 55.7167
44.1842 55.9667
44.3816 56.2167
44.3816 56.2167
44.6776 56.5917
44.7763 56.7167
45.0724 57.0917
45.1332 57.1688
45.1711 57.2167
45.1711 57.2167
45.4145 57.525
45.5658 57.7167
45.7056 57.8937
45.7632 57.9667
45.9359 58.1854
45.9605 58.2167
46.2566 58.5917
46.3553 58.7167
46.6513 59.0917
46.75 59.2167
46.75 59.2167
46.9474 59.4667
47.1283 59.6958
47.1448 59.7167
47.3421 59.9667
47.3717 60.0042
47.5132 60.1833
47.5395 60.2167
47.5395 60.2167
47.7829 60.525
47.8355 60.5917
47.9096 60.6854
47.9342 60.7167
47.9342 60.7167
48.2303 61.0917
48.2895 61.1667
48.329 61.2167
48.329 61.2167
48.329 61.2167
48.7237 61.7167
48.7237 61.7167
48.9211 61.9667
49.1184 62.2167
49.1184 62.2167
49.3158 62.4667
49.5132 62.7167
49.5132 62.7167
49.8092 63.0917
49.9079 63.2167
49.9079 63.2167
49.9079 63.2167
50.3027 63.7167
50.3027 63.7167
50.5 63.9667
50.6974 64.2167
50.6974 64.2167
50.9934 64.5917
51.0921 64.7167
51.3882 65.0917
51.454 65.175
51.4869 65.2167
51.4869 65.2167
51.7221 65.5146
51.8816 65.7167
52.0099 65.8792
52.079 65.9667
52.079 65.9667
52.2566 66.1917
52.2763 66.2167
52.2763 66.2167
52.5724 66.5917
52.6711 66.7167
52.9671 67.0917
53.0115 67.1479
53.0658 67.2167
53.0658 67.2167
53.2648 67.4688
53.4096 67.6521
53.4605 67.7167
53.6579 67.9667
53.6809 67.9958
53.801 68.1479
53.8553 68.2167
53.8553 68.2167
54.1513 68.5917
54.25 68.7167
54.25 68.7167
54.5461 69.0917
54.6448 69.2167
54.6448 69.2167
54.6448 69.2167
55.0395 69.7167
55.0395 69.7167
55.2369 69.9667
55.4342 70.2167
55.4342 70.2167
55.7303 70.5917
55.829 70.7167
55.829 70.7167
56.125 71.0917
56.2237 71.2167
56.2237 71.2167
56.4211 71.4667
56.6184 71.7167
56.6184 71.7167
56.8158 71.9667
57.0132 72.2167
57.0132 72.2167
57.2319 72.4938
57.3092 72.5917
57.3487 72.6417
57.4079 72.7167
57.704 73.0917
57.704 73.0917
57.7599 73.1625
57.8027 73.2167
57.8027 73.2167
58.1596 73.6688
58.1974 73.7167
58.3948 73.9667
58.5395 74.15
58.5921 74.2167
58.8339 74.5229
58.8882 74.5917
58.9573 74.6792
58.9869 74.7167
58.9869 74.7167
58.9869 74.7167
59.2615 75.0646
59.3701 75.2021
59.3816 75.2167
59.7763 75.7167
59.7763 75.7167
59.7763 75.7167
59.9737 75.9667
60.1711 76.2167
60.1711 76.2167
60.4671 76.5917
60.5658 76.7167
60.9606 77.2167
60.9606 77.2167
60.9606 77.2167
61.3553 77.7167
61.3553 77.7167
61.5527 77.9667
61.5527 77.9667
61.75 78.2167
61.75 78.2167
62.0461 78.5917
62.1448 78.7167
62.4408 79.0917
62.5395 79.2167
62.5395 79.2167
62.5395 79.2167
62.9342 79.7167
62.9342 79.7167
63.1316 79.9667
63.329 80.2167
63.329 80.2167
63.625 80.5917
63.7237 80.7167
64.0198 81.0917
64.1184 81.2167
64.1184 81.2167
64.1184 81.2167
64.5132 81.7167
64.5132 81.7167
64.7106 81.9667
64.8092 82.0917
64.9079 82.2167
65.204 82.5917
65.3027 82.7167
65.5 82.9667
65.6974 83.2167
65.6974 83.2167
65.6974 83.2167
66.0921 83.7167
66.0921 83.7167
66.2895 83.9667
66.2895 83.9667
66.4869 84.2167
66.7829 84.5917
66.8816 84.7167
67.1777 85.0917
67.2763 85.2167
67.2763 85.2167
67.2763 85.2167
67.5724 85.5917
67.6711 85.7167
67.6711 85.7167
67.8684 85.9667
67.8684 85.9667
68.0658 86.2167
68.3619 86.5917
68.4606 86.7167
68.4606 86.7167
68.7566 87.0917
68.8553 87.2167
68.8553 87.2167
69.1513 87.5917
69.25 87.7167
69.25 87.7167
69.4474 87.9667
69.6448 88.2167
69.9408 88.5917
70.0395 88.7167
70.0395 88.7167
70.3356 89.0917
70.4342 89.2167
70.4342 89.2167
70.6316 89.4667
70.829 89.7167
71.0263 89.9667
71.0263 89.9667
71.2237 90.2167
71.5198 90.5917
71.6184 90.7167
71.6184 90.7167
71.9145 91.0917
72.0132 91.2167
72.0132 91.2167
72.2106 91.4667
72.4079 91.7167
72.4079 91.7167
72.8027 92.2167
72.8027 92.2167
73.0987 92.5917
73.1974 92.7167
73.4935 93.0917
73.5921 93.2167
73.5921 93.2167
73.5921 93.2167
73.8882 93.5917
73.9869 93.7167
73.9869 93.7167
74.1842 93.9667
74.3816 94.2167
74.3816 94.2167
74.6777 94.5917
74.7763 94.7167
75.0724 95.0917
75.1711 95.2167
75.1711 95.2167
75.1711 95.2167
75.3685 95.4667
75.5658 95.7167
75.5658 95.7167
75.7632 95.9667
75.9606 96.2167
75.9606 96.2167
76.1579 96.4667
76.3553 96.7167
76.6513 97.0917
76.75 97.2167
76.75 97.2167
76.75 97.2167
76.9474 97.4667
77.1448 97.7167
77.1448 97.7167
77.3421 97.9667
77.4408 98.0917
77.5395 98.2167
77.8356 98.5917
77.9342 98.7167
78.1316 98.9667
78.329 99.2167
78.329 99.2167
78.329 99.2167
78.5263 99.4667
78.7237 99.7167
78.7237 99.7167
78.9211 99.9667
78.9211 99.9667
79.1185 100.217
79.4145 100.592
79.5132 100.717
79.7106 100.967
79.9079 101.217
79.9079 101.217
79.9079 101.217
80.1053 101.467
80.3027 101.717
80.3027 101.717
80.5 101.967
80.5 101.967
80.6974 102.217
80.9935 102.592
81.0921 102.717
81.0921 102.717
81.2895 102.967
81.4869 103.217
81.4869 103.217
81.6842 103.467
81.6842 103.467
81.8816 103.717
81.8816 103.717
82.079 103.967
82.2763 104.217
82.5724 104.592
82.6711 104.717
82.6711 104.717
82.8685 104.967
83.0658 105.217
83.0658 105.217
83.2632 105.467
83.4606 105.717
83.6579 105.967
83.6579 105.967
83.8553 106.217
84.1513 106.592
84.25 106.717
84.4474 106.967
84.6349 107.204
84.6448 107.217
84.6448 107.217
84.8421 107.467
85.0099 107.679
85.0395 107.717
85.2204 107.946
85.2369 107.967
85.4342 108.217
85.7303 108.592
85.829 108.717
86.2237 109.217
86.2237 109.217
86.4803 109.542
86.6135 109.71
86.6185 109.717
86.8158 109.967
86.8339 109.99
87.0132 110.217
87.3092 110.592
87.4079 110.717
87.704 111.092
87.8027 111.217
87.8027 111.217
87.824 111.244
88.1974 111.717
88.2007 111.721
88.3948 111.967
88.4129 111.99
88.5921 112.217
88.8882 112.592
88.9869 112.717
89.2829 113.092
89.3816 113.217
89.3816 113.217
89.6168 113.515
89.7517 113.685
89.7764 113.717
89.9589 113.948
89.9737 113.967
90.1711 114.217
90.4671 114.592
90.5658 114.717
90.8619 115.092
90.9474 115.2
90.9606 115.217
90.9606 115.217
91.2566 115.592
91.3405 115.698
91.3553 115.717
91.556 115.971
91.75 116.217
92.0461 116.592
92.1448 116.717
92.4408 117.092
92.5395 117.217
92.5395 117.217
92.7731 117.513
92.9227 117.702
92.9342 117.717
93.1316 117.967
93.1678 118.013
93.329 118.217
93.625 118.592
93.7237 118.717
93.9211 118.967
94.1185 119.217
94.1185 119.217
94.3158 119.467
94.5132 119.717
94.5609 119.777
94.7106 119.967
94.7566 120.025
94.9079 120.217
95.204 120.592
95.3027 120.717
95.5 120.967
95.6974 121.217
95.6974 121.217
95.8948 121.467
96.0708 121.69
96.0921 121.717
96.2895 121.967
96.4869 122.217
96.7829 122.592
96.8504 122.677
96.8816 122.717
96.8816 122.717
97.079 122.967
97.1777 123.092
97.2764 123.217
97.2764 123.217
97.2764 123.217
97.4737 123.467
97.6546 123.696
97.6711 123.717
97.6711 123.717
97.8569 123.952
97.8685 123.967
98.0658 124.217
98.0691 124.221
98.3619 124.592
98.4606 124.717
98.7566 125.092
98.8553 125.217
98.8553 125.217
99.1053 125.533
99.2369 125.7
99.25 125.717
99.4474 125.967
99.4902 126.021
99.6448 126.217
99.9408 126.592
100.04 126.717
100.237 126.967
100.429 127.21
100.434 127.217
100.434 127.217
100.674 127.521
100.829 127.717
100.972 127.898
101.026 127.967
101.099 128.058
101.224 128.217
101.239 128.235
101.48 128.542
101.52 128.592
101.618 128.717
101.622 128.721
101.816 128.967
101.868 129.033
102.002 129.202
102.013 129.217
102.013 129.217
102.211 129.467
102.257 129.525
102.408 129.717
102.597 129.956
102.605 129.967
102.716 130.106
102.737 130.133
102.864 130.294
103.041 130.519
103.14 130.644
103.395 130.967
103.571 131.19
103.574 131.194
103.758 131.427
103.855 131.55
103.951 131.671
103.969 131.694
104.176 131.956
104.211 132
104.283 132.092
104.579 132.467
104.776 132.717
104.974 132.967
105.171 133.217
105.171 133.217
105.405 133.512
105.543 133.688
105.566 133.717
105.763 133.967
105.791 134.002
105.961 134.217
106.158 134.467
106.197 134.517
106.355 134.717
106.553 134.967
106.75 135.217
106.75 135.217
107.145 135.717
107.281 135.89
107.342 135.967
107.423 136.069
107.441 136.092
107.558 136.24
107.737 136.467
107.934 136.717
108.132 136.967
108.329 137.217
108.329 137.217
108.724 137.717
108.921 137.967
109.118 138.217
109.316 138.467
109.513 138.717
109.711 138.967
109.908 139.217
109.908 139.217
110.303 139.717
110.697 140.217
110.697 140.217
110.993 140.592
111.092 140.717
111.092 140.717
111.388 141.092
111.487 141.217
111.487 141.217
111.882 141.717
111.882 141.717
112.079 141.967
112.178 142.092
112.276 142.217
112.572 142.592
112.671 142.717
112.671 142.717
112.967 143.092
113.066 143.217
113.066 143.217
113.263 143.467
113.362 143.592
113.461 143.717
113.658 143.967
113.855 144.217
113.855 144.217
114.151 144.592
114.25 144.717
114.546 145.092
114.645 145.217
115.04 145.717
115.04 145.717
115.04 145.717
115.237 145.967
115.237 145.967
115.237 145.967
115.434 146.217
115.73 146.592
115.829 146.717
116.125 147.092
116.224 147.217
116.618 147.717
116.816 147.967
117.013 148.217
117.013 148.217
117.013 148.217
117.013 148.217
117.211 148.467
117.408 148.717
117.408 148.717
117.704 149.092
117.803 149.217
117.803 149.217
118.197 149.717
118.197 149.717
118.395 149.967
118.395 149.967
118.592 150.217
118.888 150.592
118.987 150.717
118.987 150.717
119.283 151.092
119.382 151.217
119.382 151.217
119.579 151.467
119.776 151.717
119.974 151.967
120.171 152.217
120.171 152.217
120.467 152.592
120.566 152.717
120.862 153.092
120.933 153.181
120.961 153.217
121.141 153.446
121.156 153.465
121.355 153.717
121.553 153.967
121.75 154.217
121.757 154.225
121.76 154.229
122.145 154.717
122.342 154.967
122.54 155.217
122.836 155.592
122.934 155.717
123.132 155.967
123.329 156.217
123.329 156.217
123.625 156.592
123.724 156.717
123.724 156.717
124.02 157.092
124.118 157.217
124.118 157.217
124.265 157.402
124.415 157.592
124.513 157.717
124.513 157.717
124.711 157.967
124.908 158.217
124.908 158.217
125.204 158.592
125.303 158.717
125.303 158.717
125.599 159.092
125.697 159.217
125.697 159.217
125.946 159.531
126.092 159.717
126.092 159.717
126.099 159.725
126.29 159.967
126.29 159.967
126.326 160.012
126.487 160.217
126.495 160.227
126.783 160.592
126.882 160.717
127.178 161.092
127.276 161.217
127.536 161.546
127.544 161.556
127.556 161.571
127.671 161.717
127.868 161.967
128.066 162.217
128.092 162.25
128.095 162.254
128.171 162.35
128.362 162.592
128.461 162.717
128.757 163.092
128.855 163.217
128.855 163.217
129.25 163.717
129.447 163.967
129.645 164.217
129.645 164.217
129.941 164.592
130.04 164.717
130.04 164.717
130.336 165.092
130.434 165.217
130.434 165.217
130.434 165.217
130.829 165.717
130.829 165.717
131.026 165.967
131.026 165.967
131.224 166.217
131.52 166.592
131.618 166.717
131.618 166.717
131.816 166.967
132.013 167.217
132.013 167.217
132.211 167.467
132.408 167.717
132.408 167.717
132.605 167.967
132.803 168.217
132.803 168.217
133.067 168.552
133.099 168.592
133.197 168.717
133.204 168.725
133.423 169.002
133.493 169.092
133.592 169.217
133.592 169.217
133.987 169.717
134.184 169.967
134.382 170.217
134.584 170.473
134.678 170.592
134.776 170.717
134.985 170.981
135.072 171.092
135.171 171.217
135.171 171.217
135.566 171.717
135.763 171.967
135.961 172.217
135.961 172.217
136.257 172.592
136.355 172.717
136.355 172.717
136.651 173.092
136.75 173.217
136.75 173.217
136.75 173.217
137.145 173.717
137.145 173.717
137.342 173.967
137.54 174.217
137.54 174.217
137.836 174.592
137.934 174.717
137.934 174.717
138.23 175.092
138.329 175.217
138.329 175.217
138.329 175.217
138.724 175.717
138.724 175.717
138.921 175.967
139.118 176.217
139.118 176.217
139.415 176.592
139.513 176.717
139.711 176.967
139.908 177.217
139.908 177.217
140.303 177.717
140.303 177.717
140.5 177.967
140.5 177.967
140.697 178.217
140.993 178.592
141.092 178.717
141.388 179.092
141.487 179.217
141.487 179.217
141.882 179.717
142.079 179.967
142.276 180.217
142.276 180.217
142.572 180.592
142.671 180.717
142.671 180.717
142.967 181.092
143.066 181.217
143.066 181.217
143.066 181.217
143.461 181.717
143.461 181.717
143.658 181.967
143.855 182.217
143.855 182.217
144.151 182.592
144.25 182.717
144.25 182.717
144.546 183.092
144.645 183.217
144.645 183.217
144.842 183.467
145.04 183.717
145.04 183.717
145.237 183.967
145.434 184.217
145.434 184.217
145.73 184.592
145.829 184.717
146.125 185.092
146.224 185.217
146.224 185.217
146.618 185.717
146.816 185.967
147.013 186.217
147.309 186.592
147.408 186.717
147.704 187.092
147.803 187.217
147.803 187.217
148 187.467
148.197 187.717
148.395 187.967
148.592 188.217
148.592 188.217
148.888 188.592
148.987 188.717
148.987 188.717
149.283 189.092
149.365 189.196
149.382 189.217
149.382 189.217
149.382 189.217
149.776 189.717
149.776 189.717
149.974 189.967
150.171 190.217
150.171 190.217
150.368 190.467
150.566 190.717
150.566 190.717
150.862 191.092
150.961 191.217
150.961 191.217
150.961 191.217
151.217 191.542
151.355 191.717
151.355 191.717
151.359 191.721
151.553 191.967
151.589 192.012
151.75 192.217
151.75 192.217
151.762 192.231
152.046 192.592
152.145 192.717
152.441 193.092
152.54 193.217
152.54 193.217
152.934 193.717
153.132 193.967
153.132 193.967
153.329 194.217
153.329 194.217
153.625 194.592
153.724 194.717
154.02 195.092
154.118 195.217
154.118 195.217
154.513 195.717
154.711 195.967
154.908 196.217
154.908 196.217
155.204 196.592
155.303 196.717
155.303 196.717
155.599 197.092
155.697 197.217
155.697 197.217
155.697 197.217
156.092 197.717
156.092 197.717
156.29 197.967
156.487 198.217
156.487 198.217
156.783 198.592
156.882 198.717
156.882 198.717
156.898 198.738
157.178 199.092
157.276 199.217
157.276 199.217
157.474 199.467
157.658 199.7
157.671 199.717
157.671 199.717
157.868 199.967
158.043 200.188
158.066 200.217
158.066 200.217
158.362 200.592
158.461 200.717
158.757 201.092
158.757 201.092
158.855 201.217
158.855 201.217
159.028 201.435
159.043 201.454
159.25 201.717
159.447 201.967
159.64 202.21
159.645 202.217
159.645 202.217
159.941 202.592
160.04 202.717
160.04 202.717
160.04 202.717
160.434 203.217
160.829 203.717
160.829 203.717
160.829 203.717
161.026 203.967
161.224 204.217
161.224 204.217
161.52 204.592
161.618 204.717
162.013 205.217
162.013 205.217
162.013 205.217
162.408 205.717
162.408 205.717
162.605 205.967
162.605 205.967
162.803 206.217
162.803 206.217
163.099 206.592
163.197 206.717
163.493 207.092
163.592 207.217
163.592 207.217
163.592 207.217
163.987 207.717
163.987 207.717
164.184 207.967
164.382 208.217
164.382 208.217
164.678 208.592
164.776 208.717
165.072 209.092
165.171 209.217
165.171 209.217
165.171 209.217
165.566 209.717
165.566 209.717
165.763 209.967
165.862 210.092
165.961 210.217
166.257 210.592
166.355 210.717
166.553 210.967
166.75 211.217
166.75 211.217
166.75 211.217
167.145 211.717
167.145 211.717
167.342 211.967
167.342 211.967
167.54 212.217
167.836 212.592
167.934 212.717
168.23 213.092
168.329 213.217
168.329 213.217
168.329 213.217
168.625 213.592
168.724 213.717
168.724 213.717
168.921 213.967
168.921 213.967
169.118 214.217
169.415 214.592
169.513 214.717
169.513 214.717
169.809 215.092
169.908 215.217
169.908 215.217
170.204 215.592
170.303 215.717
170.303 215.717
170.5 215.967
170.697 216.217
170.993 216.592
171.092 216.717
171.092 216.717
171.388 217.092
171.487 217.217
171.487 217.217
171.684 217.467
171.88 217.715
171.882 217.717
172.079 217.967
172.079 217.967
172.276 218.217
172.572 218.592
172.671 218.717
172.671 218.717
172.967 219.092
173.066 219.217
173.066 219.217
173.263 219.467
173.291 219.502
173.454 219.708
173.461 219.717
173.461 219.717
173.709 220.031
173.855 220.217
173.855 220.217
173.862 220.225
174.151 220.592
174.25 220.717
174.546 221.092
174.645 221.217
174.645 221.217
174.645 221.217
174.941 221.592
175.04 221.717
175.04 221.717
175.237 221.967
175.434 222.217
175.434 222.217
175.73 222.592
175.829 222.717
176.125 223.092
176.224 223.217
176.224 223.217
176.224 223.217
176.421 223.467
176.618 223.717
176.618 223.717
176.816 223.967
177.013 224.217
177.013 224.217
177.211 224.467
177.408 224.717
177.704 225.092
177.803 225.217
177.803 225.217
177.803 225.217
178 225.467
178.197 225.717
178.197 225.717
178.395 225.967
178.493 226.092
178.592 226.217
178.888 226.592
178.987 226.717
179.184 226.967
179.382 227.217
179.382 227.217
179.382 227.217
179.579 227.467
179.776 227.717
179.776 227.717
179.974 227.967
179.974 227.967
180.171 228.217
180.467 228.592
180.566 228.717
180.763 228.967
180.961 229.217
180.961 229.217
180.961 229.217
181.158 229.467
181.355 229.717
181.355 229.717
181.553 229.967
181.553 229.967
181.75 230.217
182.046 230.592
182.145 230.717
182.145 230.717
182.342 230.967
182.54 231.217
182.54 231.217
182.737 231.467
182.737 231.467
182.934 231.717
182.934 231.717
183.132 231.967
183.329 232.217
183.625 232.592
183.724 232.717
183.724 232.717
183.921 232.967
184.118 233.217
184.118 233.217
184.316 233.467
184.513 233.717
184.711 233.967
184.711 233.967
184.908 234.217
185.204 234.592
185.303 234.717
185.303 234.717
185.5 234.967
185.697 235.217
185.697 235.217
185.697 235.217
185.895 235.467
186.092 235.717
186.092 235.717
186.29 235.967
186.487 236.217
186.487 236.217
186.783 236.592
186.882 236.717
187.276 237.217
187.276 237.217
187.276 237.217
187.671 237.717
187.671 237.717
187.868 237.967
187.868 237.967
188.066 238.217
188.066 238.217
188.362 238.592
188.461 238.717
188.757 239.092
188.855 239.217
188.855 239.217
188.855 239.217
189.25 239.717
189.25 239.717
189.447 239.967
189.645 240.217
189.645 240.217
189.941 240.592
190.04 240.717
190.336 241.092
190.434 241.217
190.434 241.217
190.434 241.217
190.829 241.717
190.829 241.717
191.026 241.967
191.125 242.092
191.224 242.217
191.52 242.592
191.618 242.717
191.816 242.967
192.013 243.217
192.013 243.217
192.013 243.217
192.408 243.717
192.408 243.717
192.605 243.967
192.605 243.967
192.803 244.217
193.099 244.592
193.197 244.717
193.493 245.092
193.592 245.217
193.592 245.217
193.592 245.217
193.888 245.592
193.987 245.717
193.987 245.717
194.184 245.967
194.184 245.967
194.382 246.217
194.678 246.592
194.776 246.717
194.776 246.717
195.072 247.092
195.171 247.217
195.171 247.217
195.467 247.592
195.566 247.717
195.566 247.717
195.763 247.967
195.961 248.217
196.257 248.592
196.316 248.667
196.331 248.685
196.331 248.685
196.355 248.717
196.355 248.717
196.651 249.092
196.75 249.217
196.75 249.217
196.924 249.437
196.928 249.442
196.943 249.46
196.947 249.467
197.145 249.717
197.342 249.967
197.342 249.967
197.502 250.169
197.503 250.171
197.507 250.175
197.54 250.217
197.836 250.592
197.934 250.717
197.934 250.717
198.168 251.012
198.174 251.021
198.178 251.025
198.23 251.092
198.329 251.217
198.329 251.217
198.526 251.467
198.724 251.717
198.724 251.717
199.102 252.196
199.107 252.202
199.109 252.204
199.119 252.217
199.119 252.217
199.415 252.592
199.513 252.717
199.809 253.092
199.908 253.217
199.908 253.217
199.908 253.217
200.204 253.592
200.303 253.717
200.303 253.717
200.5 253.967
200.697 254.217
200.697 254.217
200.994 254.592
201.092 254.717
201.388 255.092
201.487 255.217
201.487 255.217
201.487 255.217
201.684 255.467
201.882 255.717
201.882 255.717
202.079 255.967
202.276 256.217
202.276 256.217
202.474 256.467
202.671 256.717
202.967 257.092
203.066 257.217
203.066 257.217
203.066 257.217
203.263 257.467
203.461 257.717
203.461 257.717
203.658 257.967
203.757 258.092
203.855 258.217
204.151 258.592
204.25 258.717
204.447 258.967
204.645 259.217
204.645 259.217
204.645 259.217
204.842 259.467
205.04 259.717
205.04 259.717
205.237 259.967
205.237 259.967
205.434 260.217
205.73 260.592
205.829 260.717
206.026 260.967
206.224 261.217
206.224 261.217
206.224 261.217
206.421 261.467
206.619 261.717
206.619 261.717
206.816 261.967
206.816 261.967
207.013 262.217
207.309 262.592
207.408 262.717
207.408 262.717
207.605 262.967
207.803 263.217
207.803 263.217
208 263.467
208 263.467
208.197 263.717
208.197 263.717
208.395 263.967
208.592 264.217
208.888 264.592
208.987 264.717
208.987 264.717
209.184 264.967
209.382 265.217
209.382 265.217
209.579 265.467
209.599 265.492
209.76 265.696
209.776 265.717
209.974 265.967
209.974 265.967
210.023 266.029
210.171 266.217
210.183 266.231
210.467 266.592
210.566 266.717
210.566 266.717
210.763 266.967
210.961 267.217
210.961 267.217
210.961 267.217
211.158 267.467
211.355 267.717
211.355 267.717
211.553 267.967
211.75 268.217
211.75 268.217
212.046 268.592
212.145 268.717
212.54 269.217
212.54 269.217
212.54 269.217
212.934 269.717
212.934 269.717
213.132 269.967
213.132 269.967
213.329 270.217
213.329 270.217
213.625 270.592
213.724 270.717
214.02 271.092
214.119 271.217
214.119 271.217
214.119 271.217
214.513 271.717
214.513 271.717
214.711 271.967
214.908 272.217
214.908 272.217
215.204 272.592
215.303 272.717
215.599 273.092
215.697 273.217
215.697 273.217
215.697 273.217
216.092 273.717
216.092 273.717
216.29 273.967
216.388 274.092
216.487 274.217
216.783 274.592
216.882 274.717
217.079 274.967
217.276 275.217
217.276 275.217
217.276 275.217
217.671 275.717
217.671 275.717
217.869 275.967
217.869 275.967
218.066 276.217
218.362 276.592
218.461 276.717
218.757 277.092
218.855 277.217
218.855 277.217
218.855 277.217
219.151 277.592
219.25 277.717
219.25 277.717
219.447 277.967
219.447 277.967
219.645 278.217
219.941 278.592
220.04 278.717
220.04 278.717
220.336 279.092
220.434 279.217
220.434 279.217
220.73 279.592
220.829 279.717
220.829 279.717
221.026 279.967
221.224 280.217
221.52 280.592
221.569 280.654
221.619 280.717
221.619 280.717
221.915 281.092
222.013 281.217
222.013 281.217
222.211 281.467
222.219 281.477
222.37 281.669
222.408 281.717
222.605 281.967
222.605 281.967
222.637 282.006
222.803 282.217
222.808 282.223
223.099 282.592
223.197 282.717
223.197 282.717
223.494 283.092
223.592 283.217
223.592 283.217
223.79 283.467
223.987 283.717
223.987 283.717
224.382 284.217
224.382 284.217
224.678 284.592
224.776 284.717
225.072 285.092
225.171 285.217
225.171 285.217
225.171 285.217
225.467 285.592
225.566 285.717
225.566 285.717
225.763 285.967
225.961 286.217
225.961 286.217
226.257 286.592
226.355 286.717
226.651 287.092
226.75 287.217
226.75 287.217
226.75 287.217
226.947 287.467
227.145 287.717
227.145 287.717
227.342 287.967
227.54 288.217
227.54 288.217
227.737 288.467
227.934 288.717
228.23 289.092
228.329 289.217
228.329 289.217
228.329 289.217
228.526 289.467
228.724 289.717
228.724 289.717
228.921 289.967
229.02 290.092
229.119 290.217
229.415 290.592
229.513 290.717
229.711 290.967
229.908 291.217
229.908 291.217
229.908 291.217
230.105 291.467
230.303 291.717
230.303 291.717
230.5 291.967
230.5 291.967
230.697 292.217
230.994 292.592
231.092 292.717
231.29 292.967
231.487 293.217
231.487 293.217
231.487 293.217
231.684 293.467
231.882 293.717
231.882 293.717
232.079 293.967
232.079 293.967
232.276 294.217
232.572 294.592
232.671 294.717
232.671 294.717
232.967 295.092
233.066 295.217
233.066 295.217
233.362 295.592
233.461 295.717
233.658 295.967
233.855 296.217
233.855 296.217
233.855 296.217
234.666 297.244
235.053 297.733
235.423 298.202
235.434 298.217
235.434 298.217
235.434 298.217
235.434 298.217
235.829 298.717
236.224 299.217
236.619 299.717
237.013 300.217
237.013 300.217
237.309 300.592
237.408 300.717
237.803 301.217
237.803 301.217
237.803 301.217
238.197 301.717
238.197 301.717
238.395 301.967
238.395 301.967
238.592 302.217
238.592 302.217
238.888 302.592
238.987 302.717
239.283 303.092
239.382 303.217
239.382 303.217
239.382 303.217
239.776 303.717
239.776 303.717
239.974 303.967
240.171 304.217
240.171 304.217
240.467 304.592
240.566 304.717
240.862 305.092
240.961 305.217
240.961 305.217
240.961 305.217
241.355 305.717
241.355 305.717
241.553 305.967
241.651 306.092
241.75 306.217
242.046 306.592
242.145 306.717
242.342 306.967
242.54 307.217
242.54 307.217
242.54 307.217
242.934 307.717
242.934 307.717
243.132 307.967
243.132 307.967
243.329 308.217
243.625 308.592
243.724 308.717
244.02 309.092
244.119 309.217
244.119 309.217
244.119 309.217
244.415 309.592
244.513 309.717
244.513 309.717
244.711 309.967
244.711 309.967
244.908 310.217
245.204 310.592
245.303 310.717
245.303 310.717
245.599 311.092
245.697 311.217
245.697 311.217
245.975 311.569
245.994 311.592
246.092 311.717
246.29 311.967
246.487 312.217
246.783 312.592
246.873 312.706
246.882 312.717
247.178 313.092
247.276 313.217
247.276 313.217
247.474 313.467
247.671 313.717
247.869 313.967
247.869 313.967
248.066 314.217
248.362 314.592
248.461 314.717
248.461 314.717
248.757 315.092
248.855 315.217
248.855 315.217
249.053 315.467
249.25 315.717
249.25 315.717
249.645 316.217
249.645 316.217
249.941 316.592
250.04 316.717
250.336 317.092
250.434 317.217
250.434 317.217
250.434 317.217
250.73 317.592
250.829 317.717
250.829 317.717
251.026 317.967
251.224 318.217
251.224 318.217
251.52 318.592
251.619 318.717
251.915 319.092
252.013 319.217
252.013 319.217
252.013 319.217
252.211 319.467
252.408 319.717
252.408 319.717
252.605 319.967
252.803 320.217
252.803 320.217
253 320.467
253.197 320.717
253.494 321.092
253.592 321.217
253.592 321.217
253.592 321.217
253.79 321.467
253.987 321.717
253.987 321.717
254.184 321.967
254.283 322.092
254.382 322.217
254.678 322.592
254.776 322.717
254.974 322.967
255.171 323.217
255.171 323.217
255.171 323.217
255.369 323.467
255.566 323.717
255.566 323.717
255.763 323.967
255.763 323.967
255.961 324.217
256.257 324.592
256.355 324.717
256.553 324.967
256.75 325.217
256.75 325.217
256.75 325.217
256.947 325.467
257.145 325.717
257.145 325.717
257.342 325.967
257.342 325.967
257.54 326.217
257.836 326.592
257.934 326.717
257.934 326.717
258.132 326.967
258.329 327.217
258.329 327.217
258.526 327.467
258.648 327.621
258.724 327.717
258.801 327.815
258.921 327.967
259.119 328.217
259.415 328.592
259.467 328.658
259.513 328.717
259.711 328.967
259.908 329.217
259.908 329.217
260.105 329.467
260.303 329.717
260.5 329.967
260.5 329.967
260.697 330.217
260.994 330.592
261.092 330.717
261.092 330.717
261.29 330.967
261.487 331.217
261.487 331.217
261.487 331.217
261.684 331.467
261.882 331.717
261.882 331.717
262.079 331.967
262.276 332.217
262.276 332.217
262.572 332.592
262.671 332.717
263.066 333.217
263.066 333.217
263.066 333.217
263.461 333.717
263.461 333.717
263.658 333.967
263.658 333.967
263.855 334.217
263.855 334.217
264.151 334.592
264.25 334.717
264.546 335.092
264.645 335.217
264.645 335.217
264.645 335.217
265.04 335.717
265.04 335.717
265.237 335.967
265.434 336.217
265.434 336.217
265.73 336.592
265.829 336.717
266.125 337.092
266.224 337.217
266.224 337.217
266.224 337.217
266.619 337.717
266.619 337.717
266.816 337.967
266.915 338.092
267.013 338.217
267.309 338.592
267.408 338.717
267.605 338.967
267.803 339.217
267.803 339.217
267.803 339.217
268.197 339.717
268.197 339.717
268.395 339.967
268.395 339.967
268.592 340.217
268.888 340.592
268.987 340.717
269.283 341.092
269.382 341.217
269.382 341.217
269.382 341.217
269.678 341.592
269.776 341.717
269.776 341.717
269.974 341.967
269.974 341.967
270.171 342.217
270.467 342.592
270.566 342.717
270.566 342.717
270.862 343.092
270.961 343.217
270.961 343.217
271.257 343.592
271.342 343.7
271.355 343.717
271.553 343.967
271.75 344.217
272.046 344.592
272.109 344.671
272.145 344.717
272.441 345.092
272.54 345.217
272.54 345.217
272.737 345.467
272.934 345.717
273.132 345.967
273.132 345.967
273.329 346.217
273.625 346.592
273.709 346.698
273.724 346.717
274.02 347.092
274.109 347.204
274.119 347.217
274.316 347.467
274.484 347.679
274.513 347.717
274.888 348.192
274.908 348.217
275.204 348.592
275.303 348.717
275.599 349.092
275.689 349.206
275.697 349.217
275.697 349.217
275.994 349.592
276.068 349.685
276.092 349.717
276.29 349.967
276.475 350.202
276.487 350.217
276.783 350.592
276.882 350.717
277.178 351.092
277.276 351.217
277.276 351.217
277.474 351.467
277.671 351.717
277.869 351.967
278.066 352.217
278.263 352.467
278.461 352.717
278.757 353.092
278.855 353.217
278.855 353.217
279.053 353.467
279.25 353.717
279.546 354.092
