1.66231 1.85625
1.66231 1.85625
1.66231 1.85625
1.66231 1.85625
2.11007 2.35625
2.55783 2.85625
3.0056 3.35625
3.0056 3.35625
3.22948 3.60625
3.45336 3.85625
3.45336 3.85625
3.45336 3.85625
3.90112 4.35625
4.125 4.60625
4.34888 4.85625
4.34888 4.85625
4.79664 5.35625
4.79664 5.35625
5.2444 5.85625
5.2444 5.85625
5.2444 5.85625
5.2444 5.85625
5.69216 6.35625
6.13992 6.85625
6.13992 6.85625
6.58768 7.35625
6.81156 7.60625
7.03544 7.85625
7.03544 7.85625
7.03544 7.85625
7.03544 7.85625
7.03544 7.85625
7.70709 8.60625
7.93097 8.85625
7.93097 8.85625
7.93097 8.85625
7.93097 8.85625
8.37873 9.35625
8.82649 9.85625
8.82649 9.85625
8.82649 9.85625
8.82649 9.85625
8.82649 9.85625
9.27425 10.3562
9.27425 10.3562
9.72201 10.8563
9.72201 10.8563
10.1698 11.3562
10.1698 11.3562
10.6175 11.8562
10.6175 11.8562
10.6175 11.8562
10.6175 11.8562
11.0653 12.3562
11.0653 12.3562
11.5131 12.8562
11.5131 12.8562
11.5131 12.8562
11.9608 13.3563
12.4086 13.8562
12.4086 13.8562
12.4086 13.8562
12.4086 13.8562
12.4086 13.8562
12.8563 14.3562
13.3041 14.8562
13.7519 15.3562
13.7519 15.3562
14.1996 15.8563
14.1996 15.8563
15.5429 17.3562
15.5429 17.3562
15.7668 17.6062
15.7668 17.6062
15.9907 17.8562
15.9907 17.8562
15.9907 17.8562
16.4384 18.3562
16.8862 18.8562
17.3339 19.3562
17.3339 19.3562
17.5578 19.6062
17.7817 19.8562
17.7817 19.8562
17.7817 19.8562
17.7817 19.8562
17.7817 19.8562
18.2295 20.3562
18.6772 20.8562
19.125 21.3562
19.5728 21.8562
19.5728 21.8562
19.5728 21.8562
19.5728 21.8562
20.0215 22.3563
20.471 22.8562
20.9292 23.3562
20.9292 23.3562
21.389 23.8562
21.389 23.8562
21.389 23.8562
23.2601 25.8562
23.2601 25.8562
23.7157 26.3562
23.7157 26.3562
24.1634 26.8562
24.1634 26.8562
24.1634 26.8562
24.3873 27.1062
24.6112 27.3562
24.8351 27.6062
25.059 27.8562
25.059 27.8562
25.059 27.8562
25.5067 28.3563
25.5067 28.3563
25.9545 28.8562
25.9545 28.8562
26.4022 29.3563
26.85 29.8563
26.85 29.8563
26.85 29.8563
27.2978 30.3563
27.2978 30.3563
27.5216 30.6062
27.7455 30.8562
28.1933 31.3562
29.5366 32.8563
29.5366 32.8563
30.4321 33.8563
30.4321 33.8563
30.4321 33.8563
30.8799 34.3563
31.3276 34.8563
31.3276 34.8563
31.3276 34.8563
31.5515 35.1063
31.7754 35.3563
31.7754 35.3563
31.9993 35.6063
32.2231 35.8563
32.2231 35.8563
32.2231 35.8563
32.2231 35.8563
32.6709 36.3563
33.1187 36.8563
33.1187 36.8563
33.5664 37.3563
34.0142 37.8563
34.0142 37.8563
34.0142 37.8563
34.0142 37.8563
34.4619 38.3563
34.9097 38.8563
35.3575 39.3563
35.8052 39.8563
35.8052 39.8563
35.8052 39.8563
36.253 40.3563
36.7007 40.8563
37.1485 41.3563
37.5963 41.8563
37.5963 41.8563
37.5963 41.8563
38.044 42.3563
38.4918 42.8563
38.4918 42.8563
38.4918 42.8563
38.7157 43.1063
38.9396 43.3563
38.9396 43.3563
39.1634 43.6063
39.3873 43.8563
39.3873 43.8563
39.8351 44.3563
39.8351 44.3563
40.2828 44.8563
40.2828 44.8563
40.2828 44.8563
40.7362 45.3563
40.7362 45.3563
40.9635 45.6063
41.1908 45.8563
41.1908 45.8563
41.1908 45.8563
41.6453 46.3563
42.0999 46.8563
42.5544 47.3563
43.0089 47.8563
43.0089 47.8563
43.4635 48.3563
43.918 48.8563
43.918 48.8563
43.918 48.8563
43.918 48.8563
44.3726 49.3563
44.3726 49.3563
44.3726 49.3563
44.5999 49.6062
44.5999 49.6062
44.8271 49.8563
44.8271 49.8563
44.8271 49.8563
45.2817 50.3563
45.2817 50.3563
45.7362 50.8563
45.7362 50.8563
45.7362 50.8563
45.7362 50.8563
46.1908 51.3563
46.1908 51.3563
46.418 51.6063
46.418 51.6063
46.6453 51.8563
46.6453 51.8563
46.6453 51.8563
46.6453 51.8563
47.0999 52.3563
47.0999 52.3563
47.0999 52.3563
47.5544 52.8563
47.5544 52.8563
47.5544 52.8563
48.0089 53.3563
48.2362 53.6063
48.4635 53.8563
48.4635 53.8563
48.4635 53.8563
48.4635 53.8563
48.4635 53.8563
48.918 54.3563
48.918 54.3563
49.3726 54.8563
49.3726 54.8563
49.793 55.3188
49.8271 55.3563
49.9881 55.5333
50.223 55.7917
50.2817 55.8563
50.2817 55.8563
50.7339 56.3563
51.1324 56.7979
51.185 56.8563
51.185 56.8563
51.6362 57.3563
52.0441 57.8083
52.061 57.8271
52.0873 57.8563
52.0873 57.8563
52.0873 57.8563
52.5359 58.3563
52.9837 58.8563
52.9837 58.8563
52.9837 58.8563
53.2075 59.1063
53.4314 59.3563
53.4314 59.3563
53.6553 59.6063
53.8792 59.8563
53.8792 59.8563
53.8792 59.8563
53.8792 59.8563
54.3269 60.3563
54.3269 60.3563
54.7747 60.8563
54.7747 60.8563
54.7747 60.8563
54.7747 60.8563
55.2225 61.3563
55.2225 61.3563
55.6702 61.8563
55.6702 61.8563
55.6702 61.8563
55.6702 61.8563
56.562 62.8521
56.5658 62.8563
56.5658 62.8563
56.7542 63.0667
56.9837 63.3229
57.0135 63.3563
57.1721 63.5333
57.4314 63.8229
57.4613 63.8563
57.4613 63.8563
57.909 64.3563
58.3158 64.8104
58.3568 64.8563
58.3568 64.8563
58.3568 64.8563
58.8074 65.3563
59.2153 65.8083
59.2586 65.8563
59.2586 65.8563
59.2586 65.8563
59.2586 65.8563
59.7097 66.3563
60.1608 66.8563
60.1608 66.8563
60.1608 66.8563
60.3864 67.1063
60.612 67.3563
60.612 67.3563
60.8375 67.6063
61.0631 67.8563
61.0631 67.8563
61.0631 67.8563
61.0631 67.8563
61.5142 68.3563
61.5556 68.4021
61.7398 68.6063
61.9653 68.8563
61.9653 68.8563
62.4165 69.3563
62.4165 69.3563
62.8676 69.8563
62.8676 69.8563
62.8676 69.8563
62.8676 69.8563
63.3187 70.3563
63.3187 70.3563
63.7698 70.8563
63.7698 70.8563
64.221 71.3563
64.4465 71.6063
64.6721 71.8563
64.6721 71.8563
64.6721 71.8563
64.8977 72.1063
65.1232 72.3563
65.1232 72.3563
65.3488 72.6063
65.5744 72.8562
65.5744 72.8562
65.5744 72.8562
65.5744 72.8562
65.7999 73.1063
66.0255 73.3563
66.0255 73.3563
66.4766 73.8563
66.4766 73.8563
66.4766 73.8563
66.4766 73.8563
66.9277 74.3563
67.3789 74.8563
67.3789 74.8563
67.3789 74.8563
67.3789 74.8563
67.6044 75.1063
67.83 75.3563
67.83 75.3563
68.0556 75.6063
68.2811 75.8563
68.2811 75.8563
68.2811 75.8563
68.7323 76.3562
68.7323 76.3562
69.1834 76.8563
69.1834 76.8563
69.1834 76.8563
69.1834 76.8563
69.6345 77.3563
69.6345 77.3563
69.8601 77.6063
70.0856 77.8563
70.0856 77.8563
70.0856 77.8563
70.5336 78.3563
70.9814 78.8563
70.9814 78.8563
71.2053 79.1063
71.4292 79.3563
71.4292 79.3563
71.653 79.6063
71.8769 79.8563
71.8769 79.8563
71.8769 79.8563
72.1008 80.1063
72.3247 80.3563
72.7724 80.8563
72.7724 80.8563
72.7724 80.8563
73.2202 81.3563
73.2202 81.3563
73.4441 81.6063
73.668 81.8563
73.668 81.8563
73.668 81.8563
73.668 81.8563
74.1157 82.3563
74.1157 82.3563
74.5635 82.8563
74.5635 82.8563
74.5635 82.8563
74.5635 82.8563
75.0112 83.3563
75.0112 83.3563
75.2351 83.6063
75.459 83.8563
75.459 83.8563
75.459 83.8563
75.9068 84.3563
75.9068 84.3563
76.3545 84.8563
76.3545 84.8563
76.3545 84.8563
76.8023 85.3563
76.8023 85.3563
77.0262 85.6063
77.25 85.8563
77.25 85.8563
77.25 85.8563
77.25 85.8563
77.25 85.8563
77.6978 86.3563
77.6978 86.3563
78.1456 86.8563
78.1456 86.8563
78.3695 87.1063
78.5933 87.3563
78.5933 87.3563
79.0411 87.8563
79.0411 87.8563
79.0411 87.8563
79.4943 88.3563
79.9489 88.8563
79.9489 88.8563
79.9489 88.8563
79.9489 88.8563
79.9489 88.8563
80.1761 89.1063
80.1761 89.1063
80.4034 89.3563
80.6307 89.6063
80.8579 89.8563
80.8579 89.8563
80.8579 89.8563
80.8579 89.8563
80.8579 89.8563
81.3097 90.3563
81.3097 90.3563
81.7608 90.8563
81.7608 90.8563
81.7608 90.8563
81.7608 90.8563
82.2119 91.3563
82.2119 91.3563
82.4375 91.6063
82.6631 91.8563
82.6631 91.8563
82.6631 91.8563
82.6631 91.8563
83.1142 92.3563
83.1142 92.3563
83.1142 92.3563
83.5653 92.8563
83.5653 92.8563
83.5653 92.8563
84.0164 93.3563
84.242 93.6063
84.4676 93.8563
84.4676 93.8563
84.4676 93.8563
84.4676 93.8563
84.4676 93.8563
84.4676 93.8563
84.9187 94.3563
84.9187 94.3563
85.3698 94.8563
85.3698 94.8563
85.3698 94.8563
85.3698 94.8563
85.8209 95.3563
85.8209 95.3563
86.0465 95.6063
86.2721 95.8563
86.2721 95.8563
86.2721 95.8563
86.2721 95.8563
86.7232 96.3563
86.7232 96.3563
87.1706 96.8521
87.1743 96.8563
87.1743 96.8563
87.1743 96.8563
87.1743 96.8563
87.4807 97.1958
87.6255 97.3563
87.774 97.5208
88.0503 97.8271
88.0766 97.8562
88.0766 97.8562
88.0766 97.8562
88.0766 97.8562
88.5277 98.3563
88.5277 98.3563
88.9788 98.8563
88.9788 98.8563
88.9788 98.8563
88.9788 98.8563
88.9788 98.8563
89.43 99.3563
89.43 99.3563
89.43 99.3563
89.6555 99.6063
89.8811 99.8563
89.8811 99.8563
89.8811 99.8563
89.8811 99.8563
90.3322 100.356
90.3322 100.356
90.3322 100.356
90.7833 100.856
90.7833 100.856
90.7833 100.856
91.2176 101.338
91.2345 101.356
91.4375 101.581
91.6856 101.856
91.6856 101.856
91.6856 101.856
91.6856 101.856
91.6856 101.856
91.6912 101.863
91.9958 102.2
92.1367 102.356
92.1367 102.356
92.2721 102.506
92.5465 102.81
92.5879 102.856
92.5879 102.856
92.5879 102.856
92.5879 102.856
92.8661 103.165
93.039 103.356
93.1743 103.506
93.4544 103.817
93.4901 103.856
93.4901 103.856
93.4901 103.856
93.4901 103.856
93.4901 103.856
93.7157 104.106
93.742 104.135
94.0461 104.475
94.339 104.802
94.3875 104.856
94.3875 104.856
94.3875 104.856
94.8352 105.356
94.8352 105.356
95.0591 105.606
95.283 105.856
95.283 105.856
95.283 105.856
95.283 105.856
95.283 105.856
95.283 105.856
95.7308 106.356
95.7308 106.356
95.7308 106.356
95.9546 106.606
96.1785 106.856
96.1785 106.856
96.1785 106.856
96.1785 106.856
96.6263 107.356
96.6263 107.356
97.074 107.856
97.074 107.856
97.074 107.856
97.074 107.856
97.074 107.856
97.074 107.856
97.074 107.856
97.5218 108.356
97.9696 108.856
97.9696 108.856
97.9696 108.856
98.4173 109.356
98.4173 109.356
98.4173 109.356
98.6412 109.606
98.6412 109.606
98.8651 109.856
98.8651 109.856
98.8651 109.856
98.8651 109.856
98.8651 109.856
99.3128 110.356
99.7606 110.856
99.7606 110.856
99.7606 110.856
99.7606 110.856
100.208 111.356
100.432 111.606
100.656 111.856
100.656 111.856
100.656 111.856
100.656 111.856
100.656 111.856
100.656 111.856
100.656 111.856
100.656 111.856
101.104 112.356
101.104 112.356
101.104 112.356
101.328 112.606
101.328 112.606
101.328 112.606
101.552 112.856
101.552 112.856
101.552 112.856
101.552 112.856
101.552 112.856
102.003 113.356
102.003 113.356
102.003 113.356
102.228 113.606
102.228 113.606
102.454 113.856
102.454 113.856
102.454 113.856
102.454 113.856
102.454 113.856
102.454 113.856
102.454 113.856
102.905 114.356
103.356 114.856
103.356 114.856
103.356 114.856
103.807 115.356
103.807 115.356
104.033 115.606
104.258 115.856
104.258 115.856
104.258 115.856
104.258 115.856
104.258 115.856
104.258 115.856
104.709 116.356
104.709 116.356
104.935 116.606
105.161 116.856
105.161 116.856
105.161 116.856
105.612 117.356
105.612 117.356
106.063 117.856
106.063 117.856
106.063 117.856
106.063 117.856
106.063 117.856
106.063 117.856
106.063 117.856
106.514 118.356
106.965 118.856
106.965 118.856
106.965 118.856
107.416 119.356
107.416 119.356
107.867 119.856
107.867 119.856
107.867 119.856
107.867 119.856
107.867 119.856
107.867 119.856
107.867 119.856
108.318 120.356
108.318 120.356
108.544 120.606
108.544 120.606
108.77 120.856
108.77 120.856
108.77 120.856
108.995 121.106
108.995 121.106
109.221 121.356
109.221 121.356
109.672 121.856
109.672 121.856
109.672 121.856
109.672 121.856
109.672 121.856
109.672 121.856
109.672 121.856
110.123 122.356
110.574 122.856
110.574 122.856
110.574 122.856
111.025 123.356
111.025 123.356
111.251 123.606
111.476 123.856
111.476 123.856
111.476 123.856
111.476 123.856
111.476 123.856
111.476 123.856
111.476 123.856
111.927 124.356
111.927 124.356
112.153 124.606
112.153 124.606
112.379 124.856
112.379 124.856
112.379 124.856
112.379 124.856
112.83 125.356
113.067 125.619
113.281 125.856
113.281 125.856
113.281 125.856
113.281 125.856
113.281 125.856
113.281 125.856
113.288 125.865
113.606 126.217
113.732 126.356
113.894 126.535
114.183 126.856
114.183 126.856
114.183 126.856
114.183 126.856
114.183 126.856
114.187 126.86
114.484 127.19
114.779 127.517
115.085 127.856
115.085 127.856
115.085 127.856
115.085 127.856
115.085 127.856
115.085 127.856
115.087 127.858
115.516 128.333
115.536 128.356
115.988 128.856
115.988 128.856
115.988 128.856
115.988 128.856
115.988 128.856
116.213 129.106
116.213 129.106
116.437 129.356
116.662 129.606
116.662 129.606
116.662 129.606
116.662 129.606
116.886 129.856
116.886 129.856
116.886 129.856
116.886 129.856
116.886 129.856
116.886 129.856
116.886 129.856
117.335 130.356
117.784 130.856
117.784 130.856
117.784 130.856
118.234 131.356
118.234 131.356
118.458 131.606
118.683 131.856
118.683 131.856
118.683 131.856
118.683 131.856
118.683 131.856
118.683 131.856
119.132 132.356
119.132 132.356
119.356 132.606
119.581 132.856
119.581 132.856
119.581 132.856
120.03 133.356
120.03 133.356
120.479 133.856
120.479 133.856
120.479 133.856
120.479 133.856
120.479 133.856
120.479 133.856
120.479 133.856
120.928 134.356
121.377 134.856
121.377 134.856
121.377 134.856
121.826 135.356
121.826 135.356
122.275 135.856
122.275 135.856
122.275 135.856
122.275 135.856
122.275 135.856
122.275 135.856
122.275 135.856
122.725 136.356
122.725 136.356
122.949 136.606
122.949 136.606
123.174 136.856
123.174 136.856
123.174 136.856
123.398 137.106
123.398 137.106
123.623 137.356
123.623 137.356
124.072 137.856
124.072 137.856
124.072 137.856
124.072 137.856
124.072 137.856
124.072 137.856
124.072 137.856
124.521 138.356
124.97 138.856
124.97 138.856
124.97 138.856
125.419 139.356
125.419 139.356
125.644 139.606
125.868 139.856
125.868 139.856
125.868 139.856
125.868 139.856
125.868 139.856
125.868 139.856
125.868 139.856
126.317 140.356
126.317 140.356
126.542 140.606
126.542 140.606
126.766 140.856
126.766 140.856
126.766 140.856
126.766 140.856
127.216 141.356
127.451 141.619
127.665 141.856
127.665 141.856
127.665 141.856
127.665 141.856
127.665 141.856
127.665 141.856
127.672 141.865
128.114 142.356
128.114 142.356
128.338 142.606
128.563 142.856
128.563 142.856
128.563 142.856
129.012 143.356
129.236 143.606
129.461 143.856
129.461 143.856
129.461 143.856
129.461 143.856
129.461 143.856
129.461 143.856
129.461 143.856
129.91 144.356
129.91 144.356
130.359 144.856
130.359 144.856
130.359 144.856
130.359 144.856
130.359 144.856
130.584 145.106
130.584 145.106
130.808 145.356
130.808 145.356
131.033 145.606
131.033 145.606
131.033 145.606
131.257 145.856
131.257 145.856
131.257 145.856
131.257 145.856
131.257 145.856
131.709 146.356
131.709 146.356
131.709 146.356
132.16 146.856
132.16 146.856
132.16 146.856
132.612 147.356
132.612 147.356
133.064 147.856
133.064 147.856
133.064 147.856
133.064 147.856
133.064 147.856
133.516 148.356
133.516 148.356
133.516 148.356
133.968 148.856
133.968 148.856
134.193 149.106
134.419 149.356
134.419 149.356
134.419 149.356
134.645 149.606
134.871 149.856
134.871 149.856
134.871 149.856
134.871 149.856
135.323 150.356
135.549 150.606
135.549 150.606
135.775 150.856
136.001 151.106
136.227 151.356
136.227 151.356
136.453 151.606
136.453 151.606
136.453 151.606
136.453 151.606
136.904 152.106
137.13 152.356
137.13 152.356
137.356 152.606
137.356 152.606
137.356 152.606
137.356 152.606
137.356 152.606
137.808 153.106
138.034 153.356
138.034 153.356
138.26 153.606
138.486 153.856
138.486 153.856
138.486 153.856
138.486 153.856
139.163 154.606
139.389 154.856
139.615 155.106
139.841 155.356
140.067 155.606
140.067 155.606
140.067 155.606
140.519 156.106
140.745 156.356
140.971 156.606
140.971 156.606
140.971 156.606
140.971 156.606
141.196 156.856
141.422 157.106
141.422 157.106
141.422 157.106
141.422 157.106
141.648 157.356
141.648 157.356
141.874 157.606
141.874 157.606
142.1 157.856
142.1 157.856
142.1 157.856
142.1 157.856
142.1 157.856
142.1 157.856
142.552 158.356
142.552 158.356
142.778 158.606
142.778 158.606
142.778 158.606
143.004 158.856
143.004 158.856
143.004 158.856
143.004 158.856
143.23 159.106
143.456 159.356
143.456 159.356
143.456 159.356
143.681 159.606
143.681 159.606
143.681 159.606
143.681 159.606
143.681 159.606
143.681 159.606
144.133 160.106
144.144 160.119
144.144 160.119
144.202 160.183
144.202 160.183
144.356 160.354
144.356 160.354
144.358 160.356
144.583 160.606
144.583 160.606
144.583 160.606
144.586 160.61
144.586 160.61
144.808 160.856
145.032 161.106
145.032 161.106
145.257 161.356
145.257 161.356
145.257 161.356
145.482 161.606
145.482 161.606
145.707 161.856
145.707 161.856
145.707 161.856
145.707 161.856
145.707 161.856
146.157 162.356
146.157 162.356
146.157 162.356
146.607 162.856
146.831 163.106
146.831 163.106
146.831 163.106
147.056 163.356
147.056 163.356
147.281 163.606
147.506 163.856
147.506 163.856
147.506 163.856
147.506 163.856
147.731 164.106
147.956 164.356
148.181 164.606
148.181 164.606
148.181 164.606
148.181 164.606
148.406 164.856
148.631 165.106
148.631 165.106
148.631 165.106
148.631 165.106
148.855 165.356
149.08 165.606
149.305 165.856
149.305 165.856
149.305 165.856
149.305 165.856
149.755 166.356
149.98 166.606
150.43 167.106
150.43 167.106
150.655 167.356
150.879 167.606
151.104 167.856
151.104 167.856
151.104 167.856
151.104 167.856
151.329 168.106
151.554 168.356
151.779 168.606
151.779 168.606
152.004 168.856
152.229 169.106
152.454 169.356
152.679 169.606
152.903 169.856
152.903 169.856
153.128 170.106
153.353 170.356
153.578 170.606
154.028 171.106
154.028 171.106
154.028 171.106
154.253 171.356
154.478 171.606
154.703 171.856
154.703 171.856
154.703 171.856
154.703 171.856
154.927 172.106
155.152 172.356
155.377 172.606
155.377 172.606
155.377 172.606
155.377 172.606
155.602 172.856
155.827 173.106
155.827 173.106
155.827 173.106
155.827 173.106
156.052 173.356
156.502 173.856
156.502 173.856
156.502 173.856
156.502 173.856
156.502 173.856
156.951 174.356
157.176 174.606
157.401 174.856
157.626 175.106
157.626 175.106
157.626 175.106
157.851 175.356
158.076 175.606
158.076 175.606
158.301 175.856
158.301 175.856
158.301 175.856
158.301 175.856
158.301 175.856
158.526 176.106
158.751 176.356
158.975 176.606
158.975 176.606
159.2 176.856
159.425 177.106
159.425 177.106
159.425 177.106
159.425 177.106
160.1 177.856
160.1 177.856
160.1 177.856
160.1 177.856
160.1 177.856
160.1 177.856
160.55 178.356
160.999 178.856
160.999 178.856
160.999 178.856
160.999 178.856
161.224 179.106
161.449 179.356
161.674 179.606
161.899 179.856
161.899 179.856
161.899 179.856
163.698 181.856
163.698 181.856
163.698 181.856
164.148 182.356
164.598 182.856
164.598 182.856
164.598 182.856
164.822 183.106
165.047 183.356
165.047 183.356
165.272 183.606
165.497 183.856
165.497 183.856
165.497 183.856
165.497 183.856
165.947 184.356
165.947 184.356
166.397 184.856
166.397 184.856
166.397 184.856
166.397 184.856
166.846 185.356
166.846 185.356
167.296 185.856
167.296 185.856
167.296 185.856
167.296 185.856
168.196 186.856
168.196 186.856
168.196 186.856
168.421 187.106
168.646 187.356
169.095 187.856
169.095 187.856
169.095 187.856
169.545 188.356
169.545 188.356
169.77 188.606
169.995 188.856
169.995 188.856
169.995 188.856
169.995 188.856
170.22 189.106
170.445 189.356
170.445 189.356
170.894 189.856
170.894 189.856
170.894 189.856
170.894 189.856
170.894 189.856
171.344 190.356
171.794 190.856
171.794 190.856
171.794 190.856
172.019 191.106
172.244 191.356
172.244 191.356
172.469 191.606
172.694 191.856
172.694 191.856
172.694 191.856
172.694 191.856
173.143 192.356
173.185 192.402
173.368 192.606
173.593 192.856
173.593 192.856
174.043 193.356
174.043 193.356
174.493 193.856
174.493 193.856
174.493 193.856
174.493 193.856
174.942 194.356
174.942 194.356
175.392 194.856
175.392 194.856
175.842 195.356
176.067 195.606
176.292 195.856
176.292 195.856
176.292 195.856
176.517 196.106
176.742 196.356
176.742 196.356
176.966 196.606
177.191 196.856
177.191 196.856
177.191 196.856
177.191 196.856
177.416 197.106
177.641 197.356
177.641 197.356
178.091 197.856
178.091 197.856
178.091 197.856
178.091 197.856
178.541 198.356
178.99 198.856
178.99 198.856
178.99 198.856
178.99 198.856
179.215 199.106
179.44 199.356
179.44 199.356
179.665 199.606
179.89 199.856
179.89 199.856
179.89 199.856
180.34 200.356
180.34 200.356
180.79 200.856
180.79 200.856
180.79 200.856
180.79 200.856
181.239 201.356
181.239 201.356
181.464 201.606
181.689 201.856
181.689 201.856
181.689 201.856
182.139 202.356
182.589 202.856
182.589 202.856
182.589 202.856
183.038 203.356
183.488 203.856
183.488 203.856
183.488 203.856
183.713 204.106
183.938 204.356
183.938 204.356
184.163 204.606
184.388 204.856
184.388 204.856
184.388 204.856
184.388 204.856
184.613 205.106
184.837 205.356
184.837 205.356
184.837 205.356
185.062 205.606
185.062 205.606
185.287 205.856
185.287 205.856
185.287 205.856
185.287 205.856
185.737 206.356
185.737 206.356
186.187 206.856
186.187 206.856
186.187 206.856
186.187 206.856
186.637 207.356
186.637 207.356
186.861 207.606
187.086 207.856
187.086 207.856
187.086 207.856
187.536 208.356
187.536 208.356
187.986 208.856
187.986 208.856
187.986 208.856
188.436 209.356
188.436 209.356
188.661 209.606
188.885 209.856
188.885 209.856
188.885 209.856
188.885 209.856
188.885 209.856
189.335 210.356
189.335 210.356
189.785 210.856
189.785 210.856
190.01 211.106
190.235 211.356
190.235 211.356
190.685 211.856
190.685 211.856
190.685 211.856
191.134 212.356
191.584 212.856
191.584 212.856
191.584 212.856
191.584 212.856
191.584 212.856
191.809 213.106
191.809 213.106
192.034 213.356
192.259 213.606
192.484 213.856
192.484 213.856
192.484 213.856
192.484 213.856
192.484 213.856
192.933 214.356
192.933 214.356
193.383 214.856
193.383 214.856
193.383 214.856
193.383 214.856
193.833 215.356
193.833 215.356
194.058 215.606
194.283 215.856
194.283 215.856
194.283 215.856
194.283 215.856
194.733 216.356
194.733 216.356
194.733 216.356
195.182 216.856
195.182 216.856
195.182 216.856
195.632 217.356
195.857 217.606
196.082 217.856
196.082 217.856
196.082 217.856
196.082 217.856
196.082 217.856
196.082 217.856
196.532 218.356
196.532 218.356
196.981 218.856
196.981 218.856
196.981 218.856
196.981 218.856
197.431 219.356
197.431 219.356
197.656 219.606
197.881 219.856
197.881 219.856
197.881 219.856
197.881 219.856
198.331 220.356
198.331 220.356
198.777 220.852
198.781 220.856
198.781 220.856
198.781 220.856
198.781 220.856
199.086 221.196
199.23 221.356
199.378 221.521
199.654 221.827
199.68 221.856
199.68 221.856
199.68 221.856
199.68 221.856
200.13 222.356
200.13 222.356
200.58 222.856
200.58 222.856
200.58 222.856
200.58 222.856
200.58 222.856
201.029 223.356
201.029 223.356
201.029 223.356
201.254 223.606
201.479 223.856
201.479 223.856
201.479 223.856
201.479 223.856
201.929 224.356
201.929 224.356
201.929 224.356
202.379 224.856
202.379 224.856
202.379 224.856
202.812 225.337
202.828 225.356
203.031 225.581
203.278 225.856
203.278 225.856
203.278 225.856
203.278 225.856
203.278 225.856
203.284 225.863
203.587 226.2
203.728 226.356
203.728 226.356
203.863 226.506
204.137 226.81
204.178 226.856
204.178 226.856
204.178 226.856
204.178 226.856
204.455 227.165
204.628 227.356
204.763 227.506
205.042 227.817
205.077 227.856
205.077 227.856
205.077 227.856
205.077 227.856
205.077 227.856
205.302 228.106
205.328 228.135
205.634 228.475
205.928 228.802
205.977 228.856
205.977 228.856
205.977 228.856
206.427 229.356
206.427 229.356
206.652 229.606
206.876 229.856
206.876 229.856
206.876 229.856
206.876 229.856
206.876 229.856
206.876 229.856
207.326 230.356
207.326 230.356
207.326 230.356
207.551 230.606
207.776 230.856
207.776 230.856
207.776 230.856
207.776 230.856
208.226 231.356
208.226 231.356
208.676 231.856
208.676 231.856
208.676 231.856
208.676 231.856
208.676 231.856
208.676 231.856
208.676 231.856
209.125 232.356
209.575 232.856
209.575 232.856
209.575 232.856
210.025 233.356
210.025 233.356
210.025 233.356
210.25 233.606
210.25 233.606
210.475 233.856
210.475 233.856
210.475 233.856
210.475 233.856
210.475 233.856
210.925 234.356
211.377 234.856
211.377 234.856
211.377 234.856
211.377 234.856
211.828 235.356
212.053 235.606
212.279 235.856
212.279 235.856
212.279 235.856
212.279 235.856
212.279 235.856
212.279 235.856
212.279 235.856
212.279 235.856
212.73 236.356
212.73 236.356
212.73 236.356
212.956 236.606
212.956 236.606
212.956 236.606
213.181 236.856
213.181 236.856
213.181 236.856
213.181 236.856
213.181 236.856
213.632 237.356
213.632 237.356
213.632 237.356
213.858 237.606
213.858 237.606
214.083 237.856
214.083 237.856
214.083 237.856
214.083 237.856
214.083 237.856
214.083 237.856
214.083 237.856
214.535 238.356
214.986 238.856
214.986 238.856
214.986 238.856
215.437 239.356
215.437 239.356
215.662 239.606
215.888 239.856
215.888 239.856
215.888 239.856
215.888 239.856
215.888 239.856
215.888 239.856
216.339 240.356
216.339 240.356
216.565 240.606
216.79 240.856
216.79 240.856
216.79 240.856
217.241 241.356
217.241 241.356
217.692 241.856
217.692 241.856
217.692 241.856
217.692 241.856
217.692 241.856
217.692 241.856
217.692 241.856
218.144 242.356
218.595 242.856
218.595 242.856
218.595 242.856
219.046 243.356
219.046 243.356
219.497 243.856
219.497 243.856
219.497 243.856
219.497 243.856
219.497 243.856
219.497 243.856
219.497 243.856
219.948 244.356
219.948 244.356
220.174 244.606
220.174 244.606
220.399 244.856
220.399 244.856
220.399 244.856
220.625 245.106
220.625 245.106
220.85 245.356
220.85 245.356
221.301 245.856
221.301 245.856
221.301 245.856
221.301 245.856
221.301 245.856
221.301 245.856
221.301 245.856
221.753 246.356
222.204 246.856
222.204 246.856
222.204 246.856
222.655 247.356
222.655 247.356
222.88 247.606
223.106 247.856
223.106 247.856
223.106 247.856
223.106 247.856
223.106 247.856
223.106 247.856
223.106 247.856
223.557 248.356
223.557 248.356
223.783 248.606
223.783 248.606
224.008 248.856
224.008 248.856
224.008 248.856
224.008 248.856
224.459 249.356
224.696 249.619
224.91 249.856
224.91 249.856
224.91 249.856
224.91 249.856
224.91 249.856
224.91 249.856
224.918 249.865
225.236 250.217
225.361 250.356
225.523 250.535
225.811 250.856
225.811 250.856
225.811 250.856
225.811 250.856
225.811 250.856
225.815 250.86
226.111 251.19
226.405 251.517
226.711 251.856
226.711 251.856
226.711 251.856
226.711 251.856
226.711 251.856
226.711 251.856
226.713 251.858
227.14 252.333
227.16 252.356
227.61 252.856
227.61 252.856
227.61 252.856
227.61 252.856
227.61 252.856
227.835 253.106
227.835 253.106
228.06 253.356
228.285 253.606
228.285 253.606
228.285 253.606
228.285 253.606
228.51 253.856
228.51 253.856
228.51 253.856
228.51 253.856
228.51 253.856
228.51 253.856
228.51 253.856
228.96 254.356
229.409 254.856
229.409 254.856
229.409 254.856
229.859 255.356
229.859 255.356
230.084 255.606
230.309 255.856
230.309 255.856
230.309 255.856
230.309 255.856
230.309 255.856
230.309 255.856
230.759 256.356
230.759 256.356
230.984 256.606
231.208 256.856
231.208 256.856
231.208 256.856
231.658 257.356
231.658 257.356
232.108 257.856
232.108 257.856
232.108 257.856
232.108 257.856
232.108 257.856
232.108 257.856
232.108 257.856
232.558 258.356
233.008 258.856
233.008 258.856
233.008 258.856
233.457 259.356
233.457 259.356
233.907 259.856
233.907 259.856
233.907 259.856
233.907 259.856
233.907 259.856
233.907 259.856
233.907 259.856
234.357 260.356
234.357 260.356
234.582 260.606
234.582 260.606
234.807 260.856
234.807 260.856
234.807 260.856
235.032 261.106
235.032 261.106
235.256 261.356
235.256 261.356
235.706 261.856
235.706 261.856
235.706 261.856
235.706 261.856
235.706 261.856
235.706 261.856
235.706 261.856
236.156 262.356
236.606 262.856
236.606 262.856
236.606 262.856
237.055 263.356
237.055 263.356
237.28 263.606
237.505 263.856
237.505 263.856
237.505 263.856
237.505 263.856
237.505 263.856
237.505 263.856
237.505 263.856
237.955 264.356
237.955 264.356
238.18 264.606
238.18 264.606
238.405 264.856
238.405 264.856
238.405 264.856
238.405 264.856
238.855 265.356
239.091 265.619
239.304 265.856
239.304 265.856
239.304 265.856
239.304 265.856
239.304 265.856
239.304 265.856
239.312 265.865
239.754 266.356
239.754 266.356
239.979 266.606
240.204 266.856
240.204 266.856
240.204 266.856
240.654 267.356
240.879 267.606
241.103 267.856
241.103 267.856
241.103 267.856
241.103 267.856
241.103 267.856
241.103 267.856
241.103 267.856
241.553 268.356
241.553 268.356
242.003 268.856
242.003 268.856
242.003 268.856
242.003 268.856
242.003 268.856
242.228 269.106
242.228 269.106
242.453 269.356
242.453 269.356
242.678 269.606
242.678 269.606
242.678 269.606
242.903 269.856
242.903 269.856
242.903 269.856
242.903 269.856
243.352 270.356
243.352 270.356
243.802 270.856
243.802 270.856
243.802 270.856
244.252 271.356
244.702 271.856
244.702 271.856
244.702 271.856
244.702 271.856
244.702 271.856
245.151 272.356
245.151 272.356
245.151 272.356
245.151 272.356
245.601 272.856
245.601 272.856
245.601 272.856
245.601 272.856
245.601 272.856
245.601 272.856
246.051 273.356
246.501 273.856
246.501 273.856
246.501 273.856
246.501 273.856
246.501 273.856
246.501 273.856
246.501 273.856
246.951 274.356
247.4 274.856
247.4 274.856
247.4 274.856
247.85 275.356
247.85 275.356
248.075 275.606
248.3 275.856
248.3 275.856
248.3 275.856
248.3 275.856
248.3 275.856
248.3 275.856
248.75 276.356
248.75 276.356
248.975 276.606
249.199 276.856
249.199 276.856
249.199 276.856
249.649 277.356
249.649 277.356
250.099 277.856
250.099 277.856
250.099 277.856
250.099 277.856
250.099 277.856
250.099 277.856
250.099 277.856
250.549 278.356
250.999 278.856
250.999 278.856
250.999 278.856
251.448 279.356
251.448 279.356
251.898 279.856
251.898 279.856
251.898 279.856
251.898 279.856
251.898 279.856
251.898 279.856
251.898 279.856
252.348 280.356
252.348 280.356
252.573 280.606
252.573 280.606
252.798 280.856
252.798 280.856
252.798 280.856
253.023 281.106
253.023 281.106
253.247 281.356
253.247 281.356
253.697 281.856
253.697 281.856
253.697 281.856
253.697 281.856
253.697 281.856
253.697 281.856
253.697 281.856
254.147 282.356
254.597 282.856
254.597 282.856
254.597 282.856
255.046 283.356
255.046 283.356
255.271 283.606
255.496 283.856
255.496 283.856
255.496 283.856
255.496 283.856
255.496 283.856
255.496 283.856
255.496 283.856
255.946 284.356
255.946 284.356
256.171 284.606
256.171 284.606
256.396 284.856
256.396 284.856
256.396 284.856
256.396 284.856
256.846 285.356
257.082 285.619
257.295 285.856
257.295 285.856
257.295 285.856
257.295 285.856
257.295 285.856
257.295 285.856
257.303 285.865
257.62 286.217
257.745 286.356
257.906 286.535
258.195 286.856
258.195 286.856
258.195 286.856
258.195 286.856
258.195 286.856
258.199 286.86
258.495 287.19
258.789 287.517
259.094 287.856
259.094 287.856
259.094 287.856
259.094 287.856
259.094 287.856
259.094 287.856
259.096 287.858
259.524 288.333
259.544 288.356
259.994 288.856
259.994 288.856
259.994 288.856
259.994 288.856
259.994 288.856
260.219 289.106
260.219 289.106
260.444 289.356
260.669 289.606
260.669 289.606
260.669 289.606
260.669 289.606
260.894 289.856
260.894 289.856
260.894 289.856
260.894 289.856
260.894 289.856
260.894 289.856
260.894 289.856
261.343 290.356
261.793 290.856
261.793 290.856
261.793 290.856
262.243 291.356
262.243 291.356
262.468 291.606
262.693 291.856
262.693 291.856
262.693 291.856
262.693 291.856
262.693 291.856
262.693 291.856
263.142 292.356
263.142 292.356
263.367 292.606
263.592 292.856
263.592 292.856
263.592 292.856
264.042 293.356
264.042 293.356
264.492 293.856
264.492 293.856
264.492 293.856
264.492 293.856
264.492 293.856
264.492 293.856
264.492 293.856
264.942 294.356
265.391 294.856
265.391 294.856
265.391 294.856
265.841 295.356
265.841 295.356
266.291 295.856
266.291 295.856
266.291 295.856
266.291 295.856
266.291 295.856
266.291 295.856
266.291 295.856
266.741 296.356
266.741 296.356
266.966 296.606
266.966 296.606
267.19 296.856
267.19 296.856
267.19 296.856
267.415 297.106
267.415 297.106
267.64 297.356
267.64 297.356
268.09 297.856
268.09 297.856
268.09 297.856
268.09 297.856
268.09 297.856
268.09 297.856
268.09 297.856
268.54 298.356
268.99 298.856
268.99 298.856
268.99 298.856
269.439 299.356
269.439 299.356
269.664 299.606
269.889 299.856
269.889 299.856
269.889 299.856
269.889 299.856
269.889 299.856
269.889 299.856
269.889 299.856
270.339 300.356
270.339 300.356
270.564 300.606
270.564 300.606
270.789 300.856
270.789 300.856
270.789 300.856
270.789 300.856
271.238 301.356
271.475 301.619
271.688 301.856
271.688 301.856
271.688 301.856
271.688 301.856
271.688 301.856
271.688 301.856
271.696 301.865
272.138 302.356
272.138 302.356
272.363 302.606
272.588 302.856
272.588 302.856
272.588 302.856
273.037 303.356
273.262 303.606
273.487 303.856
273.487 303.856
273.487 303.856
273.487 303.856
273.487 303.856
273.487 303.856
273.487 303.856
273.937 304.356
273.937 304.356
274.387 304.856
274.387 304.856
274.387 304.856
274.387 304.856
274.387 304.856
274.612 305.106
274.612 305.106
274.837 305.356
274.837 305.356
275.061 305.606
275.061 305.606
275.061 305.606
275.286 305.856
275.286 305.856
275.286 305.856
275.286 305.856
275.286 305.856
275.286 305.856
275.286 305.856
275.286 305.856
275.736 306.356
275.736 306.356
276.186 306.856
276.636 307.356
277.085 307.856
277.085 307.856
277.085 307.856
278.21 309.106
278.435 309.356
278.66 309.606
278.885 309.856
278.885 309.856
278.885 309.856
278.885 309.856
279.334 310.356
279.334 310.356
279.559 310.606
279.784 310.856
280.234 311.356
280.234 311.356
280.459 311.606
280.684 311.856
280.684 311.856
280.684 311.856
281.133 312.356
281.358 312.606
282.033 313.356
282.258 313.606
282.462 313.833
282.464 313.835
282.479 313.852
282.483 313.856
282.485 313.858
282.933 314.356
283.157 314.606
283.414 314.892
283.416 314.894
283.427 314.906
283.832 315.356
284.057 315.606
284.302 315.879
284.302 315.879
284.304 315.881
284.732 316.356
284.957 316.606
285.172 316.846
285.174 316.848
285.176 316.85
285.612 317.335
285.62 317.344
286.062 317.835
286.064 317.837
286.075 317.85
286.135 317.917
286.542 318.369
286.559 318.387
287.052 318.935
287.1 318.99
287.102 318.992
287.104 318.994
287.552 319.492
287.612 319.558
288.118 320.121
288.124 320.127
288.126 320.129
288.127 320.131
288.654 320.717
288.695 320.763
289.278 321.41
289.28 321.413
289.282 321.415
289.364 321.506
290.016 322.231
290.843 323.15
291.263 323.617
291.426 323.798
291.549 323.935
291.829 324.246
292.132 324.583
292.451 324.938
292.807 325.333
292.807 325.333
292.813 325.34
293.197 325.767
293.199 325.769
293.596 326.21
293.607 326.223
294.021 326.683
294.023 326.685
294.036 326.7
295.213 328.008
295.245 328.044
