0.406569 0.53125
0.406569 0.53125
0.406569 0.53125
0.406569 0.53125
1.17187 1.53125
1.17187 1.53125
1.68208 2.19792
1.93718 2.53125
1.93718 2.53125
1.93718 2.53125
1.93718 2.53125
2.70249 3.53125
2.70249 3.53125
2.70249 3.53125
3.46779 4.53125
3.46779 4.53125
3.46779 4.53125
3.46779 4.53125
3.46779 4.53125
3.46779 4.53125
4.2331 5.53125
4.2331 5.53125
4.2331 5.53125
4.4882 5.86458
4.7433 6.19792
4.9984 6.53125
4.9984 6.53125
4.9984 6.53125
4.9984 6.53125
5.76371 7.53125
6.01881 7.86458
6.27391 8.19792
6.52902 8.53125
6.52902 8.53125
7.29432 9.53125
7.29432 9.53125
7.29432 9.53125
7.29432 9.53125
7.80453 10.1979
8.05963 10.5312
8.05963 10.5312
8.05963 10.5312
8.05963 10.5312
8.05963 10.5312
8.82493 11.5312
8.82493 11.5312
9.08004 11.8646
9.33514 12.1979
9.59024 12.5312
9.59024 12.5312
9.59024 12.5312
9.59024 12.5312
9.59024 12.5312
10.1004 13.1979
10.3555 13.5312
10.3555 13.5312
10.6106 13.8646
10.8658 14.1979
11.1209 14.5312
11.1209 14.5312
11.1209 14.5312
11.1209 14.5312
11.1209 14.5312
11.8862 15.5313
12.1413 15.8646
12.3964 16.1979
12.6515 16.5312
12.6515 16.5312
12.6515 16.5312
12.6515 16.5312
13.4189 17.5312
13.4189 17.5312
13.4189 17.5312
13.6753 17.8646
13.9317 18.1979
13.9317 18.1979
13.9317 18.1979
14.1881 18.5312
14.1881 18.5312
14.1881 18.5312
14.1881 18.5312
14.1881 18.5312
14.9573 19.5312
15.2137 19.8646
15.4701 20.1979
15.7265 20.5312
15.7265 20.5312
15.7265 20.5312
15.7265 20.5312
16.4958 21.5313
16.4958 21.5313
16.4958 21.5313
17.0086 22.1979
17.0086 22.1979
17.265 22.5312
17.265 22.5312
17.265 22.5312
17.265 22.5312
18.0342 23.5312
18.0342 23.5312
18.2906 23.8646
18.5471 24.1979
18.8035 24.5312
18.8035 24.5312
18.8035 24.5312
18.8035 24.5312
18.8035 24.5312
19.5727 25.5312
19.5727 25.5312
19.5727 25.5312
19.8291 25.8646
20.0855 26.1979
20.3419 26.5312
20.3419 26.5312
20.3419 26.5312
20.3419 26.5312
20.3419 26.5312
21.1112 27.5312
21.1112 27.5312
21.1112 27.5312
21.3676 27.8646
21.624 28.1979
21.624 28.1979
21.8804 28.5312
21.8804 28.5312
21.8804 28.5312
21.8804 28.5312
22.3932 29.1979
22.3932 29.1979
22.6496 29.5312
22.6496 29.5312
22.906 29.8646
23.1624 30.1979
23.1624 30.1979
23.4188 30.5312
23.4188 30.5312
23.4188 30.5312
24.4445 31.8646
24.7009 32.1979
24.7009 32.1979
24.9573 32.5312
24.9573 32.5312
24.9573 32.5312
24.9573 32.5312
24.9573 32.5312
25.2137 32.8646
25.4693 33.1979
25.7245 33.5312
25.9796 33.8646
26.2347 34.1979
26.4898 34.5312
27.8546 36.3146
27.9534 36.4438
28.0204 36.5312
28.0204 36.5312
28.0204 36.5312
28.0204 36.5312
28.0379 36.5542
28.0921 36.625
28.2755 36.8646
28.5306 37.1979
28.5306 37.1979
28.7857 37.5312
28.7857 37.5312
28.7857 37.5312
28.7857 37.5312
29.0408 37.8646
29.2959 38.1979
29.2959 38.1979
29.551 38.5312
29.551 38.5312
30.0612 39.1979
30.0612 39.1979
30.3163 39.5312
30.5714 39.8646
30.5714 39.8646
30.8265 40.1979
30.8265 40.1979
31.0816 40.5312
31.0816 40.5312
31.0816 40.5312
31.3367 40.8646
31.3367 40.8646
31.5946 41.1979
31.8543 41.5312
31.8543 41.5312
32.114 41.8646
32.3738 42.1979
32.3738 42.1979
32.6335 42.5313
32.6335 42.5313
32.6335 42.5313
32.8933 42.8646
33.153 43.1979
33.4127 43.5312
33.4127 43.5312
33.4127 43.5312
33.4127 43.5312
33.6725 43.8646
33.6725 43.8646
33.9322 44.1979
34.192 44.5312
34.192 44.5312
34.4517 44.8646
34.7114 45.1979
34.9712 45.5312
34.9712 45.5312
34.9712 45.5312
34.9712 45.5312
35.4907 46.1979
35.7504 46.5312
35.7504 46.5312
36.2699 47.1979
36.5296 47.5312
36.5296 47.5312
37.0471 48.1979
37.0471 48.1979
37.3035 48.5312
37.3035 48.5312
37.5599 48.8646
37.5599 48.8646
37.8163 49.1979
37.8163 49.1979
38.0728 49.5312
38.0728 49.5312
38.3292 49.8646
38.5856 50.1979
38.842 50.5312
38.842 50.5312
38.842 50.5312
38.842 50.5312
38.842 50.5312
38.842 50.5312
38.842 50.5312
39.6112 51.5312
39.8676 51.8646
40.124 52.1979
40.3804 52.5312
40.3804 52.5312
40.6369 52.8646
40.6369 52.8646
40.8933 53.1979
40.8933 53.1979
41.1497 53.5312
41.1497 53.5312
41.1497 53.5312
41.6625 54.1979
41.6625 54.1979
41.9189 54.5312
41.9189 54.5312
41.9189 54.5312
42.4317 55.1979
42.6881 55.5312
42.6881 55.5312
42.6881 55.5312
42.9445 55.8646
42.9445 55.8646
43.201 56.1979
43.201 56.1979
43.4574 56.5312
43.4574 56.5312
43.4574 56.5312
43.4574 56.5312
43.4574 56.5312
43.4574 56.5312
43.4574 56.5312
43.7138 56.8646
43.9702 57.1979
44.2266 57.5313
44.2266 57.5313
44.2266 57.5313
44.483 57.8646
44.7394 58.1979
44.7394 58.1979
44.9958 58.5312
44.9958 58.5312
44.9958 58.5312
45.2522 58.8646
45.5086 59.1979
45.7651 59.5312
45.7651 59.5312
46.0215 59.8646
46.0215 59.8646
46.2779 60.1979
46.5343 60.5312
46.5343 60.5312
46.5343 60.5312
46.5343 60.5312
46.5343 60.5312
46.7907 60.8646
47.0471 61.1979
47.3035 61.5312
47.3035 61.5312
47.3035 61.5312
47.5599 61.8646
47.8163 62.1979
48.0727 62.5312
48.0727 62.5312
48.0727 62.5312
48.0727 62.5312
48.0727 62.5312
48.0727 62.5312
48.5856 63.1979
48.842 63.5312
48.842 63.5312
49.0984 63.8646
49.3548 64.1979
49.3548 64.1979
49.6112 64.5312
49.6112 64.5312
49.6112 64.5312
49.6112 64.5312
49.8676 64.8646
50.3804 65.5312
50.3804 65.5312
50.3804 65.5312
50.3804 65.5312
50.6368 65.8646
50.8933 66.1979
50.8933 66.1979
51.1497 66.5312
51.1497 66.5312
51.1497 66.5312
51.1497 66.5312
51.9163 67.5312
51.9163 67.5312
51.9163 67.5312
51.9163 67.5312
52.1711 67.8646
52.1711 67.8646
52.1711 67.8646
52.4258 68.1979
52.4258 68.1979
52.4258 68.1979
52.4258 68.1979
52.437 68.2125
52.6806 68.5312
52.6806 68.5312
52.6806 68.5312
52.6806 68.5312
52.695 68.55
53.1902 69.1979
53.1902 69.1979
53.3988 69.4708
53.445 69.5312
53.445 69.5312
53.445 69.5312
53.6997 69.8646
53.9545 70.1979
53.9911 70.2458
54.2093 70.5312
54.2093 70.5312
54.2093 70.5312
54.2093 70.5312
54.2093 70.5312
54.2093 70.5312
54.2507 70.5854
54.9736 71.5312
54.9736 71.5312
54.9736 71.5312
54.9736 71.5312
55.2284 71.8646
55.4832 72.1979
55.7379 72.5312
55.7379 72.5312
55.7379 72.5312
55.7379 72.5312
55.7379 72.5312
55.7379 72.5312
56.2475 73.1979
56.5023 73.5312
56.5023 73.5312
56.5023 73.5312
56.5023 73.5312
56.5023 73.5312
56.7571 73.8646
57.0118 74.1979
57.0118 74.1979
57.0118 74.1979
57.0118 74.1979
57.0118 74.1979
57.2666 74.5312
57.2666 74.5312
57.2666 74.5312
57.2666 74.5312
57.2666 74.5312
57.2666 74.5312
57.2666 74.5312
57.5214 74.8646
57.7762 75.1979
58.0309 75.5312
58.0309 75.5312
58.0309 75.5312
58.2857 75.8646
58.5405 76.1979
58.5405 76.1979
58.7953 76.5312
58.7953 76.5312
58.7953 76.5312
58.7953 76.5312
58.7953 76.5312
58.7953 76.5312
58.7953 76.5312
59.3048 77.1979
59.5596 77.5312
59.5596 77.5312
59.5596 77.5312
59.5596 77.5312
59.8144 77.8646
59.8144 77.8646
59.8144 77.8646
60.0692 78.1979
60.0692 78.1979
60.3239 78.5312
60.3239 78.5312
60.3239 78.5312
60.3239 78.5312
60.3239 78.5312
60.3239 78.5312
61.0883 79.5312
61.0883 79.5312
61.0883 79.5312
61.343 79.8646
61.343 79.8646
61.5978 80.1979
61.8526 80.5312
61.8526 80.5312
61.8526 80.5312
61.8526 80.5312
61.8526 80.5312
62.3621 81.1979
62.6169 81.5312
62.6169 81.5312
62.6169 81.5312
62.6169 81.5312
62.8717 81.8646
63.1265 82.1979
63.3813 82.5312
63.3813 82.5312
63.3813 82.5312
63.3813 82.5312
63.3813 82.5312
64.1456 83.5312
64.1456 83.5312
64.4004 83.8646
64.6551 84.1979
64.6551 84.1979
64.9099 84.5312
64.9099 84.5312
64.9099 84.5312
64.9099 84.5312
64.9099 84.5312
64.9099 84.5312
65.4204 85.1979
65.6769 85.5313
65.6769 85.5313
65.6769 85.5313
65.9333 85.8646
66.1897 86.1979
66.1897 86.1979
66.4461 86.5312
66.4461 86.5312
66.4461 86.5312
66.4461 86.5312
66.4461 86.5312
66.4461 86.5312
66.9589 87.1979
67.2153 87.5312
67.2153 87.5312
67.4717 87.8646
67.4717 87.8646
67.7281 88.1979
67.7281 88.1979
67.9845 88.5312
67.9845 88.5312
67.9845 88.5312
67.9845 88.5312
68.7538 89.5312
68.7538 89.5312
68.7538 89.5312
69.0102 89.8646
69.2666 90.1979
69.523 90.5312
69.523 90.5312
69.523 90.5312
69.523 90.5312
69.523 90.5312
69.523 90.5312
70.2922 91.5312
70.2922 91.5312
70.5486 91.8646
70.8051 92.1979
70.8051 92.1979
71.0615 92.5312
71.0615 92.5312
71.0615 92.5312
71.0615 92.5312
71.0615 92.5312
71.5743 93.1979
71.8307 93.5312
71.8307 93.5312
71.8307 93.5312
72.0871 93.8646
72.3435 94.1979
72.3435 94.1979
72.5999 94.5312
72.5999 94.5312
72.5999 94.5312
72.5999 94.5312
72.5999 94.5312
73.1127 95.1979
73.3692 95.5312
73.3692 95.5312
73.6256 95.8646
73.882 96.1979
74.1384 96.5312
74.1384 96.5312
74.1384 96.5312
74.1384 96.5312
74.1384 96.5312
74.3948 96.8646
74.9076 97.5312
74.9076 97.5312
74.9076 97.5312
74.9076 97.5312
75.164 97.8646
75.164 97.8646
75.4204 98.1979
75.4204 98.1979
75.6768 98.5312
75.6768 98.5312
75.6768 98.5312
75.6768 98.5312
75.6768 98.5312
75.6768 98.5312
76.4461 99.5312
76.7025 99.8646
76.9589 100.198
77.2153 100.531
77.2153 100.531
77.2153 100.531
77.2153 100.531
77.7281 101.198
77.9845 101.531
77.9845 101.531
77.9845 101.531
77.9845 101.531
78.2409 101.865
78.2409 101.865
78.4974 102.198
78.4974 102.198
78.7538 102.531
78.7538 102.531
79.2666 103.198
79.523 103.531
79.523 103.531
79.7794 103.865
79.7794 103.865
80.0358 104.198
80.0358 104.198
80.0358 104.198
80.2922 104.531
80.2922 104.531
80.2922 104.531
80.5486 104.865
81.0615 105.531
81.0615 105.531
81.3179 105.865
81.5743 106.198
81.8307 106.531
81.8307 106.531
82.5999 107.531
82.5999 107.531
82.5999 107.531
82.5999 107.531
82.8563 107.865
82.8563 107.865
83.1127 108.198
83.1127 108.198
83.3691 108.531
83.3691 108.531
83.882 109.198
84.1384 109.531
84.1384 109.531
84.1384 109.531
84.1384 109.531
84.6512 110.198
84.9076 110.531
84.9076 110.531
85.6768 111.531
85.6768 111.531
85.6768 111.531
86.1897 112.198
86.1897 112.198
86.4461 112.531
86.4461 112.531
86.7025 112.865
86.9589 113.198
86.9589 113.198
87.2153 113.531
87.2153 113.531
87.4717 113.865
87.4717 113.865
87.7281 114.198
87.9845 114.531
87.9845 114.531
87.9845 114.531
87.9845 114.531
87.9845 114.531
87.9845 114.531
87.9845 114.531
88.7538 115.531
88.7538 115.531
89.0102 115.865
89.0102 115.865
89.2666 116.198
89.2666 116.198
89.523 116.531
89.523 116.531
89.7794 116.865
90.0358 117.198
90.2922 117.531
90.2922 117.531
90.2922 117.531
90.5486 117.865
90.805 118.198
90.805 118.198
91.0614 118.531
91.0614 118.531
91.0614 118.531
91.8307 119.531
91.8307 119.531
91.8307 119.531
92.0871 119.865
92.0871 119.865
92.3435 120.198
92.3435 120.198
92.5999 120.531
92.5999 120.531
92.5999 120.531
92.5999 120.531
92.5999 120.531
92.5999 120.531
93.1127 121.198
93.3691 121.531
93.3691 121.531
93.6255 121.865
93.882 122.198
94.1384 122.531
94.1384 122.531
94.9076 123.531
94.9076 123.531
94.9348 123.567
95.164 123.865
95.1752 123.879
95.4204 124.198
95.4316 124.213
95.6768 124.531
95.6768 124.531
95.6768 124.531
95.7089 124.573
96.2249 125.244
96.4461 125.531
96.4461 125.531
96.4925 125.592
96.7025 125.865
96.9925 126.242
97.2153 126.531
97.2153 126.531
97.2153 126.531
97.2153 126.531
97.2153 126.531
97.2666 126.598
97.7441 127.219
97.9845 127.531
97.9845 127.531
98.2409 127.865
98.4973 128.198
98.4989 128.2
98.7537 128.531
98.7537 128.531
98.7537 128.531
98.7842 128.571
99.2345 129.156
99.523 129.531
99.523 129.531
99.7794 129.865
100.036 130.198
100.036 130.198
100.292 130.531
100.292 130.531
100.292 130.531
100.292 130.531
101.061 131.531
101.061 131.531
101.318 131.865
101.574 132.198
101.574 132.198
101.831 132.531
101.831 132.531
101.831 132.531
101.831 132.531
102.6 133.531
102.6 133.531
103.113 134.198
103.369 134.531
103.369 134.531
103.369 134.531
103.369 134.531
104.138 135.531
104.138 135.531
104.138 135.531
104.908 136.531
104.908 136.531
104.908 136.531
104.908 136.531
104.908 136.531
104.908 136.531
105.677 137.531
105.677 137.531
105.677 137.531
105.933 137.865
106.19 138.198
106.446 138.531
106.446 138.531
106.446 138.531
106.446 138.531
107.215 139.531
107.472 139.865
107.728 140.198
107.985 140.531
107.985 140.531
108.754 141.531
108.754 141.531
108.754 141.531
108.754 141.531
109.267 142.198
109.523 142.531
109.523 142.531
109.523 142.531
109.523 142.531
109.523 142.531
110.292 143.531
110.292 143.531
110.549 143.865
110.805 144.198
111.061 144.531
111.061 144.531
111.061 144.531
111.061 144.531
111.061 144.531
111.574 145.198
111.831 145.531
111.831 145.531
112.087 145.865
112.343 146.198
112.6 146.531
112.6 146.531
112.6 146.531
112.6 146.531
112.6 146.531
113.369 147.531
113.626 147.865
113.882 148.198
114.138 148.531
114.138 148.531
114.138 148.531
114.138 148.531
114.908 149.531
114.908 149.531
114.908 149.531
115.164 149.865
115.42 150.198
115.42 150.198
115.42 150.198
115.677 150.531
115.677 150.531
115.677 150.531
115.677 150.531
115.677 150.531
116.446 151.531
116.702 151.865
116.959 152.198
117.215 152.531
117.215 152.531
117.215 152.531
117.215 152.531
117.984 153.531
117.984 153.531
117.984 153.531
118.497 154.198
118.497 154.198
118.754 154.531
118.754 154.531
118.754 154.531
118.754 154.531
119.523 155.531
119.523 155.531
119.779 155.865
120.036 156.198
120.292 156.531
120.292 156.531
120.292 156.531
120.292 156.531
120.292 156.531
121.061 157.531
121.061 157.531
121.061 157.531
121.318 157.865
121.574 158.198
121.831 158.531
121.831 158.531
121.831 158.531
121.831 158.531
121.831 158.531
122.6 159.531
122.6 159.531
122.6 159.531
122.856 159.865
123.113 160.198
123.113 160.198
123.369 160.531
123.369 160.531
123.369 160.531
123.369 160.531
123.882 161.198
124.138 161.531
124.138 161.531
124.395 161.865
124.651 162.198
124.908 162.531
124.908 162.531
124.908 162.531
124.908 162.531
124.908 162.531
125.164 162.865
125.164 162.865
125.164 162.865
125.164 162.865
125.164 162.865
125.42 163.198
125.42 163.198
125.42 163.198
125.42 163.198
125.42 163.198
125.677 163.531
125.677 163.531
125.677 163.531
125.677 163.531
125.933 163.865
125.933 163.865
126.19 164.198
126.19 164.198
126.201 164.213
126.446 164.531
126.446 164.531
126.446 164.531
126.446 164.531
126.46 164.55
126.959 165.198
126.959 165.198
127.169 165.471
127.215 165.531
127.215 165.531
127.215 165.531
127.472 165.865
127.728 166.198
127.765 166.246
127.984 166.531
127.984 166.531
127.984 166.531
127.984 166.531
127.984 166.531
127.984 166.531
128.026 166.585
128.754 167.531
128.754 167.531
128.754 167.531
128.754 167.531
129.01 167.865
129.267 168.198
129.523 168.531
129.523 168.531
129.523 168.531
129.523 168.531
129.523 168.531
129.523 168.531
130.036 169.198
130.292 169.531
130.292 169.531
130.292 169.531
130.292 169.531
130.292 169.531
130.549 169.865
130.805 170.198
130.805 170.198
130.805 170.198
130.805 170.198
130.805 170.198
131.061 170.531
131.061 170.531
131.061 170.531
131.061 170.531
131.061 170.531
131.061 170.531
131.061 170.531
131.318 170.865
131.574 171.198
131.831 171.531
131.831 171.531
131.831 171.531
132.087 171.865
132.343 172.198
132.343 172.198
132.6 172.531
132.6 172.531
132.6 172.531
132.6 172.531
132.6 172.531
132.6 172.531
132.6 172.531
133.113 173.198
133.369 173.531
133.369 173.531
133.369 173.531
133.369 173.531
133.626 173.865
133.626 173.865
133.626 173.865
133.882 174.198
133.882 174.198
134.138 174.531
134.138 174.531
134.138 174.531
134.138 174.531
134.138 174.531
134.138 174.531
134.908 175.531
134.908 175.531
134.908 175.531
135.164 175.865
135.164 175.865
135.42 176.198
135.677 176.531
135.677 176.531
135.677 176.531
135.677 176.531
135.677 176.531
136.19 177.198
136.446 177.531
136.446 177.531
136.446 177.531
136.446 177.531
136.702 177.865
136.959 178.198
137.215 178.531
137.215 178.531
137.215 178.531
137.215 178.531
137.215 178.531
137.984 179.531
137.984 179.531
138.241 179.865
138.497 180.198
138.497 180.198
138.754 180.531
138.754 180.531
138.754 180.531
138.754 180.531
138.754 180.531
138.754 180.531
139.267 181.198
139.523 181.531
139.523 181.531
139.523 181.531
139.779 181.865
140.036 182.198
140.036 182.198
140.292 182.531
140.292 182.531
140.292 182.531
140.292 182.531
140.292 182.531
140.292 182.531
140.805 183.198
141.061 183.531
141.061 183.531
141.318 183.865
141.318 183.865
141.574 184.198
141.574 184.198
141.831 184.531
141.831 184.531
141.831 184.531
141.831 184.531
142.6 185.531
142.6 185.531
142.6 185.531
142.856 185.865
143.113 186.198
143.369 186.531
143.369 186.531
143.369 186.531
143.369 186.531
143.369 186.531
143.369 186.531
144.138 187.531
144.138 187.531
144.395 187.865
144.651 188.198
144.651 188.198
144.908 188.531
144.908 188.531
144.908 188.531
144.908 188.531
144.908 188.531
145.42 189.198
145.677 189.531
145.677 189.531
145.677 189.531
145.933 189.865
146.19 190.198
146.19 190.198
146.446 190.531
146.446 190.531
146.446 190.531
146.446 190.531
146.446 190.531
146.959 191.198
147.215 191.531
147.215 191.531
147.472 191.865
147.728 192.198
147.984 192.531
147.984 192.531
147.984 192.531
147.984 192.531
147.984 192.531
148.241 192.865
148.754 193.531
148.754 193.531
148.754 193.531
148.754 193.531
149.01 193.865
149.01 193.865
149.267 194.198
149.267 194.198
149.523 194.531
149.523 194.531
149.523 194.531
149.523 194.531
149.523 194.531
149.523 194.531
150.292 195.531
150.549 195.865
150.805 196.198
151.061 196.531
151.061 196.531
151.061 196.531
151.061 196.531
151.574 197.198
151.831 197.531
151.831 197.531
151.831 197.531
151.831 197.531
152.087 197.865
152.087 197.865
152.343 198.198
152.343 198.198
152.6 198.531
152.6 198.531
153.113 199.198
153.369 199.531
153.369 199.531
153.625 199.865
153.625 199.865
153.882 200.198
153.882 200.198
153.882 200.198
154.138 200.531
154.138 200.531
154.138 200.531
154.395 200.865
154.908 201.531
154.908 201.531
155.164 201.865
155.42 202.198
155.677 202.531
155.677 202.531
156.446 203.531
156.446 203.531
156.446 203.531
156.446 203.531
156.702 203.865
156.702 203.865
156.959 204.198
156.959 204.198
157.215 204.531
157.215 204.531
157.728 205.198
157.984 205.531
157.984 205.531
157.984 205.531
157.984 205.531
158.497 206.198
158.754 206.531
158.754 206.531
159.523 207.531
159.523 207.531
159.523 207.531
160.036 208.198
160.036 208.198
160.292 208.531
160.292 208.531
160.549 208.865
160.805 209.198
160.805 209.198
161.061 209.531
161.061 209.531
161.318 209.865
161.318 209.865
161.574 210.198
161.831 210.531
161.831 210.531
161.831 210.531
161.831 210.531
161.831 210.531
161.831 210.531
161.831 210.531
162.6 211.531
162.6 211.531
162.856 211.865
162.856 211.865
163.113 212.198
163.113 212.198
163.369 212.531
163.369 212.531
163.625 212.865
163.882 213.198
164.138 213.531
164.138 213.531
164.138 213.531
164.395 213.865
164.651 214.198
164.651 214.198
164.908 214.531
164.908 214.531
164.908 214.531
165.677 215.531
165.677 215.531
165.677 215.531
165.933 215.865
165.933 215.865
166.19 216.198
166.19 216.198
166.446 216.531
166.446 216.531
166.446 216.531
166.446 216.531
166.446 216.531
166.446 216.531
166.959 217.198
167.215 217.531
167.215 217.531
167.472 217.865
167.728 218.198
167.984 218.531
167.984 218.531
168.754 219.531
168.754 219.531
168.781 219.567
169.01 219.865
169.021 219.879
169.266 220.198
169.278 220.213
169.523 220.531
169.523 220.531
169.523 220.531
169.555 220.573
170.071 221.244
170.292 221.531
170.292 221.531
170.339 221.592
170.549 221.865
170.839 222.242
171.061 222.531
171.061 222.531
171.061 222.531
171.061 222.531
171.061 222.531
171.113 222.598
171.59 223.219
171.831 223.531
171.831 223.531
172.087 223.865
172.343 224.198
172.345 224.2
172.6 224.531
172.6 224.531
172.6 224.531
172.63 224.571
173.081 225.156
173.369 225.531
173.369 225.531
173.625 225.865
173.882 226.198
173.882 226.198
174.138 226.531
174.138 226.531
174.138 226.531
174.138 226.531
174.138 226.531
174.869 227.481
174.908 227.531
174.908 227.531
175.125 227.815
175.164 227.865
175.382 228.148
175.42 228.198
175.674 228.527
175.677 228.531
175.677 228.531
175.677 228.531
175.677 228.531
176.19 229.198
176.446 229.531
176.446 229.531
176.446 229.531
176.702 229.865
176.959 230.198
177.215 230.531
177.215 230.531
177.215 230.531
177.215 230.531
177.215 230.531
177.215 230.531
177.984 231.531
180.366 234.627
181.896 236.617
184.597 240.127
185.973 241.917
186.02 241.977
186.023 241.981
186.024 241.983
186.026 241.985
186.031 241.992
186.736 242.908
186.744 242.919
186.744 242.919
186.749 242.925
187.005 243.258
187.031 243.292
187.266 243.598
187.271 243.604
187.55 243.967
187.568 243.99
188.103 244.685
188.292 244.931
188.417 245.094
188.422 245.1
189.651 246.698
189.835 246.938
189.839 246.942
189.842 246.946
189.843 246.948
189.847 246.952
189.848 246.954
191.095 248.575
191.433 249.015
191.701 249.363
191.984 249.731
192.247 250.073
