4.36141 6.6875
4.68749 7.1875
5.01358 7.6875
5.33967 8.1875
5.66575 8.6875
5.99184 9.1875
6.31793 9.6875
6.31793 9.6875
6.31793 9.6875
6.31793 9.6875
6.31793 9.6875
6.31793 9.6875
6.9701 10.6875
7.29619 11.1875
7.62227 11.6875
7.94836 12.1875
8.27444 12.6875
8.60053 13.1875
9.2527 14.1875
9.57879 14.6875
9.90488 15.1875
10.231 15.6875
10.5571 16.1875
10.5571 16.1875
10.5571 16.1875
10.8831 16.6875
11.2092 17.1875
11.5353 17.6875
11.5353 17.6875
11.5353 17.6875
11.5353 17.6875
12.1875 18.6875
12.5136 19.1875
12.8397 19.6875
13.1657 20.1875
13.4918 20.6875
13.8179 21.1875
14.4701 22.1875
14.7962 22.6875
15.1223 23.1875
15.1223 23.1875
15.4483 23.6875
15.7744 24.1875
16.1005 24.6875
16.4266 25.1875
16.7527 25.6875
16.7527 25.6875
16.7527 25.6875
16.7527 25.6875
16.7527 25.6875
16.7527 25.6875
17.4049 26.6875
17.731 27.1875
18.057 27.6875
18.3831 28.1875
18.7092 28.6875
19.0353 29.1875
19.6875 30.1875
20.0136 30.6875
20.0136 30.6875
20.3396 31.1875
20.3396 31.1875
20.6657 31.6875
20.9918 32.1875
20.9918 32.1875
20.9918 32.1875
21.3179 32.6875
21.644 33.1875
21.9701 33.6875
21.9701 33.6875
21.9701 33.6875
21.9701 33.6875
22.6223 34.6875
22.9483 35.1875
23.2744 35.6875
23.6005 36.1875
23.9266 36.6875
24.2527 37.1875
24.9049 38.1875
25.557 39.1875
26.5353 40.6875
26.8614 41.1875
27.1875 41.6875
27.1875 41.6875
27.5135 42.1875
27.5135 42.1875
27.5135 42.1875
28.1657 43.1875
28.1657 43.1875
28.1657 43.1875
28.1657 43.1875
28.4918 43.6875
28.8179 44.1875
28.8179 44.1875
28.8179 44.1875
29.4701 45.1875
29.4701 45.1875
29.4701 45.1875
29.4701 45.1875
29.7962 45.6875
30.1222 46.1875
30.1222 46.1875
30.1222 46.1875
30.1222 46.1875
30.4483 46.6875
30.7744 47.1875
30.7744 47.1875
30.7744 47.1875
30.7744 47.1875
30.7744 47.1875
31.1005 47.6875
31.4266 48.1875
31.4266 48.1875
31.4266 48.1875
31.4266 48.1875
31.4266 48.1875
31.7527 48.6875
31.7527 48.6875
32.0788 49.1875
32.0788 49.1875
32.0788 49.1875
32.0788 49.1875
32.0788 49.1875
32.4048 49.6875
32.4048 49.6875
32.7309 50.1875
32.7309 50.1875
32.7309 50.1875
32.7309 50.1875
33.057 50.6875
33.3831 51.1875
33.3831 51.1875
33.3831 51.1875
33.3831 51.1875
33.3831 51.1875
33.7092 51.6875
34.0353 52.1875
34.0353 52.1875
34.0353 52.1875
34.3614 52.6875
34.6875 53.1875
34.6875 53.1875
34.6875 53.1875
34.6875 53.1875
34.6875 53.1875
35.0135 53.6875
35.3396 54.1875
35.3396 54.1875
35.3396 54.1875
35.9918 55.1875
35.9918 55.1875
35.9918 55.1875
35.9918 55.1875
36.3179 55.6875
36.644 56.1875
36.644 56.1875
36.644 56.1875
36.644 56.1875
36.644 56.1875
36.9701 56.6875
36.9701 56.6875
37.2961 57.1875
37.2961 57.1875
37.2961 57.1875
37.2961 57.1875
37.2961 57.1875
37.2961 57.1875
37.2961 57.1875
37.6222 57.6875
37.6222 57.6875
37.6222 57.6875
37.6222 57.6875
37.9483 58.1875
37.9483 58.1875
37.9483 58.1875
38.6005 59.1875
38.6005 59.1875
38.6005 59.1875
38.6005 59.1875
38.9266 59.6875
39.2527 60.1875
39.2527 60.1875
39.2527 60.1875
39.2527 60.1875
39.2527 60.1875
39.9048 61.1875
39.9048 61.1875
39.9048 61.1875
39.9048 61.1875
39.9048 61.1875
39.9048 61.1875
40.2309 61.6875
40.557 62.1875
40.557 62.1875
40.557 62.1875
40.557 62.1875
40.8831 62.6875
41.2092 63.1875
41.2092 63.1875
41.2092 63.1875
41.2092 63.1875
41.2092 63.1875
41.5353 63.6875
41.5353 63.6875
41.8614 64.1875
41.8614 64.1875
41.8614 64.1875
41.8614 64.1875
42.1874 64.6875
42.1874 64.6875
42.5135 65.1875
42.5135 65.1875
42.5135 65.1875
42.5135 65.1875
42.5135 65.1875
42.8396 65.6875
42.8396 65.6875
43.1657 66.1875
43.1657 66.1875
43.1657 66.1875
43.4918 66.6875
43.4918 66.6875
43.8179 67.1875
43.8179 67.1875
43.8179 67.1875
43.8179 67.1875
43.8179 67.1875
44.144 67.6875
44.47 68.1875
44.47 68.1875
44.47 68.1875
44.7961 68.6875
45.1222 69.1875
45.1222 69.1875
45.1222 69.1875
45.1222 69.1875
45.1222 69.1875
45.4483 69.6875
45.4483 69.6875
45.7744 70.1875
45.7744 70.1875
45.7744 70.1875
45.7744 70.1875
46.4266 71.1875
46.4266 71.1875
46.4266 71.1875
46.4266 71.1875
47.0787 72.1875
47.0787 72.1875
47.0787 72.1875
47.0787 72.1875
47.4048 72.6875
47.4048 72.6875
47.7309 73.1875
47.7309 73.1875
47.7309 73.1875
47.7309 73.1875
47.7309 73.1875
48.057 73.6875
48.057 73.6875
48.3831 74.1875
48.3831 74.1875
48.3831 74.1875
48.3831 74.1875
49.0353 75.1875
49.0353 75.1875
49.0353 75.1875
49.0353 75.1875
49.3613 75.6875
49.6874 76.1875
49.6874 76.1875
49.6874 76.1875
50.0135 76.6875
50.3396 77.1875
50.3396 77.1875
50.3396 77.1875
50.3396 77.1875
50.3396 77.1875
50.6657 77.6875
50.6657 77.6875
50.9918 78.1875
50.9918 78.1875
50.9918 78.1875
50.9918 78.1875
51.6439 79.1875
51.6439 79.1875
51.6439 79.1875
51.6439 79.1875
51.97 79.6875
52.2961 80.1875
52.2961 80.1875
52.2961 80.1875
52.6222 80.6875
52.6222 80.6875
52.9483 81.1875
52.9483 81.1875
52.9483 81.1875
52.9483 81.1875
53.2744 81.6875
53.2744 81.6875
53.6005 82.1875
53.6005 82.1875
53.6005 82.1875
53.6005 82.1875
54.2526 83.1875
54.2526 83.1875
54.2526 83.1875
54.2526 83.1875
54.2526 83.1875
54.5787 83.6875
54.5787 83.6875
54.9048 84.1875
54.9048 84.1875
54.9048 84.1875
54.9048 84.1875
55.557 85.1875
55.557 85.1875
55.557 85.1875
55.557 85.1875
55.557 85.1875
55.8831 85.6875
55.8831 85.6875
55.8831 85.6875
55.8831 85.6875
55.8831 85.6875
56.2092 86.1875
56.2092 86.1875
56.5352 86.6875
56.5352 86.6875
56.8613 87.1875
56.8613 87.1875
56.8613 87.1875
57.1874 87.6875
57.1874 87.6875
57.1874 87.6875
57.5135 88.1875
57.8396 88.6875
58.1657 89.1875
58.4918 89.6875
58.4918 89.6875
58.8179 90.1875
58.8179 90.1875
58.8179 90.1875
58.8179 90.1875
58.8179 90.1875
58.8179 90.1875
59.47 91.1875
59.47 91.1875
59.47 91.1875
59.47 91.1875
59.47 91.1875
59.47 91.1875
59.7961 91.6875
59.7961 91.6875
60.1222 92.1875
60.1222 92.1875
60.1222 92.1875
60.1222 92.1875
60.4483 92.6875
60.7744 93.1875
60.7744 93.1875
60.7744 93.1875
60.7744 93.1875
60.7744 93.1875
61.1005 93.6875
61.1005 93.6875
61.4265 94.1875
61.4265 94.1875
61.4265 94.1875
61.4265 94.1875
62.0787 95.1875
62.0787 95.1875
62.0787 95.1875
62.0787 95.1875
62.4048 95.6875
62.7309 96.1875
62.7309 96.1875
62.7309 96.1875
63.057 96.6875
63.057 96.6875
63.3831 97.1875
63.3831 97.1875
63.3831 97.1875
63.3831 97.1875
63.7091 97.6875
63.7091 97.6875
63.7091 97.6875
63.7091 97.6875
63.7091 97.6875
64.0352 98.1875
64.0352 98.1875
64.0352 98.1875
64.0352 98.1875
64.0352 98.1875
64.3613 98.6875
64.3613 98.6875
64.3613 98.6875
64.3613 98.6875
64.3613 98.6875
64.6874 99.1875
64.6874 99.1875
64.6874 99.1875
64.6874 99.1875
64.6874 99.1875
65.0135 99.6875
65.0135 99.6875
65.0135 99.6875
65.0135 99.6875
65.0135 99.6875
65.3396 100.187
65.3396 100.187
65.3396 100.187
65.3396 100.187
65.6657 100.688
65.6657 100.688
65.6657 100.688
65.6657 100.688
65.6657 100.688
65.9918 101.188
65.9918 101.188
65.9918 101.188
65.9918 101.188
65.9918 101.188
66.1548 101.438
66.3178 101.688
66.3178 101.688
66.3178 101.688
66.3178 101.688
66.6439 102.188
66.6439 102.188
66.97 102.688
67.2961 103.187
67.6222 103.688
67.9483 104.188
68.2744 104.688
68.2744 104.688
68.2744 104.688
68.2744 104.688
68.6004 105.188
68.9265 105.688
68.9265 105.688
68.9265 105.688
69.2526 106.187
69.2526 106.187
69.2526 106.187
69.9048 107.188
69.9048 107.188
69.9048 107.188
69.9048 107.188
69.9048 107.188
69.9048 107.188
69.9048 107.188
70.2309 107.688
70.2309 107.688
70.557 108.188
70.557 108.188
70.557 108.188
70.557 108.188
70.557 108.188
71.2091 109.187
71.2091 109.187
71.2091 109.187
71.2091 109.187
71.2091 109.187
71.2091 109.187
71.2091 109.187
71.5352 109.688
71.5352 109.688
71.8613 110.188
71.8613 110.188
71.8613 110.188
72.1874 110.688
72.5135 111.188
72.5135 111.188
72.5135 111.188
72.5135 111.188
72.5135 111.188
72.5135 111.188
72.8396 111.688
72.8396 111.688
72.8396 111.688
73.1657 112.187
73.1657 112.187
73.1657 112.187
73.1657 112.187
73.4917 112.688
73.4917 112.688
73.4917 112.688
73.8178 113.188
73.8178 113.188
73.8178 113.188
73.8178 113.188
73.8178 113.188
73.8178 113.188
74.1439 113.688
74.1439 113.688
74.47 114.188
74.47 114.188
74.47 114.188
75.1222 115.187
75.1222 115.187
75.1222 115.187
75.1222 115.187
75.4483 115.688
75.7744 116.188
75.7744 116.188
75.7744 116.188
75.7744 116.188
75.7744 116.188
76.4265 117.188
76.4265 117.188
76.4265 117.188
76.4265 117.188
76.4265 117.188
76.4265 117.188
76.7526 117.688
77.0787 118.187
77.0787 118.187
77.0787 118.187
77.4048 118.688
77.7309 119.188
77.7309 119.188
77.7309 119.188
77.7309 119.188
77.7309 119.188
78.057 119.688
78.057 119.688
78.383 120.188
78.383 120.188
78.383 120.188
78.383 120.188
78.7091 120.688
78.7091 120.688
79.0352 121.187
79.0352 121.187
79.0352 121.187
79.0352 121.187
79.3613 121.688
79.3613 121.688
79.6874 122.188
79.6874 122.188
79.6874 122.188
80.0135 122.688
80.0135 122.688
80.3396 123.188
80.3396 123.188
80.3396 123.188
80.3396 123.188
80.6656 123.688
80.9917 124.187
80.9917 124.187
80.9917 124.187
80.9917 124.187
80.9917 124.187
81.6439 125.188
81.6439 125.188
81.6439 125.188
81.6439 125.188
81.6439 125.188
81.6439 125.188
81.97 125.688
82.2961 126.188
82.2961 126.188
82.2961 126.188
82.6222 126.688
82.9483 127.187
82.9483 127.187
82.9483 127.187
82.9483 127.187
82.9483 127.187
83.2743 127.688
83.2743 127.688
83.6004 128.188
83.6004 128.188
83.6004 128.188
83.6004 128.188
83.9265 128.688
84.2526 129.188
84.2526 129.188
84.2526 129.188
84.2526 129.188
84.2526 129.188
84.5787 129.688
84.5787 129.688
84.9048 130.188
84.9048 130.188
84.9048 130.188
85.5569 131.188
85.5569 131.188
85.5569 131.188
85.5569 131.188
85.883 131.688
86.2091 132.188
86.2091 132.188
86.2091 132.188
86.2091 132.188
86.8613 133.188
86.8613 133.188
86.8613 133.188
86.8613 133.188
86.8613 133.188
87.1874 133.688
87.1874 133.688
87.1874 133.688
87.1874 133.688
87.5135 134.188
87.8396 134.688
88.1656 135.188
88.1656 135.188
88.1656 135.188
88.1656 135.188
88.1656 135.188
88.4917 135.688
88.4917 135.688
88.8178 136.188
88.8178 136.188
88.8178 136.188
89.1439 136.688
89.1439 136.688
89.47 137.188
89.47 137.188
89.47 137.188
89.7961 137.688
89.7961 137.688
90.1222 138.188
90.1222 138.188
90.1222 138.188
90.7743 139.188
90.7743 139.188
90.7743 139.188
90.7743 139.188
91.1004 139.688
91.1004 139.688
91.1004 139.688
91.4265 140.188
91.4265 140.188
91.4265 140.188
91.5895 140.438
91.7526 140.688
92.0787 141.188
92.0787 141.188
92.0787 141.188
92.0787 141.188
92.0787 141.188
92.0787 141.188
92.0787 141.188
92.4048 141.688
92.7308 142.188
92.7308 142.188
92.7308 142.188
92.7308 142.188
92.7308 142.188
93.0569 142.688
93.0569 142.688
93.383 143.188
93.383 143.188
93.383 143.188
93.383 143.188
93.383 143.188
93.383 143.188
93.7091 143.688
93.7091 143.688
94.0352 144.188
94.0352 144.188
94.0352 144.188
94.3613 144.688
94.3613 144.688
94.6874 145.188
94.6874 145.188
94.6874 145.188
95.0135 145.688
95.0135 145.688
95.3395 146.188
95.3395 146.188
95.3395 146.188
95.6656 146.688
95.6656 146.688
95.9917 147.188
95.9917 147.188
95.9917 147.188
95.9917 147.188
96.3178 147.688
96.6439 148.188
96.6439 148.188
96.6439 148.188
96.6439 148.188
96.6439 148.188
97.2961 149.188
97.2961 149.188
97.2961 149.188
97.2961 149.188
97.2961 149.188
97.2961 149.188
97.6221 149.688
97.9482 150.188
97.9482 150.188
97.9482 150.188
98.6004 151.188
98.6004 151.188
98.6004 151.188
98.6004 151.188
98.9265 151.688
98.9265 151.688
99.2526 152.188
99.2526 152.188
99.2526 152.188
99.5787 152.688
99.5787 152.688
99.9048 153.188
99.9048 153.188
99.9048 153.188
99.9048 153.188
100.231 153.688
100.231 153.688
100.557 154.188
100.557 154.188
100.557 154.188
100.883 154.688
100.883 154.688
101.209 155.188
101.209 155.188
101.209 155.188
101.209 155.188
101.535 155.688
101.861 156.188
101.861 156.188
101.861 156.188
102.513 157.188
102.513 157.188
102.513 157.188
102.513 157.188
102.513 157.188
102.513 157.188
102.84 157.688
103.166 158.188
103.166 158.188
103.166 158.188
103.818 159.188
103.818 159.188
103.818 159.188
103.818 159.188
104.144 159.688
104.144 159.688
104.47 160.188
104.47 160.188
104.47 160.188
104.796 160.688
104.796 160.688
105.122 161.188
105.122 161.188
105.122 161.188
105.448 161.688
105.448 161.688
105.448 161.688
105.448 161.688
105.448 161.688
105.774 162.188
105.774 162.188
105.774 162.188
106.1 162.688
106.1 162.688
106.1 162.688
106.426 163.188
106.426 163.188
106.426 163.188
106.426 163.188
106.753 163.688
107.079 164.188
107.079 164.188
107.079 164.188
107.079 164.188
107.079 164.188
107.731 165.188
107.731 165.188
107.731 165.188
107.731 165.188
107.731 165.188
107.731 165.188
108.057 165.688
108.057 165.688
108.057 165.688
108.057 165.688
108.709 166.688
109.035 167.188
109.361 167.688
109.687 168.188
110.013 168.688
110.34 169.188
110.666 169.688
110.666 169.688
110.666 169.688
110.666 169.688
110.666 169.688
110.666 169.688
111.318 170.688
111.644 171.188
111.97 171.688
112.296 172.188
112.622 172.688
112.948 173.188
113.6 174.188
113.926 174.688
114.253 175.188
114.579 175.688
114.905 176.188
114.905 176.188
114.905 176.188
115.231 176.688
115.557 177.188
115.883 177.688
115.883 177.688
115.883 177.688
115.883 177.688
116.535 178.688
116.861 179.188
117.187 179.688
117.513 180.188
117.513 180.188
117.513 180.188
117.84 180.688
118.166 181.188
118.166 181.188
118.166 181.188
118.818 182.188
119.307 182.938
119.47 183.188
119.47 183.188
119.796 183.688
120.122 184.188
120.448 184.688
120.774 185.188
121.1 185.688
121.1 185.688
121.1 185.688
121.1 185.688
121.1 185.688
121.1 185.688
121.753 186.688
122.079 187.188
122.405 187.688
122.731 188.188
123.057 188.688
123.383 189.188
124.035 190.188
124.198 190.438
124.361 190.688
124.687 191.188
124.687 191.188
125.013 191.688
125.339 192.188
125.339 192.188
125.339 192.188
125.666 192.688
125.992 193.188
126.318 193.688
126.318 193.688
126.318 193.688
126.318 193.688
126.97 194.688
127.296 195.188
127.622 195.688
127.948 196.188
128.274 196.688
128.6 197.188
129.253 198.187
129.905 199.188
130.883 200.688
130.883 200.688
131.209 201.188
131.209 201.188
131.209 201.188
131.209 201.188
131.209 201.188
131.535 201.688
131.535 201.688
131.535 201.688
131.861 202.188
131.861 202.188
131.861 202.188
131.861 202.188
132.513 203.188
132.513 203.188
132.513 203.188
132.513 203.188
132.513 203.188
132.839 203.687
133.166 204.187
133.166 204.187
133.166 204.187
133.166 204.187
133.492 204.688
133.818 205.188
133.818 205.188
133.818 205.188
133.818 205.188
133.818 205.188
134.144 205.688
134.144 205.688
134.47 206.188
134.47 206.188
134.47 206.188
134.47 206.188
134.796 206.688
135.122 207.188
135.122 207.188
135.122 207.188
135.122 207.188
135.122 207.188
135.448 207.688
135.774 208.188
135.774 208.188
135.774 208.188
135.774 208.188
136.1 208.688
136.1 208.688
136.426 209.188
136.426 209.188
136.426 209.188
136.426 209.188
136.753 209.687
136.753 209.687
137.079 210.187
137.079 210.187
137.079 210.187
137.079 210.187
137.731 211.188
137.731 211.188
137.731 211.188
137.731 211.188
137.731 211.188
138.057 211.688
138.057 211.688
138.383 212.188
138.383 212.188
138.383 212.188
138.383 212.188
139.035 213.188
139.035 213.188
139.035 213.188
139.035 213.188
139.035 213.188
139.361 213.688
139.361 213.688
139.361 213.688
139.361 213.688
139.361 213.688
139.687 214.188
139.687 214.188
140.013 214.688
140.013 214.688
140.339 215.188
140.339 215.188
140.339 215.188
140.666 215.687
140.666 215.687
140.666 215.687
140.992 216.187
141.318 216.688
141.644 217.188
141.97 217.688
141.97 217.688
142.296 218.188
142.296 218.188
142.296 218.188
142.296 218.188
142.296 218.188
142.622 218.688
142.948 219.188
142.948 219.188
142.948 219.188
142.948 219.188
142.948 219.188
143.274 219.688
143.274 219.688
143.6 220.188
143.6 220.188
143.6 220.188
143.6 220.188
143.6 220.188
143.926 220.688
144.253 221.188
144.253 221.188
144.253 221.188
144.253 221.188
144.253 221.188
144.579 221.687
144.579 221.687
144.905 222.187
144.905 222.187
144.905 222.187
144.905 222.187
144.905 222.187
145.231 222.688
145.557 223.188
145.557 223.188
145.557 223.188
145.557 223.188
145.557 223.188
145.883 223.688
146.209 224.188
146.209 224.188
146.209 224.188
146.209 224.188
146.535 224.688
146.535 224.688
146.861 225.188
146.861 225.188
146.861 225.188
146.861 225.188
147.187 225.688
147.187 225.688
147.187 225.688
147.187 225.688
147.187 225.688
147.513 226.188
147.513 226.188
147.513 226.188
147.513 226.188
147.513 226.188
147.839 226.688
147.839 226.688
147.839 226.688
147.839 226.688
147.839 226.688
148.166 227.188
148.166 227.188
148.166 227.188
148.166 227.188
148.166 227.188
148.492 227.687
148.492 227.687
148.492 227.687
148.492 227.687
148.492 227.687
148.818 228.187
148.818 228.187
148.818 228.187
148.818 228.187
149.144 228.688
149.144 228.688
149.144 228.688
149.144 228.688
149.144 228.688
149.47 229.188
149.47 229.188
149.47 229.188
149.47 229.188
149.47 229.188
149.633 229.438
149.796 229.688
149.796 229.688
149.796 229.688
149.796 229.688
150.122 230.188
150.122 230.188
150.448 230.688
150.774 231.188
151.1 231.688
151.426 232.188
151.753 232.688
151.753 232.688
151.753 232.688
151.753 232.688
152.079 233.188
152.405 233.687
152.405 233.687
152.405 233.687
152.731 234.187
152.731 234.187
152.731 234.187
153.383 235.188
153.383 235.188
153.383 235.188
153.383 235.188
153.383 235.188
153.383 235.188
153.383 235.188
153.709 235.688
153.709 235.688
154.035 236.188
154.035 236.188
154.035 236.188
154.035 236.188
154.035 236.188
154.687 237.188
154.687 237.188
154.687 237.188
154.687 237.188
154.687 237.188
154.687 237.188
154.687 237.188
155.013 237.688
155.013 237.688
155.339 238.188
155.339 238.188
155.339 238.188
155.666 238.688
155.992 239.188
155.992 239.188
155.992 239.188
155.992 239.188
155.992 239.188
155.992 239.188
156.318 239.687
156.318 239.687
156.318 239.687
156.644 240.187
156.644 240.187
156.644 240.187
156.644 240.187
156.97 240.688
156.97 240.688
156.97 240.688
157.296 241.188
157.296 241.188
157.296 241.188
157.296 241.188
157.296 241.188
157.296 241.188
157.622 241.688
157.622 241.688
157.948 242.188
157.948 242.188
157.948 242.188
158.6 243.188
158.6 243.188
158.6 243.188
158.6 243.188
158.926 243.688
159.252 244.188
159.252 244.188
159.252 244.188
159.252 244.188
159.252 244.188
159.905 245.188
159.905 245.188
159.905 245.188
159.905 245.188
159.905 245.188
159.905 245.188
160.231 245.687
160.557 246.187
160.557 246.187
160.557 246.187
160.883 246.688
161.209 247.188
161.209 247.188
161.209 247.188
161.209 247.188
161.209 247.188
161.535 247.688
161.535 247.688
161.861 248.188
161.861 248.188
161.861 248.188
161.861 248.188
162.187 248.688
162.187 248.688
162.513 249.188
162.513 249.188
162.513 249.188
162.513 249.188
162.839 249.688
162.839 249.688
163.166 250.188
163.166 250.188
163.166 250.188
163.492 250.688
163.492 250.688
163.818 251.188
163.818 251.188
163.818 251.188
163.818 251.188
164.144 251.687
164.47 252.187
164.47 252.187
164.47 252.187
164.47 252.187
164.47 252.187
165.122 253.188
165.122 253.188
165.122 253.188
165.122 253.188
165.122 253.188
165.122 253.188
165.448 253.688
165.774 254.188
165.774 254.188
165.774 254.188
166.1 254.688
166.426 255.188
166.426 255.188
166.426 255.188
166.426 255.188
166.426 255.188
166.752 255.688
166.752 255.688
167.079 256.188
167.079 256.188
167.079 256.188
167.079 256.188
167.405 256.688
167.731 257.188
167.731 257.188
167.731 257.188
167.731 257.188
167.731 257.188
168.057 257.688
168.057 257.688
168.383 258.188
168.383 258.188
168.383 258.188
169.035 259.188
169.035 259.188
169.035 259.188
169.035 259.188
169.361 259.688
169.687 260.188
169.687 260.188
169.687 260.188
169.687 260.188
170.339 261.188
170.339 261.188
170.339 261.188
170.339 261.188
170.339 261.188
170.666 261.688
170.666 261.688
170.666 261.688
170.666 261.688
170.992 262.188
171.318 262.688
171.644 263.188
171.644 263.188
171.644 263.188
171.644 263.188
171.644 263.188
171.97 263.688
171.97 263.688
172.296 264.188
172.296 264.188
172.296 264.188
172.622 264.688
172.622 264.688
172.948 265.188
172.948 265.188
172.948 265.188
173.274 265.688
173.274 265.688
173.6 266.188
173.6 266.188
173.6 266.188
174.252 267.188
174.252 267.188
174.252 267.188
174.252 267.188
174.579 267.688
174.579 267.688
174.579 267.688
174.905 268.188
174.905 268.188
174.905 268.188
175.068 268.438
175.231 268.688
175.557 269.188
175.557 269.188
175.557 269.188
175.557 269.188
175.557 269.188
175.557 269.188
175.557 269.188
175.883 269.688
176.209 270.188
176.209 270.188
176.209 270.188
176.209 270.188
176.209 270.188
176.535 270.688
176.535 270.688
176.861 271.188
176.861 271.188
176.861 271.188
176.861 271.188
176.861 271.188
176.861 271.188
177.187 271.688
177.187 271.688
177.513 272.188
177.513 272.188
177.513 272.188
177.839 272.688
177.839 272.688
178.166 273.188
178.166 273.188
178.166 273.188
178.492 273.688
178.492 273.688
178.818 274.188
178.818 274.188
178.818 274.188
179.144 274.688
179.144 274.688
179.47 275.188
179.47 275.188
179.47 275.188
179.47 275.188
179.796 275.688
180.122 276.188
180.122 276.188
180.122 276.188
180.122 276.188
180.122 276.188
180.774 277.188
180.774 277.188
180.774 277.188
180.774 277.188
180.774 277.188
180.774 277.188
181.1 277.688
181.426 278.188
181.426 278.188
181.426 278.188
182.079 279.188
182.079 279.188
182.079 279.188
182.079 279.188
182.405 279.688
182.405 279.688
182.731 280.188
182.731 280.188
182.731 280.188
183.057 280.688
183.057 280.688
183.383 281.188
183.383 281.188
183.383 281.188
183.383 281.188
183.709 281.688
183.709 281.688
184.035 282.188
184.035 282.188
184.035 282.188
184.361 282.688
184.361 282.688
184.687 283.188
184.687 283.188
184.687 283.188
184.687 283.188
185.013 283.688
185.339 284.188
185.339 284.188
185.339 284.188
185.992 285.188
185.992 285.188
185.992 285.188
185.992 285.188
185.992 285.188
185.992 285.188
186.318 285.688
186.644 286.188
186.644 286.188
186.644 286.188
187.296 287.188
187.296 287.188
187.296 287.188
187.296 287.188
187.622 287.688
187.622 287.688
187.948 288.188
187.948 288.188
187.948 288.188
188.274 288.688
188.274 288.688
188.6 289.188
188.6 289.188
188.6 289.188
188.926 289.688
188.926 289.688
188.926 289.688
188.926 289.688
188.926 289.688
188.926 289.688
188.926 289.688
189.252 290.188
189.252 290.188
189.252 290.188
189.252 290.188
189.579 290.688
189.579 290.688
189.579 290.688
189.579 290.688
189.905 291.188
189.905 291.188
189.905 291.188
189.905 291.188
190.231 291.688
190.231 291.688
190.231 291.688
190.231 291.688
190.557 292.188
190.557 292.188
190.557 292.188
190.557 292.188
190.557 292.188
190.557 292.188
190.883 292.688
190.883 292.688
190.883 292.688
190.883 292.688
191.209 293.188
191.209 293.188
191.209 293.188
191.209 293.188
191.209 293.188
191.209 293.188
191.535 293.688
191.535 293.688
191.535 293.688
191.535 293.688
192.839 295.688
193.165 296.188
193.492 296.688
193.818 297.188
194.144 297.688
194.144 297.688
194.144 297.688
194.144 297.688
194.47 298.188
194.796 298.688
194.796 298.688
194.796 298.688
194.812 298.712
194.962 298.942
195.122 299.188
195.136 299.208
195.774 300.188
196.1 300.688
196.1 300.688
196.1 300.688
196.752 301.688
196.752 301.688
196.752 301.688
196.752 301.688
197.079 302.188
197.405 302.688
197.405 302.688
197.405 302.688
197.731 303.188
198.057 303.688
198.057 303.688
198.057 303.688
198.057 303.688
198.22 303.938
198.383 304.188
198.546 304.438
198.709 304.688
198.709 304.688
198.709 304.688
198.709 304.688
198.709 304.688
199.198 305.438
199.361 305.688
199.361 305.688
199.361 305.688
199.361 305.688
199.361 305.688
199.687 306.188
199.85 306.438
200.013 306.688
200.013 306.688
200.013 306.688
200.013 306.688
200.502 307.438
200.502 307.438
200.665 307.688
200.992 308.188
200.992 308.188
201.155 308.438
201.318 308.688
201.318 308.688
201.318 308.688
201.644 309.188
201.97 309.688
201.97 309.688
201.97 309.688
202.622 310.688
202.622 310.688
202.622 310.688
202.948 311.188
203.111 311.438
203.111 311.438
203.274 311.688
203.274 311.688
203.274 311.688
203.274 311.688
203.6 312.188
203.6 312.188
203.926 312.688
203.926 312.688
203.926 312.688
203.926 312.688
204.252 313.188
204.252 313.188
204.252 313.188
204.579 313.688
204.579 313.688
204.579 313.688
204.579 313.688
204.905 314.188
205.068 314.438
205.231 314.688
205.231 314.688
205.231 314.688
205.231 314.688
205.557 315.188
205.883 315.688
205.883 315.688
205.883 315.688
206.209 316.188
206.535 316.688
206.535 316.688
206.535 316.688
206.535 316.688
206.861 317.188
206.861 317.188
207.024 317.438
207.187 317.688
207.187 317.688
207.187 317.688
207.187 317.688
207.187 317.688
207.513 318.188
207.676 318.438
207.839 318.688
207.839 318.688
207.839 318.688
207.839 318.688
207.839 318.688
208.165 319.188
208.492 319.688
208.492 319.688
208.492 319.688
208.818 320.188
209.144 320.688
209.144 320.688
209.144 320.688
209.144 320.688
209.307 320.938
209.47 321.188
209.47 321.188
209.633 321.438
209.796 321.688
209.796 321.688
209.796 321.688
209.796 321.688
209.796 321.688
210.122 322.188
210.285 322.438
210.448 322.688
210.448 322.688
210.448 322.688
210.448 322.688
210.774 323.188
211.1 323.688
211.1 323.688
211.1 323.688
211.426 324.188
211.752 324.688
211.752 324.688
211.752 324.688
212.242 325.438
212.405 325.688
212.405 325.688
212.405 325.688
212.405 325.688
212.405 325.688
212.698 326.137
212.894 326.438
213.057 326.688
213.057 326.688
213.057 326.688
213.057 326.688
213.383 327.188
213.546 327.438
213.709 327.688
213.709 327.688
213.709 327.688
213.709 327.688
214.035 328.188
214.198 328.438
214.361 328.688
214.361 328.688
214.361 328.688
214.361 328.688
214.687 329.188
214.85 329.438
215.013 329.688
215.013 329.688
215.013 329.688
215.013 329.688
215.013 329.688
215.339 330.188
215.372 330.238
215.665 330.688
215.665 330.688
215.665 330.688
215.665 330.688
215.992 331.188
216.155 331.438
216.318 331.688
216.318 331.688
216.318 331.688
216.318 331.688
216.644 332.188
216.644 332.188
216.97 332.688
216.97 332.688
216.97 332.688
216.97 332.688
217.296 333.188
217.622 333.688
217.622 333.688
217.622 333.688
217.622 333.688
217.622 333.688
217.948 334.188
218.274 334.688
218.274 334.688
218.274 334.688
218.274 334.688
218.926 335.688
218.926 335.688
218.926 335.688
218.926 335.688
219.252 336.188
219.578 336.688
219.578 336.688
219.578 336.688
219.578 336.688
219.905 337.188
219.905 337.188
220.068 337.438
220.231 337.688
220.231 337.688
220.231 337.688
220.231 337.688
220.231 337.688
220.557 338.188
220.72 338.438
220.883 338.688
220.883 338.688
220.883 338.688
220.883 338.688
221.046 338.938
221.209 339.188
221.209 339.188
221.372 339.438
221.535 339.688
221.535 339.688
221.535 339.688
221.535 339.688
221.698 339.938
221.861 340.188
221.861 340.188
222.187 340.688
222.187 340.688
222.187 340.688
222.513 341.188
222.839 341.688
222.839 341.688
222.839 341.688
222.839 341.688
223.165 342.188
223.165 342.188
223.328 342.438
223.492 342.688
223.492 342.688
223.492 342.688
223.492 342.688
223.818 343.188
223.818 343.188
224.144 343.688
224.144 343.688
224.144 343.688
224.144 343.688
224.47 344.188
224.47 344.188
224.47 344.188
224.47 344.188
224.47 344.188
224.796 344.688
225.122 345.188
225.122 345.188
225.122 345.188
225.122 345.188
225.774 346.188
226.1 346.688
226.1 346.688
226.1 346.688
226.1 346.688
226.263 346.938
226.426 347.188
226.426 347.188
226.589 347.438
226.752 347.688
226.752 347.688
226.752 347.688
226.752 347.688
227.078 348.188
227.078 348.188
227.405 348.688
227.405 348.688
227.405 348.688
227.405 348.688
227.731 349.188
227.731 349.188
228.057 349.688
228.057 349.688
228.057 349.688
228.057 349.688
228.057 349.688
228.383 350.188
228.546 350.438
228.709 350.688
228.709 350.688
228.709 350.688
228.709 350.688
228.709 350.688
229.035 351.188
229.198 351.438
229.361 351.688
229.361 351.688
229.361 351.688
229.85 352.438
230.013 352.688
230.013 352.688
230.013 352.688
230.339 353.188
230.339 353.188
230.665 353.688
230.665 353.688
230.665 353.688
230.665 353.688
230.665 353.688
230.992 354.188
231.318 354.688
231.318 354.688
231.318 354.688
231.318 354.688
231.644 355.188
231.644 355.188
231.97 355.688
231.97 355.688
231.97 355.688
232.296 356.188
232.622 356.688
232.785 356.938
232.785 356.938
232.948 357.188
233.001 357.269
233.012 357.285
233.274 357.688
233.274 357.688
233.6 358.188
233.926 358.688
233.926 358.688
233.926 358.688
234.252 359.188
234.578 359.688
234.578 359.688
234.578 359.688
235.231 360.688
235.557 361.188
235.557 361.188
235.883 361.688
235.883 361.688
236.209 362.188
236.209 362.188
236.209 362.188
236.209 362.188
236.861 363.188
236.861 363.188
236.861 363.188
236.861 363.188
237.187 363.688
237.513 364.188
237.513 364.188
237.513 364.188
237.839 364.688
238.165 365.188
238.165 365.188
238.165 365.188
238.492 365.688
238.492 365.688
238.818 366.188
238.818 366.188
238.818 366.188
238.818 366.188
239.144 366.688
239.47 367.188
239.47 367.188
239.47 367.188
239.47 367.188
239.47 367.188
239.796 367.688
240.122 368.188
240.122 368.188
240.122 368.188
240.448 368.688
240.774 369.188
240.774 369.188
240.774 369.188
241.1 369.688
241.1 369.688
241.426 370.188
241.426 370.188
241.426 370.188
241.752 370.688
242.078 371.188
242.078 371.188
242.078 371.188
242.078 371.188
242.405 371.688
242.405 371.688
242.731 372.188
242.731 372.188
242.731 372.188
242.731 372.188
243.057 372.688
243.057 372.688
243.383 373.188
243.383 373.188
243.383 373.188
243.546 373.438
243.709 373.688
244.035 374.188
244.035 374.188
244.035 374.188
244.035 374.188
244.035 374.188
244.361 374.688
244.361 374.688
244.687 375.188
244.687 375.188
244.687 375.188
244.687 375.188
244.687 375.188
244.687 375.188
245.013 375.688
245.013 375.688
245.013 375.688
245.339 376.188
245.339 376.188
245.339 376.188
245.339 376.188
245.665 376.688
245.665 376.688
245.992 377.188
245.992 377.188
245.992 377.188
245.992 377.188
246.318 377.688
246.318 377.688
246.644 378.188
246.644 378.188
246.644 378.188
246.644 378.188
246.644 378.188
246.644 378.188
246.97 378.688
247.296 379.188
247.296 379.188
247.296 379.188
247.296 379.188
247.296 379.188
247.296 379.188
247.296 379.188
247.622 379.688
247.948 380.188
247.948 380.188
247.948 380.188
248.6 381.188
248.6 381.188
248.6 381.188
248.6 381.188
248.926 381.688
248.926 381.688
249.252 382.188
249.252 382.188
249.252 382.188
249.252 382.188
249.578 382.688
249.905 383.188
249.905 383.188
249.905 383.188
249.905 383.188
249.905 383.188
250.231 383.688
250.557 384.188
250.557 384.188
250.557 384.188
250.883 384.688
250.883 384.688
251.209 385.188
251.535 385.688
251.535 385.688
251.535 385.688
251.535 385.688
251.535 385.688
251.861 386.188
251.861 386.188
251.861 386.188
251.861 386.188
251.861 386.188
252.187 386.688
252.187 386.688
252.187 386.688
252.187 386.688
252.187 386.688
252.513 387.188
252.513 387.188
252.513 387.188
252.513 387.188
252.513 387.188
252.839 387.688
252.839 387.688
252.839 387.688
252.839 387.688
252.839 387.688
253.165 388.188
253.165 388.188
253.165 388.188
253.165 388.188
253.491 388.688
253.491 388.688
253.491 388.688
253.491 388.688
253.491 388.688
253.818 389.188
253.818 389.188
253.818 389.188
253.818 389.188
253.818 389.188
253.981 389.438
254.144 389.688
254.144 389.688
254.144 389.688
254.144 389.688
254.47 390.188
254.47 390.188
257.405 394.688
257.731 395.188
258.057 395.688
258.383 396.188
258.709 396.688
258.709 396.688
258.709 396.688
258.709 396.688
259.035 397.188
259.361 397.688
259.361 397.688
259.361 397.688
259.687 398.188
259.687 398.188
259.687 398.188
260.339 399.187
260.339 399.187
260.339 399.187
260.339 399.187
260.339 399.187
260.339 399.187
260.339 399.187
260.665 399.688
260.665 399.688
260.991 400.187
260.991 400.187
260.991 400.187
260.991 400.187
260.991 400.187
261.644 401.188
261.644 401.188
261.644 401.188
261.644 401.188
261.644 401.188
261.644 401.188
261.644 401.188
261.97 401.688
261.97 401.688
262.296 402.188
262.296 402.188
262.296 402.188
262.622 402.688
262.948 403.188
262.948 403.188
262.948 403.188
262.948 403.188
262.948 403.188
262.948 403.188
263.274 403.688
263.274 403.688
263.274 403.688
263.6 404.188
263.6 404.188
263.6 404.188
263.6 404.188
263.926 404.687
263.926 404.687
263.926 404.687
264.252 405.188
264.252 405.188
264.252 405.188
264.252 405.188
264.252 405.188
264.252 405.188
264.578 405.687
264.578 405.687
264.905 406.188
264.905 406.188
264.905 406.188
265.557 407.188
265.557 407.188
265.557 407.188
265.557 407.188
265.883 407.688
266.209 408.188
266.209 408.188
266.209 408.188
266.209 408.188
266.209 408.188
266.861 409.188
266.861 409.188
266.861 409.188
266.861 409.188
266.861 409.188
266.861 409.188
267.187 409.688
267.513 410.188
267.513 410.188
267.513 410.188
267.839 410.688
268.165 411.187
268.165 411.187
268.165 411.187
268.165 411.187
268.165 411.187
268.491 411.688
268.491 411.688
268.818 412.187
268.818 412.187
268.818 412.187
268.818 412.187
269.144 412.688
269.144 412.688
269.47 413.188
269.47 413.188
269.47 413.188
269.47 413.188
269.796 413.688
269.796 413.688
270.122 414.188
270.122 414.188
270.122 414.188
270.448 414.688
270.448 414.688
270.774 415.188
270.774 415.188
270.774 415.188
270.774 415.188
271.1 415.688
271.426 416.188
271.426 416.188
271.426 416.188
271.426 416.188
271.426 416.188
272.078 417.188
272.078 417.188
272.078 417.188
272.078 417.188
272.078 417.188
272.078 417.188
272.405 417.687
272.731 418.188
272.731 418.188
272.731 418.188
273.057 418.688
273.383 419.188
273.383 419.188
273.383 419.188
273.383 419.188
273.383 419.188
273.709 419.688
273.709 419.688
274.035 420.188
274.035 420.188
274.035 420.188
274.035 420.188
274.361 420.688
274.687 421.188
274.687 421.188
274.687 421.188
274.687 421.188
274.687 421.188
275.013 421.688
275.013 421.688
275.339 422.188
275.339 422.188
275.339 422.188
275.991 423.187
275.991 423.187
275.991 423.187
275.991 423.187
275.991 423.187
275.991 423.187
275.991 423.187
276.644 424.187
276.644 424.187
276.644 424.187
276.97 424.688
277.296 425.188
277.296 425.188
277.296 425.188
277.622 425.688
277.622 425.688
277.622 425.688
277.948 426.188
277.948 426.188
277.948 426.188
278.274 426.688
278.274 426.688
278.6 427.188
278.6 427.188
278.6 427.188
278.6 427.188
278.926 427.688
279.252 428.188
279.252 428.188
279.252 428.188
279.252 428.188
279.578 428.687
279.578 428.687
279.904 429.188
279.904 429.188
279.904 429.188
279.904 429.188
280.231 429.687
280.231 429.687
280.231 429.687
280.557 430.188
280.557 430.188
280.557 430.188
281.209 431.188
281.209 431.188
281.209 431.188
281.209 431.188
281.209 431.188
281.209 431.188
281.209 431.188
281.535 431.688
281.535 431.688
281.861 432.188
281.861 432.188
281.861 432.188
281.861 432.188
281.861 432.188
282.513 433.188
282.513 433.188
282.513 433.188
282.513 433.188
282.513 433.188
282.513 433.188
282.513 433.188
282.839 433.688
282.839 433.688
283.165 434.188
283.165 434.188
283.165 434.188
283.491 434.688
283.818 435.187
283.818 435.187
283.818 435.187
283.818 435.187
283.818 435.187
283.818 435.187
284.144 435.688
284.144 435.688
284.144 435.688
284.47 436.187
284.47 436.187
284.47 436.187
284.47 436.187
284.796 436.688
284.796 436.688
284.796 436.688
285.122 437.188
285.122 437.188
285.122 437.188
285.122 437.188
285.122 437.188
285.122 437.188
285.448 437.688
285.448 437.688
285.774 438.188
285.774 438.188
285.774 438.188
286.426 439.188
286.426 439.188
286.426 439.188
286.426 439.188
286.752 439.688
287.078 440.188
287.078 440.188
287.078 440.188
287.078 440.188
287.078 440.188
287.731 441.188
287.731 441.188
287.731 441.188
287.731 441.188
287.731 441.188
287.731 441.188
288.057 441.687
288.383 442.188
288.383 442.188
288.383 442.188
288.709 442.688
289.035 443.188
289.035 443.188
289.035 443.188
289.035 443.188
289.035 443.188
289.361 443.688
289.361 443.688
289.687 444.188
289.687 444.188
289.687 444.188
289.687 444.188
290.013 444.688
290.013 444.688
290.339 445.188
290.339 445.188
290.339 445.188
290.339 445.188
290.665 445.688
290.665 445.688
290.991 446.188
290.991 446.188
290.991 446.188
291.318 446.688
291.318 446.688
291.644 447.187
291.644 447.187
291.644 447.187
291.644 447.187
291.97 447.688
292.296 448.187
292.296 448.187
292.296 448.187
292.296 448.187
292.296 448.187
292.948 449.188
292.948 449.188
292.948 449.188
292.948 449.188
292.948 449.188
292.948 449.188
293.274 449.688
293.6 450.188
293.6 450.188
293.6 450.188
293.926 450.688
294.252 451.188
294.252 451.188
294.252 451.188
294.252 451.188
294.252 451.188
294.578 451.688
294.578 451.688
294.904 452.188
294.904 452.188
294.904 452.188
294.904 452.188
295.231 452.687
295.557 453.188
295.557 453.188
295.557 453.188
295.557 453.188
295.557 453.188
295.883 453.687
295.883 453.687
296.209 454.188
296.209 454.188
296.209 454.188
296.861 455.188
296.861 455.188
296.861 455.188
296.861 455.188
297.187 455.688
297.513 456.188
297.513 456.188
297.513 456.188
297.513 456.188
297.513 456.188
298.165 457.188
298.165 457.188
298.165 457.188
298.165 457.188
298.165 457.188
298.491 457.688
298.818 458.188
298.818 458.188
298.818 458.188
299.144 458.688
299.47 459.187
299.47 459.187
299.47 459.187
299.47 459.187
299.796 459.688
299.796 459.688
300.122 460.187
300.122 460.187
300.122 460.187
300.122 460.187
300.448 460.688
300.774 461.188
300.774 461.188
300.774 461.188
300.774 461.188
301.1 461.688
301.1 461.688
301.752 462.688
301.752 462.688
301.752 462.688
301.752 462.688
302.078 463.188
302.731 464.188
302.731 464.188
302.731 464.188
303.057 464.687
303.383 465.188
303.383 465.188
303.383 465.188
303.383 465.188
303.383 465.188
304.361 466.687
304.85 467.438
305.339 468.188
305.828 468.937
306.481 469.938
306.644 470.188
306.807 470.438
307.133 470.938
307.785 471.938
307.785 471.938
307.785 471.938
307.948 472.187
308.111 472.438
308.856 473.579
309.191 474.094
309.818 475.054
310.212 475.658
310.725 476.446
311.26 477.267
311.724 477.977
312.205 478.715
312.682 479.446
313.11 480.102
313.13 480.133
313.173 480.2
313.178 480.206
313.722 481.042
314.187 481.754
314.656 482.473
