1.43067 1.41875
1.68277 1.66875
1.93487 1.91875
2.18697 2.16875
2.18697 2.16875
2.43907 2.41875
2.69117 2.66875
2.69117 2.66875
2.94327 2.91875
3.19537 3.16875
3.44747 3.41875
3.44747 3.41875
3.69957 3.66875
4.20378 4.16875
4.20378 4.16875
4.45588 4.41875
4.70798 4.66875
4.96008 4.91875
5.46428 5.41875
5.71638 5.66875
5.71638 5.66875
5.96848 5.91875
6.22058 6.16875
6.22058 6.16875
6.47268 6.41875
6.72478 6.66875
6.72478 6.66875
6.97688 6.91875
7.22898 7.16875
7.48108 7.41875
7.48108 7.41875
7.98528 7.91875
8.23738 8.16875
8.23738 8.16875
8.48948 8.41875
8.74158 8.66875
8.99369 8.91875
9.24579 9.16875
9.49789 9.41875
9.49789 9.41875
9.74999 9.66875
9.74999 9.66875
10.0021 9.91875
10.0021 9.91875
10.2542 10.1687
10.2542 10.1687
10.7584 10.6687
10.7584 10.6687
11.0105 10.9187
11.0105 10.9187
11.2626 11.1687
11.5147 11.4187
11.7668 11.6687
12.0189 11.9187
12.0189 11.9187
12.271 12.1687
12.271 12.1687
12.5231 12.4187
12.7752 12.6687
12.7752 12.6687
13.0273 12.9187
13.0273 12.9187
14.0357 13.9187
14.2878 14.1687
14.2878 14.1687
14.5399 14.4187
14.792 14.6687
14.792 14.6687
15.0441 14.9187
15.2962 15.1687
15.2962 15.1687
15.2962 15.1687
15.2962 15.1687
15.5483 15.4187
16.3046 16.1687
16.3046 16.1687
16.5567 16.4187
16.8088 16.6687
17.0609 16.9187
17.2479 17.1042
17.313 17.1687
17.3256 17.1812
17.418 17.2729
17.5063 17.3604
17.5651 17.4187
17.5777 17.4312
17.6407 17.4937
17.7101 17.5625
17.7941 17.6458
17.8172 17.6687
17.8886 17.7396
17.9769 17.8271
18.0525 17.9021
18.0693 17.9187
18.1134 17.9625
18.1785 18.0271
18.2395 18.0875
18.3025 18.15
18.3214 18.1687
18.3214 18.1687
19.5819 19.4187
19.834 19.6687
20.0861 19.9187
20.3382 20.1687
20.3382 20.1687
20.5903 20.4187
20.8424 20.6687
20.8424 20.6687
21.0945 20.9187
21.3466 21.1687
21.5987 21.4187
21.5987 21.4187
21.8508 21.6687
22.1029 21.9187
22.355 22.1687
22.6071 22.4187
22.8592 22.6687
23.1113 22.9187
23.6155 23.4187
23.8676 23.6687
23.8676 23.6687
24.1197 23.9187
24.1197 23.9187
24.3718 24.1687
24.3718 24.1687
24.6239 24.4187
24.876 24.6687
24.876 24.6687
25.1281 24.9187
25.3802 25.1687
25.6323 25.4187
25.6323 25.4187
25.8844 25.6687
26.1365 25.9187
26.1365 25.9187
26.3886 26.1687
26.6407 26.4187
26.8928 26.6687
27.1449 26.9187
27.397 27.1687
27.6491 27.4187
27.6491 27.4187
27.9012 27.6687
27.9012 27.6687
28.1533 27.9187
28.1533 27.9187
28.4054 28.1687
28.4054 28.1687
28.6575 28.4187
28.9096 28.6687
28.9096 28.6687
29.1617 28.9187
29.4138 29.1687
29.6659 29.4187
29.6659 29.4187
29.918 29.6687
29.918 29.6687
30.1701 29.9187
30.1701 29.9187
30.4222 30.1687
30.6743 30.4187
30.9264 30.6687
31.1785 30.9187
31.4306 31.1687
31.6827 31.4187
31.6827 31.4187
31.9348 31.6687
32.439 32.1688
32.439 32.1688
32.6911 32.4188
32.9432 32.6688
33.1953 32.9188
33.4474 33.1688
33.6995 33.4188
33.9516 33.6688
34.2037 33.9188
34.4558 34.1688
34.4558 34.1688
34.4558 34.1688
35.9684 35.6688
36.2205 35.9188
36.4726 36.1688
36.4726 36.1688
36.9768 36.6688
36.9768 36.6688
37.2289 36.9188
37.481 37.1688
37.9852 37.6688
37.9852 37.6688
38.2373 37.9188
38.4894 38.1688
38.4894 38.1688
38.9936 38.6688
38.9936 38.6688
39.2457 38.9188
39.4978 39.1688
40.002 39.6688
40.5062 40.1688
40.5062 40.1688
40.7583 40.4188
41.0104 40.6688
41.0104 40.6688
41.2625 40.9188
41.2625 40.9188
41.5146 41.1688
41.5146 41.1688
42.0189 41.6688
42.0189 41.6688
42.271 41.9188
42.271 41.9188
42.5231 42.1688
42.7752 42.4188
42.7752 42.4188
43.0273 42.6688
43.2794 42.9188
43.5315 43.1688
43.7836 43.4188
44.0357 43.6688
44.0357 43.6688
44.2878 43.9188
44.5399 44.1688
44.5399 44.1688
45.0441 44.6688
45.0441 44.6688
45.2962 44.9188
45.5483 45.1688
46.0525 45.6688
46.0525 45.6688
46.3046 45.9188
46.3046 45.9188
46.5567 46.1688
46.5567 46.1688
47.0609 46.6688
47.0609 46.6688
47.313 46.9188
47.5651 47.1688
48.0693 47.6688
48.3214 47.9188
48.5735 48.1688
48.5735 48.1688
48.8256 48.4188
48.8256 48.4188
49.0777 48.6688
49.0777 48.6688
49.3298 48.9188
49.3298 48.9188
49.5819 49.1688
49.5819 49.1688
49.834 49.4188
50.0861 49.6688
50.0861 49.6688
50.3382 49.9188
50.3382 49.9188
50.5903 50.1688
50.8424 50.4188
50.8424 50.4188
51.0945 50.6688
51.3466 50.9188
51.3466 50.9188
51.5987 51.1688
51.8508 51.4188
51.8508 51.4188
52.1029 51.6688
52.1029 51.6688
52.6071 52.1688
52.6071 52.1688
52.8592 52.4188
53.1113 52.6688
53.3634 52.9188
53.3634 52.9188
53.6155 53.1688
53.6155 53.1688
53.8676 53.4188
54.1197 53.6688
54.1197 53.6688
54.3718 53.9188
54.6239 54.1688
54.6239 54.1688
55.1281 54.6688
55.1281 54.6688
55.3802 54.9188
55.6323 55.1688
56.1365 55.6688
56.1365 55.6688
56.3886 55.9188
56.6407 56.1688
56.6407 56.1688
57.1449 56.6688
57.1449 56.6688
57.397 56.9188
57.397 56.9188
57.9012 57.4188
58.1533 57.6688
58.6575 58.1688
58.6575 58.1688
58.9096 58.4188
59.1617 58.6688
59.1617 58.6688
59.4138 58.9188
59.4138 58.9188
59.6659 59.1688
59.6659 59.1688
60.1701 59.6688
60.1701 59.6688
60.4222 59.9188
60.4222 59.9188
60.6743 60.1688
60.9264 60.4188
60.9264 60.4188
61.1785 60.6688
61.4306 60.9188
61.6827 61.1688
62.1869 61.6688
62.1869 61.6688
62.439 61.9188
62.6911 62.1688
62.6911 62.1688
63.1953 62.6688
63.1953 62.6688
63.6995 63.1688
64.2037 63.6687
64.2037 63.6687
64.4558 63.9188
64.7079 64.1688
64.7079 64.1688
65.2121 64.6688
65.2121 64.6688
65.4642 64.9188
65.7163 65.1688
66.2205 65.6688
66.4726 65.9188
66.7247 66.1688
66.7247 66.1688
66.9768 66.4188
66.9768 66.4188
67.2289 66.6688
67.2289 66.6688
67.481 66.9188
67.481 66.9188
67.7331 67.1688
67.7331 67.1688
67.9852 67.4188
68.2373 67.6688
68.2373 67.6688
68.4894 67.9188
68.4894 67.9188
68.7415 68.1688
68.7415 68.1688
68.9936 68.4188
69.2457 68.6688
69.2457 68.6688
69.4978 68.9188
69.7499 69.1688
70.002 69.4188
70.2541 69.6688
70.7583 70.1688
70.7583 70.1688
70.7583 70.1688
70.7583 70.1688
70.7583 70.1688
71.0104 70.4188
71.2625 70.6688
71.5146 70.9188
71.5146 70.9188
71.7667 71.1688
71.7667 71.1688
71.7667 71.1688
72.0188 71.4188
72.0188 71.4188
72.2709 71.6688
72.2709 71.6688
72.523 71.9188
72.523 71.9188
72.7751 72.1688
72.7751 72.1688
73.0272 72.4188
73.2793 72.6688
73.2793 72.6688
73.5314 72.9188
73.7835 73.1688
73.7835 73.1688
74.0356 73.4188
74.0356 73.4188
74.2877 73.6688
74.5398 73.9188
74.7919 74.1688
74.7919 74.1688
75.044 74.4188
75.2961 74.6688
75.5482 74.9188
75.8003 75.1688
75.8003 75.1688
76.0524 75.4188
76.0524 75.4188
76.3045 75.6688
76.3045 75.6688
76.5566 75.9188
76.5566 75.9188
76.8087 76.1688
76.8087 76.1688
77.0608 76.4188
77.3129 76.6688
77.3129 76.6688
77.565 76.9188
77.8171 77.1688
77.8171 77.1688
78.0692 77.4188
78.0692 77.4188
78.3213 77.6688
78.5734 77.9188
78.8255 78.1688
78.8255 78.1688
79.0776 78.4188
79.3297 78.6688
79.5818 78.9188
79.8339 79.1688
80.086 79.4188
80.086 79.4188
80.3381 79.6688
80.3381 79.6688
80.5902 79.9188
80.5902 79.9188
80.8423 80.1688
80.8423 80.1688
81.0944 80.4188
81.3465 80.6688
81.3465 80.6688
81.5986 80.9188
81.5986 80.9188
81.8507 81.1688
82.1028 81.4188
82.3549 81.6688
82.607 81.9188
82.607 81.9188
82.8591 82.1688
82.8591 82.1688
83.1112 82.4188
83.3633 82.6688
83.3633 82.6688
83.6154 82.9188
83.6154 82.9188
83.8675 83.1688
84.1196 83.4188
84.3717 83.6688
84.6238 83.9188
84.6238 83.9188
84.8759 84.1688
84.8759 84.1688
85.128 84.4188
85.3801 84.6688
85.3801 84.6688
85.6322 84.9188
85.8843 85.1688
85.8843 85.1688
86.1364 85.4188
86.1364 85.4188
86.3885 85.6688
86.6406 85.9188
86.6406 85.9188
86.8927 86.1688
87.1448 86.4188
87.3969 86.6688
87.649 86.9188
87.9011 87.1688
88.1532 87.4188
88.1532 87.4188
88.4053 87.6688
88.4053 87.6688
88.6574 87.9188
88.6574 87.9188
88.9095 88.1688
88.9095 88.1688
89.1616 88.4188
89.4137 88.6688
89.4137 88.6688
89.6658 88.9188
89.9179 89.1688
89.9179 89.1688
90.17 89.4188
90.17 89.4188
90.4221 89.6688
90.6742 89.9188
90.9263 90.1688
90.9263 90.1688
91.1784 90.4188
91.4305 90.6688
91.6826 90.9188
91.9347 91.1688
92.1869 91.4188
92.1869 91.4188
92.439 91.6688
92.439 91.6688
92.6911 91.9188
92.6911 91.9188
92.9432 92.1688
92.9432 92.1688
93.1953 92.4188
93.4474 92.6688
93.4474 92.6688
93.6995 92.9188
93.9516 93.1688
93.9516 93.1688
94.2037 93.4188
94.2037 93.4188
94.4558 93.6688
94.7079 93.9188
94.96 94.1688
94.96 94.1688
95.2121 94.4188
95.4642 94.6688
95.7163 94.9188
95.9684 95.1688
96.2205 95.4188
96.2205 95.4188
96.4726 95.6688
96.4726 95.6688
96.7247 95.9188
96.7247 95.9188
96.9768 96.1688
96.9768 96.1688
97.2289 96.4188
97.481 96.6688
97.481 96.6688
97.7331 96.9188
97.7331 96.9188
97.9852 97.1688
98.2373 97.4188
98.4894 97.6688
98.7415 97.9188
98.7415 97.9188
98.9936 98.1688
98.9936 98.1688
99.2457 98.4188
99.4978 98.6688
99.4978 98.6688
99.7499 98.9188
99.7499 98.9188
100.002 99.1688
100.254 99.4188
100.506 99.6688
100.758 99.9188
101.01 100.169
101.01 100.169
101.262 100.419
101.262 100.419
101.262 100.419
101.515 100.669
101.515 100.669
101.767 100.919
102.019 101.169
102.271 101.419
102.271 101.419
102.523 101.669
102.523 101.669
102.775 101.919
103.027 102.169
103.279 102.419
103.279 102.419
103.531 102.669
103.783 102.919
104.036 103.169
104.036 103.169
104.288 103.419
104.288 103.419
104.54 103.669
104.54 103.669
104.792 103.919
104.792 103.919
105.044 104.169
105.044 104.169
105.296 104.419
105.548 104.669
105.548 104.669
105.8 104.919
106.052 105.169
106.052 105.169
106.304 105.419
106.809 105.919
106.809 105.919
107.061 106.169
107.313 106.419
107.565 106.669
107.817 106.919
108.321 107.419
108.573 107.669
108.825 107.919
109.078 108.169
109.078 108.169
109.33 108.419
109.582 108.669
109.834 108.919
109.834 108.919
110.59 109.669
110.59 109.669
110.842 109.919
111.094 110.169
111.346 110.419
111.599 110.669
111.851 110.919
111.851 110.919
112.103 111.169
112.355 111.419
112.355 111.419
112.607 111.669
112.607 111.669
112.859 111.919
112.859 111.919
113.111 112.169
113.111 112.169
113.111 112.169
113.363 112.419
113.615 112.669
113.615 112.669
113.867 112.919
113.867 112.919
114.12 113.169
114.12 113.169
114.372 113.419
114.624 113.669
114.624 113.669
114.876 113.919
115.128 114.169
115.128 114.169
115.38 114.419
115.632 114.669
115.884 114.919
116.136 115.169
116.388 115.419
116.641 115.669
116.641 115.669
116.893 115.919
117.145 116.169
117.145 116.169
117.397 116.419
117.649 116.669
117.901 116.919
118.153 117.169
118.405 117.419
118.405 117.419
118.657 117.669
118.657 117.669
118.91 117.919
118.91 117.919
119.162 118.169
119.162 118.169
119.414 118.419
119.666 118.669
119.918 118.919
120.17 119.169
120.674 119.669
120.926 119.919
121.178 120.169
121.178 120.169
121.683 120.669
121.683 120.669
121.935 120.919
122.187 121.169
122.691 121.669
122.691 121.669
122.943 121.919
123.195 122.169
123.195 122.169
123.699 122.669
123.699 122.669
123.952 122.919
123.952 122.919
124.456 123.419
124.708 123.669
125.212 124.169
125.212 124.169
125.464 124.419
125.716 124.669
125.716 124.669
125.968 124.919
125.968 124.919
126.22 125.169
126.22 125.169
126.725 125.669
126.725 125.669
126.977 125.919
126.977 125.919
127.229 126.169
127.481 126.419
127.481 126.419
127.733 126.669
127.733 126.669
127.985 126.919
127.985 126.919
128.237 127.169
128.489 127.419
128.741 127.669
128.741 127.669
128.994 127.919
129.246 128.169
129.246 128.169
129.75 128.669
129.75 128.669
130.254 129.169
130.758 129.669
130.758 129.669
131.01 129.919
131.262 130.169
131.262 130.169
131.767 130.669
131.767 130.669
132.019 130.919
132.271 131.169
132.775 131.669
133.027 131.919
133.279 132.169
133.279 132.169
133.531 132.419
133.531 132.419
133.783 132.669
133.783 132.669
134.036 132.919
134.036 132.919
134.288 133.169
134.288 133.169
134.54 133.419
134.792 133.669
134.792 133.669
135.044 133.919
135.044 133.919
135.296 134.169
135.296 134.169
135.548 134.419
135.8 134.669
135.8 134.669
136.052 134.919
136.304 135.169
136.557 135.419
136.809 135.669
137.313 136.169
137.313 136.169
137.313 136.169
137.313 136.169
137.313 136.169
137.565 136.419
137.817 136.669
138.069 136.919
138.069 136.919
138.321 137.169
138.321 137.169
138.321 137.169
138.573 137.419
138.573 137.419
138.825 137.669
138.825 137.669
139.078 137.919
139.078 137.919
139.33 138.169
139.33 138.169
139.582 138.419
139.834 138.669
139.834 138.669
140.086 138.919
140.338 139.169
140.338 139.169
140.59 139.419
140.59 139.419
140.842 139.669
141.094 139.919
141.346 140.169
141.346 140.169
141.599 140.419
141.851 140.669
142.103 140.919
142.355 141.169
142.355 141.169
142.607 141.419
142.607 141.419
142.859 141.669
142.859 141.669
143.111 141.919
143.111 141.919
143.363 142.169
143.363 142.169
143.615 142.419
143.867 142.669
143.867 142.669
144.12 142.919
144.372 143.169
144.372 143.169
144.624 143.419
144.624 143.419
144.876 143.669
145.128 143.919
145.38 144.169
145.38 144.169
145.632 144.419
145.884 144.669
146.136 144.919
146.388 145.169
146.641 145.419
146.641 145.419
146.893 145.669
146.893 145.669
147.145 145.919
147.145 145.919
147.397 146.169
147.397 146.169
147.649 146.419
147.901 146.669
147.901 146.669
148.153 146.919
148.153 146.919
148.405 147.169
148.657 147.419
148.909 147.669
149.162 147.919
149.162 147.919
149.414 148.169
149.414 148.169
149.666 148.419
149.918 148.669
149.918 148.669
150.17 148.919
150.17 148.919
150.422 149.169
150.674 149.419
150.926 149.669
151.178 149.919
151.178 149.919
151.43 150.169
151.43 150.169
151.683 150.419
151.935 150.669
151.935 150.669
152.187 150.919
152.439 151.169
152.439 151.169
152.691 151.419
152.691 151.419
152.943 151.669
153.195 151.919
153.195 151.919
153.447 152.169
153.699 152.419
153.951 152.669
154.204 152.919
154.456 153.169
154.708 153.419
154.708 153.419
154.96 153.669
154.96 153.669
155.212 153.919
155.212 153.919
155.464 154.169
155.464 154.169
155.716 154.419
155.968 154.669
155.968 154.669
156.22 154.919
156.472 155.169
156.472 155.169
156.725 155.419
156.725 155.419
156.977 155.669
157.229 155.919
157.481 156.169
157.481 156.169
157.733 156.419
157.985 156.669
158.237 156.919
158.489 157.169
158.741 157.419
158.741 157.419
158.993 157.669
158.993 157.669
159.246 157.919
159.246 157.919
159.498 158.169
159.498 158.169
159.75 158.419
160.002 158.669
160.002 158.669
160.254 158.919
160.506 159.169
160.506 159.169
160.758 159.419
160.758 159.419
161.01 159.669
161.262 159.919
161.514 160.169
161.514 160.169
161.767 160.419
162.019 160.669
162.271 160.919
162.523 161.169
162.775 161.419
162.775 161.419
163.027 161.669
163.027 161.669
163.279 161.919
163.279 161.919
163.531 162.169
163.531 162.169
163.783 162.419
164.035 162.669
164.035 162.669
164.288 162.919
164.288 162.919
164.54 163.169
164.792 163.419
165.044 163.669
165.296 163.919
165.296 163.919
165.548 164.169
165.548 164.169
165.8 164.419
166.052 164.669
166.052 164.669
166.304 164.919
166.304 164.919
166.556 165.169
166.809 165.419
167.061 165.669
167.313 165.919
167.565 166.169
167.565 166.169
167.817 166.419
167.817 166.419
167.817 166.419
168.069 166.669
168.069 166.669
168.321 166.919
168.573 167.169
168.825 167.419
168.825 167.419
169.078 167.669
169.078 167.669
169.33 167.919
169.582 168.169
169.582 168.169
169.834 168.419
170.086 168.669
170.338 168.919
170.59 169.169
170.842 169.419
171.094 169.669
171.094 169.669
171.346 169.919
171.346 169.919
171.599 170.169
171.599 170.169
171.851 170.419
172.103 170.669
172.103 170.669
172.355 170.919
172.355 170.919
172.607 171.169
172.859 171.419
172.859 171.419
173.111 171.669
173.363 171.919
173.615 172.169
173.615 172.169
173.867 172.419
174.12 172.669
174.372 172.919
174.372 172.919
174.876 173.419
175.128 173.669
175.128 173.669
175.38 173.919
175.632 174.169
175.632 174.169
175.632 174.169
175.632 174.169
175.632 174.169
176.136 174.669
176.136 174.669
176.388 174.919
176.388 174.919
176.388 174.919
176.893 175.419
176.893 175.419
177.145 175.669
177.397 175.919
177.649 176.169
177.649 176.169
177.649 176.169
177.901 176.419
178.153 176.669
178.405 176.919
178.657 177.169
178.909 177.419
178.909 177.419
179.162 177.669
179.162 177.669
179.414 177.919
179.414 177.919
179.666 178.169
179.666 178.169
179.918 178.419
180.17 178.669
180.17 178.669
180.422 178.919
180.422 178.919
180.926 179.419
180.926 179.419
181.178 179.669
181.43 179.919
181.683 180.169
181.683 180.169
181.935 180.419
182.187 180.669
182.439 180.919
182.439 180.919
182.943 181.419
183.195 181.669
183.195 181.669
183.447 181.919
183.699 182.169
183.699 182.169
183.951 182.419
183.951 182.419
184.204 182.669
184.204 182.669
184.456 182.919
184.708 183.169
184.96 183.419
184.96 183.419
185.212 183.669
185.464 183.919
185.716 184.169
185.716 184.169
185.716 184.169
185.716 184.169
186.22 184.669
186.472 184.919
186.472 184.919
186.977 185.419
187.229 185.669
187.481 185.919
187.733 186.169
187.733 186.169
187.733 186.169
187.733 186.169
187.733 186.169
188.993 187.419
189.246 187.669
189.498 187.919
189.75 188.169
189.75 188.169
190.002 188.419
190.254 188.669
190.254 188.669
190.506 188.919
190.758 189.169
190.758 189.169
191.01 189.419
191.767 190.169
191.767 190.169
192.019 190.419
192.271 190.669
192.523 190.919
193.027 191.419
193.279 191.669
193.531 191.919
193.783 192.169
193.783 192.169
194.035 192.419
194.288 192.669
194.288 192.669
194.54 192.919
194.792 193.169
195.044 193.419
195.296 193.669
195.8 194.169
195.8 194.169
196.052 194.419
196.304 194.669
196.556 194.919
196.809 195.169
197.061 195.419
197.061 195.419
197.313 195.669
197.313 195.669
197.565 195.919
197.565 195.919
197.817 196.169
197.817 196.169
198.321 196.669
198.321 196.669
198.573 196.919
198.825 197.169
199.33 197.669
199.582 197.919
199.582 197.919
199.834 198.169
199.834 198.169
200.338 198.669
200.338 198.669
200.59 198.919
200.842 199.169
201.346 199.669
201.598 199.919
201.598 199.919
201.851 200.169
201.851 200.169
202.355 200.669
202.355 200.669
202.859 201.169
202.859 201.169
203.111 201.419
203.363 201.669
203.615 201.919
203.867 202.169
203.867 202.169
203.867 202.169
203.867 202.169
204.372 202.669
204.624 202.919
204.624 202.919
204.624 202.919
205.128 203.419
205.128 203.419
205.128 203.419
205.38 203.669
205.632 203.919
205.632 203.919
205.884 204.169
205.884 204.169
206.136 204.419
206.388 204.669
206.388 204.669
206.64 204.919
206.893 205.169
206.893 205.169
207.145 205.419
207.145 205.419
207.397 205.669
207.649 205.919
207.901 206.169
207.901 206.169
208.153 206.419
208.405 206.669
208.657 206.919
208.909 207.169
209.161 207.419
209.161 207.419
209.414 207.669
209.414 207.669
209.666 207.919
209.666 207.919
209.918 208.169
209.918 208.169
210.17 208.419
210.422 208.669
210.422 208.669
210.674 208.919
210.926 209.169
210.926 209.169
211.178 209.419
211.178 209.419
211.43 209.669
211.682 209.919
211.935 210.169
211.935 210.169
212.187 210.419
212.439 210.669
212.691 210.919
212.691 210.919
212.943 211.169
213.195 211.419
213.195 211.419
213.447 211.669
213.447 211.669
213.699 211.919
213.699 211.919
213.951 212.169
213.951 212.169
214.203 212.419
214.456 212.669
214.456 212.669
214.708 212.919
214.708 212.919
214.708 212.919
215.212 213.419
215.464 213.669
215.716 213.919
215.716 213.919
215.968 214.169
215.968 214.169
216.22 214.419
216.472 214.669
216.472 214.669
216.724 214.919
216.724 214.919
216.724 214.919
217.229 215.419
217.481 215.669
217.481 215.669
217.733 215.919
217.985 216.169
217.985 216.169
218.237 216.419
218.237 216.419
218.489 216.669
218.489 216.669
218.489 216.669
218.741 216.919
218.993 217.169
219.246 217.419
219.246 217.419
219.498 217.669
219.498 217.669
219.75 217.919
220.002 218.169
220.002 218.169
220.254 218.419
220.506 218.669
220.758 218.919
221.01 219.169
221.01 219.169
221.262 219.419
221.262 219.419
221.514 219.669
221.514 219.669
221.767 219.919
221.767 219.919
222.019 220.169
222.019 220.169
222.271 220.419
222.523 220.669
222.523 220.669
222.775 220.919
222.775 220.919
223.027 221.169
223.279 221.419
223.531 221.669
223.75 221.885
223.783 221.919
223.89 222.025
224.035 222.169
224.04 222.173
224.288 222.419
224.54 222.669
224.54 222.669
224.792 222.919
224.792 222.919
225.044 223.169
225.296 223.419
225.548 223.669
225.8 223.919
225.8 223.919
226.052 224.169
226.052 224.169
226.304 224.419
226.556 224.669
226.809 224.919
227.061 225.169
227.061 225.169
227.565 225.669
227.565 225.669
228.069 226.169
228.069 226.169
228.069 226.169
228.069 226.169
228.069 226.169
228.573 226.669
229.077 227.169
229.077 227.169
229.33 227.419
229.582 227.669
229.582 227.669
229.834 227.919
230.086 228.169
230.086 228.169
230.338 228.419
230.59 228.669
230.59 228.669
230.842 228.919
230.842 228.919
231.094 229.169
231.346 229.419
231.598 229.669
231.844 229.912
231.851 229.919
231.985 230.052
232.103 230.169
232.143 230.208
232.355 230.419
232.607 230.669
232.607 230.669
232.859 230.919
232.859 230.919
233.111 231.169
233.363 231.419
233.615 231.669
233.867 231.919
233.867 231.919
234.088 232.137
234.119 232.169
234.342 232.39
234.657 232.702
234.92 232.963
235.254 233.294
235.317 233.356
235.327 233.367
235.832 233.867
235.964 233.998
235.968 234.002
236.21 234.242
236.638 234.667
236.867 234.894
237.886 235.904
237.899 235.917
237.953 235.971
238.004 236.021
238.054 236.071
238.466 236.479
238.724 236.735
238.945 236.954
239.159 237.167
239.399 237.404
239.657 237.66
239.932 237.933
240.248 238.246
240.546 238.542
240.83 238.823
241.149 239.14
241.712 239.698
241.75 239.735
241.827 239.812
241.901 239.885
