1.30903 1.57083
1.30903 1.57083
1.30903 1.57083
1.30903 1.57083
1.30903 1.57083
2.14236 2.57083
2.55902 3.07083
2.76736 3.32083
2.97569 3.57083
2.97569 3.57083
2.97569 3.57083
2.97569 3.57083
2.97569 3.57083
4.43402 5.32083
4.64235 5.57083
4.64235 5.57083
4.64235 5.57083
4.64235 5.57083
4.64235 5.57083
5.05902 6.07083
5.47569 6.57083
5.89235 7.07083
6.30902 7.57083
6.30902 7.57083
6.30902 7.57083
6.30902 7.57083
6.30902 7.57083
7.97568 9.57083
7.97568 9.57083
7.97568 9.57083
7.97568 9.57083
7.97568 9.57083
8.80901 10.5708
9.01735 10.8208
9.64235 11.5708
9.64235 11.5708
9.64235 11.5708
9.64235 11.5708
9.64235 11.5708
9.64235 11.5708
11.1007 13.3208
11.309 13.5708
11.309 13.5708
11.309 13.5708
11.309 13.5708
11.309 13.5708
11.7257 14.0708
12.1423 14.5708
12.559 15.0708
12.9757 15.5708
12.9757 15.5708
12.9757 15.5708
12.9757 15.5708
12.9757 15.5708
14.6423 17.5708
14.6423 17.5708
15.059 18.0708
15.2673 18.3208
15.4757 18.5708
15.8923 19.0708
15.8923 19.0708
16.1007 19.3208
16.309 19.5708
16.7257 20.0708
16.7257 20.0708
17.1423 20.5708
17.1423 20.5708
17.559 21.0708
17.7673 21.3208
17.9757 21.5708
17.9757 21.5708
18.3923 22.0708
18.3923 22.0708
18.809 22.5708
18.809 22.5708
19.2257 23.0708
19.2257 23.0708
19.6423 23.5708
19.6423 23.5708
19.8507 23.8208
20.059 24.0708
20.2673 24.3208
20.4757 24.5708
20.8923 25.0708
21.309 25.5708
21.309 25.5708
21.7257 26.0708
21.7257 26.0708
21.934 26.3208
22.1423 26.5708
22.559 27.0708
22.559 27.0708
22.7673 27.3208
22.9757 27.5708
23.184 27.8208
23.3923 28.0708
23.809 28.5708
24.2257 29.0708
24.6423 29.5708
24.6423 29.5708
25.059 30.0708
25.059 30.0708
25.2673 30.3208
25.4757 30.5708
25.8923 31.0708
25.8923 31.0708
26.1007 31.3208
26.309 31.5708
26.7257 32.0708
27.1423 32.5708
27.559 33.0708
27.9756 33.5708
27.9756 33.5708
28.3923 34.0708
28.809 34.5708
28.809 34.5708
29.2256 35.0708
29.2256 35.0708
29.434 35.3208
29.6423 35.5708
30.059 36.0708
30.4756 36.5708
30.8923 37.0708
31.1006 37.3208
31.309 37.5708
31.309 37.5708
31.7256 38.0708
31.7256 38.0708
32.1423 38.5708
32.1423 38.5708
32.559 39.0708
32.559 39.0708
32.9756 39.5708
32.9756 39.5708
33.3923 40.0708
33.3923 40.0708
33.809 40.5708
33.809 40.5708
34.2256 41.0708
34.2256 41.0708
34.434 41.3208
34.6423 41.5708
34.6423 41.5708
35.059 42.0708
35.4756 42.5708
35.4756 42.5708
35.684 42.8208
35.8923 43.0708
36.309 43.5708
36.309 43.5708
36.7256 44.0708
37.1423 44.5708
37.1423 44.5708
37.559 45.0708
37.7673 45.3208
37.9756 45.5708
37.9756 45.5708
38.3923 46.0708
38.3923 46.0708
38.809 46.5708
38.809 46.5708
39.2256 47.0708
39.2256 47.0708
39.2256 47.0708
39.6423 47.5708
39.6423 47.5708
39.6423 47.5708
40.059 48.0708
40.059 48.0708
40.4756 48.5708
40.4756 48.5708
40.8923 49.0708
41.309 49.5708
41.309 49.5708
41.7256 50.0708
41.7256 50.0708
41.934 50.3208
42.1423 50.5708
42.559 51.0708
42.559 51.0708
42.7673 51.3208
42.9756 51.5708
43.184 51.8208
43.3923 52.0708
43.809 52.5708
43.809 52.5708
44.2256 53.0708
44.434 53.3208
44.6423 53.5708
44.6423 53.5708
45.059 54.0708
45.059 54.0708
45.4756 54.5708
45.4756 54.5708
45.8923 55.0708
45.8923 55.0708
46.309 55.5708
46.309 55.5708
46.7256 56.0708
46.7256 56.0708
46.934 56.3208
47.1423 56.5708
47.559 57.0708
47.9756 57.5708
47.9756 57.5708
48.3923 58.0708
48.3923 58.0708
48.6006 58.3208
48.8089 58.5708
49.2256 59.0708
49.2256 59.0708
49.4339 59.3208
49.6423 59.5708
49.8506 59.8208
50.0589 60.0708
50.4756 60.5708
50.4756 60.5708
50.4756 60.5708
50.8923 61.0708
51.3089 61.5708
51.3089 61.5708
51.7256 62.0708
51.9339 62.3208
52.1423 62.5708
52.5589 63.0708
52.9756 63.5708
52.9756 63.5708
53.8089 64.5708
54.2256 65.0708
54.6423 65.5708
54.6423 65.5708
54.8506 65.8208
55.0589 66.0708
55.0589 66.0708
55.2673 66.3208
55.2673 66.3208
55.4756 66.5708
55.6839 66.8208
55.6839 66.8208
55.8923 67.0708
56.1006 67.3208
56.3089 67.5708
56.3089 67.5708
56.5173 67.8208
56.7256 68.0708
56.7256 68.0708
56.9339 68.3208
56.9339 68.3208
57.1423 68.5708
57.3506 68.8208
57.5589 69.0708
57.5589 69.0708
57.7673 69.3208
57.9756 69.5708
57.9756 69.5708
58.1839 69.8208
58.3923 70.0708
58.3923 70.0708
58.6006 70.3208
58.8089 70.5708
58.8089 70.5708
59.0173 70.8208
59.2256 71.0708
59.2256 71.0708
59.4339 71.3208
59.6423 71.5708
59.6423 71.5708
59.8506 71.8208
60.0589 72.0708
60.2673 72.3208
60.2673 72.3208
60.4756 72.5708
60.6839 72.8208
60.8923 73.0708
60.8923 73.0708
61.1006 73.3208
61.1006 73.3208
61.3089 73.5708
61.3089 73.5708
61.5173 73.8208
61.7256 74.0708
61.7256 74.0708
61.9339 74.3208
61.9339 74.3208
62.1423 74.5708
62.3506 74.8208
62.3506 74.8208
62.5589 75.0708
62.7673 75.3208
62.9756 75.5708
62.9756 75.5708
63.1839 75.8208
63.3923 76.0708
63.3923 76.0708
63.6006 76.3208
63.6006 76.3208
63.8089 76.5708
64.0173 76.8208
64.2256 77.0708
64.2256 77.0708
64.4339 77.3208
64.6423 77.5708
64.6423 77.5708
64.8506 77.8208
65.0589 78.0708
65.0589 78.0708
65.2673 78.3208
65.4756 78.5708
65.4756 78.5708
65.6839 78.8208
65.8923 79.0708
65.8923 79.0708
66.1006 79.3208
66.3089 79.5708
66.3089 79.5708
66.5173 79.8208
66.7256 80.0708
66.9339 80.3208
66.9339 80.3208
67.1423 80.5708
67.3506 80.8208
67.5589 81.0708
67.5589 81.0708
67.7673 81.3208
67.7673 81.3208
67.9756 81.5708
67.9756 81.5708
68.1839 81.8208
68.3923 82.0708
68.3923 82.0708
68.6006 82.3208
68.6006 82.3208
68.8089 82.5708
69.0173 82.8208
69.2256 83.0708
69.2256 83.0708
69.4339 83.3208
69.6422 83.5708
69.6422 83.5708
69.8506 83.8208
70.0589 84.0708
70.2672 84.3208
70.2672 84.3208
70.4756 84.5708
70.6839 84.8208
70.8922 85.0708
70.8922 85.0708
71.1006 85.3208
71.3089 85.5708
71.3089 85.5708
71.5172 85.8208
71.7256 86.0708
71.7256 86.0708
71.9339 86.3208
72.1422 86.5708
72.1422 86.5708
72.3506 86.8208
72.5589 87.0708
72.5589 87.0708
72.7672 87.3208
72.9756 87.5708
72.9756 87.5708
73.1839 87.8208
73.3922 88.0708
73.6006 88.3208
73.6006 88.3208
73.8089 88.5708
74.0172 88.8208
74.2256 89.0708
74.2256 89.0708
74.4339 89.3208
74.4339 89.3208
74.6422 89.5708
74.6422 89.5708
74.8506 89.8208
75.0589 90.0708
75.0589 90.0708
75.2672 90.3208
75.2672 90.3208
75.4756 90.5708
75.6839 90.8208
75.6839 90.8208
75.8922 91.0708
76.1006 91.3208
76.3089 91.5708
76.3089 91.5708
76.5172 91.8208
76.7256 92.0708
76.7256 92.0708
76.9339 92.3208
76.9339 92.3208
77.1422 92.5708
77.3506 92.8208
77.5589 93.0708
77.5589 93.0708
77.7672 93.3208
77.9756 93.5708
77.9756 93.5708
78.1839 93.8208
78.3922 94.0708
78.3922 94.0708
78.6006 94.3208
78.8089 94.5708
78.8089 94.5708
79.0172 94.8208
79.2256 95.0708
79.2256 95.0708
79.4339 95.3208
79.6422 95.5708
79.6422 95.5708
79.8506 95.8208
80.0589 96.0708
80.2672 96.3208
80.2672 96.3208
80.4756 96.5708
80.6839 96.8208
80.8922 97.0708
81.1006 97.3208
81.3089 97.5708
81.3089 97.5708
81.3089 97.5708
81.5172 97.8208
81.7256 98.0708
81.7256 98.0708
81.9339 98.3208
82.1422 98.5708
82.1422 98.5708
82.1422 98.5708
82.3506 98.8208
82.5589 99.0708
82.7672 99.3208
82.9756 99.5708
82.9756 99.5708
82.9756 99.5708
83.1839 99.8208
83.3922 100.071
83.3922 100.071
83.6006 100.321
83.8089 100.571
83.8089 100.571
83.8089 100.571
84.0172 100.821
84.6422 101.571
84.6422 101.571
84.6422 101.571
84.8506 101.821
85.0589 102.071
85.0589 102.071
85.2672 102.321
85.4756 102.571
85.4756 102.571
85.6839 102.821
85.8922 103.071
86.3089 103.571
86.3089 103.571
86.3089 103.571
86.5172 103.821
86.7256 104.071
86.7256 104.071
86.9339 104.321
87.1422 104.571
87.1422 104.571
87.3506 104.821
87.5589 105.071
87.5589 105.071
87.7672 105.321
87.9756 105.571
87.9756 105.571
87.9756 105.571
88.1839 105.821
88.3922 106.071
88.3922 106.071
88.3922 106.071
88.6006 106.321
88.8089 106.571
88.8089 106.571
88.8089 106.571
89.0172 106.821
89.2256 107.071
89.4339 107.321
89.6422 107.571
89.6422 107.571
89.8506 107.821
90.0589 108.071
90.0589 108.071
90.2672 108.321
90.4755 108.571
90.4755 108.571
90.4755 108.571
90.6839 108.821
91.3089 109.571
91.3089 109.571
91.3089 109.571
91.5172 109.821
91.7255 110.071
91.7255 110.071
91.9339 110.321
92.1422 110.571
92.1422 110.571
92.3505 110.821
92.5589 111.071
92.9755 111.571
92.9755 111.571
92.9755 111.571
93.1839 111.821
93.3922 112.071
93.3922 112.071
93.3922 112.071
93.6005 112.321
93.8089 112.571
93.8089 112.571
94.0172 112.821
94.2255 113.071
94.4339 113.321
94.6422 113.571
94.6422 113.571
95.0589 114.071
95.4755 114.571
95.4755 114.571
95.8922 115.071
95.8922 115.071
96.1005 115.321
96.3089 115.571
96.7255 116.071
97.1422 116.571
97.5589 117.071
97.7672 117.321
97.9755 117.571
97.9755 117.571
98.3922 118.071
98.3922 118.071
98.8089 118.571
98.8089 118.571
99.2255 119.071
99.2255 119.071
99.6422 119.571
99.6422 119.571
100.059 120.071
100.059 120.071
100.476 120.571
100.476 120.571
100.892 121.071
100.892 121.071
101.101 121.321
101.309 121.571
101.309 121.571
101.726 122.071
102.142 122.571
102.142 122.571
102.351 122.821
102.559 123.071
102.976 123.571
102.976 123.571
103.392 124.071
103.809 124.571
103.809 124.571
104.226 125.071
104.434 125.321
104.642 125.571
104.642 125.571
105.059 126.071
105.059 126.071
105.476 126.571
105.476 126.571
105.892 127.071
105.892 127.071
106.309 127.571
106.309 127.571
106.726 128.071
107.142 128.571
107.559 129.071
107.976 129.571
107.976 129.571
108.392 130.071
108.392 130.071
108.601 130.321
108.809 130.571
109.226 131.071
109.226 131.071
109.434 131.321
109.642 131.571
109.851 131.821
110.059 132.071
110.476 132.571
110.476 132.571
110.892 133.071
111.101 133.321
111.309 133.571
111.309 133.571
111.726 134.071
111.726 134.071
112.142 134.571
112.142 134.571
112.559 135.071
112.559 135.071
112.976 135.571
112.976 135.571
113.392 136.071
113.392 136.071
113.392 136.071
113.601 136.321
113.809 136.571
113.809 136.571
114.226 137.071
114.226 137.071
114.434 137.321
114.642 137.571
114.642 137.571
115.059 138.071
115.059 138.071
115.267 138.321
115.476 138.571
115.892 139.071
115.892 139.071
116.101 139.321
116.309 139.571
116.517 139.821
116.726 140.071
117.142 140.571
117.142 140.571
117.142 140.571
117.559 141.071
117.976 141.571
117.976 141.571
118.392 142.071
118.601 142.321
118.809 142.571
119.226 143.071
119.642 143.571
119.642 143.571
120.476 144.571
120.892 145.071
121.309 145.571
121.309 145.571
121.517 145.821
121.725 146.071
121.725 146.071
121.934 146.321
121.934 146.321
122.142 146.571
122.35 146.821
122.35 146.821
122.559 147.071
122.767 147.321
122.975 147.571
122.975 147.571
123.184 147.821
123.392 148.071
123.392 148.071
123.6 148.321
123.6 148.321
123.809 148.571
124.017 148.821
124.225 149.071
124.225 149.071
124.434 149.321
124.642 149.571
124.642 149.571
124.85 149.821
125.059 150.071
125.059 150.071
125.267 150.321
125.475 150.571
125.475 150.571
125.684 150.821
125.892 151.071
125.892 151.071
126.1 151.321
126.309 151.571
126.309 151.571
126.517 151.821
126.725 152.071
126.934 152.321
126.934 152.321
127.142 152.571
127.35 152.821
127.559 153.071
127.559 153.071
127.767 153.321
127.767 153.321
127.975 153.571
127.975 153.571
128.184 153.821
128.392 154.071
128.392 154.071
128.6 154.321
128.6 154.321
128.809 154.571
129.017 154.821
129.017 154.821
129.225 155.071
129.434 155.321
129.642 155.571
129.642 155.571
129.85 155.821
130.059 156.071
130.059 156.071
130.267 156.321
130.267 156.321
130.475 156.571
130.684 156.821
130.892 157.071
130.892 157.071
131.1 157.321
131.309 157.571
131.309 157.571
131.517 157.821
131.725 158.071
131.725 158.071
131.934 158.321
132.142 158.571
132.142 158.571
132.35 158.821
132.559 159.071
132.559 159.071
132.767 159.321
132.975 159.571
132.975 159.571
133.184 159.821
133.392 160.071
133.6 160.321
133.6 160.321
133.809 160.571
134.017 160.821
134.225 161.071
134.225 161.071
134.434 161.321
134.434 161.321
134.642 161.571
134.642 161.571
134.85 161.821
135.059 162.071
135.059 162.071
135.267 162.321
135.267 162.321
135.475 162.571
135.684 162.821
135.892 163.071
135.892 163.071
136.1 163.321
136.309 163.571
136.309 163.571
136.517 163.821
136.725 164.071
136.934 164.321
136.934 164.321
137.142 164.571
137.35 164.821
137.559 165.071
137.559 165.071
137.767 165.321
137.975 165.571
137.975 165.571
138.184 165.821
138.392 166.071
138.392 166.071
138.6 166.321
138.809 166.571
138.809 166.571
139.017 166.821
139.225 167.071
139.225 167.071
139.434 167.321
139.642 167.571
139.642 167.571
139.85 167.821
140.059 168.071
140.267 168.321
140.267 168.321
140.475 168.571
140.684 168.821
140.892 169.071
140.892 169.071
141.1 169.321
141.1 169.321
141.309 169.571
141.309 169.571
141.517 169.821
141.725 170.071
141.725 170.071
141.934 170.321
141.934 170.321
142.142 170.571
142.35 170.821
142.35 170.821
142.559 171.071
142.767 171.321
142.975 171.571
142.975 171.571
143.184 171.821
143.392 172.071
143.392 172.071
143.6 172.321
143.6 172.321
143.809 172.571
144.017 172.821
144.225 173.071
144.225 173.071
144.434 173.321
144.642 173.571
144.642 173.571
144.85 173.821
145.059 174.071
145.059 174.071
145.267 174.321
145.475 174.571
145.475 174.571
145.684 174.821
145.892 175.071
145.892 175.071
146.1 175.321
146.309 175.571
146.309 175.571
146.517 175.821
146.725 176.071
146.934 176.321
146.934 176.321
147.142 176.571
147.35 176.821
147.559 177.071
147.767 177.321
147.972 177.567
147.975 177.571
148.003 177.604
148.212 177.854
148.392 178.071
148.42 178.104
148.6 178.321
148.628 178.354
148.837 178.604
149.017 178.821
149.045 178.854
149.253 179.104
149.462 179.354
149.642 179.571
149.67 179.604
149.878 179.854
150.059 180.071
150.087 180.104
150.267 180.321
150.295 180.354
150.503 180.604
150.712 180.854
150.892 181.071
150.92 181.104
151.128 181.354
151.283 181.54
151.309 181.571
151.337 181.604
151.545 181.854
151.725 182.071
151.753 182.104
151.962 182.354
152.142 182.571
152.17 182.604
152.378 182.854
152.517 183.021
152.559 183.071
152.587 183.104
152.795 183.354
152.923 183.508
152.975 183.571
153.003 183.604
153.212 183.854
153.42 184.104
153.6 184.321
153.628 184.354
153.837 184.604
154.045 184.854
154.225 185.071
154.253 185.104
154.434 185.321
154.462 185.354
154.642 185.571
154.67 185.604
154.673 185.608
154.878 185.854
155.059 186.071
155.087 186.104
155.267 186.321
155.295 186.354
155.503 186.604
155.684 186.821
155.712 186.854
155.875 187.05
155.92 187.104
156.128 187.354
156.291 187.55
156.309 187.571
156.337 187.604
156.545 187.854
156.725 188.071
156.753 188.104
156.934 188.321
156.962 188.354
157.17 188.604
157.378 188.854
157.559 189.071
157.587 189.104
157.795 189.354
157.96 189.552
157.975 189.571
158.003 189.604
158.212 189.854
158.392 190.071
158.42 190.104
158.628 190.354
158.809 190.571
158.837 190.604
159.045 190.854
159.224 191.069
159.225 191.071
159.253 191.104
159.462 191.354
159.626 191.552
159.642 191.571
159.67 191.604
159.878 191.854
160.087 192.104
160.267 192.321
160.295 192.354
160.42 192.504
160.503 192.604
160.712 192.854
160.892 193.071
160.92 193.104
161.1 193.321
161.128 193.354
161.265 193.519
161.309 193.571
161.337 193.604
161.359 193.631
161.545 193.854
161.725 194.071
161.753 194.104
161.934 194.321
161.962 194.354
162.17 194.604
162.378 194.854
162.524 195.029
162.559 195.071
162.587 195.104
162.795 195.354
162.93 195.517
162.975 195.571
163.003 195.604
163.212 195.854
163.42 196.104
163.6 196.321
163.628 196.354
163.837 196.604
164.045 196.854
164.225 197.071
164.253 197.104
164.462 197.354
164.642 197.571
164.654 197.585
164.67 197.604
164.878 197.854
165.059 198.071
165.087 198.104
165.295 198.354
165.475 198.571
165.503 198.604
165.712 198.854
165.885 199.063
165.892 199.071
165.92 199.104
166.128 199.354
166.304 199.565
166.309 199.571
166.337 199.604
166.545 199.854
166.753 200.104
166.934 200.321
166.962 200.354
167.17 200.604
167.378 200.854
167.559 201.071
167.587 201.104
167.767 201.321
167.795 201.354
167.975 201.571
167.989 201.588
168.003 201.604
168.212 201.854
168.392 202.071
168.42 202.104
168.6 202.321
168.628 202.354
168.837 202.604
169.017 202.821
169.045 202.854
169.236 203.083
169.253 203.104
169.462 203.354
169.64 203.569
169.642 203.571
169.67 203.604
169.878 203.854
170.059 204.071
170.087 204.104
170.267 204.321
170.295 204.354
170.503 204.604
170.712 204.854
170.892 205.071
170.92 205.104
171.128 205.354
171.281 205.537
171.309 205.571
171.337 205.604
171.545 205.854
171.725 206.071
171.753 206.104
171.962 206.354
172.142 206.571
172.17 206.604
172.378 206.854
172.528 207.033
172.559 207.071
172.587 207.104
172.795 207.354
172.946 207.535
172.975 207.571
173.003 207.604
173.212 207.854
173.42 208.104
173.6 208.321
173.628 208.354
173.764 208.517
173.837 208.604
174.045 208.854
174.253 209.104
174.462 209.354
174.642 209.571
174.642 209.571
175.059 210.071
175.475 210.571
175.475 210.571
175.892 211.071
175.892 211.071
176.1 211.321
176.309 211.571
176.725 212.071
177.142 212.571
177.559 213.071
177.767 213.321
177.975 213.571
177.975 213.571
178.392 214.071
178.392 214.071
178.809 214.571
178.809 214.571
179.225 215.071
179.225 215.071
179.642 215.571
179.642 215.571
180.059 216.071
180.267 216.321
180.475 216.571
180.892 217.071
181.309 217.571
181.309 217.571
181.725 218.071
182.142 218.571
182.142 218.571
182.35 218.821
182.559 219.071
182.559 219.071
182.767 219.321
182.975 219.571
183.184 219.821
183.392 220.071
183.809 220.571
183.809 220.571
184.225 221.071
184.434 221.321
184.642 221.571
184.642 221.571
185.059 222.071
185.059 222.071
185.475 222.571
185.475 222.571
185.892 223.071
185.892 223.071
186.309 223.571
186.309 223.571
186.725 224.071
187.142 224.571
187.142 224.571
187.975 225.571
187.975 225.571
188.184 225.821
188.392 226.071
188.392 226.071
188.6 226.321
188.6 226.321
188.809 226.571
189.225 227.071
189.225 227.071
189.434 227.321
189.434 227.321
189.642 227.571
189.85 227.821
189.85 227.821
190.059 228.071
190.267 228.321
190.684 228.821
190.892 229.071
191.1 229.321
191.1 229.321
191.309 229.571
191.309 229.571
191.517 229.821
191.725 230.071
191.725 230.071
191.934 230.321
192.142 230.571
192.35 230.821
192.559 231.071
192.559 231.071
192.767 231.321
192.975 231.571
192.975 231.571
193.184 231.821
193.392 232.071
193.6 232.321
193.6 232.321
193.809 232.571
194.017 232.821
194.225 233.071
194.434 233.321
194.642 233.571
194.642 233.571
194.85 233.821
195.059 234.071
195.059 234.071
195.267 234.321
195.267 234.321
195.684 234.821
195.892 235.071
195.892 235.071
196.1 235.321
196.1 235.321
196.309 235.571
196.517 235.821
196.517 235.821
196.725 236.071
196.934 236.321
197.35 236.821
197.559 237.071
197.767 237.321
197.975 237.571
197.975 237.571
198.392 238.071
198.392 238.071
198.6 238.321
198.809 238.571
198.809 238.571
198.809 238.571
199.225 239.071
199.434 239.321
199.642 239.571
199.642 239.571
199.642 239.571
199.642 239.571
200.059 240.071
200.267 240.321
