0.123016 0.129167
0.599206 0.629167
1.0754 1.12917
1.0754 1.12917
1.0754 1.12917
1.0754 1.12917
1.55159 1.62917
2.02778 2.12917
2.02778 2.12917
2.02778 2.12917
2.26587 2.37917
2.50397 2.62917
2.50397 2.62917
2.74206 2.87917
2.96428 3.1125
2.98016 3.12917
2.98016 3.12917
2.98016 3.12917
2.98016 3.12917
2.98016 3.12917
3.45635 3.62917
3.90277 4.09792
3.93254 4.12917
3.93254 4.12917
3.93254 4.12917
3.93254 4.12917
4.17063 4.37917
4.38888 4.60833
4.40873 4.62917
4.64682 4.87917
4.88492 5.12917
4.88492 5.12917
4.88492 5.12917
4.88492 5.12917
4.88888 5.13333
5.36111 5.62917
5.5992 5.87917
5.8115 6.10208
5.8373 6.12917
5.8373 6.12917
5.8373 6.12917
6.31349 6.62917
6.31349 6.62917
6.31745 6.63333
6.78968 7.12917
6.78968 7.12917
6.78968 7.12917
6.78968 7.12917
6.79364 7.13333
7.26587 7.62917
7.74206 8.12917
7.74206 8.12917
7.74206 8.12917
7.74206 8.12917
8.21825 8.62917
8.21825 8.62917
8.21825 8.62917
8.69444 9.12917
8.69444 9.12917
8.69444 9.12917
8.69444 9.12917
8.69444 9.12917
9.17063 9.62917
9.64682 10.1292
9.64682 10.1292
10.123 10.6292
10.123 10.6292
10.123 10.6292
10.3611 10.8792
10.3611 10.8792
10.5992 11.1292
10.5992 11.1292
10.5992 11.1292
10.5992 11.1292
10.5992 11.1292
11.0754 11.6292
11.5516 12.1292
11.5516 12.1292
11.5516 12.1292
11.5516 12.1292
12.0278 12.6292
12.504 13.1292
12.504 13.1292
12.504 13.1292
12.504 13.1292
12.504 13.1292
12.9801 13.6292
13.4563 14.1292
13.4563 14.1292
13.9325 14.6292
14.4087 15.1292
14.4087 15.1292
14.4087 15.1292
15.3611 16.1292
15.3611 16.1292
16.3135 17.1292
16.3135 17.1292
16.3135 17.1292
16.3135 17.1292
16.7897 17.6292
16.7897 17.6292
17.0278 17.8792
17.2659 18.1292
17.2659 18.1292
17.2659 18.1292
17.504 18.3792
17.742 18.6292
17.742 18.6292
17.9801 18.8792
18.2182 19.1292
18.2182 19.1292
18.2182 19.1292
18.2182 19.1292
18.6944 19.6292
19.1706 20.1292
19.1706 20.1292
19.1706 20.1292
19.6468 20.6292
19.8849 20.8792
20.123 21.1292
20.123 21.1292
20.123 21.1292
20.123 21.1292
20.5992 21.6292
21.0754 22.1292
21.0754 22.1292
21.0754 22.1292
21.0754 22.1292
21.3135 22.3792
22.0278 23.1292
22.0278 23.1292
22.0278 23.1292
22.0278 23.1292
22.5039 23.6292
22.9801 24.1292
22.9801 24.1292
22.9801 24.1292
22.9801 24.1292
22.9801 24.1292
23.4563 24.6292
23.9325 25.1292
23.9325 25.1292
23.9325 25.1292
23.9325 25.1292
23.9325 25.1292
23.9325 25.1292
24.4087 25.6292
24.4087 25.6292
24.8849 26.1292
24.8849 26.1292
24.8849 26.1292
25.123 26.3792
25.3611 26.6292
25.3611 26.6292
25.5992 26.8792
25.8373 27.1292
25.8373 27.1292
25.8373 27.1292
25.8373 27.1292
26.3135 27.6292
26.3135 27.6292
26.7797 28.1188
26.7897 28.1292
26.7897 28.1292
26.7897 28.1292
26.7897 28.1292
26.7897 28.1292
27.0039 28.3542
27.2401 28.6021
27.2658 28.6292
27.4643 28.8375
27.5039 28.8792
27.7103 29.0958
27.742 29.1292
27.742 29.1292
27.742 29.1292
27.742 29.1292
27.742 29.1292
27.742 29.1292
27.742 29.1292
28.2182 29.6292
28.6944 30.1292
28.6944 30.1292
28.6944 30.1292
28.6944 30.1292
29.1706 30.6292
29.4087 30.8792
29.6468 31.1292
29.6468 31.1292
29.6468 31.1292
29.6468 31.1292
29.6468 31.1292
30.123 31.6292
30.3611 31.8792
30.5992 32.1292
30.5992 32.1292
30.5992 32.1292
30.5992 32.1292
30.5992 32.1292
30.8373 32.3792
31.0754 32.6292
31.0754 32.6292
31.0754 32.6292
31.5516 33.1292
31.5516 33.1292
31.5516 33.1292
31.5516 33.1292
31.5516 33.1292
31.5516 33.1292
32.0277 33.6292
32.0277 33.6292
32.2658 33.8792
32.5039 34.1292
32.5039 34.1292
32.5039 34.1292
32.742 34.3792
32.9801 34.6292
32.9801 34.6292
33.2182 34.8792
33.4563 35.1292
33.4563 35.1292
33.4563 35.1292
33.4563 35.1292
33.9325 35.6292
34.4087 36.1292
34.4087 36.1292
34.4087 36.1292
34.8849 36.6292
35.3611 37.1292
35.3611 37.1292
35.3611 37.1292
35.3611 37.1292
35.8373 37.6292
36.2758 38.0896
36.3135 38.1292
36.3135 38.1292
36.3135 38.1292
36.615 38.4458
36.9385 38.7854
37.2262 39.0875
37.2658 39.1292
37.2658 39.1292
37.2658 39.1292
37.742 39.6292
37.9801 39.8792
38.2182 40.1292
38.2182 40.1292
38.2182 40.1292
38.2182 40.1292
38.4563 40.3792
38.6944 40.6292
38.6944 40.6292
39.1706 41.1292
39.1706 41.1292
39.1706 41.1292
39.1706 41.1292
39.1706 41.1292
39.6468 41.6292
39.6468 41.6292
39.8849 41.8792
40.123 42.1292
40.123 42.1292
40.123 42.1292
40.3611 42.3792
40.5992 42.6292
40.5992 42.6292
40.8373 42.8792
41.0754 43.1292
41.0754 43.1292
41.0754 43.1292
41.0754 43.1292
41.5515 43.6292
41.5515 43.6292
41.7896 43.8792
42.0277 44.1292
42.0277 44.1292
42.0277 44.1292
42.5039 44.6292
42.5258 44.6521
42.748 44.8854
42.9801 45.1292
42.9801 45.1292
42.9801 45.1292
42.9801 45.1292
43.0019 45.1521
43.4305 45.6021
43.6944 45.8792
43.9325 46.1292
43.9325 46.1292
43.9325 46.1292
43.9543 46.1521
44.2539 46.4667
44.5496 46.7771
44.8412 47.0833
44.8849 47.1292
44.8849 47.1292
44.8849 47.1292
44.8849 47.1292
45.3611 47.6292
45.7896 48.0792
45.8373 48.1292
45.8373 48.1292
45.8373 48.1292
46.1448 48.4521
46.3134 48.6292
46.4662 48.7896
46.7896 49.1292
46.7896 49.1292
46.7896 49.1292
46.7936 49.1333
47.2658 49.6292
47.742 50.1292
47.742 50.1292
47.742 50.1292
47.742 50.1292
47.9801 50.3792
47.9801 50.3792
48.2182 50.6292
48.2182 50.6292
48.4563 50.8792
48.6944 51.1292
48.6944 51.1292
48.6944 51.1292
48.6944 51.1292
48.6944 51.1292
48.6944 51.1292
48.6944 51.1292
49.6468 52.1292
49.6468 52.1292
49.6468 52.1292
50.123 52.6292
50.3611 52.8792
50.5992 53.1292
50.5992 53.1292
50.5992 53.1292
50.5992 53.1292
50.5992 53.1292
51.0753 53.6292
51.0753 53.6292
51.3134 53.8792
51.3134 53.8792
51.5515 54.1292
51.5515 54.1292
51.5515 54.1292
51.5515 54.1292
52.0277 54.6292
52.2658 54.8792
52.5039 55.1292
52.5039 55.1292
52.5039 55.1292
52.5039 55.1292
52.5039 55.1292
52.9801 55.6292
52.9801 55.6292
53.4563 56.1292
53.4563 56.1292
53.4563 56.1292
53.6944 56.3792
53.6944 56.3792
53.9325 56.6292
53.9325 56.6292
53.9325 56.6292
54.1706 56.8792
54.1706 56.8792
54.1706 56.8792
54.4087 57.1292
54.4087 57.1292
54.4087 57.1292
54.4087 57.1292
54.4087 57.1292
54.8849 57.6292
54.8849 57.6292
55.123 57.8792
55.3611 58.1292
55.3611 58.1292
55.3611 58.1292
55.3611 58.1292
55.8372 58.6292
55.8372 58.6292
56.0753 58.8792
56.0753 58.8792
56.3134 59.1292
56.3134 59.1292
56.3134 59.1292
56.3134 59.1292
56.7896 59.6292
56.7896 59.6292
57.0277 59.8792
57.0277 59.8792
57.2658 60.1292
57.2658 60.1292
57.2658 60.1292
57.2658 60.1292
57.2658 60.1292
57.5039 60.3792
57.742 60.6292
57.742 60.6292
57.742 60.6292
57.9801 60.8792
57.9801 60.8792
58.2182 61.1292
58.2182 61.1292
58.2182 61.1292
58.2182 61.1292
58.2182 61.1292
58.2182 61.1292
58.6944 61.6292
58.6944 61.6292
58.9325 61.8792
58.9325 61.8792
59.1706 62.1292
59.1706 62.1292
59.1706 62.1292
59.1706 62.1292
59.6468 62.6292
59.8849 62.8792
60.123 63.1292
60.123 63.1292
60.123 63.1292
60.123 63.1292
60.123 63.1292
60.5991 63.6292
61.0753 64.1292
61.0753 64.1292
61.0753 64.1292
61.3134 64.3792
61.3134 64.3792
61.5515 64.6292
61.5515 64.6292
61.5515 64.6292
61.7896 64.8792
61.7896 64.8792
61.7896 64.8792
62.0277 65.1292
62.0277 65.1292
62.0277 65.1292
62.0277 65.1292
62.0277 65.1292
62.5039 65.6292
62.5039 65.6292
62.742 65.8792
62.9801 66.1292
62.9801 66.1292
62.9801 66.1292
62.9801 66.1292
63.4563 66.6292
63.4563 66.6292
63.4563 66.6292
63.4563 66.6292
63.6944 66.8792
63.6944 66.8792
63.9325 67.1292
63.9325 67.1292
63.9325 67.1292
63.9325 67.1292
63.9325 67.1292
63.9325 67.1292
64.4087 67.6292
64.4087 67.6292
64.8849 68.1292
64.8849 68.1292
64.8849 68.1292
65.123 68.3792
65.123 68.3792
65.361 68.6292
65.361 68.6292
65.361 68.6292
65.5991 68.8792
65.8372 69.1292
65.8372 69.1292
65.8372 69.1292
65.8372 69.1292
65.8372 69.1292
65.8372 69.1292
65.8372 69.1292
66.3134 69.6292
66.3134 69.6292
66.5515 69.8792
66.5515 69.8792
66.7896 70.1292
66.7896 70.1292
66.7896 70.1292
66.7896 70.1292
67.2658 70.6292
67.5039 70.8792
67.742 71.1292
67.742 71.1292
67.742 71.1292
67.742 71.1292
67.742 71.1292
68.2182 71.6292
68.4563 71.8792
68.6944 72.1292
68.6944 72.1292
68.6944 72.1292
68.9325 72.3792
68.9325 72.3792
69.1706 72.6292
69.1706 72.6292
69.1706 72.6292
69.4087 72.8792
69.4087 72.8792
69.4087 72.8792
69.6468 73.1292
69.6468 73.1292
69.6468 73.1292
69.6468 73.1292
69.6468 73.1292
69.6468 73.1292
70.1229 73.6292
70.1229 73.6292
70.361 73.8792
70.5991 74.1292
70.5991 74.1292
70.5991 74.1292
70.5991 74.1292
71.0753 74.6292
71.0753 74.6292
71.3134 74.8792
71.3134 74.8792
71.5515 75.1292
71.5515 75.1292
71.5515 75.1292
71.5515 75.1292
72.0277 75.6292
72.0277 75.6292
72.2658 75.8792
72.2658 75.8792
72.5039 76.1292
72.5039 76.1292
72.5039 76.1292
72.5039 76.1292
72.5039 76.1292
72.742 76.3792
72.742 76.3792
72.9801 76.6292
72.9801 76.6292
72.9801 76.6292
72.9801 76.6292
73.2182 76.8792
73.4563 77.1292
73.4563 77.1292
73.4563 77.1292
73.4563 77.1292
73.4563 77.1292
73.4563 77.1292
73.4563 77.1292
73.9325 77.6292
73.9325 77.6292
74.1706 77.8792
74.1706 77.8792
74.4087 78.1292
74.4087 78.1292
74.4087 78.1292
74.4087 78.1292
74.8848 78.6292
75.1229 78.8792
75.361 79.1292
75.361 79.1292
75.361 79.1292
75.361 79.1292
75.361 79.1292
75.5991 79.3792
75.5991 79.3792
75.8372 79.6292
75.8372 79.6292
75.8372 79.6292
76.3134 80.1292
76.3134 80.1292
76.3134 80.1292
76.3134 80.1292
76.5515 80.3792
76.5515 80.3792
76.5515 80.3792
76.7896 80.6292
76.7896 80.6292
77.0277 80.8792
77.0277 80.8792
77.0277 80.8792
77.0277 80.8792
77.2658 81.1292
77.2658 81.1292
77.2658 81.1292
77.2658 81.1292
77.2658 81.1292
77.2658 81.1292
77.5039 81.3792
77.742 81.6292
77.742 81.6292
77.9801 81.8792
78.2182 82.1292
78.2182 82.1292
78.2182 82.1292
78.2182 82.1292
78.6944 82.6292
78.6944 82.6292
78.6944 82.6292
78.6944 82.6292
78.9325 82.8792
78.9325 82.8792
78.9325 82.8792
79.1706 83.1292
79.1706 83.1292
79.1706 83.1292
79.1706 83.1292
79.1706 83.1292
79.6467 83.6292
79.6467 83.6292
79.6467 83.6292
80.1229 84.1292
80.1229 84.1292
80.1229 84.1292
80.5991 84.6292
80.5991 84.6292
80.8372 84.8792
81.0753 85.1292
81.0753 85.1292
81.0753 85.1292
81.0753 85.1292
81.5515 85.6292
82.0277 86.1292
82.0277 86.1292
82.0277 86.1292
82.2658 86.3792
82.5039 86.6292
82.5039 86.6292
82.742 86.8792
82.9801 87.1292
82.9801 87.1292
82.9801 87.1292
82.9801 87.1292
82.9801 87.1292
83.4563 87.6292
83.9325 88.1292
83.9325 88.1292
83.9325 88.1292
83.9325 88.1292
84.1706 88.3792
84.4086 88.6292
84.6467 88.8792
84.8848 89.1292
84.8848 89.1292
84.8848 89.1292
84.8848 89.1292
85.361 89.6292
85.8372 90.1292
85.8372 90.1292
85.8372 90.1292
86.0753 90.3792
86.3134 90.6292
86.3134 90.6292
86.7896 91.1292
86.7896 91.1292
86.7896 91.1292
86.7896 91.1292
87.2658 91.6292
87.742 92.1292
87.742 92.1292
87.742 92.1292
87.742 92.1292
88.2182 92.6292
88.2182 92.6292
88.2182 92.6292
88.6944 93.1292
88.6944 93.1292
88.6944 93.1292
88.6944 93.1292
88.6944 93.1292
89.1705 93.6292
89.6467 94.1292
89.6467 94.1292
90.1229 94.6292
90.1229 94.6292
90.1229 94.6292
90.361 94.8792
90.361 94.8792
90.5991 95.1292
90.5991 95.1292
90.5991 95.1292
90.5991 95.1292
90.5991 95.1292
91.0753 95.6292
91.5515 96.1292
91.5515 96.1292
91.5515 96.1292
91.5515 96.1292
91.7896 96.3792
91.7896 96.3792
92.0277 96.6292
92.0277 96.6292
92.0277 96.6292
92.5039 97.1292
92.5039 97.1292
92.5039 97.1292
92.5039 97.1292
92.5039 97.1292
92.9801 97.6292
93.4563 98.1292
93.4563 98.1292
93.9324 98.6292
94.4086 99.1292
94.4086 99.1292
94.4086 99.1292
95.361 100.129
95.361 100.129
96.3134 101.129
96.3134 101.129
96.3134 101.129
96.3134 101.129
96.7896 101.629
96.7896 101.629
97.0277 101.879
97.2658 102.129
97.2658 102.129
97.2658 102.129
97.5039 102.379
97.742 102.629
97.742 102.629
97.9801 102.879
98.2182 103.129
98.2182 103.129
98.2182 103.129
98.2182 103.129
98.6943 103.629
99.1705 104.129
99.1705 104.129
99.1705 104.129
99.6467 104.629
99.8848 104.879
100.123 105.129
100.123 105.129
100.123 105.129
100.123 105.129
100.599 105.629
101.075 106.129
101.075 106.129
101.075 106.129
101.075 106.129
101.313 106.379
102.028 107.129
102.028 107.129
102.028 107.129
102.028 107.129
102.504 107.629
102.98 108.129
102.98 108.129
102.98 108.129
102.98 108.129
102.98 108.129
103.456 108.629
103.932 109.129
103.932 109.129
103.932 109.129
103.932 109.129
103.932 109.129
103.932 109.129
104.409 109.629
104.409 109.629
104.885 110.129
104.885 110.129
104.885 110.129
105.123 110.379
105.361 110.629
105.361 110.629
105.599 110.879
105.837 111.129
105.837 111.129
105.837 111.129
105.837 111.129
106.313 111.629
106.313 111.629
106.79 112.129
106.79 112.129
106.79 112.129
106.79 112.129
106.79 112.129
107.266 112.629
107.504 112.879
107.742 113.129
107.742 113.129
107.742 113.129
107.742 113.129
107.742 113.129
107.742 113.129
107.742 113.129
108.218 113.629
108.694 114.129
108.694 114.129
108.694 114.129
108.694 114.129
109.171 114.629
109.409 114.879
109.647 115.129
109.647 115.129
109.647 115.129
109.647 115.129
109.647 115.129
110.123 115.629
110.361 115.879
110.599 116.129
110.599 116.129
110.599 116.129
110.599 116.129
110.599 116.129
110.837 116.379
111.075 116.629
111.075 116.629
111.075 116.629
111.551 117.129
111.551 117.129
111.551 117.129
111.551 117.129
111.551 117.129
111.551 117.129
112.028 117.629
112.028 117.629
112.266 117.879
112.504 118.129
112.504 118.129
112.504 118.129
112.742 118.379
112.98 118.629
112.98 118.629
113.218 118.879
113.456 119.129
113.456 119.129
113.456 119.129
113.456 119.129
113.932 119.629
114.409 120.129
114.409 120.129
114.409 120.129
114.885 120.629
115.361 121.129
115.361 121.129
115.361 121.129
115.361 121.129
115.837 121.629
116.276 122.09
116.313 122.129
116.313 122.129
116.313 122.129
116.615 122.446
116.938 122.785
117.226 123.088
117.266 123.129
117.266 123.129
117.266 123.129
117.742 123.629
117.98 123.879
118.218 124.129
118.218 124.129
118.218 124.129
118.218 124.129
118.456 124.379
118.694 124.629
118.694 124.629
119.171 125.129
119.171 125.129
119.171 125.129
119.171 125.129
119.171 125.129
119.647 125.629
119.647 125.629
119.885 125.879
120.123 126.129
120.123 126.129
120.123 126.129
120.361 126.379
120.599 126.629
120.599 126.629
120.837 126.879
121.075 127.129
121.075 127.129
121.075 127.129
121.075 127.129
121.551 127.629
121.551 127.629
121.79 127.879
122.028 128.129
122.028 128.129
122.028 128.129
122.504 128.629
122.526 128.652
122.748 128.885
122.98 129.129
122.98 129.129
122.98 129.129
122.98 129.129
123.002 129.152
123.43 129.602
123.694 129.879
123.932 130.129
123.932 130.129
123.932 130.129
123.954 130.152
124.254 130.467
124.549 130.777
124.841 131.083
124.885 131.129
124.885 131.129
124.885 131.129
124.885 131.129
125.361 131.629
125.79 132.079
125.837 132.129
125.837 132.129
125.837 132.129
126.145 132.452
126.313 132.629
126.466 132.79
126.79 133.129
126.79 133.129
126.79 133.129
126.794 133.133
127.266 133.629
127.742 134.129
127.742 134.129
127.742 134.129
127.742 134.129
127.98 134.379
127.98 134.379
128.218 134.629
128.218 134.629
128.456 134.879
128.694 135.129
128.694 135.129
128.694 135.129
128.694 135.129
128.694 135.129
128.694 135.129
128.694 135.129
129.647 136.129
129.647 136.129
129.647 136.129
130.123 136.629
130.361 136.879
130.599 137.129
130.599 137.129
130.599 137.129
130.599 137.129
130.599 137.129
131.075 137.629
131.075 137.629
131.313 137.879
131.313 137.879
131.551 138.129
131.551 138.129
131.551 138.129
131.551 138.129
132.028 138.629
132.266 138.879
132.504 139.129
132.504 139.129
132.504 139.129
132.504 139.129
132.504 139.129
132.98 139.629
132.98 139.629
133.456 140.129
133.456 140.129
133.456 140.129
133.694 140.379
133.694 140.379
133.932 140.629
133.932 140.629
133.932 140.629
134.171 140.879
134.171 140.879
134.171 140.879
134.409 141.129
134.409 141.129
134.409 141.129
134.409 141.129
134.409 141.129
134.885 141.629
134.885 141.629
135.123 141.879
135.361 142.129
135.361 142.129
135.361 142.129
135.361 142.129
135.837 142.629
135.837 142.629
136.075 142.879
136.075 142.879
136.313 143.129
136.313 143.129
136.313 143.129
136.313 143.129
136.79 143.629
136.79 143.629
137.028 143.879
137.028 143.879
137.266 144.129
137.266 144.129
137.266 144.129
137.266 144.129
137.266 144.129
137.504 144.379
137.742 144.629
137.742 144.629
137.742 144.629
137.98 144.879
137.98 144.879
138.218 145.129
138.218 145.129
138.218 145.129
138.218 145.129
138.218 145.129
138.218 145.129
138.694 145.629
138.694 145.629
138.932 145.879
138.932 145.879
139.17 146.129
139.17 146.129
139.17 146.129
139.17 146.129
139.647 146.629
139.885 146.879
140.123 147.129
140.123 147.129
140.123 147.129
140.123 147.129
140.123 147.129
140.599 147.629
141.075 148.129
141.075 148.129
141.075 148.129
141.313 148.379
141.313 148.379
141.551 148.629
141.551 148.629
141.551 148.629
141.79 148.879
141.79 148.879
141.79 148.879
142.028 149.129
142.028 149.129
142.028 149.129
142.028 149.129
142.028 149.129
142.504 149.629
142.504 149.629
142.742 149.879
142.98 150.129
142.98 150.129
142.98 150.129
142.98 150.129
143.456 150.629
143.456 150.629
143.456 150.629
143.456 150.629
143.694 150.879
143.694 150.879
143.932 151.129
143.932 151.129
143.932 151.129
143.932 151.129
143.932 151.129
143.932 151.129
144.409 151.629
144.409 151.629
144.885 152.129
144.885 152.129
144.885 152.129
145.123 152.379
145.123 152.379
145.361 152.629
145.361 152.629
145.361 152.629
145.599 152.879
145.837 153.129
145.837 153.129
145.837 153.129
145.837 153.129
145.837 153.129
145.837 153.129
145.837 153.129
146.313 153.629
146.313 153.629
146.551 153.879
146.551 153.879
146.79 154.129
146.79 154.129
146.79 154.129
146.79 154.129
147.266 154.629
147.504 154.879
147.742 155.129
147.742 155.129
147.742 155.129
147.742 155.129
147.742 155.129
148.218 155.629
148.456 155.879
148.694 156.129
148.694 156.129
148.694 156.129
148.932 156.379
148.932 156.379
149.17 156.629
149.17 156.629
149.17 156.629
149.409 156.879
149.409 156.879
149.409 156.879
149.647 157.129
149.647 157.129
149.647 157.129
149.647 157.129
149.647 157.129
149.647 157.129
150.123 157.629
150.123 157.629
150.361 157.879
150.599 158.129
150.599 158.129
150.599 158.129
150.599 158.129
151.075 158.629
151.075 158.629
151.313 158.879
151.313 158.879
151.551 159.129
151.551 159.129
151.551 159.129
151.551 159.129
152.028 159.629
152.028 159.629
152.266 159.879
152.266 159.879
152.504 160.129
152.504 160.129
152.504 160.129
152.504 160.129
152.504 160.129
152.742 160.379
152.742 160.379
152.98 160.629
152.98 160.629
152.98 160.629
152.98 160.629
153.218 160.879
153.456 161.129
153.456 161.129
153.456 161.129
153.456 161.129
153.456 161.129
153.456 161.129
153.456 161.129
153.932 161.629
153.932 161.629
154.17 161.879
154.17 161.879
154.409 162.129
154.409 162.129
154.409 162.129
154.409 162.129
154.885 162.629
155.123 162.879
155.361 163.129
155.361 163.129
155.361 163.129
155.361 163.129
155.361 163.129
155.599 163.379
155.599 163.379
155.837 163.629
155.837 163.629
155.837 163.629
156.313 164.129
156.313 164.129
156.313 164.129
156.313 164.129
156.551 164.379
156.551 164.379
156.551 164.379
156.79 164.629
156.79 164.629
157.028 164.879
157.028 164.879
157.028 164.879
157.028 164.879
157.266 165.129
157.266 165.129
157.266 165.129
157.266 165.129
157.266 165.129
157.266 165.129
157.504 165.379
157.742 165.629
157.742 165.629
157.98 165.879
158.218 166.129
158.218 166.129
158.218 166.129
158.218 166.129
158.694 166.629
158.694 166.629
158.694 166.629
158.694 166.629
158.932 166.879
158.932 166.879
158.932 166.879
159.17 167.129
159.17 167.129
159.17 167.129
159.17 167.129
159.17 167.129
159.647 167.629
159.647 167.629
159.647 167.629
160.123 168.129
160.123 168.129
160.123 168.129
160.599 168.629
160.599 168.629
160.837 168.879
161.075 169.129
161.075 169.129
161.075 169.129
161.075 169.129
161.075 169.129
161.551 169.629
161.551 169.629
161.79 169.879
161.79 169.879
162.028 170.129
162.028 170.129
162.028 170.129
162.028 170.129
162.504 170.629
162.742 170.879
162.98 171.129
162.98 171.129
162.98 171.129
162.98 171.129
162.98 171.129
163.456 171.629
163.456 171.629
163.932 172.129
163.932 172.129
163.932 172.129
164.17 172.379
164.17 172.379
164.409 172.629
164.409 172.629
164.409 172.629
164.647 172.879
164.647 172.879
164.647 172.879
164.885 173.129
164.885 173.129
164.885 173.129
164.885 173.129
164.885 173.129
165.361 173.629
165.361 173.629
165.599 173.879
165.837 174.129
165.837 174.129
165.837 174.129
165.837 174.129
166.313 174.629
166.313 174.629
166.551 174.879
166.551 174.879
166.79 175.129
166.79 175.129
166.79 175.129
166.79 175.129
167.266 175.629
167.266 175.629
167.504 175.879
167.504 175.879
167.742 176.129
167.742 176.129
167.742 176.129
167.742 176.129
167.742 176.129
167.98 176.379
168.218 176.629
168.218 176.629
168.218 176.629
168.456 176.879
168.456 176.879
168.694 177.129
168.694 177.129
168.694 177.129
168.694 177.129
168.694 177.129
168.694 177.129
169.17 177.629
169.17 177.629
169.409 177.879
169.409 177.879
169.647 178.129
169.647 178.129
169.647 178.129
169.647 178.129
170.123 178.629
170.361 178.879
170.599 179.129
170.599 179.129
170.599 179.129
170.599 179.129
170.599 179.129
171.075 179.629
171.551 180.129
171.551 180.129
171.551 180.129
171.79 180.379
171.79 180.379
172.028 180.629
172.028 180.629
172.028 180.629
172.266 180.879
172.266 180.879
172.266 180.879
172.504 181.129
172.504 181.129
172.504 181.129
172.504 181.129
172.504 181.129
172.98 181.629
172.98 181.629
173.218 181.879
173.456 182.129
173.456 182.129
173.456 182.129
173.456 182.129
173.932 182.629
173.932 182.629
173.932 182.629
173.932 182.629
174.17 182.879
174.17 182.879
174.409 183.129
174.409 183.129
174.409 183.129
174.409 183.129
174.409 183.129
174.409 183.129
174.885 183.629
174.885 183.629
175.361 184.129
175.361 184.129
175.361 184.129
175.599 184.379
175.599 184.379
175.837 184.629
175.837 184.629
175.837 184.629
176.075 184.879
176.313 185.129
176.313 185.129
176.313 185.129
176.313 185.129
176.313 185.129
176.313 185.129
176.313 185.129
176.79 185.629
176.79 185.629
177.028 185.879
177.028 185.879
177.266 186.129
177.266 186.129
177.266 186.129
177.266 186.129
177.742 186.629
177.98 186.879
178.218 187.129
178.218 187.129
178.218 187.129
178.218 187.129
178.218 187.129
178.694 187.629
178.932 187.879
179.17 188.129
179.17 188.129
179.17 188.129
179.409 188.379
179.409 188.379
179.647 188.629
179.647 188.629
179.647 188.629
179.885 188.879
179.885 188.879
179.885 188.879
180.123 189.129
180.123 189.129
180.123 189.129
180.123 189.129
180.123 189.129
180.123 189.129
180.599 189.629
180.599 189.629
180.837 189.879
181.075 190.129
181.075 190.129
181.075 190.129
181.075 190.129
181.551 190.629
181.551 190.629
181.79 190.879
181.79 190.879
182.028 191.129
182.028 191.129
182.028 191.129
182.028 191.129
182.504 191.629
182.504 191.629
182.742 191.879
182.742 191.879
182.98 192.129
182.98 192.129
182.98 192.129
182.98 192.129
182.98 192.129
183.218 192.379
183.218 192.379
183.456 192.629
183.456 192.629
183.456 192.629
183.456 192.629
183.694 192.879
183.932 193.129
183.932 193.129
183.932 193.129
183.932 193.129
183.932 193.129
183.932 193.129
183.932 193.129
184.409 193.629
184.409 193.629
184.647 193.879
184.647 193.879
184.885 194.129
184.885 194.129
184.885 194.129
184.885 194.129
185.361 194.629
185.599 194.879
185.837 195.129
185.837 195.129
185.837 195.129
185.837 195.129
185.837 195.129
186.075 195.379
186.075 195.379
186.313 195.629
186.313 195.629
186.313 195.629
186.789 196.129
186.789 196.129
186.789 196.129
186.789 196.129
187.028 196.379
187.028 196.379
187.028 196.379
187.266 196.629
187.266 196.629
187.504 196.879
187.504 196.879
187.504 196.879
187.504 196.879
187.742 197.129
187.742 197.129
187.742 197.129
187.742 197.129
187.742 197.129
187.742 197.129
187.98 197.379
188.218 197.629
188.218 197.629
188.456 197.879
188.694 198.129
188.694 198.129
188.694 198.129
188.694 198.129
189.17 198.629
189.17 198.629
189.17 198.629
189.17 198.629
189.409 198.879
189.409 198.879
189.409 198.879
189.647 199.129
189.647 199.129
189.647 199.129
189.647 199.129
189.647 199.129
190.123 199.629
190.123 199.629
190.123 199.629
190.599 200.129
190.599 200.129
190.599 200.129
191.075 200.629
191.075 200.629
191.313 200.879
191.551 201.129
191.551 201.129
191.551 201.129
191.551 201.129
192.028 201.629
192.504 202.129
192.504 202.129
192.504 202.129
192.742 202.379
192.98 202.629
192.98 202.629
193.218 202.879
193.456 203.129
193.456 203.129
193.456 203.129
193.456 203.129
193.456 203.129
193.932 203.629
194.409 204.129
194.409 204.129
194.409 204.129
194.409 204.129
194.647 204.379
194.885 204.629
195.123 204.879
195.361 205.129
195.361 205.129
195.361 205.129
195.361 205.129
195.837 205.629
196.313 206.129
196.313 206.129
196.313 206.129
196.551 206.379
196.789 206.629
196.789 206.629
197.266 207.129
197.266 207.129
197.266 207.129
197.266 207.129
197.742 207.629
198.218 208.129
198.218 208.129
198.218 208.129
198.218 208.129
198.694 208.629
198.694 208.629
198.694 208.629
199.17 209.129
199.17 209.129
199.17 209.129
199.17 209.129
199.17 209.129
199.647 209.629
200.123 210.129
200.123 210.129
200.599 210.629
200.599 210.629
200.599 210.629
200.837 210.879
200.837 210.879
201.075 211.129
201.075 211.129
201.075 211.129
201.075 211.129
201.075 211.129
201.551 211.629
202.028 212.129
202.028 212.129
202.028 212.129
202.028 212.129
202.266 212.379
202.266 212.379
202.504 212.629
202.504 212.629
202.504 212.629
202.983 213.129
202.983 213.129
202.983 213.129
202.983 213.129
202.983 213.129
203.466 213.629
203.957 214.129
203.957 214.129
204.465 214.629
205.047 215.198
205.247 215.392
205.357 215.496
205.503 215.635
205.607 215.733
205.655 215.779
