2.2934 2.75208
2.2934 2.75208
2.2934 2.75208
2.2934 2.75208
2.2934 2.75208
2.71007 3.25208
3.12673 3.75208
3.12673 3.75208
3.96006 4.75208
3.96006 4.75208
4.7934 5.75208
4.7934 5.75208
4.7934 5.75208
5.21006 6.25208
5.21006 6.25208
5.62673 6.75208
5.62673 6.75208
5.62673 6.75208
5.62673 6.75208
5.83506 7.00208
6.04339 7.25208
6.46006 7.75208
6.46006 7.75208
7.29339 8.75208
7.29339 8.75208
7.71006 9.25208
8.12672 9.75208
8.12672 9.75208
8.12672 9.75208
8.12672 9.75208
8.54339 10.2521
8.54339 10.2521
8.75172 10.5021
8.96006 10.7521
8.96006 10.7521
8.96006 10.7521
9.79339 11.7521
9.79339 11.7521
10.6267 12.7521
10.6267 12.7521
11.4601 13.7521
11.4601 13.7521
11.8767 14.2521
11.8767 14.2521
12.0851 14.5021
12.2934 14.7521
12.2934 14.7521
12.2934 14.7521
12.2934 14.7521
13.1267 15.7521
13.1267 15.7521
13.96 16.7521
13.96 16.7521
13.96 16.7521
15.6267 18.7521
15.6267 18.7521
15.6267 18.7521
15.6267 18.7521
15.6267 18.7521
16.0434 19.2521
16.0434 19.2521
16.2517 19.5021
16.46 19.7521
16.46 19.7521
16.46 19.7521
16.8767 20.2521
17.085 20.5021
17.2934 20.7521
17.2934 20.7521
17.2934 20.7521
18.1267 21.7521
18.1267 21.7521
18.5434 22.2521
18.5434 22.2521
18.7517 22.5021
18.96 22.7521
18.96 22.7521
18.96 22.7521
18.96 22.7521
19.3767 23.2521
19.585 23.5021
19.7934 23.7521
19.7934 23.7521
19.7934 23.7521
20.21 24.2521
20.4184 24.5021
20.6267 24.7521
20.6267 24.7521
20.6267 24.7521
21.46 25.7521
21.46 25.7521
22.2934 26.7521
22.2934 26.7521
22.2934 26.7521
22.2934 26.7521
22.5017 27.0021
22.71 27.2521
22.9184 27.5021
23.1267 27.7521
23.1267 27.7521
23.1267 27.7521
23.5434 28.2521
23.7517 28.5021
23.96 28.7521
23.96 28.7521
23.96 28.7521
24.3767 29.2521
24.3767 29.2521
24.7934 29.7521
24.7934 29.7521
25.21 30.2521
25.4184 30.5021
25.6267 30.7521
25.6267 30.7521
25.6267 30.7521
25.6267 30.7521
25.835 31.0021
26.0434 31.2521
26.2517 31.5021
26.46 31.7521
26.46 31.7521
26.46 31.7521
26.8767 32.2521
27.085 32.5021
27.2934 32.7521
27.2934 32.7521
27.2934 32.7521
27.5017 33.0021
27.71 33.2521
28.1267 33.7521
28.1267 33.7521
28.1267 33.7521
28.1267 33.7521
28.5434 34.2521
28.7517 34.5021
28.96 34.7521
28.96 34.7521
28.96 34.7521
28.96 34.7521
28.96 34.7521
28.96 34.7521
29.3767 35.2521
29.585 35.5021
29.7934 35.7521
29.7934 35.7521
29.7934 35.7521
30.21 36.2521
30.6267 36.7521
30.6267 36.7521
30.6267 36.7521
31.0434 37.2521
31.0434 37.2521
31.46 37.7521
31.46 37.7521
31.8767 38.2521
31.8767 38.2521
32.085 38.5021
32.2934 38.7521
32.2934 38.7521
32.2934 38.7521
32.2934 38.7521
32.2934 38.7521
32.5017 39.0021
33.1267 39.7521
33.1267 39.7521
33.1267 39.7521
33.5433 40.2521
33.7517 40.5021
33.96 40.7521
33.96 40.7521
34.1683 41.0021
34.7933 41.7521
34.7933 41.7521
35.6267 42.7521
35.6267 42.7521
35.6267 42.7521
35.6267 42.7521
35.6267 42.7521
36.0433 43.2521
36.2517 43.5021
36.46 43.7521
36.46 43.7521
36.46 43.7521
37.085 44.5021
37.2933 44.7521
37.2933 44.7521
37.2933 44.7521
37.2933 44.7521
37.2933 44.7521
37.71 45.2521
37.71 45.2521
38.1267 45.7521
38.1267 45.7521
38.1267 45.7521
38.5433 46.2521
38.7517 46.5021
38.96 46.7521
38.96 46.7521
38.96 46.7521
38.96 46.7521
39.3767 47.2521
39.585 47.5021
39.7933 47.7521
39.7933 47.7521
39.7933 47.7521
39.7933 47.7521
39.7933 47.7521
40.21 48.2521
40.6267 48.7521
40.6267 48.7521
40.6267 48.7521
40.6267 48.7521
40.6267 48.7521
41.0433 49.2521
41.0433 49.2521
41.46 49.7521
41.46 49.7521
41.46 49.7521
41.6683 50.0021
41.8767 50.2521
41.8767 50.2521
42.085 50.5021
42.2933 50.7521
42.2933 50.7521
42.2933 50.7521
42.2933 50.7521
42.2933 50.7521
42.5017 51.0021
42.71 51.2521
42.9183 51.5021
43.1267 51.7521
43.1267 51.7521
43.1267 51.7521
43.5433 52.2521
43.5433 52.2521
43.96 52.7521
43.96 52.7521
43.96 52.7521
43.96 52.7521
44.3767 53.2521
44.7933 53.7521
44.7933 53.7521
44.7933 53.7521
45.21 54.2521
45.4183 54.5021
45.6267 54.7521
45.6267 54.7521
45.6267 54.7521
45.6267 54.7521
45.6267 54.7521
46.0433 55.2521
46.0433 55.2521
46.46 55.7521
46.46 55.7521
46.46 55.7521
46.8767 56.2521
47.085 56.5021
47.2933 56.7521
47.2933 56.7521
47.2933 56.7521
47.2933 56.7521
47.2933 56.7521
47.71 57.2521
47.71 57.2521
48.1267 57.7521
48.1267 57.7521
48.1267 57.7521
48.5433 58.2521
48.7517 58.5021
48.96 58.7521
48.96 58.7521
48.96 58.7521
48.96 58.7521
48.96 58.7521
49.3767 59.2521
49.3767 59.2521
49.7933 59.7521
49.7933 59.7521
49.7933 59.7521
50.21 60.2521
50.6267 60.7521
50.6267 60.7521
50.6267 60.7521
50.6267 60.7521
50.6267 60.7521
51.0433 61.2521
51.0433 61.2521
51.46 61.7521
51.46 61.7521
51.46 61.7521
51.46 61.7521
51.6683 62.0021
52.2933 62.7521
52.2933 62.7521
52.2933 62.7521
52.2933 62.7521
52.2933 62.7521
52.71 63.2521
53.1267 63.7521
53.335 64.0021
53.5433 64.2521
53.7517 64.5021
53.96 64.7521
53.96 64.7521
53.96 64.7521
53.96 64.7521
53.96 64.7521
54.585 65.5021
54.7933 65.7521
54.7933 65.7521
55.0016 66.0021
55.21 66.2521
55.21 66.2521
55.4183 66.5021
55.6266 66.7521
55.6266 66.7521
55.6266 66.7521
55.6266 66.7521
55.6266 66.7521
55.835 67.0021
56.0433 67.2521
56.0433 67.2521
56.2516 67.5021
56.46 67.7521
56.46 67.7521
56.8766 68.2521
57.2933 68.7521
57.2933 68.7521
57.2933 68.7521
57.2933 68.7521
57.2933 68.7521
57.5016 69.0021
57.71 69.2521
57.71 69.2521
57.9183 69.5021
58.1266 69.7521
58.1266 69.7521
58.1266 69.7521
58.5433 70.2521
58.7516 70.5021
58.96 70.7521
58.96 70.7521
58.96 70.7521
58.96 70.7521
59.3766 71.2521
59.3766 71.2521
59.585 71.5021
59.7933 71.7521
59.7933 71.7521
59.7933 71.7521
59.7933 71.7521
60.21 72.2521
60.4183 72.5021
60.6266 72.7521
60.6266 72.7521
60.6266 72.7521
60.6266 72.7521
60.835 73.0021
61.0433 73.2521
61.46 73.7521
61.46 73.7521
61.46 73.7521
61.8766 74.2521
61.8766 74.2521
62.085 74.5021
62.2933 74.7521
62.2933 74.7521
62.2933 74.7521
62.2933 74.7521
62.2933 74.7521
62.71 75.2521
62.71 75.2521
63.1266 75.7521
63.1266 75.7521
63.1266 75.7521
63.1266 75.7521
63.335 76.0021
63.5433 76.2521
63.7516 76.5021
63.96 76.7521
63.96 76.7521
63.96 76.7521
63.96 76.7521
63.96 76.7521
64.3766 77.2521
64.3766 77.2521
64.7933 77.7521
64.7933 77.7521
64.7933 77.7521
65.21 78.2521
65.4183 78.5021
65.6266 78.7521
65.6266 78.7521
65.6266 78.7521
65.6266 78.7521
66.0433 79.2521
66.0433 79.2521
66.2516 79.5021
66.46 79.7521
66.46 79.7521
66.46 79.7521
66.8766 80.2521
66.8766 80.2521
67.2933 80.7521
67.2933 80.7521
67.2933 80.7521
67.2933 80.7521
67.2933 80.7521
67.71 81.2521
67.71 81.2521
67.9183 81.5021
67.9183 81.5021
68.1266 81.7521
68.335 82.0021
68.5433 82.2521
68.5433 82.2521
68.5433 82.2521
68.7516 82.5021
68.96 82.7521
68.96 82.7521
68.96 82.7521
68.96 82.7521
68.96 82.7521
69.1683 83.0021
69.3766 83.2521
69.3766 83.2521
69.585 83.5021
69.7933 83.7521
69.7933 83.7521
70.21 84.2521
70.6266 84.7521
70.6266 84.7521
70.6266 84.7521
70.6266 84.7521
70.6266 84.7521
70.835 85.0021
71.0433 85.2521
71.0433 85.2521
71.2516 85.5021
71.46 85.7521
71.46 85.7521
71.46 85.7521
71.8766 86.2521
72.085 86.5021
72.2933 86.7521
72.2933 86.7521
72.2933 86.7521
72.2933 86.7521
72.71 87.2521
72.71 87.2521
72.9183 87.5021
73.1266 87.7521
73.1266 87.7521
73.1266 87.7521
73.1266 87.7521
73.5433 88.2521
73.7516 88.5021
73.96 88.7521
73.96 88.7521
73.96 88.7521
73.96 88.7521
73.96 88.7521
74.3766 89.2521
74.7933 89.7521
74.7933 89.7521
74.7933 89.7521
75.2099 90.2521
75.2099 90.2521
75.4183 90.5021
75.6266 90.7521
75.6266 90.7521
75.6266 90.7521
75.6266 90.7521
75.6266 90.7521
76.0433 91.2521
76.0433 91.2521
76.4599 91.7521
76.4599 91.7521
76.4599 91.7521
76.4599 91.7521
76.6683 92.0021
76.8766 92.2521
77.0849 92.5021
77.2933 92.7521
77.2933 92.7521
77.2933 92.7521
77.2933 92.7521
77.7099 93.2521
77.7099 93.2521
77.9183 93.5021
78.1266 93.7521
78.1266 93.7521
78.1266 93.7521
78.5433 94.2521
78.5433 94.2521
78.7516 94.5021
78.9599 94.7521
78.9599 94.7521
78.9599 94.7521
78.9599 94.7521
79.3766 95.2521
79.3766 95.2521
79.5849 95.5021
79.7933 95.7521
79.7933 95.7521
79.7933 95.7521
80.2099 96.2521
80.2099 96.2521
80.4183 96.5021
80.6266 96.7521
80.6266 96.7521
80.6266 96.7521
80.6266 96.7521
80.6266 96.7521
80.6336 96.7604
81.0433 97.2521
81.2516 97.5021
81.2516 97.5021
81.4599 97.7521
81.4599 97.7521
81.4808 97.7771
81.4842 97.7812
81.8766 98.2521
82.2933 98.7521
82.2933 98.7521
82.2933 98.7521
82.7099 99.2521
82.7099 99.2521
83.1266 99.7521
83.1266 99.7521
83.1266 99.7521
83.9599 100.752
83.9599 100.752
83.9599 100.752
83.9599 100.752
84.7933 101.752
85.0016 102.002
85.2099 102.252
85.4183 102.502
85.6266 102.752
85.6266 102.752
85.6266 102.752
85.6266 102.752
85.6266 102.752
86.4599 103.752
86.4599 103.752
86.8766 104.252
86.8766 104.252
87.0849 104.502
87.2933 104.752
87.2933 104.752
87.2933 104.752
87.2933 104.752
87.5016 105.002
87.7099 105.252
87.7099 105.252
88.1266 105.752
88.1266 105.752
88.5433 106.252
88.7516 106.502
88.9599 106.752
88.9599 106.752
88.9599 106.752
88.9599 106.752
89.3766 107.252
89.3766 107.252
89.5849 107.502
89.7933 107.752
89.7933 107.752
89.7933 107.752
89.7933 107.752
90.2099 108.252
90.4183 108.502
90.6266 108.752
90.6266 108.752
90.6266 108.752
90.6266 108.752
90.8349 109.002
91.0433 109.252
91.0433 109.252
91.4599 109.752
91.4599 109.752
91.4599 109.752
91.6683 110.002
91.8766 110.252
91.8766 110.252
92.0849 110.502
92.2933 110.752
92.2933 110.752
92.2933 110.752
92.2933 110.752
92.7099 111.252
93.1266 111.752
93.1266 111.752
93.5433 112.252
93.5433 112.252
93.7516 112.502
93.9599 112.752
93.9599 112.752
93.9599 112.752
93.9599 112.752
93.9599 112.752
94.3766 113.252
94.3766 113.252
94.7933 113.752
94.7933 113.752
94.7933 113.752
95.2099 114.252
95.2099 114.252
95.4183 114.502
95.4183 114.502
95.6266 114.752
95.6266 114.752
95.6266 114.752
95.6266 114.752
95.6266 114.752
95.6266 114.752
95.8349 115.002
95.8349 115.002
96.0432 115.252
96.0432 115.252
96.0432 115.252
96.2516 115.502
96.2516 115.502
96.4599 115.752
96.4599 115.752
96.4599 115.752
96.4599 115.752
96.4599 115.752
96.6682 116.002
96.6682 116.002
96.8766 116.252
96.8766 116.252
96.8766 116.252
97.0849 116.502
97.0849 116.502
97.0849 116.502
97.2932 116.752
97.2932 116.752
97.2932 116.752
97.2932 116.752
97.2932 116.752
97.2932 116.752
97.5016 117.002
97.5016 117.002
97.7099 117.252
97.7099 117.252
97.7099 117.252
97.9182 117.502
97.9182 117.502
98.1266 117.752
98.1266 117.752
98.1266 117.752
98.1266 117.752
98.1266 117.752
98.3349 118.002
98.3349 118.002
98.5432 118.252
98.5432 118.252
98.5432 118.252
98.9599 118.752
98.9599 118.752
98.9599 118.752
98.9599 118.752
98.9599 118.752
98.9599 118.752
99.3766 119.252
99.7932 119.752
99.7932 119.752
100.002 120.002
100.21 120.252
100.418 120.502
100.627 120.752
100.627 120.752
100.627 120.752
102.293 122.752
102.293 122.752
102.293 122.752
102.293 122.752
102.293 122.752
102.71 123.252
102.918 123.502
103.127 123.752
103.127 123.752
103.127 123.752
103.543 124.252
103.752 124.502
103.96 124.752
103.96 124.752
104.377 125.252
104.377 125.252
104.793 125.752
104.793 125.752
105.21 126.252
105.21 126.252
105.418 126.502
105.627 126.752
105.627 126.752
105.627 126.752
105.627 126.752
105.627 126.752
105.835 127.002
106.46 127.752
106.46 127.752
106.46 127.752
106.877 128.252
107.085 128.502
107.293 128.752
107.293 128.752
107.502 129.002
108.127 129.752
108.127 129.752
108.96 130.752
108.96 130.752
108.96 130.752
108.96 130.752
108.96 130.752
109.377 131.252
109.585 131.502
109.793 131.752
109.793 131.752
109.793 131.752
110.418 132.502
110.627 132.752
110.627 132.752
110.627 132.752
110.627 132.752
110.627 132.752
111.043 133.252
111.043 133.252
111.46 133.752
111.46 133.752
111.46 133.752
111.877 134.252
112.085 134.502
112.293 134.752
112.293 134.752
112.293 134.752
112.293 134.752
112.71 135.252
112.918 135.502
113.127 135.752
113.127 135.752
113.127 135.752
113.127 135.752
113.127 135.752
113.543 136.252
113.96 136.752
113.96 136.752
113.96 136.752
113.96 136.752
113.96 136.752
114.377 137.252
114.377 137.252
114.793 137.752
114.793 137.752
114.793 137.752
115.002 138.002
115.21 138.252
115.21 138.252
115.418 138.502
115.627 138.752
115.627 138.752
115.627 138.752
115.627 138.752
115.627 138.752
115.835 139.002
116.043 139.252
116.252 139.502
116.46 139.752
116.46 139.752
116.46 139.752
116.877 140.252
116.877 140.252
117.293 140.752
117.293 140.752
117.293 140.752
117.293 140.752
117.71 141.252
118.127 141.752
118.127 141.752
118.127 141.752
118.543 142.252
118.752 142.502
118.96 142.752
118.96 142.752
118.96 142.752
118.96 142.752
118.96 142.752
119.377 143.252
119.377 143.252
119.793 143.752
119.793 143.752
119.793 143.752
120.21 144.252
120.418 144.502
120.627 144.752
120.627 144.752
120.627 144.752
120.627 144.752
120.627 144.752
121.043 145.252
121.043 145.252
121.46 145.752
121.46 145.752
121.46 145.752
121.877 146.252
122.085 146.502
122.293 146.752
122.293 146.752
122.293 146.752
122.293 146.752
122.293 146.752
122.71 147.252
122.71 147.252
123.127 147.752
123.127 147.752
123.127 147.752
123.543 148.252
123.96 148.752
123.96 148.752
123.96 148.752
123.96 148.752
123.96 148.752
124.377 149.252
124.377 149.252
124.793 149.752
124.793 149.752
124.793 149.752
124.793 149.752
125.002 150.002
125.627 150.752
125.627 150.752
125.627 150.752
125.627 150.752
125.627 150.752
126.043 151.252
126.46 151.752
126.668 152.002
126.877 152.252
127.085 152.502
127.293 152.752
127.293 152.752
127.293 152.752
127.293 152.752
127.293 152.752
127.918 153.502
128.127 153.752
128.127 153.752
128.127 153.752
128.127 153.752
128.335 154.002
128.543 154.252
128.543 154.252
128.543 154.252
128.543 154.252
128.752 154.502
128.96 154.752
128.96 154.752
128.96 154.752
128.96 154.752
128.96 154.752
128.96 154.752
128.96 154.752
129.168 155.002
129.377 155.252
129.377 155.252
129.585 155.502
129.793 155.752
129.793 155.752
130.21 156.252
130.627 156.752
130.627 156.752
130.627 156.752
130.627 156.752
130.627 156.752
130.835 157.002
131.043 157.252
131.043 157.252
131.252 157.502
131.46 157.752
131.46 157.752
131.46 157.752
131.46 157.752
131.668 158.002
131.877 158.252
131.877 158.252
132.085 158.502
132.085 158.502
132.293 158.752
132.293 158.752
132.293 158.752
132.293 158.752
132.293 158.752
132.71 159.252
132.71 159.252
132.918 159.502
133.127 159.752
133.127 159.752
133.127 159.752
133.127 159.752
133.543 160.252
133.752 160.502
133.96 160.752
133.96 160.752
133.96 160.752
133.96 160.752
134.168 161.002
134.377 161.252
134.793 161.752
134.793 161.752
134.793 161.752
135.21 162.252
135.21 162.252
135.418 162.502
135.627 162.752
135.627 162.752
135.627 162.752
135.627 162.752
135.627 162.752
136.043 163.252
136.043 163.252
136.46 163.752
136.46 163.752
136.46 163.752
136.46 163.752
136.668 164.002
136.877 164.252
137.085 164.502
137.293 164.752
137.293 164.752
137.293 164.752
137.293 164.752
137.293 164.752
137.71 165.252
137.71 165.252
138.127 165.752
138.127 165.752
138.127 165.752
138.543 166.252
138.752 166.502
138.96 166.752
138.96 166.752
138.96 166.752
138.96 166.752
139.377 167.252
139.377 167.252
139.585 167.502
139.793 167.752
139.793 167.752
139.793 167.752
140.21 168.252
140.21 168.252
140.627 168.752
140.627 168.752
140.627 168.752
140.627 168.752
140.627 168.752
140.627 168.752
140.627 168.752
141.043 169.252
141.043 169.252
141.252 169.502
141.252 169.502
141.324 169.59
141.331 169.598
141.46 169.752
141.482 169.779
141.484 169.781
141.668 170.002
141.877 170.252
141.877 170.252
141.877 170.252
141.877 170.252
141.877 170.252
142.085 170.502
142.293 170.752
142.293 170.752
142.293 170.752
142.293 170.752
142.293 170.752
142.293 170.752
142.293 170.752
142.502 171.002
142.71 171.252
142.71 171.252
142.918 171.502
143.127 171.752
143.127 171.752
143.543 172.252
143.96 172.752
143.96 172.752
143.96 172.752
143.96 172.752
143.96 172.752
144.168 173.002
144.377 173.252
144.377 173.252
144.585 173.502
144.793 173.752
144.793 173.752
144.793 173.752
145.21 174.252
145.418 174.502
145.627 174.752
145.627 174.752
145.627 174.752
145.627 174.752
146.043 175.252
146.043 175.252
146.252 175.502
146.46 175.752
146.46 175.752
146.46 175.752
146.46 175.752
146.877 176.252
147.085 176.502
147.293 176.752
147.293 176.752
147.293 176.752
147.293 176.752
147.293 176.752
147.71 177.252
148.126 177.752
148.126 177.752
148.126 177.752
148.543 178.252
148.543 178.252
148.751 178.502
148.96 178.752
148.96 178.752
148.96 178.752
148.96 178.752
148.96 178.752
149.376 179.252
149.376 179.252
149.793 179.752
149.793 179.752
149.793 179.752
149.793 179.752
150.001 180.002
150.21 180.252
150.418 180.502
150.626 180.752
150.626 180.752
150.626 180.752
150.626 180.752
151.043 181.252
151.043 181.252
151.251 181.502
151.46 181.752
151.46 181.752
151.46 181.752
151.876 182.252
151.876 182.252
152.085 182.502
152.293 182.752
152.293 182.752
152.293 182.752
152.293 182.752
152.71 183.252
152.71 183.252
152.918 183.502
153.126 183.752
153.126 183.752
153.126 183.752
153.543 184.252
153.543 184.252
153.751 184.502
153.96 184.752
153.96 184.752
153.96 184.752
153.96 184.752
153.96 184.752
154.376 185.252
154.585 185.502
154.585 185.502
154.793 185.752
154.793 185.752
155.001 186.002
155.21 186.252
155.21 186.252
155.626 186.752
155.626 186.752
155.626 186.752
156.043 187.252
156.043 187.252
156.46 187.752
156.46 187.752
156.46 187.752
157.293 188.752
157.293 188.752
157.293 188.752
157.293 188.752
157.92 189.504
158.123 189.748
158.314 189.977
158.528 190.233
158.72 190.465
158.953 190.744
158.96 190.752
158.96 190.752
158.96 190.752
158.96 190.752
158.96 190.752
159.168 191.002
159.376 191.252
159.376 191.252
159.585 191.502
159.793 191.752
159.793 191.752
160.21 192.252
160.626 192.752
160.626 192.752
160.626 192.752
160.626 192.752
160.626 192.752
160.835 193.002
161.043 193.252
161.043 193.252
161.251 193.502
161.46 193.752
161.46 193.752
161.46 193.752
161.46 193.752
161.668 194.002
161.876 194.252
161.876 194.252
162.085 194.502
162.085 194.502
162.293 194.752
162.293 194.752
162.293 194.752
162.293 194.752
162.293 194.752
162.71 195.252
162.71 195.252
162.918 195.502
163.126 195.752
163.126 195.752
163.126 195.752
163.126 195.752
163.543 196.252
163.751 196.502
163.96 196.752
163.96 196.752
163.96 196.752
163.96 196.752
164.168 197.002
164.376 197.252
164.793 197.752
164.793 197.752
164.793 197.752
165.21 198.252
165.21 198.252
165.418 198.502
165.626 198.752
165.626 198.752
165.626 198.752
165.626 198.752
165.626 198.752
166.043 199.252
166.043 199.252
166.46 199.752
166.46 199.752
166.46 199.752
166.46 199.752
166.668 200.002
166.876 200.252
167.085 200.502
167.293 200.752
167.293 200.752
167.293 200.752
167.293 200.752
167.293 200.752
167.71 201.252
167.71 201.252
168.126 201.752
168.126 201.752
168.126 201.752
168.543 202.252
168.751 202.502
168.96 202.752
168.96 202.752
168.96 202.752
168.96 202.752
169.376 203.252
169.376 203.252
169.585 203.502
169.793 203.752
169.793 203.752
169.793 203.752
170.21 204.252
170.21 204.252
170.626 204.752
170.626 204.752
170.626 204.752
170.626 204.752
170.626 204.752
170.626 204.752
170.626 204.752
171.043 205.252
171.043 205.252
171.251 205.502
171.251 205.502
171.324 205.59
171.331 205.598
171.46 205.752
171.482 205.779
171.484 205.781
171.668 206.002
171.876 206.252
171.876 206.252
171.876 206.252
171.876 206.252
171.876 206.252
172.085 206.502
172.293 206.752
172.293 206.752
172.293 206.752
172.293 206.752
172.293 206.752
172.293 206.752
172.293 206.752
172.501 207.002
172.71 207.252
172.71 207.252
172.918 207.502
173.126 207.752
173.126 207.752
173.543 208.252
173.96 208.752
173.96 208.752
173.96 208.752
173.96 208.752
173.96 208.752
174.168 209.002
174.376 209.252
174.376 209.252
174.585 209.502
174.793 209.752
174.793 209.752
174.793 209.752
175.21 210.252
175.418 210.502
175.626 210.752
175.626 210.752
175.626 210.752
175.626 210.752
176.043 211.252
176.043 211.252
176.251 211.502
176.46 211.752
176.46 211.752
176.46 211.752
176.46 211.752
176.876 212.252
177.085 212.502
177.293 212.752
177.293 212.752
177.293 212.752
177.293 212.752
177.293 212.752
177.71 213.252
178.126 213.752
178.126 213.752
178.126 213.752
178.543 214.252
178.543 214.252
178.751 214.502
178.96 214.752
178.96 214.752
178.96 214.752
178.96 214.752
178.96 214.752
179.376 215.252
179.376 215.252
179.793 215.752
179.793 215.752
179.793 215.752
179.793 215.752
180.001 216.002
180.21 216.252
180.418 216.502
180.626 216.752
180.626 216.752
180.626 216.752
180.626 216.752
181.043 217.252
181.043 217.252
181.251 217.502
181.46 217.752
181.46 217.752
181.46 217.752
181.876 218.252
181.876 218.252
182.085 218.502
182.293 218.752
182.293 218.752
182.293 218.752
182.293 218.752
182.71 219.252
182.71 219.252
182.918 219.502
183.126 219.752
183.126 219.752
183.126 219.752
183.543 220.252
183.543 220.252
183.751 220.502
183.96 220.752
183.96 220.752
183.96 220.752
183.96 220.752
183.96 220.752
184.376 221.252
184.585 221.502
184.585 221.502
184.793 221.752
184.793 221.752
185.001 222.002
185.21 222.252
185.21 222.252
185.626 222.752
185.626 222.752
185.626 222.752
186.043 223.252
186.043 223.252
186.46 223.752
186.46 223.752
186.46 223.752
187.293 224.752
187.293 224.752
187.293 224.752
187.293 224.752
188.503 226.204
188.731 226.477
188.807 226.569
188.868 226.642
188.915 226.698
188.97 226.765
188.974 226.769
189.402 227.283
189.632 227.558
189.889 227.867
190.361 228.433
190.609 228.731
190.673 228.808
190.788 228.946
190.802 228.963
190.875 229.05
190.92 229.104
191.22 229.465
191.494 229.794
191.698 230.037
191.953 230.344
192.194 230.633
192.774 231.329
193 231.6
193.22 231.865
193.543 232.252
193.96 232.752
193.96 232.752
193.96 232.752
193.96 232.752
193.96 232.752
193.96 232.752
194.376 233.252
194.793 233.752
194.793 233.752
195.626 234.752
195.626 234.752
196.46 235.752
196.46 235.752
196.46 235.752
196.876 236.252
196.876 236.252
197.293 236.752
197.293 236.752
197.293 236.752
197.293 236.752
197.501 237.002
197.71 237.252
198.126 237.752
198.126 237.752
198.96 238.752
198.96 238.752
199.376 239.252
199.793 239.752
199.793 239.752
199.793 239.752
199.793 239.752
200.21 240.252
200.21 240.252
200.418 240.502
200.626 240.752
200.626 240.752
200.626 240.752
201.46 241.752
201.46 241.752
202.293 242.752
202.293 242.752
203.126 243.752
203.126 243.752
203.543 244.252
203.543 244.252
203.751 244.502
203.942 244.731
203.942 244.731
203.944 244.733
203.96 244.752
204.356 245.227
204.786 245.744
204.802 245.763
205.178 246.208
205.625 246.729
205.625 246.729
205.63 246.735
206.065 247.229
206.453 247.656
206.51 247.719
206.942 248.194
206.999 248.256
207.471 248.763
207.489 248.781
207.795 249.104
208.061 249.379
208.345 249.673
208.682 250.021
209.035 250.385
209.414 250.777
209.819 251.196
209.873 251.252
