0.282236 0.425
0.282236 0.425
0.614278 0.925
0.94632 1.425
1.27836 1.925
1.6104 2.425
1.94245 2.925
1.94245 2.925
2.27449 3.425
2.60653 3.925
2.60653 3.925
2.93857 4.425
3.27061 4.925
3.60266 5.425
3.9347 5.925
4.26674 6.425
4.26674 6.425
4.59878 6.925
4.59878 6.925
4.93082 7.425
4.93082 7.425
5.26287 7.925
5.26287 7.925
5.59491 8.425
5.59491 8.425
5.92695 8.925
6.25899 9.425
6.59103 9.925
6.92308 10.425
7.25512 10.925
7.58716 11.425
7.58716 11.425
7.9192 11.925
7.9192 11.925
8.25124 12.425
8.58329 12.925
8.91533 13.425
9.24737 13.925
9.57941 14.425
9.91145 14.925
9.91145 14.925
10.2435 15.425
10.2435 15.425
10.5755 15.925
10.5755 15.925
10.9076 16.425
10.9076 16.425
11.2396 16.925
11.5717 17.425
11.9037 17.925
11.9037 17.925
12.2357 18.425
12.5678 18.925
12.8998 19.425
13.2319 19.925
13.5639 20.425
13.896 20.925
14.228 21.425
14.56 21.925
14.56 21.925
14.8921 22.425
15.2241 22.925
15.2241 22.925
15.5562 23.425
15.5562 23.425
15.8882 23.925
15.8882 23.925
16.2203 24.425
16.2203 24.425
16.5523 24.925
16.8843 25.425
17.2164 25.925
17.8805 26.925
17.8805 26.925
17.8805 26.925
18.2125 27.425
18.5445 27.925
18.8766 28.425
19.2086 28.925
19.5407 29.425
19.8727 29.925
19.8727 29.925
20.5368 30.925
20.8688 31.425
20.8688 31.425
21.2009 31.925
21.2009 31.925
21.5329 32.425
21.5329 32.425
21.865 32.925
22.197 33.425
22.197 33.425
22.529 33.925
22.529 33.925
22.8611 34.425
22.8611 34.425
23.1931 34.925
23.1931 34.925
23.5252 35.425
23.5252 35.425
23.8572 35.925
23.8572 35.925
24.1893 36.425
24.1893 36.425
24.5213 36.925
24.8533 37.425
25.1854 37.925
25.5174 38.425
25.8495 38.925
26.1815 39.425
26.1815 39.425
26.5136 39.925
26.5136 39.925
26.8456 40.425
26.8456 40.425
27.1776 40.925
27.5097 41.425
27.5097 41.425
27.8417 41.925
27.8417 41.925
28.1738 42.425
28.1738 42.425
28.5058 42.925
28.5058 42.925
28.8378 43.425
28.8378 43.425
29.1699 43.925
29.1699 43.925
29.5019 44.425
29.5019 44.425
29.834 44.925
30.166 45.425
30.4981 45.925
30.8301 46.425
31.1621 46.925
31.1621 46.925
31.4942 47.425
31.4942 47.425
31.4942 47.425
31.8262 47.925
31.8262 47.925
31.8262 47.925
32.1583 48.425
32.1583 48.425
32.1583 48.425
32.4903 48.925
32.8224 49.425
32.8224 49.425
33.1544 49.925
33.1544 49.925
33.4864 50.425
33.4864 50.425
33.8185 50.925
34.1505 51.425
34.4826 51.925
34.4826 51.925
34.6486 52.175
34.8146 52.425
34.8146 52.425
35.1466 52.925
35.1466 52.925
35.4787 53.425
35.4787 53.425
35.8107 53.925
35.8107 53.925
36.1428 54.425
36.1428 54.425
36.4748 54.925
36.6408 55.175
36.8069 55.425
36.8069 55.425
37.1389 55.925
37.1389 55.925
37.4709 56.425
37.4709 56.425
37.803 56.925
38.135 57.425
38.135 57.425
38.135 57.425
38.4671 57.925
38.4671 57.925
38.7991 58.425
38.7991 58.425
39.1311 58.925
39.1311 58.925
39.4632 59.425
39.4632 59.425
39.7952 59.925
39.7952 59.925
40.1273 60.425
40.1273 60.425
40.4593 60.925
40.4593 60.925
40.7914 61.425
41.1234 61.925
41.4554 62.425
41.7875 62.925
41.7875 62.925
42.1195 63.425
42.1195 63.425
42.4516 63.925
42.4516 63.925
42.7836 64.425
42.7836 64.425
43.1157 64.925
43.4477 65.425
43.7797 65.925
44.1118 66.425
44.4438 66.925
44.7759 67.425
44.7759 67.425
44.7759 67.425
45.1079 67.925
45.1079 67.925
45.4399 68.425
45.4399 68.425
45.772 68.925
46.104 69.425
46.104 69.425
46.4361 69.925
46.4361 69.925
46.7681 70.425
46.7681 70.425
47.1002 70.925
47.1002 70.925
47.4322 71.425
47.4322 71.425
47.7642 71.925
47.7642 71.925
48.0963 72.425
48.0963 72.425
48.4283 72.925
48.7604 73.425
49.0924 73.925
49.4245 74.425
49.7565 74.925
49.7565 74.925
50.0885 75.425
50.0885 75.425
50.0885 75.425
50.4206 75.925
50.4206 75.925
50.7526 76.425
50.7526 76.425
50.7526 76.425
51.0847 76.925
51.4167 77.425
51.4167 77.425
51.7487 77.925
51.7487 77.925
52.0808 78.425
52.0808 78.425
52.4128 78.925
52.4128 78.925
52.7449 79.425
52.7449 79.425
53.0769 79.925
53.0769 79.925
53.409 80.425
53.409 80.425
53.741 80.925
54.073 81.425
54.4051 81.925
54.7371 82.425
55.0692 82.925
55.0692 82.925
55.4012 83.425
55.4012 83.425
55.4012 83.425
55.7332 83.925
55.7332 83.925
55.7332 83.925
56.0653 84.425
56.0653 84.425
56.0653 84.425
56.3973 84.925
56.7294 85.425
56.7294 85.425
57.0614 85.925
57.0614 85.925
57.3935 86.425
57.3935 86.425
57.7255 86.925
58.0575 87.425
58.3896 87.925
58.3896 87.925
58.5556 88.175
58.7216 88.425
58.7216 88.425
59.0537 88.925
59.0537 88.925
59.3857 89.425
59.3857 89.425
59.7178 89.925
59.7178 89.925
60.0498 90.425
60.0498 90.425
60.3818 90.925
60.5479 91.175
60.7139 91.425
60.7139 91.425
61.0459 91.925
61.0459 91.925
61.378 92.425
61.378 92.425
61.71 92.925
62.042 93.425
62.042 93.425
62.042 93.425
62.3741 93.925
62.3741 93.925
62.7061 94.425
62.7061 94.425
63.0382 94.925
63.0382 94.925
63.3702 95.425
63.3702 95.425
63.7023 95.925
63.7023 95.925
64.0343 96.425
64.0343 96.425
64.3663 96.925
64.3663 96.925
64.6984 97.425
65.0304 97.925
65.3625 98.425
65.6945 98.925
66.0266 99.425
66.0266 99.425
66.3586 99.925
66.3586 99.925
66.6906 100.425
66.6906 100.425
67.0227 100.925
67.3547 101.425
67.3547 101.425
67.3547 101.425
67.6868 101.925
68.0188 102.425
68.0188 102.425
68.3508 102.925
68.3508 102.925
68.6829 103.425
68.6829 103.425
68.6829 103.425
69.0149 103.925
69.0149 103.925
69.347 104.425
69.347 104.425
69.679 104.925
69.679 104.925
70.0111 105.425
70.0111 105.425
70.3431 105.925
70.6751 106.425
70.6751 106.425
71.0072 106.925
71.1732 107.175
71.3392 107.425
71.3392 107.425
71.6713 107.925
71.6713 107.925
71.6713 107.925
72.0033 108.425
72.0033 108.425
72.3353 108.925
72.6674 109.425
72.6674 109.425
72.9994 109.925
73.3315 110.425
73.3315 110.425
73.3315 110.425
73.6635 110.925
73.6635 110.925
73.9956 111.425
73.9956 111.425
74.3276 111.925
74.3276 111.925
74.3276 111.925
74.6596 112.425
74.6596 112.425
74.9917 112.925
74.9917 112.925
75.3237 113.425
75.3237 113.425
75.6558 113.925
75.9878 114.425
75.9878 114.425
76.3199 114.925
76.6519 115.425
76.6519 115.425
76.8179 115.675
76.9839 115.925
77.15 116.175
77.316 116.425
77.316 116.425
77.648 116.925
77.9801 117.425
77.9801 117.425
78.1461 117.675
78.3121 117.925
78.6441 118.425
78.6441 118.425
78.6441 118.425
78.9762 118.925
79.3082 119.425
79.6403 119.925
79.6403 119.925
79.8063 120.175
79.9723 120.425
79.9723 120.425
80.3044 120.925
80.3044 120.925
80.6364 121.425
80.6364 121.425
80.9684 121.925
80.9684 121.925
81.3005 122.425
81.3005 122.425
81.3005 122.425
81.3005 122.425
81.6325 122.925
81.7985 123.175
81.9646 123.425
81.9646 123.425
82.2966 123.925
82.2966 123.925
82.6287 124.425
82.6287 124.425
82.9607 124.925
83.2927 125.425
83.2927 125.425
83.2927 125.425
83.6248 125.925
83.6248 125.925
83.9568 126.425
83.9568 126.425
84.2889 126.925
84.2889 126.925
84.6209 127.425
84.6209 127.425
84.6209 127.425
84.9529 127.925
84.9529 127.925
85.285 128.425
85.285 128.425
85.617 128.925
85.617 128.925
85.9491 129.425
86.2811 129.925
86.6132 130.425
86.6132 130.425
86.9452 130.925
87.2772 131.425
87.6093 131.925
87.9413 132.425
87.9413 132.425
88.2734 132.925
88.6054 133.425
88.9374 133.925
89.2695 134.425
89.6015 134.925
89.6015 134.925
89.9336 135.425
89.9336 135.425
90.2656 135.925
90.2656 135.925
90.5977 136.425
90.5977 136.425
90.9297 136.925
91.2617 137.425
91.5938 137.925
91.9258 138.425
92.2579 138.925
92.5899 139.425
92.5899 139.425
92.922 139.925
92.922 139.925
93.254 140.425
93.254 140.425
93.586 140.925
93.9181 141.425
94.2501 141.925
94.5822 142.425
94.9142 142.925
95.2462 143.425
95.2462 143.425
95.5783 143.925
95.5783 143.925
95.9103 144.425
95.9103 144.425
96.2424 144.925
96.5744 145.425
96.5744 145.425
96.9065 145.925
96.9065 145.925
97.2385 146.425
97.2385 146.425
97.5705 146.925
97.5705 146.925
97.9026 147.425
97.9026 147.425
98.2346 147.925
98.2346 147.925
98.5667 148.425
98.5667 148.425
98.8987 148.925
99.2308 149.425
99.5628 149.925
99.8948 150.425
100.227 150.925
100.559 151.425
100.559 151.425
100.891 151.925
100.891 151.925
101.223 152.425
101.223 152.425
101.555 152.925
101.887 153.425
101.887 153.425
102.219 153.925
102.219 153.925
102.551 154.425
102.551 154.425
102.883 154.925
102.883 154.925
103.215 155.425
103.215 155.425
103.547 155.925
103.547 155.925
103.879 156.425
103.879 156.425
104.211 156.925
104.543 157.425
104.875 157.925
105.208 158.425
105.54 158.925
105.54 158.925
105.872 159.425
105.872 159.425
105.872 159.425
106.204 159.925
106.204 159.925
106.204 159.925
106.536 160.425
106.536 160.425
106.536 160.425
106.868 160.925
107.2 161.425
107.2 161.425
107.532 161.925
107.532 161.925
107.864 162.425
107.864 162.425
108.196 162.925
108.528 163.425
108.86 163.925
108.86 163.925
109.026 164.175
109.192 164.425
109.192 164.425
109.524 164.925
109.524 164.925
109.856 165.425
109.856 165.425
110.188 165.925
110.188 165.925
110.52 166.425
110.52 166.425
110.852 166.925
111.018 167.175
111.184 167.425
111.184 167.425
111.516 167.925
111.516 167.925
111.848 168.425
111.848 168.425
112.18 168.925
112.512 169.425
112.512 169.425
112.512 169.425
112.844 169.925
112.844 169.925
113.177 170.425
113.177 170.425
113.509 170.925
113.509 170.925
113.841 171.425
113.841 171.425
114.173 171.925
114.173 171.925
114.505 172.425
114.505 172.425
114.837 172.925
114.837 172.925
115.169 173.425
115.501 173.925
115.833 174.425
116.165 174.925
116.165 174.925
116.497 175.425
116.497 175.425
116.829 175.925
116.829 175.925
117.161 176.425
117.161 176.425
117.493 176.925
117.825 177.425
118.157 177.925
118.489 178.425
118.821 178.925
119.153 179.425
119.153 179.425
119.153 179.425
119.485 179.925
119.485 179.925
119.817 180.425
119.817 180.425
120.149 180.925
120.481 181.425
120.481 181.425
120.813 181.925
120.813 181.925
121.146 182.425
121.146 182.425
121.478 182.925
121.478 182.925
121.81 183.425
121.81 183.425
122.142 183.925
122.142 183.925
122.474 184.425
122.474 184.425
122.806 184.925
123.138 185.425
123.47 185.925
123.802 186.425
124.134 186.925
124.134 186.925
124.466 187.425
124.466 187.425
124.466 187.425
124.798 187.925
124.798 187.925
125.13 188.425
125.13 188.425
125.13 188.425
125.462 188.925
125.794 189.425
125.794 189.425
126.126 189.925
126.126 189.925
126.458 190.425
126.458 190.425
126.79 190.925
126.79 190.925
127.122 191.425
127.122 191.425
127.454 191.925
127.454 191.925
127.786 192.425
127.786 192.425
128.118 192.925
128.45 193.425
128.782 193.925
129.115 194.425
129.447 194.925
129.447 194.925
129.779 195.425
129.779 195.425
129.779 195.425
130.111 195.925
130.111 195.925
130.111 195.925
130.443 196.425
130.443 196.425
130.443 196.425
130.775 196.925
131.107 197.425
131.107 197.425
131.439 197.925
131.439 197.925
131.771 198.425
131.771 198.425
132.103 198.925
132.435 199.425
132.767 199.925
132.767 199.925
132.933 200.175
133.099 200.425
133.099 200.425
133.431 200.925
133.431 200.925
133.763 201.425
133.763 201.425
134.095 201.925
134.095 201.925
134.427 202.425
134.427 202.425
134.759 202.925
134.925 203.175
135.091 203.425
135.091 203.425
135.423 203.925
135.423 203.925
135.755 204.425
135.755 204.425
136.087 204.925
136.419 205.425
136.419 205.425
136.419 205.425
136.751 205.925
136.751 205.925
137.084 206.425
137.084 206.425
137.416 206.925
137.416 206.925
137.748 207.425
137.748 207.425
138.08 207.925
138.08 207.925
138.412 208.425
138.412 208.425
138.744 208.925
138.744 208.925
139.076 209.425
139.408 209.925
139.74 210.425
140.072 210.925
140.404 211.425
140.404 211.425
140.736 211.925
140.736 211.925
141.068 212.425
141.068 212.425
141.4 212.925
141.732 213.425
141.732 213.425
141.732 213.425
142.064 213.925
142.396 214.425
142.396 214.425
142.728 214.925
142.728 214.925
143.06 215.425
143.06 215.425
143.06 215.425
143.392 215.925
143.392 215.925
143.724 216.425
143.724 216.425
144.056 216.925
144.056 216.925
144.388 217.425
144.388 217.425
144.721 217.925
145.053 218.425
145.053 218.425
145.053 218.425
145.385 218.925
145.551 219.175
145.717 219.425
145.717 219.425
145.717 219.425
146.049 219.925
146.049 219.925
146.049 219.925
146.381 220.425
146.381 220.425
146.713 220.925
147.045 221.425
147.045 221.425
147.377 221.925
147.709 222.425
147.709 222.425
147.709 222.425
148.041 222.925
148.041 222.925
148.373 223.425
148.373 223.425
148.705 223.925
148.705 223.925
148.705 223.925
149.037 224.425
149.037 224.425
149.369 224.925
149.369 224.925
149.701 225.425
149.701 225.425
150.033 225.925
150.365 226.425
150.365 226.425
150.697 226.925
151.029 227.425
151.029 227.425
151.195 227.675
151.361 227.925
151.527 228.175
151.693 228.425
151.693 228.425
152.025 228.925
152.357 229.425
152.357 229.425
152.523 229.675
152.69 229.925
153.022 230.425
153.022 230.425
153.022 230.425
153.354 230.925
153.686 231.425
154.018 231.925
154.018 231.925
154.184 232.175
154.35 232.425
154.35 232.425
154.682 232.925
154.682 232.925
155.014 233.425
155.014 233.425
155.346 233.925
155.346 233.925
155.678 234.425
155.678 234.425
155.678 234.425
155.678 234.425
156.01 234.925
156.176 235.175
156.342 235.425
156.342 235.425
156.674 235.925
156.674 235.925
157.006 236.425
157.006 236.425
157.338 236.925
157.67 237.425
157.67 237.425
157.67 237.425
158.002 237.925
158.002 237.925
158.334 238.425
158.334 238.425
158.666 238.925
158.666 238.925
158.998 239.425
158.998 239.425
158.998 239.425
159.33 239.925
159.33 239.925
159.662 240.425
159.662 240.425
159.994 240.925
159.994 240.925
160.326 241.425
160.659 241.925
160.991 242.425
160.991 242.425
161.323 242.925
161.655 243.425
161.655 243.425
161.987 243.925
161.987 243.925
162.319 244.425
162.319 244.425
162.651 244.925
162.983 245.425
162.983 245.425
163.315 245.925
163.481 246.175
163.481 246.175
163.647 246.425
163.647 246.425
163.979 246.925
163.979 246.925
164.311 247.425
164.311 247.425
164.477 247.675
164.643 247.925
164.643 247.925
164.809 248.175
164.975 248.425
164.975 248.425
165.307 248.925
165.307 248.925
165.639 249.425
165.971 249.925
166.137 250.175
166.303 250.425
166.635 250.925
166.635 250.925
166.967 251.425
166.967 251.425
167.133 251.675
167.299 251.925
167.299 251.925
167.465 252.175
167.631 252.425
167.631 252.425
167.963 252.925
168.295 253.425
168.295 253.425
168.295 253.425
168.628 253.925
168.794 254.175
168.96 254.425
168.96 254.425
169.292 254.925
169.292 254.925
169.624 255.425
169.624 255.425
169.624 255.425
169.79 255.675
169.956 255.925
169.956 255.925
170.288 256.425
170.288 256.425
170.62 256.925
170.952 257.425
170.952 257.425
171.284 257.925
171.616 258.425
171.616 258.425
171.948 258.925
171.948 258.925
172.28 259.425
172.28 259.425
172.612 259.925
172.612 259.925
172.944 260.425
172.944 260.425
173.276 260.925
173.276 260.925
173.608 261.425
173.608 261.425
173.608 261.425
173.94 261.925
173.94 261.925
174.272 262.425
174.272 262.425
174.604 262.925
174.604 262.925
174.77 263.175
174.936 263.425
174.936 263.425
175.102 263.675
175.268 263.925
175.268 263.925
175.6 264.425
175.6 264.425
175.932 264.925
176.264 265.425
176.264 265.425
176.264 265.425
176.597 265.925
176.763 266.175
176.929 266.425
177.261 266.925
177.593 267.425
177.593 267.425
177.593 267.425
177.759 267.675
177.925 267.925
177.925 267.925
178.257 268.425
178.257 268.425
178.589 268.925
178.921 269.425
178.921 269.425
178.921 269.425
179.253 269.925
179.419 270.175
179.585 270.425
179.585 270.425
179.917 270.925
179.917 270.925
180.249 271.425
180.249 271.425
180.249 271.425
180.581 271.925
180.581 271.925
180.913 272.425
180.913 272.425
181.245 272.925
181.577 273.425
181.577 273.425
181.909 273.925
181.909 273.925
182.241 274.425
182.241 274.425
182.573 274.925
182.573 274.925
182.905 275.425
182.905 275.425
182.905 275.425
183.237 275.925
183.237 275.925
183.569 276.425
183.569 276.425
183.901 276.925
184.234 277.425
184.234 277.425
184.566 277.925
184.566 277.925
184.898 278.425
184.898 278.425
184.898 278.425
185.23 278.925
185.23 278.925
185.562 279.425
185.562 279.425
185.562 279.425
185.562 279.425
185.894 279.925
185.894 279.925
185.894 279.925
186.226 280.425
186.226 280.425
186.226 280.425
186.558 280.925
186.89 281.425
186.89 281.425
186.89 281.425
187.222 281.925
187.554 282.425
187.554 282.425
187.886 282.925
187.886 282.925
188.218 283.425
188.218 283.425
188.218 283.425
188.55 283.925
188.55 283.925
188.882 284.425
188.882 284.425
189.214 284.925
189.214 284.925
189.546 285.425
189.546 285.425
189.878 285.925
190.21 286.425
190.21 286.425
190.21 286.425
190.542 286.925
190.708 287.175
190.874 287.425
190.874 287.425
190.874 287.425
191.206 287.925
191.206 287.925
191.206 287.925
191.538 288.425
191.538 288.425
191.87 288.925
192.203 289.425
192.203 289.425
192.535 289.925
192.867 290.425
192.867 290.425
192.867 290.425
193.199 290.925
193.199 290.925
193.531 291.425
193.531 291.425
193.863 291.925
193.863 291.925
193.863 291.925
194.195 292.425
194.195 292.425
194.527 292.925
194.527 292.925
194.859 293.425
194.859 293.425
195.191 293.925
195.523 294.425
195.523 294.425
195.855 294.925
196.187 295.425
196.187 295.425
196.353 295.675
196.519 295.925
196.685 296.175
196.851 296.425
196.851 296.425
197.183 296.925
197.515 297.425
197.515 297.425
197.681 297.675
197.847 297.925
198.179 298.425
198.179 298.425
198.179 298.425
198.511 298.925
198.843 299.425
199.175 299.925
199.175 299.925
199.341 300.175
199.507 300.425
199.507 300.425
199.839 300.925
199.839 300.925
200.172 301.425
200.172 301.425
200.504 301.925
200.504 301.925
200.836 302.425
200.836 302.425
200.836 302.425
200.836 302.425
201.168 302.925
201.334 303.175
201.5 303.425
201.5 303.425
201.832 303.925
201.832 303.925
202.164 304.425
202.164 304.425
202.496 304.925
202.828 305.425
202.828 305.425
202.828 305.425
203.16 305.925
203.16 305.925
203.492 306.425
203.492 306.425
203.824 306.925
203.824 306.925
204.156 307.425
204.156 307.425
204.156 307.425
204.488 307.925
204.488 307.925
204.82 308.425
204.82 308.425
205.152 308.925
205.152 308.925
205.484 309.425
205.816 309.925
206.148 310.425
206.148 310.425
206.48 310.925
206.812 311.425
206.812 311.425
207.144 311.925
207.144 311.925
207.476 312.425
207.476 312.425
207.808 312.925
208.141 313.425
208.141 313.425
208.473 313.925
208.639 314.175
208.639 314.175
208.805 314.425
208.805 314.425
209.137 314.925
209.137 314.925
209.469 315.425
209.469 315.425
209.801 315.925
209.801 315.925
210.133 316.425
210.133 316.425
210.465 316.925
210.797 317.425
210.797 317.425
211.129 317.925
211.295 318.175
211.461 318.425
211.461 318.425
211.793 318.925
211.793 318.925
212.125 319.425
212.125 319.425
212.457 319.925
212.457 319.925
212.623 320.175
212.789 320.425
212.789 320.425
213.121 320.925
213.121 320.925
213.453 321.425
213.453 321.425
213.785 321.925
213.951 322.175
213.951 322.175
214.117 322.425
214.283 322.675
214.449 322.925
214.449 322.925
214.781 323.425
214.781 323.425
215.113 323.925
215.113 323.925
215.445 324.425
215.445 324.425
215.777 324.925
215.777 324.925
216.11 325.425
216.442 325.925
216.608 326.175
216.774 326.425
216.774 326.425
217.106 326.925
217.106 326.925
217.438 327.425
217.438 327.425
217.77 327.925
217.77 327.925
217.936 328.175
218.102 328.425
218.268 328.675
218.434 328.925
218.434 328.925
218.766 329.425
218.766 329.425
219.098 329.925
219.264 330.175
219.264 330.175
219.264 330.175
219.596 330.675
219.762 330.925
219.762 330.925
220.094 331.425
220.094 331.425
220.094 331.425
220.426 331.925
220.426 331.925
220.592 332.175
220.758 332.425
220.758 332.425
221.09 332.925
221.422 333.425
221.422 333.425
221.92 334.175
222.086 334.425
222.418 334.925
222.75 335.425
222.75 335.425
223.082 335.925
