4.125 5.5
4.5 6
4.6875 6.25
4.875 6.5
5.25 7
6 8
6.375 8.5
6.75 9
7.125 9.5
7.5 10
7.6875 10.25
7.875 10.5
8.25 11
9 12
9.375 12.5
9.75 13
10.125 13.5
10.5 14
10.6875 14.25
10.875 14.5
11.25 15
11.625 15.5
12 16
12.375 16.5
12.75 17
13.125 17.5
13.5 18
13.875 18.5
14.25 19
14.625 19.5
15 20
15.375 20.5
15.75 21
16.125 21.5
16.125 21.5
16.5 22
16.6875 22.25
16.875 22.5
17.25 23
17.25 23
17.25 23
17.625 23.5
18 24
18 24
18 24
18.375 24.5
18.75 25
18.75 25
18.9375 25.25
19.125 25.5
19.125 25.5
19.5 26
19.6875 26.25
19.875 26.5
20.25 27
20.25 27
21 28
21 28
21.375 28.5
21.75 29
21.75 29
22.125 29.5
22.125 29.5
22.3125 29.75
22.5 30
22.5 30
22.875 30.5
23.25 31
23.25 31
23.25 31
23.625 31.5
24 32
24 32
24 32
24.375 32.5
24.75 33
24.75 33
24.75 33
25.125 33.5
25.125 33.5
25.5 34
25.6875 34.25
26.25 35
26.25 35
27 36
27 36
27.375 36.5
27.75 37
27.75 37
28.125 37.5
28.125 37.5
28.5 38
28.6875 38.25
28.875 38.5
28.875 38.5
29.25 39
29.25 39
29.25 39
29.625 39.5
29.625 39.5
30 40
30 40
30 40
30 40
30.375 40.5
30.375 40.5
30.75 41
30.75 41
30.75 41
31.125 41.5
31.5 42
31.5 42
31.6875 42.25
31.875 42.5
32.25 43
32.25 43
33 44
33 44
33.375 44.5
33.75 45
33.75 45
34.125 45.5
34.125 45.5
34.5 46
34.875 46.5
35.25 47
35.25 47
35.625 47.5
35.625 47.5
36 48
36 48
36.375 48.5
36.375 48.5
36.375 48.5
36.375 48.5
36.75 49
37.125 49.5
37.125 49.5
37.5 50
37.875 50.5
38.25 51
38.25 51
38.625 51.5
39 52
39.375 52.5
40.125 53.5
40.125 53.5
40.5 54
40.6875 54.25
40.875 54.5
41.25 55
41.25 55
41.25 55
41.625 55.5
41.625 55.5
42 56
42 56
42 56
42 56
42.375 56.5
42.375 56.5
42.75 57
42.75 57
42.75 57
43.125 57.5
43.125 57.5
43.5 58
43.6875 58.25
43.875 58.5
43.875 58.5
44.25 59
44.25 59
44.625 59.5
45 60
45 60
45 60
45 60
45.375 60.5
45.375 60.5
45.75 61
46.125 61.5
46.125 61.5
46.5 62
46.6875 62.25
46.875 62.5
47.25 63
47.25 63
47.25 63
47.25 63
47.625 63.5
47.625 63.5
48 64
48 64
48 64
48 64
48.375 64.5
48.375 64.5
48.75 65
48.75 65
48.75 65
48.75 65
49.125 65.5
49.125 65.5
49.5 66
49.5 66
49.6875 66.25
49.875 66.5
49.875 66.5
50.25 67
50.25 67
50.25 67
50.625 67.5
50.625 67.5
51 68
51 68
51.375 68.5
51.75 69
51.75 69
51.75 69
52.125 69.5
52.125 69.5
52.125 69.5
52.5 70
52.6875 70.25
52.875 70.5
53.25 71
53.25 71
53.25 71
53.25 71
53.625 71.5
53.625 71.5
54 72
54 72
54 72
54 72
54.1875 72.25
54.375 72.5
54.375 72.5
54.75 73
54.75 73
54.75 73
54.75 73
55.125 73.5
55.125 73.5
55.5 74
55.6875 74.25
55.875 74.5
55.875 74.5
56.25 75
56.25 75
56.25 75
57 76
57 76
57.375 76.5
57.375 76.5
57.375 76.5
57.375 76.5
57.75 77
58.125 77.5
58.125 77.5
58.125 77.5
58.5 78
58.875 78.5
58.875 78.5
59.25 79
59.25 79
59.25 79
59.625 79.5
59.625 79.5
59.8125 79.75
60 80
60 80
60 80
60.375 80.5
60.375 80.5
60.75 81
60.75 81
60.75 81
61.125 81.5
61.125 81.5
61.5 82
61.6875 82.25
61.875 82.5
61.875 82.5
61.875 82.5
62.25 83
62.25 83
62.25 83
62.625 83.5
63 84
63 84
63 84
63.375 84.5
64.125 85.5
64.125 85.5
64.125 85.5
64.125 85.5
64.125 85.5
64.875 86.5
64.875 86.5
64.875 86.5
64.875 86.5
64.875 86.5
65.4375 87.25
65.4375 87.25
65.4375 87.25
65.4375 87.25
65.625 87.5
65.8125 87.75
65.8125 87.75
65.8125 87.75
66 88
66 88
66 88
66.375 88.5
66.375 88.5
66.375 88.5
66.5625 88.75
66.75 89
66.75 89
67.125 89.5
67.125 89.5
67.6875 90.25
67.875 90.5
67.875 90.5
67.875 90.5
68.4375 91.25
68.4375 91.25
68.4375 91.25
68.8125 91.75
68.8125 91.75
68.8125 91.75
69 92
69.375 92.5
69.375 92.5
69.375 92.5
69.5625 92.75
69.75 93
70.125 93.5
70.125 93.5
70.125 93.5
70.125 93.5
70.125 93.5
70.875 94.5
70.875 94.5
70.875 94.5
70.875 94.5
71.4375 95.25
71.4375 95.25
71.4375 95.25
71.625 95.5
71.8125 95.75
71.8125 95.75
71.8125 95.75
72 96
72 96
72.375 96.5
72.375 96.5
72.375 96.5
72.375 96.5
72.5625 96.75
72.75 97
72.75 97
73.125 97.5
73.125 97.5
73.6875 98.25
73.875 98.5
73.875 98.5
73.875 98.5
74.4375 99.25
74.4375 99.25
74.4375 99.25
74.8125 99.75
74.8125 99.75
74.8125 99.75
75 100
75.375 100.5
75.375 100.5
75.375 100.5
75.5625 100.75
75.75 101
76.125 101.5
76.125 101.5
76.6875 102.25
76.875 102.5
76.875 102.5
76.875 102.5
77.25 103
77.4375 103.25
77.4375 103.25
77.4375 103.25
77.625 103.5
77.8125 103.75
77.8125 103.75
77.8125 103.75
78 104
78 104
78.375 104.5
78.375 104.5
78.375 104.5
78.375 104.5
78.5625 104.75
78.75 105
78.75 105
79.125 105.5
79.125 105.5
79.125 105.5
79.125 105.5
79.3125 105.75
79.6875 106.25
79.875 106.5
79.875 106.5
79.875 106.5
80.4375 107.25
80.4375 107.25
80.4375 107.25
80.8125 107.75
80.8125 107.75
80.8125 107.75
81 108
81.375 108.5
81.375 108.5
81.375 108.5
81.5625 108.75
81.75 109
82.125 109.5
82.125 109.5
82.125 109.5
82.125 109.5
82.125 109.5
82.6875 110.25
82.875 110.5
82.875 110.5
82.875 110.5
83.25 111
83.4375 111.25
83.4375 111.25
83.4375 111.25
83.625 111.5
83.8125 111.75
83.8125 111.75
83.8125 111.75
84 112
84 112
84.375 112.5
84.375 112.5
84.375 112.5
84.375 112.5
84.5625 112.75
84.75 113
84.75 113
85.125 113.5
85.125 113.5
85.125 113.5
85.125 113.5
85.125 113.5
85.6875 114.25
85.875 114.5
85.875 114.5
85.875 114.5
86.4375 115.25
86.4375 115.25
86.4375 115.25
86.8125 115.75
87 116
87 116
87 116
87.1875 116.25
87.375 116.5
87.375 116.5
87.375 116.5
88.125 117.5
88.125 117.5
88.5 118
88.5 118
88.875 118.5
89.25 119
89.25 119
89.25 119
89.625 119.5
89.625 119.5
90 120
90 120
90 120
90 120
90.375 120.5
90.375 120.5
90.75 121
90.75 121
90.75 121
91.125 121.5
91.125 121.5
91.5 122
91.6875 122.25
91.875 122.5
91.875 122.5
91.875 122.5
92.25 123
92.25 123
92.25 123
93 124
93.375 124.5
93.375 124.5
94.125 125.5
94.125 125.5
94.125 125.5
94.125 125.5
94.5 126
94.875 126.5
94.875 126.5
94.875 126.5
95.25 127
95.25 127
95.625 127.5
95.625 127.5
95.625 127.5
95.625 127.5
96 128
96 128
96.375 128.5
96.375 128.5
96.375 128.5
96.375 128.5
96.75 129
97.125 129.5
97.125 129.5
97.125 129.5
97.125 129.5
97.5 130
97.875 130.5
97.875 130.5
98.25 131
98.625 131.5
98.625 131.5
99 132
99.1875 132.25
99.375 132.5
99.375 132.5
100.125 133.5
100.125 133.5
100.125 133.5
100.125 133.5
100.125 133.5
100.5 134
100.875 134.5
100.875 134.5
100.875 134.5
101.25 135
101.25 135
101.625 135.5
101.625 135.5
101.625 135.5
101.625 135.5
102 136
102 136
102.375 136.5
102.375 136.5
102.375 136.5
102.375 136.5
102.75 137
102.75 137
103.125 137.5
103.125 137.5
103.125 137.5
103.125 137.5
103.5 138
103.5 138
103.875 138.5
103.875 138.5
103.875 138.5
104.25 139
104.625 139.5
104.625 139.5
104.625 139.5
105 140
105.375 140.5
105.375 140.5
105.375 140.5
106.125 141.5
106.125 141.5
106.125 141.5
106.125 141.5
106.125 141.5
106.5 142
106.875 142.5
106.875 142.5
107.25 143
107.25 143
107.25 143
107.625 143.5
107.625 143.5
107.625 143.5
107.625 143.5
108 144
108.375 144.5
108.375 144.5
108.375 144.5
108.375 144.5
108.75 145
108.75 145
109.125 145.5
109.125 145.5
109.125 145.5
109.125 145.5
109.125 145.5
109.5 146
109.875 146.5
109.875 146.5
109.875 146.5
110.25 147
110.625 147.5
110.625 147.5
110.625 147.5
111 148
111.375 148.5
111.375 148.5
111.375 148.5
111.75 149
112.125 149.5
112.125 149.5
112.125 149.5
112.125 149.5
112.125 149.5
112.875 150.5
112.875 150.5
112.875 150.5
112.875 150.5
112.875 150.5
113.438 151.25
113.438 151.25
113.438 151.25
113.438 151.25
113.625 151.5
113.812 151.75
113.812 151.75
113.812 151.75
114 152
114 152
114 152
114.375 152.5
114.375 152.5
114.375 152.5
114.562 152.75
114.75 153
114.75 153
115.125 153.5
115.125 153.5
115.688 154.25
115.875 154.5
115.875 154.5
115.875 154.5
116.438 155.25
116.438 155.25
116.438 155.25
116.812 155.75
116.812 155.75
116.812 155.75
117 156
117.375 156.5
117.375 156.5
117.375 156.5
117.562 156.75
117.75 157
118.125 157.5
118.125 157.5
118.125 157.5
118.125 157.5
118.125 157.5
118.875 158.5
118.875 158.5
118.875 158.5
118.875 158.5
119.438 159.25
119.438 159.25
119.438 159.25
119.625 159.5
119.812 159.75
119.812 159.75
119.812 159.75
120 160
120 160
120.375 160.5
120.375 160.5
120.375 160.5
120.375 160.5
120.562 160.75
120.75 161
120.75 161
121.125 161.5
121.125 161.5
121.688 162.25
121.875 162.5
121.875 162.5
121.875 162.5
122.438 163.25
122.438 163.25
122.438 163.25
122.812 163.75
122.812 163.75
122.812 163.75
123 164
123.375 164.5
123.375 164.5
123.375 164.5
123.562 164.75
123.75 165
124.125 165.5
124.125 165.5
124.688 166.25
124.875 166.5
124.875 166.5
124.875 166.5
125.25 167
125.438 167.25
125.438 167.25
125.438 167.25
125.625 167.5
125.812 167.75
125.812 167.75
125.812 167.75
126 168
126 168
126.375 168.5
126.375 168.5
126.375 168.5
126.375 168.5
126.562 168.75
126.75 169
126.75 169
127.125 169.5
127.125 169.5
127.125 169.5
127.125 169.5
127.312 169.75
127.688 170.25
127.875 170.5
127.875 170.5
127.875 170.5
128.438 171.25
128.438 171.25
128.438 171.25
128.812 171.75
128.812 171.75
128.812 171.75
129 172
129.375 172.5
129.375 172.5
129.375 172.5
129.562 172.75
129.75 173
130.125 173.5
130.125 173.5
130.125 173.5
130.125 173.5
130.125 173.5
130.688 174.25
130.875 174.5
130.875 174.5
130.875 174.5
131.25 175
131.438 175.25
131.438 175.25
131.438 175.25
131.625 175.5
131.812 175.75
131.812 175.75
131.812 175.75
132 176
132 176
132.375 176.5
132.375 176.5
132.375 176.5
132.375 176.5
132.562 176.75
132.75 177
132.75 177
133.125 177.5
133.125 177.5
133.125 177.5
133.125 177.5
133.125 177.5
133.688 178.25
133.875 178.5
133.875 178.5
133.875 178.5
134.438 179.25
134.438 179.25
134.438 179.25
134.812 179.75
135 180
135 180
135 180
135.188 180.25
135.375 180.5
135.375 180.5
135.375 180.5
136.125 181.5
136.125 181.5
136.5 182
136.688 182.25
136.875 182.5
137.25 183
137.25 183
137.25 183
137.625 183.5
138 184
138 184
138 184
138.375 184.5
138.75 185
138.75 185
138.938 185.25
139.125 185.5
139.125 185.5
139.5 186
139.688 186.25
139.875 186.5
140.25 187
140.25 187
140.25 187
140.438 187.25
140.625 187.5
141 188
141 188
141.375 188.5
141.75 189
141.75 189
142.125 189.5
142.125 189.5
142.312 189.75
142.5 190
142.5 190
142.875 190.5
143.25 191
143.25 191
143.25 191
143.625 191.5
144 192
144 192
144 192
144.375 192.5
144.75 193
144.75 193
144.75 193
145.125 193.5
145.125 193.5
145.5 194
145.688 194.25
145.875 194.5
146.25 195
146.25 195
146.25 195
146.625 195.5
146.812 195.75
147 196
147 196
147 196
147.375 196.5
147.375 196.5
147.75 197
147.75 197
148.125 197.5
148.125 197.5
148.5 198
148.688 198.25
148.875 198.5
148.875 198.5
149.25 199
149.25 199
149.25 199
149.625 199.5
149.625 199.5
150 200
150 200
150 200
150 200
150.375 200.5
150.375 200.5
150.75 201
150.75 201
150.75 201
151.125 201.5
151.125 201.5
151.5 202
151.688 202.25
151.875 202.5
152.25 203
152.25 203
153 204
153 204
153.375 204.5
153.75 205
153.75 205
154.125 205.5
154.125 205.5
154.5 206
154.875 206.5
155.25 207
155.25 207
155.625 207.5
155.625 207.5
156 208
156 208
156.375 208.5
156.375 208.5
156.375 208.5
156.375 208.5
156.75 209
157.125 209.5
157.125 209.5
157.5 210
157.875 210.5
158.25 211
158.25 211
158.625 211.5
159 212
159.375 212.5
160.125 213.5
160.125 213.5
160.5 214
160.688 214.25
160.875 214.5
161.25 215
161.25 215
161.25 215
161.625 215.5
161.625 215.5
162 216
162 216
162 216
162 216
162.375 216.5
162.375 216.5
162.75 217
162.75 217
162.75 217
163.125 217.5
163.125 217.5
163.5 218
163.5 218
163.688 218.25
163.875 218.5
163.875 218.5
163.875 218.5
164.25 219
164.25 219
164.25 219
164.625 219.5
164.625 219.5
165 220
165 220
165 220
165 220
165.375 220.5
165.375 220.5
165.75 221
166.125 221.5
166.125 221.5
166.5 222
166.688 222.25
166.875 222.5
167.25 223
167.25 223
167.25 223
167.25 223
167.625 223.5
167.625 223.5
168 224
168 224
168 224
168 224
168.375 224.5
168.375 224.5
168.75 225
168.75 225
168.75 225
168.75 225
169.125 225.5
169.125 225.5
169.5 226
169.5 226
169.688 226.25
169.875 226.5
169.875 226.5
170.25 227
170.25 227
170.25 227
170.625 227.5
170.625 227.5
171 228
171 228
171.375 228.5
171.75 229
171.75 229
171.75 229
172.125 229.5
172.125 229.5
172.125 229.5
172.5 230
172.688 230.25
172.875 230.5
173.25 231
173.25 231
173.25 231
173.25 231
173.625 231.5
173.625 231.5
174 232
174 232
174 232
174 232
174.188 232.25
174.375 232.5
174.375 232.5
174.75 233
174.75 233
174.75 233
174.75 233
175.125 233.5
175.5 234
175.5 234
175.688 234.25
175.875 234.5
175.875 234.5
176.25 235
176.25 235
176.25 235
177 236
177 236
177.375 236.5
177.375 236.5
177.375 236.5
177.375 236.5
177.75 237
178.125 237.5
178.125 237.5
178.125 237.5
178.5 238
178.875 238.5
178.875 238.5
179.25 239
179.25 239
179.25 239
179.625 239.5
179.625 239.5
179.812 239.75
180 240
180 240
180 240
180.375 240.5
180.375 240.5
180.75 241
180.75 241
180.75 241
181.125 241.5
181.125 241.5
181.5 242
181.688 242.25
181.875 242.5
181.875 242.5
181.875 242.5
182.25 243
182.25 243
182.25 243
182.625 243.5
183 244
183 244
183 244
184.125 245.5
184.5 246
184.688 246.25
184.875 246.5
185.25 247
185.625 247.5
186 248
186.375 248.5
186.75 249
187.125 249.5
187.5 250
187.688 250.25
187.875 250.5
188.25 251
188.625 251.5
189 252
189.375 252.5
189.75 253
190.125 253.5
190.5 254
190.688 254.25
190.875 254.5
191.25 255
191.625 255.5
193.125 257.5
193.125 257.5
193.125 257.5
193.125 257.5
