1.65552 2.37292
1.82994 2.62292
2.00436 2.87292
2.17878 3.12292
2.3532 3.37292
2.3532 3.37292
2.70203 3.87292
2.87645 4.12292
2.87645 4.12292
3.22529 4.62292
3.39971 4.87292
3.57413 5.12292
3.74854 5.37292
3.74854 5.37292
3.92296 5.62292
3.92296 5.62292
4.09738 5.87292
4.2718 6.12292
4.2718 6.12292
4.62064 6.62292
4.62064 6.62292
4.96947 7.12292
4.96947 7.12292
5.14389 7.37292
5.31831 7.62292
5.49273 7.87292
5.66715 8.12292
6.1904 8.87292
6.1904 8.87292
6.36482 9.12292
6.53924 9.37292
6.71366 9.62292
6.88808 9.87292
7.0625 10.1229
7.0625 10.1229
7.23691 10.3729
7.41133 10.6229
7.58575 10.8729
7.58575 10.8729
7.58575 10.8729
7.76017 11.1229
7.76017 11.1229
7.93459 11.3729
7.93459 11.3729
8.10901 11.6229
8.28343 11.8729
8.45784 12.1229
8.45784 12.1229
8.80668 12.6229
8.80668 12.6229
9.15552 13.1229
9.32994 13.3729
9.32994 13.3729
9.50435 13.6229
9.50435 13.6229
9.67877 13.8729
9.85319 14.1229
9.85319 14.1229
10.202 14.6229
10.3764 14.8729
10.5509 15.1229
10.5509 15.1229
10.7253 15.3729
10.8997 15.6229
11.0741 15.8729
11.0741 15.8729
11.2485 16.1229
11.423 16.3729
11.5974 16.6229
11.7718 16.8729
11.9462 17.1229
12.1206 17.3729
12.1206 17.3729
12.1206 17.3729
12.4695 17.8729
12.4695 17.8729
12.6439 18.1229
12.8183 18.3729
12.9927 18.6229
12.9927 18.6229
12.9927 18.6229
13.1671 18.8729
13.1671 18.8729
13.3416 19.1229
13.516 19.3729
13.516 19.3729
13.8648 19.8729
14.0392 20.1229
14.0392 20.1229
14.3881 20.6229
14.7369 21.1229
14.9113 21.3729
14.9113 21.3729
15.0857 21.6229
15.0857 21.6229
15.2602 21.8729
15.4346 22.1229
15.4346 22.1229
15.7834 22.6229
15.7834 22.6229
16.1323 23.1229
16.3067 23.3729
16.3067 23.3729
16.4811 23.6229
16.4811 23.6229
16.6555 23.8729
16.8299 24.1229
16.8299 24.1229
17.3532 24.8729
17.3532 24.8729
17.3532 24.8729
17.5276 25.1229
17.702 25.3729
17.8764 25.6229
18.0509 25.8729
18.0509 25.8729
18.2253 26.1229
18.2253 26.1229
18.2253 26.1229
18.3997 26.3729
18.5741 26.6229
18.7485 26.8729
18.7485 26.8729
18.7485 26.8729
18.923 27.1229
18.923 27.1229
19.0974 27.3729
19.0974 27.3729
19.2718 27.6229
19.4462 27.8729
19.6206 28.1229
19.6206 28.1229
19.9695 28.6229
20.1439 28.8729
20.1439 28.8729
20.4927 29.3729
20.4927 29.3729
20.6671 29.6229
20.8416 29.8729
21.016 30.1229
21.016 30.1229
21.3648 30.6229
21.3648 30.6229
21.3648 30.6229
21.8881 31.3729
21.8881 31.3729
21.8881 31.3729
21.8881 31.3729
22.0625 31.6229
22.2369 31.8729
22.2369 31.8729
22.4113 32.1229
22.4113 32.1229
22.5857 32.3729
22.7602 32.6229
22.7602 32.6229
22.9346 32.8729
22.9346 32.8729
23.109 33.1229
23.109 33.1229
23.2834 33.3729
23.2834 33.3729
23.4578 33.6229
23.4578 33.6229
23.6323 33.8729
23.6323 33.8729
23.8067 34.1229
23.8067 34.1229
23.9811 34.3729
24.1555 34.6229
24.3299 34.8729
24.3299 34.8729
24.3299 34.8729
24.5043 35.1229
24.6788 35.3729
24.6788 35.3729
25.0276 35.8729
25.202 36.1229
25.5509 36.6229
25.7253 36.8729
25.8997 37.1229
26.0741 37.3729
26.0741 37.3729
26.2485 37.6229
26.4229 37.8729
26.5974 38.1229
26.7718 38.3729
26.9462 38.6229
27.1206 38.8729
27.295 39.1229
27.4695 39.3729
27.4695 39.3729
27.6439 39.6229
27.8183 39.8729
27.9927 40.1229
27.9927 40.1229
28.516 40.8729
28.516 40.8729
28.6904 41.1229
28.8648 41.3729
29.0392 41.6229
29.2136 41.8729
29.2136 41.8729
29.3881 42.1229
29.3881 42.1229
29.5625 42.3729
29.9113 42.8729
29.9113 42.8729
29.9113 42.8729
30.0857 43.1229
30.2602 43.3729
30.2602 43.3729
30.2602 43.3729
30.4346 43.6229
30.609 43.8729
30.7834 44.1229
31.1322 44.6229
31.3067 44.8729
31.4811 45.1229
31.6555 45.3729
31.6555 45.3729
31.8299 45.6229
32.0043 45.8729
32.1788 46.1229
32.3532 46.3729
32.702 46.8729
32.702 46.8729
32.8764 47.1229
33.0509 47.3729
33.0509 47.3729
33.2253 47.6229
33.3997 47.8729
33.5741 48.1229
33.5741 48.1229
33.9229 48.6229
34.2718 49.1229
34.4462 49.3729
34.4462 49.3729
34.795 49.8729
34.795 49.8729
34.9695 50.1229
35.1439 50.3729
35.1439 50.3729
35.3183 50.6229
35.3183 50.6229
35.3183 50.6229
35.4927 50.8729
35.4927 50.8729
35.4927 50.8729
35.8415 51.3729
35.8415 51.3729
35.8415 51.3729
36.1904 51.8729
36.3648 52.1229
36.7136 52.6229
36.8881 52.8729
37.0625 53.1229
37.2369 53.3729
37.2369 53.3729
37.2369 53.3729
37.4113 53.6229
37.5857 53.8729
37.7602 54.1229
37.9346 54.3729
38.109 54.6229
38.2834 54.8729
38.4578 55.1229
38.6322 55.3729
38.6322 55.3729
38.8067 55.6229
38.9811 55.8729
38.9811 55.8729
39.1555 56.1229
39.3299 56.3729
39.6788 56.8729
39.6788 56.8729
39.6788 56.8729
39.8532 57.1229
39.8532 57.1229
40.0276 57.3729
40.202 57.6229
40.3764 57.8729
40.3764 57.8729
40.5508 58.1229
40.5508 58.1229
40.7253 58.3729
40.7253 58.3729
41.0741 58.8729
41.0741 58.8729
41.0741 58.8729
41.0741 58.8729
41.2485 59.1229
41.2485 59.1229
41.4229 59.3729
41.4229 59.3729
41.5974 59.6229
41.7718 59.8729
41.9462 60.1229
42.1206 60.3729
42.295 60.6229
42.4695 60.8729
42.4695 60.8729
42.6439 61.1229
42.8183 61.3729
42.8183 61.3729
42.9927 61.6229
43.1671 61.8729
43.3415 62.1229
43.516 62.3729
43.6904 62.6229
43.6904 62.6229
43.6904 62.6229
44.2136 63.3729
44.2136 63.3729
44.2136 63.3729
44.2136 63.3729
44.5625 63.8729
44.7369 64.1229
45.0857 64.6229
45.2601 64.8729
45.4346 65.1229
45.609 65.3729
45.7834 65.6229
45.9578 65.8729
45.9578 65.8729
46.1322 66.1229
46.1322 66.1229
46.3067 66.3729
46.4811 66.6229
46.6555 66.8729
46.6555 66.8729
46.6555 66.8729
46.8299 67.1229
47.0043 67.3729
47.0043 67.3729
47.0043 67.3729
47.3532 67.8729
47.3532 67.8729
47.5276 68.1229
47.5276 68.1229
47.702 68.3729
47.8764 68.6229
47.8764 68.6229
48.0508 68.8729
48.2253 69.1229
48.3997 69.3729
48.3997 69.3729
48.5741 69.6229
48.5741 69.6229
48.7485 69.8729
48.7485 69.8729
48.7485 69.8729
48.9229 70.1229
49.0974 70.3729
49.0974 70.3729
49.2718 70.6229
49.2718 70.6229
49.4462 70.8729
49.6206 71.1229
49.795 71.3729
49.795 71.3729
49.9694 71.6229
49.9694 71.6229
50.1439 71.8729
50.1439 71.8729
50.3183 72.1229
50.3183 72.1229
50.3183 72.1229
50.4927 72.3729
50.6671 72.6229
50.8415 72.8729
50.8415 72.8729
51.016 73.1229
51.016 73.1229
51.1904 73.3729
51.3648 73.6229
51.3648 73.6229
51.5392 73.8729
51.5392 73.8729
51.7136 74.1229
51.7136 74.1229
51.7136 74.1229
51.8881 74.3729
52.0625 74.6229
52.2369 74.8729
52.2369 74.8729
52.2369 74.8729
52.4113 75.1229
52.4113 75.1229
52.5857 75.3729
52.5857 75.3729
52.7601 75.6229
52.9346 75.8729
52.9346 75.8729
53.109 76.1229
53.109 76.1229
53.2834 76.3729
53.4578 76.6229
53.4578 76.6229
53.6322 76.8729
53.8067 77.1229
53.9811 77.3729
53.9811 77.3729
54.1555 77.6229
54.1555 77.6229
54.3299 77.8729
54.3299 77.8729
54.5043 78.1229
54.5043 78.1229
54.6787 78.3729
54.6787 78.3729
54.8532 78.6229
55.0276 78.8729
55.0276 78.8729
55.0276 78.8729
55.202 79.1229
55.202 79.1229
55.3764 79.3729
55.3764 79.3729
55.5508 79.6229
55.7253 79.8729
55.7253 79.8729
55.8997 80.1229
55.8997 80.1229
55.8997 80.1229
56.0741 80.3729
56.2485 80.6229
56.2485 80.6229
56.5973 81.1229
56.7718 81.3729
56.7718 81.3729
56.9462 81.6229
57.1206 81.8729
57.1206 81.8729
57.295 82.1229
57.295 82.1229
57.4694 82.3729
57.4694 82.3729
57.6439 82.6229
57.6439 82.6229
57.6439 82.6229
57.8183 82.8729
57.8183 82.8729
57.8183 82.8729
57.9927 83.1229
58.1671 83.3729
58.1671 83.3729
58.3415 83.6229
58.516 83.8729
58.516 83.8729
58.6904 84.1229
58.6904 84.1229
58.8648 84.3729
59.0392 84.6229
59.0392 84.6229
59.2136 84.8729
59.388 85.1229
59.5625 85.3729
59.5625 85.3729
59.7369 85.6229
59.7369 85.6229
59.9113 85.8729
59.9113 85.8729
60.0857 86.1229
60.0857 86.1229
60.2601 86.3729
60.2601 86.3729
60.4346 86.6229
60.4346 86.6229
60.609 86.8729
60.609 86.8729
60.7834 87.1229
60.7834 87.1229
60.9578 87.3729
60.9578 87.3729
61.1322 87.6229
61.3066 87.8729
61.3066 87.8729
61.3066 87.8729
61.4811 88.1229
61.4811 88.1229
61.6555 88.3729
61.6555 88.3729
61.8299 88.6229
62.0043 88.8729
62.0043 88.8729
62.0043 88.8729
62.1787 89.1229
62.1787 89.1229
62.3532 89.3729
62.3532 89.3729
62.5276 89.6229
62.702 89.8729
62.702 89.8729
62.8764 90.1229
62.8764 90.1229
62.8764 90.1229
63.0508 90.3729
63.0508 90.3729
63.2253 90.6229
63.3997 90.8729
63.3997 90.8729
63.3997 90.8729
63.5741 91.1229
63.5741 91.1229
63.7485 91.3729
63.9229 91.6229
63.9229 91.6229
64.0973 91.8729
64.0973 91.8729
64.2718 92.1229
64.2718 92.1229
64.4462 92.3729
64.4462 92.3729
64.6206 92.6229
64.6206 92.6229
64.795 92.8729
64.795 92.8729
64.9694 93.1229
65.1439 93.3729
65.3183 93.6229
65.3183 93.6229
65.4927 93.8729
65.4927 93.8729
65.6671 94.1229
65.6671 94.1229
65.8415 94.3729
65.8415 94.3729
66.0159 94.6229
66.0159 94.6229
66.0159 94.6229
66.0159 94.6229
66.1904 94.8729
66.3648 95.1229
66.5392 95.3729
66.5392 95.3729
66.5392 95.3729
66.5392 95.3729
66.7136 95.6229
66.888 95.8729
66.888 95.8729
67.0625 96.1229
67.0625 96.1229
67.2369 96.3729
67.4113 96.6229
67.4113 96.6229
67.5857 96.8729
67.7601 97.1229
67.7601 97.1229
67.9346 97.3729
68.109 97.6229
68.109 97.6229
68.2834 97.8729
68.2834 97.8729
68.4578 98.1229
68.4578 98.1229
68.6322 98.3729
68.6322 98.3729
68.8066 98.6229
68.9811 98.8729
68.9811 98.8729
68.9811 98.8729
68.9811 98.8729
69.1555 99.1229
69.3299 99.3729
69.3299 99.3729
69.3299 99.3729
69.3299 99.3729
69.3299 99.3729
69.3299 99.3729
69.6787 99.8729
69.8532 100.123
69.8532 100.123
70.202 100.623
70.202 100.623
70.3764 100.873
70.5508 101.123
70.7252 101.373
70.7252 101.373
70.7252 101.373
70.8997 101.623
71.0741 101.873
71.2485 102.123
71.4229 102.373
71.7718 102.873
71.7718 102.873
71.7718 102.873
71.7718 102.873
72.1206 103.373
72.1206 103.373
72.1206 103.373
72.4694 103.873
72.6439 104.123
72.6439 104.123
72.9927 104.623
73.1671 104.873
73.1671 104.873
73.1671 104.873
73.5159 105.373
73.5159 105.373
73.5159 105.373
73.5159 105.373
73.5159 105.373
73.8648 105.873
74.0392 106.123
74.2136 106.373
74.388 106.623
74.5625 106.873
74.5625 106.873
74.9113 107.373
74.9113 107.373
74.9113 107.373
75.2601 107.873
75.4345 108.123
75.4345 108.123
75.7834 108.623
75.9578 108.873
75.9578 108.873
76.1322 109.123
76.3066 109.373
76.3066 109.373
76.3066 109.373
76.3066 109.373
76.3066 109.373
76.6555 109.873
76.8299 110.123
76.8299 110.123
77.0043 110.373
77.1787 110.623
77.3532 110.873
77.3532 110.873
77.3532 110.873
77.702 111.373
77.702 111.373
77.702 111.373
77.702 111.373
77.702 111.373
78.0508 111.873
78.2252 112.123
78.2252 112.123
78.2252 112.123
78.5741 112.623
78.7485 112.873
78.7485 112.873
78.7485 112.873
79.0973 113.373
79.0973 113.373
79.2718 113.623
79.4462 113.873
79.6206 114.123
79.795 114.373
79.795 114.373
79.795 114.373
79.9694 114.623
80.1438 114.873
80.1438 114.873
80.3183 115.123
80.4927 115.373
80.4927 115.373
80.4927 115.373
80.4927 115.373
80.4927 115.373
80.8415 115.873
81.0159 116.123
81.0159 116.123
81.3648 116.623
81.3648 116.623
81.5392 116.873
81.7136 117.123
81.888 117.373
81.888 117.373
81.888 117.373
82.0625 117.623
82.2369 117.873
82.4113 118.123
82.5857 118.373
82.9345 118.873
82.9345 118.873
82.9345 118.873
82.9345 118.873
83.2834 119.373
83.2834 119.373
83.2834 119.373
83.6322 119.873
83.6322 119.873
83.8066 120.123
83.9811 120.373
84.1555 120.623
84.3299 120.873
84.3299 120.873
84.3299 120.873
84.5043 121.123
84.6787 121.373
84.6787 121.373
84.6787 121.373
84.6787 121.373
85.0276 121.873
85.202 122.123
85.202 122.123
85.3764 122.373
85.5508 122.623
85.7252 122.873
85.7252 122.873
85.8997 123.123
86.0741 123.373
86.0741 123.373
86.2485 123.623
86.4229 123.873
86.5973 124.123
86.7718 124.373
86.9462 124.623
87.1206 124.873
87.1206 124.873
87.4694 125.373
87.4694 125.373
87.4694 125.373
87.6438 125.623
87.8183 125.873
87.9927 126.123
88.1671 126.373
88.1671 126.373
88.3415 126.623
88.3415 126.623
88.3415 126.623
88.5159 126.873
88.8648 127.373
88.8648 127.373
88.8648 127.373
88.8648 127.373
88.8648 127.373
88.8648 127.373
89.2136 127.873
89.388 128.123
89.7369 128.623
89.9113 128.873
90.2136 129.306
90.2601 129.373
90.2601 129.373
90.2601 129.373
90.3677 129.527
90.4302 129.617
90.4796 129.688
90.609 129.873
90.609 129.873
90.6133 129.879
90.7441 130.067
90.7834 130.123
90.7834 130.123
90.8124 130.165
90.8924 130.279
90.9578 130.373
90.968 130.387
91.0537 130.51
91.1322 130.623
91.2034 130.725
91.2732 130.825
91.3066 130.873
91.3066 130.873
91.3415 130.923
91.4156 131.029
91.481 131.123
91.6555 131.373
91.6555 131.373
91.6555 131.373
91.6555 131.373
91.6555 131.373
92.0043 131.873
92.1787 132.123
92.5276 132.623
92.5276 132.623
92.702 132.873
93.0508 133.373
93.0508 133.373
93.0508 133.373
93.0508 133.373
93.3997 133.873
93.5741 134.123
93.7485 134.373
93.7485 134.373
93.9229 134.623
93.9229 134.623
94.0973 134.873
94.0973 134.873
94.4462 135.373
94.4462 135.373
94.4462 135.373
94.4462 135.373
94.795 135.873
94.795 135.873
94.9694 136.123
95.1438 136.373
95.3183 136.623
95.3183 136.623
95.4927 136.873
95.6671 137.123
95.8415 137.373
95.8415 137.373
95.8415 137.373
96.1903 137.873
96.1903 137.873
96.3648 138.123
96.5392 138.373
96.7136 138.623
96.888 138.873
96.888 138.873
97.0624 139.123
97.2369 139.373
97.2369 139.373
97.2369 139.373
97.5857 139.873
97.7601 140.123
98.109 140.623
98.2834 140.873
98.2834 140.873
98.6322 141.373
98.6322 141.373
98.6322 141.373
98.6322 141.373
98.6322 141.373
98.981 141.873
99.1555 142.123
99.1555 142.123
99.1555 142.123
99.3299 142.373
99.3299 142.373
99.5043 142.623
99.6787 142.873
99.6787 142.873
100.028 143.373
100.028 143.373
100.028 143.373
100.028 143.373
100.376 143.873
100.376 143.873
100.551 144.123
100.551 144.123
100.551 144.123
100.9 144.623
101.074 144.873
101.074 144.873
101.248 145.123
101.423 145.373
101.423 145.373
101.423 145.373
101.423 145.373
101.597 145.623
101.772 145.873
101.772 145.873
102.121 146.373
102.121 146.373
102.121 146.373
102.121 146.373
102.121 146.373
102.295 146.623
102.469 146.873
102.469 146.873
102.469 146.873
102.644 147.123
102.818 147.373
102.818 147.373
102.818 147.373
102.818 147.373
102.818 147.373
103.167 147.873
103.167 147.873
103.342 148.123
103.516 148.373
103.69 148.623
103.865 148.873
103.865 148.873
104.214 149.373
104.214 149.373
104.214 149.373
104.388 149.623
104.562 149.873
104.737 150.123
104.911 150.373
105.086 150.623
105.086 150.623
105.086 150.623
105.26 150.873
105.609 151.373
105.609 151.373
105.609 151.373
105.609 151.373
105.609 151.373
105.609 151.373
105.958 151.873
105.958 151.873
106.132 152.123
106.307 152.373
106.307 152.373
106.481 152.623
106.655 152.873
106.655 152.873
107.004 153.373
107.004 153.373
107.004 153.373
107.004 153.373
107.004 153.373
107.353 153.873
107.528 154.123
107.528 154.123
107.702 154.373
107.876 154.623
107.876 154.623
108.051 154.873
108.051 154.873
108.4 155.373
108.4 155.373
108.4 155.373
108.4 155.373
108.4 155.373
108.748 155.873
108.748 155.873
108.923 156.123
109.097 156.373
109.272 156.623
109.446 156.873
109.795 157.373
109.795 157.373
109.795 157.373
109.795 157.373
109.795 157.373
110.144 157.873
110.144 157.873
110.318 158.123
110.493 158.373
110.493 158.373
110.493 158.373
110.667 158.623
110.842 158.873
110.842 158.873
111.016 159.123
111.19 159.373
111.19 159.373
111.19 159.373
111.19 159.373
111.19 159.373
111.539 159.873
111.714 160.123
112.062 160.623
112.237 160.873
112.411 161.123
112.586 161.373
112.586 161.373
112.586 161.373
112.935 161.873
113.109 162.123
113.109 162.123
113.109 162.123
113.283 162.373
113.458 162.623
113.632 162.873
113.632 162.873
113.807 163.123
113.981 163.373
113.981 163.373
113.981 163.373
113.981 163.373
114.33 163.873
114.504 164.123
114.504 164.123
114.853 164.623
114.853 164.623
115.028 164.873
115.202 165.123
115.376 165.373
115.376 165.373
115.551 165.623
115.725 165.873
115.9 166.123
116.074 166.373
116.423 166.873
116.423 166.873
116.423 166.873
116.423 166.873
116.772 167.373
116.772 167.373
116.772 167.373
116.772 167.373
117.121 167.873
117.295 168.123
117.295 168.123
117.644 168.623
117.818 168.873
117.818 168.873
117.993 169.123
118.167 169.373
118.167 169.373
118.167 169.373
118.167 169.373
118.167 169.373
118.516 169.873
118.69 170.123
118.69 170.123
118.865 170.373
119.039 170.623
119.214 170.873
119.214 170.873
119.388 171.123
119.562 171.373
119.562 171.373
119.911 171.873
120.086 172.123
120.086 172.123
120.435 172.623
120.609 172.873
120.609 172.873
120.783 173.123
120.958 173.373
120.958 173.373
120.958 173.373
120.958 173.373
121.307 173.873
121.481 174.123
121.481 174.123
121.83 174.623
122.004 174.873
122.004 174.873
122.353 175.373
122.353 175.373
122.353 175.373
122.702 175.873
122.702 175.873
122.876 176.123
122.876 176.123
122.876 176.123
123.225 176.623
123.4 176.873
123.4 176.873
123.748 177.373
123.923 177.623
124.097 177.873
124.272 178.123
124.446 178.373
124.446 178.373
124.621 178.623
124.795 178.873
124.795 178.873
124.969 179.123
125.144 179.373
125.144 179.373
125.144 179.373
125.144 179.373
125.493 179.873
125.667 180.123
125.667 180.123
126.016 180.623
126.016 180.623
126.19 180.873
126.365 181.123
126.539 181.373
126.539 181.373
126.714 181.623
126.888 181.873
127.062 182.123
127.586 182.873
127.586 182.873
127.586 182.873
127.586 182.873
127.76 183.123
127.935 183.373
127.935 183.373
128.283 183.873
128.458 184.123
128.458 184.123
128.807 184.623
128.981 184.873
128.981 184.873
129.33 185.373
129.33 185.373
129.33 185.373
129.33 185.373
129.679 185.873
129.853 186.123
129.853 186.123
130.028 186.373
130.202 186.623
130.376 186.873
130.376 186.873
130.725 187.373
130.725 187.373
130.9 187.623
131.074 187.873
131.074 187.873
131.248 188.123
131.423 188.373
131.597 188.623
131.772 188.873
131.772 188.873
132.121 189.373
132.121 189.373
132.295 189.623
132.469 189.873
132.644 190.123
132.644 190.123
132.993 190.623
132.993 190.623
132.993 190.623
133.167 190.873
133.167 190.873
133.516 191.373
133.516 191.373
133.516 191.373
133.516 191.373
133.865 191.873
134.039 192.123
134.388 192.623
134.562 192.873
134.911 193.373
134.911 193.373
134.911 193.373
135.26 193.873
135.435 194.123
135.435 194.123
135.783 194.623
135.958 194.873
136.132 195.123
136.307 195.373
136.307 195.373
136.307 195.373
136.307 195.373
136.655 195.873
136.655 195.873
136.83 196.123
136.83 196.123
137.004 196.373
137.179 196.623
137.179 196.623
137.353 196.873
137.528 197.123
137.702 197.373
137.702 197.373
137.702 197.373
137.876 197.623
137.876 197.623
138.051 197.873
138.051 197.873
138.051 197.873
138.225 198.123
138.4 198.373
138.4 198.373
138.4 198.373
138.574 198.623
138.574 198.623
138.748 198.873
138.748 198.873
138.923 199.123
139.097 199.373
139.097 199.373
139.097 199.373
139.272 199.623
139.272 199.623
139.446 199.873
139.446 199.873
139.621 200.123
139.621 200.123
139.621 200.123
139.795 200.373
139.795 200.373
139.969 200.623
140.144 200.873
140.144 200.873
140.144 200.873
140.318 201.123
140.318 201.123
140.493 201.373
140.493 201.373
140.667 201.623
140.667 201.623
140.841 201.873
140.841 201.873
141.016 202.123
141.016 202.123
141.016 202.123
141.19 202.373
141.365 202.623
141.539 202.873
141.539 202.873
141.539 202.873
141.714 203.123
141.714 203.123
141.888 203.373
141.888 203.373
141.888 203.373
142.062 203.623
142.237 203.873
142.237 203.873
142.411 204.123
142.411 204.123
142.586 204.373
142.76 204.623
142.76 204.623
142.935 204.873
143.109 205.123
143.283 205.373
143.283 205.373
143.458 205.623
143.458 205.623
143.632 205.873
143.632 205.873
143.807 206.123
143.807 206.123
143.981 206.373
143.981 206.373
143.981 206.373
144.155 206.623
144.33 206.873
144.33 206.873
144.33 206.873
144.504 207.123
144.504 207.123
144.679 207.373
144.679 207.373
144.679 207.373
144.853 207.623
145.028 207.873
145.028 207.873
145.202 208.123
145.202 208.123
145.202 208.123
145.202 208.123
145.376 208.373
145.551 208.623
145.551 208.623
145.725 208.873
145.9 209.123
146.074 209.373
146.074 209.373
146.074 209.373
146.248 209.623
146.423 209.873
146.423 209.873
146.597 210.123
146.597 210.123
146.772 210.373
146.772 210.373
146.946 210.623
146.946 210.623
146.946 210.623
147.121 210.873
147.121 210.873
147.121 210.873
147.295 211.123
147.469 211.373
147.469 211.373
147.469 211.373
147.644 211.623
147.818 211.873
147.818 211.873
147.993 212.123
147.993 212.123
148.167 212.373
148.341 212.623
148.341 212.623
148.516 212.873
148.516 212.873
148.69 213.123
148.865 213.373
148.865 213.373
148.865 213.373
149.039 213.623
149.039 213.623
149.214 213.873
149.214 213.873
149.388 214.123
149.388 214.123
149.562 214.373
149.562 214.373
149.737 214.623
149.737 214.623
149.911 214.873
149.911 214.873
150.086 215.123
150.086 215.123
150.26 215.373
150.26 215.373
150.26 215.373
150.435 215.623
150.609 215.873
150.609 215.873
150.609 215.873
150.783 216.123
150.783 216.123
150.958 216.373
150.958 216.373
150.958 216.373
151.132 216.623
151.307 216.873
151.307 216.873
151.307 216.873
151.481 217.123
151.481 217.123
151.655 217.373
151.655 217.373
151.655 217.373
151.83 217.623
152.004 217.873
152.004 217.873
152.004 217.873
152.179 218.123
152.179 218.123
152.179 218.123
152.353 218.373
152.353 218.373
152.353 218.373
152.528 218.623
152.702 218.873
152.702 218.873
152.702 218.873
152.702 218.873
152.876 219.123
152.876 219.123
153.051 219.373
153.051 219.373
153.225 219.623
153.225 219.623
153.4 219.873
153.4 219.873
153.574 220.123
153.574 220.123
153.748 220.373
153.748 220.373
153.923 220.623
153.923 220.623
154.097 220.873
154.097 220.873
154.272 221.123
154.446 221.373
154.446 221.373
154.621 221.623
154.621 221.623
154.795 221.873
154.795 221.873
154.795 221.873
154.969 222.123
154.969 222.123
154.969 222.123
155.144 222.373
155.144 222.373
155.144 222.373
155.318 222.623
155.318 222.623
155.318 222.623
155.318 222.623
155.493 222.873
155.493 222.873
155.667 223.123
155.667 223.123
155.841 223.373
155.841 223.373
155.841 223.373
155.841 223.373
155.841 223.373
156.016 223.623
156.19 223.873
156.19 223.873
156.365 224.123
156.365 224.123
156.539 224.373
156.714 224.623
156.714 224.623
156.888 224.873
157.062 225.123
157.062 225.123
157.237 225.373
157.237 225.373
157.411 225.623
157.411 225.623
157.586 225.873
157.586 225.873
157.586 225.873
157.76 226.123
157.76 226.123
157.76 226.123
157.934 226.373
157.934 226.373
157.934 226.373
158.109 226.623
158.283 226.873
158.283 226.873
158.283 226.873
158.283 226.873
158.283 226.873
158.458 227.123
158.632 227.373
158.632 227.373
158.632 227.373
158.632 227.373
158.632 227.373
158.632 227.373
158.981 227.873
159.155 228.123
159.155 228.123
159.504 228.623
159.504 228.623
159.679 228.873
159.853 229.123
160.028 229.373
160.028 229.373
160.028 229.373
160.028 229.373
160.202 229.623
160.376 229.873
160.376 229.873
160.551 230.123
160.725 230.373
160.725 230.373
161.074 230.873
161.074 230.873
161.074 230.873
161.074 230.873
161.074 230.873
161.423 231.373
161.423 231.373
161.423 231.373
161.423 231.373
161.772 231.873
161.946 232.123
161.946 232.123
162.295 232.623
162.469 232.873
162.469 232.873
162.469 232.873
162.818 233.373
162.818 233.373
162.818 233.373
162.818 233.373
162.818 233.373
162.818 233.373
163.167 233.873
163.341 234.123
163.516 234.373
163.69 234.623
163.865 234.873
163.865 234.873
164.214 235.373
164.214 235.373
164.214 235.373
164.214 235.373
164.562 235.873
164.737 236.123
164.737 236.123
164.737 236.123
165.086 236.623
165.26 236.873
165.26 236.873
165.26 236.873
165.434 237.123
165.609 237.373
165.609 237.373
165.609 237.373
165.609 237.373
165.609 237.373
165.609 237.373
165.958 237.873
166.132 238.123
166.132 238.123
166.307 238.373
166.307 238.373
166.481 238.623
166.655 238.873
166.655 238.873
166.655 238.873
167.004 239.373
167.004 239.373
167.004 239.373
167.004 239.373
167.004 239.373
167.004 239.373
167.353 239.873
167.528 240.123
167.528 240.123
167.528 240.123
167.876 240.623
168.051 240.873
168.051 240.873
168.051 240.873
168.4 241.373
168.4 241.373
168.574 241.623
168.748 241.873
168.923 242.123
169.097 242.373
169.097 242.373
169.097 242.373
169.272 242.623
169.446 242.873
169.446 242.873
169.621 243.123
169.795 243.373
169.795 243.373
169.795 243.373
169.795 243.373
169.795 243.373
169.795 243.373
170.144 243.873
170.318 244.123
170.318 244.123
170.667 244.623
170.667 244.623
170.841 244.873
170.841 244.873
171.016 245.123
171.19 245.373
171.19 245.373
171.19 245.373
171.19 245.373
171.365 245.623
171.539 245.873
171.714 246.123
171.888 246.373
172.237 246.873
172.237 246.873
172.237 246.873
172.237 246.873
172.586 247.373
172.586 247.373
172.586 247.373
172.934 247.873
172.934 247.873
172.934 247.873
173.109 248.123
173.283 248.373
173.283 248.373
173.458 248.623
173.632 248.873
173.632 248.873
173.632 248.873
173.632 248.873
173.807 249.123
173.981 249.373
173.981 249.373
173.981 249.373
173.981 249.373
173.981 249.373
174.33 249.873
174.504 250.123
174.504 250.123
174.679 250.373
174.853 250.623
175.028 250.873
175.028 250.873
175.202 251.123
175.376 251.373
175.376 251.373
175.376 251.373
175.551 251.623
175.725 251.873
175.9 252.123
176.074 252.373
176.248 252.623
176.423 252.873
176.423 252.873
176.423 252.873
176.597 253.123
176.772 253.373
176.772 253.373
176.772 253.373
176.772 253.373
176.946 253.623
177.121 253.873
177.121 253.873
177.295 254.123
177.469 254.373
177.469 254.373
177.469 254.373
177.644 254.623
177.644 254.623
177.644 254.623
177.818 254.873
177.818 254.873
178.167 255.373
178.167 255.373
178.167 255.373
178.167 255.373
178.167 255.373
178.167 255.373
178.167 255.373
178.516 255.873
178.69 256.123
179.039 256.623
179.214 256.873
179.516 257.306
179.562 257.373
179.562 257.373
179.562 257.373
179.67 257.527
179.732 257.617
179.782 257.688
179.911 257.873
179.911 257.873
179.916 257.879
180.046 258.067
180.086 258.123
180.086 258.123
180.115 258.165
180.195 258.279
180.26 258.373
180.27 258.387
180.356 258.51
180.434 258.623
180.506 258.725
180.575 258.825
180.609 258.873
180.609 258.873
180.644 258.923
180.718 259.029
180.783 259.123
180.958 259.373
180.958 259.373
180.958 259.373
180.958 259.373
180.958 259.373
181.307 259.873
181.481 260.123
181.83 260.623
181.83 260.623
182.004 260.873
182.353 261.373
182.353 261.373
182.353 261.373
182.353 261.373
182.702 261.873
182.876 262.123
183.051 262.373
183.051 262.373
183.225 262.623
183.225 262.623
183.4 262.873
183.4 262.873
183.748 263.373
183.748 263.373
183.748 263.373
183.748 263.373
184.097 263.873
184.097 263.873
184.272 264.123
184.446 264.373
184.621 264.623
184.621 264.623
184.795 264.873
184.969 265.123
185.144 265.373
185.144 265.373
185.144 265.373
185.493 265.873
185.493 265.873
185.667 266.123
185.841 266.373
186.016 266.623
186.19 266.873
186.19 266.873
186.365 267.123
186.539 267.373
186.539 267.373
186.539 267.373
186.888 267.873
187.062 268.123
187.411 268.623
187.586 268.873
187.586 268.873
187.934 269.373
187.934 269.373
187.934 269.373
187.934 269.373
187.934 269.373
188.283 269.873
188.458 270.123
188.458 270.123
188.458 270.123
188.632 270.373
188.632 270.373
188.807 270.623
188.981 270.873
188.981 270.873
189.33 271.373
189.33 271.373
189.33 271.373
189.33 271.373
189.679 271.873
189.679 271.873
189.853 272.123
189.853 272.123
189.853 272.123
190.202 272.623
190.376 272.873
190.376 272.873
190.551 273.123
190.725 273.373
190.725 273.373
190.725 273.373
190.725 273.373
190.9 273.623
191.074 273.873
191.074 273.873
191.423 274.373
191.423 274.373
191.423 274.373
191.423 274.373
191.423 274.373
191.597 274.623
191.772 274.873
191.772 274.873
191.772 274.873
191.946 275.123
192.121 275.373
192.121 275.373
192.121 275.373
192.121 275.373
192.121 275.373
192.469 275.873
192.469 275.873
192.644 276.123
192.818 276.373
192.993 276.623
193.167 276.873
193.167 276.873
193.516 277.373
193.516 277.373
193.516 277.373
193.69 277.623
193.865 277.873
194.039 278.123
194.214 278.373
194.388 278.623
194.388 278.623
194.388 278.623
194.562 278.873
194.911 279.373
194.911 279.373
194.911 279.373
194.911 279.373
194.911 279.373
194.911 279.373
195.26 279.873
195.26 279.873
195.434 280.123
195.609 280.373
195.609 280.373
195.783 280.623
195.958 280.873
195.958 280.873
196.307 281.373
196.307 281.373
196.307 281.373
196.307 281.373
196.307 281.373
196.655 281.873
196.83 282.123
196.83 282.123
197.004 282.373
197.179 282.623
197.179 282.623
197.353 282.873
197.353 282.873
197.702 283.373
197.702 283.373
197.702 283.373
197.702 283.373
197.702 283.373
198.051 283.873
198.051 283.873
198.225 284.123
198.4 284.373
198.574 284.623
198.748 284.873
199.097 285.373
199.097 285.373
199.097 285.373
199.097 285.373
199.097 285.373
199.446 285.873
199.446 285.873
199.621 286.123
199.795 286.373
199.795 286.373
199.795 286.373
199.969 286.623
200.144 286.873
200.144 286.873
200.318 287.123
200.493 287.373
200.493 287.373
200.493 287.373
200.493 287.373
200.493 287.373
200.841 287.873
201.016 288.123
201.365 288.623
201.539 288.873
201.714 289.123
201.888 289.373
201.888 289.373
201.888 289.373
202.237 289.873
202.237 289.873
202.411 290.123
202.411 290.123
202.411 290.123
202.586 290.373
202.76 290.623
202.934 290.873
202.934 290.873
203.109 291.123
203.283 291.373
203.283 291.373
203.283 291.373
203.283 291.373
203.283 291.373
203.632 291.873
203.807 292.123
204.155 292.623
204.155 292.623
204.33 292.873
204.679 293.373
204.679 293.373
204.679 293.373
204.679 293.373
205.027 293.873
205.202 294.123
205.376 294.373
205.376 294.373
205.551 294.623
205.551 294.623
205.725 294.873
205.725 294.873
206.074 295.373
206.074 295.373
206.074 295.373
206.074 295.373
206.423 295.873
206.423 295.873
206.597 296.123
206.772 296.373
206.946 296.623
206.946 296.623
207.121 296.873
207.295 297.123
207.469 297.373
207.469 297.373
207.469 297.373
207.818 297.873
207.818 297.873
207.993 298.123
208.167 298.373
208.341 298.623
208.516 298.873
208.516 298.873
208.69 299.123
208.865 299.373
208.865 299.373
208.865 299.373
209.214 299.873
209.388 300.123
209.737 300.623
209.911 300.873
209.911 300.873
210.26 301.373
210.26 301.373
210.26 301.373
210.26 301.373
210.26 301.373
210.609 301.873
210.783 302.123
210.783 302.123
210.783 302.123
210.958 302.373
210.958 302.373
211.132 302.623
211.307 302.873
211.307 302.873
211.655 303.373
211.655 303.373
211.655 303.373
211.655 303.373
212.004 303.873
212.004 303.873
212.179 304.123
212.179 304.123
212.179 304.123
212.527 304.623
212.702 304.873
212.702 304.873
212.876 305.123
213.051 305.373
213.051 305.373
213.051 305.373
213.051 305.373
213.225 305.623
213.4 305.873
213.4 305.873
213.748 306.373
213.748 306.373
213.748 306.373
213.748 306.373
213.748 306.373
213.923 306.623
214.097 306.873
214.097 306.873
214.097 306.873
214.272 307.123
214.446 307.373
214.446 307.373
214.446 307.373
214.446 307.373
214.446 307.373
214.795 307.873
214.795 307.873
214.969 308.123
215.144 308.373
215.318 308.623
215.493 308.873
215.493 308.873
215.841 309.373
215.841 309.373
215.841 309.373
216.016 309.623
216.19 309.873
216.365 310.123
216.539 310.373
216.714 310.623
216.714 310.623
216.714 310.623
216.888 310.873
217.237 311.373
217.237 311.373
217.237 311.373
217.237 311.373
217.237 311.373
217.237 311.373
217.586 311.873
217.586 311.873
217.76 312.123
217.934 312.373
217.934 312.373
218.109 312.623
218.283 312.873
218.283 312.873
218.632 313.373
218.632 313.373
218.632 313.373
218.632 313.373
218.632 313.373
218.981 313.873
219.155 314.123
219.155 314.123
219.33 314.373
219.504 314.623
219.504 314.623
219.679 314.873
219.679 314.873
220.027 315.373
220.027 315.373
220.027 315.373
220.027 315.373
220.027 315.373
220.376 315.873
220.376 315.873
220.551 316.123
220.725 316.373
220.9 316.623
221.074 316.873
221.423 317.373
221.423 317.373
221.423 317.373
221.423 317.373
221.423 317.373
221.772 317.873
221.772 317.873
221.946 318.123
222.121 318.373
222.121 318.373
222.121 318.373
222.295 318.623
222.469 318.873
222.469 318.873
222.644 319.123
222.818 319.373
222.818 319.373
222.818 319.373
222.818 319.373
222.818 319.373
223.167 319.873
223.341 320.123
223.69 320.623
223.865 320.873
224.039 321.123
224.214 321.373
224.214 321.373
224.214 321.373
224.562 321.873
224.737 322.123
224.737 322.123
224.737 322.123
224.911 322.373
225.086 322.623
225.086 322.623
225.26 322.873
225.26 322.873
225.434 323.123
225.434 323.123
225.609 323.373
225.609 323.373
225.958 323.873
226.132 324.123
226.132 324.123
226.481 324.623
226.83 325.123
227.004 325.373
227.004 325.373
227.179 325.623
227.179 325.623
227.353 325.873
227.527 326.123
227.527 326.123
227.876 326.623
227.876 326.623
228.225 327.123
228.4 327.373
228.4 327.373
228.574 327.623
228.574 327.623
228.748 327.873
228.923 328.123
228.923 328.123
229.446 328.873
229.446 328.873
229.446 328.873
229.621 329.123
229.795 329.373
229.969 329.623
230.144 329.873
230.144 329.873
230.318 330.123
230.318 330.123
230.318 330.123
230.493 330.373
230.667 330.623
230.841 330.873
230.841 330.873
230.841 330.873
231.016 331.123
231.016 331.123
231.19 331.373
231.19 331.373
231.365 331.623
231.539 331.873
231.714 332.123
231.714 332.123
232.062 332.623
232.237 332.873
232.237 332.873
232.586 333.373
232.586 333.373
232.76 333.623
232.934 333.873
233.109 334.123
233.109 334.123
233.458 334.623
233.458 334.623
233.458 334.623
233.981 335.373
233.981 335.373
233.981 335.373
233.981 335.373
234.155 335.623
234.33 335.873
234.33 335.873
234.504 336.123
234.504 336.123
234.679 336.373
234.853 336.623
234.853 336.623
235.027 336.873
235.027 336.873
235.202 337.123
235.202 337.123
235.376 337.373
235.376 337.373
235.551 337.623
235.551 337.623
235.725 337.873
235.725 337.873
235.9 338.123
235.9 338.123
236.074 338.373
236.248 338.623
236.423 338.873
236.423 338.873
236.423 338.873
236.597 339.123
236.668 339.225
236.709 339.283
236.731 339.315
236.772 339.373
236.799 339.413
