0.133333 0.133333
0.177083 0.177083
0.216667 0.216667
0.272917 0.272917
0.30625 0.30625
3.3 3.3
3.63333 3.63333
3.96667 3.96667
4.3 4.3
4.3 4.3
4.63333 4.63333
4.63333 4.63333
4.96667 4.96667
4.96667 4.96667
5.3 5.3
5.3 5.3
5.3 5.3
5.63333 5.63333
5.96667 5.96667
6.3 6.3
6.3 6.3
6.3 6.3
7.3 7.3
7.63333 7.63333
7.96667 7.96667
8.3 8.3
8.3 8.3
8.3 8.3
8.3 8.3
8.63333 8.63333
8.96667 8.96667
9.3 9.3
9.63333 9.63333
9.63333 9.63333
9.96667 9.96667
9.96667 9.96667
10.3 10.3
10.3 10.3
10.3 10.3
10.3 10.3
11.3 11.3
11.6333 11.6333
11.9667 11.9667
12.3 12.3
12.3 12.3
12.3 12.3
12.3 12.3
12.3 12.3
12.6333 12.6333
12.6333 12.6333
12.8 12.8
12.9667 12.9667
12.9667 12.9667
13.3 13.3
13.9667 13.9667
14.1333 14.1333
14.3 14.3
14.3 14.3
14.3 14.3
14.3 14.3
15.3 15.3
15.6333 15.6333
15.6333 15.6333
15.6333 15.6333
15.9667 15.9667
15.9667 15.9667
16.1333 16.1333
16.3 16.3
16.3 16.3
16.3 16.3
16.3 16.3
16.6333 16.6333
16.6333 16.6333
16.9667 16.9667
16.9667 16.9667
17.3 17.3
17.6333 17.6333
17.6333 17.6333
17.6708 17.6708
17.9667 17.9667
17.9792 17.9792
17.9833 17.9833
18.3 18.3
18.3 18.3
18.3 18.3
18.3 18.3
19.3 19.3
19.6333 19.6333
19.9667 19.9667
20.3 20.3
20.3 20.3
20.3 20.3
20.3 20.3
20.3 20.3
20.3 20.3
20.6333 20.6333
20.6333 20.6333
20.9667 20.9667
20.9667 20.9667
21.3 21.3
21.6333 21.6333
21.6333 21.6333
21.9667 21.9667
21.9667 21.9667
22.3 22.3
22.3 22.3
22.3 22.3
22.3 22.3
23.3 23.3
23.6333 23.6333
23.9667 23.9667
23.9667 23.9667
24.3 24.3
24.3 24.3
24.3 24.3
24.3 24.3
24.3 24.3
24.6333 24.6333
24.9667 24.9667
24.9667 24.9667
25.3 25.3
25.3 25.3
25.3 25.3
25.6333 25.6333
25.6333 25.6333
25.6333 25.6333
25.9667 25.9667
26.3 26.3
26.3 26.3
26.3 26.3
26.3 26.3
27.3 27.3
27.6333 27.6333
27.9667 27.9667
27.9667 27.9667
28.3 28.3
28.3 28.3
28.3 28.3
28.3 28.3
28.3 28.3
28.6333 28.6333
28.6333 28.6333
28.9667 28.9667
28.9667 28.9667
29.3 29.3
29.3 29.3
29.3 29.3
29.6333 29.6333
29.9667 29.9667
30.3 30.3
30.3 30.3
30.3 30.3
30.3 30.3
30.6333 30.6333
30.9667 30.9667
31.3 31.3
31.3 31.3
31.3 31.3
31.3 31.3
31.3 31.3
31.6333 31.6333
31.9667 31.9667
32.3 32.3
32.3 32.3
32.3 32.3
32.3 32.3
32.3 32.3
32.6333 32.6333
32.6333 32.6333
32.9667 32.9667
32.9667 32.9667
33.3 33.3
33.3 33.3
33.3 33.3
33.3 33.3
33.6333 33.6333
33.9667 33.9667
33.9667 33.9667
34.3 34.3
34.3 34.3
34.6333 34.6333
34.9667 34.9667
34.9667 34.9667
35.3 35.3
35.3 35.3
35.3 35.3
35.3 35.3
35.3 35.3
35.3 35.3
35.6333 35.6333
35.6333 35.6333
35.9667 35.9667
35.9667 35.9667
36.3 36.3
36.3 36.3
36.3 36.3
36.3 36.3
36.3 36.3
36.8 36.8
36.9667 36.9667
37.1333 37.1333
37.3 37.3
37.3 37.3
37.6333 37.6333
37.9667 37.9667
38.3 38.3
38.3 38.3
38.3 38.3
38.3 38.3
38.8 38.8
38.8 38.8
39.1333 39.1333
39.3 39.3
39.3 39.3
39.6333 39.6333
39.6333 39.6333
39.9667 39.9667
40.3 40.3
40.3 40.3
40.3 40.3
40.3 40.3
40.3 40.3
40.9667 40.9667
41.3 41.3
41.6333 41.6333
41.8 41.8
41.8 41.8
41.9667 41.9667
41.9667 41.9667
42.3 42.3
42.3 42.3
42.3 42.3
42.3 42.3
42.8 42.8
42.8 42.8
43.1333 43.1333
43.3 43.3
43.3 43.3
43.3 43.3
43.3 43.3
43.6333 43.6333
43.6333 43.6333
43.9667 43.9667
44.3 44.3
44.3 44.3
44.3 44.3
44.3 44.3
44.3 44.3
44.3 44.3
44.3 44.3
44.6333 44.6333
44.9667 44.9667
44.9667 44.9667
45.3 45.3
45.3 45.3
45.8 45.8
45.9667 45.9667
46.1333 46.1333
46.3 46.3
46.3 46.3
46.3 46.3
46.3 46.3
47.3 47.3
47.3 47.3
47.3 47.3
47.6333 47.6333
47.6333 47.6333
47.8 47.8
47.8 47.8
47.9667 47.9667
47.9667 47.9667
48.3 48.3
48.3 48.3
48.3 48.3
48.3 48.3
48.3 48.3
48.3 48.3
48.8 48.8
48.8 48.8
48.9667 48.9667
48.9667 48.9667
49.3 49.3
49.3 49.3
49.6333 49.6333
49.6333 49.6333
49.9667 49.9667
49.9667 49.9667
49.9667 49.9667
50.3 50.3
50.3 50.3
50.3 50.3
50.3 50.3
50.3 50.3
50.8 50.8
50.8 50.8
51.1333 51.1333
51.3 51.3
51.3 51.3
51.3 51.3
51.6313 51.6313
51.6333 51.6333
51.9667 51.9667
51.975 51.975
52.3 52.3
52.3 52.3
52.3 52.3
52.3 52.3
52.3 52.3
52.3 52.3
52.8 52.8
52.8 52.8
52.9667 52.9667
53.1333 53.1333
53.3 53.3
53.3 53.3
53.6333 53.6333
53.9667 53.9667
53.9667 53.9667
54.3 54.3
54.3 54.3
54.3 54.3
54.3 54.3
54.3 54.3
54.8 54.8
55.1333 55.1333
55.3 55.3
55.3 55.3
55.3 55.3
55.3 55.3
55.3 55.3
55.6333 55.6333
55.6333 55.6333
55.9667 55.9667
55.9667 55.9667
56.3 56.3
56.3 56.3
56.3 56.3
56.3 56.3
56.6333 56.6333
56.8 56.8
56.9667 56.9667
57.3 57.3
57.3 57.3
57.8 57.8
57.8 57.8
58.1333 58.1333
58.3 58.3
58.3 58.3
58.3 58.3
58.3 58.3
59.3 59.3
59.3 59.3
59.3 59.3
59.6333 59.6333
59.6333 59.6333
59.8 59.8
59.9667 59.9667
59.9667 59.9667
60.1333 60.1333
60.3 60.3
60.3 60.3
60.3 60.3
60.3 60.3
60.3 60.3
60.3 60.3
60.9667 60.9667
60.9667 60.9667
61.6333 61.6333
61.6333 61.6333
61.9667 61.9667
62.3 62.3
62.3 62.3
62.3 62.3
62.3 62.3
63.3 63.3
63.3 63.3
63.3 63.3
63.3 63.3
63.6333 63.6333
63.6333 63.6333
63.8 63.8
63.9667 63.9667
63.9667 63.9667
64.1333 64.1333
64.3 64.3
64.3 64.3
64.3 64.3
64.3 64.3
64.3 64.3
64.3 64.3
64.6333 64.6333
64.9667 64.9667
65.6333 65.6333
65.6333 65.6333
65.9667 65.9667
66.3 66.3
66.3 66.3
66.3 66.3
66.3 66.3
68.2884 68.3
68.619 68.6333
68.9496 68.9667
69.2801 69.3
69.2801 69.3
69.2801 69.3
69.2801 69.3
69.6107 69.6333
69.6107 69.6333
69.9413 69.9667
69.9413 69.9667
70.2745 70.3
70.2745 70.3
70.6078 70.6333
70.6078 70.6333
70.9412 70.9667
70.9412 70.9667
71.2745 71.3
71.2745 71.3
71.2745 71.3
71.2745 71.3
71.2745 71.3
71.9412 71.9667
72.2745 72.3
72.2745 72.3
72.2745 72.3
72.2745 72.3
72.6078 72.6333
72.6078 72.6333
72.9412 72.9667
72.9412 72.9667
72.9412 72.9667
73.2745 73.3
73.2745 73.3
73.2745 73.3
73.2745 73.3
73.6078 73.6333
73.6078 73.6333
73.9412 73.9667
73.9412 73.9667
74.2745 74.3
74.2745 74.3
74.6078 74.6333
74.9412 74.9667
74.9412 74.9667
75.2745 75.3
75.2745 75.3
75.2745 75.3
75.9412 75.9667
76.2745 76.3
76.2745 76.3
76.2745 76.3
76.2745 76.3
76.2745 76.3
76.6078 76.6333
76.6078 76.6333
76.6078 76.6333
76.912 76.9375
76.9412 76.9667
76.9412 76.9667
77.2745 77.3
77.2745 77.3
77.2745 77.3
77.2745 77.3
77.2745 77.3
77.6078 77.6333
77.6078 77.6333
77.7745 77.8
77.9412 77.9667
77.9412 77.9667
78.2745 78.3
78.9412 78.9667
78.9412 78.9667
79.1078 79.1333
79.2745 79.3
79.2745 79.3
79.2745 79.3
79.2745 79.3
79.2745 79.3
79.9412 79.9667
80.2745 80.3
80.2745 80.3
80.2745 80.3
80.6078 80.6333
80.6078 80.6333
80.9412 80.9667
80.9412 80.9667
81.1078 81.1333
81.2745 81.3
81.2745 81.3
81.2745 81.3
81.2745 81.3
81.2745 81.3
81.2745 81.3
81.6078 81.6333
81.6078 81.6333
81.9412 81.9667
81.9412 81.9667
82.2745 82.3
82.2745 82.3
82.6078 82.6333
82.9412 82.9667
82.9412 82.9667
82.9412 82.9667
83.2745 83.3
83.2745 83.3
83.2745 83.3
83.2745 83.3
83.2745 83.3
83.9412 83.9667
84.2745 84.3
84.2745 84.3
84.6078 84.6333
84.6078 84.6333
84.9412 84.9667
84.9412 84.9667
85.2745 85.3
85.2745 85.3
85.2745 85.3
85.2745 85.3
85.2745 85.3
85.2745 85.3
85.6078 85.6333
85.6078 85.6333
85.9412 85.9667
85.9412 85.9667
86.2745 86.3
86.2745 86.3
86.6078 86.6333
86.9412 86.9667
86.9412 86.9667
86.9412 86.9667
87.2745 87.3
87.2745 87.3
87.2745 87.3
87.2745 87.3
87.9412 87.9667
88.2745 88.3
88.2745 88.3
88.2745 88.3
88.2745 88.3
88.6078 88.6333
88.6078 88.6333
88.9412 88.9667
88.9412 88.9667
89.2745 89.3
89.2745 89.3
89.2745 89.3
89.2745 89.3
89.2745 89.3
89.6078 89.6333
89.9412 89.9667
89.9412 89.9667
90.2745 90.3
90.2745 90.3
90.6078 90.6333
90.9412 90.9667
90.9412 90.9667
91.2745 91.3
91.2745 91.3
91.2745 91.3
91.2745 91.3
91.2745 91.3
91.2745 91.3
91.9412 91.9667
92.2745 92.3
92.2745 92.3
92.2745 92.3
92.2745 92.3
92.6078 92.6333
92.6078 92.6333
92.9412 92.9667
92.9412 92.9667
93.2745 93.3
93.2745 93.3
93.2745 93.3
93.2745 93.3
93.2745 93.3
93.2745 93.3
93.2745 93.3
93.6078 93.6333
93.6078 93.6333
93.9412 93.9667
93.9412 93.9667
94.2745 94.3
94.2745 94.3
94.2745 94.3
94.6078 94.6333
94.6078 94.6333
94.9412 94.9667
94.9412 94.9667
94.9412 94.9667
95.2745 95.3
95.2745 95.3
95.2745 95.3
95.2745 95.3
95.2745 95.3
95.2745 95.3
95.6078 95.6333
95.9412 95.9667
96.2745 96.3
96.2745 96.3
96.2745 96.3
96.2745 96.3
96.2745 96.3
96.6078 96.6333
96.9412 96.9667
96.9412 96.9667
97.2745 97.3
97.2745 97.3
97.2745 97.3
97.2745 97.3
97.2745 97.3
97.6078 97.6333
97.6078 97.6333
97.9412 97.9667
97.9412 97.9667
97.9412 97.9667
98.2745 98.3
98.2745 98.3
98.2745 98.3
98.2745 98.3
98.2745 98.3
98.6078 98.6333
98.9412 98.9667
98.9412 98.9667
98.9412 98.9667
99.2745 99.3
99.2745 99.3
99.2745 99.3
99.6078 99.6333
99.9412 99.9667
99.9412 99.9667
100.274 100.3
100.274 100.3
100.274 100.3
100.274 100.3
100.274 100.3
100.608 100.633
100.941 100.967
100.941 100.967
101.274 101.3
101.274 101.3
101.274 101.3
101.274 101.3
101.274 101.3
101.274 101.3
101.608 101.633
101.941 101.967
101.941 101.967
102.274 102.3
102.274 102.3
102.274 102.3
102.608 102.633
102.941 102.967
102.941 102.967
103.274 103.3
103.274 103.3
103.274 103.3
103.274 103.3
103.274 103.3
103.941 103.967
103.941 103.967
104.274 104.3
104.274 104.3
104.274 104.3
104.274 104.3
104.274 104.3
104.608 104.633
104.608 104.633
104.774 104.8
104.941 104.967
104.941 104.967
105.274 105.3
105.274 105.3
105.274 105.3
105.274 105.3
105.274 105.3
105.608 105.633
105.941 105.967
105.941 105.967
106.274 106.3
106.274 106.3
106.608 106.633
107.274 107.3
107.274 107.3
107.274 107.3
107.274 107.3
107.274 107.3
107.608 107.633
107.941 107.967
107.941 107.967
108.274 108.3
108.274 108.3
108.274 108.3
108.274 108.3
108.274 108.3
108.608 108.633
108.608 108.633
108.941 108.967
108.941 108.967
108.941 108.967
109.274 109.3
109.274 109.3
109.274 109.3
109.274 109.3
109.274 109.3
109.274 109.3
109.941 109.967
109.941 109.967
109.941 109.967
110.274 110.3
110.274 110.3
110.608 110.633
110.774 110.8
110.941 110.967
111.274 111.3
111.274 111.3
111.274 111.3
111.274 111.3
111.274 111.3
111.608 111.633
111.941 111.967
111.941 111.967
111.941 111.967
112.274 112.3
112.274 112.3
112.274 112.3
112.274 112.3
112.274 112.3
112.608 112.633
112.608 112.633
112.941 112.967
112.941 112.967
112.941 112.967
113.274 113.3
113.274 113.3
113.274 113.3
113.274 113.3
113.274 113.3
113.274 113.3
113.774 113.8
113.774 113.8
113.941 113.967
113.941 113.967
113.941 113.967
114.108 114.133
114.274 114.3
114.274 114.3
114.274 114.3
114.274 114.3
114.608 114.633
114.774 114.8
114.941 114.967
114.941 114.967
115.274 115.3
115.274 115.3
115.274 115.3
115.274 115.3
115.454 115.479
115.774 115.8
115.941 115.967
116.274 116.3
116.274 116.3
116.274 116.3
116.274 116.3
116.608 116.633
116.608 116.633
116.608 116.633
116.941 116.967
116.941 116.967
116.941 116.967
117.274 117.3
117.274 117.3
117.274 117.3
117.274 117.3
117.608 117.633
117.941 117.967
117.941 117.967
118.274 118.3
118.274 118.3
118.274 118.3
118.774 118.8
118.774 118.8
119.108 119.133
119.274 119.3
119.274 119.3
119.274 119.3
119.274 119.3
119.274 119.3
119.608 119.633
119.941 119.967
120.274 120.3
120.274 120.3
120.274 120.3
120.274 120.3
120.608 120.633
120.608 120.633
120.608 120.633
120.608 120.633
120.941 120.967
120.941 120.967
120.941 120.967
121.274 121.3
121.274 121.3
121.274 121.3
121.274 121.3
121.274 121.3
121.274 121.3
121.608 121.633
121.941 121.967
121.941 121.967
122.274 122.3
122.274 122.3
122.608 122.633
122.941 122.967
123.274 123.3
123.274 123.3
123.274 123.3
123.274 123.3
123.774 123.8
123.941 123.967
123.941 123.967
124.274 124.3
124.274 124.3
124.274 124.3
124.274 124.3
124.274 124.3
124.274 124.3
124.608 124.633
124.608 124.633
124.608 124.633
124.774 124.8
124.941 124.967
125.274 125.3
125.274 125.3
125.274 125.3
125.274 125.3
125.274 125.3
125.274 125.3
125.774 125.8
125.774 125.8
125.941 125.967
126.108 126.133
126.108 126.133
126.108 126.133
126.274 126.3
126.274 126.3
126.274 126.3
126.608 126.633
126.941 126.967
127.274 127.3
127.274 127.3
127.274 127.3
127.274 127.3
127.274 127.3
127.608 127.633
127.941 127.967
128.274 128.3
128.274 128.3
128.274 128.3
128.608 128.633
128.608 128.633
128.608 128.633
128.774 128.8
128.941 128.967
128.941 128.967
128.941 128.967
129.274 129.3
129.274 129.3
129.274 129.3
129.274 129.3
129.274 129.3
129.774 129.8
129.774 129.8
129.941 129.967
130.108 130.133
130.274 130.3
130.274 130.3
130.608 130.633
130.608 130.633
130.941 130.967
131.274 131.3
131.274 131.3
131.274 131.3
131.274 131.3
131.274 131.3
131.941 131.967
132.274 132.3
132.274 132.3
132.274 132.3
132.608 132.633
132.608 132.633
132.941 132.967
132.941 132.967
132.941 132.967
133.274 133.3
133.274 133.3
133.274 133.3
133.274 133.3
133.274 133.3
134.274 134.3
134.274 134.3
134.274 134.3
134.274 134.3
134.274 134.3
134.274 134.3
135.274 135.3
135.274 135.3
135.274 135.3
135.274 135.3
135.941 135.967
136.274 136.3
136.274 136.3
136.274 136.3
136.608 136.633
136.941 136.967
137.254 137.279
137.274 137.3
137.274 137.3
137.274 137.3
138.274 138.3
138.274 138.3
138.274 138.3
138.591 138.617
138.608 138.633
138.931 138.956
139.272 139.298
139.274 139.3
139.274 139.3
139.274 139.3
139.274 139.3
139.608 139.633
139.941 139.967
139.941 139.967
139.941 139.967
139.941 139.967
140.268 140.294
140.274 140.3
140.274 140.3
140.274 140.3
140.274 140.3
140.608 140.633
140.789 140.815
140.929 140.954
140.941 140.967
141.097 141.123
141.274 141.3
141.274 141.3
141.274 141.3
141.274 141.3
141.274 141.3
142.272 142.298
142.274 142.3
142.274 142.3
142.274 142.3
142.274 142.3
142.274 142.3
142.608 142.633
142.608 142.633
142.937 142.963
143.11 143.135
143.274 143.3
143.274 143.3
143.274 143.3
143.304 143.329
143.608 143.633
143.941 143.967
144.274 144.3
144.274 144.3
144.274 144.3
144.608 144.633
144.935 144.96
144.941 144.967
144.941 144.967
144.941 144.967
144.941 144.967
145.114 145.14
145.302 145.327
145.941 145.967
145.941 145.967
145.941 145.967
145.941 145.967
146.914 146.94
147.274 147.3
147.274 147.3
147.274 147.3
147.274 147.3
147.595 147.621
147.71 147.735
147.852 147.877
147.941 147.967
148.274 148.3
148.274 148.3
148.562 148.588
148.608 148.633
148.772 148.798
148.941 148.967
148.941 148.967
148.941 148.967
148.952 148.977
149.097 149.123
149.274 149.3
149.274 149.3
149.274 149.3
149.287 149.312
149.941 149.967
150.274 150.3
150.274 150.3
150.283 150.308
150.608 150.633
150.608 150.633
150.608 150.633
150.624 150.65
150.914 150.94
150.941 150.967
151.264 151.29
151.274 151.3
151.274 151.3
151.274 151.3
151.274 151.3
151.608 151.633
151.608 151.633
151.608 151.633
151.608 151.633
151.614 151.64
151.918 151.944
151.941 151.967
152.274 152.3
152.274 152.3
152.274 152.3
152.274 152.3
152.608 152.633
152.62 152.646
152.941 152.967
152.941 152.967
152.941 152.967
152.941 152.967
152.956 152.981
153.274 153.3
153.274 153.3
153.274 153.3
153.277 153.302
153.585 153.61
153.608 153.633
153.924 153.95
153.941 153.967
153.941 153.967
154.274 154.3
154.274 154.3
154.274 154.3
154.274 154.3
154.608 154.633
154.608 154.633
154.618 154.644
154.935 154.96
154.941 154.967
154.941 154.967
154.941 154.967
155.274 155.3
155.274 155.3
155.274 155.3
155.283 155.308
155.608 155.633
155.633 155.658
155.937 155.963
155.941 155.967
155.941 155.967
156.274 156.3
156.274 156.3
156.277 156.302
156.608 156.633
156.635 156.66
156.795 156.821
156.941 156.967
156.941 156.967
156.958 156.983
157.274 157.3
157.274 157.3
157.274 157.3
157.283 157.308
157.608 157.633
157.929 157.954
157.941 157.967
157.941 157.967
157.941 157.967
157.941 157.967
158.274 158.3
158.274 158.3
158.274 158.3
158.274 158.3
158.595 158.621
158.608 158.633
158.772 158.798
158.941 158.967
158.941 158.967
158.941 158.967
158.941 158.967
158.964 158.99
159.27 159.296
159.274 159.3
159.445 159.471
159.606 159.631
159.608 159.633
159.941 159.967
159.941 159.967
159.941 159.967
159.941 159.967
160.254 160.279
160.274 160.3
160.274 160.3
160.274 160.3
160.274 160.3
160.599 160.625
160.608 160.633
160.77 160.796
160.941 160.967
160.943 160.969
161.099 161.125
161.274 161.3
161.274 161.3
161.274 161.3
161.274 161.3
161.283 161.308
161.608 161.633
161.922 161.948
161.941 161.967
161.941 161.967
161.941 161.967
162.089 162.115
162.274 162.3
162.274 162.3
162.274 162.3
162.277 162.302
162.589 162.615
162.608 162.633
162.929 162.954
162.941 162.967
162.941 162.967
162.941 162.967
163.256 163.281
163.274 163.3
163.274 163.3
163.274 163.3
163.274 163.3
163.606 163.631
163.608 163.633
163.608 163.633
163.608 163.633
163.608 163.633
163.941 163.967
163.941 163.967
163.941 163.967
163.941 163.967
163.964 163.99
164.274 164.3
164.608 164.633
164.941 164.967
165.274 165.3
165.274 165.3
165.274 165.3
165.274 165.3
165.608 165.633
165.608 165.633
165.941 165.967
165.941 165.967
166.274 166.3
166.274 166.3
166.608 166.633
166.608 166.633
166.941 166.967
166.941 166.967
167.274 167.3
167.274 167.3
167.274 167.3
167.274 167.3
167.274 167.3
167.941 167.967
168.274 168.3
168.274 168.3
168.274 168.3
168.274 168.3
168.608 168.633
168.608 168.633
168.941 168.967
168.941 168.967
168.941 168.967
169.274 169.3
169.274 169.3
169.274 169.3
169.274 169.3
169.608 169.633
169.608 169.633
169.941 169.967
169.941 169.967
170.274 170.3
170.274 170.3
170.608 170.633
170.941 170.967
170.941 170.967
171.274 171.3
171.274 171.3
171.274 171.3
171.941 171.967
172.274 172.3
172.274 172.3
172.274 172.3
172.274 172.3
172.274 172.3
172.608 172.633
172.608 172.633
172.608 172.633
172.774 172.8
172.941 172.967
172.941 172.967
173.274 173.3
173.274 173.3
173.274 173.3
173.274 173.3
173.274 173.3
173.608 173.633
173.608 173.633
173.774 173.8
173.941 173.967
173.941 173.967
174.274 174.3
174.941 174.967
174.941 174.967
175.108 175.133
175.274 175.3
175.274 175.3
175.274 175.3
175.274 175.3
175.274 175.3
175.941 175.967
176.274 176.3
176.274 176.3
176.274 176.3
176.608 176.633
176.608 176.633
176.941 176.967
176.941 176.967
177.108 177.133
177.274 177.3
177.274 177.3
177.274 177.3
177.274 177.3
177.274 177.3
177.274 177.3
177.608 177.633
177.608 177.633
177.941 177.967
177.941 177.967
178.274 178.3
178.274 178.3
178.608 178.633
178.941 178.967
178.941 178.967
178.941 178.967
179.274 179.3
179.274 179.3
179.274 179.3
179.274 179.3
179.274 179.3
179.274 179.3
179.941 179.967
180.274 180.3
180.274 180.3
180.608 180.633
180.608 180.633
180.941 180.967
180.941 180.967
181.274 181.3
181.274 181.3
181.274 181.3
181.274 181.3
181.274 181.3
181.274 181.3
181.608 181.633
181.608 181.633
181.941 181.967
181.941 181.967
182.274 182.3
182.274 182.3
182.608 182.633
182.941 182.967
182.941 182.967
182.941 182.967
183.274 183.3
183.274 183.3
183.274 183.3
183.274 183.3
183.941 183.967
184.274 184.3
184.274 184.3
184.274 184.3
184.274 184.3
184.274 184.3
184.608 184.633
184.608 184.633
184.941 184.967
184.941 184.967
185.274 185.3
185.274 185.3
185.274 185.3
185.274 185.3
185.274 185.3
185.608 185.633
185.941 185.967
185.941 185.967
186.274 186.3
186.274 186.3
186.608 186.633
186.941 186.967
186.941 186.967
187.274 187.3
187.274 187.3
187.274 187.3
187.274 187.3
187.274 187.3
187.274 187.3
187.941 187.967
188.274 188.3
188.274 188.3
188.274 188.3
188.274 188.3
188.608 188.633
188.608 188.633
188.941 188.967
188.941 188.967
189.274 189.3
189.274 189.3
189.274 189.3
189.274 189.3
189.274 189.3
189.274 189.3
189.274 189.3
189.608 189.633
189.608 189.633
189.941 189.967
189.941 189.967
190.274 190.3
190.274 190.3
190.274 190.3
190.608 190.633
190.608 190.633
190.941 190.967
190.941 190.967
190.941 190.967
191.274 191.3
191.274 191.3
191.274 191.3
191.274 191.3
191.274 191.3
191.274 191.3
191.608 191.633
191.941 191.967
192.274 192.3
192.274 192.3
192.274 192.3
192.274 192.3
192.274 192.3
192.608 192.633
192.941 192.967
192.941 192.967
193.274 193.3
193.274 193.3
193.274 193.3
193.274 193.3
193.274 193.3
193.608 193.633
193.608 193.633
193.608 193.633
193.608 193.633
193.941 193.967
193.941 193.967
193.941 193.967
193.941 193.967
193.941 193.967
194.274 194.3
194.274 194.3
194.274 194.3
194.274 194.3
194.274 194.3
194.608 194.633
194.608 194.633
194.608 194.633
194.608 194.633
194.941 194.967
194.941 194.967
194.941 194.967
194.941 194.967
194.941 194.967
195.274 195.3
195.274 195.3
195.274 195.3
195.274 195.3
195.274 195.3
195.608 195.633
195.608 195.633
195.608 195.633
195.941 195.967
195.941 195.967
195.941 195.967
196.274 196.3
196.274 196.3
196.274 196.3
196.274 196.3
196.274 196.3
196.274 196.3
196.608 196.633
196.941 196.967
196.941 196.967
197.274 197.3
197.274 197.3
197.274 197.3
197.274 197.3
197.274 197.3
197.608 197.633
197.774 197.8
197.941 197.967
197.941 197.967
198.274 198.3
198.274 198.3
198.608 198.633
198.941 198.967
198.941 198.967
199.274 199.3
199.274 199.3
199.274 199.3
199.274 199.3
199.608 199.633
199.774 199.8
199.941 199.967
200.108 200.133
200.274 200.3
200.274 200.3
200.274 200.3
200.274 200.3
200.274 200.3
200.608 200.633
200.608 200.633
200.774 200.8
200.941 200.967
200.941 200.967
201.108 201.133
201.274 201.3
201.274 201.3
201.274 201.3
201.608 201.633
201.941 201.967
201.941 201.967
202.274 202.3
202.274 202.3
202.608 202.633
202.774 202.8
202.774 202.8
203.108 203.133
203.274 203.3
203.274 203.3
203.274 203.3
203.274 203.3
203.274 203.3
203.608 203.633
203.774 203.8
203.941 203.967
204.108 204.133
204.274 204.3
204.274 204.3
204.274 204.3
204.608 204.633
204.608 204.633
204.608 204.633
204.941 204.967
204.941 204.967
205.274 205.3
205.274 205.3
205.274 205.3
205.274 205.3
205.274 205.3
205.274 205.3
205.608 205.633
205.774 205.8
205.774 205.8
205.941 205.967
206.108 206.133
206.274 206.3
206.274 206.3
206.274 206.3
206.608 206.633
206.774 206.8
206.941 206.967
207.108 207.133
207.274 207.3
207.274 207.3
207.274 207.3
207.274 207.3
207.274 207.3
207.608 207.633
207.941 207.967
208.274 208.3
208.274 208.3
208.274 208.3
208.274 208.3
208.274 208.3
208.608 208.633
208.608 208.633
208.941 208.967
208.941 208.967
208.941 208.967
209.274 209.3
209.274 209.3
209.274 209.3
209.274 209.3
209.608 209.633
209.774 209.8
209.941 209.967
209.941 209.967
209.941 209.967
209.941 209.967
210.108 210.133
210.274 210.3
210.274 210.3
210.274 210.3
210.274 210.3
210.608 210.633
210.941 210.967
210.941 210.967
211.274 211.3
211.274 211.3
211.274 211.3
211.274 211.3
211.274 211.3
211.274 211.3
211.608 211.633
211.608 211.633
211.608 211.633
211.941 211.967
211.941 211.967
211.941 211.967
212.274 212.3
212.274 212.3
212.274 212.3
212.274 212.3
212.274 212.3
212.274 212.3
212.608 212.633
212.608 212.633
212.608 212.633
212.774 212.8
212.941 212.967
212.941 212.967
212.941 212.967
213.108 213.133
213.274 213.3
213.274 213.3
213.274 213.3
213.274 213.3
213.274 213.3
213.608 213.633
213.774 213.8
213.941 213.967
213.941 213.967
214.274 214.3
214.274 214.3
214.608 214.633
214.941 214.967
215.274 215.3
215.274 215.3
215.274 215.3
215.274 215.3
215.274 215.3
215.608 215.633
215.774 215.8
215.941 215.967
216.108 216.133
216.274 216.3
216.274 216.3
216.274 216.3
216.608 216.633
216.608 216.633
216.608 216.633
216.608 216.633
216.774 216.8
216.941 216.967
216.941 216.967
216.941 216.967
217.108 217.133
217.274 217.3
217.274 217.3
217.274 217.3
217.274 217.3
217.608 217.633
217.941 217.967
217.941 217.967
218.274 218.3
218.274 218.3
218.608 218.633
218.774 218.8
218.774 218.8
219.108 219.133
219.274 219.3
219.274 219.3
219.274 219.3
219.274 219.3
219.608 219.633
219.774 219.8
219.941 219.967
219.941 219.967
220.108 220.133
220.274 220.3
220.274 220.3
220.274 220.3
220.274 220.3
220.274 220.3
220.608 220.633
220.608 220.633
220.608 220.633
220.941 220.967
220.941 220.967
221.274 221.3
221.274 221.3
221.274 221.3
221.274 221.3
221.274 221.3
221.274 221.3
221.274 221.3
221.608 221.633
221.774 221.8
221.774 221.8
221.941 221.967
222.108 222.133
222.274 222.3
222.274 222.3
222.274 222.3
222.274 222.3
222.608 222.633
222.774 222.8
222.941 222.967
223.108 223.133
223.274 223.3
223.274 223.3
223.274 223.3
223.274 223.3
223.274 223.3
223.608 223.633
223.941 223.967
224.274 224.3
224.274 224.3
224.274 224.3
224.274 224.3
224.608 224.633
224.608 224.633
224.608 224.633
224.941 224.967
224.941 224.967
224.941 224.967
225.274 225.3
225.274 225.3
225.274 225.3
225.608 225.633
225.774 225.8
225.941 225.967
225.941 225.967
226.108 226.133
226.274 226.3
226.274 226.3
226.608 226.633
226.608 226.633
226.941 226.967
227.274 227.3
227.274 227.3
227.274 227.3
227.274 227.3
227.274 227.3
227.274 227.3
227.274 227.3
227.608 227.633
227.608 227.633
227.608 227.633
227.941 227.967
227.941 227.967
227.941 227.967
228.274 228.3
228.274 228.3
228.274 228.3
228.274 228.3
228.274 228.3
228.608 228.633
228.608 228.633
228.774 228.8
228.941 228.967
228.941 228.967
229.108 229.133
229.274 229.3
229.274 229.3
229.274 229.3
229.274 229.3
229.274 229.3
229.608 229.633
229.774 229.8
229.941 229.967
229.941 229.967
230.274 230.3
230.274 230.3
230.608 230.633
230.941 230.967
230.941 230.967
231.274 231.3
231.274 231.3
231.274 231.3
231.274 231.3
231.608 231.633
231.774 231.8
231.941 231.967
232.108 232.133
232.274 232.3
232.274 232.3
232.274 232.3
232.274 232.3
232.274 232.3
232.608 232.633
232.608 232.633
232.774 232.8
232.941 232.967
232.941 232.967
233.108 233.133
233.274 233.3
233.274 233.3
233.274 233.3
233.608 233.633
233.941 233.967
233.941 233.967
234.274 234.3
234.274 234.3
234.608 234.633
234.774 234.8
234.774 234.8
235.108 235.133
235.274 235.3
235.274 235.3
235.274 235.3
235.274 235.3
235.274 235.3
235.608 235.633
235.774 235.8
235.941 235.967
236.108 236.133
236.274 236.3
236.274 236.3
236.274 236.3
236.608 236.633
236.608 236.633
236.608 236.633
236.941 236.967
236.941 236.967
237.274 237.3
237.274 237.3
237.274 237.3
237.274 237.3
237.274 237.3
237.274 237.3
237.608 237.633
237.774 237.8
237.774 237.8
237.941 237.967
238.108 238.133
238.274 238.3
238.274 238.3
238.274 238.3
238.608 238.633
238.774 238.8
238.941 238.967
239.108 239.133
239.274 239.3
239.274 239.3
239.274 239.3
239.274 239.3
239.274 239.3
239.608 239.633
239.941 239.967
240.274 240.3
240.274 240.3
240.274 240.3
240.274 240.3
240.274 240.3
240.608 240.633
240.608 240.633
240.941 240.967
240.941 240.967
240.941 240.967
241.274 241.3
241.274 241.3
241.274 241.3
241.274 241.3
241.608 241.633
241.774 241.8
241.941 241.967
241.941 241.967
241.941 241.967
241.941 241.967
242.108 242.133
242.274 242.3
242.274 242.3
242.274 242.3
242.274 242.3
242.608 242.633
242.941 242.967
242.941 242.967
243.274 243.3
243.274 243.3
243.274 243.3
243.274 243.3
243.274 243.3
243.274 243.3
243.608 243.633
243.608 243.633
243.608 243.633
243.941 243.967
243.941 243.967
243.941 243.967
244.274 244.3
244.274 244.3
244.274 244.3
244.274 244.3
244.274 244.3
244.274 244.3
244.608 244.633
244.608 244.633
244.608 244.633
244.774 244.8
244.941 244.967
244.941 244.967
244.941 244.967
245.108 245.133
245.274 245.3
245.274 245.3
245.274 245.3
245.274 245.3
245.274 245.3
245.608 245.633
245.774 245.8
245.941 245.967
245.941 245.967
246.274 246.3
246.274 246.3
246.608 246.633
246.941 246.967
247.274 247.3
247.274 247.3
247.274 247.3
247.274 247.3
247.274 247.3
247.608 247.633
247.774 247.8
247.941 247.967
248.108 248.133
248.274 248.3
248.274 248.3
248.274 248.3
248.608 248.633
248.608 248.633
248.608 248.633
248.608 248.633
248.774 248.8
248.941 248.967
248.941 248.967
248.941 248.967
249.108 249.133
249.274 249.3
249.274 249.3
249.274 249.3
249.274 249.3
249.608 249.633
249.941 249.967
249.941 249.967
250.274 250.3
250.274 250.3
250.608 250.633
250.774 250.8
250.774 250.8
251.108 251.133
251.274 251.3
251.274 251.3
251.274 251.3
251.274 251.3
251.608 251.633
251.774 251.8
251.941 251.967
251.941 251.967
252.108 252.133
252.274 252.3
252.274 252.3
252.274 252.3
252.274 252.3
252.274 252.3
252.608 252.633
252.608 252.633
252.608 252.633
252.941 252.967
252.941 252.967
253.274 253.3
253.274 253.3
253.274 253.3
253.274 253.3
253.274 253.3
253.274 253.3
253.274 253.3
253.608 253.633
253.774 253.8
253.774 253.8
253.941 253.967
254.108 254.133
254.274 254.3
254.274 254.3
254.274 254.3
254.274 254.3
254.608 254.633
254.774 254.8
254.941 254.967
255.108 255.133
255.274 255.3
255.274 255.3
255.274 255.3
255.274 255.3
255.274 255.3
255.608 255.633
255.941 255.967
256.274 256.3
256.274 256.3
256.274 256.3
256.274 256.3
256.608 256.633
256.608 256.633
256.608 256.633
256.941 256.967
256.941 256.967
256.941 256.967
257.274 257.3
257.274 257.3
257.274 257.3
257.608 257.633
257.774 257.8
257.941 257.967
257.941 257.967
258.108 258.133
258.274 258.3
258.274 258.3
258.608 258.633
258.608 258.633
258.941 258.967
259.274 259.3
259.274 259.3
259.274 259.3
259.274 259.3
259.274 259.3
259.274 259.3
259.274 259.3
259.608 259.633
259.608 259.633
259.608 259.633
259.941 259.967
259.941 259.967
259.941 259.967
260.274 260.3
260.274 260.3
260.274 260.3
260.274 260.3
260.608 260.633
260.608 260.633
260.774 260.8
260.941 260.967
260.941 260.967
261.108 261.133
261.274 261.3
261.274 261.3
261.274 261.3
261.274 261.3
261.608 261.633
261.941 261.967
262.274 262.3
262.608 262.633
262.941 262.967
263.608 263.633
263.941 263.967
264.274 264.3
264.274 264.3
264.274 264.3
264.274 264.3
264.608 264.633
264.941 264.967
264.941 264.967
265.274 265.3
265.608 265.633
265.941 265.967
266.274 266.3
266.274 266.3
266.274 266.3
266.608 266.633
266.941 266.967
266.941 266.967
267.608 267.633
267.608 267.633
267.941 267.967
267.941 267.967
268.274 268.3
268.274 268.3
268.274 268.3
268.274 268.3
268.608 268.633
268.941 268.967
269.318 269.344
269.558 269.583
269.793 269.819
269.968 269.994
270.17 270.196
270.36 270.385
270.57 270.596
270.837 270.863
271.145 271.171
271.552 271.577
271.556 271.581
272.143 272.169
272.177 272.202
272.227 272.252
272.26 272.285
272.691 272.717
272.722 272.748
272.787 272.813
