0.943429 1.07708
0.943429 1.07708
0.943429 1.07708
1.38138 1.57708
1.81934 2.07708
2.2573 2.57708
2.69525 3.07708
2.69525 3.07708
2.69525 3.07708
3.13321 3.57708
3.57116 4.07708
4.00912 4.57708
4.44707 5.07708
4.44707 5.07708
4.44707 5.07708
4.88503 5.57708
5.32298 6.07708
5.76094 6.57708
6.1989 7.07708
6.1989 7.07708
6.1989 7.07708
6.1989 7.07708
6.63685 7.57708
7.07481 8.07708
7.07481 8.07708
7.07481 8.07708
7.51276 8.57708
7.95072 9.07708
7.95072 9.07708
7.95072 9.07708
7.95072 9.07708
8.38867 9.57708
8.82663 10.0771
9.26458 10.5771
9.70254 11.0771
9.70254 11.0771
9.70254 11.0771
9.70254 11.0771
10.1405 11.5771
10.5785 12.0771
11.0164 12.5771
11.4544 13.0771
11.4544 13.0771
11.4544 13.0771
11.4544 13.0771
11.8923 13.5771
12.3303 14.0771
12.7682 14.5771
13.2062 15.0771
13.2062 15.0771
13.2062 15.0771
13.2062 15.0771
13.2062 15.0771
13.6441 15.5771
14.0821 16.0771
14.0821 16.0771
14.0821 16.0771
14.0821 16.0771
14.52 16.5771
14.958 17.0771
14.958 17.0771
15.177 17.3271
15.396 17.5771
15.396 17.5771
15.6149 17.8271
15.8339 18.0771
16.0529 18.3271
16.2719 18.5771
16.7098 19.0771
16.7098 19.0771
16.9288 19.3271
17.1478 19.5771
17.1478 19.5771
17.3668 19.8271
17.3668 19.8271
17.5857 20.0771
18.0237 20.5771
18.0237 20.5771
18.0237 20.5771
18.0237 20.5771
18.2427 20.8271
18.4616 21.0771
18.4616 21.0771
18.6806 21.3271
18.8996 21.5771
18.8996 21.5771
19.1186 21.8271
19.1186 21.8271
19.3376 22.0771
19.7755 22.5771
19.7755 22.5771
19.9945 22.8271
20.2135 23.0771
20.2135 23.0771
20.2135 23.0771
20.2135 23.0771
20.6514 23.5771
20.6514 23.5771
20.8704 23.8271
21.0894 24.0771
21.0894 24.0771
21.0894 24.0771
21.0894 24.0771
21.3084 24.3271
21.5273 24.5771
21.5273 24.5771
21.7463 24.8271
21.9653 25.0771
21.9653 25.0771
22.1843 25.3271
22.4032 25.5771
22.4032 25.5771
22.6222 25.8271
22.6222 25.8271
22.8412 26.0771
23.2792 26.5771
23.2792 26.5771
23.4981 26.8271
23.7171 27.0771
23.7171 27.0771
23.9361 27.3271
24.1551 27.5771
24.1551 27.5771
24.374 27.8271
24.374 27.8271
24.374 27.8271
24.593 28.0771
25.031 28.5771
25.031 28.5771
25.25 28.8271
25.4689 29.0771
25.4689 29.0771
25.6879 29.3271
25.9069 29.5771
25.9069 29.5771
26.1259 29.8271
26.1259 29.8271
26.3448 30.0771
26.7828 30.5771
26.7828 30.5771
27.0018 30.8271
27.2208 31.0771
27.2208 31.0771
27.2208 31.0771
27.4397 31.3271
27.6587 31.5771
27.6587 31.5771
28.0967 32.0771
28.0967 32.0771
28.0967 32.0771
28.0967 32.0771
28.3156 32.3271
28.5346 32.5771
28.5346 32.5771
28.7536 32.8271
28.9726 33.0771
28.9726 33.0771
28.9726 33.0771
28.9726 33.0771
28.9726 33.0771
29.4105 33.5771
29.8485 34.0771
29.8485 34.0771
29.8485 34.0771
30.2864 34.5771
30.5054 34.8271
30.5054 34.8271
30.7244 35.0771
30.7244 35.0771
30.7244 35.0771
30.7244 35.0771
30.9434 35.3271
31.1624 35.5771
31.6003 36.0771
31.6003 36.0771
31.6003 36.0771
31.6003 36.0771
32.0383 36.5771
32.4762 37.0771
32.4762 37.0771
32.4762 37.0771
32.4762 37.0771
32.4762 37.0771
32.9142 37.5771
32.9142 37.5771
33.3521 38.0771
33.3521 38.0771
33.3521 38.0771
33.3521 38.0771
33.7901 38.5771
34.0091 38.8271
34.0091 38.8271
34.0091 38.8271
34.228 39.0771
34.228 39.0771
34.447 39.3271
34.666 39.5771
34.666 39.5771
34.885 39.8271
35.104 40.0771
35.104 40.0771
35.104 40.0771
35.104 40.0771
35.104 40.0771
35.3229 40.3271
35.5419 40.5771
35.5419 40.5771
35.9799 41.0771
35.9799 41.0771
35.9799 41.0771
35.9799 41.0771
35.9799 41.0771
36.4178 41.5771
36.8558 42.0771
36.8558 42.0771
36.8558 42.0771
37.2937 42.5771
37.5127 42.8271
37.5127 42.8271
37.7317 43.0771
37.7317 43.0771
37.7317 43.0771
37.9507 43.3271
38.1696 43.5771
38.6076 44.0771
38.6076 44.0771
38.6076 44.0771
38.6076 44.0771
39.0456 44.5771
39.4835 45.0771
39.4835 45.0771
39.4835 45.0771
39.4835 45.0771
39.4835 45.0771
39.9215 45.5771
39.9215 45.5771
40.3594 46.0771
40.3594 46.0771
40.3594 46.0771
40.7974 46.5771
41.0164 46.8271
41.0164 46.8271
41.0164 46.8271
41.0164 46.8271
41.2353 47.0771
41.2353 47.0771
41.4543 47.3271
41.4543 47.3271
41.6733 47.5771
41.6733 47.5771
41.6733 47.5771
41.8923 47.8271
42.1112 48.0771
42.1112 48.0771
42.1112 48.0771
42.1112 48.0771
42.1112 48.0771
42.3302 48.3271
42.3302 48.3271
42.5492 48.5771
42.5492 48.5771
42.5492 48.5771
42.9872 49.0771
42.9872 49.0771
42.9872 49.0771
42.9872 49.0771
42.9872 49.0771
42.9872 49.0771
43.4251 49.5771
43.8631 50.0771
43.8631 50.0771
43.8631 50.0771
44.301 50.5771
44.52 50.8271
44.52 50.8271
44.739 51.0771
44.739 51.0771
44.958 51.3271
45.1769 51.5771
45.1769 51.5771
45.6149 52.0771
45.6149 52.0771
45.6149 52.0771
45.6149 52.0771
45.6149 52.0771
45.6149 52.0771
46.0528 52.5771
46.2718 52.8271
46.4908 53.0771
46.4908 53.0771
46.4908 53.0771
46.4908 53.0771
46.4908 53.0771
46.4908 53.0771
46.9288 53.5771
46.9288 53.5771
47.3667 54.0771
47.3667 54.0771
47.3667 54.0771
47.3667 54.0771
47.8047 54.5771
48.0236 54.8271
48.0236 54.8271
48.0236 54.8271
48.2426 55.0771
48.2426 55.0771
48.2426 55.0771
48.4616 55.3271
48.4616 55.3271
48.6806 55.5771
48.6806 55.5771
49.1185 56.0771
49.1185 56.0771
49.1185 56.0771
49.1185 56.0771
49.1185 56.0771
49.5565 56.5771
49.9944 57.0771
49.9944 57.0771
49.9944 57.0771
49.9944 57.0771
49.9944 57.0771
49.9944 57.0771
50.4324 57.5771
50.8704 58.0771
50.8704 58.0771
50.8704 58.0771
51.3083 58.5771
51.5273 58.8271
51.5273 58.8271
51.7463 59.0771
51.7463 59.0771
51.7463 59.0771
51.7463 59.0771
51.9652 59.3271
52.1842 59.5771
52.1842 59.5771
52.6222 60.0771
52.6222 60.0771
52.6222 60.0771
52.6222 60.0771
53.0601 60.5771
53.0601 60.5771
53.2791 60.8271
53.2791 60.8271
53.4981 61.0771
53.4981 61.0771
53.4981 61.0771
53.4981 61.0771
53.4981 61.0771
53.936 61.5771
53.936 61.5771
54.374 62.0771
54.374 62.0771
54.374 62.0771
54.374 62.0771
54.812 62.5771
55.0309 62.8271
55.0309 62.8271
55.0309 62.8271
55.2499 63.0771
55.2499 63.0771
55.4689 63.3271
55.4689 63.3271
55.6879 63.5771
55.6879 63.5771
55.6879 63.5771
56.1258 64.0771
56.1258 64.0771
56.1258 64.0771
56.1258 64.0771
56.1258 64.0771
56.3448 64.3271
56.5638 64.5771
56.5638 64.5771
56.7828 64.8271
57.0017 65.0771
57.0017 65.0771
57.0017 65.0771
57.0017 65.0771
57.0017 65.0771
57.0017 65.0771
57.2207 65.3271
57.2207 65.3271
57.4397 65.5771
57.4397 65.5771
57.6587 65.8271
57.6587 65.8271
57.6587 65.8271
57.8776 66.0771
58.0966 66.3271
58.3156 66.5771
58.3156 66.5771
58.5346 66.8271
58.5346 66.8271
58.7536 67.0771
58.7536 67.0771
58.7536 67.0771
58.7536 67.0771
58.7536 67.0771
58.9725 67.3271
58.9725 67.3271
59.1915 67.5771
59.1915 67.5771
59.4105 67.8271
59.4105 67.8271
59.4105 67.8271
59.4105 67.8271
59.6295 68.0771
59.6295 68.0771
59.8484 68.3271
60.0674 68.5771
60.0674 68.5771
60.2864 68.8271
60.2864 68.8271
60.5054 69.0771
60.5054 69.0771
60.5054 69.0771
60.5054 69.0771
60.7244 69.3271
60.7244 69.3271
60.9433 69.5771
60.9433 69.5771
61.1623 69.8271
61.1623 69.8271
61.1623 69.8271
61.1623 69.8271
61.3813 70.0771
61.6003 70.3271
61.8192 70.5771
61.8192 70.5771
62.0382 70.8271
62.0382 70.8271
62.2572 71.0771
62.2572 71.0771
62.2572 71.0771
62.4762 71.3271
62.4762 71.3271
62.6952 71.5771
62.6952 71.5771
62.9141 71.8271
63.1331 72.0771
63.1331 72.0771
63.1331 72.0771
63.1331 72.0771
63.1331 72.0771
63.3521 72.3271
63.3521 72.3271
63.5711 72.5771
63.79 72.8271
63.79 72.8271
64.009 73.0771
64.009 73.0771
64.009 73.0771
64.009 73.0771
64.009 73.0771
64.228 73.3271
64.228 73.3271
64.447 73.5771
64.447 73.5771
64.666 73.8271
64.666 73.8271
64.666 73.8271
64.8849 74.0771
65.1039 74.3271
65.3229 74.5771
65.3229 74.5771
65.5419 74.8271
65.5419 74.8271
65.7608 75.0771
65.7608 75.0771
65.7608 75.0771
65.7608 75.0771
65.9798 75.3271
65.9798 75.3271
66.1988 75.5771
66.1988 75.5771
66.4178 75.8271
66.4178 75.8271
66.4178 75.8271
66.4178 75.8271
66.6368 76.0771
66.6368 76.0771
66.8557 76.3271
67.0747 76.5771
67.0747 76.5771
67.0747 76.5771
67.2937 76.8271
67.2937 76.8271
67.5127 77.0771
67.5127 77.0771
67.5127 77.0771
67.5127 77.0771
67.7316 77.3271
67.9506 77.5771
68.1696 77.8271
68.1696 77.8271
68.1696 77.8271
68.8265 78.5771
68.8265 78.5771
69.0455 78.8271
69.2645 79.0771
69.2645 79.0771
69.2645 79.0771
69.4835 79.3271
69.7024 79.5771
69.7024 79.5771
70.1404 80.0771
70.1404 80.0771
70.1404 80.0771
70.1404 80.0771
70.1404 80.0771
70.3594 80.3271
70.3594 80.3271
70.5784 80.5771
70.5784 80.5771
70.5784 80.5771
70.7973 80.8271
70.7973 80.8271
71.0163 81.0771
71.0163 81.0771
71.0163 81.0771
71.0163 81.0771
71.0163 81.0771
71.0163 81.0771
71.2353 81.3271
71.4543 81.5771
71.4543 81.5771
71.6732 81.8271
71.6732 81.8271
71.8922 82.0771
72.3302 82.5771
72.3302 82.5771
72.3302 82.5771
72.5492 82.8271
72.7681 83.0771
72.7681 83.0771
72.7681 83.0771
72.7681 83.0771
72.9871 83.3271
73.2061 83.5771
73.2061 83.5771
73.4251 83.8271
73.4251 83.8271
73.4251 83.8271
73.644 84.0771
73.644 84.0771
73.644 84.0771
73.644 84.0771
74.082 84.5771
74.082 84.5771
74.082 84.5771
74.301 84.8271
74.52 85.0771
74.52 85.0771
74.52 85.0771
74.52 85.0771
74.7389 85.3271
74.9579 85.5771
75.1769 85.8271
75.1769 85.8271
75.1769 85.8271
75.8338 86.5771
75.8338 86.5771
76.0528 86.8271
76.2718 87.0771
76.2718 87.0771
76.2718 87.0771
76.2718 87.0771
76.2718 87.0771
76.4908 87.3271
76.4908 87.3271
76.7097 87.5771
76.7097 87.5771
76.9287 87.8271
77.1477 88.0771
77.1477 88.0771
77.1477 88.0771
77.1477 88.0771
77.1477 88.0771
77.3667 88.3271
77.5856 88.5771
77.5856 88.5771
77.8046 88.8271
78.0236 89.0771
78.0236 89.0771
78.0236 89.0771
78.0236 89.0771
78.0236 89.0771
78.0236 89.0771
78.2426 89.3271
78.4616 89.5771
78.4616 89.5771
78.6805 89.8271
78.6805 89.8271
78.8995 90.0771
79.3375 90.5771
79.3375 90.5771
79.3375 90.5771
79.5564 90.8271
79.7754 91.0771
79.7754 91.0771
79.7754 91.0771
79.7754 91.0771
79.7754 91.0771
79.7754 91.0771
79.9944 91.3271
80.2134 91.5771
80.2134 91.5771
80.4324 91.8271
80.4324 91.8271
80.4324 91.8271
80.6513 92.0771
80.6513 92.0771
81.0893 92.5771
81.0893 92.5771
81.0893 92.5771
81.0893 92.5771
81.3083 92.8271
81.3083 92.8271
81.5272 93.0771
81.5272 93.0771
81.5272 93.0771
81.5272 93.0771
81.7462 93.3271
81.9652 93.5771
82.1842 93.8271
82.1842 93.8271
82.8411 94.5771
82.8411 94.5771
82.8411 94.5771
83.0601 94.8271
83.0601 94.8271
83.2791 95.0771
83.2791 95.0771
83.2791 95.0771
83.498 95.3271
83.717 95.5771
83.936 95.8271
83.936 95.8271
84.1547 96.0771
84.1547 96.0771
84.3727 96.3271
84.3727 96.3271
84.5907 96.5771
84.5907 96.5771
84.8087 96.8271
85.0268 97.0771
85.0268 97.0771
85.0268 97.0771
85.0268 97.0771
85.0268 97.0771
85.2448 97.3271
85.4628 97.5771
85.4628 97.5771
85.4628 97.5771
85.6808 97.8271
85.6808 97.8271
85.8989 98.0771
85.8989 98.0771
86.3349 98.5771
86.3349 98.5771
86.3349 98.5771
86.3349 98.5771
86.5529 98.8271
86.771 99.0771
86.989 99.3271
87.207 99.5771
87.207 99.5771
87.207 99.5771
87.425 99.8271
87.425 99.8271
87.643 100.077
87.643 100.077
87.8611 100.327
88.0791 100.577
88.0791 100.577
88.0791 100.577
88.2971 100.827
88.5151 101.077
88.5151 101.077
88.5151 101.077
88.7332 101.327
88.9512 101.577
88.9512 101.577
88.9512 101.577
89.1692 101.827
89.1692 101.827
89.1692 101.827
89.3872 102.077
89.3872 102.077
89.8233 102.577
89.8233 102.577
89.8233 102.577
89.8233 102.577
89.8233 102.577
90.0413 102.827
90.2593 103.077
90.4773 103.327
90.6954 103.577
90.6954 103.577
90.6954 103.577
90.9134 103.827
90.9134 103.827
90.9134 103.827
91.1314 104.077
91.1314 104.077
91.5675 104.577
91.5675 104.577
91.5675 104.577
92.0035 105.077
92.0035 105.077
92.0035 105.077
92.0035 105.077
92.2215 105.327
92.4396 105.577
92.4396 105.577
92.4396 105.577
92.6576 105.827
92.6576 105.827
92.876 106.077
92.876 106.077
92.876 106.077
93.314 106.577
93.314 106.577
93.314 106.577
93.314 106.577
93.533 106.827
93.752 107.077
93.752 107.077
93.752 107.077
93.9709 107.327
94.1899 107.577
94.1899 107.577
94.1899 107.577
94.4089 107.827
94.4089 107.827
94.6279 108.077
94.6279 108.077
95.0658 108.577
95.0658 108.577
95.0658 108.577
95.2848 108.827
95.5038 109.077
95.5038 109.077
95.5038 109.077
95.5038 109.077
95.7228 109.327
95.9417 109.577
95.9417 109.577
95.9417 109.577
96.1607 109.827
96.1607 109.827
96.3797 110.077
96.3797 110.077
96.5987 110.327
96.5987 110.327
96.8176 110.577
96.8176 110.577
97.0366 110.827
97.2556 111.077
97.2556 111.077
97.2556 111.077
97.4746 111.327
97.6936 111.577
97.6936 111.577
97.9125 111.827
97.9125 111.827
98.1315 112.077
98.3505 112.327
98.5695 112.577
99.0074 113.077
99.0074 113.077
99.0074 113.077
99.0074 113.077
99.0074 113.077
99.4454 113.577
99.4454 113.577
99.4454 113.577
99.6644 113.827
99.6644 113.827
99.6644 113.827
99.8833 114.077
99.8833 114.077
100.321 114.577
100.321 114.577
100.321 114.577
100.54 114.827
100.759 115.077
100.759 115.077
100.759 115.077
100.978 115.327
101.197 115.577
101.197 115.577
101.197 115.577
101.416 115.827
101.416 115.827
101.416 115.827
101.416 115.827
101.635 116.077
101.635 116.077
101.635 116.077
101.854 116.327
102.073 116.577
102.073 116.577
102.073 116.577
102.073 116.577
102.292 116.827
102.511 117.077
102.511 117.077
102.511 117.077
102.511 117.077
102.73 117.327
102.949 117.577
102.949 117.577
102.949 117.577
103.168 117.827
103.168 117.827
103.387 118.077
103.387 118.077
103.825 118.577
103.825 118.577
104.044 118.827
104.263 119.077
104.263 119.077
104.263 119.077
104.263 119.077
104.482 119.327
104.701 119.577
104.701 119.577
104.92 119.827
104.92 119.827
105.139 120.077
105.577 120.577
105.577 120.577
105.577 120.577
105.796 120.827
105.796 120.827
106.015 121.077
106.015 121.077
106.015 121.077
106.015 121.077
106.234 121.327
106.453 121.577
106.453 121.577
106.453 121.577
106.672 121.827
106.891 122.077
106.891 122.077
107.11 122.327
107.329 122.577
107.329 122.577
107.548 122.827
107.767 123.077
107.767 123.077
107.767 123.077
107.986 123.327
108.204 123.577
108.204 123.577
108.204 123.577
108.423 123.827
108.423 123.827
108.642 124.077
108.642 124.077
108.642 124.077
109.08 124.577
109.08 124.577
109.08 124.577
109.08 124.577
109.08 124.577
109.299 124.827
109.518 125.077
109.518 125.077
109.518 125.077
109.518 125.077
109.518 125.077
109.956 125.577
109.956 125.577
109.956 125.577
110.175 125.827
110.394 126.077
110.394 126.077
110.613 126.327
110.613 126.327
110.832 126.577
110.832 126.577
110.832 126.577
111.051 126.827
111.27 127.077
111.27 127.077
111.27 127.077
111.27 127.077
111.27 127.077
111.489 127.327
111.708 127.577
111.708 127.577
111.927 127.827
111.927 127.827
111.927 127.827
112.146 128.077
112.146 128.077
112.146 128.077
112.365 128.327
112.365 128.327
112.365 128.327
112.365 128.327
112.584 128.577
112.584 128.577
112.803 128.827
113.022 129.077
113.022 129.077
113.022 129.077
113.022 129.077
113.022 129.077
113.241 129.327
113.46 129.577
113.46 129.577
113.46 129.577
113.679 129.827
113.679 129.827
113.898 130.077
113.898 130.077
114.336 130.577
114.336 130.577
114.336 130.577
114.336 130.577
114.555 130.827
114.774 131.077
114.993 131.327
115.212 131.577
115.212 131.577
115.212 131.577
115.431 131.827
115.431 131.827
115.65 132.077
115.65 132.077
115.869 132.327
116.088 132.577
116.088 132.577
116.088 132.577
116.307 132.827
116.526 133.077
116.526 133.077
116.526 133.077
116.745 133.327
116.964 133.577
116.964 133.577
116.964 133.577
117.183 133.827
117.183 133.827
117.183 133.827
117.402 134.077
117.402 134.077
117.84 134.577
117.84 134.577
117.84 134.577
117.84 134.577
117.84 134.577
118.058 134.827
118.277 135.077
118.496 135.327
118.715 135.577
118.715 135.577
118.715 135.577
118.934 135.827
118.934 135.827
118.934 135.827
119.153 136.077
119.153 136.077
119.591 136.577
119.591 136.577
119.591 136.577
120.029 137.077
120.029 137.077
120.029 137.077
120.029 137.077
120.248 137.327
120.467 137.577
120.467 137.577
120.467 137.577
120.686 137.827
120.686 137.827
120.686 137.827
120.905 138.077
120.905 138.077
121.343 138.577
121.343 138.577
121.343 138.577
121.343 138.577
121.562 138.827
121.781 139.077
121.781 139.077
121.781 139.077
122 139.327
122.219 139.577
122.219 139.577
122.219 139.577
122.438 139.827
122.438 139.827
122.657 140.077
122.657 140.077
123.095 140.577
123.095 140.577
123.095 140.577
123.314 140.827
123.533 141.077
123.533 141.077
123.533 141.077
123.533 141.077
123.752 141.327
123.971 141.577
123.971 141.577
123.971 141.577
124.19 141.827
124.19 141.827
124.409 142.077
124.409 142.077
124.628 142.327
124.628 142.327
124.847 142.577
124.847 142.577
125.066 142.827
125.285 143.077
125.285 143.077
125.285 143.077
125.504 143.327
125.723 143.577
125.723 143.577
125.942 143.827
125.942 143.827
126.161 144.077
126.38 144.327
126.599 144.577
127.037 145.077
127.037 145.077
127.037 145.077
127.037 145.077
127.037 145.077
127.475 145.577
127.475 145.577
127.475 145.577
127.694 145.827
127.694 145.827
127.694 145.827
127.912 146.077
127.912 146.077
128.35 146.577
128.35 146.577
128.35 146.577
128.569 146.827
128.788 147.077
128.788 147.077
128.788 147.077
129.007 147.327
129.226 147.577
129.226 147.577
129.226 147.577
129.445 147.827
129.445 147.827
129.445 147.827
129.445 147.827
129.664 148.077
129.664 148.077
129.664 148.077
129.883 148.327
130.102 148.577
130.102 148.577
130.102 148.577
130.102 148.577
130.321 148.827
130.54 149.077
130.54 149.077
130.54 149.077
130.54 149.077
130.759 149.327
130.978 149.577
130.978 149.577
130.978 149.577
131.197 149.827
131.197 149.827
131.416 150.077
131.416 150.077
131.854 150.577
131.854 150.577
132.073 150.827
132.292 151.077
132.292 151.077
132.292 151.077
132.292 151.077
132.511 151.327
132.73 151.577
132.73 151.577
132.949 151.827
132.949 151.827
133.168 152.077
133.606 152.577
133.606 152.577
133.606 152.577
133.825 152.827
133.825 152.827
134.044 153.077
134.044 153.077
134.044 153.077
134.044 153.077
134.263 153.327
134.482 153.577
134.482 153.577
134.482 153.577
134.701 153.827
134.92 154.077
134.92 154.077
135.139 154.327
135.358 154.577
135.358 154.577
135.577 154.827
135.796 155.077
135.796 155.077
135.796 155.077
136.015 155.327
136.234 155.577
136.234 155.577
136.234 155.577
136.453 155.827
136.453 155.827
136.672 156.077
136.672 156.077
136.672 156.077
137.11 156.577
137.11 156.577
137.11 156.577
137.11 156.577
137.11 156.577
137.329 156.827
137.548 157.077
137.548 157.077
137.548 157.077
137.548 157.077
137.548 157.077
137.985 157.577
137.985 157.577
137.985 157.577
138.204 157.827
138.423 158.077
138.423 158.077
138.642 158.327
138.642 158.327
138.861 158.577
138.861 158.577
138.861 158.577
139.08 158.827
139.299 159.077
139.299 159.077
139.299 159.077
139.299 159.077
139.518 159.327
139.737 159.577
139.737 159.577
139.956 159.827
139.956 159.827
139.956 159.827
139.956 159.827
140.175 160.077
140.175 160.077
140.175 160.077
140.394 160.327
140.394 160.327
140.394 160.327
140.394 160.327
140.613 160.577
140.613 160.577
140.613 160.577
140.832 160.827
141.051 161.077
141.051 161.077
141.051 161.077
141.051 161.077
141.27 161.327
141.489 161.577
141.489 161.577
141.708 161.827
141.708 161.827
141.927 162.077
142.365 162.577
142.365 162.577
142.365 162.577
142.584 162.827
142.803 163.077
142.803 163.077
142.803 163.077
143.022 163.327
143.241 163.577
143.241 163.577
143.46 163.827
143.46 163.827
143.679 164.077
143.898 164.327
144.117 164.577
144.117 164.577
144.555 165.077
144.555 165.077
144.555 165.077
144.774 165.327
144.993 165.577
144.993 165.577
145.212 165.827
145.431 166.077
145.65 166.327
145.869 166.577
145.869 166.577
146.088 166.827
146.088 166.827
146.307 167.077
146.307 167.077
146.526 167.327
146.745 167.577
146.745 167.577
146.964 167.827
146.964 167.827
147.183 168.077
147.402 168.327
147.402 168.327
147.62 168.577
148.058 169.077
148.058 169.077
148.058 169.077
148.058 169.077
148.277 169.327
148.496 169.577
148.496 169.577
148.715 169.827
148.715 169.827
148.715 169.827
148.934 170.077
149.152 170.327
149.152 170.327
149.152 170.327
149.371 170.577
149.807 171.077
149.807 171.077
149.807 171.077
149.807 171.077
149.807 171.077
150.026 171.327
150.244 171.577
150.244 171.577
150.462 171.827
150.462 171.827
150.462 171.827
150.681 172.077
150.681 172.077
150.899 172.327
150.899 172.327
150.899 172.327
151.117 172.577
151.554 173.077
151.554 173.077
151.554 173.077
151.554 173.077
151.773 173.327
151.991 173.577
151.991 173.577
152.209 173.827
152.209 173.827
152.428 174.077
152.646 174.327
152.646 174.327
152.646 174.327
152.864 174.577
153.301 175.077
153.301 175.077
153.301 175.077
153.301 175.077
153.519 175.327
153.738 175.577
153.738 175.577
153.956 175.827
153.956 175.827
153.956 175.827
154.174 176.077
154.393 176.327
154.611 176.577
154.611 176.577
154.829 176.827
155.048 177.077
155.048 177.077
155.048 177.077
155.048 177.077
155.048 177.077
155.048 177.077
155.266 177.327
155.266 177.327
155.484 177.577
155.484 177.577
155.703 177.827
155.703 177.827
155.703 177.827
155.921 178.077
156.139 178.327
156.358 178.577
156.358 178.577
156.576 178.827
156.576 178.827
156.794 179.077
156.794 179.077
156.794 179.077
156.794 179.077
156.794 179.077
157.013 179.327
157.013 179.327
157.231 179.577
157.231 179.577
157.449 179.827
157.449 179.827
157.449 179.827
157.449 179.827
157.668 180.077
157.668 180.077
157.886 180.327
158.104 180.577
158.104 180.577
158.323 180.827
158.323 180.827
158.541 181.077
158.541 181.077
158.541 181.077
158.541 181.077
158.759 181.327
158.759 181.327
158.978 181.577
158.978 181.577
159.196 181.827
159.196 181.827
159.196 181.827
159.196 181.827
159.414 182.077
159.633 182.327
159.851 182.577
159.851 182.577
160.069 182.827
160.069 182.827
160.288 183.077
160.288 183.077
160.288 183.077
160.506 183.327
160.506 183.327
160.724 183.577
160.724 183.577
160.943 183.827
161.161 184.077
161.161 184.077
161.161 184.077
161.161 184.077
161.161 184.077
161.38 184.327
161.38 184.327
161.598 184.577
161.816 184.827
161.816 184.827
162.035 185.077
162.035 185.077
162.035 185.077
162.035 185.077
162.035 185.077
162.253 185.327
162.253 185.327
162.471 185.577
162.471 185.577
162.69 185.827
162.69 185.827
162.69 185.827
162.908 186.077
163.126 186.327
163.345 186.577
163.345 186.577
163.563 186.827
163.563 186.827
163.781 187.077
163.781 187.077
163.781 187.077
163.781 187.077
164 187.327
164 187.327
164.218 187.577
164.218 187.577
164.436 187.827
164.436 187.827
164.436 187.827
164.436 187.827
164.655 188.077
164.655 188.077
164.873 188.327
165.091 188.577
165.091 188.577
165.091 188.577
165.31 188.827
165.31 188.827
165.53 189.077
165.53 189.077
165.53 189.077
165.53 189.077
165.749 189.327
165.969 189.577
166.188 189.827
166.188 189.827
166.188 189.827
166.847 190.577
166.847 190.577
167.067 190.827
167.287 191.077
167.287 191.077
167.287 191.077
167.506 191.327
167.726 191.577
167.726 191.577
168.165 192.077
168.165 192.077
168.165 192.077
168.165 192.077
168.165 192.077
168.385 192.327
168.385 192.327
168.604 192.577
168.604 192.577
168.604 192.577
168.824 192.827
168.824 192.827
169.043 193.077
169.043 193.077
169.043 193.077
169.043 193.077
169.043 193.077
169.043 193.077
169.263 193.327
169.483 193.577
169.483 193.577
169.702 193.827
169.702 193.827
169.922 194.077
170.361 194.577
170.361 194.577
170.361 194.577
170.581 194.827
170.8 195.077
170.8 195.077
170.8 195.077
170.8 195.077
171.02 195.327
171.24 195.577
171.24 195.577
171.459 195.827
171.459 195.827
171.459 195.827
171.679 196.077
171.679 196.077
171.679 196.077
171.679 196.077
172.118 196.577
172.118 196.577
172.118 196.577
172.338 196.827
172.557 197.077
172.557 197.077
172.557 197.077
172.557 197.077
172.777 197.327
172.997 197.577
173.216 197.827
173.216 197.827
173.216 197.827
173.875 198.577
173.875 198.577
174.095 198.827
174.314 199.077
174.314 199.077
174.314 199.077
174.314 199.077
174.534 199.327
174.754 199.577
174.754 199.577
175.193 200.077
175.193 200.077
175.193 200.077
175.193 200.077
175.193 200.077
175.412 200.327
175.632 200.577
175.632 200.577
175.852 200.827
176.071 201.077
176.071 201.077
176.071 201.077
176.071 201.077
176.071 201.077
176.071 201.077
176.291 201.327
176.511 201.577
176.511 201.577
176.73 201.827
176.73 201.827
176.95 202.077
177.389 202.577
177.389 202.577
177.389 202.577
177.609 202.827
177.828 203.077
177.828 203.077
177.828 203.077
177.828 203.077
177.828 203.077
177.828 203.077
178.048 203.327
178.267 203.577
178.267 203.577
178.487 203.827
178.487 203.827
178.487 203.827
178.707 204.077
178.707 204.077
179.146 204.577
179.146 204.577
179.146 204.577
179.146 204.577
179.366 204.827
179.366 204.827
179.585 205.077
179.585 205.077
179.585 205.077
179.585 205.077
179.805 205.327
180.024 205.577
180.244 205.827
180.244 205.827
180.901 206.577
180.901 206.577
180.901 206.577
181.12 206.827
181.12 206.827
181.339 207.077
181.339 207.077
181.339 207.077
181.558 207.327
181.777 207.577
181.996 207.827
181.996 207.827
182.215 208.077
182.215 208.077
182.434 208.327
182.434 208.327
182.652 208.577
182.652 208.577
182.871 208.827
183.09 209.077
183.09 209.077
183.09 209.077
183.09 209.077
183.09 209.077
183.308 209.327
183.527 209.577
183.527 209.577
183.527 209.577
183.746 209.827
183.746 209.827
183.964 210.077
183.964 210.077
184.402 210.577
184.402 210.577
184.402 210.577
184.402 210.577
184.62 210.827
184.839 211.077
185.058 211.327
185.276 211.577
185.276 211.577
185.276 211.577
185.495 211.827
185.495 211.827
185.714 212.077
185.714 212.077
185.932 212.327
186.151 212.577
186.151 212.577
186.151 212.577
186.37 212.827
186.588 213.077
186.588 213.077
186.588 213.077
186.807 213.327
187.026 213.577
187.026 213.577
187.026 213.577
187.244 213.827
187.244 213.827
187.244 213.827
187.463 214.077
187.463 214.077
187.9 214.577
187.9 214.577
187.9 214.577
187.9 214.577
187.9 214.577
188.119 214.827
188.338 215.077
188.556 215.327
188.775 215.577
188.775 215.577
188.775 215.577
188.994 215.827
188.994 215.827
188.994 215.827
189.212 216.077
189.212 216.077
189.65 216.577
189.65 216.577
189.65 216.577
190.087 217.077
190.087 217.077
190.087 217.077
190.087 217.077
190.306 217.327
190.524 217.577
190.524 217.577
190.524 217.577
190.743 217.827
190.743 217.827
190.743 217.827
190.962 218.077
190.962 218.077
191.399 218.577
191.399 218.577
191.399 218.577
191.399 218.577
191.617 218.827
191.836 219.077
191.836 219.077
191.836 219.077
192.055 219.327
192.273 219.577
192.273 219.577
192.273 219.577
192.492 219.827
192.492 219.827
192.711 220.077
192.711 220.077
193.148 220.577
193.148 220.577
193.148 220.577
193.367 220.827
193.585 221.077
193.585 221.077
193.585 221.077
193.585 221.077
193.804 221.327
194.023 221.577
194.023 221.577
194.023 221.577
194.241 221.827
194.241 221.827
194.46 222.077
194.46 222.077
194.679 222.327
194.679 222.327
194.897 222.577
194.897 222.577
195.116 222.827
195.335 223.077
195.335 223.077
195.335 223.077
195.553 223.327
195.772 223.577
195.772 223.577
195.991 223.827
195.991 223.827
196.209 224.077
196.428 224.327
196.647 224.577
197.084 225.077
197.084 225.077
197.084 225.077
197.084 225.077
197.084 225.077
197.521 225.577
197.521 225.577
197.521 225.577
197.74 225.827
197.74 225.827
197.74 225.827
197.959 226.077
197.959 226.077
198.396 226.577
198.396 226.577
198.396 226.577
198.615 226.827
198.833 227.077
198.833 227.077
198.833 227.077
199.052 227.327
199.271 227.577
199.271 227.577
199.271 227.577
199.489 227.827
199.489 227.827
199.489 227.827
199.489 227.827
199.708 228.077
199.708 228.077
199.708 228.077
199.927 228.327
200.145 228.577
200.145 228.577
200.145 228.577
200.145 228.577
200.364 228.827
200.583 229.077
200.583 229.077
200.583 229.077
200.583 229.077
200.801 229.327
201.02 229.577
201.02 229.577
201.02 229.577
201.238 229.827
201.238 229.827
201.457 230.077
201.457 230.077
201.894 230.577
201.894 230.577
202.113 230.827
202.332 231.077
202.332 231.077
202.332 231.077
202.332 231.077
202.55 231.327
202.769 231.577
202.769 231.577
202.988 231.827
202.988 231.827
203.206 232.077
203.644 232.577
203.644 232.577
203.644 232.577
203.862 232.827
203.862 232.827
204.081 233.077
204.081 233.077
204.081 233.077
204.081 233.077
204.3 233.327
204.518 233.577
204.518 233.577
204.518 233.577
204.737 233.827
204.956 234.077
204.956 234.077
205.174 234.327
205.393 234.577
205.393 234.577
205.612 234.827
205.83 235.077
205.83 235.077
205.83 235.077
206.049 235.327
206.268 235.577
206.268 235.577
206.268 235.577
206.486 235.827
206.486 235.827
206.705 236.077
206.705 236.077
206.705 236.077
207.142 236.577
207.142 236.577
207.142 236.577
207.142 236.577
207.142 236.577
207.361 236.827
207.58 237.077
207.58 237.077
207.58 237.077
207.58 237.077
207.58 237.077
208.017 237.577
208.017 237.577
208.017 237.577
208.236 237.827
208.454 238.077
208.454 238.077
208.673 238.327
208.673 238.327
208.892 238.577
208.892 238.577
208.892 238.577
209.11 238.827
209.329 239.077
209.329 239.077
209.329 239.077
209.329 239.077
209.329 239.077
209.548 239.327
209.766 239.577
209.766 239.577
209.985 239.827
209.985 239.827
209.985 239.827
210.203 240.077
210.203 240.077
210.203 240.077
210.422 240.327
210.422 240.327
210.422 240.327
210.422 240.327
210.641 240.577
210.641 240.577
210.859 240.827
211.078 241.077
211.078 241.077
211.078 241.077
211.078 241.077
211.078 241.077
211.297 241.327
211.515 241.577
211.515 241.577
211.515 241.577
211.734 241.827
211.734 241.827
211.953 242.077
211.953 242.077
212.39 242.577
212.39 242.577
212.39 242.577
212.39 242.577
212.609 242.827
212.827 243.077
213.046 243.327
213.265 243.577
213.265 243.577
213.265 243.577
213.483 243.827
213.483 243.827
213.702 244.077
213.702 244.077
213.921 244.327
214.139 244.577
214.139 244.577
214.139 244.577
214.358 244.827
214.577 245.077
214.577 245.077
214.577 245.077
214.795 245.327
215.014 245.577
215.014 245.577
215.014 245.577
215.233 245.827
215.233 245.827
215.233 245.827
215.451 246.077
215.451 246.077
215.889 246.577
215.889 246.577
215.889 246.577
215.889 246.577
215.889 246.577
216.107 246.827
216.326 247.077
216.545 247.327
216.763 247.577
216.763 247.577
216.763 247.577
216.982 247.827
216.982 247.827
216.982 247.827
217.201 248.077
217.201 248.077
217.638 248.577
217.638 248.577
217.638 248.577
218.075 249.077
218.075 249.077
218.075 249.077
218.075 249.077
218.294 249.327
218.513 249.577
218.513 249.577
218.513 249.577
218.731 249.827
218.731 249.827
218.731 249.827
218.95 250.077
218.95 250.077
219.387 250.577
219.387 250.577
219.387 250.577
219.387 250.577
219.606 250.827
219.824 251.077
219.824 251.077
219.824 251.077
220.043 251.327
220.262 251.577
220.262 251.577
220.262 251.577
220.48 251.827
220.48 251.827
220.699 252.077
220.699 252.077
221.136 252.577
221.136 252.577
221.136 252.577
221.355 252.827
221.574 253.077
221.574 253.077
221.574 253.077
221.574 253.077
221.792 253.327
222.011 253.577
222.011 253.577
222.011 253.577
222.23 253.827
222.23 253.827
222.448 254.077
222.448 254.077
222.667 254.327
222.667 254.327
222.886 254.577
222.886 254.577
223.104 254.827
223.323 255.077
223.323 255.077
223.323 255.077
223.542 255.327
223.76 255.577
223.76 255.577
223.979 255.827
223.979 255.827
224.198 256.077
224.416 256.327
224.635 256.577
225.072 257.077
225.072 257.077
225.072 257.077
225.072 257.077
225.072 257.077
225.51 257.577
225.51 257.577
225.51 257.577
225.728 257.827
225.728 257.827
225.728 257.827
225.947 258.077
225.947 258.077
226.384 258.577
226.384 258.577
226.384 258.577
226.603 258.827
226.822 259.077
226.822 259.077
226.822 259.077
227.04 259.327
227.259 259.577
227.259 259.577
227.259 259.577
227.478 259.827
227.478 259.827
227.478 259.827
227.478 259.827
227.696 260.077
227.696 260.077
227.696 260.077
227.915 260.327
228.134 260.577
228.134 260.577
228.134 260.577
228.134 260.577
228.352 260.827
228.571 261.077
228.571 261.077
228.571 261.077
228.571 261.077
228.789 261.327
229.008 261.577
229.008 261.577
229.008 261.577
229.227 261.827
229.227 261.827
229.445 262.077
229.445 262.077
229.883 262.577
229.883 262.577
230.101 262.827
230.32 263.077
230.32 263.077
230.32 263.077
230.32 263.077
230.539 263.327
230.757 263.577
230.757 263.577
230.976 263.827
230.976 263.827
231.195 264.077
231.632 264.577
231.632 264.577
231.632 264.577
231.851 264.827
231.851 264.827
232.069 265.077
232.069 265.077
232.069 265.077
232.069 265.077
232.288 265.327
232.507 265.577
232.507 265.577
232.507 265.577
232.726 265.827
232.945 266.077
232.945 266.077
233.165 266.327
233.384 266.577
233.384 266.577
233.603 266.827
233.822 267.077
233.822 267.077
233.822 267.077
234.042 267.327
234.261 267.577
234.261 267.577
234.261 267.577
234.48 267.827
234.48 267.827
234.7 268.077
234.7 268.077
234.7 268.077
235.138 268.577
235.138 268.577
235.138 268.577
235.138 268.577
235.138 268.577
235.358 268.827
235.577 269.077
235.577 269.077
235.577 269.077
235.577 269.077
235.577 269.077
236.015 269.577
236.015 269.577
236.015 269.577
236.235 269.827
236.454 270.077
236.454 270.077
236.673 270.327
236.673 270.327
236.893 270.577
236.893 270.577
236.893 270.577
237.112 270.827
237.331 271.077
237.331 271.077
237.331 271.077
237.331 271.077
237.551 271.327
237.77 271.577
237.77 271.577
237.989 271.827
237.989 271.827
237.989 271.827
237.989 271.827
238.208 272.077
238.208 272.077
238.208 272.077
238.428 272.327
238.428 272.327
238.428 272.327
238.428 272.327
238.647 272.577
238.647 272.577
238.647 272.577
238.866 272.827
239.086 273.077
239.086 273.077
239.086 273.077
239.086 273.077
239.305 273.327
239.524 273.577
239.524 273.577
239.744 273.827
239.744 273.827
239.963 274.077
240.401 274.577
240.401 274.577
240.401 274.577
240.621 274.827
240.84 275.077
240.84 275.077
240.84 275.077
241.059 275.327
241.279 275.577
241.279 275.577
241.498 275.827
241.498 275.827
241.717 276.077
241.937 276.327
242.156 276.577
242.156 276.577
242.594 277.077
242.594 277.077
242.594 277.077
242.814 277.327
243.033 277.577
243.033 277.577
243.252 277.827
243.472 278.077
243.691 278.327
243.91 278.577
243.91 278.577
244.13 278.827
244.13 278.827
244.349 279.077
244.349 279.077
244.568 279.327
244.787 279.577
244.787 279.577
245.007 279.827
245.007 279.827
245.226 280.077
245.445 280.327
245.445 280.327
245.665 280.577
246.103 281.077
246.103 281.077
246.103 281.077
246.103 281.077
246.322 281.327
246.542 281.577
246.542 281.577
246.761 281.827
246.761 281.827
246.761 281.827
246.98 282.077
247.2 282.327
247.2 282.327
247.2 282.327
247.419 282.577
247.858 283.077
247.858 283.077
247.858 283.077
247.858 283.077
247.858 283.077
248.077 283.327
248.296 283.577
248.296 283.577
248.515 283.827
248.515 283.827
248.515 283.827
248.735 284.077
248.735 284.077
248.954 284.327
248.954 284.327
248.954 284.327
249.173 284.577
249.612 285.077
249.612 285.077
249.612 285.077
249.612 285.077
249.831 285.327
250.051 285.577
250.051 285.577
250.27 285.827
250.27 285.827
250.489 286.077
250.708 286.327
250.708 286.327
250.708 286.327
250.928 286.577
251.366 287.077
251.366 287.077
251.366 287.077
251.366 287.077
251.586 287.327
251.805 287.577
251.805 287.577
252.024 287.827
252.024 287.827
252.024 287.827
252.244 288.077
252.463 288.327
252.682 288.577
252.682 288.577
253.121 289.077
253.121 289.077
253.121 289.077
253.121 289.077
253.34 289.327
253.559 289.577
253.559 289.577
253.779 289.827
253.779 289.827
253.998 290.077
254.437 290.577
254.437 290.577
254.437 290.577
254.656 290.827
254.875 291.077
254.875 291.077
254.875 291.077
255.094 291.327
255.314 291.577
255.314 291.577
255.533 291.827
255.533 291.827
255.752 292.077
255.972 292.327
256.191 292.577
256.191 292.577
256.63 293.077
256.63 293.077
256.63 293.077
256.849 293.327
257.068 293.577
257.068 293.577
257.287 293.827
257.507 294.077
257.726 294.327
257.945 294.577
257.945 294.577
258.165 294.827
258.165 294.827
258.384 295.077
258.384 295.077
258.603 295.327
258.822 295.577
258.822 295.577
259.042 295.827
259.042 295.827
259.261 296.077
259.48 296.327
259.48 296.327
259.7 296.577
260.138 297.077
260.138 297.077
260.138 297.077
260.138 297.077
260.358 297.327
260.577 297.577
260.577 297.577
260.796 297.827
260.796 297.827
260.796 297.827
261.015 298.077
261.235 298.327
261.235 298.327
261.235 298.327
261.454 298.577
261.893 299.077
261.893 299.077
261.893 299.077
261.893 299.077
261.893 299.077
262.112 299.327
262.331 299.577
262.331 299.577
262.551 299.827
262.551 299.827
262.551 299.827
262.77 300.077
262.77 300.077
262.989 300.327
262.989 300.327
262.989 300.327
263.208 300.577
263.647 301.077
263.647 301.077
263.647 301.077
263.647 301.077
263.866 301.327
264.086 301.577
264.086 301.577
264.305 301.827
264.305 301.827
264.524 302.077
264.744 302.327
264.744 302.327
264.744 302.327
264.963 302.577
265.401 303.077
265.401 303.077
265.401 303.077
265.401 303.077
265.621 303.327
265.84 303.577
265.84 303.577
266.059 303.827
266.059 303.827
266.059 303.827
266.279 304.077
266.498 304.327
266.717 304.577
266.717 304.577
