2.29985 2.5375
2.3716 2.61667
2.39237 2.63958
2.42825 2.67917
2.43202 2.68333
2.83799 3.13125
2.89275 3.19167
3.31948 3.6625
3.31948 3.6625
3.31948 3.6625
3.33081 3.675
3.79909 4.19167
4.06911 4.48958
4.19373 4.62708
4.21828 4.65417
4.22961 4.66667
4.2466 4.68542
4.69222 5.17708
5.10385 5.63125
5.13784 5.66875
5.14728 5.67917
5.15483 5.6875
5.57213 6.14792
5.57402 6.15
6.01397 6.63542
6.01586 6.6375
6.01963 6.64167
6.0253 6.64792
6.43504 7.1
6.47847 7.14792
6.91465 7.62917
6.9222 7.6375
6.92598 7.64167
6.92976 7.64583
7.35083 8.11042
7.37537 8.1375
7.83232 8.64167
7.8361 8.64583
7.8361 8.64583
7.83799 8.64792
8.34781 9.21042
8.76133 9.66667
8.76321 9.66875
8.76321 9.66875
9.1824 10.1312
9.6941 10.6958
9.70166 10.7042
11.9071 13.1375
12.1224 13.375
12.2356 13.5
12.2904 13.5604
12.3508 13.6271
12.3527 13.6292
12.381 13.6604
12.5793 13.8792
12.7946 14.1167
13.0325 14.3792
13.1307 14.4875
13.21 14.575
13.2628 14.6333
13.2874 14.6604
13.2893 14.6625
14.6544 16.1687
14.8791 16.4167
14.9585 16.5042
14.9962 16.5458
15.0264 16.5792
15.0887 16.6479
15.1227 16.6854
15.1737 16.7417
15.3323 16.9167
15.5476 17.1542
15.7779 17.4083
15.9838 17.6354
16.1915 17.8646
16.4369 18.1354
16.639 18.3583
16.7674 18.5
16.8108 18.5479
16.8467 18.5875
16.858 18.6
16.8618 18.6042
16.8901 18.6354
17.3546 19.1479
17.8153 19.6562
18.7349 20.6708
18.7443 20.6812
18.7462 20.6833
19.2107 21.1958
19.6601 21.6917
20.0963 22.1729
20.4645 22.5792
20.5023 22.6208
20.5193 22.6396
20.5476 22.6708
20.6174 22.7479
21.5143 23.7375
21.5294 23.7542
21.5313 23.7562
22.4806 24.8146
22.4974 24.8333
24.0385 26.5604
24.0626 26.5875
24.1054 26.6354
24.1463 26.6812
24.5251 27.1042
25.0198 27.65
25.035 27.6667
25.035 27.6667
25.4409 28.1146
25.879 28.5979
25.8865 28.6062
25.8884 28.6083
26.3397 29.1062
26.825 29.6417
26.8269 29.6438
27.2819 30.1458
27.6426 30.5437
27.7124 30.6208
27.7691 30.6833
27.7691 30.6833
27.7766 30.6917
28.0788 31.025
28.3809 31.3583
28.683 31.6917
28.9851 32.025
29.0606 32.1083
29.2872 32.3583
29.5497 32.6479
29.5553 32.6542
29.5704 32.6708
29.5893 32.6917
30.001 33.1458
30.49 33.6854
31.2698 34.5458
31.3001 34.5792
31.3718 34.6583
31.3775 34.6646
31.402 34.6917
31.7041 35.025
32.0062 35.3583
32.3084 35.6917
32.6105 36.025
32.9126 36.3583
33.0655 36.5271
33.1241 36.5917
33.1656 36.6375
33.192 36.6667
33.2147 36.6917
33.615 37.1333
34.0701 37.6354
34.291 37.8792
34.5308 38.1437
34.7253 38.3583
35.001 38.6625
35.0028 38.6646
35.0123 38.675
35.0274 38.6917
35.3295 39.025
35.6316 39.3583
35.9337 39.6917
36.7325 40.5729
36.791 40.6375
36.8269 40.6771
36.8401 40.6917
36.8665 40.7208
37.4443 41.3583
37.7351 41.6792
37.737 41.6812
37.7464 41.6917
37.7464 41.6917
38.3507 42.3583
38.6528 42.6917
38.6528 42.6917
38.6528 42.6917
38.6528 42.6917
38.6528 42.6917
38.9549 43.025
39.257 43.3583
39.5591 43.6917
39.8612 44.025
40.1161 44.3063
40.1633 44.3583
40.4655 44.6917
40.4655 44.6917
40.4655 44.6917
40.4655 44.6917
40.5051 44.7354
41.0697 45.3583
41.3718 45.6917
41.3718 45.6917
41.4266 45.7521
41.6739 46.025
41.976 46.3583
42.2781 46.6917
42.2781 46.6917
42.2857 46.7
42.5803 47.025
42.5803 47.025
42.8824 47.3583
42.8824 47.3583
43.1845 47.6917
43.1845 47.6917
43.4866 48.025
43.4866 48.025
43.7887 48.3583
44.0908 48.6917
44.0908 48.6917
44.0908 48.6917
44.0908 48.6917
44.393 49.025
44.6951 49.3583
44.9972 49.6917
45.2993 50.025
45.6014 50.3583
45.6014 50.3583
45.9035 50.6917
45.9035 50.6917
45.9035 50.6917
45.9111 50.7
46.2056 51.025
46.2056 51.025
46.5078 51.3583
46.5078 51.3583
46.8099 51.6917
46.8099 51.6917
46.8099 51.6917
46.8099 51.6917
47.112 52.025
47.112 52.025
47.4141 52.3583
47.4141 52.3583
47.6463 52.6146
47.7162 52.6917
47.7162 52.6917
47.7162 52.6917
47.7162 52.6917
48.0183 53.025
48.3204 53.3583
48.5829 53.6479
48.925 54.025
48.925 54.025
48.925 54.025
49.2279 54.3583
49.2279 54.3583
49.4968 54.6542
49.5309 54.6917
49.5309 54.6917
49.5309 54.6917
49.5309 54.6917
49.8338 55.025
49.8338 55.025
50.0421 55.2542
50.1367 55.3583
50.1367 55.3583
50.381 55.6271
50.4397 55.6917
50.7426 56.025
50.7426 56.025
50.7426 56.025
51.0455 56.3583
51.0455 56.3583
51.3485 56.6917
51.3485 56.6917
51.3485 56.6917
51.3485 56.6917
51.6514 57.025
51.9544 57.3583
51.9544 57.3583
52.2573 57.6917
52.2573 57.6917
52.2573 57.6917
52.8461 58.3396
52.8632 58.3583
53.1661 58.6917
53.1661 58.6917
53.1661 58.6917
53.1661 58.6917
53.1945 58.7229
53.4691 59.025
53.772 59.3583
54.0749 59.6917
54.0844 59.7021
54.3779 60.025
54.6467 60.3208
54.6808 60.3583
54.8114 60.5021
54.9819 60.6896
54.9837 60.6917
54.9837 60.6917
54.9837 60.6917
55.2583 60.9938
55.2867 61.025
55.5215 61.2833
55.5896 61.3583
55.8452 61.6396
55.8926 61.6917
56.1955 62.025
56.4757 62.3333
56.4984 62.3583
56.8014 62.6917
56.8014 62.6917
56.8014 62.6917
56.8014 62.6917
56.8089 62.7
57.1043 63.025
57.3561 63.3021
57.4073 63.3583
57.6666 63.6437
57.7102 63.6917
57.7102 63.6917
57.7102 63.6917
57.7102 63.6917
57.9393 63.9438
58.0131 64.025
58.0131 64.025
58.0131 64.025
58.0131 64.025
58.2328 64.2667
58.3161 64.3583
58.3161 64.3583
58.3161 64.3583
58.3161 64.3583
58.5792 64.6479
58.619 64.6917
58.619 64.6917
58.619 64.6917
58.619 64.6917
59.5221 65.6854
59.5278 65.6917
59.6774 65.8563
59.755 65.9417
59.8061 65.9979
59.9652 66.1729
59.9822 66.1917
60.1129 66.3354
60.2852 66.525
60.4272 66.6813
60.4366 66.6917
60.4366 66.6917
60.4366 66.6917
60.4366 66.6917
60.4366 66.6917
60.4423 66.6979
60.7398 67.025
60.8921 67.1917
60.8921 67.1917
61.1966 67.525
61.3488 67.6917
61.3488 67.6917
61.3488 67.6917
61.3488 67.6917
61.8056 68.1917
61.8056 68.1917
61.8056 68.1917
61.8056 68.1917
62.1101 68.525
62.2623 68.6917
62.2623 68.6917
62.2623 68.6917
62.2623 68.6917
62.2757 68.7062
62.7191 69.1917
63.1759 69.6917
63.1759 69.6917
63.6326 70.1917
63.6326 70.1917
63.9371 70.525
64.0551 70.6542
64.0894 70.6917
64.0894 70.6917
64.0894 70.6917
64.0894 70.6917
64.0894 70.6917
64.0894 70.6917
64.3939 71.025
64.5461 71.1917
64.5461 71.1917
64.8506 71.525
65.0029 71.6917
65.0029 71.6917
65.0029 71.6917
65.0029 71.6917
65.0029 71.6917
65.4597 72.1917
65.4597 72.1917
65.4597 72.1917
65.4597 72.1917
65.688 72.4417
65.7642 72.525
65.9164 72.6917
65.9164 72.6917
65.9164 72.6917
65.9164 72.6917
65.9164 72.6917
65.9164 72.6917
66.3732 73.1917
66.6016 73.4417
66.8299 73.6917
66.8299 73.6917
66.8299 73.6917
66.8299 73.6917
66.8299 73.6917
67.2867 74.1917
67.5904 74.525
67.7423 74.6917
67.7423 74.6917
67.7423 74.6917
67.7423 74.6917
67.7423 74.6917
67.7498 74.7
68.0459 75.025
68.1978 75.1917
68.1978 75.1917
68.5014 75.525
68.5774 75.6083
68.6533 75.6917
68.6533 75.6917
68.6533 75.6917
68.6533 75.6917
69.1088 76.1917
69.1088 76.1917
69.4125 76.525
69.5244 76.6479
69.5643 76.6917
69.5643 76.6917
69.5643 76.6917
69.5643 76.6917
69.5643 76.6917
70.0195 77.1917
70.0195 77.1917
70.4457 77.6604
70.4741 77.6917
70.4741 77.6917
70.4741 77.6917
70.4741 77.6917
70.7771 78.025
70.9286 78.1917
71.3832 78.6917
71.3832 78.6917
71.3832 78.6917
71.3832 78.6917
71.3832 78.6917
71.3832 78.6917
71.3832 78.6917
71.6862 79.025
71.6862 79.025
71.9892 79.3583
71.9892 79.3583
72.2923 79.6917
72.2923 79.6917
72.2923 79.6917
72.2923 79.6917
72.2923 79.6917
72.2923 79.6917
72.5953 80.025
72.5953 80.025
72.8983 80.3583
72.8983 80.3583
73.2014 80.6917
73.2014 80.6917
73.2014 80.6917
73.2014 80.6917
73.2014 80.6917
73.2014 80.6917
74.1056 81.6917
74.1056 81.6917
74.1056 81.6917
74.1056 81.6917
74.1056 81.6917
74.1056 81.6917
74.2541 81.8563
74.3312 81.9417
74.382 81.9979
74.5398 82.1729
74.5568 82.1917
74.6865 82.3354
74.7823 82.4417
74.7823 82.4417
74.8575 82.525
74.9985 82.6813
75.0079 82.6917
75.0079 82.6917
75.0079 82.6917
75.0079 82.6917
75.0079 82.6917
75.0135 82.6979
75.3086 83.025
75.459 83.1917
75.459 83.1917
75.7598 83.525
75.9101 83.6917
75.9101 83.6917
75.9101 83.6917
75.9101 83.6917
76.3613 84.1917
76.3613 84.1917
76.3613 84.1917
76.3613 84.1917
76.662 84.525
76.8124 84.6917
76.8124 84.6917
76.8124 84.6917
76.8124 84.6917
76.8256 84.7062
77.2635 85.1917
77.7147 85.6917
77.7147 85.6917
78.1658 86.1917
78.1658 86.1917
78.4665 86.525
78.5831 86.6542
78.6169 86.6917
78.6169 86.6917
78.6169 86.6917
78.6169 86.6917
78.6169 86.6917
78.6169 86.6917
78.9177 87.025
79.068 87.1917
79.068 87.1917
79.3688 87.525
79.5192 87.6917
79.5192 87.6917
79.5192 87.6917
79.5192 87.6917
79.5192 87.6917
79.9703 88.1917
79.9703 88.1917
79.9703 88.1917
79.9703 88.1917
80.1959 88.4417
80.271 88.525
80.4214 88.6917
80.4214 88.6917
80.4214 88.6917
80.4214 88.6917
80.4214 88.6917
80.4214 88.6917
80.8725 89.1917
81.0981 89.4417
81.3237 89.6917
81.3237 89.6917
81.3237 89.6917
81.3237 89.6917
81.3237 89.6917
81.7748 90.1917
82.0756 90.525
82.2259 90.6917
82.2259 90.6917
82.2259 90.6917
82.2259 90.6917
82.2259 90.6917
82.2334 90.7
82.5267 91.025
82.6771 91.1917
82.6771 91.1917
82.9778 91.525
83.053 91.6083
83.1284 91.6917
83.1284 91.6917
83.1284 91.6917
83.1284 91.6917
83.5805 92.1917
83.5805 92.1917
83.8829 92.525
83.9944 92.6479
84.0341 92.6917
84.0341 92.6917
84.0341 92.6917
84.0341 92.6917
84.0341 92.6917
84.4877 93.1917
84.4877 93.1917
84.9129 93.6604
84.9413 93.6917
84.9413 93.6917
84.9413 93.6917
84.9413 93.6917
85.2436 94.025
85.3948 94.1917
85.8484 94.6917
85.8484 94.6917
85.8484 94.6917
85.8484 94.6917
85.8484 94.6917
85.8484 94.6917
85.8711 94.7167
86.3027 95.1917
86.3027 95.1917
86.3311 95.2229
86.7583 95.6917
86.7583 95.6917
86.7583 95.6917
86.783 95.7188
87.2153 96.1917
87.2286 96.2062
87.6723 96.6917
87.6723 96.6917
87.6723 96.6917
87.6723 96.6917
87.6723 96.6917
88.5864 97.6917
88.5864 97.6917
88.5864 97.6917
88.5864 97.6917
88.5864 97.6917
88.5864 97.6917
89.5005 98.6917
89.5005 98.6917
89.5005 98.6917
89.5005 98.6917
89.5005 98.6917
89.729 98.9417
89.9575 99.1917
90.4146 99.6917
90.4146 99.6917
90.4146 99.6917
90.6431 99.9417
90.8716 100.192
90.8716 100.192
91.1001 100.442
91.3287 100.692
91.3287 100.692
91.3287 100.692
91.3287 100.692
91.7857 101.192
91.7857 101.192
92.0142 101.442
92.2427 101.692
92.2427 101.692
92.2427 101.692
92.2427 101.692
92.6998 102.192
93.1568 102.692
93.1568 102.692
93.1568 102.692
93.1568 102.692
93.6138 103.192
93.6138 103.192
93.8424 103.442
94.0709 103.692
94.0709 103.692
94.0709 103.692
94.0709 103.692
94.5279 104.192
94.985 104.692
94.985 104.692
94.985 104.692
94.985 104.692
95.442 105.192
95.442 105.192
95.6705 105.442
95.899 105.692
95.899 105.692
95.899 105.692
95.899 105.692
96.1276 105.942
96.3561 106.192
96.3561 106.192
96.5846 106.442
96.5846 106.442
96.8131 106.692
96.8131 106.692
96.8131 106.692
96.8131 106.692
97.2701 107.192
97.2701 107.192
97.4987 107.442
97.7272 107.692
97.7272 107.692
97.7272 107.692
98.1842 108.192
98.6413 108.692
98.6413 108.692
98.6413 108.692
98.6413 108.692
98.6413 108.692
99.0983 109.192
99.0983 109.192
99.5553 109.692
99.5553 109.692
99.5553 109.692
99.5553 109.692
100.012 110.192
100.012 110.192
100.469 110.692
100.469 110.692
100.469 110.692
100.469 110.692
100.698 110.942
100.925 111.192
100.925 111.192
101.152 111.442
101.379 111.692
101.379 111.692
101.379 111.692
101.379 111.692
101.605 111.942
101.832 112.192
101.832 112.192
102.286 112.692
102.286 112.692
102.286 112.692
102.286 112.692
102.286 112.692
102.286 112.692
102.74 113.192
102.967 113.442
102.967 113.442
102.967 113.442
102.967 113.442
103.193 113.692
103.193 113.692
103.193 113.692
103.193 113.692
103.193 113.692
103.193 113.692
103.193 113.692
103.343 113.856
103.471 113.998
103.63 114.173
103.647 114.192
103.778 114.335
103.95 114.525
104.091 114.681
104.101 114.692
104.101 114.692
104.101 114.692
104.101 114.692
104.101 114.692
104.107 114.698
104.403 115.025
104.555 115.192
104.555 115.192
104.858 115.525
105.01 115.692
105.01 115.692
105.01 115.692
105.01 115.692
105.465 116.192
105.465 116.192
105.465 116.192
105.465 116.192
105.768 116.525
105.92 116.692
105.92 116.692
105.92 116.692
105.92 116.692
105.933 116.706
106.375 117.192
106.83 117.692
106.83 117.692
107.285 118.192
107.285 118.192
107.588 118.525
107.706 118.654
107.74 118.692
107.74 118.692
107.74 118.692
107.74 118.692
107.74 118.692
107.74 118.692
108.043 119.025
108.195 119.192
108.195 119.192
108.498 119.525
108.65 119.692
108.65 119.692
108.65 119.692
108.65 119.692
108.65 119.692
109.105 120.192
109.105 120.192
109.105 120.192
109.105 120.192
109.332 120.442
109.408 120.525
109.56 120.692
109.56 120.692
109.56 120.692
109.56 120.692
109.56 120.692
109.56 120.692
110.015 121.192
110.242 121.442
110.47 121.692
110.47 121.692
110.47 121.692
110.47 121.692
110.47 121.692
110.924 122.192
111.228 122.525
111.379 122.692
111.379 122.692
111.379 122.692
111.379 122.692
111.379 122.692
111.387 122.7
111.683 123.025
111.834 123.192
111.834 123.192
112.138 123.525
112.214 123.608
112.289 123.692
112.289 123.692
112.289 123.692
112.289 123.692
112.744 124.192
112.744 124.192
113.048 124.525
113.159 124.648
113.199 124.692
113.199 124.692
113.199 124.692
113.199 124.692
113.199 124.692
113.654 125.192
113.654 125.192
114.081 125.66
114.109 125.692
114.109 125.692
114.109 125.692
114.109 125.692
114.412 126.025
114.564 126.192
115.019 126.692
115.019 126.692
115.019 126.692
115.019 126.692
115.019 126.692
115.019 126.692
115.019 126.692
115.322 127.025
115.322 127.025
115.626 127.358
115.626 127.358
115.929 127.692
115.929 127.692
115.929 127.692
115.929 127.692
115.929 127.692
115.929 127.692
116.232 128.025
116.232 128.025
116.536 128.358
116.536 128.358
116.839 128.692
116.839 128.692
116.839 128.692
116.839 128.692
116.839 128.692
116.839 128.692
117.749 129.692
117.749 129.692
117.749 129.692
117.749 129.692
117.749 129.692
117.749 129.692
117.899 129.856
117.976 129.942
118.028 129.998
118.187 130.173
118.204 130.192
118.335 130.335
118.431 130.442
118.431 130.442
118.507 130.525
118.649 130.681
118.659 130.692
118.659 130.692
118.659 130.692
118.659 130.692
118.659 130.692
118.664 130.698
118.962 131.025
119.114 131.192
119.114 131.192
119.417 131.525
119.569 131.692
119.569 131.692
119.569 131.692
119.569 131.692
120.024 132.192
120.024 132.192
120.024 132.192
120.024 132.192
120.327 132.525
120.479 132.692
120.479 132.692
120.479 132.692
120.479 132.692
120.492 132.706
120.934 133.192
121.389 133.692
121.389 133.692
121.843 134.192
121.843 134.192
122.147 134.525
122.264 134.654
122.298 134.692
122.298 134.692
122.298 134.692
122.298 134.692
122.298 134.692
122.298 134.692
122.602 135.025
122.753 135.192
122.753 135.192
123.057 135.525
123.208 135.692
123.208 135.692
123.208 135.692
123.208 135.692
123.208 135.692
123.663 136.192
123.663 136.192
123.663 136.192
123.663 136.192
123.891 136.442
123.967 136.525
124.118 136.692
124.118 136.692
124.118 136.692
124.118 136.692
124.118 136.692
124.118 136.692
124.573 137.192
124.801 137.442
125.028 137.692
125.028 137.692
125.028 137.692
125.028 137.692
125.028 137.692
125.483 138.192
125.786 138.525
125.938 138.692
125.938 138.692
125.938 138.692
125.938 138.692
125.938 138.692
125.946 138.7
126.241 139.025
126.393 139.192
126.393 139.192
126.696 139.525
126.772 139.608
126.848 139.692
126.848 139.692
126.848 139.692
126.848 139.692
127.303 140.192
127.303 140.192
127.606 140.525
127.718 140.648
127.758 140.692
127.758 140.692
127.758 140.692
127.758 140.692
127.758 140.692
128.213 141.192
128.213 141.192
128.639 141.66
128.668 141.692
128.668 141.692
128.668 141.692
128.668 141.692
128.971 142.025
129.123 142.192
129.578 142.692
129.578 142.692
129.578 142.692
129.578 142.692
129.578 142.692
129.578 142.692
129.601 142.717
130.033 143.192
130.033 143.192
130.061 143.223
130.488 143.692
130.488 143.692
130.488 143.692
130.512 143.719
130.943 144.192
130.956 144.206
131.398 144.692
131.398 144.692
131.398 144.692
131.398 144.692
131.398 144.692
132.308 145.692
132.308 145.692
132.308 145.692
132.308 145.692
132.308 145.692
132.308 145.692
133.217 146.692
133.217 146.692
133.217 146.692
133.217 146.692
133.217 146.692
133.445 146.942
133.672 147.192
134.127 147.692
134.127 147.692
134.127 147.692
134.355 147.942
134.582 148.192
134.582 148.192
134.81 148.442
135.037 148.692
135.037 148.692
135.037 148.692
135.037 148.692
135.492 149.192
135.492 149.192
135.72 149.442
135.947 149.692
135.947 149.692
135.947 149.692
135.947 149.692
136.402 150.192
136.857 150.692
136.857 150.692
136.857 150.692
136.857 150.692
137.312 151.192
137.312 151.192
137.54 151.442
137.767 151.692
137.767 151.692
137.767 151.692
137.767 151.692
138.222 152.192
138.677 152.692
138.677 152.692
138.677 152.692
138.677 152.692
139.132 153.192
139.132 153.192
139.359 153.442
139.587 153.692
139.587 153.692
139.587 153.692
139.587 153.692
139.814 153.942
140.042 154.192
140.042 154.192
140.269 154.442
140.269 154.442
140.484 154.677
140.497 154.692
140.73 154.948
140.938 155.177
140.952 155.192
141.179 155.442
141.179 155.442
141.418 155.704
141.666 155.977
141.909 156.244
142.148 156.506
142.317 156.692
142.389 156.771
142.65 157.058
142.772 157.192
142.902 157.335
143.156 157.615
143.227 157.692
143.465 157.954
143.681 158.192
143.744 158.26
144.095 158.646
144.136 158.692
144.364 158.942
146.019 160.76
146.036 160.779
146.07 160.817
146.108 160.858
146.309 161.079
146.538 161.331
147.048 161.892
147.058 161.902
147.06 161.904
147.291 162.158
147.564 162.458
148.068 163.012
148.072 163.017
148.078 163.023
148.089 163.035
148.309 163.277
148.532 163.523
148.796 163.812
149.069 164.113
149.069 164.113
149.075 164.119
149.308 164.375
149.596 164.692
150.17 165.323
150.43 165.608
150.726 165.933
151.008 166.244
151.323 166.59
151.655 166.954
152.03 167.367
152.032 167.369
152.824 168.24
153.02 168.454
153.186 168.637
153.336 168.802
153.51 168.994
153.744 169.25
153.971 169.5
154.255 169.812
155.372 171.04
155.495 171.175
155.562 171.248
