2.94669 3.33958
2.94669 3.33958
3.38786 3.83958
3.38786 3.83958
3.82904 4.33958
3.82904 4.33958
4.27022 4.83958
4.71139 5.33958
4.71139 5.33958
5.15257 5.83958
5.15257 5.83958
5.59374 6.33958
5.59374 6.33958
6.4761 7.33958
6.48529 7.35
6.81617 7.725
6.91727 7.83958
7.14521 8.09792
7.35845 8.33958
7.38235 8.36667
7.79962 8.83958
7.81801 8.86042
8.2408 9.33958
8.25367 9.35417
8.68198 9.83958
9.12315 10.3396
9.19117 10.4167
9.54227 10.8146
9.82536 11.1354
10.0055 11.3396
10.1121 11.4604
10.4467 11.8396
10.8879 12.3396
11.0165 12.4854
11.329 12.8396
11.3382 12.85
11.5956 13.1417
11.7702 13.3396
11.8437 13.4229
12.2114 13.8396
12.6526 14.3396
12.7187 14.4146
13.057 14.7979
13.0937 14.8396
13.3603 15.1417
13.5349 15.3396
13.6029 15.4167
13.9761 15.8396
14.4173 16.3396
14.443 16.3687
14.8584 16.8396
15.2941 17.3333
15.2996 17.3396
16.1709 18.3271
17.0643 19.3396
17.0643 19.3396
17.2849 19.5896
17.5055 19.8396
17.5055 19.8396
17.7261 20.0896
17.9467 20.3396
17.9467 20.3396
18.1673 20.5896
18.3878 20.8396
18.3878 20.8396
18.6084 21.0896
18.829 21.3396
19.0496 21.5896
19.2702 21.8396
19.2702 21.8396
19.4908 22.0896
19.7114 22.3396
19.7114 22.3396
19.7114 22.3396
19.932 22.5896
20.1526 22.8396
20.1526 22.8396
20.3731 23.0896
20.5937 23.3396
20.8143 23.5896
21.0349 23.8396
21.0349 23.8396
21.2555 24.0896
21.4761 24.3396
21.4761 24.3396
21.9173 24.8396
21.9173 24.8396
22.3584 25.3396
22.3584 25.3396
22.7996 25.8396
23.2408 26.3396
23.2408 26.3396
23.4614 26.5896
23.682 26.8396
23.9025 27.0896
24.1231 27.3396
24.1231 27.3396
24.5643 27.8396
24.5643 27.8396
24.7849 28.0896
25.0055 28.3396
25.0055 28.3396
25.0055 28.3396
25.2261 28.5896
25.4467 28.8396
25.6673 29.0896
25.8878 29.3396
25.8878 29.3396
25.8878 29.3396
25.8878 29.3396
25.8878 29.3396
26.1084 29.5896
26.329 29.8396
26.5485 30.0896
26.7658 30.3396
26.7658 30.3396
27.2006 30.8396
27.418 31.0896
27.6354 31.3396
27.6354 31.3396
28.0702 31.8396
28.2876 32.0896
28.505 32.3396
28.9398 32.8396
28.9398 32.8396
29.3745 33.3396
29.3745 33.3396
29.8093 33.8396
30.2441 34.3396
30.2441 34.3396
30.6789 34.8396
31.1137 35.3396
31.3311 35.5896
31.5485 35.8396
31.5485 35.8396
31.7658 36.0896
31.9832 36.3396
31.9832 36.3396
32.2006 36.5896
32.418 36.8396
32.418 36.8396
32.6354 37.0896
32.8528 37.3396
33.0702 37.5896
33.2876 37.8396
33.2876 37.8396
33.505 38.0896
33.7224 38.3396
33.7224 38.3396
33.7224 38.3396
33.9398 38.5896
34.1571 38.8396
34.1571 38.8396
34.3745 39.0896
34.5919 39.3396
34.5919 39.3396
35.0267 39.8396
35.0267 39.8396
35.4615 40.3396
35.4615 40.3396
35.8963 40.8396
35.8963 40.8396
36.3311 41.3396
36.3311 41.3396
36.7658 41.8396
37.2006 42.3396
37.2006 42.3396
37.418 42.5896
37.6354 42.8396
37.8528 43.0896
38.0702 43.3396
38.0702 43.3396
38.505 43.8396
38.505 43.8396
38.7224 44.0896
38.9397 44.3396
38.9397 44.3396
38.9397 44.3396
39.1571 44.5896
39.3745 44.8396
39.3745 44.8396
39.5919 45.0896
39.8093 45.3396
39.8093 45.3396
40.0267 45.5896
40.2441 45.8396
40.4615 46.0896
40.6789 46.3396
40.6789 46.3396
40.6789 46.3396
41.1137 46.8396
41.1137 46.8396
41.5484 47.3396
41.5484 47.3396
41.9832 47.8396
42.4223 48.3396
42.4223 48.3396
42.4223 48.3396
42.4223 48.3396
42.8635 48.8396
43.3047 49.3396
43.3047 49.3396
43.3047 49.3396
43.3047 49.3396
44.187 50.3396
44.187 50.3396
44.187 50.3396
44.187 50.3396
44.187 50.3396
44.6282 50.8396
45.0694 51.3396
45.0694 51.3396
45.5087 51.8375
45.9444 52.3312
45.9499 52.3375
45.9518 52.3396
45.9518 52.3396
46.3984 52.8458
46.8341 53.3396
46.8341 53.3396
47.2643 53.8271
47.7146 54.3375
47.7165 54.3396
47.7238 54.3479
48.1631 54.8458
48.3782 55.0896
48.5988 55.3396
48.5988 55.3396
48.8194 55.5896
49.0381 55.8375
49.04 55.8396
49.2606 56.0896
49.4812 56.3396
49.4812 56.3396
49.904 56.8188
49.9223 56.8396
49.9223 56.8396
50.3635 57.3396
50.3635 57.3396
50.8028 57.8375
50.8047 57.8396
51.2459 58.3396
51.2459 58.3396
51.4665 58.5896
51.687 58.8396
51.6926 58.8458
51.9076 59.0896
52.1282 59.3396
52.1282 59.3396
52.5749 59.8458
53.0087 60.3375
53.0106 60.3396
53.0106 60.3396
53.2312 60.5896
53.4499 60.8375
53.6723 61.0896
53.8929 61.3396
53.8929 61.3396
54.3249 61.8292
54.5547 62.0896
54.7661 62.3292
54.7753 62.3396
54.7753 62.3396
54.7881 62.3542
54.9959 62.5896
55.1981 62.8188
55.437 63.0896
55.6576 63.3396
55.6576 63.3396
56.097 63.8375
56.5356 64.3396
56.5393 64.3438
56.9523 64.8187
57.4052 65.3396
57.8454 65.8458
58.2639 66.3271
58.2657 66.3292
58.2748 66.3396
58.715 66.8458
59.1443 67.3396
59.1443 67.3396
59.5773 67.8375
59.5791 67.8396
60.009 68.3292
60.0182 68.3396
60.0182 68.3396
60.4741 68.8563
60.9006 69.3396
60.9006 69.3396
61.3473 69.8458
61.7829 70.3396
61.7866 70.3438
61.7885 70.3458
62.0035 70.5896
62.2149 70.8292
62.2241 70.8396
62.6653 71.3396
62.6653 71.3396
63.1065 71.8396
63.112 71.8458
63.3271 72.0896
63.5458 72.3375
63.5476 72.3396
63.5476 72.3396
63.5513 72.3438
63.9796 72.8292
63.9888 72.8396
64.43 73.3396
64.43 73.3396
64.862 73.8292
65.2971 74.3271
65.3062 74.3375
65.308 74.3396
65.308 74.3396
65.5254 74.5896
65.5254 74.5896
65.7428 74.8396
65.9602 75.0896
65.9602 75.0896
66.1776 75.3396
66.1776 75.3396
66.6178 75.8458
67.0471 76.3396
67.0471 76.3396
67.0471 76.3396
67.0508 76.3438
67.0526 76.3458
67.2645 76.5896
67.4819 76.8396
67.6993 77.0896
67.6993 77.0896
67.9167 77.3396
67.9167 77.3396
67.9167 77.3396
68.3515 77.8396
68.5678 78.0896
68.782 78.3396
68.782 78.3396
68.7963 78.3563
68.9963 78.5896
68.9963 78.5896
69.2106 78.8396
69.4249 79.0896
69.4249 79.0896
69.6392 79.3396
69.8535 79.5896
69.8535 79.5896
70.0678 79.8396
70.282 80.0896
70.4963 80.3396
70.7106 80.5896
70.9249 80.8396
71.1392 81.0896
71.3535 81.3396
71.3535 81.3396
71.5678 81.5896
71.782 81.8396
71.9963 82.0896
72.2106 82.3396
73.0677 83.3396
73.2785 83.5854
73.4927 83.8354
73.4963 83.8396
73.7081 84.0854
73.9255 84.3354
73.9291 84.3396
74.1429 84.5854
74.3603 84.8354
74.3639 84.8396
74.5777 85.0854
74.7987 85.3396
75.0161 85.5896
75.2335 85.8396
75.2335 85.8396
75.4508 86.0896
75.6682 86.3396
75.6682 86.3396
75.6682 86.3396
75.8856 86.5896
76.103 86.8396
76.103 86.8396
76.3204 87.0896
76.5378 87.3396
76.7552 87.5896
76.9726 87.8396
76.9726 87.8396
77.19 88.0896
77.4074 88.3396
77.4074 88.3396
77.6248 88.5896
77.8421 88.8396
78.2769 89.3396
78.2769 89.3396
78.4943 89.5896
78.7117 89.8396
78.9302 90.0896
79.1508 90.3396
79.1508 90.3396
79.3714 90.5896
79.592 90.8396
79.592 90.8396
79.8126 91.0896
80.0332 91.3396
80.0332 91.3396
80.4744 91.8396
80.4744 91.8396
80.695 92.0896
80.9155 92.3396
80.9155 92.3396
80.9155 92.3396
81.3567 92.8396
81.5773 93.0896
81.7979 93.3396
81.7979 93.3396
81.7979 93.3396
81.7979 93.3396
81.7979 93.3396
82.2391 93.8396
82.2391 93.8396
82.4597 94.0896
82.6802 94.3396
82.6802 94.3396
83.1214 94.8396
83.342 95.0896
83.5626 95.3396
83.5626 95.3396
83.7832 95.5896
84.0038 95.8396
84.0038 95.8396
84.2238 96.0896
84.4428 96.3396
84.4428 96.3396
84.8807 96.8396
84.8807 96.8396
85.3187 97.3396
85.3187 97.3396
85.7566 97.8396
85.7566 97.8396
85.9756 98.0896
86.1946 98.3396
86.1946 98.3396
86.4136 98.5896
86.6325 98.8396
86.8515 99.0896
87.0705 99.3396
87.0705 99.3396
87.5084 99.8396
87.5084 99.8396
87.7274 100.09
87.9464 100.34
88.1654 100.59
88.3844 100.84
88.8223 101.34
88.8223 101.34
89.2603 101.84
89.2603 101.84
89.4792 102.09
89.6982 102.34
89.6982 102.34
89.9172 102.59
90.1362 102.84
90.5741 103.34
90.5741 103.34
91.0121 103.84
91.0121 103.84
91.4479 104.34
91.4479 104.34
91.8827 104.84
91.8827 104.84
92.3175 105.34
92.3175 105.34
92.7522 105.84
92.7522 105.84
93.187 106.34
93.187 106.34
93.4044 106.59
93.6218 106.84
94.0566 107.34
94.0566 107.34
94.4914 107.84
94.4914 107.84
94.7088 108.09
94.9261 108.34
94.9261 108.34
95.3609 108.84
95.7957 109.34
95.7957 109.34
95.7957 109.34
95.7957 109.34
96.4479 110.09
96.6653 110.34
96.8827 110.59
97.5348 111.34
97.5348 111.34
97.5348 111.34
97.5348 111.34
97.9696 111.84
98.4087 112.34
98.4087 112.34
98.6293 112.59
98.8499 112.84
99.2911 113.34
99.2911 113.34
99.2911 113.34
99.2911 113.34
99.7323 113.84
100.171 114.34
100.171 114.34
100.609 114.84
101.047 115.34
101.047 115.34
101.047 115.34
101.047 115.34
101.485 115.84
101.923 116.34
101.923 116.34
101.923 116.34
101.923 116.34
102.361 116.84
102.801 117.34
102.801 117.34
102.801 117.34
103.242 117.84
103.684 118.34
103.684 118.34
103.684 118.34
103.904 118.59
104.125 118.84
104.566 119.34
104.566 119.34
104.786 119.59
105.007 119.84
105.228 120.09
105.448 120.34
105.448 120.34
105.669 120.59
105.889 120.84
106.11 121.09
106.331 121.34
106.331 121.34
106.551 121.59
106.772 121.84
106.992 122.09
107.213 122.34
107.434 122.59
107.654 122.84
107.875 123.09
107.875 123.09
108.095 123.34
108.095 123.34
108.316 123.59
108.316 123.59
108.536 123.84
108.757 124.09
108.757 124.09
108.978 124.34
108.978 124.34
109.198 124.59
109.419 124.84
109.419 124.84
109.639 125.09
109.858 125.34
109.858 125.34
110.077 125.59
110.296 125.84
110.515 126.09
110.734 126.34
110.734 126.34
110.953 126.59
110.953 126.59
111.172 126.84
111.391 127.09
111.391 127.09
111.61 127.34
111.61 127.34
111.61 127.34
111.829 127.59
112.048 127.84
112.048 127.84
112.267 128.09
112.486 128.34
112.486 128.34
112.486 128.34
112.705 128.59
112.705 128.59
112.924 128.84
112.924 128.84
113.142 129.09
113.142 129.09
113.361 129.34
113.361 129.34
113.361 129.34
113.58 129.59
113.799 129.84
113.799 129.84
114.018 130.09
114.018 130.09
114.237 130.34
114.237 130.34
114.237 130.34
114.456 130.59
114.456 130.59
114.675 130.84
114.675 130.84
114.894 131.09
114.894 131.09
115.113 131.34
115.113 131.34
115.113 131.34
115.332 131.59
115.551 131.84
115.77 132.09
115.989 132.34
115.989 132.34
116.208 132.59
116.427 132.84
116.427 132.84
116.646 133.09
116.865 133.34
116.865 133.34
117.084 133.59
117.303 133.84
117.522 134.09
117.741 134.34
117.741 134.34
117.96 134.59
118.179 134.84
118.179 134.84
118.398 135.09
118.617 135.34
118.617 135.34
118.617 135.34
118.617 135.34
118.836 135.59
119.055 135.84
119.055 135.84
119.274 136.09
119.493 136.34
119.493 136.34
119.493 136.34
119.712 136.59
119.931 136.84
119.931 136.84
120.15 137.09
120.369 137.34
120.369 137.34
120.369 137.34
120.588 137.59
120.807 137.84
120.807 137.84
121.026 138.09
121.245 138.34
121.464 138.59
121.464 138.59
121.683 138.84
121.683 138.84
121.683 138.84
121.902 139.09
122.121 139.34
122.121 139.34
122.121 139.34
122.34 139.59
122.559 139.84
122.559 139.84
122.559 139.84
122.778 140.09
122.778 140.09
122.996 140.34
122.996 140.34
122.996 140.34
123.215 140.59
123.434 140.84
123.434 140.84
123.434 140.84
123.653 141.09
123.872 141.34
123.872 141.34
123.872 141.34
124.091 141.59
124.31 141.84
124.31 141.84
124.529 142.09
124.748 142.34
124.748 142.34
124.748 142.34
124.967 142.59
124.967 142.59
125.186 142.84
125.186 142.84
125.405 143.09
125.405 143.09
125.624 143.34
125.624 143.34
125.624 143.34
125.843 143.59
126.062 143.84
126.062 143.84
126.281 144.09
126.5 144.34
126.5 144.34
126.5 144.34
126.5 144.34
126.719 144.59
126.938 144.84
126.938 144.84
127.157 145.09
127.157 145.09
127.376 145.34
127.376 145.34
127.376 145.34
127.376 145.34
127.814 145.84
127.814 145.84
128.033 146.09
128.033 146.09
128.252 146.34
128.252 146.34
128.252 146.34
128.471 146.59
128.471 146.59
128.69 146.84
128.69 146.84
128.909 147.09
128.909 147.09
129.128 147.34
129.128 147.34
129.347 147.59
129.347 147.59
129.566 147.84
129.566 147.84
129.785 148.09
130.004 148.34
130.223 148.59
130.442 148.84
130.661 149.09
130.88 149.34
130.88 149.34
131.099 149.59
131.318 149.84
131.537 150.09
131.756 150.34
132.413 151.09
132.631 151.34
132.631 151.34
132.631 151.34
132.631 151.34
132.85 151.59
133.069 151.84
133.069 151.84
133.288 152.09
133.288 152.09
133.507 152.34
133.507 152.34
133.726 152.59
133.726 152.59
133.945 152.84
134.164 153.09
134.383 153.34
134.383 153.34
134.602 153.59
134.821 153.84
134.821 153.84
135.04 154.09
135.04 154.09
135.259 154.34
135.259 154.34
135.478 154.59
135.478 154.59
135.697 154.84
135.916 155.09
136.135 155.34
136.135 155.34
136.354 155.59
136.573 155.84
136.573 155.84
136.792 156.09
136.792 156.09
137.011 156.34
137.23 156.59
137.449 156.84
137.668 157.09
137.887 157.34
138.106 157.59
138.325 157.84
138.544 158.09
138.544 158.09
138.763 158.34
138.763 158.34
138.982 158.59
139.201 158.84
139.201 158.84
139.42 159.09
139.42 159.09
139.639 159.34
139.639 159.34
139.858 159.59
140.077 159.84
140.077 159.84
140.296 160.09
140.296 160.09
140.515 160.34
140.734 160.59
140.953 160.84
141.172 161.09
141.391 161.34
141.61 161.59
141.829 161.84
142.048 162.09
142.048 162.09
142.267 162.34
142.267 162.34
142.485 162.59
142.704 162.84
142.704 162.84
142.924 163.09
143.145 163.34
143.145 163.34
143.365 163.59
143.586 163.84
143.586 163.84
143.806 164.09
143.806 164.09
144.027 164.34
144.248 164.59
144.468 164.84
144.468 164.84
144.689 165.09
144.909 165.34
145.13 165.59
145.35 165.84
145.571 166.09
145.792 166.34
146.012 166.59
146.233 166.84
146.453 167.09
146.674 167.34
146.674 167.34
146.674 167.34
146.895 167.59
147.115 167.84
147.336 168.09
147.556 168.34
147.556 168.34
147.706 168.51
147.775 168.59
147.995 168.84
148.215 169.09
148.435 169.34
148.435 169.34
148.655 169.59
148.875 169.84
149.095 170.09
149.315 170.34
149.315 170.34
149.535 170.59
149.755 170.84
149.975 171.09
150.195 171.34
150.195 171.34
150.195 171.34
150.415 171.59
150.635 171.84
150.635 171.84
150.855 172.09
151.075 172.34
151.075 172.34
151.075 172.34
151.294 172.59
151.514 172.84
151.514 172.84
151.734 173.09
151.954 173.34
151.954 173.34
151.954 173.34
152.174 173.59
152.394 173.84
152.394 173.84
152.614 174.09
152.834 174.34
152.834 174.34
153.054 174.59
153.054 174.59
153.274 174.84
153.274 174.84
153.494 175.09
153.494 175.09
153.714 175.34
153.714 175.34
153.714 175.34
153.934 175.59
153.934 175.59
154.154 175.84
154.154 175.84
154.374 176.09
154.374 176.09
154.594 176.34
154.594 176.34
154.594 176.34
154.814 176.59
155.033 176.84
155.033 176.84
155.033 176.84
155.253 177.09
155.473 177.34
155.473 177.34
155.473 177.34
155.693 177.59
155.913 177.84
155.913 177.84
156.133 178.09
156.353 178.34
156.353 178.34
156.353 178.34
156.573 178.59
156.573 178.59
156.793 178.84
156.793 178.84
157.013 179.09
157.013 179.09
157.233 179.34
157.233 179.34
157.233 179.34
157.453 179.59
157.673 179.84
157.673 179.84
157.893 180.09
158.113 180.34
158.113 180.34
158.113 180.34
158.333 180.59
158.333 180.59
158.553 180.84
158.553 180.84
158.772 181.09
158.772 181.09
158.992 181.34
158.992 181.34
158.992 181.34
159.212 181.59
159.432 181.84
159.432 181.84
159.652 182.09
159.652 182.09
159.872 182.34
159.872 182.34
159.872 182.34
160.092 182.59
160.092 182.59
160.312 182.84
160.312 182.84
160.532 183.09
160.532 183.09
160.752 183.34
160.752 183.34
160.972 183.59
160.972 183.59
161.192 183.84
161.192 183.84
161.412 184.09
161.632 184.34
161.852 184.59
161.852 184.59
162.072 184.84
162.072 184.84
162.292 185.09
162.292 185.09
162.511 185.34
162.511 185.34
162.731 185.59
162.951 185.84
162.951 185.84
163.171 186.09
163.391 186.34
163.391 186.34
163.611 186.59
163.831 186.84
163.831 186.84
164.051 187.09
164.271 187.34
164.271 187.34
164.271 187.34
164.491 187.59
164.711 187.84
164.711 187.84
164.931 188.09
165.151 188.34
165.151 188.34
165.151 188.34
165.371 188.59
165.591 188.84
165.591 188.84
165.591 188.84
165.811 189.09
165.811 189.09
166.031 189.34
166.031 189.34
166.25 189.59
166.47 189.84
166.47 189.84
166.69 190.09
166.91 190.34
166.91 190.34
167.13 190.59
167.13 190.59
167.35 190.84
167.35 190.84
167.57 191.09
167.57 191.09
167.79 191.34
167.79 191.34
167.79 191.34
168.01 191.59
168.23 191.84
168.23 191.84
168.23 191.84
168.45 192.09
168.45 192.09
168.67 192.34
168.67 192.34
168.67 192.34
168.89 192.59
169.11 192.84
169.11 192.84
169.11 192.84
169.33 193.09
169.55 193.34
169.55 193.34
169.55 193.34
169.77 193.59
169.989 193.84
169.989 193.84
170.209 194.09
170.429 194.34
170.429 194.34
170.429 194.34
170.649 194.59
170.649 194.59
170.869 194.84
170.869 194.84
171.089 195.09
171.089 195.09
171.309 195.34
171.309 195.34
171.309 195.34
171.529 195.59
171.749 195.84
171.749 195.84
171.969 196.09
172.189 196.34
172.189 196.34
172.189 196.34
172.189 196.34
172.409 196.59
172.629 196.84
172.629 196.84
172.848 197.09
172.848 197.09
173.065 197.34
173.065 197.34
173.065 197.34
173.065 197.34
173.5 197.84
173.5 197.84
173.717 198.09
173.717 198.09
173.935 198.34
173.935 198.34
173.935 198.34
174.152 198.59
174.152 198.59
174.37 198.84
174.37 198.84
174.587 199.09
174.587 199.09
174.804 199.34
174.804 199.34
175.022 199.59
175.022 199.59
175.239 199.84
175.239 199.84
175.456 200.09
175.674 200.34
175.891 200.59
176.109 200.84
176.326 201.09
176.543 201.34
176.543 201.34
176.761 201.59
176.978 201.84
177.196 202.09
177.413 202.34
178.283 203.34
178.283 203.34
178.717 203.84
179.152 204.34
179.152 204.34
179.152 204.34
179.152 204.34
179.587 204.84
180.022 205.34
180.022 205.34
180.456 205.84
180.896 206.34
180.896 206.34
181.116 206.59
181.337 206.84
181.557 207.09
181.778 207.34
181.778 207.34
181.999 207.59
182.219 207.84
182.219 207.84
182.219 207.84
182.44 208.09
182.66 208.34
182.66 208.34
183.101 208.84
183.101 208.84
183.543 209.34
183.543 209.34
183.984 209.84
184.439 210.34
184.439 210.34
184.733 210.658
184.9 210.84
185.074 211.027
185.367 211.34
185.367 211.34
185.836 211.84
186.304 212.34
186.334 212.371
186.707 212.769
186.773 212.84
187.021 213.102
187.247 213.34
187.247 213.34
187.723 213.84
187.947 214.075
188.199 214.34
188.199 214.34
188.199 214.34
188.219 214.36
188.576 214.735
189.128 215.315
190.104 216.34
191.949 218.277
191.993 218.323
192.08 218.415
192.084 218.419
192.088 218.423
192.646 219.008
192.666 219.029
192.687 219.052
192.689 219.054
193.229 219.621
193.239 219.631
193.253 219.646
193.263 219.656
193.669 220.083
193.701 220.117
193.874 220.298
193.878 220.302
193.884 220.308
194.451 220.904
194.479 220.933
194.499 220.954
194.501 220.956
195.056 221.54
195.058 221.542
195.062 221.546
195.106 221.592
195.467 221.971
195.469 221.973
195.614 222.125
195.668 222.181
195.683 222.198
195.773 222.292
195.779 222.298
196.187 222.727
196.372 222.921
196.402 222.952
196.457 223.01
196.463 223.017
196.469 223.023
196.85 223.423
197.122 223.708
197.235 223.827
197.245 223.838
197.402 224.002
197.6 224.21
198.088 224.723
198.241 224.883
198.273 224.917
198.669 225.333
198.828 225.5
199.132 225.819
199.36 226.058
199.572 226.281
199.8 226.521
200.011 226.742
200.201 226.942
200.427 227.179
200.638 227.4
200.842 227.615
201.183 227.973
201.727 228.544
202.253 229.096
