1.17949 1.53333
1.5641 2.03333
1.5641 2.03333
1.94872 2.53333
2.33333 3.03333
2.33333 3.03333
2.71795 3.53333
3.10256 4.03333
3.48718 4.53333
3.48718 4.53333
3.87019 5.03125
3.87019 5.03125
3.87019 5.03125
4.25641 5.53333
4.64102 6.03333
4.64102 6.03333
4.64102 6.03333
5.02564 6.53333
5.02564 6.53333
5.41025 7.03333
5.41025 7.03333
5.41025 7.03333
5.79487 7.53333
6.17948 8.03333
6.17948 8.03333
6.17948 8.03333
6.5641 8.53333
6.5641 8.53333
6.94871 9.03333
6.94871 9.03333
7.33333 9.53333
7.33333 9.53333
7.71794 10.0333
8.10256 10.5333
8.10256 10.5333
8.10256 10.5333
8.48717 11.0333
8.48717 11.0333
8.48717 11.0333
8.87179 11.5333
9.2564 12.0333
9.2564 12.0333
9.2564 12.0333
9.64102 12.5333
9.64102 12.5333
9.64102 12.5333
10.0256 13.0333
10.0256 13.0333
10.0256 13.0333
10.4102 13.5333
10.7949 14.0333
10.7949 14.0333
11.1795 14.5333
11.1795 14.5333
11.1795 14.5333
11.5641 15.0333
11.9487 15.5333
12.141 15.7833
12.3333 16.0333
12.3333 16.0333
12.3333 16.0333
12.7179 16.5333
13.1026 17.0333
13.4872 17.5333
13.8718 18.0333
13.8718 18.0333
14.2564 18.5333
14.641 19.0333
14.641 19.0333
15.0256 19.5333
15.4102 20.0333
15.7949 20.5333
15.7949 20.5333
16.1795 21.0333
16.1795 21.0333
16.1795 21.0333
16.5641 21.5333
16.5641 21.5333
16.9487 22.0333
16.9487 22.0333
17.3333 22.5333
17.7179 23.0333
17.7179 23.0333
18.1025 23.5333
18.4872 24.0333
18.8718 24.5333
18.8718 24.5333
19.2564 25.0333
19.2564 25.0333
19.2564 25.0333
19.641 25.5333
19.641 25.5333
20.0256 26.0333
20.0256 26.0333
20.4102 26.5333
20.4102 26.5333
20.7949 27.0333
20.7949 27.0333
20.7949 27.0333
21.1795 27.5333
21.1795 27.5333
21.5641 28.0333
21.9487 28.5333
21.9487 28.5333
22.3333 29.0333
22.3333 29.0333
22.3333 29.0333
22.5256 29.2833
22.7179 29.5333
22.7179 29.5333
23.1025 30.0333
23.1025 30.0333
23.4872 30.5333
23.4872 30.5333
23.8718 31.0333
23.8718 31.0333
23.8718 31.0333
24.2564 31.5333
24.2564 31.5333
24.641 32.0333
25.0256 32.5333
25.0256 32.5333
25.4102 33.0333
25.4102 33.0333
25.4102 33.0333
25.7948 33.5333
25.7948 33.5333
26.1779 34.0312
26.1795 34.0333
26.5641 34.5333
26.9487 35.0333
26.9487 35.0333
27.3333 35.5333
27.3333 35.5333
27.7163 36.0312
28.1025 36.5333
28.1025 36.5333
28.4872 37.0333
28.4872 37.0333
28.4872 37.0333
28.8718 37.5333
29.0641 37.7833
29.2564 38.0333
29.2564 38.0333
29.641 38.5333
30.0256 39.0333
30.0256 39.0333
30.4102 39.5333
30.7948 40.0333
31.1795 40.5333
31.1795 40.5333
31.5641 41.0333
31.5641 41.0333
31.5641 41.0333
31.9487 41.5333
31.9487 41.5333
32.3333 42.0333
32.3333 42.0333
32.3333 42.0333
32.3333 42.0333
32.7179 42.5333
32.7179 42.5333
33.1025 43.0333
33.1025 43.0333
33.4871 43.5333
33.4871 43.5333
33.8718 44.0333
33.8718 44.0333
33.8718 44.0333
34.2564 44.5333
34.2564 44.5333
34.641 45.0333
34.641 45.0333
35.0256 45.5333
35.0256 45.5333
35.4102 46.0333
35.4102 46.0333
35.4102 46.0333
35.4102 46.0333
35.4102 46.0333
35.7948 46.5333
35.7948 46.5333
36.1795 47.0333
36.1795 47.0333
36.5641 47.5333
36.5641 47.5333
36.5641 47.5333
36.5641 47.5333
36.5641 47.5333
37.3333 48.5333
37.3333 48.5333
37.7179 49.0333
37.7179 49.0333
38.1025 49.5333
38.1025 49.5333
38.4871 50.0333
38.4871 50.0333
38.4871 50.0333
38.4871 50.0333
38.4871 50.0333
38.4871 50.0333
38.4871 50.0333
38.8718 50.5333
39.2564 51.0333
39.2564 51.0333
39.2564 51.0333
39.2564 51.0333
39.641 51.5333
39.641 51.5333
39.641 51.5333
39.641 51.5333
40.0256 52.0333
40.0256 52.0333
40.0256 52.0333
40.0256 52.0333
40.0256 52.0333
40.0256 52.0333
40.7948 53.0333
40.7948 53.0333
40.7948 53.0333
40.7948 53.0333
41.1794 53.5333
41.1794 53.5333
41.5641 54.0333
41.5641 54.0333
41.5641 54.0333
41.5641 54.0333
41.5641 54.0333
41.5641 54.0333
41.5641 54.0333
41.9487 54.5333
42.3333 55.0333
42.3333 55.0333
42.3333 55.0333
42.7179 55.5333
42.7179 55.5333
42.7179 55.5333
42.7179 55.5333
42.7179 55.5333
42.7179 55.5333
42.7179 55.5333
43.1025 56.0333
43.4871 56.5333
43.8718 57.0333
43.8718 57.0333
43.8718 57.0333
43.8718 57.0333
44.2564 57.5333
44.2564 57.5333
44.641 58.0333
44.641 58.0333
44.641 58.0333
44.641 58.0333
44.641 58.0333
44.641 58.0333
44.641 58.0333
45.0256 58.5333
45.4102 59.0333
45.4102 59.0333
45.7948 59.5333
45.7948 59.5333
45.7948 59.5333
45.7948 59.5333
45.7948 59.5333
45.7948 59.5333
45.7948 59.5333
45.7948 59.5333
46.1794 60.0333
46.5641 60.5333
46.9487 61.0333
46.9487 61.0333
46.9487 61.0333
46.9487 61.0333
47.3333 61.5333
47.3333 61.5333
47.7179 62.0333
47.7179 62.0333
47.7179 62.0333
47.7179 62.0333
47.7179 62.0333
47.7179 62.0333
48.1025 62.5333
48.1025 62.5333
48.4871 63.0333
48.4871 63.0333
48.8717 63.5333
48.8717 63.5333
48.8717 63.5333
48.8717 63.5333
48.8717 63.5333
48.8717 63.5333
48.8717 63.5333
49.2564 64.0333
49.641 64.5333
50.0256 65.0333
50.0256 65.0333
50.0256 65.0333
50.0256 65.0333
50.0256 65.0333
50.0256 65.0333
50.2179 65.2833
50.4102 65.5333
50.4102 65.5333
50.6025 65.7833
50.7948 66.0333
50.7948 66.0333
50.7948 66.0333
50.7948 66.0333
50.7948 66.0333
50.7948 66.0333
50.7948 66.0333
50.7948 66.0333
51.1794 66.5333
51.1794 66.5333
51.3701 66.7812
51.3701 66.7812
51.5641 67.0333
51.9487 67.5333
51.9487 67.5333
51.9487 67.5333
51.9487 67.5333
51.9487 67.5333
51.9487 67.5333
51.9487 67.5333
51.9487 67.5333
52.3333 68.0333
52.5256 68.2833
52.5256 68.2833
52.5256 68.2833
52.9102 68.7833
53.1025 69.0333
53.1025 69.0333
53.1025 69.0333
53.4871 69.5333
53.4871 69.5333
53.4871 69.5333
53.8717 70.0333
53.8717 70.0333
53.8717 70.0333
53.8717 70.0333
53.8717 70.0333
53.8717 70.0333
53.8717 70.0333
54.2564 70.5333
54.4487 70.7833
54.4487 70.7833
54.641 71.0333
54.8333 71.2833
55.0256 71.5333
55.0256 71.5333
55.0256 71.5333
55.0256 71.5333
55.0256 71.5333
55.0256 71.5333
55.4102 72.0333
55.6025 72.2833
55.7932 72.5312
55.9871 72.7833
56.1794 73.0333
56.1794 73.0333
56.1794 73.0333
56.3717 73.2833
56.564 73.5333
56.564 73.5333
56.7564 73.7833
56.9487 74.0333
56.9487 74.0333
56.9487 74.0333
56.9487 74.0333
56.9487 74.0333
56.9487 74.0333
56.9487 74.0333
57.3333 74.5333
57.3333 74.5333
57.5256 74.7833
57.5256 74.7833
57.5256 74.7833
57.5256 74.7833
57.9102 75.2833
58.1025 75.5333
58.1025 75.5333
58.1025 75.5333
58.1025 75.5333
58.1025 75.5333
58.1025 75.5333
58.1025 75.5333
58.8717 76.5333
58.8717 76.5333
58.8717 76.5333
59.2564 77.0333
59.2564 77.0333
59.4487 77.2833
59.6394 77.5312
59.641 77.5333
59.8333 77.7833
60.0256 78.0333
60.0256 78.0333
60.0256 78.0333
60.0256 78.0333
60.0256 78.0333
60.0256 78.0333
60.0256 78.0333
60.4102 78.5333
60.6025 78.7833
61.1794 79.5333
61.1794 79.5333
61.1794 79.5333
61.1794 79.5333
61.1794 79.5333
61.1794 79.5333
61.1794 79.5333
61.3717 79.7833
62.3333 81.0333
62.7179 81.5333
63.1025 82.0333
63.1025 82.0333
63.1025 82.0333
63.1025 82.0333
63.1025 82.0333
63.1025 82.0333
63.8717 83.0333
64.2563 83.5333
64.2563 83.5333
64.2563 83.5333
64.2563 83.5333
64.2563 83.5333
64.2563 83.5333
64.2563 83.5333
64.8333 84.2833
65.0256 84.5333
65.2179 84.7833
65.4102 85.0333
65.4102 85.0333
65.6025 85.2833
65.7948 85.5333
65.9871 85.7833
66.1794 86.0333
66.1794 86.0333
66.1794 86.0333
66.1794 86.0333
66.3717 86.2833
66.564 86.5333
66.7563 86.7833
66.9487 87.0333
67.141 87.2833
67.3333 87.5333
67.3333 87.5333
67.3333 87.5333
67.3333 87.5333
67.5256 87.7833
67.7179 88.0333
67.9102 88.2833
68.1025 88.5333
68.2948 88.7833
68.4871 89.0333
68.4871 89.0333
68.4871 89.0333
68.6794 89.2833
68.8717 89.5333
68.8717 89.5333
68.8717 89.5333
69.064 89.7833
69.2563 90.0333
69.2563 90.0333
69.2563 90.0333
69.4486 90.2833
69.641 90.5333
69.8333 90.7833
70.0256 91.0333
70.2179 91.2833
70.4102 91.5333
70.4102 91.5333
70.4102 91.5333
70.4102 91.5333
70.6025 91.7833
70.7948 92.0333
70.9871 92.2833
71.1794 92.5333
71.3717 92.7833
71.564 93.0333
71.9486 93.5333
71.9486 93.5333
71.9486 93.5333
71.9486 93.5333
72.3333 94.0333
72.3333 94.0333
72.3333 94.0333
72.5256 94.2833
72.7179 94.5333
72.9102 94.7833
73.1025 95.0333
73.2948 95.2833
73.4871 95.5333
73.4871 95.5333
73.4871 95.5333
73.4871 95.5333
73.6794 95.7833
73.8717 96.0333
74.064 96.2833
74.2563 96.5333
74.2563 96.5333
74.4486 96.7833
74.641 97.0333
74.641 97.0333
75.0256 97.5333
75.0256 97.5333
75.4102 98.0333
75.4102 98.0333
75.4102 98.0333
75.4102 98.0333
75.4102 98.0333
76.1794 99.0333
76.1794 99.0333
76.564 99.5333
76.564 99.5333
76.564 99.5333
76.564 99.5333
76.564 99.5333
77.3333 100.533
77.7179 101.033
77.7179 101.033
78.1025 101.533
78.1025 101.533
78.4871 102.033
78.4871 102.033
78.4871 102.033
78.4871 102.033
78.8717 102.533
79.064 102.783
79.2563 103.033
79.6409 103.533
79.6409 103.533
79.6409 103.533
79.6409 103.533
80.4102 104.533
80.4102 104.533
80.7948 105.033
80.7948 105.033
81.1794 105.533
81.1794 105.533
81.564 106.033
81.564 106.033
81.564 106.033
81.564 106.033
81.564 106.033
81.9486 106.533
81.9486 106.533
81.9486 106.533
82.3333 107.033
82.3333 107.033
82.3333 107.033
82.7179 107.533
82.7179 107.533
82.7179 107.533
82.7179 107.533
82.7179 107.533
82.7179 107.533
83.4871 108.533
83.4871 108.533
83.8717 109.033
83.8717 109.033
83.8717 109.033
83.8717 109.033
84.2563 109.533
84.2563 109.533
84.6409 110.033
84.6409 110.033
84.6409 110.033
84.6409 110.033
84.6409 110.033
85.024 110.531
85.0256 110.533
85.4102 111.033
85.4102 111.033
85.7948 111.533
85.7948 111.533
85.7948 111.533
85.7948 111.533
85.7948 111.533
86.564 112.533
86.564 112.533
86.564 112.533
86.9486 113.033
86.9486 113.033
86.9486 113.033
87.3316 113.531
87.3332 113.533
87.7179 114.033
87.7179 114.033
87.7179 114.033
87.7179 114.033
87.7179 114.033
87.7179 114.033
88.4871 115.033
88.8717 115.533
88.8717 115.533
88.8717 115.533
88.8717 115.533
88.8717 115.533
89.6409 116.533
90.0256 117.033
90.0256 117.033
90.0256 117.033
90.4102 117.533
90.6025 117.783
90.7948 118.033
90.7948 118.033
90.7948 118.033
90.7948 118.033
90.7948 118.033
90.9871 118.283
91.1794 118.533
91.3717 118.783
91.564 119.033
91.564 119.033
91.7563 119.283
91.9486 119.533
91.9486 119.533
91.9486 119.533
91.9486 119.533
91.9486 119.533
92.1409 119.783
92.1409 119.783
92.3332 120.033
92.7179 120.533
92.7179 120.533
93.1025 121.033
93.1025 121.033
93.1025 121.033
93.1025 121.033
93.1025 121.033
93.3284 121.327
93.4022 121.423
93.4871 121.533
93.4871 121.533
93.4871 121.533
93.8717 122.033
93.8717 122.033
93.8717 122.033
93.8717 122.033
93.8717 122.033
93.8717 122.033
94.2563 122.533
94.6409 123.033
94.6409 123.033
94.6409 123.033
95.0255 123.533
95.0255 123.533
95.0255 123.533
95.0255 123.533
95.0255 123.533
95.0255 123.533
95.7948 124.533
96.1794 125.033
96.564 125.533
96.564 125.533
96.9486 126.033
96.9486 126.033
96.9486 126.033
96.9486 126.033
96.9486 126.033
97.3332 126.533
97.7179 127.033
98.1025 127.533
98.1025 127.533
98.1025 127.533
98.1025 127.533
98.1025 127.533
98.1025 127.533
98.8717 128.533
98.8717 128.533
99.2563 129.033
99.2563 129.033
99.2563 129.033
99.2563 129.033
99.6409 129.533
99.6409 129.533
100.026 130.033
100.026 130.033
100.026 130.033
100.026 130.033
100.026 130.033
100.026 130.033
100.026 130.033
100.41 130.533
100.41 130.533
100.795 131.033
100.795 131.033
100.795 131.033
101.179 131.533
101.179 131.533
101.179 131.533
101.179 131.533
101.179 131.533
101.179 131.533
101.179 131.533
101.179 131.533
101.564 132.033
101.756 132.283
101.756 132.283
102.141 132.783
102.141 132.783
102.333 133.033
102.333 133.033
102.333 133.033
102.333 133.033
102.718 133.533
102.718 133.533
103.102 134.033
103.102 134.033
103.102 134.033
103.102 134.033
103.102 134.033
103.102 134.033
103.102 134.033
103.102 134.033
103.487 134.533
103.679 134.783
103.679 134.783
103.679 134.783
103.872 135.033
103.872 135.033
104.256 135.533
104.256 135.533
104.256 135.533
104.256 135.533
104.256 135.533
104.256 135.533
104.256 135.533
104.256 135.533
104.641 136.033
104.833 136.283
105.026 136.533
105.026 136.533
105.218 136.783
105.41 137.033
105.41 137.033
105.602 137.283
105.795 137.533
105.795 137.533
105.795 137.533
105.987 137.783
106.179 138.033
106.179 138.033
106.179 138.033
106.179 138.033
106.179 138.033
106.179 138.033
106.179 138.033
106.564 138.533
106.564 138.533
106.755 138.781
106.755 138.781
106.755 138.781
106.949 139.033
107.333 139.533
107.333 139.533
107.333 139.533
107.333 139.533
107.333 139.533
107.333 139.533
107.333 139.533
107.333 139.533
107.718 140.033
107.91 140.283
107.91 140.283
108.295 140.783
108.295 140.783
108.487 141.033
108.487 141.033
108.487 141.033
108.487 141.033
108.872 141.533
108.872 141.533
108.872 141.533
109.256 142.033
109.256 142.033
109.256 142.033
109.256 142.033
109.256 142.033
109.256 142.033
109.256 142.033
109.641 142.533
109.833 142.783
109.833 142.783
109.833 142.783
109.833 142.783
110.026 143.033
110.218 143.283
110.41 143.533
110.41 143.533
110.41 143.533
110.41 143.533
110.41 143.533
110.41 143.533
110.41 143.533
110.795 144.033
110.987 144.283
110.987 144.283
111.179 144.533
111.372 144.783
111.564 145.033
111.564 145.033
111.564 145.033
111.564 145.033
111.564 145.033
111.756 145.283
111.949 145.533
111.949 145.533
112.141 145.783
112.333 146.033
112.333 146.033
112.333 146.033
112.333 146.033
112.333 146.033
112.333 146.033
112.333 146.033
112.333 146.033
112.718 146.533
112.91 146.783
112.91 146.783
112.91 146.783
113.102 147.033
113.487 147.533
113.487 147.533
113.487 147.533
113.487 147.533
113.487 147.533
113.487 147.533
113.487 147.533
113.487 147.533
113.872 148.033
114.064 148.283
114.064 148.283
114.064 148.283
114.449 148.783
114.641 149.033
114.641 149.033
114.641 149.033
114.833 149.283
115.026 149.533
115.026 149.533
115.218 149.783
115.41 150.033
115.41 150.033
115.41 150.033
115.41 150.033
115.41 150.033
115.41 150.033
115.41 150.033
115.41 150.033
115.41 150.033
115.795 150.533
115.987 150.783
116.179 151.033
116.179 151.033
116.372 151.283
116.564 151.533
116.564 151.533
116.564 151.533
116.564 151.533
116.564 151.533
116.564 151.533
116.564 151.533
116.949 152.033
117.141 152.283
117.333 152.533
117.526 152.783
117.718 153.033
117.718 153.033
117.718 153.033
117.718 153.033
117.91 153.283
118.102 153.533
118.102 153.533
118.295 153.783
118.487 154.033
118.487 154.033
118.487 154.033
118.487 154.033
118.487 154.033
118.487 154.033
118.872 154.533
118.872 154.533
119.064 154.783
119.064 154.783
119.064 154.783
119.165 154.915
119.218 154.983
119.287 155.073
119.449 155.283
119.641 155.533
119.641 155.533
119.833 155.783
119.833 155.783
119.833 155.783
119.833 155.783
119.833 155.783
120.026 156.033
120.41 156.533
120.41 156.533
120.602 156.783
120.795 157.033
120.795 157.033
120.795 157.033
120.795 157.033
120.987 157.283
121.179 157.533
121.179 157.533
121.372 157.783
121.564 158.033
121.564 158.033
121.564 158.033
121.564 158.033
121.564 158.033
121.564 158.033
121.564 158.033
121.564 158.033
121.949 158.533
122.141 158.783
122.141 158.783
122.718 159.533
122.718 159.533
122.718 159.533
122.718 159.533
122.718 159.533
122.718 159.533
122.718 159.533
122.91 159.783
123.872 161.033
123.872 161.033
123.872 161.033
124.256 161.533
124.256 161.533
124.639 162.031
124.639 162.031
124.639 162.031
124.639 162.031
124.639 162.031
124.641 162.033
124.641 162.033
124.641 162.033
125.026 162.533
125.41 163.033
125.41 163.033
125.41 163.033
125.41 163.033
125.795 163.533
125.795 163.533
125.795 163.533
126.179 164.033
126.179 164.033
126.179 164.033
126.179 164.033
126.179 164.033
126.179 164.033
126.947 165.031
126.947 165.031
126.947 165.031
126.949 165.033
127.333 165.533
127.333 165.533
127.718 166.033
127.718 166.033
127.718 166.033
127.718 166.033
127.718 166.033
127.718 166.033
127.718 166.033
128.102 166.533
128.102 166.533
128.487 167.033
128.487 167.033
128.487 167.033
128.872 167.533
128.872 167.533
128.872 167.533
128.872 167.533
129.256 168.033
129.256 168.033
129.256 168.033
129.256 168.033
129.256 168.033
129.639 168.531
130.026 169.033
130.026 169.033
130.026 169.033
130.026 169.033
130.41 169.533
130.41 169.533
130.795 170.033
130.795 170.033
130.795 170.033
130.795 170.033
130.795 170.033
130.795 170.033
130.795 170.033
130.795 170.033
131.179 170.533
131.564 171.033
131.564 171.033
131.564 171.033
131.564 171.033
131.949 171.533
131.949 171.533
131.949 171.533
131.949 171.533
131.949 171.533
132.333 172.033
132.333 172.033
132.333 172.033
132.333 172.033
132.333 172.033
132.333 172.033
132.91 172.783
133.102 173.033
133.102 173.033
133.102 173.033
133.102 173.033
133.487 173.533
133.487 173.533
133.872 174.033
133.872 174.033
133.872 174.033
133.872 174.033
133.872 174.033
133.872 174.033
133.872 174.033
133.872 174.033
134.256 174.533
134.449 174.783
134.641 175.033
134.641 175.033
134.641 175.033
134.641 175.033
134.641 175.033
135.026 175.533
135.026 175.533
135.026 175.533
135.026 175.533
135.41 176.033
135.41 176.033
135.41 176.033
135.41 176.033
135.41 176.033
135.602 176.283
135.795 176.533
135.987 176.783
135.987 176.783
135.987 176.783
136.179 177.033
136.179 177.033
136.179 177.033
136.179 177.033
136.372 177.283
136.372 177.283
136.564 177.533
136.564 177.533
136.756 177.783
136.949 178.033
136.949 178.033
136.949 178.033
136.949 178.033
136.949 178.033
136.949 178.033
136.949 178.033
137.333 178.533
137.526 178.783
137.526 178.783
137.718 179.033
137.718 179.033
137.718 179.033
137.718 179.033
138.102 179.533
138.102 179.533
138.102 179.533
138.102 179.533
138.102 179.533
138.295 179.783
138.487 180.033
138.487 180.033
138.487 180.033
138.487 180.033
138.487 180.033
139.062 180.781
139.062 180.781
139.062 180.781
139.256 181.033
139.449 181.283
139.641 181.533
139.641 181.533
139.641 181.533
139.833 181.783
140.026 182.033
140.026 182.033
140.026 182.033
140.026 182.033
140.026 182.033
140.026 182.033
140.026 182.033
140.026 182.033
140.41 182.533
140.602 182.783
140.602 182.783
140.602 182.783
140.795 183.033
140.987 183.283
141.179 183.533
141.179 183.533
141.179 183.533
141.179 183.533
141.179 183.533
141.179 183.533
141.372 183.783
141.564 184.033
141.564 184.033
141.564 184.033
141.564 184.033
141.564 184.033
141.564 184.033
141.756 184.283
141.949 184.533
142.141 184.783
142.141 184.783
142.141 184.783
142.333 185.033
142.525 185.283
142.718 185.533
142.718 185.533
142.718 185.533
142.718 185.533
142.91 185.783
142.91 185.783
143.102 186.033
143.102 186.033
143.102 186.033
143.102 186.033
143.102 186.033
143.102 186.033
143.102 186.033
143.487 186.533
143.487 186.533
143.487 186.533
143.487 186.533
143.679 186.783
143.679 186.783
143.78 186.915
143.833 186.983
143.872 187.033
143.872 187.033
143.902 187.073
144.064 187.283
144.255 187.531
144.256 187.533
144.256 187.533
144.449 187.783
144.641 188.033
144.641 188.033
144.641 188.033
144.641 188.033
145.025 188.533
145.025 188.533
145.218 188.783
145.218 188.783
145.218 188.783
145.218 188.783
145.41 189.033
145.602 189.283
145.795 189.533
145.795 189.533
145.987 189.783
146.179 190.033
146.179 190.033
146.179 190.033
146.179 190.033
146.179 190.033
146.179 190.033
146.179 190.033
146.564 190.533
146.564 190.533
146.756 190.783
146.756 190.783
147.141 191.283
147.141 191.283
147.141 191.283
147.333 191.533
147.333 191.533
147.333 191.533
147.525 191.783
147.525 191.783
147.718 192.033
147.718 192.033
147.718 192.033
147.718 192.033
147.718 192.033
147.91 192.283
148.102 192.533
148.295 192.783
148.487 193.033
148.487 193.033
148.487 193.033
148.487 193.033
148.679 193.283
148.872 193.533
148.872 193.533
149.064 193.783
149.255 194.031
149.255 194.031
149.255 194.031
149.255 194.031
149.255 194.031
149.256 194.033
149.256 194.033
149.256 194.033
149.641 194.533
150.025 195.033
150.025 195.033
150.025 195.033
150.025 195.033
150.025 195.033
150.025 195.033
150.025 195.033
150.025 195.033
150.41 195.533
150.795 196.033
150.795 196.033
150.795 196.033
150.795 196.033
150.795 196.033
150.795 196.033
151.179 196.533
151.179 196.533
151.564 197.033
151.564 197.033
151.564 197.033
151.564 197.033
151.564 197.033
151.949 197.533
151.949 197.533
151.949 197.533
151.949 197.533
151.949 197.533
152.332 198.031
152.333 198.033
152.333 198.033
152.333 198.033
152.333 198.033
152.333 198.033
152.333 198.033
152.718 198.533
152.91 198.783
152.91 198.783
152.91 198.783
153.102 199.033
153.102 199.033
153.485 199.531
153.485 199.531
153.485 199.531
153.485 199.531
153.485 199.531
153.487 199.533
153.487 199.533
153.872 200.033
154.064 200.283
154.064 200.283
154.064 200.283
154.064 200.283
154.256 200.533
154.449 200.783
154.449 200.783
154.641 201.033
154.641 201.033
154.641 201.033
154.641 201.033
154.641 201.033
154.833 201.283
154.833 201.283
155.025 201.533
155.025 201.533
155.025 201.533
155.218 201.783
155.218 201.783
155.41 202.033
155.41 202.033
155.41 202.033
155.41 202.033
155.41 202.033
155.41 202.033
155.41 202.033
155.41 202.033
155.41 202.033
155.795 202.533
155.795 202.533
155.987 202.783
155.987 202.783
156.179 203.033
156.179 203.033
156.564 203.533
156.564 203.533
156.564 203.533
156.949 204.033
156.949 204.033
156.949 204.033
157.141 204.283
157.141 204.283
157.333 204.533
157.525 204.783
157.718 205.033
157.718 205.033
157.718 205.033
157.718 205.033
157.718 205.033
157.91 205.283
157.91 205.283
157.993 205.392
158.102 205.533
158.102 205.533
158.102 205.533
158.102 205.533
158.295 205.783
158.485 206.031
158.485 206.031
158.485 206.031
158.485 206.031
158.487 206.033
158.487 206.033
158.679 206.283
158.872 206.533
158.872 206.533
158.872 206.533
159.064 206.783
159.064 206.783
159.256 207.033
159.256 207.033
159.449 207.283
159.449 207.283
159.449 207.283
159.641 207.533
159.641 207.533
159.641 207.533
159.833 207.783
159.833 207.783
159.833 207.783
159.833 207.783
160.025 208.033
160.218 208.283
160.218 208.283
160.602 208.783
160.795 209.033
160.795 209.033
160.795 209.033
160.987 209.283
161.179 209.533
161.179 209.533
161.372 209.783
161.562 210.031
161.562 210.031
161.562 210.031
161.562 210.031
161.564 210.033
161.756 210.283
161.949 210.533
161.949 210.533
162.141 210.783
162.333 211.033
162.333 211.033
162.525 211.283
162.525 211.283
162.718 211.533
162.718 211.533
162.718 211.533
162.718 211.533
162.718 211.533
163.102 212.033
163.102 212.033
163.102 212.033
163.295 212.283
163.295 212.283
163.487 212.533
163.487 212.533
163.487 212.533
163.679 212.783
163.679 212.783
163.872 213.033
163.872 213.033
163.872 213.033
163.872 213.033
163.872 213.033
164.064 213.283
164.064 213.283
164.16 213.408
164.256 213.533
164.256 213.533
164.256 213.533
164.256 213.533
164.449 213.783
164.449 213.783
164.641 214.033
164.641 214.033
164.641 214.033
164.641 214.033
164.641 214.033
164.641 214.033
164.833 214.283
165.025 214.533
165.025 214.533
165.218 214.783
165.218 214.783
165.41 215.033
165.41 215.033
165.602 215.283
165.795 215.533
165.795 215.533
165.795 215.533
165.795 215.533
165.795 215.533
165.795 215.533
165.795 215.533
166.179 216.033
166.179 216.033
166.372 216.283
166.372 216.283
166.372 216.283
166.564 216.533
166.756 216.783
166.756 216.783
166.756 216.783
166.949 217.033
166.949 217.033
166.949 217.033
166.949 217.033
167.141 217.283
167.141 217.283
167.333 217.533
167.333 217.533
167.333 217.533
167.525 217.783
167.525 217.783
167.716 218.031
167.716 218.031
167.716 218.031
167.716 218.031
167.716 218.031
167.718 218.033
167.718 218.033
168.102 218.533
168.102 218.533
168.102 218.533
168.295 218.783
168.295 218.783
168.295 218.783
168.487 219.033
168.487 219.033
168.679 219.283
168.679 219.283
168.872 219.533
168.872 219.533
169.064 219.783
169.064 219.783
169.064 219.783
169.064 219.783
169.256 220.033
169.256 220.033
169.449 220.283
169.449 220.283
169.641 220.533
169.641 220.533
169.833 220.783
170.025 221.033
170.025 221.033
170.025 221.033
170.218 221.283
170.218 221.283
170.41 221.533
170.41 221.533
170.41 221.533
170.41 221.533
170.602 221.783
170.602 221.783
170.602 221.783
170.795 222.033
170.795 222.033
170.795 222.033
170.795 222.033
170.795 222.033
171.179 222.533
171.179 222.533
171.179 222.533
171.372 222.783
171.372 222.783
171.372 222.783
171.564 223.033
171.564 223.033
171.564 223.033
171.756 223.283
171.756 223.283
171.756 223.283
171.949 223.533
172.141 223.783
172.141 223.783
172.525 224.283
172.525 224.283
172.91 224.783
172.91 224.783
173.102 225.033
173.102 225.033
173.295 225.283
173.295 225.283
173.487 225.533
173.487 225.533
173.487 225.533
173.87 226.031
173.87 226.031
173.87 226.031
173.87 226.031
173.87 226.031
173.87 226.031
173.87 226.031
173.87 226.031
173.872 226.033
173.872 226.033
174.256 226.533
174.449 226.783
174.449 226.783
174.641 227.033
174.641 227.033
174.641 227.033
175.025 227.533
175.025 227.533
175.025 227.533
175.025 227.533
175.025 227.533
175.025 227.533
175.025 227.533
175.218 227.783
175.795 228.533
176.179 229.033
176.179 229.033
176.179 229.033
176.564 229.533
176.949 230.033
176.949 230.033
176.949 230.033
176.949 230.033
176.949 230.033
178.102 231.533
178.102 231.533
178.102 231.533
178.102 231.533
179.641 233.533
180.025 234.033
180.025 234.033
180.408 234.531
180.795 235.033
181.179 235.533
181.179 235.533
181.562 236.031
181.562 236.031
181.949 236.533
182.332 237.031
182.718 237.533
182.91 237.783
183.102 238.033
183.102 238.033
183.487 238.533
183.872 239.033
184.256 239.533
184.256 239.533
184.641 240.033
185.025 240.533
185.41 241.033
185.795 241.533
186.179 242.033
186.179 242.033
186.179 242.033
186.564 242.533
186.949 243.033
187.314 243.508
187.314 243.508
187.319 243.515
187.327 243.525
187.332 243.531
189.849 246.804
190.003 247.004
190.053 247.069
