3.75 4.25
3.75 4.25
4.19117 4.75
4.19117 4.75
4.63235 5.25
4.63235 5.25
5.07352 5.75
5.07352 5.75
6.39705 7.25
6.61764 7.5
6.83823 7.75
7.05882 8
7.2794 8.25
7.2794 8.25
7.72058 8.75
7.72058 8.75
8.16176 9.25
8.16176 9.25
8.60293 9.75
8.60293 9.75
10.8088 12.25
10.8088 12.25
11.25 12.75
11.25 12.75
11.6912 13.25
11.6912 13.25
12.1323 13.75
12.1323 13.75
13.4559 15.25
13.6765 15.5
13.897 15.75
14.1176 16
14.3382 16.25
14.3382 16.25
14.7794 16.75
14.7794 16.75
15.2206 17.25
15.2206 17.25
15.6617 17.75
15.6617 17.75
17.8676 20.25
17.8676 20.25
17.8676 20.25
17.8676 20.25
17.8676 20.25
17.8676 20.25
18.3088 20.75
18.75 21.25
18.75 21.25
18.75 21.25
18.75 21.25
18.75 21.25
18.75 21.25
19.1912 21.75
19.6323 22.25
19.6323 22.25
19.6323 22.25
19.6323 22.25
19.8529 22.5
20.0735 22.75
20.5147 23.25
20.5147 23.25
20.5147 23.25
20.5147 23.25
20.5147 23.25
20.9559 23.75
21.3989 24.2521
21.3989 24.2521
21.3989 24.2521
21.3989 24.2521
21.8382 24.75
22.2794 25.25
22.2794 25.25
22.2794 25.25
22.2794 25.25
23.1617 26.25
23.1617 26.25
23.1617 26.25
23.1617 26.25
24.0441 27.25
24.0441 27.25
24.0441 27.25
24.0441 27.25
24.4853 27.75
24.4853 27.75
24.7059 28
24.9264 28.25
24.9264 28.25
24.9264 28.25
24.9264 28.25
24.9264 28.25
24.9264 28.25
25.8088 29.25
25.8088 29.25
25.8088 29.25
26.6911 30.25
26.6911 30.25
26.6911 30.25
26.6911 30.25
26.6911 30.25
26.6911 30.25
27.1323 30.75
27.5735 31.25
27.5735 31.25
27.5735 31.25
27.5735 31.25
28.0147 31.75
28.4559 32.25
28.4559 32.25
28.4559 32.25
28.4559 32.25
28.4559 32.25
28.897 32.75
29.3382 33.25
29.3382 33.25
29.3382 33.25
29.7794 33.75
30.2206 34.25
30.2206 34.25
30.2206 34.25
30.2206 34.25
30.6617 34.75
30.6617 34.75
31.1029 35.25
31.1029 35.25
31.1029 35.25
31.1029 35.25
31.5441 35.75
31.5441 35.75
31.9853 36.25
31.9853 36.25
31.9853 36.25
31.9853 36.25
31.9853 36.25
31.9853 36.25
32.4264 36.75
32.8676 37.25
32.8676 37.25
32.8676 37.25
32.8676 37.25
33.3088 37.75
33.75 38.25
33.75 38.25
33.75 38.25
33.75 38.25
34.1911 38.75
34.6323 39.25
34.6323 39.25
34.6323 39.25
34.6323 39.25
35.0735 39.75
35.5147 40.25
35.5147 40.25
35.5147 40.25
35.5147 40.25
35.5147 40.25
35.5147 40.25
36.397 41.25
38.1617 43.25
38.6029 43.75
38.6029 43.75
39.0441 44.25
39.0441 44.25
39.0441 44.25
39.0441 44.25
39.4853 44.75
39.9264 45.25
39.9264 45.25
39.9264 45.25
39.9264 45.25
40.3676 45.75
40.8088 46.25
40.8088 46.25
40.8088 46.25
40.8088 46.25
41.6911 47.25
41.6911 47.25
41.6911 47.25
42.1323 47.75
42.5735 48.25
42.5735 48.25
42.5735 48.25
42.5735 48.25
42.5735 48.25
42.5735 48.25
43.0147 48.75
43.4558 49.25
43.4558 49.25
43.4558 49.25
43.4558 49.25
43.897 49.75
43.897 49.75
44.3382 50.25
44.3382 50.25
44.3382 50.25
44.3382 50.25
44.3382 50.25
44.3382 50.25
46.1029 52.25
46.1029 52.25
46.1029 52.25
46.1029 52.25
46.1029 52.25
46.5441 52.75
46.9852 53.25
46.9852 53.25
46.9852 53.25
46.9852 53.25
46.9852 53.25
47.4264 53.75
47.8676 54.25
47.8676 54.25
47.8676 54.25
47.8676 54.25
47.8676 54.25
48.3088 54.75
48.3088 54.75
48.7499 55.25
48.7518 55.2521
48.7518 55.2521
48.7518 55.2521
49.1911 55.75
49.1911 55.75
49.6323 56.25
49.6323 56.25
49.6323 56.25
49.6323 56.25
49.6323 56.25
50.0735 56.75
50.5147 57.25
50.5147 57.25
50.5147 57.25
51.397 58.25
51.397 58.25
51.397 58.25
51.8382 58.75
52.2794 59.25
52.2794 59.25
52.4999 59.5
52.7205 59.75
52.9411 60
53.1617 60.25
53.1617 60.25
53.1617 60.25
53.1617 60.25
54.0441 61.25
54.0441 61.25
54.4852 61.75
54.9264 62.25
54.9264 62.25
54.9264 62.25
55.3676 62.75
55.3676 62.75
55.3676 62.75
55.8088 63.25
55.8088 63.25
55.8088 63.25
56.2499 63.75
56.6911 64.25
56.6911 64.25
56.6911 64.25
56.6911 64.25
57.1323 64.75
57.5735 65.25
57.5735 65.25
57.5735 65.25
57.5735 65.25
58.0146 65.75
58.4558 66.25
58.4558 66.25
58.4558 66.25
58.4558 66.25
58.897 66.75
58.897 66.75
59.3382 67.25
59.3382 67.25
59.3382 67.25
59.3382 67.25
59.7793 67.75
59.7793 67.75
60.2205 68.25
60.2205 68.25
60.2205 68.25
60.2205 68.25
60.2205 68.25
60.6617 68.75
60.6617 68.75
61.1029 69.25
61.1029 69.25
61.5441 69.75
61.5441 69.75
61.9852 70.25
61.9852 70.25
61.9852 70.25
61.9852 70.25
62.4264 70.75
62.8676 71.25
62.8676 71.25
62.8676 71.25
62.8676 71.25
63.3088 71.75
63.7499 72.25
63.7499 72.25
63.7499 72.25
63.7499 72.25
63.7499 72.25
64.1911 72.75
64.6323 73.25
64.6323 73.25
65.0735 73.75
65.5146 74.25
65.5146 74.25
66.397 75.25
66.397 75.25
66.8382 75.75
67.2793 76.25
67.2793 76.25
67.2793 76.25
67.2793 76.25
67.2793 76.25
67.2793 76.25
68.1617 77.25
68.1617 77.25
68.1617 77.25
68.1617 77.25
68.6029 77.75
69.044 78.25
69.044 78.25
69.044 78.25
69.044 78.25
69.044 78.25
69.9264 79.25
69.9264 79.25
69.9264 79.25
70.3676 79.75
70.8087 80.25
70.8087 80.25
70.8087 80.25
70.8087 80.25
70.8087 80.25
71.2499 80.75
71.6911 81.25
71.6911 81.25
71.6911 81.25
72.1323 81.75
72.5735 82.25
72.5735 82.25
72.5735 82.25
72.5735 82.25
73.0146 82.75
73.4558 83.25
73.4558 83.25
73.897 83.75
74.3382 84.25
74.3382 84.25
74.3382 84.25
74.3382 84.25
74.3382 84.25
74.3382 84.25
74.7793 84.75
75.2205 85.25
75.2205 85.25
75.2205 85.25
75.2205 85.25
75.6617 85.75
75.6617 85.75
76.1029 86.25
76.1029 86.25
76.1029 86.25
76.1029 86.25
76.1029 86.25
76.9852 87.25
76.9852 87.25
76.9852 87.25
76.9852 87.25
77.4264 87.75
77.8676 88.25
77.8676 88.25
77.8676 88.25
77.8676 88.25
77.8676 88.25
78.3087 88.75
78.3087 88.75
78.7499 89.25
78.7499 89.25
78.7499 89.25
79.1911 89.75
79.1911 89.75
79.6323 90.25
79.6323 90.25
79.6323 90.25
79.6323 90.25
80.0734 90.75
80.5146 91.25
80.5146 91.25
80.5146 91.25
80.5146 91.25
80.5146 91.25
80.9558 91.75
81.397 92.25
81.397 92.25
81.397 92.25
81.397 92.25
81.397 92.25
81.8381 92.75
82.2793 93.25
82.2793 93.25
82.4999 93.5
82.7205 93.75
82.7205 93.75
82.9411 94
83.1617 94.25
83.1617 94.25
83.1617 94.25
83.1617 94.25
83.1617 94.25
83.6029 94.75
84.044 95.25
84.0459 95.2521
84.0459 95.2521
84.4852 95.75
84.9264 96.25
84.9264 96.25
84.9264 96.25
84.9264 96.25
84.9264 96.25
84.9264 96.25
85.3676 96.75
85.8087 97.25
85.8087 97.25
85.8087 97.25
85.8087 97.25
86.0293 97.5
86.2499 97.75
86.2499 97.75
86.6911 98.25
86.6911 98.25
86.6911 98.25
86.6911 98.25
86.6911 98.25
86.6911 98.25
87.1341 98.7521
87.5734 99.25
87.5753 99.2521
87.5753 99.2521
87.5753 99.2521
88.0146 99.75
88.0146 99.75
88.4558 100.25
88.4558 100.25
88.4558 100.25
88.4558 100.25
88.4558 100.25
88.4558 100.25
88.897 100.75
89.1176 101
89.3381 101.25
89.3381 101.25
89.3381 101.25
89.3381 101.25
89.7793 101.75
89.7793 101.75
90.2205 102.25
90.2205 102.25
90.2205 102.25
90.2205 102.25
90.2205 102.25
90.2205 102.25
90.6617 102.75
91.1028 103.25
91.1028 103.25
91.1028 103.25
91.1028 103.25
91.544 103.75
91.9852 104.25
91.9852 104.25
91.9852 104.25
91.9852 104.25
91.9852 104.25
91.9852 104.25
92.8675 105.25
92.8675 105.25
92.8675 105.25
93.0881 105.5
93.3087 105.75
93.3087 105.75
93.5293 106
93.7499 106.25
93.7499 106.25
93.7499 106.25
93.7499 106.25
93.7499 106.25
93.7499 106.25
93.7499 106.25
94.6341 107.252
94.6341 107.252
94.6341 107.252
94.6341 107.252
94.6341 107.252
94.6341 107.252
95.0734 107.75
95.294 108
95.5146 108.25
95.5146 108.25
95.5146 108.25
95.5146 108.25
95.9558 108.75
96.397 109.25
96.397 109.25
96.397 109.25
96.8381 109.75
96.8381 109.75
97.2793 110.25
97.2793 110.25
97.2793 110.25
97.2793 110.25
97.2793 110.25
97.7205 110.75
97.7205 110.75
97.9411 111
98.1617 111.25
98.1617 111.25
98.1617 111.25
98.1617 111.25
98.6028 111.75
99.044 112.25
99.044 112.25
99.044 112.25
99.044 112.25
99.044 112.25
99.4852 112.75
99.9264 113.25
99.9264 113.25
99.9264 113.25
99.9264 113.25
99.9264 113.25
100.368 113.75
100.588 114
100.809 114.25
100.809 114.25
100.809 114.25
100.809 114.25
100.809 114.25
100.809 114.25
101.25 114.75
101.47 115
101.691 115.25
101.691 115.25
101.691 115.25
101.691 115.25
101.691 115.25
102.132 115.75
102.132 115.75
102.573 116.25
102.573 116.25
102.573 116.25
102.573 116.25
102.573 116.25
103.015 116.75
103.456 117.25
103.456 117.25
103.456 117.25
103.456 117.25
103.897 117.75
103.897 117.75
104.338 118.25
104.338 118.25
104.559 118.5
105.441 119.5
105.662 119.75
105.882 120
106.103 120.25
106.103 120.25
106.103 120.25
106.544 120.75
106.985 121.25
106.985 121.25
107.426 121.75
107.868 122.25
107.868 122.25
107.868 122.25
108.309 122.75
108.309 122.75
108.75 123.25
108.75 123.25
109.191 123.75
109.632 124.25
109.632 124.25
110.073 124.75
110.515 125.25
110.515 125.25
112.5 127.5
112.72 127.75
112.941 128
113.162 128.25
113.162 128.25
113.603 128.75
113.603 128.75
114.044 129.25
114.044 129.25
114.485 129.75
114.926 130.25
114.926 130.25
114.926 130.25
114.926 130.25
116.25 131.75
116.691 132.25
116.691 132.25
116.691 132.25
116.691 132.25
116.691 132.25
117.132 132.75
117.573 133.25
117.573 133.25
117.573 133.25
117.573 133.25
118.015 133.75
118.456 134.25
118.456 134.25
118.456 134.25
118.456 134.25
118.897 134.75
119.338 135.25
119.338 135.25
119.338 135.25
119.338 135.25
119.779 135.75
120.22 136.25
120.22 136.25
120.22 136.25
120.662 136.75
120.662 136.75
120.662 136.75
121.103 137.25
121.103 137.25
121.103 137.25
121.985 138.25
121.985 138.25
121.985 138.25
122.426 138.75
122.868 139.25
122.868 139.25
122.868 139.25
122.868 139.25
122.868 139.25
123.309 139.75
123.309 139.75
123.529 140
123.75 140.25
123.75 140.25
123.75 140.25
123.75 140.25
123.75 140.25
123.75 140.25
124.632 141.25
124.632 141.25
124.632 141.25
125.073 141.75
125.515 142.25
125.515 142.25
125.515 142.25
125.515 142.25
125.515 142.25
125.956 142.75
126.397 143.25
126.399 143.252
126.399 143.252
126.399 143.252
126.399 143.252
126.838 143.75
126.838 143.75
127.059 144
127.059 144
127.279 144.25
127.279 144.25
127.72 144.75
128.162 145.25
128.603 145.75
129.044 146.25
129.044 146.25
129.485 146.75
129.485 146.75
129.485 146.75
129.926 147.25
129.926 147.25
129.926 147.25
130.368 147.75
130.368 147.75
130.809 148.25
130.809 148.25
130.809 148.25
130.809 148.25
130.809 148.25
131.25 148.75
131.25 148.75
131.691 149.25
131.691 149.25
131.691 149.25
131.691 149.25
132.132 149.75
132.132 149.75
132.573 150.25
132.573 150.25
132.573 150.25
132.573 150.25
133.015 150.75
133.015 150.75
133.456 151.25
133.456 151.25
133.456 151.25
133.456 151.25
133.897 151.75
133.897 151.75
134.338 152.25
134.338 152.25
134.338 152.25
134.338 152.25
134.338 152.25
134.338 152.25
135.22 153.25
135.22 153.25
135.22 153.25
135.22 153.25
135.662 153.75
136.103 154.25
136.103 154.25
136.103 154.25
136.103 154.25
136.765 155
136.985 155.25
136.985 155.25
137.206 155.5
137.426 155.75
137.426 155.75
137.868 156.25
137.868 156.25
137.868 156.25
137.868 156.25
137.868 156.25
138.75 157.25
138.75 157.25
138.75 157.25
138.75 157.25
139.632 158.25
139.632 158.25
139.632 158.25
139.632 158.25
139.674 158.298
140.09 158.769
140.294 159
140.515 159.25
140.515 159.25
140.515 159.25
140.537 159.275
140.947 159.74
140.956 159.75
140.956 159.75
141.397 160.25
141.397 160.25
141.397 160.25
141.397 160.25
141.397 160.25
141.397 160.25
141.421 160.277
141.838 160.75
142.279 161.25
142.279 161.25
142.279 161.25
142.72 161.75
142.941 162
143.162 162.25
143.162 162.25
143.162 162.25
143.162 162.25
143.162 162.25
143.603 162.75
143.603 162.75
143.603 162.75
143.603 162.75
144.044 163.25
144.044 163.25
144.044 163.25
144.485 163.75
144.485 163.75
144.485 163.75
144.926 164.25
144.926 164.25
144.926 164.25
144.926 164.25
144.926 164.25
144.926 164.25
145.369 164.752
145.809 165.25
145.809 165.25
145.809 165.25
145.811 165.252
146.25 165.75
146.252 165.752
146.691 166.25
146.691 166.25
146.691 166.25
146.691 166.25
146.691 166.25
146.691 166.25
146.693 166.252
147.573 167.25
147.573 167.25
147.573 167.25
147.573 167.25
148.015 167.75
148.015 167.75
148.016 167.752
148.235 168
148.456 168.25
148.456 168.25
148.456 168.25
148.456 168.25
148.456 168.25
148.458 168.252
149.117 169
149.338 169.25
149.559 169.5
149.779 169.75
149.781 169.752
150 170
150.22 170.25
150.22 170.25
150.22 170.25
150.22 170.25
150.222 170.252
150.662 170.75
151.103 171.25
151.103 171.25
151.103 171.25
151.103 171.25
151.103 171.25
151.546 171.752
151.546 171.752
151.765 172
151.985 172.25
151.985 172.25
151.985 172.25
151.985 172.25
151.987 172.252
152.426 172.75
152.647 173
152.647 173
152.647 173
152.867 173.25
153.088 173.5
153.088 173.5
153.088 173.5
153.309 173.75
153.31 173.752
153.75 174.25
153.75 174.25
153.75 174.25
153.75 174.25
153.75 174.25
153.752 174.252
154.191 174.75
154.193 174.752
154.632 175.25
154.632 175.25
154.632 175.25
154.634 175.252
155.073 175.75
155.073 175.75
155.075 175.752
155.515 176.25
155.515 176.25
155.515 176.25
155.515 176.25
155.515 176.25
155.516 176.252
155.958 176.752
156.176 177
156.399 177.252
156.399 177.252
156.399 177.252
156.399 177.252
156.619 177.502
156.838 177.75
156.84 177.752
157.279 178.25
157.279 178.25
157.279 178.25
157.279 178.25
157.279 178.25
157.279 178.25
157.281 178.252
157.941 179
158.162 179.25
158.162 179.25
158.162 179.25
158.603 179.75
158.603 179.75
158.603 179.75
158.603 179.75
158.603 179.75
159.044 180.25
159.044 180.25
159.044 180.25
159.044 180.25
159.044 180.25
159.046 180.252
159.487 180.752
159.706 181
159.926 181.25
159.926 181.25
159.926 181.25
159.928 181.252
160.367 181.75
160.369 181.752
160.809 182.25
160.809 182.25
160.809 182.25
160.809 182.25
160.81 182.252
161.25 182.75
161.691 183.25
161.691 183.25
161.691 183.25
161.691 183.25
162.132 183.75
162.132 183.75
162.134 183.752
162.573 184.25
162.573 184.25
162.573 184.25
162.573 184.25
162.575 184.252
163.015 184.75
163.015 184.75
163.015 184.75
163.456 185.25
163.456 185.25
163.456 185.25
163.899 185.752
164.117 186
164.338 186.25
164.338 186.25
164.338 186.25
164.34 186.252
164.779 186.75
164.779 186.75
165.22 187.25
165.22 187.25
165.22 187.25
165.22 187.25
165.662 187.75
165.662 187.75
165.663 187.752
166.103 188.25
166.103 188.25
166.103 188.25
166.103 188.25
166.103 188.25
166.103 188.25
166.105 188.252
166.765 189
166.765 189
166.985 189.25
167.206 189.5
167.206 189.5
167.426 189.75
167.428 189.752
167.867 190.25
167.867 190.25
167.867 190.25
167.867 190.25
167.867 190.25
167.869 190.252
168.31 190.752
168.529 191
168.75 191.25
168.75 191.25
168.75 191.25
168.752 191.252
169.191 191.75
169.191 191.75
169.193 191.752
169.632 192.25
169.632 192.25
169.632 192.25
169.632 192.25
169.632 192.25
169.632 192.25
169.634 192.252
170.515 193.25
170.515 193.25
170.515 193.25
170.515 193.25
170.516 193.252
170.956 193.75
170.956 193.75
171.397 194.25
171.397 194.25
171.397 194.25
171.397 194.25
171.397 194.25
171.397 194.25
171.397 194.25
171.838 194.75
172.059 195
172.279 195.25
172.279 195.25
172.279 195.25
172.279 195.25
172.279 195.25
172.72 195.75
172.72 195.75
173.162 196.25
173.162 196.25
173.162 196.25
173.162 196.25
173.162 196.25
173.162 196.25
173.823 197
173.823 197
174.044 197.25
174.485 197.75
174.485 197.75
175.147 198.5
175.367 198.75
175.588 199
175.809 199.25
175.809 199.25
175.809 199.25
176.029 199.5
176.029 199.5
176.029 199.5
176.25 199.75
176.25 199.75
176.25 199.75
176.47 200
176.47 200
176.47 200
176.691 200.25
176.691 200.25
176.691 200.25
176.691 200.25
176.912 200.5
177.132 200.75
177.132 200.75
177.353 201
177.353 201
177.573 201.25
177.573 201.25
177.794 201.5
178.015 201.75
178.235 202
178.235 202
178.456 202.25
178.456 202.25
178.676 202.5
178.897 202.75
178.897 202.75
179.117 203
179.117 203
179.338 203.25
179.559 203.5
179.559 203.5
179.779 203.75
179.779 203.75
180 204
180.22 204.25
180.22 204.25
180.441 204.5
180.662 204.75
180.662 204.75
180.882 205
180.882 205
181.103 205.25
181.323 205.5
181.544 205.75
181.544 205.75
181.765 206
181.765 206
181.985 206.25
181.985 206.25
181.985 206.25
182.206 206.5
182.206 206.5
182.426 206.75
182.426 206.75
182.647 207
182.647 207
182.867 207.25
182.867 207.25
183.088 207.5
183.088 207.5
183.309 207.75
183.309 207.75
183.75 208.25
183.75 208.25
183.97 208.5
184.191 208.75
184.191 208.75
184.412 209
184.412 209
184.412 209
184.632 209.25
184.853 209.5
185.073 209.75
185.073 209.75
185.294 210
185.294 210
185.515 210.25
185.515 210.25
185.515 210.25
185.515 210.25
185.515 210.25
185.956 210.75
186.397 211.25
186.397 211.25
186.397 211.25
186.617 211.5
186.838 211.75
186.838 211.75
187.279 212.25
187.279 212.25
187.279 212.25
187.279 212.25
187.5 212.5
187.72 212.75
187.941 213
187.941 213
187.941 213
188.382 213.5
188.382 213.5
189.044 214.25
189.044 214.25
189.044 214.25
189.044 214.25
189.044 214.25
189.044 214.25
189.265 214.5
189.485 214.75
189.485 214.75
189.485 214.75
189.706 215
189.926 215.25
189.926 215.25
189.926 215.25
190.367 215.75
190.367 215.75
190.809 216.25
190.809 216.25
190.809 216.25
190.809 216.25
190.809 216.25
190.809 216.25
190.809 216.25
191.25 216.75
191.47 217
191.691 217.25
191.691 217.25
191.691 217.25
191.691 217.25
192.132 217.75
192.353 218
192.573 218.25
192.573 218.25
192.573 218.25
192.573 218.25
193.014 218.75
193.235 219
193.235 219
193.456 219.25
193.456 219.25
193.458 219.252
193.458 219.252
193.676 219.5
193.676 219.5
193.676 219.5
193.897 219.75
193.897 219.75
193.897 219.75
193.897 219.75
194.338 220.25
194.338 220.25
194.338 220.25
194.338 220.25
194.338 220.25
194.338 220.25
194.779 220.75
195 221
195.22 221.25
195.22 221.25
195.22 221.25
195.22 221.25
195.662 221.75
195.662 221.75
195.882 222
196.103 222.25
196.103 222.25
196.103 222.25
196.103 222.25
196.103 222.25
196.103 222.25
196.544 222.75
196.764 223
196.764 223
196.764 223
196.985 223.25
196.985 223.25
197.206 223.5
197.206 223.5
197.206 223.5
197.426 223.75
197.647 224
197.867 224.25
197.867 224.25
197.867 224.25
197.867 224.25
197.867 224.25
197.867 224.25
198.309 224.75
198.75 225.25
198.75 225.25
198.75 225.25
198.75 225.25
199.191 225.75
199.191 225.75
199.632 226.25
199.632 226.25
199.632 226.25
199.632 226.25
199.632 226.25
199.632 226.25
200.514 227.25
200.514 227.25
200.514 227.25
200.514 227.25
200.956 227.75
201.176 228
201.397 228.25
201.397 228.25
201.397 228.25
201.397 228.25
201.397 228.25
201.397 228.25
201.838 228.75
201.838 228.75
201.838 228.75
201.838 228.75
201.838 228.75
201.838 228.75
202.279 229.25
202.279 229.25
202.279 229.25
202.279 229.25
202.279 229.25
202.279 229.25
202.72 229.75
202.72 229.75
202.72 229.75
202.72 229.75
202.72 229.75
202.72 229.75
202.941 230
203.162 230.25
203.162 230.25
203.162 230.25
203.162 230.25
203.162 230.25
203.162 230.25
204.046 231.252
204.046 231.252
204.046 231.252
204.487 231.752
204.926 232.25
204.926 232.25
204.926 232.25
204.926 232.25
204.926 232.25
204.926 232.25
205.367 232.75
205.369 232.752
205.809 233.25
205.81 233.252
206.252 233.752
206.691 234.25
206.691 234.25
206.691 234.25
206.691 234.25
206.691 234.25
206.693 234.252
208.016 235.752
208.456 236.25
208.456 236.25
208.456 236.25
208.457 236.252
208.897 236.75
209.338 237.25
209.559 237.5
209.779 237.75
209.781 237.752
210 238
210.22 238.25
210.22 238.25
210.22 238.25
210.22 238.25
210.222 238.252
211.103 239.25
211.103 239.25
211.103 239.25
211.103 239.25
211.103 239.25
211.546 239.752
211.985 240.25
211.985 240.25
211.985 240.25
211.985 240.25
211.987 240.252
212.426 240.75
212.867 241.25
213.309 241.75
213.31 241.752
213.75 242.25
213.75 242.25
213.75 242.25
213.75 242.25
213.75 242.25
213.752 242.252
214.193 242.752
214.632 243.25
214.634 243.252
215.073 243.75
215.075 243.752
215.514 244.25
215.514 244.25
215.514 244.25
215.514 244.25
215.516 244.252
215.735 244.5
215.957 244.752
216.397 245.25
216.397 245.25
216.397 245.25
216.399 245.252
216.619 245.502
216.838 245.75
216.838 245.75
216.84 245.752
217.059 246
217.279 246.25
217.279 246.25
217.279 246.25
217.279 246.25
217.279 246.25
217.281 246.252
218.162 247.25
218.162 247.25
218.162 247.25
218.162 247.25
218.382 247.5
218.382 247.5
218.382 247.5
218.823 248
218.823 248
218.823 248
219.044 248.25
219.044 248.25
219.044 248.25
219.044 248.25
219.046 248.252
219.487 248.752
219.706 249
219.926 249.25
219.926 249.25
219.926 249.25
219.928 249.252
220.367 249.75
220.369 249.752
220.809 250.25
220.809 250.25
220.809 250.25
220.809 250.25
220.809 250.25
220.81 250.252
221.691 251.25
221.691 251.25
221.691 251.25
221.691 251.25
221.691 251.25
222.134 251.752
222.573 252.25
222.573 252.25
222.573 252.25
222.573 252.25
222.573 252.25
222.575 252.252
223.235 253
223.456 253.25
223.676 253.5
223.897 253.75
223.899 253.752
224.117 254
224.338 254.25
224.338 254.25
224.338 254.25
224.338 254.25
224.338 254.25
224.338 254.25
224.34 254.252
225.22 255.25
225.22 255.25
225.22 255.25
225.22 255.25
225.22 255.25
225.22 255.25
225.662 255.75
225.663 255.752
225.882 256
226.103 256.25
226.103 256.25
226.103 256.25
226.103 256.25
226.105 256.252
226.544 256.75
226.544 256.75
226.764 257
226.764 257
226.985 257.25
227.206 257.5
227.206 257.5
227.426 257.75
227.428 257.752
227.867 258.25
227.867 258.25
227.867 258.25
227.869 258.252
228.31 258.752
228.31 258.752
228.75 259.25
228.75 259.25
228.752 259.252
229.191 259.75
229.193 259.752
229.632 260.25
229.632 260.25
229.632 260.25
229.632 260.25
229.632 260.25
229.634 260.252
230.514 261.25
230.514 261.25
230.514 261.25
230.516 261.252
230.956 261.75
231.397 262.25
231.397 262.25
231.397 262.25
231.397 262.25
231.397 262.25
231.397 262.25
231.838 262.75
232.279 263.25
234.044 265.25
234.926 266.25
236.691 268.25
236.691 268.25
236.691 268.25
237.132 268.75
237.573 269.25
237.573 269.25
237.573 269.25
238.014 269.75
238.456 270.25
238.456 270.25
238.456 270.25
238.456 270.25
239.779 271.75
240 272
240.22 272.25
240.22 272.25
240.22 272.25
241.103 273.25
241.103 273.25
241.544 273.75
241.985 274.25
241.985 274.25
241.985 274.25
241.985 274.25
242.968 275.365
242.974 275.371
243.82 276.329
243.9 276.421
243.924 276.448
244.007 276.542
244.355 276.935
244.623 277.24
244.82 277.462
245.027 277.698
245.237 277.935
245.43 278.154
245.656 278.41
245.895 278.681
246.138 278.956
246.382 279.233
246.671 279.56
246.994 279.927
247.31 280.285
247.731 280.762
