1.58333 1.74167
1.67613 1.84375
1.69129 1.86042
1.77083 1.94792
1.8125 1.99375
1.82197 2.00417
1.8428 2.02708
1.875 2.0625
1.94886 2.14375
2.34848 2.58333
2.74621 3.02083
2.80303 3.08333
3.23863 3.5625
3.25757 3.58333
3.68371 4.05208
3.69507 4.06458
3.71212 4.08333
4.57386 5.03125
4.92803 5.42083
5.23106 5.75417
5.48863 6.0375
5.51325 6.06458
5.53219 6.08542
5.53409 6.0875
5.95454 6.55
6.4356 7.07917
6.45075 7.09583
6.87878 7.56667
7.2159 7.9375
7.28977 8.01875
7.32007 8.05208
7.3428 8.07708
7.3428 8.07708
7.34848 8.08333
8.96969 9.86667
9.02272 9.925
9.11742 10.0292
9.12878 10.0417
9.13446 10.0479
9.61741 10.5792
10.0625 11.0687
10.1136 11.125
10.5303 11.5833
10.9886 12.0875
11.0265 12.1292
11.6098 12.7708
11.8693 13.0563
11.8977 13.0875
12.2045 13.425
12.4848 13.7333
12.6761 13.9437
12.7405 14.0146
12.7614 14.0375
12.7822 14.0604
12.7879 14.0667
12.8049 14.0854
13.2159 14.5375
13.6685 15.0354
14.106 15.5167
14.4621 15.9083
14.5454 16
14.6174 16.0792
16.4829 18.0833
16.4829 18.0833
16.4829 18.0833
16.4829 18.0833
16.9516 18.5833
16.9516 18.5833
17.4192 19.0833
17.4192 19.0833
17.8808 19.5833
17.8808 19.5833
18.3423 20.0833
18.3423 20.0833
18.3423 20.0833
18.7634 20.5396
19.2596 21.0771
19.5981 21.4438
19.8884 21.7583
20.1788 22.0729
20.1884 22.0833
20.1884 22.0833
20.1884 22.0833
20.1884 22.0833
20.65 22.5833
20.65 22.5833
21.1115 23.0833
21.1115 23.0833
21.5731 23.5833
21.5731 23.5833
21.8038 23.8333
22.0346 24.0833
22.4961 24.5833
22.9577 25.0833
22.9577 25.0833
23.8807 26.0833
23.8807 26.0833
23.8807 26.0833
23.8807 26.0833
24.3423 26.5833
24.3423 26.5833
24.8038 27.0833
24.8038 27.0833
25.2654 27.5833
25.2654 27.5833
25.4961 27.8333
25.7269 28.0833
26.1884 28.5833
26.65 29.0833
26.65 29.0833
27.1442 29.6187
27.3692 29.8625
27.573 30.0833
27.573 30.0833
27.5923 30.1042
28.0346 30.5833
28.0346 30.5833
28.4961 31.0833
28.4961 31.0833
28.9577 31.5833
28.9577 31.5833
29.1884 31.8333
29.418 32.0833
29.418 32.0833
29.8726 32.5833
30.3271 33.0833
30.3271 33.0833
31.2362 34.0833
31.2362 34.0833
31.2362 34.0833
31.2362 34.0833
31.6908 34.5833
31.6908 34.5833
32.1453 35.0833
32.1453 35.0833
32.5998 35.5833
32.5998 35.5833
32.8271 35.8333
33.0544 36.0833
33.3498 36.4083
33.6434 36.7312
33.9426 37.0604
33.9635 37.0833
33.9635 37.0833
34.24 37.3875
34.5676 37.7479
34.8498 38.0583
34.8726 38.0833
34.8726 38.0833
34.8726 38.0833
34.8726 38.0833
35.3271 38.5833
35.3271 38.5833
35.7817 39.0833
35.7817 39.0833
36.2362 39.5833
36.2362 39.5833
36.4635 39.8333
36.6907 40.0833
36.6945 40.0875
37.1453 40.5833
37.5942 41.0771
37.5998 41.0833
38.043 41.5708
38.0544 41.5833
38.4881 42.0604
38.5089 42.0833
38.5089 42.0833
38.5089 42.0833
38.9635 42.5833
38.9635 42.5833
39.418 43.0833
39.418 43.0833
39.8726 43.5833
39.8726 43.5833
40.0998 43.8333
40.3271 44.0833
40.7817 44.5833
40.99 44.8125
41.2362 45.0833
41.2457 45.0938
41.5601 45.4396
41.8707 45.7812
42.1453 46.0833
42.1453 46.0833
42.1453 46.0833
42.1642 46.1042
42.5998 46.5833
42.5998 46.5833
43.0544 47.0833
43.0544 47.0833
43.5089 47.5833
43.5089 47.5833
43.7362 47.8333
43.7457 47.8438
43.8214 47.9271
43.9209 48.0354
43.9652 48.0833
44.4267 48.5833
44.8882 49.0833
44.8882 49.0833
45.7613 50.0292
45.7671 50.0354
45.769 50.0375
45.8113 50.0833
45.8113 50.0833
45.8113 50.0833
46.2728 50.5833
46.6478 50.9896
46.7344 51.0833
46.8248 51.1813
47.0075 51.3792
47.1594 51.5438
47.1959 51.5833
47.2901 51.6854
47.4267 51.8333
47.4459 51.8542
47.5671 51.9854
47.6575 52.0833
47.6728 52.1
47.8882 52.3333
48.119 52.5833
48.3498 52.8333
48.5805 53.0833
48.5805 53.0833
48.8113 53.3333
48.8113 53.3333
49.0421 53.5833
49.0421 53.5833
49.2728 53.8333
49.5036 54.0833
49.5036 54.0833
49.5036 54.0833
49.5036 54.0833
49.7344 54.3333
49.9651 54.5833
49.9651 54.5833
50.1959 54.8333
50.1959 54.8333
50.4261 55.0833
50.6551 55.3333
50.8841 55.5833
51.1131 55.8333
51.3421 56.0833
51.3421 56.0833
51.5711 56.3333
51.8001 56.5833
51.8001 56.5833
52.0291 56.8333
52.0291 56.8333
52.4872 57.3333
52.7162 57.5833
52.7162 57.5833
52.9452 57.8333
52.9452 57.8333
53.1742 58.0833
53.1742 58.0833
53.4032 58.3333
53.6322 58.5833
53.6322 58.5833
53.8612 58.8333
54.0902 59.0833
54.3192 59.3333
54.5482 59.5833
54.5482 59.5833
54.7772 59.8333
55.0062 60.0833
55.0062 60.0833
55.2353 60.3333
55.2353 60.3333
55.4643 60.5833
55.4643 60.5833
55.6933 60.8333
55.6933 60.8333
55.9223 61.0833
56.1513 61.3333
56.1513 61.3333
56.3803 61.5833
56.3803 61.5833
56.6093 61.8333
56.6093 61.8333
56.8383 62.0833
56.8383 62.0833
56.8383 62.0833
57.0673 62.3333
57.2963 62.5833
57.2963 62.5833
57.5253 62.8333
57.7543 63.0833
57.9833 63.3333
58.2123 63.5833
58.2123 63.5833
58.4414 63.8333
58.4414 63.8333
58.6704 64.0833
58.6704 64.0833
58.8994 64.3333
59.1284 64.5833
59.1284 64.5833
59.3574 64.8333
59.3574 64.8333
59.5864 65.0833
59.8154 65.3333
60.0444 65.5833
60.2734 65.8333
60.2734 65.8333
60.5024 66.0833
60.5024 66.0833
60.7314 66.3333
60.9604 66.5833
60.9604 66.5833
61.1894 66.8333
61.1894 66.8333
61.4185 67.0833
61.6475 67.3333
61.8765 67.5833
61.8765 67.5833
62.1055 67.8333
62.1055 67.8333
62.3345 68.0833
62.3345 68.0833
62.5635 68.3333
62.5635 68.3333
62.7925 68.5833
63.0215 68.8333
63.2505 69.0833
63.2505 69.0833
63.4795 69.3333
63.4795 69.3333
63.7085 69.5833
63.7085 69.5833
63.9375 69.8333
63.9375 69.8333
64.1665 70.0833
64.1665 70.0833
64.1665 70.0833
64.1665 70.0833
64.1665 70.0833
64.3956 70.3333
64.6246 70.5833
64.6246 70.5833
64.8536 70.8333
65.0826 71.0833
65.0826 71.0833
65.3116 71.3333
65.5406 71.5833
65.7696 71.8333
65.9986 72.0833
65.9986 72.0833
66.2276 72.3333
66.4566 72.5833
66.4566 72.5833
66.6856 72.8333
66.6856 72.8333
67.1436 73.3333
67.3726 73.5833
67.3726 73.5833
67.3726 73.5833
67.6017 73.8333
67.6017 73.8333
67.8307 74.0833
67.8307 74.0833
67.8307 74.0833
68.0597 74.3333
68.2887 74.5833
68.2887 74.5833
68.5177 74.8333
68.7467 75.0833
68.9757 75.3333
69.2047 75.5833
69.2047 75.5833
69.4337 75.8333
69.4337 75.8333
69.6627 76.0833
69.6627 76.0833
69.8917 76.3333
69.8917 76.3333
70.1207 76.5833
70.1207 76.5833
70.3497 76.8333
70.3497 76.8333
70.5788 77.0833
70.5788 77.0833
70.5788 77.0833
70.8078 77.3333
71.0368 77.5833
71.2658 77.8333
71.4948 78.0833
71.4948 78.0833
71.4948 78.0833
71.4948 78.0833
71.7238 78.3333
71.9528 78.5833
71.9528 78.5833
72.1818 78.8333
72.4108 79.0833
72.6398 79.3333
72.8688 79.5833
72.8688 79.5833
73.0978 79.8333
73.0978 79.8333
73.3268 80.0833
73.3268 80.0833
73.5559 80.3333
73.7849 80.5833
73.7849 80.5833
74.0139 80.8333
74.0139 80.8333
74.2429 81.0833
74.4719 81.3333
74.7009 81.5833
74.7009 81.5833
74.9299 81.8333
74.9299 81.8333
75.1589 82.0833
75.1589 82.0833
75.1589 82.0833
75.3879 82.3333
75.6169 82.5833
75.6169 82.5833
75.8459 82.8333
76.0749 83.0833
76.3039 83.3333
76.5329 83.5833
76.5329 83.5833
76.5329 83.5833
76.762 83.8333
76.762 83.8333
76.762 83.8333
76.991 84.0833
76.991 84.0833
77.22 84.3333
77.449 84.5833
77.449 84.5833
77.678 84.8333
77.678 84.8333
77.907 85.0833
77.907 85.0833
77.907 85.0833
78.136 85.3333
78.136 85.3333
78.365 85.5833
78.365 85.5833
78.365 85.5833
78.594 85.8333
78.594 85.8333
78.823 86.0833
78.823 86.0833
78.823 86.0833
78.823 86.0833
78.823 86.0833
79.052 86.3333
79.281 86.5833
79.281 86.5833
79.51 86.8333
79.51 86.8333
79.7391 87.0833
79.9681 87.3333
79.9681 87.3333
80.1971 87.5833
80.4261 87.8333
80.4261 87.8333
80.6551 88.0833
80.6551 88.0833
80.6551 88.0833
80.6551 88.0833
80.8841 88.3333
81.1131 88.5833
81.1131 88.5833
81.3421 88.8333
81.3421 88.8333
81.3421 88.8333
81.8001 89.3333
82.0291 89.5833
82.2581 89.8333
82.2581 89.8333
82.4871 90.0833
82.4871 90.0833
82.4871 90.0833
82.4871 90.0833
82.4871 90.0833
82.7162 90.3333
82.8669 90.4979
82.9452 90.5833
83.1742 90.8333
83.1742 90.8333
83.1742 90.8333
83.4032 91.0833
83.6322 91.3333
83.8612 91.5833
83.8612 91.5833
84.0902 91.8333
84.0902 91.8333
84.3192 92.0833
84.3192 92.0833
84.3192 92.0833
84.5482 92.3333
84.7772 92.5833
84.7772 92.5833
85.0062 92.8333
85.0062 92.8333
85.2352 93.0833
85.4642 93.3333
85.6932 93.5833
85.9223 93.8333
85.9223 93.8333
86.1513 94.0833
86.1513 94.0833
86.1513 94.0833
86.3803 94.3333
86.6093 94.5833
86.6093 94.5833
86.8383 94.8333
87.0673 95.0833
87.0673 95.0833
87.2963 95.3333
87.5253 95.5833
87.5253 95.5833
87.7543 95.8333
87.9833 96.0833
87.9833 96.0833
87.9833 96.0833
87.9833 96.0833
88.2123 96.3333
88.4413 96.5833
88.4413 96.5833
88.6703 96.8333
88.6703 96.8333
88.8994 97.0833
89.1284 97.3333
89.3574 97.5833
89.3574 97.5833
89.5864 97.8333
89.5864 97.8333
89.8154 98.0833
89.8154 98.0833
89.8154 98.0833
90.0444 98.3333
90.2734 98.5833
90.2734 98.5833
90.5024 98.8333
90.7314 99.0833
90.7314 99.0833
90.9604 99.3333
91.1894 99.5833
91.1894 99.5833
91.4184 99.8333
91.4184 99.8333
91.6474 100.083
91.6474 100.083
91.6474 100.083
91.8765 100.333
92.1055 100.583
92.3345 100.833
92.3345 100.833
92.3345 100.833
92.5635 101.083
92.5635 101.083
92.5635 101.083
92.7925 101.333
92.7925 101.333
92.7925 101.333
92.7925 101.333
93.0215 101.583
93.0215 101.583
93.2505 101.833
93.2505 101.833
93.4795 102.083
93.4795 102.083
93.4795 102.083
93.4795 102.083
93.4795 102.083
93.9375 102.583
93.9375 102.583
94.1665 102.833
94.1665 102.833
94.3955 103.083
94.3955 103.083
94.6245 103.333
94.6245 103.333
94.8535 103.583
95.0826 103.833
95.0826 103.833
95.3116 104.083
95.3116 104.083
95.3116 104.083
95.5406 104.333
95.7696 104.583
95.7696 104.583
95.9986 104.833
95.9986 104.833
95.9986 104.833
96.2276 105.083
96.4566 105.333
96.4566 105.333
96.6856 105.583
96.9146 105.833
96.9146 105.833
97.1436 106.083
97.1436 106.083
97.1436 106.083
97.1436 106.083
97.3726 106.333
97.5234 106.498
97.6016 106.583
97.8306 106.833
97.8306 106.833
98.0597 107.083
98.0597 107.083
98.0597 107.083
98.2887 107.333
98.2887 107.333
98.5177 107.583
98.5177 107.583
98.7467 107.833
98.7467 107.833
98.9757 108.083
98.9757 108.083
98.9757 108.083
98.9757 108.083
99.2047 108.333
99.4337 108.583
99.4337 108.583
99.6627 108.833
99.6627 108.833
99.8917 109.083
99.8917 109.083
99.8917 109.083
100.121 109.333
100.35 109.583
100.579 109.833
100.579 109.833
100.808 110.083
100.808 110.083
100.808 110.083
101.037 110.333
101.266 110.583
101.266 110.583
101.495 110.833
101.495 110.833
101.724 111.083
101.724 111.083
101.953 111.333
101.953 111.333
102.182 111.583
102.182 111.583
102.411 111.833
102.64 112.083
102.64 112.083
102.64 112.083
102.869 112.333
103.098 112.583
103.098 112.583
103.327 112.833
103.327 112.833
103.327 112.833
103.556 113.083
103.785 113.333
103.785 113.333
103.785 113.333
104.014 113.583
104.014 113.583
104.243 113.833
104.243 113.833
104.243 113.833
104.243 113.833
104.472 114.083
104.472 114.083
104.472 114.083
104.701 114.333
104.93 114.583
104.93 114.583
105.159 114.833
105.388 115.083
105.617 115.333
105.846 115.583
105.846 115.583
106.075 115.833
106.075 115.833
106.304 116.083
106.304 116.083
106.533 116.333
106.762 116.583
106.991 116.833
106.991 116.833
107.22 117.083
107.449 117.333
107.449 117.333
107.678 117.583
107.907 117.833
108.136 118.083
108.136 118.083
108.136 118.083
108.136 118.083
108.594 118.583
109.052 119.083
109.052 119.083
109.281 119.333
109.51 119.583
109.51 119.583
109.739 119.833
109.739 119.833
109.968 120.083
109.968 120.083
110.197 120.333
110.426 120.583
110.426 120.583
110.655 120.833
110.655 120.833
110.884 121.083
110.884 121.083
111.113 121.333
111.342 121.583
111.571 121.833
111.8 122.083
111.8 122.083
112.029 122.333
112.258 122.583
112.487 122.833
112.716 123.083
112.716 123.083
112.945 123.333
113.174 123.583
113.403 123.833
113.632 124.083
113.632 124.083
113.632 124.083
114.09 124.583
114.548 125.083
114.548 125.083
114.777 125.333
115.006 125.583
115.235 125.833
115.464 126.083
115.464 126.083
115.464 126.083
115.464 126.083
115.693 126.333
115.922 126.583
115.922 126.583
116.151 126.833
116.151 126.833
116.38 127.083
116.38 127.083
116.609 127.333
116.838 127.583
117.067 127.833
117.296 128.083
117.296 128.083
117.296 128.083
117.525 128.333
117.754 128.583
117.754 128.583
117.983 128.833
117.983 128.833
118.441 129.333
118.67 129.583
118.67 129.583
118.899 129.833
118.899 129.833
119.128 130.083
119.128 130.083
119.128 130.083
119.357 130.333
119.586 130.583
119.586 130.583
119.815 130.833
120.044 131.083
120.044 131.083
120.273 131.333
120.502 131.583
120.502 131.583
120.731 131.833
120.96 132.083
120.96 132.083
120.96 132.083
121.189 132.333
121.189 132.333
121.418 132.583
121.418 132.583
121.647 132.833
121.647 132.833
121.876 133.083
122.105 133.333
122.105 133.333
122.334 133.583
122.334 133.583
122.563 133.833
122.563 133.833
122.792 134.083
122.792 134.083
122.792 134.083
123.021 134.333
123.25 134.583
123.25 134.583
123.479 134.833
123.708 135.083
123.938 135.333
124.167 135.583
124.167 135.583
124.396 135.833
124.396 135.833
124.625 136.083
124.625 136.083
124.854 136.333
125.083 136.583
125.083 136.583
125.312 136.833
125.312 136.833
125.541 137.083
125.77 137.333
125.999 137.583
126.228 137.833
126.228 137.833
126.457 138.083
126.457 138.083
126.686 138.333
126.915 138.583
126.915 138.583
127.144 138.833
127.144 138.833
127.373 139.083
127.602 139.333
127.831 139.583
127.831 139.583
128.06 139.833
128.06 139.833
128.289 140.083
128.289 140.083
128.518 140.333
128.518 140.333
128.747 140.583
128.976 140.833
129.205 141.083
129.205 141.083
129.434 141.333
129.434 141.333
129.663 141.583
129.663 141.583
129.892 141.833
129.892 141.833
130.121 142.083
130.121 142.083
130.121 142.083
130.121 142.083
130.121 142.083
130.35 142.333
130.579 142.583
130.579 142.583
130.808 142.833
131.037 143.083
131.037 143.083
131.266 143.333
131.495 143.583
131.724 143.833
131.953 144.083
131.953 144.083
132.182 144.333
132.411 144.583
132.411 144.583
132.64 144.833
132.64 144.833
133.098 145.333
133.327 145.583
133.327 145.583
133.327 145.583
133.556 145.833
133.556 145.833
133.785 146.083
133.785 146.083
133.785 146.083
134.014 146.333
134.243 146.583
134.243 146.583
134.472 146.833
134.701 147.083
134.93 147.333
135.159 147.583
135.159 147.583
135.388 147.833
135.388 147.833
135.617 148.083
135.617 148.083
135.846 148.333
135.846 148.333
136.075 148.583
136.075 148.583
136.304 148.833
136.304 148.833
136.533 149.083
136.762 149.333
136.991 149.583
136.991 149.583
137.22 149.833
137.22 149.833
137.449 150.083
137.449 150.083
137.449 150.083
137.678 150.333
137.907 150.583
137.907 150.583
138.136 150.833
138.365 151.083
138.594 151.333
138.823 151.583
138.823 151.583
138.823 151.583
139.052 151.833
139.052 151.833
139.052 151.833
139.281 152.083
139.281 152.083
139.281 152.083
139.51 152.333
139.739 152.583
139.739 152.583
139.968 152.833
139.968 152.833
140.197 153.083
140.426 153.333
140.655 153.583
140.884 153.833
140.884 153.833
141.113 154.083
141.113 154.083
141.342 154.333
141.571 154.583
141.571 154.583
141.571 154.583
141.8 154.833
142.029 155.083
142.029 155.083
142.258 155.333
142.487 155.583
142.487 155.583
142.487 155.583
142.716 155.833
142.716 155.833
142.716 155.833
142.945 156.083
142.945 156.083
143.174 156.333
143.403 156.583
143.403 156.583
143.632 156.833
143.632 156.833
143.861 157.083
143.861 157.083
143.861 157.083
144.09 157.333
144.09 157.333
144.319 157.583
144.319 157.583
144.319 157.583
144.548 157.833
144.548 157.833
144.777 158.083
144.777 158.083
144.777 158.083
144.777 158.083
144.777 158.083
145.006 158.333
145.235 158.583
145.235 158.583
145.464 158.833
145.464 158.833
145.693 159.083
145.922 159.333
145.922 159.333
146.151 159.583
146.38 159.833
146.38 159.833
146.609 160.083
146.609 160.083
146.609 160.083
146.609 160.083
146.838 160.333
147.067 160.583
147.067 160.583
147.296 160.833
147.296 160.833
147.296 160.833
147.754 161.333
147.983 161.583
148.212 161.833
148.212 161.833
148.441 162.083
148.441 162.083
148.441 162.083
148.441 162.083
148.441 162.083
148.67 162.333
148.821 162.498
148.899 162.583
149.128 162.833
149.128 162.833
149.128 162.833
149.357 163.083
149.586 163.333
149.815 163.583
149.815 163.583
150.044 163.833
150.044 163.833
150.273 164.083
150.273 164.083
150.273 164.083
150.502 164.333
150.731 164.583
150.731 164.583
150.96 164.833
150.96 164.833
151.189 165.083
151.418 165.333
151.647 165.583
151.876 165.833
151.876 165.833
152.105 166.083
152.105 166.083
152.105 166.083
152.334 166.333
152.563 166.583
152.563 166.583
152.792 166.833
153.021 167.083
153.021 167.083
153.25 167.333
153.479 167.583
153.479 167.583
153.708 167.833
153.937 168.083
153.937 168.083
153.937 168.083
153.937 168.083
154.166 168.333
154.395 168.583
154.395 168.583
154.625 168.833
154.625 168.833
154.854 169.083
155.083 169.333
155.312 169.583
155.312 169.583
155.541 169.833
155.541 169.833
155.77 170.083
155.77 170.083
155.77 170.083
155.999 170.333
156.228 170.583
156.228 170.583
156.457 170.833
156.686 171.083
156.686 171.083
156.915 171.333
157.144 171.583
157.144 171.583
157.373 171.833
157.373 171.833
157.602 172.083
157.602 172.083
157.602 172.083
157.831 172.333
158.06 172.583
158.289 172.833
158.289 172.833
158.289 172.833
158.518 173.083
158.518 173.083
158.518 173.083
158.747 173.333
158.747 173.333
158.747 173.333
158.747 173.333
158.976 173.583
158.976 173.583
159.205 173.833
159.205 173.833
159.434 174.083
159.434 174.083
159.434 174.083
159.434 174.083
159.434 174.083
159.892 174.583
159.892 174.583
160.121 174.833
160.121 174.833
160.35 175.083
160.35 175.083
160.579 175.333
160.579 175.333
160.808 175.583
161.037 175.833
161.037 175.833
161.266 176.083
161.266 176.083
161.266 176.083
161.495 176.333
161.724 176.583
161.724 176.583
161.953 176.833
161.953 176.833
161.953 176.833
162.182 177.083
162.411 177.333
162.411 177.333
162.64 177.583
162.869 177.833
162.869 177.833
163.098 178.083
163.098 178.083
163.098 178.083
163.098 178.083
163.327 178.333
163.478 178.498
163.556 178.583
163.785 178.833
163.785 178.833
164.014 179.083
164.014 179.083
164.014 179.083
164.243 179.333
164.243 179.333
164.472 179.583
164.472 179.583
164.701 179.833
164.701 179.833
164.93 180.083
164.93 180.083
164.93 180.083
164.93 180.083
165.159 180.333
165.388 180.583
165.388 180.583
165.617 180.833
165.617 180.833
165.846 181.083
165.846 181.083
165.846 181.083
166.075 181.333
166.304 181.583
166.533 181.833
166.533 181.833
166.762 182.083
166.762 182.083
166.762 182.083
166.991 182.333
167.22 182.583
167.22 182.583
167.449 182.833
167.449 182.833
167.678 183.083
167.678 183.083
167.907 183.333
167.907 183.333
168.136 183.583
168.136 183.583
168.365 183.833
168.594 184.083
168.594 184.083
168.594 184.083
168.823 184.333
169.052 184.583
169.052 184.583
169.281 184.833
169.281 184.833
169.281 184.833
169.51 185.083
169.739 185.333
169.739 185.333
169.739 185.333
169.968 185.583
169.968 185.583
170.197 185.833
170.197 185.833
170.197 185.833
170.197 185.833
170.426 186.083
170.426 186.083
170.426 186.083
170.655 186.333
170.884 186.583
170.884 186.583
171.113 186.833
171.342 187.083
171.571 187.333
171.8 187.583
171.8 187.583
172.029 187.833
172.029 187.833
172.258 188.083
172.258 188.083
172.487 188.333
172.716 188.583
172.945 188.833
172.945 188.833
173.174 189.083
173.403 189.333
173.403 189.333
173.632 189.583
173.861 189.833
174.09 190.083
174.09 190.083
174.09 190.083
174.319 190.333
174.319 190.333
174.548 190.583
174.548 190.583
174.777 190.833
174.777 190.833
174.777 190.833
174.777 190.833
174.777 190.833
175.006 191.083
175.235 191.333
175.235 191.333
175.235 191.333
175.464 191.583
175.693 191.833
175.693 191.833
175.693 191.833
175.693 191.833
175.922 192.083
176.151 192.333
176.151 192.333
176.38 192.583
176.38 192.583
176.609 192.833
176.609 192.833
176.609 192.833
176.609 192.833
176.838 193.083
176.838 193.083
177.067 193.333
177.067 193.333
177.067 193.333
177.296 193.583
177.754 194.083
177.754 194.083
177.754 194.083
177.754 194.083
178.441 194.833
178.67 195.083
178.899 195.333
179.128 195.583
179.128 195.583
179.357 195.833
179.357 195.833
179.357 195.833
179.586 196.083
179.815 196.333
179.815 196.333
179.815 196.333
180.044 196.583
180.273 196.833
180.502 197.083
180.731 197.333
180.731 197.333
180.731 197.333
180.96 197.583
181.189 197.833
181.418 198.083
181.418 198.083
181.418 198.083
181.876 198.583
181.876 198.583
182.105 198.833
182.105 198.833
182.105 198.833
182.334 199.083
182.563 199.333
182.563 199.333
182.563 199.333
182.792 199.583
183.021 199.833
183.021 199.833
183.25 200.083
183.25 200.083
183.25 200.083
183.479 200.333
183.708 200.583
183.708 200.583
183.937 200.833
183.937 200.833
183.937 200.833
184.624 201.583
184.624 201.583
184.853 201.833
185.083 202.083
185.083 202.083
185.083 202.083
185.083 202.083
185.312 202.333
185.541 202.583
185.77 202.833
185.77 202.833
185.999 203.083
186.228 203.333
186.228 203.333
186.457 203.583
186.686 203.833
186.686 203.833
186.915 204.083
186.915 204.083
186.915 204.083
186.915 204.083
186.915 204.083
187.144 204.333
187.373 204.583
187.602 204.833
187.602 204.833
188.747 206.083
188.747 206.083
188.747 206.083
188.747 206.083
189.205 206.583
189.663 207.083
189.663 207.083
189.663 207.083
190.121 207.583
190.35 207.833
190.35 207.833
190.579 208.083
190.997 208.54
191.266 208.833
191.489 209.077
191.495 209.083
191.724 209.333
191.825 209.444
191.953 209.583
192.113 209.758
192.401 210.073
192.411 210.083
192.411 210.083
192.411 210.083
192.411 210.083
192.869 210.583
193.327 211.083
193.327 211.083
193.327 211.083
193.785 211.583
194.014 211.833
194.014 211.833
194.014 211.833
194.472 212.333
194.701 212.583
195.159 213.083
195.159 213.083
196.075 214.083
196.075 214.083
196.075 214.083
196.075 214.083
196.533 214.583
196.991 215.083
196.991 215.083
196.991 215.083
197.449 215.583
197.678 215.833
197.678 215.833
198.136 216.333
198.365 216.583
198.594 216.833
198.823 217.083
198.823 217.083
199.052 217.333
199.281 217.583
199.313 217.619
199.537 217.863
199.739 218.083
199.739 218.083
199.739 218.083
199.739 218.083
199.758 218.104
200.197 218.583
200.655 219.083
200.655 219.083
200.655 219.083
201.113 219.583
201.342 219.833
201.342 219.833
201.342 219.833
201.571 220.083
201.8 220.333
202.029 220.583
202.258 220.833
202.487 221.083
202.487 221.083
202.716 221.333
203.403 222.083
203.403 222.083
203.403 222.083
203.403 222.083
203.861 222.583
204.319 223.083
204.319 223.083
204.319 223.083
204.777 223.583
205.006 223.833
205.006 223.833
205.006 223.833
205.464 224.333
205.464 224.333
205.533 224.408
205.829 224.731
205.922 224.833
206.13 225.06
206.151 225.083
206.151 225.083
206.38 225.333
206.43 225.387
206.609 225.583
206.76 225.748
207.044 226.058
207.067 226.083
207.067 226.083
207.067 226.083
207.067 226.083
207.525 226.583
207.983 227.083
207.983 227.083
207.983 227.083
208.441 227.583
208.67 227.833
208.67 227.833
208.67 227.833
208.903 228.088
209.128 228.333
209.128 228.333
209.357 228.583
209.586 228.833
209.81 229.077
209.815 229.083
209.815 229.083
210.044 229.333
210.262 229.571
210.273 229.583
210.71 230.06
210.731 230.083
210.731 230.083
210.731 230.083
210.731 230.083
211.189 230.583
211.647 231.083
211.647 231.083
211.647 231.083
212.105 231.583
212.105 231.583
212.334 231.833
212.334 231.833
212.334 231.833
212.563 232.083
212.792 232.333
212.792 232.333
213.021 232.583
213.231 232.812
213.25 232.833
213.479 233.083
213.479 233.083
213.489 233.094
213.708 233.333
213.806 233.44
213.937 233.583
214.119 233.781
214.395 234.083
214.395 234.083
214.395 234.083
214.395 234.083
214.415 234.104
214.853 234.583
215.311 235.083
215.311 235.083
215.311 235.083
215.311 235.083
215.77 235.583
215.77 235.583
215.999 235.833
215.999 235.833
215.999 235.833
216.008 235.844
216.084 235.927
216.184 236.035
216.228 236.083
216.457 236.333
216.457 236.333
216.457 236.333
216.686 236.583
216.686 236.583
216.915 236.833
216.915 236.833
217.144 237.083
217.144 237.083
217.144 237.083
217.144 237.083
217.144 237.083
217.144 237.083
217.373 237.333
217.373 237.333
217.602 237.583
217.602 237.583
217.602 237.583
217.831 237.833
218.06 238.083
218.06 238.083
218.518 238.583
218.518 238.583
218.518 238.583
218.518 238.583
218.747 238.833
218.976 239.083
219.205 239.333
219.205 239.333
219.205 239.333
219.205 239.333
219.663 239.833
219.892 240.083
219.892 240.083
219.892 240.083
219.892 240.083
220.35 240.583
220.579 240.833
221.037 241.333
221.037 241.333
221.037 241.333
221.037 241.333
221.495 241.833
221.724 242.083
221.724 242.083
221.724 242.083
221.724 242.083
221.724 242.083
221.953 242.333
222.103 242.498
222.182 242.583
222.411 242.833
222.411 242.833
222.411 242.833
222.64 243.083
222.869 243.333
223.098 243.583
223.098 243.583
223.327 243.833
223.327 243.833
223.556 244.083
223.556 244.083
223.556 244.083
223.785 244.333
224.014 244.583
224.014 244.583
224.243 244.833
224.243 244.833
224.472 245.083
224.701 245.333
224.93 245.583
225.159 245.833
225.159 245.833
225.388 246.083
225.388 246.083
225.388 246.083
225.617 246.333
225.846 246.583
225.846 246.583
226.075 246.833
226.304 247.083
226.304 247.083
226.533 247.333
226.762 247.583
226.762 247.583
226.991 247.833
227.22 248.083
227.22 248.083
227.22 248.083
227.22 248.083
227.449 248.333
227.678 248.583
227.678 248.583
227.907 248.833
227.907 248.833
228.136 249.083
228.365 249.333
228.594 249.583
228.594 249.583
228.823 249.833
228.823 249.833
229.052 250.083
229.052 250.083
229.052 250.083
229.281 250.333
229.51 250.583
229.51 250.583
229.739 250.833
229.968 251.083
229.968 251.083
230.197 251.333
230.426 251.583
230.426 251.583
230.655 251.833
230.655 251.833
230.884 252.083
230.884 252.083
230.884 252.083
231.113 252.333
231.342 252.583
231.571 252.833
231.571 252.833
231.571 252.833
231.8 253.083
231.8 253.083
231.8 253.083
232.029 253.333
232.029 253.333
232.029 253.333
232.029 253.333
232.258 253.583
232.258 253.583
232.487 253.833
232.487 253.833
232.716 254.083
232.716 254.083
232.716 254.083
232.716 254.083
232.716 254.083
233.174 254.583
233.174 254.583
233.403 254.833
233.403 254.833
233.632 255.083
233.632 255.083
233.861 255.333
233.861 255.333
234.09 255.583
234.319 255.833
234.319 255.833
234.548 256.083
234.548 256.083
234.548 256.083
234.777 256.333
235.006 256.583
235.006 256.583
235.235 256.833
235.235 256.833
235.235 256.833
235.464 257.083
235.693 257.333
235.693 257.333
235.922 257.583
236.151 257.833
236.151 257.833
236.38 258.083
236.38 258.083
236.38 258.083
236.38 258.083
236.609 258.333
236.76 258.498
236.838 258.583
237.067 258.833
237.067 258.833
237.296 259.083
237.296 259.083
237.296 259.083
237.525 259.333
237.525 259.333
237.754 259.583
237.754 259.583
237.983 259.833
237.983 259.833
238.212 260.083
238.212 260.083
238.212 260.083
238.212 260.083
238.441 260.333
238.67 260.583
238.67 260.583
238.899 260.833
238.899 260.833
239.128 261.083
239.128 261.083
239.128 261.083
239.357 261.333
239.586 261.583
239.815 261.833
239.815 261.833
240.044 262.083
240.044 262.083
240.044 262.083
240.273 262.333
240.502 262.583
240.502 262.583
240.731 262.833
240.731 262.833
240.96 263.083
240.96 263.083
241.189 263.333
241.189 263.333
241.418 263.583
241.418 263.583
241.647 263.833
241.876 264.083
241.876 264.083
241.876 264.083
242.105 264.333
242.334 264.583
242.334 264.583
242.563 264.833
242.563 264.833
242.563 264.833
242.792 265.083
243.021 265.333
243.021 265.333
243.021 265.333
243.25 265.583
243.25 265.583
243.479 265.833
243.479 265.833
243.479 265.833
243.479 265.833
243.708 266.083
243.708 266.083
243.708 266.083
243.937 266.333
244.166 266.583
244.166 266.583
244.395 266.833
244.624 267.083
244.853 267.333
245.082 267.583
245.082 267.583
245.311 267.833
245.54 268.083
245.54 268.083
245.54 268.083
245.769 268.333
245.998 268.583
246.228 268.833
246.228 268.833
246.457 269.083
246.686 269.333
246.686 269.333
246.915 269.583
247.077 269.76
247.144 269.833
247.228 269.925
247.31 270.015
247.348 270.056
247.357 270.067
247.374 270.085
247.411 270.125
247.808 270.558
248.281 271.075
248.769 271.608
248.804 271.646
249.033 271.896
249.252 272.135
249.254 272.137
249.325 272.215
249.38 272.275
249.466 272.369
249.764 272.694
250.054 273.01
250.695 273.71
250.913 273.948
251.144 274.2
251.153 274.21
251.186 274.246
251.248 274.315
251.323 274.396
251.676 274.781
252.235 275.392
252.651 275.846
253.002 276.229
253.063 276.296
253.092 276.327
253.094 276.329
253.144 276.383
254.027 277.348
254.241 277.581
254.483 277.846
254.724 278.108
255.008 278.419
255.222 278.652
255.466 278.919
255.686 279.158
255.947 279.444
256.182 279.7
256.483 280.029
256.771 280.344
257.069 280.669
257.361 280.987
257.665 281.319
257.997 281.681
258.426 282.15
260.113 283.992
260.187 284.073
260.254 284.146
260.277 284.171
260.344 284.244
260.684 284.615
260.903 284.854
261.123 285.094
261.355 285.348
261.531 285.54
