0.241071 0.3375
0.241071 0.3375
0.598214 0.8375
0.955356 1.3375
1.3125 1.8375
1.3125 1.8375
2.02678 2.8375
2.02678 2.8375
2.38393 3.3375
2.74107 3.8375
2.74107 3.8375
3.09821 4.3375
3.09821 4.3375
3.45535 4.8375
3.8125 5.3375
4.16964 5.8375
4.16964 5.8375
4.88392 6.8375
4.88392 6.8375
5.24107 7.3375
5.24107 7.3375
5.59821 7.8375
5.59821 7.8375
5.95535 8.3375
5.95535 8.3375
6.31249 8.8375
6.66964 9.3375
7.02678 9.8375
7.02678 9.8375
7.74106 10.8375
8.09821 11.3375
8.09821 11.3375
8.27678 11.5875
8.45535 11.8375
8.45535 11.8375
8.63392 12.0875
8.81249 12.3375
8.81249 12.3375
9.16963 12.8375
9.52678 13.3375
9.88392 13.8375
9.88392 13.8375
10.5982 14.8375
10.5982 14.8375
10.9553 15.3375
10.9553 15.3375
11.1339 15.5875
11.3125 15.8375
11.3125 15.8375
11.4911 16.0875
11.6696 16.3375
11.6696 16.3375
12.0268 16.8375
12.3839 17.3375
12.7411 17.8375
12.7411 17.8375
13.4553 18.8375
13.4553 18.8375
13.8125 19.3375
14.1696 19.8375
14.5268 20.3375
14.5268 20.3375
14.8839 20.8375
15.2411 21.3375
15.5982 21.8375
15.5982 21.8375
16.3125 22.8375
16.6696 23.3375
16.6696 23.3375
17.3839 24.3375
17.3839 24.3375
17.3839 24.3375
17.3839 24.3375
17.3839 24.3375
17.7411 24.8375
18.0982 25.3375
18.4553 25.8375
18.8125 26.3375
18.8125 26.3375
18.8125 26.3375
18.8125 26.3375
18.8125 26.3375
18.8125 26.3375
18.8125 26.3375
19.5268 27.3375
19.8839 27.8375
20.2411 28.3375
20.2411 28.3375
20.5982 28.8375
20.9553 29.3375
21.3125 29.8375
21.3125 29.8375
21.6696 30.3375
22.0268 30.8375
22.3839 31.3375
22.741 31.8375
23.0982 32.3375
23.4553 32.8375
23.4553 32.8375
23.8125 33.3375
23.8125 33.3375
24.1696 33.8375
24.1696 33.8375
24.5268 34.3375
24.5268 34.3375
24.8839 34.8375
24.8839 34.8375
25.241 35.3375
25.241 35.3375
25.5982 35.8375
25.5982 35.8375
25.9553 36.3375
25.9553 36.3375
26.3125 36.8375
26.491 37.0875
26.6696 37.3375
27.0268 37.8375
27.0268 37.8375
27.3839 38.3375
27.741 38.8375
27.741 38.8375
28.0982 39.3375
28.0982 39.3375
28.4553 39.8375
28.4553 39.8375
28.8125 40.3375
28.8125 40.3375
29.1696 40.8375
29.1696 40.8375
29.5268 41.3375
29.8839 41.8375
30.241 42.3375
30.5982 42.8375
30.5982 42.8375
30.9553 43.3375
30.9553 43.3375
31.3125 43.8375
31.3125 43.8375
31.6696 44.3375
31.6696 44.3375
32.0268 44.8375
32.0268 44.8375
32.3839 45.3375
32.741 45.8375
32.741 45.8375
33.0982 46.3375
33.0982 46.3375
33.4553 46.8375
33.4553 46.8375
33.8125 47.3375
33.8125 47.3375
34.1696 47.8375
34.1696 47.8375
34.5268 48.3375
34.5268 48.3375
34.8839 48.8375
35.241 49.3375
35.5982 49.8375
35.9553 50.3375
35.9553 50.3375
36.3125 50.8375
36.3125 50.8375
36.6696 51.3375
36.6696 51.3375
37.0267 51.8375
37.0267 51.8375
37.3839 52.3375
37.3839 52.3375
37.741 52.8375
38.0982 53.3375
38.4553 53.8375
38.8125 54.3375
38.8125 54.3375
39.1696 54.8375
39.1696 54.8375
39.5267 55.3375
39.5267 55.3375
39.8839 55.8375
40.241 56.3375
40.241 56.3375
40.5982 56.8375
40.7767 57.0875
40.9553 57.3375
41.3125 57.8375
41.6696 58.3375
41.6696 58.3375
42.0267 58.8375
42.3839 59.3375
42.3839 59.3375
42.741 59.8375
43.0982 60.3375
43.0982 60.3375
43.4553 60.8375
43.8125 61.3375
43.8125 61.3375
44.1696 61.8375
44.5267 62.3375
44.5267 62.3375
44.8839 62.8375
45.241 63.3375
45.241 63.3375
45.5982 63.8375
45.5982 63.8375
45.9553 64.3375
45.9553 64.3375
46.3125 64.8375
46.3125 64.8375
46.6696 65.3375
46.6696 65.3375
47.0267 65.8375
47.0267 65.8375
47.3839 66.3375
47.3839 66.3375
47.741 66.8375
47.741 66.8375
48.0982 67.3375
48.0982 67.3375
48.4553 67.8375
48.4553 67.8375
48.8125 68.3375
48.8125 68.3375
49.1696 68.8375
49.3482 69.0875
49.5267 69.3375
49.8839 69.8375
49.8839 69.8375
50.241 70.3375
50.5982 70.8375
50.5982 70.8375
50.9553 71.3375
50.9553 71.3375
51.3124 71.8375
51.3124 71.8375
51.6696 72.3375
51.6696 72.3375
52.0267 72.8375
52.0267 72.8375
52.3839 73.3375
52.741 73.8375
53.0982 74.3375
53.4553 74.8375
53.4553 74.8375
53.8124 75.3375
53.8124 75.3375
54.1696 75.8375
54.1696 75.8375
54.5267 76.3375
54.5267 76.3375
54.8839 76.8375
54.8839 76.8375
55.241 77.3375
55.5982 77.8375
55.9553 78.3375
55.9553 78.3375
56.3124 78.8375
56.3124 78.8375
56.6696 79.3375
56.6696 79.3375
57.0267 79.8375
57.0267 79.8375
57.3839 80.3375
57.3839 80.3375
57.741 80.8375
58.0982 81.3375
58.4553 81.8375
58.4553 81.8375
58.8124 82.3375
58.8124 82.3375
58.8124 82.3375
59.1696 82.8375
59.1696 82.8375
59.3482 83.0875
59.5267 83.3375
59.5267 83.3375
59.8839 83.8375
59.8839 83.8375
59.8839 83.8375
60.241 84.3375
60.241 84.3375
60.241 84.3375
60.5982 84.8375
60.9553 85.3375
61.3124 85.8375
61.3124 85.8375
61.6696 86.3375
61.6696 86.3375
62.0267 86.8375
62.0267 86.8375
62.3839 87.3375
62.3839 87.3375
62.741 87.8375
62.741 87.8375
63.0982 88.3375
63.0982 88.3375
63.0982 88.3375
63.4553 88.8375
63.8124 89.3375
63.8124 89.3375
64.1696 89.8375
64.1696 89.8375
64.5267 90.3375
64.5267 90.3375
64.8839 90.8375
64.8839 90.8375
65.241 91.3375
65.241 91.3375
65.5981 91.8375
65.9553 92.3375
65.9553 92.3375
66.3124 92.8375
66.6696 93.3375
67.0267 93.8375
67.3839 94.3375
67.3839 94.3375
67.741 94.8375
67.741 94.8375
68.0981 95.3375
68.0981 95.3375
68.4553 95.8375
68.4553 95.8375
68.8124 96.3375
68.991 96.5875
69.1696 96.8375
69.3481 97.0875
69.5267 97.3375
69.7053 97.5875
69.8839 97.8375
70.0624 98.0875
70.241 98.3375
70.241 98.3375
70.241 98.3375
70.4196 98.5875
70.5981 98.8375
70.5981 98.8375
70.7767 99.0875
70.7767 99.0875
70.9553 99.3375
70.9553 99.3375
71.1339 99.5875
71.3124 99.8375
71.3124 99.8375
71.3124 99.8375
71.491 100.088
71.6696 100.338
71.6696 100.338
71.8481 100.588
72.0267 100.838
72.2053 101.088
72.3839 101.338
72.5624 101.588
72.741 101.837
72.9196 102.088
73.0981 102.338
73.0981 102.338
73.2767 102.587
73.4553 102.838
73.4553 102.838
73.6339 103.088
73.8124 103.337
73.8124 103.337
73.991 103.588
74.1696 103.838
74.1696 103.838
74.3481 104.088
74.5267 104.338
74.5267 104.338
74.7053 104.588
74.8839 104.838
74.8839 104.838
75.0624 105.088
75.241 105.338
75.241 105.338
75.4196 105.588
75.5981 105.838
75.5981 105.838
75.7767 106.088
75.9553 106.338
75.9553 106.338
76.1339 106.588
76.3124 106.838
76.491 107.088
76.491 107.088
76.6696 107.337
76.8481 107.588
77.0267 107.838
77.0267 107.838
77.2053 108.087
77.3839 108.338
77.3839 108.338
77.5624 108.588
77.741 108.837
77.9196 109.088
78.0981 109.338
78.0981 109.338
78.2767 109.588
78.4553 109.838
78.4553 109.838
78.4553 109.838
78.6338 110.088
78.8124 110.338
78.8124 110.338
78.991 110.588
79.1696 110.838
79.1696 110.838
79.1696 110.838
79.3481 111.088
79.5267 111.338
79.5267 111.338
79.7053 111.588
79.8838 111.838
79.8838 111.838
79.8838 111.838
80.0624 112.088
80.241 112.338
80.241 112.338
80.241 112.338
80.4196 112.588
80.5981 112.837
80.5981 112.837
80.7767 113.088
80.9553 113.338
81.1338 113.587
81.3124 113.838
81.3124 113.838
81.491 114.088
81.6696 114.337
81.6696 114.337
81.8481 114.588
82.0267 114.838
82.0267 114.838
82.2053 115.088
82.3838 115.338
82.3838 115.338
82.5624 115.588
82.741 115.838
82.741 115.838
82.9196 116.088
83.0981 116.338
83.0981 116.338
83.2767 116.588
83.4553 116.838
83.6338 117.088
83.8124 117.338
83.991 117.588
84.1696 117.838
84.1696 117.838
84.3481 118.088
84.5267 118.337
84.5267 118.337
84.7053 118.588
84.8838 118.838
84.8838 118.838
85.0624 119.087
85.241 119.338
85.241 119.338
85.241 119.338
85.4196 119.588
85.5981 119.837
85.5981 119.837
85.7767 120.088
85.9553 120.338
86.1338 120.588
86.3124 120.838
86.3124 120.838
86.491 121.088
86.6696 121.338
86.8481 121.588
87.0267 121.838
87.0267 121.838
87.2053 122.088
87.3838 122.338
87.3838 122.338
87.5624 122.588
87.741 122.838
87.9196 123.087
87.9196 123.087
88.0981 123.338
88.2767 123.588
88.4553 123.837
88.4553 123.837
88.8124 124.338
88.8124 124.338
88.991 124.587
89.1696 124.838
89.3481 125.088
89.5267 125.338
89.7053 125.588
89.8838 125.838
90.0624 126.088
90.241 126.338
90.241 126.338
90.4196 126.588
90.5981 126.838
90.5981 126.838
90.7767 127.088
90.9553 127.338
90.9553 127.338
91.1338 127.588
91.3124 127.838
91.3124 127.838
91.491 128.088
91.6696 128.338
91.8481 128.588
92.0267 128.838
92.2053 129.088
92.3838 129.338
92.5624 129.588
92.741 129.838
92.9195 130.088
93.0981 130.338
93.0981 130.338
93.2767 130.588
93.4553 130.838
93.4553 130.838
93.6338 131.088
93.8124 131.338
93.8124 131.338
93.991 131.588
94.1695 131.838
94.1695 131.838
94.3481 132.088
94.5267 132.338
94.7053 132.588
94.8838 132.838
95.0624 133.088
95.241 133.338
95.4195 133.588
95.5981 133.838
95.7767 134.088
95.9553 134.338
95.9553 134.338
96.1338 134.588
96.3124 134.838
96.3124 134.838
96.491 135.088
96.6695 135.338
96.6695 135.338
96.8481 135.588
97.0267 135.838
97.0267 135.838
97.2053 136.088
97.3838 136.338
97.3838 136.338
97.5624 136.588
97.741 136.838
97.741 136.838
97.9195 137.088
98.0981 137.338
98.0981 137.338
98.2767 137.588
98.4553 137.838
98.4553 137.838
98.6338 138.088
98.8124 138.338
98.8124 138.338
98.991 138.588
99.1695 138.838
99.3481 139.088
99.3481 139.088
99.5267 139.338
99.7053 139.588
99.8838 139.838
99.8838 139.838
100.062 140.088
100.241 140.338
100.42 140.588
100.598 140.838
100.598 140.838
100.777 141.088
100.955 141.338
101.134 141.588
101.312 141.838
101.312 141.838
101.491 142.088
101.67 142.338
101.67 142.338
101.848 142.588
102.027 142.838
102.027 142.838
102.205 143.088
102.384 143.338
102.384 143.338
102.562 143.588
102.741 143.838
102.741 143.838
102.92 144.088
103.098 144.338
103.098 144.338
103.277 144.588
103.455 144.838
103.634 145.088
103.812 145.338
103.991 145.588
104.17 145.838
104.17 145.838
104.348 146.088
104.527 146.338
104.527 146.338
104.705 146.588
104.884 146.838
104.884 146.838
105.062 147.088
105.241 147.338
105.241 147.338
105.42 147.588
105.598 147.838
105.598 147.838
105.777 148.088
105.955 148.338
105.955 148.338
106.134 148.588
106.312 148.838
106.491 149.088
106.67 149.338
106.848 149.588
107.027 149.838
107.027 149.838
107.205 150.088
107.384 150.338
107.384 150.338
107.562 150.588
107.741 150.838
107.741 150.838
107.92 151.088
108.098 151.338
108.098 151.338
108.098 151.338
108.277 151.588
108.455 151.838
108.455 151.838
108.634 152.088
108.812 152.338
108.812 152.338
108.991 152.588
109.17 152.838
109.17 152.838
109.348 153.088
109.527 153.338
109.527 153.338
109.705 153.588
109.884 153.838
109.884 153.838
110.062 154.088
110.241 154.338
110.241 154.338
110.42 154.588
110.598 154.838
110.598 154.838
110.777 155.088
110.955 155.338
111.134 155.588
111.312 155.838
111.312 155.838
111.67 156.338
112.027 156.838
112.384 157.338
112.741 157.838
112.741 157.838
113.098 158.338
113.098 158.338
113.455 158.838
113.812 159.338
113.812 159.338
113.812 159.338
113.812 159.338
114.17 159.838
114.348 160.088
114.527 160.338
114.527 160.338
114.527 160.338
114.884 160.838
115.241 161.338
115.598 161.838
115.598 161.838
115.955 162.338
115.955 162.338
116.312 162.838
116.67 163.338
117.027 163.838
117.384 164.338
117.384 164.338
117.741 164.838
118.098 165.338
118.455 165.838
118.812 166.338
118.812 166.338
119.17 166.838
119.17 166.838
119.527 167.338
119.527 167.338
119.884 167.838
120.241 168.338
120.241 168.338
120.598 168.838
120.598 168.838
120.955 169.338
120.955 169.338
121.312 169.838
121.312 169.838
121.67 170.338
121.67 170.338
121.67 170.338
121.67 170.338
122.027 170.838
122.027 170.838
122.384 171.338
122.384 171.338
122.384 171.338
122.741 171.838
123.098 172.338
123.455 172.838
123.455 172.838
123.812 173.338
123.812 173.338
124.17 173.838
124.17 173.838
124.527 174.338
124.527 174.338
124.884 174.838
124.884 174.838
125.241 175.338
125.241 175.338
125.598 175.838
125.598 175.838
125.955 176.338
125.955 176.338
126.312 176.838
126.491 177.088
126.67 177.338
127.027 177.838
127.027 177.838
127.384 178.338
127.741 178.838
127.741 178.838
128.098 179.338
128.098 179.338
128.455 179.838
128.455 179.838
128.812 180.338
128.812 180.338
129.17 180.838
129.17 180.838
129.527 181.338
129.884 181.838
130.241 182.338
130.598 182.838
130.598 182.838
130.955 183.337
130.955 183.337
131.312 183.838
131.312 183.838
131.67 184.338
131.67 184.338
132.027 184.837
132.027 184.837
132.384 185.338
132.741 185.838
133.098 186.337
133.098 186.337
133.455 186.838
133.455 186.838
133.812 187.338
133.812 187.338
134.17 187.838
134.17 187.838
134.527 188.338
134.527 188.338
134.884 188.838
135.241 189.338
135.598 189.838
135.598 189.838
135.955 190.338
135.955 190.338
135.955 190.338
136.312 190.838
136.312 190.838
136.491 191.087
136.67 191.338
136.67 191.338
137.027 191.838
137.027 191.838
137.027 191.838
137.384 192.338
137.384 192.338
137.384 192.338
137.741 192.838
138.098 193.338
138.455 193.838
138.455 193.838
138.812 194.337
138.812 194.337
139.17 194.838
139.17 194.838
139.527 195.338
139.527 195.338
139.884 195.837
139.884 195.837
140.241 196.338
140.241 196.338
140.241 196.338
140.598 196.838
140.955 197.337
140.955 197.337
141.312 197.838
141.312 197.838
141.67 198.338
141.67 198.338
142.027 198.838
142.027 198.838
142.384 199.338
142.384 199.338
142.741 199.838
143.098 200.338
143.098 200.338
143.455 200.838
143.812 201.338
144.169 201.838
144.527 202.338
144.527 202.338
144.884 202.838
144.884 202.838
145.241 203.338
145.241 203.338
145.598 203.838
145.598 203.838
145.955 204.338
146.134 204.588
146.312 204.838
146.491 205.088
146.669 205.337
146.848 205.588
147.027 205.838
147.205 206.088
147.384 206.338
147.384 206.338
147.384 206.338
147.562 206.588
147.741 206.837
147.741 206.837
147.919 207.088
147.919 207.088
148.098 207.338
148.098 207.338
148.277 207.588
148.455 207.838
148.455 207.838
148.455 207.838
148.634 208.088
148.812 208.337
148.812 208.337
148.991 208.588
149.169 208.838
149.348 209.088
149.527 209.338
149.705 209.588
149.884 209.838
150.062 210.087
150.241 210.338
150.241 210.338
150.419 210.588
150.598 210.838
150.598 210.838
150.777 211.088
150.955 211.338
150.955 211.338
151.134 211.587
151.312 211.838
151.312 211.838
151.491 212.088
151.669 212.338
151.669 212.338
151.848 212.588
152.027 212.838
152.027 212.838
152.205 213.087
152.384 213.338
152.384 213.338
152.562 213.588
152.741 213.838
152.741 213.838
152.919 214.088
153.098 214.338
153.098 214.338
153.277 214.588
153.455 214.838
153.634 215.088
153.634 215.088
153.812 215.338
153.991 215.588
154.169 215.838
154.169 215.838
154.348 216.088
154.527 216.337
154.527 216.337
154.705 216.588
154.884 216.838
155.062 217.088
155.241 217.338
155.241 217.338
155.419 217.588
155.598 217.837
155.598 217.837
155.598 217.837
155.777 218.088
155.955 218.338
155.955 218.338
156.134 218.588
156.312 218.838
156.312 218.838
156.312 218.838
156.491 219.088
156.669 219.337
156.669 219.337
156.848 219.588
157.027 219.838
157.027 219.838
157.027 219.838
157.205 220.088
157.384 220.338
157.384 220.338
157.384 220.338
157.562 220.588
157.741 220.838
157.741 220.838
157.919 221.087
158.098 221.338
158.277 221.588
158.455 221.838
158.455 221.838
158.634 222.088
158.812 222.338
158.812 222.338
158.991 222.587
159.169 222.838
159.169 222.838
159.348 223.088
159.527 223.338
159.527 223.338
159.705 223.588
159.884 223.838
159.884 223.838
160.062 224.087
160.241 224.338
160.241 224.338
160.419 224.588
160.598 224.838
160.777 225.088
160.955 225.338
161.134 225.588
161.312 225.838
161.312 225.838
161.491 226.088
161.669 226.338
161.669 226.338
161.848 226.588
162.027 226.838
162.027 226.838
162.205 227.088
162.384 227.337
162.384 227.337
162.384 227.337
162.562 227.588
162.741 227.838
162.741 227.838
162.919 228.088
163.098 228.338
163.277 228.588
163.455 228.837
163.455 228.837
163.634 229.088
163.812 229.338
163.991 229.588
164.169 229.838
164.348 230.088
164.527 230.337
164.705 230.588
164.884 230.838
165.062 231.088
165.241 231.338
165.419 231.588
165.598 231.838
165.598 231.838
165.955 232.338
165.955 232.338
166.134 232.588
166.312 232.838
166.312 232.838
166.491 233.088
166.669 233.338
166.669 233.338
166.848 233.587
167.027 233.838
167.027 233.838
167.205 234.088
167.384 234.338
167.384 234.338
167.384 234.338
167.562 234.588
167.741 234.838
167.741 234.838
167.919 235.087
168.098 235.338
168.098 235.338
168.277 235.588
168.455 235.838
168.455 235.838
168.634 236.088
168.812 236.338
168.991 236.588
169.169 236.838
169.348 237.088
169.527 237.338
169.705 237.588
169.884 237.838
170.062 238.088
170.241 238.337
170.241 238.337
170.419 238.588
170.598 238.838
170.598 238.838
170.777 239.088
170.955 239.338
170.955 239.338
171.134 239.588
171.312 239.837
171.312 239.837
171.491 240.088
171.669 240.338
171.848 240.588
172.027 240.838
172.205 241.088
172.384 241.337
172.562 241.588
172.741 241.838
172.919 242.088
173.098 242.338
173.098 242.338
173.277 242.588
173.455 242.838
173.455 242.838
173.634 243.087
173.812 243.338
173.812 243.338
173.991 243.588
174.169 243.838
174.169 243.838
174.348 244.088
174.527 244.338
174.527 244.338
174.705 244.587
174.884 244.838
174.884 244.838
175.062 245.088
175.241 245.338
175.241 245.338
175.419 245.588
175.598 245.838
175.598 245.838
175.777 246.087
175.955 246.338
175.955 246.338
176.134 246.588
176.312 246.838
176.491 247.088
176.491 247.088
176.669 247.338
176.848 247.588
177.027 247.837
177.027 247.837
177.205 248.088
177.384 248.338
177.562 248.588
177.741 248.838
177.741 248.838
177.919 249.088
178.098 249.337
178.277 249.588
178.455 249.838
178.455 249.838
178.634 250.088
178.812 250.338
178.812 250.338
178.991 250.588
179.169 250.837
179.169 250.837
179.348 251.088
179.527 251.338
179.527 251.338
179.705 251.588
179.884 251.838
179.884 251.838
180.062 252.088
180.241 252.338
180.241 252.338
180.419 252.588
180.598 252.838
180.777 253.088
180.955 253.338
181.134 253.588
181.312 253.838
181.312 253.838
181.491 254.087
181.669 254.338
181.669 254.338
181.848 254.588
182.027 254.838
182.027 254.838
182.205 255.088
182.384 255.338
182.384 255.338
182.562 255.587
182.741 255.838
182.741 255.838
182.919 256.087
183.098 256.337
183.098 256.337
183.277 256.587
183.455 256.837
183.634 257.087
183.812 257.337
183.991 257.587
184.169 257.837
184.169 257.837
184.348 258.087
184.527 258.337
184.527 258.337
184.705 258.587
184.884 258.837
184.884 258.837
185.062 259.087
185.241 259.337
185.241 259.337
185.241 259.337
185.419 259.587
185.598 259.837
185.598 259.837
185.777 260.087
185.955 260.337
185.955 260.337
186.134 260.587
186.312 260.837
186.312 260.837
186.491 261.087
186.669 261.337
186.669 261.337
186.669 261.337
186.848 261.587
186.848 261.587
187.027 261.837
187.027 261.837
187.205 262.087
187.205 262.087
187.384 262.337
187.384 262.337
187.562 262.587
187.741 262.837
187.741 262.837
187.919 263.087
187.919 263.087
188.098 263.337
188.098 263.337
188.277 263.587
188.277 263.587
188.455 263.837
188.455 263.837
188.634 264.087
188.812 264.337
188.812 264.337
188.812 264.337
188.812 264.337
188.812 264.337
188.812 264.337
188.812 264.337
189.169 264.837
189.169 264.837
189.169 264.837
189.527 265.337
189.527 265.337
189.527 265.337
189.527 265.337
189.527 265.337
189.884 265.837
189.884 265.837
189.884 265.837
190.241 266.337
190.241 266.337
190.241 266.337
190.241 266.337
190.241 266.337
190.241 266.337
190.598 266.837
190.598 266.837
190.598 266.837
190.598 266.837
190.955 267.337
190.955 267.337
190.955 267.337
190.955 267.337
191.312 267.837
191.312 267.837
191.312 267.837
191.312 267.837
191.669 268.337
191.848 268.587
192.027 268.837
192.205 269.087
192.384 269.337
192.562 269.587
192.741 269.837
192.919 270.087
193.098 270.337
193.098 270.337
193.277 270.587
193.455 270.837
193.455 270.837
193.634 271.087
193.812 271.337
193.812 271.337
193.991 271.587
194.169 271.837
194.169 271.837
194.348 272.087
194.348 272.087
194.527 272.337
194.705 272.587
194.884 272.837
195.062 273.087
195.241 273.337
195.419 273.587
195.598 273.837
195.777 274.087
195.955 274.337
195.955 274.337
196.134 274.587
196.312 274.837
196.312 274.837
196.491 275.087
196.669 275.337
196.669 275.337
196.848 275.587
197.027 275.837
197.027 275.837
197.205 276.087
197.384 276.337
197.384 276.337
197.562 276.587
197.741 276.837
197.741 276.837
197.919 277.087
198.098 277.337
198.098 277.337
198.277 277.587
198.455 277.837
198.455 277.837
198.634 278.087
198.812 278.337
198.812 278.337
198.991 278.587
199.169 278.837
199.348 279.087
199.348 279.087
199.527 279.337
199.705 279.587
199.884 279.837
199.884 279.837
200.062 280.087
200.241 280.337
200.419 280.587
200.598 280.837
200.598 280.837
200.777 281.087
200.955 281.337
201.134 281.587
201.312 281.837
201.312 281.837
201.491 282.087
201.669 282.337
201.669 282.337
201.848 282.587
202.027 282.837
202.027 282.837
202.205 283.087
202.384 283.337
202.384 283.337
202.562 283.587
202.741 283.837
202.741 283.837
202.919 284.087
203.098 284.337
203.098 284.337
203.277 284.587
203.455 284.837
203.634 285.087
203.812 285.337
203.991 285.587
204.169 285.837
204.169 285.837
204.348 286.087
204.527 286.337
204.527 286.337
204.705 286.587
204.884 286.837
204.884 286.837
205.062 287.087
205.241 287.337
205.241 287.337
205.419 287.587
205.598 287.837
205.598 287.837
205.777 288.087
205.955 288.337
205.955 288.337
206.134 288.587
206.312 288.837
206.491 289.087
206.669 289.337
206.848 289.587
207.027 289.837
207.027 289.837
207.205 290.087
207.384 290.337
207.384 290.337
207.562 290.587
207.741 290.837
207.741 290.837
207.919 291.087
208.098 291.337
208.098 291.337
208.098 291.337
208.277 291.587
208.455 291.837
208.455 291.837
208.634 292.087
208.812 292.337
208.812 292.337
208.991 292.587
209.169 292.837
209.169 292.837
209.169 292.837
209.348 293.087
209.527 293.337
209.527 293.337
209.705 293.587
209.884 293.837
209.884 293.837
210.062 294.087
210.062 294.087
210.241 294.337
210.241 294.337
210.419 294.587
210.598 294.837
210.777 295.087
210.955 295.337
210.955 295.337
211.134 295.587
211.134 295.587
211.312 295.837
211.312 295.837
211.491 296.087
211.669 296.337
211.669 296.337
211.848 296.587
212.027 296.837
212.027 296.837
212.205 297.087
212.205 297.087
212.384 297.337
212.384 297.337
212.562 297.587
212.562 297.587
212.741 297.837
212.741 297.837
212.919 298.087
212.919 298.087
213.098 298.337
213.098 298.337
213.098 298.337
213.277 298.587
213.455 298.837
213.634 299.087
213.812 299.337
213.812 299.337
213.812 299.337
213.991 299.587
214.169 299.837
214.348 300.087
214.527 300.337
214.527 300.337
214.527 300.337
214.705 300.587
214.884 300.837
215.062 301.087
215.241 301.337
215.419 301.587
215.598 301.837
215.777 302.087
215.955 302.337
215.955 302.337
216.134 302.587
216.312 302.837
216.312 302.837
216.491 303.087
216.669 303.337
216.669 303.337
216.848 303.587
217.027 303.837
217.027 303.837
217.205 304.087
217.384 304.337
217.562 304.587
217.741 304.837
217.919 305.087
218.098 305.337
218.12 305.369
218.277 305.587
218.296 305.615
218.434 305.808
218.455 305.837
218.555 305.977
218.634 306.087
218.812 306.337
218.991 306.587
219.169 306.837
219.348 307.087
219.527 307.337
219.705 307.587
219.884 307.837
220.062 308.087
220.241 308.337
220.253 308.354
220.419 308.587
220.598 308.837
220.777 309.087
220.955 309.337
221.134 309.587
221.275 309.785
221.312 309.837
221.491 310.087
221.669 310.337
221.848 310.587
222 310.8
222.027 310.837
222.205 311.087
222.384 311.337
222.396 311.354
222.562 311.587
222.722 311.81
222.741 311.837
222.919 312.087
223.098 312.337
223.277 312.587
223.455 312.837
223.533 312.946
223.634 313.087
223.812 313.337
223.812 313.337
223.991 313.587
224.169 313.837
224.202 313.883
224.348 314.087
224.527 314.337
224.705 314.587
224.884 314.837
225.062 315.087
225.241 315.337
225.419 315.587
225.598 315.837
225.777 316.087
225.955 316.337
226.134 316.587
226.312 316.837
226.342 316.879
226.491 317.087
226.516 317.123
226.669 317.337
226.692 317.369
226.848 317.587
226.861 317.606
227.027 317.837
227.046 317.865
227.196 318.075
227.205 318.087
227.384 318.337
227.391 318.348
227.562 318.587
227.741 318.837
227.919 319.087
228.092 319.329
228.098 319.337
228.277 319.587
228.455 319.837
228.634 320.087
228.812 320.337
228.821 320.35
228.991 320.587
229.169 320.837
229.348 321.087
229.527 321.337
229.705 321.587
229.884 321.837
230.062 322.087
230.241 322.337
230.259 322.363
230.419 322.587
230.598 322.837
230.777 323.087
230.955 323.337
230.955 323.337
231.022 323.431
231.134 323.587
231.312 323.837
231.419 323.988
231.491 324.087
231.669 324.337
231.848 324.587
232.027 324.837
232.205 325.087
232.364 325.31
232.384 325.337
232.558 325.581
232.562 325.587
232.741 325.837
232.742 325.84
232.919 326.087
232.925 326.096
233.098 326.337
233.122 326.371
233.277 326.587
233.288 326.604
233.455 326.837
233.48 326.873
233.634 327.087
233.647 327.106
233.812 327.337
233.817 327.344
233.991 327.587
234.169 327.837
234.527 328.337
234.705 328.587
234.884 328.837
234.894 328.852
235.061 329.085
235.062 329.087
235.241 329.337
235.274 329.383
235.419 329.587
235.598 329.837
235.619 329.867
235.777 330.087
235.778 330.09
235.955 330.337
235.976 330.367
236.134 330.587
236.312 330.837
236.491 331.087
236.669 331.337
236.848 331.587
237.027 331.837
237.259 332.163
237.384 332.337
237.384 332.337
237.384 332.337
237.384 332.337
237.384 332.337
237.384 332.337
237.384 332.337
237.437 332.413
