2.00108 3.86875
2.00108 3.86875
2.00108 3.86875
2.00108 3.86875
2.00108 3.86875
3.03556 5.86875
3.03556 5.86875
3.03556 5.86875
3.03556 5.86875
3.03556 5.86875
3.42349 6.61875
3.5528 6.86875
3.81142 7.36875
3.81142 7.36875
3.81142 7.36875
3.81142 7.36875
3.81142 7.36875
6.139 11.8688
6.139 11.8688
6.139 11.8688
6.139 11.8688
6.139 11.8688
6.39762 12.3688
6.39762 12.3688
6.39762 12.3688
6.65625 12.8688
6.65625 12.8688
6.65625 12.8688
6.91487 13.3688
6.91487 13.3688
6.91487 13.3688
7.17349 13.8688
7.17349 13.8688
7.17349 13.8688
7.43211 14.3688
7.43211 14.3688
7.43211 14.3688
7.69073 14.8688
7.69073 14.8688
7.69073 14.8688
7.94935 15.3688
7.94935 15.3688
7.94935 15.3688
8.20797 15.8688
8.20797 15.8688
8.20797 15.8688
8.20797 15.8688
8.20797 15.8688
8.46659 16.3687
8.46659 16.3687
8.46659 16.3687
8.46659 16.3687
8.72521 16.8687
8.72521 16.8687
8.72521 16.8687
8.72521 16.8687
8.98383 17.3687
8.98383 17.3687
8.98383 17.3687
8.98383 17.3687
9.24245 17.8687
9.24245 17.8687
9.24245 17.8687
9.50107 18.3687
9.50107 18.3687
9.50107 18.3687
9.75969 18.8687
9.75969 18.8687
9.75969 18.8687
10.0183 19.3687
10.0183 19.3687
10.0183 19.3687
10.2769 19.8687
10.2769 19.8687
10.2769 19.8687
10.2769 19.8687
10.2769 19.8687
10.5356 20.3687
10.5356 20.3687
10.5356 20.3687
10.7942 20.8687
10.7942 20.8687
10.7942 20.8687
11.0528 21.3687
11.0528 21.3687
11.0528 21.3687
11.0528 21.3687
11.3114 21.8687
11.3114 21.8687
11.3114 21.8687
11.3114 21.8687
11.57 22.3687
11.57 22.3687
11.57 22.3687
11.57 22.3687
11.8287 22.8687
11.8287 22.8687
11.8287 22.8687
11.8287 22.8687
12.0873 23.3687
12.0873 23.3687
12.0873 23.3687
12.0873 23.3687
12.3459 23.8687
12.3459 23.8687
12.3459 23.8687
12.3459 23.8687
12.3459 23.8687
12.6045 24.3687
12.6045 24.3687
12.6045 24.3687
12.8631 24.8687
12.8631 24.8687
12.8631 24.8687
12.8631 24.8687
13.1218 25.3687
13.1218 25.3687
13.1218 25.3687
13.1218 25.3687
13.3804 25.8687
13.3804 25.8687
13.3804 25.8687
13.639 26.3687
13.639 26.3687
13.639 26.3687
13.8976 26.8687
13.8976 26.8687
13.8976 26.8687
13.8976 26.8687
14.1562 27.3687
14.1562 27.3687
14.1562 27.3687
14.1562 27.3687
14.4149 27.8687
14.4149 27.8687
14.4149 27.8687
14.4149 27.8687
14.4149 27.8687
14.6735 28.3687
14.6735 28.3687
14.6735 28.3687
14.9321 28.8687
14.9321 28.8687
14.9321 28.8687
15.1907 29.3687
15.1907 29.3687
15.1907 29.3687
15.4493 29.8687
15.4493 29.8687
15.4493 29.8687
15.708 30.3687
15.708 30.3687
15.708 30.3687
15.9666 30.8687
15.9666 30.8687
15.9666 30.8687
15.9666 30.8687
16.2252 31.3688
16.2252 31.3688
16.2252 31.3688
16.2252 31.3688
16.4838 31.8688
16.4838 31.8688
16.4838 31.8688
16.4838 31.8688
16.4838 31.8688
16.4838 31.8688
16.7424 32.3687
16.7424 32.3687
16.7424 32.3687
16.7424 32.3687
17.0011 32.8687
17.0011 32.8687
17.0011 32.8687
17.0011 32.8687
17.2597 33.3687
17.2597 33.3687
17.2597 33.3687
17.2597 33.3687
17.5183 33.8687
17.5183 33.8687
17.5183 33.8687
17.5183 33.8687
17.7769 34.3687
17.7769 34.3687
17.7769 34.3687
17.7769 34.3687
18.0355 34.8687
18.0355 34.8687
18.0355 34.8687
18.0355 34.8687
18.2942 35.3687
18.2942 35.3687
18.2942 35.3687
18.2942 35.3687
18.5528 35.8687
18.5528 35.8687
18.5528 35.8687
18.5528 35.8687
18.5528 35.8687
18.8114 36.3687
18.8114 36.3687
18.8114 36.3687
19.07 36.8687
19.07 36.8687
19.07 36.8687
19.3286 37.3687
19.3286 37.3687
19.3286 37.3687
19.5873 37.8687
19.5873 37.8687
19.5873 37.8687
19.8459 38.3687
19.8459 38.3687
19.8459 38.3687
20.1045 38.8687
20.1045 38.8687
20.1045 38.8687
20.3631 39.3687
20.3631 39.3687
20.3631 39.3687
20.3631 39.3687
20.4924 39.6187
20.6218 39.8687
20.6218 39.8687
20.6218 39.8687
20.6218 39.8687
20.8804 40.3687
20.8804 40.3687
20.8804 40.3687
21.139 40.8687
21.139 40.8687
21.139 40.8687
21.139 40.8687
21.3976 41.3687
21.3976 41.3687
21.3976 41.3687
21.3976 41.3687
21.6562 41.8687
21.6562 41.8687
21.6562 41.8687
21.6562 41.8687
21.6562 41.8687
21.9149 42.3687
21.9149 42.3687
21.9149 42.3687
21.9149 42.3687
22.1735 42.8687
22.1735 42.8687
22.1735 42.8687
22.4321 43.3687
22.4321 43.3687
22.4321 43.3687
22.6907 43.8687
22.6907 43.8687
22.6907 43.8687
22.6907 43.8687
22.6907 43.8687
22.6907 43.8687
22.9493 44.3687
23.208 44.8687
23.208 44.8687
23.208 44.8687
23.208 44.8687
23.4666 45.3687
23.4666 45.3687
23.7252 45.8687
23.7252 45.8687
23.9838 46.3687
24.2424 46.8687
24.2424 46.8687
24.2424 46.8687
24.2424 46.8687
24.5011 47.3687
24.5011 47.3687
24.7597 47.8687
24.7597 47.8687
25.0183 48.3687
25.2769 48.8687
25.2769 48.8687
25.2769 48.8687
25.2769 48.8687
25.5355 49.3687
25.5355 49.3687
25.7942 49.8687
25.7942 49.8687
26.0528 50.3687
26.3114 50.8687
26.3114 50.8687
26.3114 50.8687
26.3114 50.8687
26.3114 50.8687
26.57 51.3687
26.8286 51.8687
27.0873 52.3687
27.3459 52.8687
27.3459 52.8687
27.3459 52.8687
27.3459 52.8687
27.6045 53.3687
27.6045 53.3687
27.8631 53.8687
27.8631 53.8687
28.1217 54.3687
28.3804 54.8687
28.3804 54.8687
28.3804 54.8687
28.3804 54.8687
28.639 55.3687
28.639 55.3687
28.8976 55.8687
28.8976 55.8687
29.1562 56.3687
29.4148 56.8687
29.4148 56.8687
29.4148 56.8687
29.4148 56.8687
29.6735 57.3687
29.6735 57.3687
29.9321 57.8687
29.9321 57.8687
30.1907 58.3687
30.4493 58.8687
30.4493 58.8687
30.4493 58.8687
30.4493 58.8687
30.4493 58.8687
30.708 59.3687
30.9666 59.8687
30.9666 59.8687
30.9666 59.8687
30.9666 59.8687
31.2252 60.3687
31.4838 60.8687
31.4838 60.8687
31.4838 60.8687
31.4838 60.8687
31.7424 61.3687
31.7424 61.3687
32.0011 61.8687
32.0011 61.8687
32.2597 62.3687
32.5183 62.8687
32.5183 62.8687
32.5183 62.8687
32.5183 62.8687
32.7769 63.3687
32.7769 63.3687
33.0355 63.8688
33.0355 63.8688
33.2942 64.3688
33.5528 64.8688
33.5528 64.8688
33.5528 64.8688
33.5528 64.8688
33.8114 65.3688
33.8114 65.3688
34.07 65.8688
34.07 65.8688
34.3286 66.3688
34.5873 66.8688
34.5873 66.8688
34.5873 66.8688
34.5873 66.8688
34.5873 66.8688
34.8459 67.3688
35.1045 67.8688
35.1045 67.8688
35.1045 67.8688
35.1045 67.8688
35.1045 67.8688
35.3631 68.3688
35.6217 68.8688
35.6217 68.8688
35.6217 68.8688
35.8804 69.3688
35.8804 69.3688
36.139 69.8688
36.139 69.8688
36.139 69.8688
36.139 69.8688
36.3976 70.3688
36.6562 70.8688
36.6562 70.8688
36.6562 70.8688
36.6562 70.8688
36.9148 71.3688
37.1735 71.8688
37.1735 71.8688
37.1735 71.8688
37.1735 71.8688
37.4321 72.3688
37.6907 72.8688
37.6907 72.8688
37.6907 72.8688
37.9493 73.3688
37.9493 73.3688
38.2079 73.8688
38.2079 73.8688
38.2079 73.8688
38.2079 73.8688
38.4666 74.3688
38.7252 74.8688
38.7252 74.8688
38.9838 75.3688
39.2424 75.8688
39.2424 75.8688
39.2424 75.8688
39.2424 75.8688
39.2424 75.8688
39.501 76.3688
39.501 76.3688
39.7597 76.8688
39.7597 76.8688
39.7597 76.8688
39.7597 76.8688
40.0183 77.3688
40.0183 77.3688
40.2769 77.8688
40.2769 77.8688
40.5355 78.3688
40.5355 78.3688
40.7942 78.8688
40.7942 78.8688
40.7942 78.8688
40.7942 78.8688
41.0528 79.3688
41.0528 79.3688
41.3114 79.8688
41.3114 79.8688
41.57 80.3688
41.57 80.3688
41.8286 80.8688
41.8286 80.8688
41.8286 80.8688
41.8286 80.8688
42.0873 81.3688
42.0873 81.3688
42.3459 81.8688
42.3459 81.8688
42.6045 82.3688
42.8631 82.8688
42.8631 82.8688
42.8631 82.8688
42.8631 82.8688
43.1217 83.3688
43.3804 83.8688
43.3804 83.8688
43.639 84.3688
43.639 84.3688
43.8976 84.8688
43.8976 84.8688
43.8976 84.8688
43.8976 84.8688
44.1562 85.3688
44.1562 85.3688
44.4148 85.8688
44.4148 85.8688
44.6735 86.3688
44.6735 86.3688
44.9321 86.8688
44.9321 86.8688
44.9321 86.8688
44.9321 86.8688
45.1907 87.3688
45.1907 87.3688
45.4493 87.8688
45.4493 87.8688
45.7079 88.3688
45.7079 88.3688
45.9666 88.8688
45.9666 88.8688
45.9666 88.8688
45.9666 88.8688
46.2252 89.3688
46.2252 89.3688
46.4838 89.8688
46.4838 89.8688
46.7424 90.3688
47.001 90.8688
47.001 90.8688
47.001 90.8688
47.001 90.8688
47.2597 91.3688
47.5183 91.8688
47.5183 91.8688
47.5183 91.8688
47.5183 91.8688
47.5183 91.8688
47.7769 92.3688
47.7769 92.3688
48.0355 92.8688
48.0355 92.8688
48.0355 92.8688
48.0355 92.8688
48.2941 93.3688
48.2941 93.3688
48.5528 93.8688
48.5528 93.8688
48.8114 94.3688
48.8114 94.3688
49.07 94.8688
49.07 94.8688
49.07 94.8688
49.07 94.8688
49.3286 95.3688
49.3286 95.3688
49.5872 95.8688
49.5872 95.8688
49.8459 96.3688
50.1045 96.8688
50.1045 96.8688
50.1045 96.8688
50.1045 96.8688
50.3631 97.3688
50.3631 97.3688
50.6217 97.8688
50.6217 97.8688
50.8804 98.3688
51.139 98.8688
51.139 98.8688
51.139 98.8688
51.139 98.8688
51.3976 99.3688
51.6562 99.8688
51.6562 99.8688
51.6562 99.8688
51.6562 99.8688
51.6562 99.8688
51.9148 100.369
52.1735 100.869
52.1735 100.869
52.1735 100.869
52.4321 101.369
52.6907 101.869
52.6907 101.869
52.6907 101.869
52.6907 101.869
52.9493 102.369
53.2079 102.869
53.2079 102.869
53.2079 102.869
53.2079 102.869
53.4666 103.369
53.7252 103.869
53.7252 103.869
53.7252 103.869
53.7252 103.869
53.9838 104.369
53.9838 104.369
54.2424 104.869
54.2424 104.869
54.2424 104.869
54.501 105.369
54.501 105.369
54.7597 105.869
54.7597 105.869
54.7597 105.869
54.7597 105.869
55.0183 106.369
55.2769 106.869
55.2769 106.869
55.5355 107.369
55.7941 107.869
55.7941 107.869
55.7941 107.869
55.7941 107.869
55.7941 107.869
56.0528 108.369
56.0528 108.369
56.3114 108.869
56.3114 108.869
56.3114 108.869
56.3114 108.869
56.57 109.369
56.57 109.369
56.8286 109.869
56.8286 109.869
57.0872 110.369
57.0872 110.369
57.3459 110.869
57.3459 110.869
57.3459 110.869
57.3459 110.869
57.6045 111.369
57.6045 111.369
57.8631 111.869
57.8631 111.869
58.1217 112.369
58.1217 112.369
58.3803 112.869
58.3803 112.869
58.3803 112.869
58.3803 112.869
58.639 113.369
58.639 113.369
58.8976 113.869
58.8976 113.869
59.1562 114.369
59.4148 114.869
59.4148 114.869
59.4148 114.869
59.4148 114.869
59.6734 115.369
59.9321 115.869
59.9321 115.869
60.1907 116.369
60.1907 116.369
60.4493 116.869
60.4493 116.869
60.4493 116.869
60.4493 116.869
60.7079 117.369
60.7079 117.369
60.9666 117.869
60.9666 117.869
61.2252 118.369
61.2252 118.369
61.4838 118.869
61.4838 118.869
61.4838 118.869
61.4838 118.869
61.7424 119.369
61.7424 119.369
62.001 119.869
62.001 119.869
62.2597 120.369
62.389 120.619
62.5183 120.869
62.5183 120.869
62.5183 120.869
62.5183 120.869
62.7769 121.369
62.7769 121.369
63.0355 121.869
63.0355 121.869
63.2941 122.369
63.5528 122.869
63.5528 122.869
63.5528 122.869
63.5528 122.869
63.8114 123.369
64.07 123.869
64.07 123.869
64.07 123.869
64.07 123.869
64.07 123.869
64.3286 124.369
64.3286 124.369
64.5872 124.869
64.5872 124.869
64.5872 124.869
64.5872 124.869
64.8459 125.369
64.8459 125.369
65.1045 125.869
65.1045 125.869
65.3631 126.369
65.3631 126.369
65.6217 126.869
65.6217 126.869
65.6217 126.869
65.6217 126.869
65.8803 127.369
65.8803 127.369
66.139 127.869
66.139 127.869
66.3976 128.369
66.3976 128.369
66.6562 128.869
66.6562 128.869
66.6562 128.869
66.6562 128.869
66.9148 129.369
66.9148 129.369
67.1734 129.869
67.1734 129.869
67.4321 130.369
67.4321 130.369
67.6907 130.869
67.6907 130.869
67.6907 130.869
67.6907 130.869
67.9493 131.369
68.2079 131.869
68.2079 131.869
68.2079 131.869
68.2079 131.869
68.2079 131.869
68.4665 132.369
68.4665 132.369
68.7252 132.869
68.7252 132.869
68.7252 132.869
68.9838 133.369
68.9838 133.369
69.2424 133.869
69.2424 133.869
69.2424 133.869
69.2424 133.869
69.501 134.369
69.501 134.369
69.7596 134.869
69.7596 134.869
69.7596 134.869
69.7596 134.869
70.0183 135.369
70.0183 135.369
70.2769 135.869
70.2769 135.869
70.2769 135.869
70.2769 135.869
70.5355 136.369
70.5355 136.369
70.7941 136.869
70.7941 136.869
70.7941 136.869
71.0527 137.369
71.0527 137.369
71.3114 137.869
71.3114 137.869
71.3114 137.869
71.3114 137.869
71.57 138.369
71.8286 138.869
71.8286 138.869
72.0872 139.369
72.3459 139.869
72.3459 139.869
72.3459 139.869
72.3459 139.869
72.6045 140.369
72.8631 140.869
72.8631 140.869
72.8631 140.869
73.1217 141.369
73.3803 141.869
73.3803 141.869
73.639 142.369
73.8976 142.869
73.8976 142.869
73.8976 142.869
74.1562 143.369
74.4148 143.869
74.4148 143.869
74.4148 143.869
74.6734 144.369
74.9321 144.869
74.9321 144.869
74.9321 144.869
75.1907 145.369
75.4493 145.869
75.4493 145.869
75.4493 145.869
75.4493 145.869
75.4493 145.869
75.7079 146.369
75.9665 146.869
75.9665 146.869
75.9665 146.869
75.9665 146.869
75.9665 146.869
76.2252 147.369
76.4838 147.869
76.4838 147.869
76.4838 147.869
76.4838 147.869
76.4838 147.869
76.4838 147.869
76.4838 147.869
76.7424 148.369
76.7424 148.369
77.001 148.869
77.001 148.869
77.001 148.869
77.001 148.869
77.001 148.869
77.001 148.869
77.2596 149.369
77.2596 149.369
77.2596 149.369
77.389 149.619
77.5183 149.869
77.5183 149.869
77.5183 149.869
77.5183 149.869
77.7769 150.369
77.7769 150.369
77.7769 150.369
77.7769 150.369
77.7769 150.369
77.7769 150.369
78.0355 150.869
78.0355 150.869
78.0355 150.869
78.2941 151.369
78.2941 151.369
78.2941 151.369
78.2941 151.369
78.2941 151.369
78.2941 151.369
78.5527 151.869
78.5527 151.869
78.5527 151.869
78.5527 151.869
78.5527 151.869
78.8114 152.369
78.8114 152.369
78.8114 152.369
79.07 152.869
79.07 152.869
79.07 152.869
79.07 152.869
79.07 152.869
79.3286 153.369
79.3286 153.369
79.4579 153.619
79.5872 153.869
79.5872 153.869
79.5872 153.869
79.5872 153.869
79.8458 154.369
79.8458 154.369
79.8458 154.369
79.8458 154.369
79.8458 154.369
79.8458 154.369
79.8458 154.369
79.8458 154.369
80.1045 154.869
80.1045 154.869
80.1045 154.869
80.3631 155.369
80.3631 155.369
80.3631 155.369
80.3631 155.369
80.3631 155.369
80.3631 155.369
80.3631 155.369
80.6217 155.869
80.6217 155.869
80.6217 155.869
80.6217 155.869
80.6217 155.869
80.6217 155.869
80.8803 156.369
80.8803 156.369
81.1389 156.869
81.1389 156.869
81.1389 156.869
81.1389 156.869
81.1389 156.869
81.1389 156.869
81.3976 157.369
81.3976 157.369
81.3976 157.369
81.5269 157.619
81.5269 157.619
81.6562 157.869
81.6562 157.869
81.6562 157.869
81.6562 157.869
81.9148 158.369
81.9148 158.369
81.9148 158.369
81.9148 158.369
81.9148 158.369
81.9148 158.369
82.1734 158.869
82.1734 158.869
82.1734 158.869
82.4321 159.369
82.4321 159.369
82.4321 159.369
82.4321 159.369
82.4321 159.369
82.4321 159.369
82.6907 159.869
82.6907 159.869
82.6907 159.869
82.6907 159.869
82.6907 159.869
82.9493 160.369
82.9493 160.369
83.2079 160.869
83.2079 160.869
83.2079 160.869
83.2079 160.869
83.2079 160.869
83.4665 161.369
83.4665 161.369
83.5958 161.619
83.7252 161.869
83.7252 161.869
83.7252 161.869
83.7252 161.869
83.9838 162.369
83.9838 162.369
83.9838 162.369
83.9838 162.369
83.9838 162.369
83.9838 162.369
83.9838 162.369
84.2424 162.869
84.2424 162.869
84.2424 162.869
84.2424 162.869
84.501 163.369
84.501 163.369
84.501 163.369
84.501 163.369
84.501 163.369
84.501 163.369
84.501 163.369
84.7596 163.869
84.7596 163.869
84.7596 163.869
84.7596 163.869
84.7596 163.869
84.7596 163.869
84.7596 163.869
85.0183 164.369
85.0183 164.369
85.0183 164.369
85.2769 164.869
85.2769 164.869
85.2769 164.869
85.2769 164.869
85.2769 164.869
85.2769 164.869
85.5355 165.369
85.5355 165.369
85.5355 165.369
85.6648 165.619
85.6648 165.619
85.6648 165.619
85.7941 165.869
85.7941 165.869
85.7941 165.869
85.7941 165.869
86.0527 166.369
86.0527 166.369
86.0527 166.369
86.0527 166.369
86.0527 166.369
86.0527 166.369
86.3114 166.869
86.3114 166.869
86.3114 166.869
86.3114 166.869
86.57 167.369
86.57 167.369
86.57 167.369
86.57 167.369
86.57 167.369
86.57 167.369
86.57 167.369
86.8286 167.869
86.8286 167.869
86.8286 167.869
87.0872 168.369
87.0872 168.369
87.0872 168.369
87.3458 168.869
87.3458 168.869
87.3458 168.869
87.3458 168.869
87.3458 168.869
87.6045 169.369
87.6045 169.369
87.7338 169.619
87.7338 169.619
87.7338 169.619
87.8631 169.869
87.8631 169.869
87.8631 169.869
87.8631 169.869
88.1217 170.369
88.1217 170.369
88.1217 170.369
88.1217 170.369
88.1217 170.369
88.1217 170.369
88.1217 170.369
88.3803 170.869
88.3803 170.869
88.3803 170.869
88.3803 170.869
88.6389 171.369
88.6389 171.369
88.6389 171.369
88.6389 171.369
88.6389 171.369
88.6389 171.369
88.8976 171.869
88.8976 171.869
88.8976 171.869
88.8976 171.869
88.8976 171.869
88.8976 171.869
88.8976 171.869
89.1562 172.369
89.1562 172.369
89.1562 172.369
89.4148 172.869
89.4148 172.869
89.4148 172.869
89.4148 172.869
89.4148 172.869
89.6734 173.369
89.6734 173.369
89.8027 173.619
89.8027 173.619
89.8027 173.619
89.932 173.869
89.932 173.869
89.932 173.869
89.932 173.869
90.1907 174.369
90.1907 174.369
90.1907 174.369
90.1907 174.369
90.1907 174.369
90.1907 174.369
90.1907 174.369
90.4493 174.869
90.4493 174.869
90.4493 174.869
90.4493 174.869
90.7079 175.369
90.7079 175.369
90.7079 175.369
90.7079 175.369
90.7079 175.369
90.7079 175.369
90.7079 175.369
90.9665 175.869
90.9665 175.869
90.9665 175.869
90.9665 175.869
90.9665 175.869
90.9665 175.869
91.2251 176.369
91.2251 176.369
91.4838 176.869
91.4838 176.869
91.4838 176.869
91.4838 176.869
91.4838 176.869
91.7424 177.369
91.7424 177.369
91.8717 177.619
91.8717 177.619
91.8717 177.619
92.001 177.869
92.001 177.869
92.001 177.869
92.001 177.869
92.2596 178.369
92.2596 178.369
92.2596 178.369
92.2596 178.369
92.2596 178.369
92.2596 178.369
92.3889 178.619
92.5183 178.869
92.5183 178.869
92.5183 178.869
92.5183 178.869
92.7769 179.369
92.7769 179.369
92.7769 179.369
92.7769 179.369
92.7769 179.369
92.7769 179.369
93.0355 179.869
93.0355 179.869
93.0355 179.869
93.0355 179.869
93.0355 179.869
93.0355 179.869
93.0355 179.869
93.2941 180.369
93.2941 180.369
93.5527 180.869
93.5527 180.869
93.5527 180.869
93.5527 180.869
93.5527 180.869
93.5527 180.869
93.8114 181.369
93.8114 181.369
93.8114 181.369
93.9407 181.619
94.07 181.869
94.07 181.869
94.07 181.869
94.07 181.869
94.3286 182.369
94.3286 182.369
94.3286 182.369
94.3286 182.369
94.3286 182.369
94.3286 182.369
94.5872 182.869
94.5872 182.869
94.5872 182.869
94.8458 183.369
94.8458 183.369
94.8458 183.369
94.8458 183.369
94.8458 183.369
94.8458 183.369
95.1045 183.869
95.1045 183.869
95.1045 183.869
95.1045 183.869
95.1045 183.869
95.3631 184.369
95.3631 184.369
95.3631 184.369
95.6217 184.869
95.6217 184.869
95.6217 184.869
95.6217 184.869
95.6217 184.869
95.8803 185.369
95.8803 185.369
96.0096 185.619
96.1389 185.869
96.1389 185.869
96.1389 185.869
96.1389 185.869
96.3976 186.369
96.3976 186.369
96.3976 186.369
96.3976 186.369
96.3976 186.369
96.3976 186.369
96.3976 186.369
96.3976 186.369
96.6562 186.869
96.6562 186.869
96.6562 186.869
96.9148 187.369
96.9148 187.369
96.9148 187.369
96.9148 187.369
96.9148 187.369
96.9148 187.369
96.9148 187.369
97.1734 187.869
97.1734 187.869
97.1734 187.869
97.1734 187.869
97.1734 187.869
97.1734 187.869
97.432 188.369
97.432 188.369
97.6907 188.869
97.6907 188.869
97.6907 188.869
97.6907 188.869
97.6907 188.869
97.6907 188.869
97.9493 189.369
97.9493 189.369
97.9493 189.369
98.0786 189.619
98.0786 189.619
98.2079 189.869
98.2079 189.869
98.2079 189.869
98.2079 189.869
98.4665 190.369
98.4665 190.369
98.4665 190.369
98.4665 190.369
98.4665 190.369
98.4665 190.369
98.7251 190.869
98.7251 190.869
98.7251 190.869
98.9838 191.369
98.9838 191.369
98.9838 191.369
98.9838 191.369
98.9838 191.369
98.9838 191.369
99.2424 191.869
99.2424 191.869
99.2424 191.869
99.2424 191.869
99.2424 191.869
99.501 192.369
99.501 192.369
99.7596 192.869
99.7596 192.869
99.7596 192.869
99.7596 192.869
99.7596 192.869
100.018 193.369
100.018 193.369
100.148 193.619
100.277 193.869
100.277 193.869
100.277 193.869
100.277 193.869
100.535 194.369
100.535 194.369
100.535 194.369
100.535 194.369
100.535 194.369
100.535 194.369
100.535 194.369
100.794 194.869
100.794 194.869
100.794 194.869
100.794 194.869
101.053 195.369
101.053 195.369
101.053 195.369
101.053 195.369
101.053 195.369
101.053 195.369
101.053 195.369
101.311 195.869
101.311 195.869
101.311 195.869
101.311 195.869
101.311 195.869
101.311 195.869
101.311 195.869
101.57 196.369
101.57 196.369
101.57 196.369
101.829 196.869
101.829 196.869
101.829 196.869
101.829 196.869
101.829 196.869
101.829 196.869
102.087 197.369
102.087 197.369
102.087 197.369
102.217 197.619
102.217 197.619
102.217 197.619
102.346 197.869
102.346 197.869
102.346 197.869
102.346 197.869
102.604 198.369
102.604 198.369
102.604 198.369
102.604 198.369
102.604 198.369
102.604 198.369
102.863 198.869
102.863 198.869
102.863 198.869
102.863 198.869
103.122 199.369
103.122 199.369
103.122 199.369
103.122 199.369
103.122 199.369
103.122 199.369
103.122 199.369
103.38 199.869
103.38 199.869
103.38 199.869
103.639 200.369
103.639 200.369
103.639 200.369
103.898 200.869
103.898 200.869
103.898 200.869
103.898 200.869
103.898 200.869
104.156 201.369
104.156 201.369
104.285 201.619
104.285 201.619
104.285 201.619
104.415 201.869
104.415 201.869
104.415 201.869
104.415 201.869
104.673 202.369
104.673 202.369
104.673 202.369
104.673 202.369
104.673 202.369
104.673 202.369
104.673 202.369
104.932 202.869
104.932 202.869
104.932 202.869
104.932 202.869
105.191 203.369
105.191 203.369
105.191 203.369
105.191 203.369
105.191 203.369
105.191 203.369
105.191 203.369
105.449 203.869
105.449 203.869
105.449 203.869
105.449 203.869
105.449 203.869
105.449 203.869
105.449 203.869
105.708 204.369
105.708 204.369
105.708 204.369
105.967 204.869
105.967 204.869
105.967 204.869
105.967 204.869
105.967 204.869
106.225 205.369
106.225 205.369
106.354 205.619
106.354 205.619
106.354 205.619
106.484 205.869
106.484 205.869
106.484 205.869
106.484 205.869
106.742 206.369
106.742 206.369
106.742 206.369
106.742 206.369
106.742 206.369
106.742 206.369
106.742 206.369
107.001 206.869
107.001 206.869
107.001 206.869
107.001 206.869
107.26 207.369
107.26 207.369
107.26 207.369
107.26 207.369
107.26 207.369
107.26 207.369
107.26 207.369
107.518 207.869
107.518 207.869
107.518 207.869
107.518 207.869
107.518 207.869
107.518 207.869
107.777 208.369
107.777 208.369
108.035 208.869
108.035 208.869
108.035 208.869
108.035 208.869
108.035 208.869
108.294 209.369
108.294 209.369
108.423 209.619
108.423 209.619
108.423 209.619
108.553 209.869
108.553 209.869
108.553 209.869
108.811 210.369
108.811 210.369
108.811 210.369
108.811 210.369
108.811 210.369
108.941 210.619
109.07 210.869
109.07 210.869
109.07 210.869
109.329 211.369
109.329 211.369
109.329 211.369
109.329 211.369
109.329 211.369
109.587 211.869
109.587 211.869
109.587 211.869
109.587 211.869
109.587 211.869
109.846 212.369
109.846 212.369
110.104 212.869
110.104 212.869
110.104 212.869
110.104 212.869
110.363 213.369
110.363 213.369
110.622 213.869
110.622 213.869
110.88 214.369
110.88 214.369
111.139 214.869
111.139 214.869
111.139 214.869
111.139 214.869
111.398 215.369
111.398 215.369
111.656 215.869
111.656 215.869
111.915 216.369
111.915 216.369
112.173 216.869
112.173 216.869
112.173 216.869
112.173 216.869
112.432 217.369
112.432 217.369
112.691 217.869
112.691 217.869
112.949 218.369
113.208 218.869
113.208 218.869
113.208 218.869
113.208 218.869
113.467 219.369
113.725 219.869
113.725 219.869
113.984 220.369
113.984 220.369
114.242 220.869
114.242 220.869
114.242 220.869
114.242 220.869
114.501 221.369
114.501 221.369
114.76 221.869
114.76 221.869
115.018 222.369
115.018 222.369
115.277 222.869
115.277 222.869
115.277 222.869
115.277 222.869
115.535 223.369
115.535 223.369
115.794 223.869
115.794 223.869
116.053 224.369
116.182 224.619
116.311 224.869
116.311 224.869
116.311 224.869
116.311 224.869
116.57 225.369
116.57 225.369
116.829 225.869
116.829 225.869
117.087 226.369
117.346 226.869
117.346 226.869
117.346 226.869
117.346 226.869
117.604 227.369
117.863 227.869
117.863 227.869
117.863 227.869
117.863 227.869
117.863 227.869
118.122 228.369
118.122 228.369
118.38 228.869
118.38 228.869
118.38 228.869
118.38 228.869
118.639 229.369
118.639 229.369
118.898 229.869
118.898 229.869
119.156 230.369
119.156 230.369
119.415 230.869
119.415 230.869
119.415 230.869
119.415 230.869
119.673 231.369
119.673 231.369
119.932 231.869
119.932 231.869
120.191 232.369
120.191 232.369
120.449 232.869
120.449 232.869
120.449 232.869
120.449 232.869
120.708 233.369
120.708 233.369
120.967 233.869
120.967 233.869
121.225 234.369
121.225 234.369
121.484 234.869
121.484 234.869
121.484 234.869
121.484 234.869
121.742 235.369
121.742 235.369
122.001 235.869
122.001 235.869
122.001 235.869
122.001 235.869
122.001 235.869
122.26 236.369
122.26 236.369
122.518 236.869
122.518 236.869
122.518 236.869
122.777 237.369
122.777 237.369
123.035 237.869
123.035 237.869
123.035 237.869
123.035 237.869
123.294 238.369
123.553 238.869
123.553 238.869
123.553 238.869
123.553 238.869
123.811 239.369
123.811 239.369
124.07 239.869
124.07 239.869
124.07 239.869
124.07 239.869
124.329 240.369
124.329 240.369
124.587 240.869
124.587 240.869
124.587 240.869
124.846 241.369
124.846 241.369
125.104 241.869
125.104 241.869
125.104 241.869
125.104 241.869
125.363 242.369
125.622 242.869
125.622 242.869
125.88 243.369
126.139 243.869
126.139 243.869
126.139 243.869
126.139 243.869
126.398 244.369
126.656 244.869
126.656 244.869
126.656 244.869
126.915 245.369
127.173 245.869
127.173 245.869
127.432 246.369
127.691 246.869
127.691 246.869
127.691 246.869
127.949 247.369
128.208 247.869
128.208 247.869
128.208 247.869
128.467 248.369
128.725 248.869
128.725 248.869
128.725 248.869
128.984 249.369
129.242 249.869
129.242 249.869
129.242 249.869
129.242 249.869
129.242 249.869
129.501 250.369
129.76 250.869
129.76 250.869
129.76 250.869
129.76 250.869
129.76 250.869
130.018 251.369
130.277 251.869
130.277 251.869
130.277 251.869
130.277 251.869
130.277 251.869
130.277 251.869
130.277 251.869
130.535 252.369
130.535 252.369
130.794 252.869
130.794 252.869
130.794 252.869
130.794 252.869
130.794 252.869
130.794 252.869
131.053 253.369
131.053 253.369
131.053 253.369
131.182 253.619
131.311 253.869
131.311 253.869
131.311 253.869
131.311 253.869
131.57 254.369
131.57 254.369
131.57 254.369
131.57 254.369
131.57 254.369
131.57 254.369
131.829 254.869
131.829 254.869
131.829 254.869
132.087 255.369
132.087 255.369
132.087 255.369
132.087 255.369
132.087 255.369
132.087 255.369
132.346 255.869
132.346 255.869
132.346 255.869
132.346 255.869
132.346 255.869
132.604 256.369
132.604 256.369
132.604 256.369
132.863 256.869
132.863 256.869
132.863 256.869
132.863 256.869
132.863 256.869
133.122 257.369
133.122 257.369
133.251 257.619
133.38 257.869
133.38 257.869
133.38 257.869
133.38 257.869
133.639 258.369
133.639 258.369
133.639 258.369
133.639 258.369
133.639 258.369
133.639 258.369
133.639 258.369
133.639 258.369
133.898 258.869
133.898 258.869
133.898 258.869
134.156 259.369
134.156 259.369
134.156 259.369
134.156 259.369
134.156 259.369
134.156 259.369
134.156 259.369
134.415 259.869
134.415 259.869
134.415 259.869
134.415 259.869
134.415 259.869
134.415 259.869
134.673 260.369
134.673 260.369
134.932 260.869
134.932 260.869
134.932 260.869
134.932 260.869
134.932 260.869
134.932 260.869
135.191 261.369
135.191 261.369
135.191 261.369
135.32 261.619
135.32 261.619
135.449 261.869
135.449 261.869
135.449 261.869
135.449 261.869
135.708 262.369
135.708 262.369
135.708 262.369
135.708 262.369
135.708 262.369
135.708 262.369
135.966 262.869
135.966 262.869
135.966 262.869
136.225 263.369
136.225 263.369
136.225 263.369
136.225 263.369
136.225 263.369
136.225 263.369
136.484 263.869
136.484 263.869
136.484 263.869
136.484 263.869
136.484 263.869
136.742 264.369
136.742 264.369
137.001 264.869
137.001 264.869
137.001 264.869
137.001 264.869
137.001 264.869
137.26 265.369
137.26 265.369
137.389 265.619
137.518 265.869
137.518 265.869
137.518 265.869
137.518 265.869
137.777 266.369
137.777 266.369
137.777 266.369
137.777 266.369
137.777 266.369
137.777 266.369
137.777 266.369
138.035 266.869
138.035 266.869
138.035 266.869
138.035 266.869
138.294 267.369
138.294 267.369
138.294 267.369
138.294 267.369
138.294 267.369
138.294 267.369
138.294 267.369
138.553 267.869
138.553 267.869
138.553 267.869
138.553 267.869
138.553 267.869
138.553 267.869
138.553 267.869
138.811 268.369
138.811 268.369
138.811 268.369
139.07 268.869
139.07 268.869
139.07 268.869
139.07 268.869
139.07 268.869
139.07 268.869
139.329 269.369
139.329 269.369
139.329 269.369
139.458 269.619
139.458 269.619
139.458 269.619
139.587 269.869
139.587 269.869
139.587 269.869
139.587 269.869
139.846 270.369
139.846 270.369
139.846 270.369
139.846 270.369
139.846 270.369
139.846 270.369
140.104 270.869
140.104 270.869
140.104 270.869
140.104 270.869
140.363 271.369
140.363 271.369
140.363 271.369
140.363 271.369
140.363 271.369
140.363 271.369
140.363 271.369
140.622 271.869
140.622 271.869
140.622 271.869
140.88 272.369
140.88 272.369
140.88 272.369
141.139 272.869
141.139 272.869
141.139 272.869
141.139 272.869
141.139 272.869
141.398 273.369
141.398 273.369
141.527 273.619
141.527 273.619
141.527 273.619
141.656 273.869
141.656 273.869
141.656 273.869
141.656 273.869
141.915 274.369
141.915 274.369
141.915 274.369
141.915 274.369
141.915 274.369
141.915 274.369
141.915 274.369
142.173 274.869
142.173 274.869
142.173 274.869
142.173 274.869
142.432 275.369
142.432 275.369
142.432 275.369
142.432 275.369
142.432 275.369
142.432 275.369
142.691 275.869
142.691 275.869
142.691 275.869
142.691 275.869
142.691 275.869
142.691 275.869
142.691 275.869
142.949 276.369
142.949 276.369
142.949 276.369
143.208 276.869
143.208 276.869
143.208 276.869
143.208 276.869
143.208 276.869
143.466 277.369
143.466 277.369
143.596 277.619
143.596 277.619
143.596 277.619
143.725 277.869
143.725 277.869
143.725 277.869
143.725 277.869
143.984 278.369
143.984 278.369
143.984 278.369
143.984 278.369
143.984 278.369
143.984 278.369
143.984 278.369
144.242 278.869
144.242 278.869
144.242 278.869
144.242 278.869
144.501 279.369
144.501 279.369
144.501 279.369
144.501 279.369
144.501 279.369
144.501 279.369
144.501 279.369
144.76 279.869
144.76 279.869
144.76 279.869
144.76 279.869
144.76 279.869
144.76 279.869
145.018 280.369
145.018 280.369
145.277 280.869
145.277 280.869
145.277 280.869
145.277 280.869
145.277 280.869
145.535 281.369
145.535 281.369
145.665 281.619
145.665 281.619
145.665 281.619
145.794 281.869
145.794 281.869
145.794 281.869
145.794 281.869
146.053 282.369
146.053 282.369
146.053 282.369
146.053 282.369
146.053 282.369
146.053 282.369
146.182 282.619
146.311 282.869
146.311 282.869
146.311 282.869
146.311 282.869
146.57 283.369
146.57 283.369
146.57 283.369
146.57 283.369
146.57 283.369
146.57 283.369
146.829 283.869
146.829 283.869
146.829 283.869
146.829 283.869
146.829 283.869
146.829 283.869
146.829 283.869
147.087 284.369
147.087 284.369
147.346 284.869
147.346 284.869
147.346 284.869
147.346 284.869
147.346 284.869
147.346 284.869
147.604 285.369
147.604 285.369
147.604 285.369
147.734 285.619
147.863 285.869
147.863 285.869
147.863 285.869
147.863 285.869
148.122 286.369
148.122 286.369
148.122 286.369
148.122 286.369
148.122 286.369
148.122 286.369
148.38 286.869
148.38 286.869
148.38 286.869
148.639 287.369
148.639 287.369
148.639 287.369
148.639 287.369
148.639 287.369
148.639 287.369
148.898 287.869
148.898 287.869
148.898 287.869
148.898 287.869
148.898 287.869
149.156 288.369
149.156 288.369
149.156 288.369
149.415 288.869
149.415 288.869
149.415 288.869
149.415 288.869
149.415 288.869
149.673 289.369
149.673 289.369
149.803 289.619
149.932 289.869
149.932 289.869
149.932 289.869
149.932 289.869
150.191 290.369
150.191 290.369
150.191 290.369
150.191 290.369
150.191 290.369
150.191 290.369
150.191 290.369
150.191 290.369
150.449 290.869
150.449 290.869
150.449 290.869
150.708 291.369
150.708 291.369
150.708 291.369
150.708 291.369
150.708 291.369
150.708 291.369
150.708 291.369
150.966 291.869
150.966 291.869
150.966 291.869
150.966 291.869
150.966 291.869
150.966 291.869
151.225 292.369
151.225 292.369
151.484 292.869
151.484 292.869
151.484 292.869
151.484 292.869
151.484 292.869
151.484 292.869
151.742 293.369
151.742 293.369
151.742 293.369
151.872 293.619
151.872 293.619
152.001 293.869
152.001 293.869
152.001 293.869
152.001 293.869
152.26 294.369
152.26 294.369
152.26 294.369
152.26 294.369
152.26 294.369
152.26 294.369
152.518 294.869
152.518 294.869
152.518 294.869
152.777 295.369
152.777 295.369
152.777 295.369
152.777 295.369
152.777 295.369
152.777 295.369
153.035 295.869
153.035 295.869
153.035 295.869
153.035 295.869
153.035 295.869
153.294 296.369
153.294 296.369
153.553 296.869
153.553 296.869
153.553 296.869
153.553 296.869
153.553 296.869
153.811 297.369
153.811 297.369
153.941 297.619
154.07 297.869
154.07 297.869
154.07 297.869
154.07 297.869
154.329 298.369
154.329 298.369
154.329 298.369
154.329 298.369
154.329 298.369
154.329 298.369
154.329 298.369
154.587 298.869
154.587 298.869
154.587 298.869
154.587 298.869
154.846 299.369
154.846 299.369
154.846 299.369
154.846 299.369
154.846 299.369
154.846 299.369
154.846 299.369
155.104 299.869
155.104 299.869
155.104 299.869
155.104 299.869
155.104 299.869
155.104 299.869
155.104 299.869
155.363 300.369
155.363 300.369
155.363 300.369
155.622 300.869
155.622 300.869
155.622 300.869
155.622 300.869
155.622 300.869
155.622 300.869
155.88 301.369
155.88 301.369
155.88 301.369
156.01 301.619
156.01 301.619
156.01 301.619
156.139 301.869
156.139 301.869
156.139 301.869
156.139 301.869
156.398 302.369
156.398 302.369
156.398 302.369
156.398 302.369
156.398 302.369
156.398 302.369
156.656 302.869
156.656 302.869
156.656 302.869
156.656 302.869
156.915 303.369
156.915 303.369
156.915 303.369
156.915 303.369
156.915 303.369
156.915 303.369
156.915 303.369
157.173 303.869
157.173 303.869
157.173 303.869
157.432 304.369
157.432 304.369
157.432 304.369
157.691 304.869
157.691 304.869
157.691 304.869
157.691 304.869
157.691 304.869
157.949 305.369
157.949 305.369
158.079 305.619
158.079 305.619
158.079 305.619
158.208 305.869
158.208 305.869
158.208 305.869
158.208 305.869
158.466 306.369
158.466 306.369
158.466 306.369
158.466 306.369
158.466 306.369
158.466 306.369
158.466 306.369
158.725 306.869
158.725 306.869
158.725 306.869
158.725 306.869
158.984 307.369
158.984 307.369
158.984 307.369
158.984 307.369
158.984 307.369
158.984 307.369
158.984 307.369
159.242 307.869
159.242 307.869
159.242 307.869
159.242 307.869
159.242 307.869
159.242 307.869
159.242 307.869
159.501 308.369
159.501 308.369
159.501 308.369
159.76 308.869
159.76 308.869
159.76 308.869
159.76 308.869
159.76 308.869
160.018 309.369
160.018 309.369
160.148 309.619
160.148 309.619
160.148 309.619
160.277 309.869
160.277 309.869
160.277 309.869
160.277 309.869
160.535 310.369
160.535 310.369
160.535 310.369
160.535 310.369
160.535 310.369
160.535 310.369
160.535 310.369
160.794 310.869
160.794 310.869
160.794 310.869
160.794 310.869
161.053 311.369
161.053 311.369
161.053 311.369
161.053 311.369
161.053 311.369
161.053 311.369
161.053 311.369
161.311 311.869
161.311 311.869
161.311 311.869
161.311 311.869
161.311 311.869
161.311 311.869
161.57 312.369
161.57 312.369
161.829 312.869
161.829 312.869
161.829 312.869
161.829 312.869
161.829 312.869
162.087 313.369
162.087 313.369
162.216 313.619
162.216 313.619
162.216 313.619
162.346 313.869
162.346 313.869
162.346 313.869
162.604 314.369
162.604 314.369
162.604 314.369
162.604 314.369
162.604 314.369
162.604 314.369
162.734 314.619
162.734 314.619
162.863 314.869
162.863 314.869
162.863 314.869
162.863 314.869
162.992 315.119
163.122 315.369
163.122 315.369
163.122 315.369
163.122 315.369
163.122 315.369
163.122 315.369
163.251 315.619
163.38 315.869
163.38 315.869
163.38 315.869
163.38 315.869
163.38 315.869
163.639 316.369
163.898 316.869
163.898 316.869
163.898 316.869
164.156 317.369
164.415 317.869
164.673 318.369
164.932 318.869
164.932 318.869
164.932 318.869
164.932 318.869
165.191 319.369
165.191 319.369
165.449 319.869
165.708 320.369
165.708 320.369
165.966 320.869
165.966 320.869
165.966 320.869
165.966 320.869
166.225 321.369
166.225 321.369
166.484 321.869
166.484 321.869
166.742 322.369
166.742 322.369
166.872 322.619
167.001 322.869
167.001 322.869
167.001 322.869
167.001 322.869
167.001 322.869
167.13 323.119
167.26 323.369
167.26 323.369
167.518 323.869
167.777 324.369
167.777 324.369
167.906 324.619
168.035 324.869
168.035 324.869
168.035 324.869
168.035 324.869
168.294 325.369
168.553 325.869
168.553 325.869
168.811 326.369
168.811 326.369
169.07 326.869
169.07 326.869
169.07 326.869
169.07 326.869
169.329 327.369
169.329 327.369
169.587 327.869
169.846 328.369
169.846 328.369
170.104 328.869
170.104 328.869
170.104 328.869
170.104 328.869
170.363 329.369
170.363 329.369
170.544 329.719
170.622 329.869
170.64 329.904
170.88 330.369
170.88 330.369
171.139 330.869
171.139 330.869
171.139 330.869
171.139 330.869
171.139 330.869
171.398 331.369
171.398 331.369
171.656 331.869
171.656 331.869
171.656 331.869
171.656 331.869
171.656 331.869
171.915 332.369
172.173 332.869
172.173 332.869
172.173 332.869
172.173 332.869
172.432 333.369
172.561 333.619
172.691 333.869
172.691 333.869
172.949 334.369
172.949 334.369
173.208 334.869
173.208 334.869
173.208 334.869
173.466 335.369
173.466 335.369
173.725 335.869
173.984 336.369
173.984 336.369
174.242 336.869
174.242 336.869
174.242 336.869
174.242 336.869
174.501 337.369
174.501 337.369
174.76 337.869
174.76 337.869
175.018 338.369
175.018 338.369
175.277 338.869
175.277 338.869
175.277 338.869
175.277 338.869
175.277 338.869
175.535 339.369
175.535 339.369
175.793 339.867
175.794 339.869
175.794 339.869
175.794 339.869
175.794 339.869
175.818 339.915
176.053 340.369
176.182 340.619
176.311 340.869
176.311 340.869
176.311 340.869
176.57 341.369
176.57 341.369
176.829 341.869
176.829 341.869
176.829 341.869
177.087 342.369
177.346 342.869
177.346 342.869
177.346 342.869
177.543 343.25
177.604 343.369
177.656 343.469
177.812 343.771
177.863 343.869
177.863 343.869
177.863 343.869
177.863 343.869
178.122 344.369
178.38 344.869
178.38 344.869
178.639 345.369
178.897 345.869
178.897 345.869
178.897 345.869
179.156 346.369
179.156 346.369
179.415 346.869
179.415 346.869
179.415 346.869
179.654 347.331
179.673 347.369
179.701 347.423
179.932 347.869
179.932 347.869
179.932 347.869
179.932 347.869
179.932 347.869
180.191 348.369
180.449 348.869
180.449 348.869
180.449 348.869
180.708 349.369
180.966 349.869
180.966 349.869
181.225 350.369
181.225 350.369
181.484 350.869
181.484 350.869
181.484 350.869
181.484 350.869
181.742 351.369
181.742 351.369
182.001 351.869
182.001 351.869
182.001 351.869
182.26 352.369
182.518 352.869
182.518 352.869
182.518 352.869
182.777 353.369
182.815 353.442
182.826 353.465
183.035 353.869
183.035 353.869
183.035 353.869
183.035 353.869
183.035 353.869
183.035 353.869
183.165 354.119
183.294 354.369
183.294 354.369
183.553 354.869
183.553 354.869
183.553 354.869
183.553 354.869
183.553 354.869
183.553 354.869
183.811 355.369
183.811 355.369
184.07 355.869
184.07 355.869
184.07 355.869
184.07 355.869
184.07 355.869
184.07 355.869
184.07 355.869
184.074 355.877
184.089 355.906
184.095 355.917
184.329 356.369
184.329 356.369
184.587 356.869
184.587 356.869
184.587 356.869
184.587 356.869
184.587 356.869
184.587 356.869
184.846 357.369
184.846 357.369
184.846 357.369
184.975 357.619
185.104 357.869
185.104 357.869
185.104 357.869
185.104 357.869
185.363 358.369
185.363 358.369
185.363 358.369
185.363 358.369
185.363 358.369
185.363 358.369
185.622 358.869
185.622 358.869
185.622 358.869
185.88 359.369
185.88 359.369
185.88 359.369
185.88 359.369
185.88 359.369
185.88 359.369
186.139 359.869
186.139 359.869
186.139 359.869
186.139 359.869
186.139 359.869
186.397 360.369
186.397 360.369
186.397 360.369
186.656 360.869
186.656 360.869
186.656 360.869
186.656 360.869
186.656 360.869
186.915 361.369
186.915 361.369
187.044 361.619
187.173 361.869
187.173 361.869
187.173 361.869
187.173 361.869
187.432 362.369
187.432 362.369
187.432 362.369
187.432 362.369
187.432 362.369
187.432 362.369
187.432 362.369
187.432 362.369
187.691 362.869
187.691 362.869
187.691 362.869
187.949 363.369
187.949 363.369
187.949 363.369
187.949 363.369
187.949 363.369
187.949 363.369
187.949 363.369
188.208 363.869
188.208 363.869
188.208 363.869
188.208 363.869
188.208 363.869
188.208 363.869
188.466 364.369
188.466 364.369
188.725 364.869
188.725 364.869
188.725 364.869
188.725 364.869
188.725 364.869
188.725 364.869
188.984 365.369
188.984 365.369
188.984 365.369
189.113 365.619
189.113 365.619
189.242 365.869
189.242 365.869
189.242 365.869
189.242 365.869
189.501 366.369
189.501 366.369
189.501 366.369
189.501 366.369
189.501 366.369
189.501 366.369
189.76 366.869
189.76 366.869
189.76 366.869
190.018 367.369
190.018 367.369
190.018 367.369
190.018 367.369
190.018 367.369
190.018 367.369
190.277 367.869
190.277 367.869
190.277 367.869
190.277 367.869
190.277 367.869
190.535 368.369
190.535 368.369
190.794 368.869
190.794 368.869
190.794 368.869
190.794 368.869
190.794 368.869
191.053 369.369
191.053 369.369
191.182 369.619
191.311 369.869
191.311 369.869
191.311 369.869
191.311 369.869
191.57 370.369
191.57 370.369
191.57 370.369
191.57 370.369
191.57 370.369
191.57 370.369
191.57 370.369
191.829 370.869
191.829 370.869
191.829 370.869
191.829 370.869
192.087 371.369
192.087 371.369
192.087 371.369
192.087 371.369
192.087 371.369
192.087 371.369
192.087 371.369
192.346 371.869
192.346 371.869
192.346 371.869
192.346 371.869
192.346 371.869
192.346 371.869
192.346 371.869
192.604 372.369
192.604 372.369
192.604 372.369
192.863 372.869
192.863 372.869
192.863 372.869
192.863 372.869
192.863 372.869
192.863 372.869
193.122 373.369
193.122 373.369
193.122 373.369
193.251 373.619
193.251 373.619
193.251 373.619
193.38 373.869
193.38 373.869
193.38 373.869
193.38 373.869
193.639 374.369
193.639 374.369
193.639 374.369
193.639 374.369
193.639 374.369
193.639 374.369
193.897 374.869
193.897 374.869
193.897 374.869
193.897 374.869
194.156 375.369
194.156 375.369
194.156 375.369
194.156 375.369
194.156 375.369
194.156 375.369
194.156 375.369
194.415 375.869
194.415 375.869
194.415 375.869
194.673 376.369
194.673 376.369
194.673 376.369
194.932 376.869
194.932 376.869
194.932 376.869
194.932 376.869
194.932 376.869
195.191 377.369
195.191 377.369
195.32 377.619
195.32 377.619
195.32 377.619
195.449 377.869
195.449 377.869
195.449 377.869
195.449 377.869
195.708 378.369
195.708 378.369
195.708 378.369
195.708 378.369
195.708 378.369
195.708 378.369
195.708 378.369
195.966 378.869
195.966 378.869
195.966 378.869
195.966 378.869
196.225 379.369
196.225 379.369
196.225 379.369
196.225 379.369
196.225 379.369
196.225 379.369
196.484 379.869
196.484 379.869
196.484 379.869
196.484 379.869
196.484 379.869
196.484 379.869
196.484 379.869
196.742 380.369
196.742 380.369
196.742 380.369
197.001 380.869
197.001 380.869
197.001 380.869
197.001 380.869
197.001 380.869
197.26 381.369
197.26 381.369
197.389 381.619
197.389 381.619
197.389 381.619
197.518 381.869
197.518 381.869
197.518 381.869
197.518 381.869
197.777 382.369
197.777 382.369
197.777 382.369
197.777 382.369
197.777 382.369
197.777 382.369
197.777 382.369
198.035 382.869
198.035 382.869
198.035 382.869
198.035 382.869
198.294 383.369
198.294 383.369
198.294 383.369
198.294 383.369
198.294 383.369
198.294 383.369
198.294 383.369
198.553 383.869
198.553 383.869
198.553 383.869
198.553 383.869
198.553 383.869
198.553 383.869
198.811 384.369
198.811 384.369
199.07 384.869
199.07 384.869
199.07 384.869
199.07 384.869
199.07 384.869
199.329 385.369
199.329 385.369
199.458 385.619
199.458 385.619
199.458 385.619
199.587 385.869
199.587 385.869
199.587 385.869
199.587 385.869
199.846 386.369
199.846 386.369
199.846 386.369
199.846 386.369
199.846 386.369
199.846 386.369
199.975 386.619
200.104 386.869
200.104 386.869
200.104 386.869
200.104 386.869
200.363 387.369
200.363 387.369
200.363 387.369
200.363 387.369
200.363 387.369
200.363 387.369
200.622 387.869
200.622 387.869
200.622 387.869
200.622 387.869
200.622 387.869
200.622 387.869
200.622 387.869
200.88 388.369
200.88 388.369
201.139 388.869
201.139 388.869
201.139 388.869
201.139 388.869
201.139 388.869
201.139 388.869
201.397 389.369
201.397 389.369
201.397 389.369
201.527 389.619
201.656 389.869
201.656 389.869
201.656 389.869
201.656 389.869
201.915 390.369
201.915 390.369
201.915 390.369
201.915 390.369
201.915 390.369
201.915 390.369
202.173 390.869
202.173 390.869
202.173 390.869
202.432 391.369
202.432 391.369
202.432 391.369
202.432 391.369
202.432 391.369
202.432 391.369
202.691 391.869
202.691 391.869
202.691 391.869
202.691 391.869
202.691 391.869
202.949 392.369
202.949 392.369
202.949 392.369
203.208 392.869
203.208 392.869
203.208 392.869
203.208 392.869
203.208 392.869
203.466 393.369
203.466 393.369
203.596 393.619
203.725 393.869
203.725 393.869
203.725 393.869
203.725 393.869
203.984 394.369
203.984 394.369
203.984 394.369
203.984 394.369
203.984 394.369
203.984 394.369
203.984 394.369
203.984 394.369
204.242 394.869
204.242 394.869
204.242 394.869
204.501 395.369
204.501 395.369
204.501 395.369
204.501 395.369
204.501 395.369
204.501 395.369
204.501 395.369
204.76 395.869
204.76 395.869
204.76 395.869
204.76 395.869
204.76 395.869
204.76 395.869
205.018 396.369
205.018 396.369
205.277 396.869
205.277 396.869
205.277 396.869
205.277 396.869
205.277 396.869
205.277 396.869
205.535 397.369
205.535 397.369
205.535 397.369
205.665 397.619
205.665 397.619
205.794 397.869
205.794 397.869
205.794 397.869
205.794 397.869
206.053 398.369
206.053 398.369
206.053 398.369
206.053 398.369
206.053 398.369
206.053 398.369
206.311 398.869
206.311 398.869
206.311 398.869
206.57 399.369
206.57 399.369
206.57 399.369
206.57 399.369
206.57 399.369
206.57 399.369
206.829 399.869
206.829 399.869
206.829 399.869
206.829 399.869
206.829 399.869
207.087 400.369
207.087 400.369
207.346 400.869
207.346 400.869
207.346 400.869
207.346 400.869
207.346 400.869
207.604 401.369
207.604 401.369
207.734 401.619
207.863 401.869
207.863 401.869
207.863 401.869
207.863 401.869
208.122 402.369
208.122 402.369
208.122 402.369
208.122 402.369
208.122 402.369
208.122 402.369
208.122 402.369
208.38 402.869
208.38 402.869
208.38 402.869
208.38 402.869
208.639 403.369
208.639 403.369
208.639 403.369
208.639 403.369
208.639 403.369
208.639 403.369
208.639 403.369
208.897 403.869
208.897 403.869
208.897 403.869
208.897 403.869
208.897 403.869
208.897 403.869
208.897 403.869
209.156 404.369
209.156 404.369
209.156 404.369
209.415 404.869
209.415 404.869
209.415 404.869
209.415 404.869
209.415 404.869
209.415 404.869
209.673 405.369
209.673 405.369
209.673 405.369
209.803 405.619
209.803 405.619
209.803 405.619
209.932 405.869
209.932 405.869
209.932 405.869
209.932 405.869
210.191 406.369
210.191 406.369
210.191 406.369
210.191 406.369
210.191 406.369
210.191 406.369
210.449 406.869
210.449 406.869
210.449 406.869
210.449 406.869
210.708 407.369
210.708 407.369
210.708 407.369
210.708 407.369
210.708 407.369
210.708 407.369
210.708 407.369
210.966 407.869
210.966 407.869
210.966 407.869
211.225 408.369
211.225 408.369
211.225 408.369
211.484 408.869
211.484 408.869
211.484 408.869
211.484 408.869
211.484 408.869
211.742 409.369
211.742 409.369
211.872 409.619
211.872 409.619
211.872 409.619
212.001 409.869
212.001 409.869
212.001 409.869
212.001 409.869
212.26 410.369
212.26 410.369
212.26 410.369
212.26 410.369
212.26 410.369
212.26 410.369
212.26 410.369
212.518 410.869
212.518 410.869
212.518 410.869
212.518 410.869
212.777 411.369
212.777 411.369
212.777 411.369
212.777 411.369
212.777 411.369
212.777 411.369
212.777 411.369
213.035 411.869
213.035 411.869
213.035 411.869
213.035 411.869
213.035 411.869
213.035 411.869
213.035 411.869
213.294 412.369
213.294 412.369
213.294 412.369
213.553 412.869
213.553 412.869
213.553 412.869
213.553 412.869
213.553 412.869
213.811 413.369
213.811 413.369
213.941 413.619
213.941 413.619
213.941 413.619
214.07 413.869
214.07 413.869
214.07 413.869
214.07 413.869
214.329 414.369
214.329 414.369
214.329 414.369
214.329 414.369
214.329 414.369
214.329 414.369
214.329 414.369
214.587 414.869
214.587 414.869
214.587 414.869
214.587 414.869
214.846 415.369
214.846 415.369
214.846 415.369
214.846 415.369
214.846 415.369
214.846 415.369
214.846 415.369
215.104 415.869
215.104 415.869
215.104 415.869
215.104 415.869
215.104 415.869
215.104 415.869
215.363 416.369
215.363 416.369
215.622 416.869
215.622 416.869
215.622 416.869
215.622 416.869
215.622 416.869
215.88 417.369
215.88 417.369
216.01 417.619
216.01 417.619
216.01 417.619
216.139 417.869
216.139 417.869
216.139 417.869
216.397 418.369
216.397 418.369
216.397 418.369
216.397 418.369
216.397 418.369
216.527 418.619
216.656 418.869
216.656 418.869
216.656 418.869
216.915 419.369
216.915 419.369
216.915 419.369
216.915 419.369
216.915 419.369
217.173 419.869
217.173 419.869
217.173 419.869
217.173 419.869
217.173 419.869
217.173 419.869
217.173 419.869
217.432 420.369
217.432 420.369
217.432 420.369
217.691 420.869
217.691 420.869
217.691 420.869
217.691 420.869
217.691 420.869
217.949 421.369
217.949 421.369
218.079 421.619
218.079 421.619
218.079 421.619
218.208 421.869
218.208 421.869
218.208 421.869
218.208 421.869
218.466 422.369
218.466 422.369
218.466 422.369
218.466 422.369
218.466 422.369
218.466 422.369
218.466 422.369
218.725 422.869
218.725 422.869
218.725 422.869
218.725 422.869
218.984 423.369
218.984 423.369
218.984 423.369
218.984 423.369
218.984 423.369
218.984 423.369
218.984 423.369
219.242 423.869
219.242 423.869
219.242 423.869
219.242 423.869
219.242 423.869
219.242 423.869
219.501 424.369
219.501 424.369
219.76 424.869
219.76 424.869
219.76 424.869
219.76 424.869
219.76 424.869
220.018 425.369
220.018 425.369
220.147 425.619
220.147 425.619
220.147 425.619
220.277 425.869
220.277 425.869
220.277 425.869
220.535 426.369
220.535 426.369
220.535 426.369
220.535 426.369
220.535 426.369
220.665 426.619
220.794 426.869
220.794 426.869
220.794 426.869
221.053 427.369
221.053 427.369
221.053 427.369
221.053 427.369
221.053 427.369
221.311 427.869
221.311 427.869
221.311 427.869
221.311 427.869
221.311 427.869
221.311 427.869
221.311 427.869
221.57 428.369
221.57 428.369
221.57 428.369
221.829 428.869
221.829 428.869
221.829 428.869
221.829 428.869
221.829 428.869
222.087 429.369
222.087 429.369
222.216 429.619
222.216 429.619
222.216 429.619
222.346 429.869
222.346 429.869
222.346 429.869
222.346 429.869
222.604 430.369
222.604 430.369
222.604 430.369
222.604 430.369
222.604 430.369
222.604 430.369
222.604 430.369
222.863 430.869
222.863 430.869
222.863 430.869
222.863 430.869
223.122 431.369
223.122 431.369
223.122 431.369
223.122 431.369
223.122 431.369
223.122 431.369
223.122 431.369
223.38 431.869
223.38 431.869
223.38 431.869
223.38 431.869
223.38 431.869
223.38 431.869
