2.13524 4.34167
2.13524 4.34167
2.13524 4.34167
2.13524 4.34167
2.13524 4.34167
2.38114 4.84167
2.38114 4.84167
3.11884 6.34167
3.11884 6.34167
4.34835 8.84167
4.59425 9.34167
4.84015 9.84167
4.84015 9.84167
4.84015 9.84167
5.08605 10.3417
5.08605 10.3417
5.33195 10.8417
5.33195 10.8417
5.33195 10.8417
5.33195 10.8417
5.57785 11.3417
5.57785 11.3417
6.06966 12.3417
6.06966 12.3417
6.06966 12.3417
6.06966 12.3417
6.06966 12.3417
6.31556 12.8417
6.31556 12.8417
7.05326 14.3417
7.05326 14.3417
7.05326 14.3417
7.79096 15.8417
7.79096 15.8417
8.28277 16.8417
8.28277 16.8417
8.77457 17.8417
9.02047 18.3417
9.02047 18.3417
9.26637 18.8417
9.26637 18.8417
9.26637 18.8417
9.51227 19.3417
9.51227 19.3417
9.51227 19.3417
9.51227 19.3417
10.0041 20.3417
10.0041 20.3417
10.0041 20.3417
10.0041 20.3417
10.0041 20.3417
10.0041 20.3417
10.25 20.8417
10.25 20.8417
10.25 20.8417
10.25 20.8417
10.25 20.8417
10.25 20.8417
10.9877 22.3417
10.9877 22.3417
10.9877 22.3417
10.9877 22.3417
10.9877 22.3417
10.9877 22.3417
11.2336 22.8417
11.2336 22.8417
11.2336 22.8417
11.2336 22.8417
11.2336 22.8417
11.2336 22.8417
11.9713 24.3417
11.9713 24.3417
11.9713 24.3417
11.9713 24.3417
11.9713 24.3417
11.9713 24.3417
11.9713 24.3417
11.9713 24.3417
13.9385 28.3417
13.9385 28.3417
13.9385 28.3417
13.9385 28.3417
13.9385 28.3417
14.0614 28.5917
14.1844 28.8417
14.1844 28.8417
14.3073 29.0917
14.4303 29.3417
14.6762 29.8417
14.6762 29.8417
14.6762 29.8417
14.6762 29.8417
14.7991 30.0917
14.9221 30.3417
15.045 30.5917
15.168 30.8417
15.168 30.8417
15.168 30.8417
15.4139 31.3417
15.4139 31.3417
15.4139 31.3417
15.4139 31.3417
15.4139 31.3417
15.5368 31.5917
15.6598 31.8417
15.6598 31.8417
15.6598 31.8417
15.7827 32.0917
15.9057 32.3417
15.9057 32.3417
15.9057 32.3417
15.9057 32.3417
15.9057 32.3417
15.9057 32.3417
16.0286 32.5917
16.1516 32.8417
16.2745 33.0917
16.3975 33.3417
16.3975 33.3417
16.6434 33.8417
16.6434 33.8417
16.6434 33.8417
16.6434 33.8417
16.6434 33.8417
16.6434 33.8417
16.7663 34.0917
16.8893 34.3417
17.0123 34.5917
17.1352 34.8417
17.1352 34.8417
17.1352 34.8417
17.3811 35.3417
17.3811 35.3417
17.3811 35.3417
17.3811 35.3417
17.3811 35.3417
17.5041 35.5917
17.627 35.8417
17.627 35.8417
17.75 36.0917
17.8729 36.3417
17.8729 36.3417
17.8729 36.3417
17.8729 36.3417
17.8729 36.3417
17.9959 36.5917
18.1188 36.8417
18.2418 37.0917
18.3647 37.3417
18.3647 37.3417
18.6106 37.8417
18.6106 37.8417
18.6106 37.8417
18.6106 37.8417
18.6106 37.8417
18.7336 38.0917
18.9795 38.5917
19.1024 38.8417
19.1024 38.8417
19.1024 38.8417
19.3483 39.3417
19.3483 39.3417
19.3483 39.3417
19.5604 39.7729
19.5942 39.8417
19.6403 39.9354
19.7264 40.1104
19.8401 40.3417
19.8401 40.3417
19.8401 40.3417
19.8401 40.3417
19.8401 40.3417
19.8401 40.3417
20.5778 41.8417
20.5778 41.8417
20.5778 41.8417
20.5778 41.8417
20.5778 41.8417
20.5778 41.8417
21.0696 42.8417
21.0696 42.8417
21.0696 42.8417
21.0696 42.8417
21.0696 42.8417
21.0696 42.8417
21.5614 43.8417
21.5614 43.8417
21.8073 44.3417
21.8073 44.3417
21.8073 44.3417
21.8073 44.3417
21.8073 44.3417
21.9303 44.5917
22.0532 44.8417
22.1762 45.0917
22.2991 45.3417
22.545 45.8417
22.545 45.8417
22.545 45.8417
22.545 45.8417
22.545 45.8417
22.668 46.0917
22.7909 46.3417
22.9139 46.5917
23.0368 46.8417
23.0368 46.8417
23.0368 46.8417
23.2827 47.3417
23.2827 47.3417
23.2827 47.3417
23.2827 47.3417
23.4057 47.5917
23.5286 47.8417
23.5286 47.8417
23.6516 48.0917
23.7745 48.3417
23.7745 48.3417
23.7745 48.3417
23.7745 48.3417
23.7745 48.3417
23.7745 48.3417
23.8975 48.5917
24.0204 48.8417
24.1434 49.0917
24.2663 49.3417
24.5122 49.8417
24.5122 49.8417
24.5122 49.8417
24.5122 49.8417
24.5122 49.8417
24.5122 49.8417
24.6352 50.0917
24.7581 50.3417
24.8811 50.5917
25.004 50.8417
25.004 50.8417
25.004 50.8417
25.2499 51.3417
25.2499 51.3417
25.2499 51.3417
25.2499 51.3417
25.2499 51.3417
25.3729 51.5917
25.4958 51.8417
25.4958 51.8417
25.4958 51.8417
25.6188 52.0917
25.7417 52.3417
25.7417 52.3417
25.7417 52.3417
25.7417 52.3417
25.7417 52.3417
25.8647 52.5917
25.9876 52.8417
26.1106 53.0917
26.2335 53.3417
26.4794 53.8417
26.4794 53.8417
26.4794 53.8417
26.4794 53.8417
26.4794 53.8417
26.4794 53.8417
26.6024 54.0917
26.8483 54.5917
26.9712 54.8417
26.9712 54.8417
26.9712 54.8417
27.2171 55.3417
27.2171 55.3417
27.2171 55.3417
27.2171 55.3417
27.2171 55.3417
27.4292 55.7729
27.463 55.8417
27.5091 55.9354
27.5952 56.1104
27.7089 56.3417
27.7089 56.3417
27.7089 56.3417
27.7089 56.3417
27.7089 56.3417
27.7089 56.3417
28.4466 57.8417
28.4466 57.8417
28.4466 57.8417
28.4466 57.8417
28.4466 57.8417
28.4466 57.8417
28.9384 58.8417
28.9384 58.8417
28.9384 58.8417
28.9384 58.8417
28.9384 58.8417
28.9384 58.8417
29.1844 59.3417
29.1844 59.3417
29.1844 59.3417
29.4303 59.8417
29.4303 59.8417
29.6762 60.3417
29.6762 60.3417
29.6762 60.3417
29.6762 60.3417
29.6762 60.3417
29.9221 60.8417
29.9221 60.8417
30.168 61.3417
30.168 61.3417
30.168 61.3417
30.168 61.3417
30.168 61.3417
30.4139 61.8417
30.4139 61.8417
30.4139 61.8417
30.4139 61.8417
30.4139 61.8417
30.6598 62.3417
30.6598 62.3417
30.9057 62.8417
30.9057 62.8417
31.1516 63.3417
31.1516 63.3417
31.1516 63.3417
31.1516 63.3417
31.1516 63.3417
31.3975 63.8417
31.3975 63.8417
31.6434 64.3417
31.6434 64.3417
31.6434 64.3417
31.6434 64.3417
31.6434 64.3417
31.8893 64.8417
31.8893 64.8417
31.8893 64.8417
32.1352 65.3417
32.1352 65.3417
32.1352 65.3417
32.1352 65.3417
32.3811 65.8417
32.3811 65.8417
32.3811 65.8417
32.3811 65.8417
32.3811 65.8417
32.3811 65.8417
32.627 66.3417
32.8729 66.8417
32.8729 66.8417
33.1188 67.3417
33.1188 67.3417
33.1188 67.3417
33.1188 67.3417
33.1188 67.3417
33.3647 67.8417
33.6106 68.3417
33.6106 68.3417
33.6106 68.3417
33.6106 68.3417
33.6106 68.3417
33.6106 68.3417
33.8565 68.8417
33.8565 68.8417
33.8565 68.8417
34.1024 69.3417
34.1024 69.3417
34.1024 69.3417
34.1024 69.3417
34.3483 69.8417
34.3483 69.8417
34.3483 69.8417
34.3483 69.8417
34.3483 69.8417
34.3483 69.8417
34.5942 70.3417
34.8401 70.8417
34.8401 70.8417
34.8401 70.8417
35.086 71.3417
35.086 71.3417
35.086 71.3417
35.086 71.3417
35.086 71.3417
35.086 71.3417
35.3319 71.8417
35.3319 71.8417
35.3319 71.8417
35.5778 72.3417
35.5778 72.3417
35.5778 72.3417
35.5778 72.3417
35.5778 72.3417
35.5778 72.3417
35.8237 72.8417
35.8237 72.8417
36.0696 73.3417
36.0696 73.3417
36.3155 73.8417
36.3155 73.8417
36.3155 73.8417
36.3155 73.8417
36.3155 73.8417
36.3155 73.8417
36.5614 74.3417
36.8073 74.8417
36.8073 74.8417
37.0532 75.3417
37.0532 75.3417
37.0532 75.3417
37.0532 75.3417
37.0532 75.3417
37.2991 75.8417
37.2991 75.8417
37.545 76.3417
37.545 76.3417
37.545 76.3417
37.545 76.3417
37.545 76.3417
37.7909 76.8417
37.7909 76.8417
38.0368 77.3417
38.0368 77.3417
38.0368 77.3417
38.0368 77.3417
38.0368 77.3417
38.2827 77.8417
38.2827 77.8417
38.2827 77.8417
38.2827 77.8417
38.2827 77.8417
38.5286 78.3417
38.5286 78.3417
38.7745 78.8417
38.7745 78.8417
39.0204 79.3417
39.0204 79.3417
39.0204 79.3417
39.0204 79.3417
39.0204 79.3417
39.2663 79.8417
39.2663 79.8417
39.2663 79.8417
39.5122 80.3417
39.5122 80.3417
39.5122 80.3417
39.5122 80.3417
39.5122 80.3417
39.7581 80.8417
39.7581 80.8417
39.7581 80.8417
40.004 81.3417
40.004 81.3417
40.004 81.3417
40.2499 81.8417
40.2499 81.8417
40.2499 81.8417
40.2499 81.8417
40.2499 81.8417
40.2499 81.8417
40.4958 82.3417
40.7417 82.8417
40.7417 82.8417
40.9876 83.3417
40.9876 83.3417
40.9876 83.3417
40.9876 83.3417
40.9876 83.3417
41.2335 83.8417
41.4794 84.3417
41.4794 84.3417
41.4794 84.3417
41.4794 84.3417
41.4794 84.3417
41.4794 84.3417
41.7253 84.8417
41.7253 84.8417
41.7253 84.8417
41.9712 85.3417
41.9712 85.3417
41.9712 85.3417
41.9712 85.3417
42.2171 85.8417
42.2171 85.8417
42.2171 85.8417
42.2171 85.8417
42.2171 85.8417
42.2171 85.8417
42.463 86.3417
42.463 86.3417
42.7089 86.8417
42.7089 86.8417
42.9548 87.3417
42.9548 87.3417
42.9548 87.3417
42.9548 87.3417
42.9548 87.3417
42.9548 87.3417
43.2007 87.8417
43.2007 87.8417
43.2007 87.8417
43.4466 88.3417
43.4466 88.3417
43.4466 88.3417
43.4466 88.3417
43.4466 88.3417
43.4466 88.3417
43.6925 88.8417
43.6925 88.8417
43.9384 89.3417
43.9384 89.3417
44.1843 89.8417
44.1843 89.8417
44.1843 89.8417
44.1843 89.8417
44.1843 89.8417
44.1843 89.8417
44.4302 90.3417
44.6761 90.8417
44.6761 90.8417
44.922 91.3417
44.922 91.3417
44.922 91.3417
44.922 91.3417
44.922 91.3417
45.1679 91.8417
45.1679 91.8417
45.4138 92.3417
45.4138 92.3417
45.4138 92.3417
45.4138 92.3417
45.4138 92.3417
45.6597 92.8417
45.6597 92.8417
45.6597 92.8417
45.9056 93.3417
45.9056 93.3417
45.9056 93.3417
45.9056 93.3417
46.1515 93.8417
46.1515 93.8417
46.1515 93.8417
46.1515 93.8417
46.1515 93.8417
46.1515 93.8417
46.3974 94.3417
46.6433 94.8417
46.6433 94.8417
46.8892 95.3417
46.8892 95.3417
46.8892 95.3417
46.8892 95.3417
46.8892 95.3417
47.1351 95.8417
47.1351 95.8417
47.1351 95.8417
47.381 96.3417
47.381 96.3417
47.381 96.3417
47.381 96.3417
47.381 96.3417
47.6269 96.8417
47.6269 96.8417
47.6269 96.8417
47.8728 97.3417
47.8728 97.3417
47.8728 97.3417
48.1187 97.8417
48.1187 97.8417
48.1187 97.8417
48.1187 97.8417
48.1187 97.8417
48.1187 97.8417
48.3646 98.3417
48.6105 98.8417
48.6105 98.8417
48.8564 99.3417
48.8564 99.3417
48.8564 99.3417
48.8564 99.3417
48.8564 99.3417
49.1023 99.8417
49.3482 100.342
49.3482 100.342
49.3482 100.342
49.3482 100.342
49.3482 100.342
49.3482 100.342
49.5941 100.842
49.5941 100.842
49.5941 100.842
49.84 101.342
49.84 101.342
49.84 101.342
49.84 101.342
50.0859 101.842
50.0859 101.842
50.0859 101.842
50.0859 101.842
50.0859 101.842
50.0859 101.842
50.3318 102.342
50.3318 102.342
50.5777 102.842
50.5777 102.842
50.8236 103.342
50.8236 103.342
50.8236 103.342
50.8236 103.342
50.8236 103.342
50.8236 103.342
51.0695 103.842
51.0695 103.842
51.0695 103.842
51.3154 104.342
51.3154 104.342
51.3154 104.342
51.3154 104.342
51.3154 104.342
51.3154 104.342
51.5613 104.842
51.5613 104.842
51.8072 105.342
51.8072 105.342
52.0531 105.842
52.0531 105.842
52.0531 105.842
52.0531 105.842
52.0531 105.842
52.0531 105.842
52.299 106.342
52.5449 106.842
52.5449 106.842
52.7908 107.342
52.7908 107.342
52.7908 107.342
52.7908 107.342
52.7908 107.342
53.0367 107.842
53.0367 107.842
53.2826 108.342
53.2826 108.342
53.2826 108.342
53.2826 108.342
53.2826 108.342
53.5285 108.842
53.5285 108.842
53.7745 109.342
53.7745 109.342
53.7745 109.342
53.7745 109.342
53.7745 109.342
54.0204 109.842
54.0204 109.842
54.0204 109.842
54.0204 109.842
54.0204 109.842
54.2663 110.342
54.2663 110.342
54.5122 110.842
54.5122 110.842
54.7581 111.342
54.7581 111.342
54.7581 111.342
54.7581 111.342
54.7581 111.342
55.004 111.842
55.004 111.842
55.2499 112.342
55.2499 112.342
55.2499 112.342
55.2499 112.342
55.2499 112.342
55.4958 112.842
55.4958 112.842
55.4958 112.842
55.7417 113.342
55.7417 113.342
55.7417 113.342
55.9876 113.842
55.9876 113.842
55.9876 113.842
55.9876 113.842
55.9876 113.842
55.9876 113.842
56.2335 114.342
56.4794 114.842
56.4794 114.842
56.7253 115.342
56.7253 115.342
56.7253 115.342
56.7253 115.342
56.7253 115.342
56.9712 115.842
57.2171 116.342
57.2171 116.342
57.2171 116.342
57.2171 116.342
57.2171 116.342
57.2171 116.342
57.463 116.842
57.463 116.842
57.463 116.842
57.7089 117.342
57.7089 117.342
57.7089 117.342
57.7089 117.342
57.9548 117.842
57.9548 117.842
57.9548 117.842
57.9548 117.842
57.9548 117.842
57.9548 117.842
58.2007 118.342
58.2007 118.342
58.4466 118.842
58.4466 118.842
58.6925 119.342
58.6925 119.342
58.6925 119.342
58.6925 119.342
58.6925 119.342
58.6925 119.342
58.9384 119.842
58.9384 119.842
59.1843 120.342
59.1843 120.342
59.1843 120.342
59.1843 120.342
59.1843 120.342
59.1843 120.342
59.4302 120.842
59.4302 120.842
59.4302 120.842
59.6761 121.342
59.6761 121.342
59.922 121.842
59.922 121.842
59.922 121.842
59.922 121.842
59.922 121.842
59.922 121.842
60.1679 122.342
60.4138 122.842
60.4138 122.842
60.6597 123.342
60.6597 123.342
60.6597 123.342
60.6597 123.342
60.6597 123.342
60.9056 123.842
60.9056 123.842
61.1402 124.319
61.1515 124.342
61.1515 124.342
61.1515 124.342
61.1515 124.342
61.1515 124.342
61.1515 124.342
61.3974 124.842
61.6433 125.342
61.6433 125.342
61.6433 125.342
61.8892 125.842
61.8892 125.842
61.8892 125.842
61.8892 125.842
62.1351 126.342
62.1351 126.342
62.381 126.842
62.381 126.842
62.6269 127.342
62.8728 127.842
63.1002 128.304
63.1187 128.342
63.1187 128.342
63.1187 128.342
63.1187 128.342
63.1187 128.342
63.1187 128.342
63.3646 128.842
63.6105 129.342
63.6105 129.342
63.6105 129.342
63.8564 129.842
63.8564 129.842
63.8564 129.842
64.1023 130.342
64.1023 130.342
64.1023 130.342
64.3482 130.842
64.3482 130.842
64.3482 130.842
64.5941 131.342
64.84 131.842
65.0603 132.29
65.0859 132.342
65.0859 132.342
65.0859 132.342
65.0859 132.342
65.0859 132.342
65.3318 132.842
65.5777 133.342
65.5777 133.342
65.5777 133.342
65.8236 133.842
65.8236 133.842
65.8236 133.842
66.0695 134.342
66.0695 134.342
66.3154 134.842
66.3154 134.842
66.3154 134.842
66.5613 135.342
66.5613 135.342
66.8072 135.842
66.8072 135.842
67.0531 136.342
67.0531 136.342
67.0531 136.342
67.0531 136.342
67.0531 136.342
67.0572 136.35
67.299 136.842
67.299 136.842
67.5449 137.342
67.5449 137.342
67.5449 137.342
67.7908 137.842
67.7908 137.842
67.7908 137.842
68.0367 138.342
68.0367 138.342
68.0367 138.342
68.0367 138.342
68.2826 138.842
68.2826 138.842
68.5295 139.344
68.7744 139.842
68.9988 140.298
69.0203 140.342
69.0203 140.342
69.0203 140.342
69.0203 140.342
69.0203 140.342
69.2662 140.842
69.5121 141.342
69.5121 141.342
69.5388 141.396
69.758 141.842
69.758 141.842
69.758 141.842
69.758 141.842
70.0039 142.342
70.0039 142.342
70.2498 142.842
70.2498 142.842
70.4957 143.342
70.7416 143.842
70.7416 143.842
70.9875 144.342
70.9875 144.342
70.9875 144.342
70.9875 144.342
70.9875 144.342
70.9875 144.342
71.2334 144.842
71.4793 145.342
71.4793 145.342
71.4793 145.342
71.7252 145.842
71.7252 145.842
71.7252 145.842
71.9711 146.342
71.9711 146.342
71.9711 146.342
72.217 146.842
72.217 146.842
72.4629 147.342
72.4629 147.342
72.7088 147.842
72.9547 148.342
72.9547 148.342
72.9547 148.342
73.2006 148.842
73.4465 149.342
73.4465 149.342
73.4465 149.342
73.6924 149.842
73.6924 149.842
73.6924 149.842
73.9383 150.342
73.9383 150.342
73.9383 150.342
74.1842 150.842
74.1842 150.842
74.1842 150.842
74.1842 150.842
74.4301 151.342
74.676 151.842
74.9219 152.342
74.9219 152.342
74.9219 152.342
74.9219 152.342
74.9219 152.342
74.9219 152.342
74.9219 152.342
75.9055 154.342
75.9055 154.342
75.9055 154.342
76.1514 154.842
76.3973 155.342
76.8891 156.342
76.8891 156.342
76.8891 156.342
76.8891 156.342
76.8891 156.342
76.9209 156.406
77.135 156.842
77.135 156.842
77.3809 157.342
77.3809 157.342
77.3809 157.342
77.3809 157.342
77.3809 157.342
77.3809 157.342
77.6268 157.842
77.6268 157.842
77.8727 158.342
77.8727 158.342
77.8727 158.342
77.8727 158.342
77.8727 158.342
77.8727 158.342
78.1186 158.842
78.1186 158.842
78.3646 159.342
78.3646 159.342
78.3646 159.342
78.3646 159.342
78.3646 159.342
78.6105 159.842
78.6105 159.842
78.6105 159.842
78.8564 160.342
78.8564 160.342
78.8564 160.342
78.8564 160.342
78.8564 160.342
78.8564 160.342
79.1023 160.842
79.1023 160.842
79.1023 160.842
79.3482 161.342
79.3482 161.342
79.3482 161.342
79.3482 161.342
79.3482 161.342
79.3482 161.342
79.5941 161.842
79.5941 161.842
79.5941 161.842
79.84 162.342
79.84 162.342
79.84 162.342
79.84 162.342
80.0859 162.842
80.0859 162.842
80.0859 162.842
80.3318 163.342
80.3318 163.342
80.3318 163.342
80.3318 163.342
80.3318 163.342
80.3318 163.342
80.3318 163.342
80.5777 163.842
80.5777 163.842
80.5777 163.842
80.8236 164.342
80.8236 164.342
80.8236 164.342
80.8236 164.342
80.8236 164.342
80.8236 164.342
81.0695 164.842
81.0695 164.842
81.3154 165.342
81.3154 165.342
81.3154 165.342
81.3154 165.342
81.3154 165.342
81.3154 165.342
81.5613 165.842
81.5613 165.842
81.5613 165.842
81.8072 166.342
81.8072 166.342
81.8072 166.342
81.8072 166.342
81.8072 166.342
82.0531 166.842
82.0531 166.842
82.299 167.342
82.299 167.342
82.299 167.342
82.299 167.342
82.299 167.342
82.5449 167.842
82.5449 167.842
82.7908 168.342
82.7908 168.342
82.7908 168.342
82.7908 168.342
82.7908 168.342
82.7908 168.342
83.0367 168.842
83.0367 168.842
83.2826 169.342
83.2826 169.342
83.2826 169.342
83.2826 169.342
83.2826 169.342
83.2826 169.342
83.2826 169.342
83.5285 169.842
83.5285 169.842
83.5285 169.842
83.7744 170.342
83.7744 170.342
83.7744 170.342
83.7744 170.342
83.7744 170.342
83.7744 170.342
84.0203 170.842
84.0203 170.842
84.0203 170.842
84.0203 170.842
84.2662 171.342
84.2662 171.342
84.2662 171.342
84.2662 171.342
84.2662 171.342
84.2662 171.342
84.758 172.342
84.758 172.342
84.758 172.342
84.758 172.342
84.758 172.342
84.758 172.342
84.758 172.342
85.0039 172.842
85.0039 172.842
85.2498 173.342
85.2498 173.342
85.2498 173.342
85.2498 173.342
85.2498 173.342
85.2498 173.342
85.4957 173.842
85.4957 173.842
85.7416 174.342
85.7416 174.342
85.7416 174.342
85.7416 174.342
85.7416 174.342
85.7416 174.342
85.9875 174.842
85.9875 174.842
86.2334 175.342
86.2334 175.342
86.2334 175.342
86.2334 175.342
86.2334 175.342
86.2334 175.342
86.4793 175.842
86.4793 175.842
86.4793 175.842
86.7252 176.342
86.7252 176.342
86.7252 176.342
86.7252 176.342
86.7252 176.342
86.7252 176.342
86.9711 176.842
86.9711 176.842
86.9711 176.842
87.217 177.342
87.217 177.342
87.217 177.342
87.217 177.342
87.217 177.342
87.217 177.342
87.4629 177.842
87.4629 177.842
87.4629 177.842
87.7088 178.342
87.7088 178.342
87.7088 178.342
87.7088 178.342
87.7088 178.342
87.9547 178.842
87.9547 178.842
87.9547 178.842
88.2006 179.342
88.2006 179.342
88.2006 179.342
88.2006 179.342
88.2006 179.342
88.2006 179.342
88.2006 179.342
88.4465 179.842
88.4465 179.842
88.6924 180.342
88.6924 180.342
88.6924 180.342
88.6924 180.342
88.6924 180.342
88.6924 180.342
88.6924 180.342
88.9383 180.842
88.9383 180.842
89.1842 181.342
89.1842 181.342
89.1842 181.342
89.1842 181.342
89.1842 181.342
89.4301 181.842
89.4301 181.842
89.4301 181.842
89.676 182.342
89.676 182.342
89.676 182.342
89.676 182.342
89.676 182.342
89.9219 182.842
89.9219 182.842
90.1678 183.342
90.1678 183.342
90.1678 183.342
90.1678 183.342
90.1678 183.342
90.4137 183.842
90.4137 183.842
90.6596 184.342
90.6596 184.342
90.6596 184.342
90.6596 184.342
90.6596 184.342
90.6596 184.342
90.9055 184.842
90.9055 184.842
91.1514 185.342
91.1514 185.342
91.1514 185.342
91.1514 185.342
91.1514 185.342
91.3973 185.842
91.3973 185.842
91.3973 185.842
91.6432 186.342
91.6432 186.342
91.6432 186.342
91.6432 186.342
91.6432 186.342
91.8891 186.842
91.8891 186.842
92.135 187.342
92.135 187.342
92.135 187.342
92.135 187.342
92.135 187.342
92.3809 187.842
92.3809 187.842
92.6268 188.342
92.6268 188.342
92.6268 188.342
92.6268 188.342
92.6268 188.342
92.6586 188.406
92.8727 188.842
92.8727 188.842
93.1186 189.342
93.1186 189.342
93.1186 189.342
93.1186 189.342
93.1186 189.342
93.1186 189.342
93.3645 189.842
93.3645 189.842
93.6104 190.342
93.6104 190.342
93.6104 190.342
93.6104 190.342
93.6104 190.342
93.6104 190.342
93.8563 190.842
93.8563 190.842
94.1022 191.342
94.1022 191.342
94.1022 191.342
94.1022 191.342
94.1022 191.342
94.3481 191.842
94.3481 191.842
94.3481 191.842
94.594 192.342
94.594 192.342
94.594 192.342
94.594 192.342
94.594 192.342
94.594 192.342
94.8399 192.842
94.8399 192.842
94.8399 192.842
95.0858 193.342
95.0858 193.342
95.0858 193.342
95.0858 193.342
95.0858 193.342
95.0858 193.342
95.3317 193.842
95.3317 193.842
95.3317 193.842
95.5776 194.342
95.5776 194.342
95.5776 194.342
95.5776 194.342
95.8235 194.842
95.8235 194.842
95.8235 194.842
96.0694 195.342
96.0694 195.342
96.0694 195.342
96.0694 195.342
96.0694 195.342
96.0694 195.342
96.0694 195.342
96.3153 195.842
96.3153 195.842
96.3153 195.842
96.5612 196.342
96.5612 196.342
96.5612 196.342
96.5612 196.342
96.5612 196.342
96.5612 196.342
96.8071 196.842
96.8071 196.842
97.053 197.342
97.053 197.342
97.053 197.342
97.053 197.342
97.053 197.342
97.053 197.342
97.2989 197.842
97.2989 197.842
97.2989 197.842
97.5448 198.342
97.5448 198.342
97.5448 198.342
97.5448 198.342
97.5448 198.342
97.7907 198.842
97.7907 198.842
98.0366 199.342
98.0366 199.342
98.0366 199.342
98.0366 199.342
98.0366 199.342
98.2825 199.842
98.2825 199.842
98.5284 200.342
98.5284 200.342
98.5284 200.342
98.5284 200.342
98.5284 200.342
98.5284 200.342
98.7743 200.842
98.7743 200.842
99.0202 201.342
99.0202 201.342
99.0202 201.342
99.0202 201.342
99.0202 201.342
99.0202 201.342
99.0202 201.342
99.2661 201.842
99.2661 201.842
99.2661 201.842
99.512 202.342
99.512 202.342
99.512 202.342
99.512 202.342
99.512 202.342
99.512 202.342
99.7579 202.842
99.7579 202.842
99.7579 202.842
99.7579 202.842
100.004 203.342
100.004 203.342
100.004 203.342
100.004 203.342
100.004 203.342
100.004 203.342
100.496 204.342
100.496 204.342
100.496 204.342
100.496 204.342
100.496 204.342
100.496 204.342
100.496 204.342
100.742 204.842
100.742 204.842
100.987 205.342
100.987 205.342
100.987 205.342
100.987 205.342
100.987 205.342
100.987 205.342
101.233 205.842
101.233 205.842
101.479 206.342
101.479 206.342
101.479 206.342
101.479 206.342
101.479 206.342
101.479 206.342
101.725 206.842
101.725 206.842
101.971 207.342
101.971 207.342
101.971 207.342
101.971 207.342
101.971 207.342
101.971 207.342
102.217 207.842
102.217 207.842
102.217 207.842
102.463 208.342
102.463 208.342
102.463 208.342
102.463 208.342
102.463 208.342
102.463 208.342
102.709 208.842
102.709 208.842
102.709 208.842
102.955 209.342
102.955 209.342
102.955 209.342
102.955 209.342
102.955 209.342
102.955 209.342
103.201 209.842
103.201 209.842
103.201 209.842
103.446 210.342
103.446 210.342
103.446 210.342
103.446 210.342
103.446 210.342
103.692 210.842
103.692 210.842
103.692 210.842
103.938 211.342
103.938 211.342
103.938 211.342
103.938 211.342
103.938 211.342
103.938 211.342
103.938 211.342
104.184 211.842
104.184 211.842
104.43 212.342
104.43 212.342
104.43 212.342
104.43 212.342
104.43 212.342
104.43 212.342
104.43 212.342
104.676 212.842
104.676 212.842
104.922 213.342
104.922 213.342
104.922 213.342
104.922 213.342
104.922 213.342
105.168 213.842
105.168 213.842
105.168 213.842
105.414 214.342
105.414 214.342
105.414 214.342
105.414 214.342
105.414 214.342
105.66 214.842
105.66 214.842
105.905 215.342
105.905 215.342
105.905 215.342
105.905 215.342
105.905 215.342
106.151 215.842
106.151 215.842
106.397 216.342
106.397 216.342
106.397 216.342
106.397 216.342
106.397 216.342
106.397 216.342
106.643 216.842
106.643 216.842
106.889 217.342
106.889 217.342
106.889 217.342
106.889 217.342
106.889 217.342
107.135 217.842
107.135 217.842
107.135 217.842
107.381 218.342
107.381 218.342
107.381 218.342
107.381 218.342
107.381 218.342
107.627 218.842
107.627 218.842
107.873 219.342
107.873 219.342
107.873 219.342
107.873 219.342
107.873 219.342
108.119 219.842
108.119 219.842
108.119 219.842
108.242 220.092
108.364 220.342
108.364 220.342
108.364 220.342
108.364 220.342
108.381 220.375
109.102 221.842
109.102 221.842
109.594 222.842
109.84 223.342
109.84 223.342
109.84 223.342
109.963 223.592
110.086 223.842
110.332 224.342
110.332 224.342
110.332 224.342
110.332 224.342
110.332 224.342
111.069 225.842
111.069 225.842
111.192 226.092
111.315 226.342
111.315 226.342
111.315 226.342
111.315 226.342
111.315 226.342
111.438 226.592
111.684 227.092
111.807 227.342
111.93 227.592
112.299 228.342
112.299 228.342
112.299 228.342
112.299 228.342
112.791 229.342
113.037 229.842
113.037 229.842
113.037 229.842
113.16 230.092
113.282 230.342
113.528 230.842
113.528 230.842
113.528 230.842
113.528 230.842
113.774 231.342
113.774 231.342
114.02 231.842
114.02 231.842
114.266 232.342
114.266 232.342
114.266 232.342
114.266 232.342
115.004 233.842
115.004 233.842
115.127 234.092
115.25 234.342
115.25 234.342
115.25 234.342
115.25 234.342
115.25 234.342
115.496 234.842
115.496 234.842
115.742 235.342
115.742 235.342
115.742 235.342
115.987 235.842
115.987 235.842
115.987 235.842
116.233 236.342
116.233 236.342
116.233 236.342
116.233 236.342
116.233 236.342
116.971 237.842
116.971 237.842
117.094 238.092
117.217 238.342
117.217 238.342
117.217 238.342
117.217 238.342
117.463 238.842
117.463 238.842
117.709 239.342
117.709 239.342
117.709 239.342
117.709 239.342
117.709 239.342
117.955 239.842
117.955 239.842
118.201 240.342
118.201 240.342
118.201 240.342
118.201 240.342
118.201 240.342
118.938 241.842
118.938 241.842
118.938 241.842
119.061 242.092
119.184 242.342
119.184 242.342
119.184 242.342
119.184 242.342
119.184 242.342
119.43 242.842
119.43 242.842
119.676 243.342
119.676 243.342
119.676 243.342
119.676 243.342
119.676 243.342
119.922 243.842
119.922 243.842
120.168 244.342
120.168 244.342
120.168 244.342
120.168 244.342
120.168 244.342
120.905 245.842
120.905 245.842
121.028 246.092
121.151 246.342
121.151 246.342
121.151 246.342
121.397 246.842
121.397 246.842
121.643 247.342
121.643 247.342
121.643 247.342
121.643 247.342
121.643 247.342
121.889 247.842
121.889 247.842
122.135 248.342
122.135 248.342
122.135 248.342
122.135 248.342
122.873 249.842
123.119 250.342
123.119 250.342
123.364 250.842
123.61 251.342
123.856 251.842
124.102 252.342
124.102 252.342
124.102 252.342
124.102 252.342
126.069 256.342
126.069 256.342
126.069 256.342
126.069 256.342
126.069 256.342
126.315 256.842
126.315 256.842
126.315 256.842
126.561 257.342
126.561 257.342
126.561 257.342
126.561 257.342
126.807 257.842
126.807 257.842
126.807 257.842
126.807 257.842
126.807 257.842
126.807 257.842
127.053 258.342
127.299 258.842
127.299 258.842
127.545 259.342
127.545 259.342
127.545 259.342
127.545 259.342
127.545 259.342
127.791 259.842
127.791 259.842
127.791 259.842
128.037 260.342
128.037 260.342
128.037 260.342
128.037 260.342
128.037 260.342
128.282 260.842
128.282 260.842
128.282 260.842
128.528 261.342
128.528 261.342
128.528 261.342
128.774 261.842
128.774 261.842
128.774 261.842
128.774 261.842
128.774 261.842
128.774 261.842
129.02 262.342
129.266 262.842
129.266 262.842
129.512 263.342
129.512 263.342
129.512 263.342
129.512 263.342
129.512 263.342
129.758 263.842
130.004 264.342
130.004 264.342
130.004 264.342
130.004 264.342
130.004 264.342
130.004 264.342
130.25 264.842
130.25 264.842
130.25 264.842
130.496 265.342
130.496 265.342
130.496 265.342
130.496 265.342
130.741 265.842
130.741 265.842
130.741 265.842
130.741 265.842
130.741 265.842
130.741 265.842
130.987 266.342
130.987 266.342
131.233 266.842
131.233 266.842
131.479 267.342
131.479 267.342
131.479 267.342
131.479 267.342
131.479 267.342
131.479 267.342
131.725 267.842
131.725 267.842
131.725 267.842
131.971 268.342
131.971 268.342
131.971 268.342
131.971 268.342
131.971 268.342
131.971 268.342
132.217 268.842
132.217 268.842
132.463 269.342
132.463 269.342
132.709 269.842
132.709 269.842
132.709 269.842
132.709 269.842
132.709 269.842
132.709 269.842
132.955 270.342
133.2 270.842
133.2 270.842
133.446 271.342
133.446 271.342
133.446 271.342
133.446 271.342
133.446 271.342
133.692 271.842
133.692 271.842
133.938 272.342
133.938 272.342
133.938 272.342
133.938 272.342
133.938 272.342
134.184 272.842
134.184 272.842
134.43 273.342
134.43 273.342
134.43 273.342
134.43 273.342
134.43 273.342
134.676 273.842
134.676 273.842
134.676 273.842
134.676 273.842
134.676 273.842
134.922 274.342
134.922 274.342
135.168 274.842
135.168 274.842
135.414 275.342
135.414 275.342
135.414 275.342
135.414 275.342
135.414 275.342
135.659 275.842
135.659 275.842
135.905 276.342
135.905 276.342
135.905 276.342
135.905 276.342
135.905 276.342
136.151 276.842
136.151 276.842
136.151 276.842
136.397 277.342
136.397 277.342
136.397 277.342
136.643 277.842
136.643 277.842
136.643 277.842
136.643 277.842
136.643 277.842
136.643 277.842
136.889 278.342
137.135 278.842
137.135 278.842
137.381 279.342
137.381 279.342
137.381 279.342
137.381 279.342
137.381 279.342
137.627 279.842
137.873 280.342
137.873 280.342
137.873 280.342
137.873 280.342
137.873 280.342
137.873 280.342
138.118 280.842
138.118 280.842
138.118 280.842
138.364 281.342
138.364 281.342
138.364 281.342
138.364 281.342
138.61 281.842
138.61 281.842
138.61 281.842
138.61 281.842
138.61 281.842
138.61 281.842
138.856 282.342
138.856 282.342
139.102 282.842
139.102 282.842
139.348 283.342
139.348 283.342
139.348 283.342
139.348 283.342
139.348 283.342
139.348 283.342
139.594 283.842
139.594 283.842
139.84 284.342
139.84 284.342
139.84 284.342
139.84 284.342
139.84 284.342
139.84 284.342
140.086 284.842
140.086 284.842
140.086 284.842
140.332 285.342
140.332 285.342
140.578 285.842
140.578 285.842
140.578 285.842
140.578 285.842
140.578 285.842
140.578 285.842
140.823 286.342
141.069 286.842
141.069 286.842
141.315 287.342
141.315 287.342
141.315 287.342
141.315 287.342
141.315 287.342
141.561 287.842
141.561 287.842
141.807 288.342
141.807 288.342
141.807 288.342
141.807 288.342
141.807 288.342
141.807 288.342
141.809 288.346
142.053 288.842
142.299 289.342
142.299 289.342
142.299 289.342
142.545 289.842
142.545 289.842
142.545 289.842
142.545 289.842
142.791 290.342
142.791 290.342
143.037 290.842
143.037 290.842
143.282 291.342
143.528 291.842
143.77 292.333
143.774 292.342
143.774 292.342
143.774 292.342
143.774 292.342
143.774 292.342
143.774 292.342
144.02 292.842
144.266 293.342
144.266 293.342
144.266 293.342
144.512 293.842
144.512 293.842
144.512 293.842
144.758 294.342
144.758 294.342
144.758 294.342
145.004 294.842
145.004 294.842
145.004 294.842
145.25 295.342
145.496 295.842
145.73 296.319
145.741 296.342
145.741 296.342
145.741 296.342
145.741 296.342
145.741 296.342
145.987 296.842
146.233 297.342
146.233 297.342
146.233 297.342
146.479 297.842
146.479 297.842
146.479 297.842
146.725 298.342
146.725 298.342
146.971 298.842
146.971 298.842
146.971 298.842
147.217 299.342
147.217 299.342
147.463 299.842
147.463 299.842
147.709 300.342
147.709 300.342
147.709 300.342
147.709 300.342
147.709 300.342
147.726 300.377
147.955 300.842
147.955 300.842
148.2 301.342
148.2 301.342
148.2 301.342
148.446 301.842
148.446 301.842
148.446 301.842
148.692 302.342
148.692 302.342
148.692 302.342
148.706 302.369
148.938 302.842
148.938 302.842
149.199 303.373
149.43 303.842
149.669 304.327
149.676 304.342
149.676 304.342
149.676 304.342
149.676 304.342
149.676 304.342
149.922 304.842
150.168 305.342
150.168 305.342
150.194 305.396
150.414 305.842
150.414 305.842
150.414 305.842
150.414 305.842
150.659 306.342
150.659 306.342
150.905 306.842
150.905 306.842
151.151 307.342
151.397 307.842
151.397 307.842
151.643 308.342
151.643 308.342
151.643 308.342
151.643 308.342
151.643 308.342
151.643 308.342
151.66 308.377
151.889 308.842
152.135 309.342
152.135 309.342
152.135 309.342
152.381 309.842
152.381 309.842
152.381 309.842
152.627 310.342
152.627 310.342
152.627 310.342
152.873 310.842
152.873 310.842
153.118 311.342
153.118 311.342
153.364 311.842
153.61 312.342
153.61 312.342
153.61 312.342
153.661 312.446
153.856 312.842
154.102 313.342
154.102 313.342
154.102 313.342
154.348 313.842
154.348 313.842
154.348 313.842
154.594 314.342
154.594 314.342
154.594 314.342
154.84 314.842
154.84 314.842
154.84 314.842
154.84 314.842
155.086 315.342
155.332 315.842
155.577 316.342
155.577 316.342
155.577 316.342
155.577 316.342
155.577 316.342
155.577 316.342
155.577 316.342
156.561 318.342
156.561 318.342
156.561 318.342
156.807 318.842
157.053 319.342
157.545 320.342
157.545 320.342
157.545 320.342
157.545 320.342
157.545 320.342
157.576 320.406
157.791 320.842
157.791 320.842
158.036 321.342
158.036 321.342
158.036 321.342
158.036 321.342
158.036 321.342
158.036 321.342
158.282 321.842
158.282 321.842
158.528 322.342
158.528 322.342
158.528 322.342
158.528 322.342
158.528 322.342
158.528 322.342
158.774 322.842
158.774 322.842
159.02 323.342
159.02 323.342
159.02 323.342
159.02 323.342
159.02 323.342
159.266 323.842
159.266 323.842
159.266 323.842
159.512 324.342
159.512 324.342
159.512 324.342
159.512 324.342
159.512 324.342
159.512 324.342
159.758 324.842
159.758 324.842
159.758 324.842
160.004 325.342
160.004 325.342
160.004 325.342
160.004 325.342
160.004 325.342
160.004 325.342
160.25 325.842
160.25 325.842
160.25 325.842
160.495 326.342
160.495 326.342
160.495 326.342
160.495 326.342
160.741 326.842
160.741 326.842
160.741 326.842
160.987 327.342
160.987 327.342
160.987 327.342
160.987 327.342
160.987 327.342
160.987 327.342
160.987 327.342
161.233 327.842
161.233 327.842
161.233 327.842
161.479 328.342
161.479 328.342
161.479 328.342
161.479 328.342
161.479 328.342
161.479 328.342
161.725 328.842
161.725 328.842
161.971 329.342
161.971 329.342
161.971 329.342
161.971 329.342
161.971 329.342
161.971 329.342
162.217 329.842
162.217 329.842
162.217 329.842
162.463 330.342
162.463 330.342
162.463 330.342
162.463 330.342
162.463 330.342
162.709 330.842
162.709 330.842
162.954 331.342
162.954 331.342
162.954 331.342
162.954 331.342
162.954 331.342
163.2 331.842
163.2 331.842
163.446 332.342
163.446 332.342
163.446 332.342
163.446 332.342
163.446 332.342
163.446 332.342
163.692 332.842
163.692 332.842
163.938 333.342
163.938 333.342
163.938 333.342
163.938 333.342
163.938 333.342
163.938 333.342
163.938 333.342
164.184 333.842
164.184 333.842
164.184 333.842
164.43 334.342
164.43 334.342
164.43 334.342
164.43 334.342
164.43 334.342
164.43 334.342
164.676 334.842
164.676 334.842
164.676 334.842
164.676 334.842
164.922 335.342
164.922 335.342
164.922 335.342
164.922 335.342
164.922 335.342
164.922 335.342
165.414 336.342
165.414 336.342
165.414 336.342
165.414 336.342
165.414 336.342
165.414 336.342
165.414 336.342
165.659 336.842
165.659 336.842
165.905 337.342
165.905 337.342
165.905 337.342
165.905 337.342
165.905 337.342
165.905 337.342
166.151 337.842
166.151 337.842
166.397 338.342
166.397 338.342
166.397 338.342
166.397 338.342
166.397 338.342
166.397 338.342
166.643 338.842
166.643 338.842
166.889 339.342
166.889 339.342
166.889 339.342
166.889 339.342
166.889 339.342
166.889 339.342
167.135 339.842
167.135 339.842
167.135 339.842
167.381 340.342
167.381 340.342
167.381 340.342
167.381 340.342
167.381 340.342
167.381 340.342
167.627 340.842
167.627 340.842
167.627 340.842
167.873 341.342
167.873 341.342
167.873 341.342
167.873 341.342
167.873 341.342
167.873 341.342
168.118 341.842
168.118 341.842
168.118 341.842
168.364 342.342
168.364 342.342
168.364 342.342
168.364 342.342
168.364 342.342
168.61 342.842
168.61 342.842
168.61 342.842
168.856 343.342
168.856 343.342
168.856 343.342
168.856 343.342
168.856 343.342
168.856 343.342
168.856 343.342
169.102 343.842
169.102 343.842
169.348 344.342
169.348 344.342
169.348 344.342
169.348 344.342
169.348 344.342
169.348 344.342
169.348 344.342
169.594 344.842
169.594 344.842
169.84 345.342
169.84 345.342
169.84 345.342
169.84 345.342
169.84 345.342
170.086 345.842
170.086 345.842
170.086 345.842
170.332 346.342
170.332 346.342
170.332 346.342
170.332 346.342
170.332 346.342
170.577 346.842
170.577 346.842
170.823 347.342
170.823 347.342
170.823 347.342
170.823 347.342
170.823 347.342
171.069 347.842
171.069 347.842
171.315 348.342
171.315 348.342
171.315 348.342
171.315 348.342
171.315 348.342
171.315 348.342
171.561 348.842
171.561 348.842
171.807 349.342
171.807 349.342
171.807 349.342
171.807 349.342
171.807 349.342
172.053 349.842
172.053 349.842
172.053 349.842
172.299 350.342
172.299 350.342
172.299 350.342
172.299 350.342
172.299 350.342
172.545 350.842
172.545 350.842
172.791 351.342
172.791 351.342
172.791 351.342
172.791 351.342
172.791 351.342
173.036 351.842
173.036 351.842
173.282 352.342
173.282 352.342
173.282 352.342
173.282 352.342
173.282 352.342
173.314 352.406
173.528 352.842
173.528 352.842
173.774 353.342
173.774 353.342
173.774 353.342
173.774 353.342
173.774 353.342
173.774 353.342
174.02 353.842
174.02 353.842
174.266 354.342
174.266 354.342
174.266 354.342
174.266 354.342
174.266 354.342
174.266 354.342
174.512 354.842
174.512 354.842
174.758 355.342
174.758 355.342
174.758 355.342
174.758 355.342
174.758 355.342
175.004 355.842
175.004 355.842
175.004 355.842
175.25 356.342
175.25 356.342
175.25 356.342
175.25 356.342
175.25 356.342
175.25 356.342
175.495 356.842
175.495 356.842
175.495 356.842
175.741 357.342
175.741 357.342
175.741 357.342
175.741 357.342
175.741 357.342
175.741 357.342
175.987 357.842
175.987 357.842
175.987 357.842
176.233 358.342
176.233 358.342
176.233 358.342
176.233 358.342
176.479 358.842
176.479 358.842
176.479 358.842
176.725 359.342
176.725 359.342
176.725 359.342
176.725 359.342
176.725 359.342
176.725 359.342
176.725 359.342
176.971 359.842
176.971 359.842
176.971 359.842
177.217 360.342
177.217 360.342
177.217 360.342
177.217 360.342
177.217 360.342
177.217 360.342
177.463 360.842
177.463 360.842
177.709 361.342
177.709 361.342
177.709 361.342
177.709 361.342
177.709 361.342
177.709 361.342
177.954 361.842
177.954 361.842
177.954 361.842
178.2 362.342
178.2 362.342
178.2 362.342
178.2 362.342
178.2 362.342
178.446 362.842
178.446 362.842
178.692 363.342
178.692 363.342
178.692 363.342
178.692 363.342
178.692 363.342
178.938 363.842
178.938 363.842
179.184 364.342
179.184 364.342
179.184 364.342
179.184 364.342
179.184 364.342
179.184 364.342
179.43 364.842
179.43 364.842
179.676 365.342
179.676 365.342
179.676 365.342
179.676 365.342
179.676 365.342
179.676 365.342
179.676 365.342
179.922 365.842
179.922 365.842
179.922 365.842
180.168 366.342
180.168 366.342
180.168 366.342
180.168 366.342
180.168 366.342
180.168 366.342
180.413 366.842
180.413 366.842
180.413 366.842
180.413 366.842
180.659 367.342
180.659 367.342
180.659 367.342
180.659 367.342
180.659 367.342
180.659 367.342
181.151 368.342
181.151 368.342
181.151 368.342
181.151 368.342
181.151 368.342
181.151 368.342
181.151 368.342
181.397 368.842
181.397 368.842
181.643 369.342
181.643 369.342
181.643 369.342
181.643 369.342
181.643 369.342
181.643 369.342
181.889 369.842
181.889 369.842
182.135 370.342
182.135 370.342
182.135 370.342
182.135 370.342
182.135 370.342
182.135 370.342
182.381 370.842
182.381 370.842
182.627 371.342
182.627 371.342
182.627 371.342
182.627 371.342
182.627 371.342
182.627 371.342
182.872 371.842
182.872 371.842
182.872 371.842
183.118 372.342
183.118 372.342
183.118 372.342
183.118 372.342
183.118 372.342
183.118 372.342
183.364 372.842
183.364 372.842
183.364 372.842
183.61 373.342
183.61 373.342
183.61 373.342
183.61 373.342
183.61 373.342
183.61 373.342
183.856 373.842
183.856 373.842
183.856 373.842
184.102 374.342
184.102 374.342
184.102 374.342
184.102 374.342
184.102 374.342
184.348 374.842
184.348 374.842
184.348 374.842
184.594 375.342
184.594 375.342
184.594 375.342
184.594 375.342
184.594 375.342
184.594 375.342
184.594 375.342
184.84 375.842
184.84 375.842
185.086 376.342
185.086 376.342
185.086 376.342
185.086 376.342
185.086 376.342
185.086 376.342
185.086 376.342
185.331 376.842
185.331 376.842
185.577 377.342
185.577 377.342
185.577 377.342
185.577 377.342
185.577 377.342
185.823 377.842
185.823 377.842
185.823 377.842
186.069 378.342
186.069 378.342
186.069 378.342
186.069 378.342
186.069 378.342
186.315 378.842
186.315 378.842
186.561 379.342
186.561 379.342
186.561 379.342
186.561 379.342
186.561 379.342
186.807 379.842
186.807 379.842
187.053 380.342
187.053 380.342
187.053 380.342
187.053 380.342
187.053 380.342
187.053 380.342
187.299 380.842
187.299 380.842
187.545 381.342
187.545 381.342
187.545 381.342
187.545 381.342
187.545 381.342
187.79 381.842
187.79 381.842
187.79 381.842
188.036 382.342
188.036 382.342
188.036 382.342
188.036 382.342
188.036 382.342
188.282 382.842
188.282 382.842
188.528 383.342
188.528 383.342
188.528 383.342
188.528 383.342
188.528 383.342
188.774 383.842
188.774 383.842
189.02 384.342
189.02 384.342
189.02 384.342
189.02 384.342
189.02 384.342
190.987 388.342
190.987 388.342
190.987 388.342
190.987 388.342
190.987 388.342
191.11 388.592
191.233 388.842
191.233 388.842
191.356 389.092
191.479 389.342
191.725 389.842
191.725 389.842
191.725 389.842
191.725 389.842
191.848 390.092
191.971 390.342
192.094 390.592
192.217 390.842
192.217 390.842
192.217 390.842
192.463 391.342
192.463 391.342
192.463 391.342
192.463 391.342
192.463 391.342
192.586 391.592
192.709 391.842
192.709 391.842
192.709 391.842
192.831 392.092
192.954 392.342
192.954 392.342
192.954 392.342
192.954 392.342
192.954 392.342
192.954 392.342
193.077 392.592
193.2 392.842
193.323 393.092
193.446 393.342
193.446 393.342
193.692 393.842
193.692 393.842
193.692 393.842
193.692 393.842
193.692 393.842
193.692 393.842
193.815 394.092
193.938 394.342
194.061 394.592
194.184 394.842
194.184 394.842
194.184 394.842
194.43 395.342
194.43 395.342
194.43 395.342
194.43 395.342
194.43 395.342
194.553 395.592
194.676 395.842
194.676 395.842
194.799 396.092
194.922 396.342
194.922 396.342
194.922 396.342
194.922 396.342
194.922 396.342
195.045 396.592
195.168 396.842
195.29 397.092
195.413 397.342
195.413 397.342
195.659 397.842
195.659 397.842
195.659 397.842
195.659 397.842
195.659 397.842
195.782 398.092
196.028 398.592
196.151 398.842
196.151 398.842
196.151 398.842
196.397 399.342
196.397 399.342
196.397 399.342
196.609 399.773
196.643 399.842
196.689 399.935
196.775 400.11
196.889 400.342
196.889 400.342
196.889 400.342
196.889 400.342
196.889 400.342
196.889 400.342
197.627 401.842
197.627 401.842
197.627 401.842
197.627 401.842
197.627 401.842
197.627 401.842
198.118 402.842
198.118 402.842
198.118 402.842
198.118 402.842
198.118 402.842
198.118 402.842
198.61 403.842
198.61 403.842
198.856 404.342
198.856 404.342
198.856 404.342
198.856 404.342
198.856 404.342
198.979 404.592
199.102 404.842
199.225 405.092
199.348 405.342
199.594 405.842
199.594 405.842
199.594 405.842
199.594 405.842
199.594 405.842
199.717 406.092
199.84 406.342
199.963 406.592
200.086 406.842
200.086 406.842
200.086 406.842
200.331 407.342
200.331 407.342
200.331 407.342
200.331 407.342
200.454 407.592
200.577 407.842
200.577 407.842
200.7 408.092
200.823 408.342
200.823 408.342
200.823 408.342
200.823 408.342
200.823 408.342
200.823 408.342
200.946 408.592
201.069 408.842
201.192 409.092
201.315 409.342
201.561 409.842
201.561 409.842
201.561 409.842
201.561 409.842
201.561 409.842
201.561 409.842
201.684 410.092
201.807 410.342
201.93 410.592
202.053 410.842
202.053 410.842
202.053 410.842
202.299 411.342
202.299 411.342
202.299 411.342
202.299 411.342
202.299 411.342
202.422 411.592
202.545 411.842
202.545 411.842
202.545 411.842
202.668 412.092
202.79 412.342
202.79 412.342
202.79 412.342
202.79 412.342
202.79 412.342
202.913 412.592
203.036 412.842
203.159 413.092
203.282 413.342
203.528 413.842
203.528 413.842
203.528 413.842
203.528 413.842
203.528 413.842
203.528 413.842
203.651 414.092
203.897 414.592
204.02 414.842
204.02 414.842
204.02 414.842
204.266 415.342
204.266 415.342
204.266 415.342
204.266 415.342
204.266 415.342
204.478 415.773
204.512 415.842
204.558 415.935
204.644 416.11
204.758 416.342
204.758 416.342
204.758 416.342
204.758 416.342
204.758 416.342
204.758 416.342
205.495 417.842
205.495 417.842
205.495 417.842
205.495 417.842
205.495 417.842
205.495 417.842
205.987 418.842
205.987 418.842
205.987 418.842
205.987 418.842
205.987 418.842
205.987 418.842
206.233 419.342
206.233 419.342
206.233 419.342
206.725 420.342
206.725 420.342
206.725 420.342
206.725 420.342
206.725 420.342
206.725 420.342
