0.517647 0.733333
0.517647 0.733333
0.694117 0.983333
0.870588 1.23333
1.04706 1.48333
1.92941 2.73333
1.92941 2.73333
2.10588 2.98333
2.28235 3.23333
2.45882 3.48333
2.63529 3.73333
3.34117 4.73333
3.34117 4.73333
3.51765 4.98333
3.69412 5.23333
3.87059 5.48333
4.04706 5.73333
4.04706 5.73333
4.22353 5.98333
4.4 6.23333
4.56764 6.47083
4.75294 6.73333
4.75294 6.73333
4.92941 6.98333
5.10588 7.23333
5.28235 7.48333
5.45882 7.73333
6.1647 8.73333
6.1647 8.73333
6.34117 8.98333
6.51764 9.23333
6.69411 9.48333
7.57647 10.7333
7.57647 10.7333
7.75294 10.9833
7.92941 11.2333
8.10588 11.4833
8.98823 12.7333
8.98823 12.7333
9.1647 12.9833
9.34117 13.2333
9.51764 13.4833
9.69411 13.7333
9.69411 13.7333
9.87058 13.9833
10.0471 14.2333
10.2147 14.4708
10.4 14.7333
10.4 14.7333
10.5765 14.9833
10.7529 15.2333
10.9294 15.4833
11.8118 16.7333
11.9882 16.9833
12.1647 17.2333
12.3412 17.4833
12.6941 17.9833
12.8794 18.2458
13.0471 18.4833
13.2235 18.7333
13.2235 18.7333
13.4 18.9833
13.5765 19.2333
13.7529 19.4833
13.9294 19.7333
14.1059 19.9833
14.2823 20.2333
14.4588 20.4833
14.6353 20.7333
14.6353 20.7333
14.8118 20.9833
14.9882 21.2333
15.1647 21.4833
15.3412 21.7333
15.3412 21.7333
15.5176 21.9833
15.6941 22.2333
15.8618 22.4708
16.0471 22.7333
16.0471 22.7333
16.2235 22.9833
16.4 23.2333
16.5765 23.4833
16.9294 23.9833
17.1059 24.2333
17.1059 24.2333
17.275 24.4729
17.4588 24.7333
17.4588 24.7333
17.6353 24.9833
17.8118 25.2333
17.9882 25.4833
18.3412 25.9833
18.5176 26.2333
18.6941 26.4833
18.8706 26.7333
18.8706 26.7333
19.047 26.9833
19.2235 27.2333
19.4 27.4833
19.7529 27.9833
19.9294 28.2333
20.1059 28.4833
20.2823 28.7333
20.2823 28.7333
20.4588 28.9833
20.6353 29.2333
20.8118 29.4833
21.6941 30.7333
21.6941 30.7333
21.8706 30.9833
22.047 31.2333
22.2235 31.4833
22.5765 31.9833
23.1059 32.7333
25.5765 36.2333
25.7529 36.4833
25.9294 36.7333
25.9294 36.7333
26.1059 36.9833
26.2823 37.2333
26.2823 37.2333
26.4588 37.4833
26.4588 37.4833
26.8118 37.9833
26.8118 37.9833
26.9882 38.2333
27.1647 38.4833
27.3412 38.7333
27.3412 38.7333
27.5176 38.9833
27.6941 39.2333
27.6941 39.2333
27.8706 39.4833
27.8706 39.4833
28.4 40.2333
28.7529 40.7333
28.7529 40.7333
28.9294 40.9833
29.1059 41.2333
29.1059 41.2333
29.2823 41.4833
29.2823 41.4833
29.4588 41.7333
29.6353 41.9833
29.6353 41.9833
29.8117 42.2333
29.9794 42.4708
29.9882 42.4833
30.1647 42.7333
30.3412 42.9833
30.5176 43.2333
30.6941 43.4833
31.2235 44.2333
31.4 44.4833
31.5765 44.7333
31.5765 44.7333
31.7529 44.9833
31.9294 45.2333
31.9294 45.2333
32.1059 45.4833
32.1059 45.4833
32.4588 45.9833
32.9882 46.7333
32.9882 46.7333
33.1647 46.9833
33.3412 47.2333
33.3412 47.2333
33.5176 47.4833
33.5176 47.4833
33.8706 47.9833
34.4 48.7333
34.4 48.7333
34.5765 48.9833
34.7529 49.2333
34.7529 49.2333
34.9294 49.4833
34.9294 49.4833
35.1059 49.7333
35.2823 49.9833
35.2823 49.9833
35.4588 50.2333
35.6265 50.4708
35.6353 50.4833
35.8117 50.7333
35.9882 50.9833
36.1647 51.2333
36.3412 51.4833
36.6941 51.9833
36.8706 52.2333
36.8706 52.2333
37.047 52.4833
37.047 52.4833
37.2235 52.7333
37.2235 52.7333
37.4 52.9833
37.5765 53.2333
37.5765 53.2333
37.7529 53.4833
37.7529 53.4833
38.1059 53.9833
38.6353 54.7333
38.6353 54.7333
38.8117 54.9833
38.9882 55.2333
38.9882 55.2333
39.1647 55.4833
39.1647 55.4833
39.5176 55.9833
40.047 56.7333
40.047 56.7333
40.2235 56.9833
40.4 57.2333
40.4 57.2333
40.5765 57.4833
40.5765 57.4833
40.7529 57.7333
40.9294 57.9833
40.9294 57.9833
41.1059 58.2333
41.2735 58.4708
41.2823 58.4833
41.4588 58.7333
41.6353 58.9833
41.8117 59.2333
41.9882 59.4833
42.3412 59.9833
42.5176 60.2333
42.5176 60.2333
42.6941 60.4833
42.6941 60.4833
42.8706 60.7333
42.8706 60.7333
43.047 60.9833
43.2235 61.2333
43.2235 61.2333
43.4 61.4833
43.4 61.4833
43.7529 61.9833
44.2823 62.7333
44.2823 62.7333
44.4588 62.9833
44.6353 63.2333
44.6353 63.2333
44.8117 63.4833
44.8117 63.4833
45.1647 63.9833
45.6941 64.7333
45.6941 64.7333
45.8706 64.9833
46.047 65.2333
46.047 65.2333
46.2235 65.4833
46.2235 65.4833
46.4 65.7333
46.5764 65.9833
46.5764 65.9833
46.7529 66.2333
46.9294 66.4833
46.9294 66.4833
47.1059 66.7333
47.2823 66.9833
47.4588 67.2333
47.6353 67.4833
47.8117 67.7333
47.9882 67.9833
48.1647 68.2333
48.3412 68.4833
48.5176 68.7333
48.5206 68.7375
48.8706 69.2333
48.8735 69.2375
49.047 69.4833
49.05 69.4875
49.2264 69.7375
49.2264 69.7375
49.4 69.9833
49.4029 69.9875
49.7529 70.4833
49.9323 70.7375
50.2853 71.2375
50.4617 71.4875
50.6353 71.7333
50.6382 71.7375
50.6382 71.7375
50.6382 71.7375
50.8117 71.9833
50.9882 72.2333
50.9912 72.2375
51.1647 72.4833
51.3412 72.7333
51.3441 72.7375
51.6941 73.2333
51.697 73.2375
51.8706 73.4833
51.8735 73.4875
52.05 73.7375
52.05 73.7375
52.05 73.7375
52.2235 73.9833
52.4029 74.2375
52.5764 74.4833
52.5794 74.4875
52.7559 74.7375
53.1088 75.2375
53.2853 75.4875
53.4617 75.7375
53.4617 75.7375
53.4617 75.7375
53.6353 75.9833
53.6382 75.9875
53.8117 76.2333
53.8147 76.2375
53.9882 76.4833
54.1647 76.7333
54.1676 76.7375
54.3441 76.9875
54.5176 77.2333
54.6941 77.4833
54.697 77.4875
54.8735 77.7375
54.8735 77.7375
54.8735 77.7375
55.047 77.9833
55.05 77.9875
55.4 78.4833
55.5764 78.7333
55.5794 78.7375
55.7559 78.9875
55.9294 79.2333
56.1059 79.4833
56.1088 79.4875
56.2853 79.7375
56.2853 79.7375
56.2853 79.7375
56.4588 79.9833
56.6382 80.2375
56.8117 80.4833
56.9911 80.7375
57.1676 80.9875
57.5206 81.4875
57.697 81.7375
57.697 81.7375
57.697 81.7375
58.05 82.2375
58.3235 82.625
58.4 82.7333
58.4338 82.7812
59.1059 83.7333
59.4588 84.2333
59.8117 84.7333
59.8117 84.7333
60.1647 85.2333
60.1676 85.2375
60.3411 85.4833
60.3441 85.4875
60.5206 85.7375
60.5206 85.7375
60.522 85.7396
60.6941 85.9833
61.2235 86.7333
61.2235 86.7333
61.5764 87.2333
61.5794 87.2375
61.7529 87.4833
61.7559 87.4875
61.9309 87.7354
61.9323 87.7375
62.1059 87.9833
62.2853 88.2375
62.6353 88.7333
62.6353 88.7333
62.8117 88.9833
62.9882 89.2333
62.9882 89.2333
63.1647 89.4833
63.1647 89.4833
63.3411 89.7333
63.5176 89.9833
63.5176 89.9833
63.6941 90.2333
63.8706 90.4833
63.8706 90.4833
64.047 90.7333
64.4029 91.2375
64.5794 91.4875
64.7529 91.7333
64.7544 91.7354
64.7558 91.7375
64.7558 91.7375
65.1058 92.2333
65.1088 92.2375
65.4588 92.7333
65.4588 92.7333
65.8117 93.2333
65.8147 93.2375
65.9882 93.4833
65.9911 93.4875
66.1676 93.7375
66.172 93.7438
66.172 93.7438
66.3411 93.9833
66.5206 94.2375
66.8706 94.7333
66.8706 94.7333
67.047 94.9833
67.2235 95.2333
67.2235 95.2333
67.3985 95.4812
67.4 95.4833
67.4 95.4833
67.4 95.4833
67.7529 95.9833
67.7529 95.9833
68.2823 96.7333
68.2823 96.7333
68.4588 96.9833
68.6353 97.2333
68.6353 97.2333
68.6353 97.2333
68.8117 97.4833
68.9882 97.7333
69.1647 97.9833
69.1647 97.9833
69.3411 98.2333
69.5176 98.4833
69.5176 98.4833
69.6941 98.7333
69.8706 98.9833
70.047 99.2333
70.2235 99.4833
70.4 99.7333
70.7529 100.233
71.1058 100.733
71.1058 100.733
71.4588 101.233
71.4617 101.237
71.6353 101.483
71.6382 101.487
71.8058 101.725
71.8058 101.725
71.8147 101.738
71.9882 101.983
72.1676 102.237
72.5176 102.733
72.5176 102.733
72.8706 103.233
72.8735 103.237
73.047 103.483
73.05 103.487
73.197 103.696
73.2147 103.721
73.2264 103.737
73.4 103.983
73.5794 104.237
73.9294 104.733
73.9294 104.733
74.1058 104.983
74.2823 105.233
74.2823 105.233
74.4588 105.483
74.4588 105.483
74.6353 105.733
74.8117 105.983
74.8117 105.983
74.9882 106.233
75.1647 106.483
75.1647 106.483
75.3411 106.733
75.5176 106.983
75.6941 107.233
75.8706 107.483
76.047 107.733
76.2235 107.983
76.4 108.233
76.4 108.233
76.5764 108.483
76.7529 108.733
76.7529 108.733
77.1058 109.233
77.1088 109.237
77.2823 109.483
77.2853 109.487
77.4485 109.719
77.4544 109.727
77.4617 109.737
77.6353 109.983
78.1647 110.733
78.1647 110.733
78.5176 111.233
78.5205 111.237
78.6941 111.483
78.697 111.487
78.8573 111.715
78.8632 111.723
78.8735 111.737
79.047 111.983
79.4 112.483
79.5794 112.738
79.7558 112.987
79.9294 113.233
80.1058 113.483
80.4588 113.983
80.9882 114.733
80.9911 114.737
81.1676 114.987
81.3411 115.233
81.3441 115.237
81.5176 115.483
81.5205 115.488
81.8705 115.983
81.8735 115.987
82.4 116.733
82.4029 116.737
82.4029 116.737
82.7558 117.237
82.9323 117.487
83.2853 117.987
83.8147 118.737
83.8147 118.737
84.3411 119.483
84.6941 119.983
85.2235 120.733
85.2235 120.733
85.7529 121.483
86.1058 121.983
86.6353 122.733
86.6353 122.733
86.9882 123.233
87.1647 123.483
87.5176 123.983
87.8705 124.483
88.047 124.733
88.047 124.733
88.4 125.233
88.5764 125.483
88.9294 125.983
89.4588 126.733
89.4588 126.733
89.9882 127.483
90.3411 127.983
90.8705 128.733
90.8705 128.733
91.4 129.483
91.7529 129.983
92.2823 130.733
92.2823 130.733
92.6352 131.233
92.8117 131.483
93.3441 132.238
93.5205 132.488
93.6941 132.733
93.697 132.738
93.8705 132.983
93.8705 132.983
94.047 133.233
94.047 133.233
94.2235 133.483
94.5794 133.988
95.1058 134.733
95.1088 134.738
95.2823 134.983
95.4588 135.233
95.6352 135.483
95.6382 135.488
95.9911 135.988
96.5176 136.733
96.5205 136.738
96.6941 136.983
96.8705 137.233
97.05 137.488
97.4029 137.988
97.9294 138.733
97.9323 138.738
98.1058 138.983
98.2823 139.233
98.6382 139.738
98.9911 140.238
99.3411 140.733
99.3441 140.738
99.5176 140.983
99.6941 141.233
99.8735 141.488
100.226 141.988
100.753 142.733
100.756 142.738
100.929 142.983
101.106 143.233
101.285 143.488
101.638 143.988
102.165 144.733
102.341 144.983
102.518 145.233
102.697 145.488
103.05 145.988
103.579 146.738
104.635 148.233
104.812 148.483
104.988 148.733
104.988 148.733
105.165 148.983
105.341 149.233
105.341 149.233
105.518 149.483
105.518 149.483
105.871 149.983
106.4 150.733
106.4 150.733
106.576 150.983
106.753 151.233
106.753 151.233
106.929 151.483
106.929 151.483
107.459 152.233
107.812 152.733
107.812 152.733
107.988 152.983
108.165 153.233
108.165 153.233
108.341 153.483
108.341 153.483
108.518 153.733
108.694 153.983
108.694 153.983
108.871 154.233
109.038 154.471
109.047 154.483
109.223 154.733
109.4 154.983
109.576 155.233
109.753 155.483
110.282 156.233
110.459 156.483
110.635 156.733
110.635 156.733
110.812 156.983
110.988 157.233
110.988 157.233
111.165 157.483
111.165 157.483
111.518 157.983
112.047 158.733
112.047 158.733
112.223 158.983
112.4 159.233
112.4 159.233
112.576 159.483
112.576 159.483
112.929 159.983
113.459 160.733
113.459 160.733
113.635 160.983
113.812 161.233
113.812 161.233
113.988 161.483
113.988 161.483
114.165 161.733
114.341 161.983
114.341 161.983
114.518 162.233
114.685 162.471
114.694 162.483
114.871 162.733
115.047 162.983
115.223 163.233
115.4 163.483
115.929 164.233
116.106 164.483
116.282 164.733
116.282 164.733
116.459 164.983
116.635 165.233
116.635 165.233
116.812 165.483
116.812 165.483
117.165 165.983
117.694 166.733
117.694 166.733
117.871 166.983
118.047 167.233
118.047 167.233
118.223 167.483
118.223 167.483
118.576 167.983
119.106 168.733
119.106 168.733
119.282 168.983
119.459 169.233
119.459 169.233
119.635 169.483
119.635 169.483
119.812 169.733
119.988 169.983
119.988 169.983
120.165 170.233
120.332 170.471
120.341 170.483
120.518 170.733
120.694 170.983
120.871 171.233
121.047 171.483
121.4 171.983
121.576 172.233
121.576 172.233
121.753 172.483
121.753 172.483
121.929 172.733
121.929 172.733
122.106 172.983
122.282 173.233
122.282 173.233
122.459 173.483
122.459 173.483
122.812 173.983
123.341 174.733
123.341 174.733
123.518 174.983
123.694 175.233
123.694 175.233
123.871 175.483
123.871 175.483
124.223 175.983
124.753 176.733
124.753 176.733
124.929 176.983
125.106 177.233
125.106 177.233
125.282 177.483
125.282 177.483
125.459 177.733
125.635 177.983
125.635 177.983
125.812 178.233
125.988 178.483
125.988 178.483
126.165 178.733
126.341 178.983
126.518 179.233
126.694 179.483
126.871 179.733
127.047 179.983
127.223 180.233
127.4 180.483
127.576 180.733
127.576 180.733
127.576 180.733
127.576 180.733
127.753 180.983
127.929 181.233
127.929 181.233
128.106 181.483
128.106 181.483
128.106 181.483
128.459 181.983
128.459 181.983
128.459 181.983
128.459 181.983
128.812 182.483
128.812 182.483
128.812 182.483
128.812 182.483
129.165 182.983
129.341 183.233
129.694 183.733
129.694 183.733
129.694 183.733
129.871 183.983
130.047 184.233
130.223 184.483
130.4 184.733
130.4 184.733
130.4 184.733
130.4 184.733
130.753 185.233
130.753 185.233
130.929 185.483
130.929 185.483
130.929 185.483
131.282 185.983
131.282 185.983
131.282 185.983
131.282 185.983
131.635 186.483
131.635 186.483
131.635 186.483
131.635 186.483
132.694 187.983
132.871 188.233
133.047 188.483
133.223 188.733
133.223 188.733
133.4 188.983
133.576 189.233
133.576 189.233
133.753 189.483
133.753 189.483
134.106 189.983
134.106 189.983
134.459 190.483
134.635 190.733
134.635 190.733
134.812 190.983
134.988 191.233
134.988 191.233
135.165 191.483
135.165 191.483
135.518 191.983
135.518 191.983
135.871 192.483
136.047 192.733
136.223 192.983
136.4 193.233
136.576 193.483
136.929 193.983
137.382 194.625
137.459 194.733
137.493 194.781
138.165 195.733
138.518 196.233
138.871 196.733
138.871 196.733
139.223 197.233
139.226 197.237
139.4 197.483
139.403 197.488
139.579 197.738
139.579 197.738
139.581 197.74
139.753 197.983
140.282 198.733
140.282 198.733
140.635 199.233
140.638 199.238
140.812 199.483
140.815 199.487
140.99 199.735
140.991 199.738
141.165 199.983
141.344 200.238
141.694 200.733
141.694 200.733
141.871 200.983
142.047 201.233
142.047 201.233
142.223 201.483
142.223 201.483
142.4 201.733
142.576 201.983
142.576 201.983
142.753 202.233
142.929 202.483
142.929 202.483
143.106 202.733
143.462 203.238
143.638 203.488
143.812 203.733
143.813 203.735
143.815 203.738
143.815 203.738
144.165 204.233
144.168 204.238
144.518 204.733
144.518 204.733
144.871 205.233
144.873 205.238
145.047 205.483
145.05 205.488
145.226 205.738
145.231 205.744
145.231 205.744
145.4 205.983
145.579 206.238
145.929 206.733
145.929 206.733
146.106 206.983
146.282 207.233
146.282 207.233
146.457 207.481
146.459 207.483
146.459 207.483
146.459 207.483
146.812 207.983
146.812 207.983
147.341 208.733
147.341 208.733
147.518 208.983
147.694 209.233
147.694 209.233
147.694 209.233
147.871 209.483
148.047 209.733
148.223 209.983
148.223 209.983
148.4 210.233
148.576 210.483
148.576 210.483
148.753 210.733
148.929 210.983
149.106 211.233
149.282 211.483
149.459 211.733
149.812 212.233
150.165 212.733
150.165 212.733
150.518 213.233
150.521 213.238
150.694 213.483
150.697 213.488
150.865 213.725
150.865 213.725
150.873 213.737
151.047 213.983
151.226 214.238
151.576 214.733
151.576 214.733
151.929 215.233
151.932 215.238
152.106 215.483
152.109 215.488
152.256 215.696
152.273 215.721
152.285 215.738
152.459 215.983
152.638 216.238
152.988 216.733
152.988 216.733
153.165 216.983
153.341 217.233
153.341 217.233
153.518 217.483
153.518 217.483
153.694 217.733
153.871 217.983
153.871 217.983
154.047 218.233
154.223 218.483
154.223 218.483
154.4 218.733
154.576 218.983
154.753 219.233
154.929 219.483
155.106 219.733
155.282 219.983
155.459 220.233
155.459 220.233
155.635 220.483
155.812 220.733
155.812 220.733
156.165 221.233
156.168 221.238
156.341 221.483
156.344 221.487
156.507 221.719
156.513 221.727
156.521 221.738
156.694 221.983
157.223 222.733
157.223 222.733
157.576 223.233
157.579 223.238
157.753 223.483
157.756 223.488
157.916 223.715
157.922 223.723
157.932 223.738
158.106 223.983
158.459 224.483
158.638 224.737
158.815 224.988
158.988 225.233
159.165 225.483
160.047 226.733
160.4 227.233
160.576 227.483
160.753 227.733
160.929 227.983
161.285 228.488
161.459 228.733
161.459 228.733
161.812 229.233
161.815 229.238
161.988 229.483
161.991 229.488
162.168 229.738
162.168 229.738
162.169 229.74
162.341 229.983
162.871 230.733
162.871 230.733
163.223 231.233
163.226 231.238
163.4 231.483
163.403 231.488
163.578 231.735
163.579 231.738
163.753 231.983
163.932 232.238
164.282 232.733
164.282 232.733
164.459 232.983
164.635 233.233
164.635 233.233
164.812 233.483
164.812 233.483
164.988 233.733
165.165 233.983
165.165 233.983
165.341 234.233
165.518 234.483
165.518 234.483
165.694 234.733
166.05 235.238
166.226 235.488
166.4 235.733
166.401 235.735
166.403 235.737
166.403 235.737
166.753 236.233
166.756 236.238
167.106 236.733
167.106 236.733
167.459 237.233
167.462 237.238
167.635 237.483
167.638 237.488
167.815 237.738
167.819 237.744
167.819 237.744
167.988 237.983
168.168 238.238
168.518 238.733
168.518 238.733
168.694 238.983
168.871 239.233
168.871 239.233
169.046 239.481
169.047 239.483
169.047 239.483
169.047 239.483
169.4 239.983
169.4 239.983
169.929 240.733
169.929 240.733
170.106 240.983
170.282 241.233
170.282 241.233
170.282 241.233
170.459 241.483
170.635 241.733
170.812 241.983
170.812 241.983
170.988 242.233
171.165 242.483
171.165 242.483
171.341 242.733
171.518 242.983
171.694 243.233
171.871 243.483
172.047 243.733
172.4 244.233
172.753 244.733
172.753 244.733
173.106 245.233
173.109 245.238
173.282 245.483
173.285 245.488
173.453 245.725
173.453 245.725
173.462 245.738
173.635 245.983
173.815 246.238
174.165 246.733
174.165 246.733
174.518 247.233
174.521 247.238
174.694 247.483
174.697 247.488
174.844 247.696
174.862 247.721
174.873 247.738
175.047 247.983
175.226 248.238
175.576 248.733
175.576 248.733
175.753 248.983
175.929 249.233
175.929 249.233
176.106 249.483
176.106 249.483
176.282 249.733
176.459 249.983
176.459 249.983
176.635 250.233
176.812 250.483
176.812 250.483
176.988 250.733
177.165 250.983
177.341 251.233
177.518 251.483
177.694 251.733
177.87 251.983
178.047 252.233
178.047 252.233
178.223 252.483
178.4 252.733
178.4 252.733
178.753 253.233
178.756 253.238
178.929 253.483
178.932 253.488
179.095 253.719
179.101 253.727
179.109 253.738
179.282 253.983
179.812 254.733
179.812 254.733
180.165 255.233
180.168 255.238
180.341 255.483
180.344 255.487
180.504 255.715
180.51 255.723
180.52 255.738
180.694 255.983
181.047 256.483
181.226 256.738
181.403 256.988
181.576 257.233
181.753 257.483
182.106 257.983
182.459 258.483
182.635 258.733
182.635 258.733
182.812 258.983
182.988 259.233
182.988 259.233
183.165 259.483
183.165 259.483
183.518 259.983
183.518 259.983
183.518 259.983
185.468 262.746
186.022 263.531
186.312 263.942
186.322 263.956
186.515 264.229
186.91 264.79
187.153 265.133
187.398 265.481
187.769 266.006
188.11 266.49
188.516 267.065
189.035 267.8
190.197 269.446
190.745 270.223
191.043 270.644
191.253 270.942
191.472 271.252
191.659 271.517
191.828 271.756
192.001 272.002
192.122 272.173
192.281 272.398
192.432 272.613
192.597 272.846
192.753 273.067
192.966 273.369
193.222 273.731
196.479 278.346
196.504 278.381
196.51 278.39
196.554 278.452
198.525 281.244
198.784 281.61
199.041 281.975
199.266 282.294
199.66 282.852
