0.823134 1.23333
0.989986 1.48333
1.15684 1.73333
1.32369 1.98333
1.49054 2.23333
1.65739 2.48333
1.82424 2.73333
1.99109 2.98333
2.15795 3.23333
2.3248 3.48333
2.49165 3.73333
2.6585 3.98333
2.82535 4.23333
2.9922 4.48333
3.15906 4.73333
3.32591 4.98333
3.49276 5.23333
3.49276 5.23333
3.82646 5.73333
4.16016 6.23333
4.49387 6.73333
4.82757 7.23333
5.16127 7.73333
5.49498 8.23333
5.49498 8.23333
5.82868 8.73333
5.82868 8.73333
6.16238 9.23333
6.16238 9.23333
6.49609 9.73333
6.82979 10.2333
7.16349 10.7333
7.49719 11.2333
7.8309 11.7333
8.1646 12.2333
8.1646 12.2333
8.1646 12.2333
8.33145 12.4833
8.4983 12.7333
8.4983 12.7333
8.66515 12.9833
8.83201 13.2333
8.83201 13.2333
9.16571 13.7333
9.49941 14.2333
9.83312 14.7333
10.1668 15.2333
10.5005 15.7333
10.8342 16.2333
10.8342 16.2333
10.8342 16.2333
11.1679 16.7333
11.1679 16.7333
11.5016 17.2333
11.5016 17.2333
11.8353 17.7333
12.169 18.2333
12.5027 18.7333
12.8364 19.2333
13.1701 19.7333
13.5038 20.2333
13.8376 20.7333
14.1713 21.2333
14.1713 21.2333
14.505 21.7333
14.8387 22.2333
15.1724 22.7333
15.1724 22.7333
15.5061 23.2333
15.5061 23.2333
15.8398 23.7333
15.8398 23.7333
16.1735 24.2333
16.5072 24.7333
16.5072 24.7333
16.8409 25.2333
16.8409 25.2333
17.1746 25.7333
17.1746 25.7333
17.5083 26.2333
17.5083 26.2333
17.842 26.7333
18.1757 27.2333
18.5094 27.7333
18.8431 28.2333
19.1768 28.7333
19.5105 29.2333
19.5105 29.2333
19.8442 29.7333
20.1779 30.2333
20.5116 30.7333
20.5116 30.7333
20.8453 31.2333
20.8453 31.2333
21.179 31.7333
21.179 31.7333
21.5127 32.2333
21.8464 32.7333
21.8464 32.7333
22.1801 33.2333
22.1801 33.2333
22.5138 33.7333
22.8475 34.2333
22.8475 34.2333
23.1812 34.7333
23.5149 35.2333
23.8486 35.7333
23.8486 35.7333
24.1823 36.2333
24.1823 36.2333
24.516 36.7333
24.516 36.7333
24.8498 37.2333
24.8498 37.2333
24.8498 37.2333
25.1835 37.7333
25.5172 38.2333
25.8509 38.7333
25.8509 38.7333
26.1846 39.2333
26.1846 39.2333
26.5183 39.7333
26.6851 39.9833
27.1857 40.7333
27.1857 40.7333
27.5194 41.2333
27.5194 41.2333
27.8531 41.7333
27.8531 41.7333
28.1868 42.2333
28.1868 42.2333
28.5205 42.7333
28.8542 43.2333
29.1879 43.7333
29.5216 44.2333
29.5216 44.2333
29.8553 44.7333
29.8553 44.7333
30.189 45.2333
30.189 45.2333
30.5227 45.7333
30.5227 45.7333
30.8564 46.2333
31.1901 46.7333
31.1901 46.7333
31.5238 47.2333
31.5238 47.2333
31.8575 47.7333
32.1912 48.2333
32.1912 48.2333
32.5249 48.7333
32.5249 48.7333
32.8586 49.2333
32.8586 49.2333
33.1923 49.7333
33.526 50.2333
33.526 50.2333
33.8597 50.7333
33.8597 50.7333
34.1934 51.2333
34.1934 51.2333
34.5271 51.7333
34.8608 52.2333
34.8608 52.2333
35.1945 52.7333
35.1945 52.7333
35.5282 53.2333
35.5282 53.2333
35.5282 53.2333
35.8619 53.7333
35.8619 53.7333
36.1957 54.2333
36.5294 54.7333
36.5294 54.7333
36.8631 55.2333
36.8631 55.2333
37.1968 55.7333
37.1968 55.7333
37.5305 56.2333
37.8642 56.7333
37.8642 56.7333
38.1979 57.2333
38.1979 57.2333
38.5316 57.7333
38.5316 57.7333
38.5316 57.7333
38.8653 58.2333
38.8653 58.2333
38.8653 58.2333
39.199 58.7333
39.199 58.7333
39.5327 59.2333
39.5327 59.2333
39.8664 59.7333
39.8664 59.7333
40.2001 60.2333
40.2001 60.2333
40.5338 60.7333
40.5338 60.7333
40.8675 61.2333
40.8675 61.2333
40.8675 61.2333
41.2012 61.7333
41.2012 61.7333
41.5349 62.2333
41.8686 62.7333
41.8686 62.7333
42.2023 63.2333
42.2023 63.2333
42.536 63.7333
42.536 63.7333
42.8697 64.2333
42.8697 64.2333
43.2034 64.7333
43.2034 64.7333
43.5371 65.2333
43.5371 65.2333
43.8708 65.7333
43.8708 65.7333
44.2045 66.2333
44.2045 66.2333
44.2045 66.2333
44.5382 66.7333
44.5382 66.7333
44.8719 67.2333
44.8719 67.2333
45.2056 67.7333
45.2056 67.7333
45.5393 68.2333
45.5393 68.2333
45.5393 68.2333
45.873 68.7333
45.873 68.7333
46.2067 69.2333
46.2067 69.2333
46.2067 69.2333
46.5404 69.7333
46.5404 69.7333
46.8741 70.2333
47.2079 70.7333
47.2079 70.7333
47.5416 71.2333
47.5416 71.2333
47.8753 71.7333
48.209 72.2333
48.5427 72.7333
48.5427 72.7333
48.8764 73.2333
48.8764 73.2333
49.2101 73.7333
49.2101 73.7333
49.5438 74.2333
49.5438 74.2333
49.8775 74.7333
50.2112 75.2333
50.5449 75.7333
50.8786 76.2333
50.8786 76.2333
51.2123 76.7333
51.2123 76.7333
51.546 77.2333
51.546 77.2333
51.8797 77.7333
51.8797 77.7333
52.2134 78.2333
52.5471 78.7333
52.5471 78.7333
52.8808 79.2333
52.8808 79.2333
53.2145 79.7333
53.3814 79.9833
53.5482 80.2333
53.5482 80.2333
53.8819 80.7333
54.0488 80.9833
54.2156 81.2333
54.5493 81.7333
54.5493 81.7333
54.883 82.2333
55.2167 82.7333
55.5504 83.2333
55.5504 83.2333
55.7173 83.4833
55.8841 83.7333
55.8841 83.7333
56.051 83.9833
56.2178 84.2333
56.2178 84.2333
56.3847 84.4833
56.5515 84.7333
56.5515 84.7333
56.7184 84.9833
56.8852 85.2333
56.8852 85.2333
56.8852 85.2333
56.8852 85.2333
56.8852 85.2333
57.0521 85.4833
57.2189 85.7333
57.2189 85.7333
57.2189 85.7333
57.2189 85.7333
57.2189 85.7333
57.3858 85.9833
57.5526 86.2333
57.5526 86.2333
57.5526 86.2333
57.5526 86.2333
57.5526 86.2333
57.5526 86.2333
57.7195 86.4833
57.8863 86.7333
57.8863 86.7333
57.8863 86.7333
57.8863 86.7333
57.8863 86.7333
58.0532 86.9833
58.2201 87.2333
58.2201 87.2333
58.2201 87.2333
58.5538 87.7333
58.8875 88.2333
58.8875 88.2333
58.8875 88.2333
59.2212 88.7333
59.2212 88.7333
59.5549 89.2333
59.5549 89.2333
59.8886 89.7333
60.2223 90.2333
60.2223 90.2333
60.3891 90.4833
60.556 90.7333
60.7228 90.9833
60.8897 91.2333
61.2234 91.7333
61.5571 92.2333
61.5571 92.2333
61.5571 92.2333
61.8908 92.7333
62.0576 92.9833
62.0576 92.9833
62.2245 93.2333
62.2245 93.2333
62.5582 93.7333
62.725 93.9833
62.8919 94.2333
62.8919 94.2333
62.8919 94.2333
63.2256 94.7333
63.3924 94.9833
63.5593 95.2333
63.5593 95.2333
63.893 95.7333
63.893 95.7333
63.893 95.7333
64.2267 96.2333
64.2267 96.2333
64.2267 96.2333
64.5604 96.7333
64.5604 96.7333
64.8941 97.2333
64.8941 97.2333
65.2278 97.7333
65.5615 98.2333
65.5615 98.2333
65.5615 98.2333
65.8952 98.7333
66.0621 98.9833
66.2289 99.2333
66.2289 99.2333
66.5626 99.7333
66.7295 99.9833
66.8963 100.233
66.8963 100.233
66.8963 100.233
67.23 100.733
67.3969 100.983
67.5637 101.233
67.5637 101.233
67.8974 101.733
67.8974 101.733
68.0643 101.983
68.2311 102.233
68.2311 102.233
68.2311 102.233
68.5648 102.733
68.5648 102.733
68.8985 103.233
68.8985 103.233
69.2322 103.733
69.2322 103.733
69.566 104.233
69.566 104.233
69.566 104.233
69.566 104.233
69.7328 104.483
69.8997 104.733
69.8997 104.733
70.0665 104.983
70.0665 104.983
70.0665 104.983
70.2334 105.233
70.2334 105.233
70.4002 105.483
70.5671 105.733
70.5671 105.733
70.5671 105.733
70.5671 105.733
70.7339 105.983
70.9008 106.233
70.9008 106.233
70.9008 106.233
70.9008 106.233
71.0676 106.483
71.0676 106.483
71.2345 106.733
71.2345 106.733
71.2345 106.733
71.2345 106.733
71.4013 106.983
71.4013 106.983
71.5682 107.233
71.5682 107.233
71.5682 107.233
71.9019 107.733
72.2356 108.233
72.2356 108.233
72.7361 108.983
72.903 109.233
73.2367 109.733
73.2367 109.733
73.5704 110.233
73.5704 110.233
73.5704 110.233
73.9041 110.733
73.9041 110.733
74.0709 110.983
74.2378 111.233
74.2378 111.233
74.5715 111.733
74.9052 112.233
74.9052 112.233
74.9052 112.233
75.2389 112.733
75.4058 112.983
75.4058 112.983
75.5726 113.233
75.9063 113.733
76.0732 113.983
76.24 114.233
76.24 114.233
76.5737 114.733
76.5737 114.733
76.9074 115.233
76.9074 115.233
77.2411 115.733
77.2411 115.733
77.5748 116.233
77.5748 116.233
77.5748 116.233
77.5748 116.233
77.9085 116.733
78.0754 116.983
78.2422 117.233
78.2422 117.233
78.5759 117.733
78.9096 118.233
78.9096 118.233
78.9096 118.233
78.9096 118.233
79.2433 118.733
79.2433 118.733
79.577 119.233
79.577 119.233
79.9107 119.733
80.0776 119.983
80.2444 120.233
80.2444 120.233
80.2444 120.233
80.5782 120.733
80.745 120.983
80.9119 121.233
80.9119 121.233
81.2456 121.733
81.2456 121.733
81.4124 121.983
81.5793 122.233
81.5793 122.233
81.5793 122.233
81.913 122.733
81.913 122.733
82.2467 123.233
82.2467 123.233
82.5804 123.733
82.9141 124.233
82.9141 124.233
82.9141 124.233
83.4146 124.983
83.4146 124.983
83.4146 124.983
83.5815 125.233
83.7483 125.483
83.9152 125.733
83.9152 125.733
84.082 125.983
84.2489 126.233
84.2489 126.233
84.2489 126.233
84.4157 126.483
84.5826 126.733
84.5826 126.733
84.7494 126.983
84.9163 127.233
84.9163 127.233
85.25 127.733
85.5837 128.233
85.5837 128.233
85.5837 128.233
85.9174 128.733
85.9174 128.733
86.2511 129.233
86.2511 129.233
86.5848 129.733
86.5848 129.733
86.9185 130.233
87.2522 130.733
87.2522 130.733
87.5859 131.233
87.5859 131.233
87.9196 131.733
88.2533 132.233
88.2533 132.233
88.2533 132.233
88.2533 132.233
88.587 132.733
88.587 132.733
88.9207 133.233
89.2544 133.733
89.2544 133.733
89.4213 133.983
89.5881 134.233
89.5881 134.233
89.9218 134.733
89.9218 134.733
90.2555 135.233
90.2555 135.233
90.2555 135.233
90.5892 135.733
90.9229 136.233
90.9229 136.233
91.2566 136.733
91.2566 136.733
91.5904 137.233
91.5904 137.233
91.9241 137.733
91.9241 137.733
92.2578 138.233
92.2578 138.233
92.5915 138.733
92.5915 138.733
92.9252 139.233
92.9252 139.233
93.2589 139.733
93.2589 139.733
93.5926 140.233
93.5926 140.233
93.5926 140.233
93.5926 140.233
93.9263 140.733
93.9263 140.733
94.26 141.233
94.26 141.233
94.5937 141.733
94.5937 141.733
94.9274 142.233
94.9274 142.233
94.9274 142.233
95.2611 142.733
95.2611 142.733
95.5948 143.233
95.5948 143.233
95.5948 143.233
95.9285 143.733
96.2622 144.233
96.2622 144.233
96.2622 144.233
96.5959 144.733
96.5959 144.733
96.7627 144.983
96.9296 145.233
96.9296 145.233
97.2633 145.733
97.597 146.233
97.597 146.233
97.9307 146.733
97.9307 146.733
98.2644 147.233
98.2644 147.233
98.5981 147.733
98.9318 148.233
98.9318 148.233
98.9318 148.233
98.9318 148.233
99.2655 148.733
99.2655 148.733
99.5992 149.233
99.9329 149.733
100.267 150.233
100.6 150.733
100.934 151.233
100.934 151.233
101.268 151.733
101.601 152.233
101.601 152.233
101.601 152.233
101.935 152.733
101.935 152.733
102.269 153.233
102.603 153.733
102.603 153.733
102.769 153.983
102.936 154.233
102.936 154.233
102.936 154.233
103.27 154.733
103.27 154.733
103.604 155.233
103.604 155.233
103.937 155.733
103.937 155.733
104.271 156.233
104.271 156.233
104.605 156.733
104.605 156.733
104.938 157.233
104.938 157.233
104.938 157.233
105.272 157.733
105.272 157.733
105.606 158.233
105.606 158.233
105.606 158.233
105.606 158.233
105.773 158.483
105.94 158.733
105.94 158.733
106.106 158.983
106.273 159.233
106.273 159.233
106.607 159.733
106.941 160.233
107.274 160.733
107.608 161.233
107.942 161.733
108.276 162.233
108.276 162.233
108.609 162.733
108.609 162.733
108.943 163.233
108.943 163.233
109.277 163.733
109.61 164.233
109.944 164.733
110.278 165.233
110.611 165.733
110.945 166.233
110.945 166.233
110.945 166.233
111.112 166.483
111.279 166.733
111.279 166.733
111.446 166.983
111.613 167.233
111.613 167.233
111.946 167.733
112.28 168.233
112.614 168.733
112.947 169.233
113.281 169.733
113.615 170.233
113.615 170.233
113.615 170.233
113.948 170.733
113.948 170.733
114.282 171.233
114.282 171.233
114.616 171.733
114.95 172.233
115.283 172.733
115.617 173.233
115.951 173.733
116.284 174.233
116.618 174.733
116.952 175.233
116.952 175.233
117.285 175.733
117.619 176.233
117.953 176.733
117.953 176.733
118.287 177.233
118.287 177.233
118.62 177.733
118.62 177.733
118.954 178.233
119.288 178.733
119.288 178.733
119.621 179.233
119.621 179.233
119.955 179.733
119.955 179.733
120.289 180.233
120.289 180.233
120.623 180.733
120.956 181.233
121.29 181.733
121.624 182.233
121.957 182.733
122.291 183.233
122.291 183.233
122.625 183.733
122.958 184.233
123.292 184.733
123.292 184.733
123.626 185.233
123.626 185.233
123.96 185.733
123.96 185.733
124.293 186.233
124.627 186.733
124.627 186.733
124.961 187.233
124.961 187.233
125.294 187.733
125.628 188.233
125.628 188.233
125.962 188.733
126.295 189.233
126.629 189.733
126.629 189.733
126.963 190.233
126.963 190.233
127.297 190.733
127.297 190.733
127.63 191.233
127.63 191.233
127.63 191.233
127.964 191.733
128.298 192.233
128.631 192.733
128.631 192.733
128.965 193.233
128.965 193.233
129.299 193.733
129.466 193.983
129.966 194.733
129.966 194.733
130.3 195.233
130.3 195.233
130.634 195.733
130.634 195.733
130.967 196.233
130.967 196.233
131.301 196.733
131.635 197.233
131.968 197.733
132.302 198.233
132.302 198.233
132.636 198.733
132.636 198.733
132.97 199.233
132.97 199.233
133.303 199.733
133.303 199.733
133.637 200.233
133.971 200.733
133.971 200.733
134.304 201.233
134.304 201.233
134.638 201.733
134.972 202.233
134.972 202.233
135.305 202.733
135.305 202.733
135.639 203.233
135.639 203.233
135.973 203.733
136.307 204.233
136.307 204.233
136.64 204.733
136.64 204.733
136.974 205.233
136.974 205.233
137.308 205.733
137.641 206.233
137.641 206.233
137.975 206.733
137.975 206.733
138.309 207.233
138.309 207.233
138.309 207.233
138.642 207.733
138.642 207.733
138.976 208.233
139.31 208.733
139.31 208.733
139.644 209.233
139.644 209.233
139.977 209.733
139.977 209.733
140.311 210.233
140.645 210.733
140.645 210.733
140.978 211.233
140.978 211.233
141.312 211.733
141.312 211.733
141.312 211.733
141.646 212.233
141.646 212.233
141.646 212.233
141.98 212.733
141.98 212.733
142.313 213.233
142.313 213.233
142.647 213.733
142.647 213.733
142.981 214.233
142.981 214.233
143.314 214.733
143.314 214.733
143.648 215.233
143.648 215.233
143.648 215.233
143.982 215.733
143.982 215.733
144.315 216.233
144.649 216.733
144.649 216.733
144.983 217.233
144.983 217.233
145.317 217.733
145.317 217.733
145.65 218.233
145.65 218.233
145.984 218.733
145.984 218.733
146.318 219.233
146.318 219.233
146.651 219.733
146.651 219.733
146.985 220.233
146.985 220.233
146.985 220.233
147.319 220.733
147.319 220.733
147.652 221.233
147.652 221.233
147.986 221.733
147.986 221.733
148.32 222.233
148.32 222.233
148.32 222.233
148.654 222.733
148.654 222.733
148.987 223.233
148.987 223.233
148.987 223.233
149.321 223.733
149.321 223.733
149.655 224.233
149.988 224.733
149.988 224.733
150.322 225.233
150.322 225.233
150.656 225.733
150.989 226.233
151.323 226.733
151.323 226.733
151.657 227.233
151.657 227.233
151.991 227.733
151.991 227.733
152.324 228.233
152.324 228.233
152.658 228.733
152.992 229.233
153.325 229.733
153.659 230.233
153.659 230.233
153.993 230.733
153.993 230.733
154.327 231.233
154.327 231.233
154.66 231.733
154.66 231.733
154.994 232.233
155.328 232.733
155.328 232.733
155.661 233.233
155.661 233.233
155.995 233.733
156.162 233.983
156.329 234.233
156.329 234.233
156.662 234.733
156.829 234.983
156.996 235.233
157.33 235.733
157.33 235.733
157.664 236.233
157.997 236.733
158.331 237.233
158.331 237.233
158.498 237.483
158.665 237.733
158.665 237.733
158.832 237.983
158.998 238.233
158.998 238.233
159.165 238.483
159.332 238.733
159.332 238.733
159.499 238.983
159.666 239.233
159.666 239.233
159.666 239.233
159.666 239.233
159.666 239.233
159.833 239.483
159.999 239.733
159.999 239.733
159.999 239.733
159.999 239.733
159.999 239.733
160.166 239.983
160.333 240.233
160.333 240.233
160.333 240.233
160.333 240.233
160.333 240.233
160.333 240.233
160.5 240.483
160.667 240.733
160.667 240.733
160.667 240.733
160.667 240.733
160.667 240.733
160.834 240.983
161.001 241.233
161.001 241.233
161.001 241.233
161.334 241.733
161.668 242.233
161.668 242.233
161.668 242.233
162.002 242.733
162.002 242.733
162.335 243.233
162.335 243.233
162.669 243.733
163.003 244.233
163.003 244.233
163.17 244.483
163.336 244.733
163.503 244.983
163.67 245.233
164.004 245.733
164.338 246.233
164.338 246.233
164.338 246.233
164.671 246.733
164.838 246.983
164.838 246.983
165.005 247.233
165.005 247.233
165.339 247.733
165.506 247.983
165.672 248.233
165.672 248.233
165.672 248.233
166.006 248.733
166.173 248.983
166.34 249.233
166.34 249.233
166.674 249.733
166.674 249.733
166.674 249.733
167.007 250.233
167.007 250.233
167.007 250.233
167.341 250.733
167.341 250.733
167.675 251.233
167.675 251.233
168.008 251.733
168.342 252.233
168.342 252.233
168.342 252.233
168.676 252.733
168.843 252.983
169.009 253.233
169.009 253.233
169.343 253.733
169.51 253.983
169.677 254.233
169.677 254.233
169.677 254.233
170.011 254.733
170.177 254.983
170.344 255.233
170.344 255.233
170.678 255.733
170.678 255.733
170.845 255.983
171.012 256.233
171.012 256.233
171.012 256.233
171.345 256.733
171.345 256.733
171.679 257.233
171.679 257.233
172.013 257.733
172.013 257.733
172.346 258.233
172.346 258.233
172.346 258.233
172.346 258.233
172.513 258.483
172.68 258.733
172.68 258.733
172.847 258.983
172.847 258.983
172.847 258.983
173.014 259.233
173.014 259.233
173.181 259.483
173.348 259.733
173.348 259.733
173.348 259.733
173.348 259.733
173.514 259.983
173.681 260.233
173.681 260.233
173.681 260.233
173.681 260.233
173.848 260.483
173.848 260.483
174.015 260.733
174.015 260.733
174.015 260.733
174.015 260.733
174.182 260.983
174.182 260.983
174.349 261.233
174.349 261.233
174.349 261.233
174.682 261.733
175.016 262.233
175.016 262.233
175.517 262.983
175.684 263.233
176.017 263.733
176.017 263.733
176.351 264.233
176.351 264.233
176.351 264.233
176.685 264.733
176.685 264.733
176.851 264.983
177.018 265.233
177.018 265.233
177.352 265.733
177.686 266.233
177.686 266.233
177.686 266.233
178.019 266.733
178.186 266.983
178.186 266.983
178.353 267.233
178.687 267.733
178.854 267.983
179.021 268.233
179.021 268.233
179.354 268.733
179.354 268.733
179.688 269.233
179.688 269.233
180.022 269.733
180.022 269.733
180.355 270.233
180.355 270.233
180.355 270.233
180.355 270.233
180.689 270.733
180.856 270.983
181.023 271.233
181.023 271.233
181.356 271.733
181.69 272.233
181.69 272.233
181.69 272.233
181.69 272.233
182.024 272.733
182.024 272.733
182.358 273.233
182.358 273.233
182.691 273.733
182.858 273.983
183.025 274.233
183.025 274.233
183.025 274.233
183.359 274.733
183.526 274.983
183.692 275.233
183.692 275.233
184.026 275.733
184.026 275.733
184.193 275.983
184.36 276.233
184.36 276.233
184.36 276.233
184.693 276.733
184.693 276.733
185.027 277.233
185.027 277.233
185.361 277.733
185.695 278.233
185.695 278.233
185.695 278.233
186.195 278.983
186.195 278.983
186.195 278.983
186.362 279.233
186.362 279.233
186.529 279.483
186.664 279.685
186.696 279.733
186.863 279.983
187.013 280.208
187.014 280.21
187.029 280.233
187.196 280.483
187.331 280.685
187.363 280.733
187.53 280.983
187.65 281.163
187.697 281.233
187.864 281.483
187.994 281.679
187.997 281.683
187.999 281.685
188.001 281.69
188.031 281.733
188.197 281.983
188.363 282.231
188.364 282.233
188.364 282.233
188.364 282.233
188.531 282.483
188.676 282.7
188.698 282.733
188.698 282.733
188.82 282.917
188.865 282.983
188.994 283.177
189.032 283.233
189.032 283.233
189.331 283.681
189.365 283.733
189.652 284.163
189.667 284.185
189.68 284.204
190.012 284.702
190.333 285.183
190.674 285.694
190.7 285.733
191.01 286.198
191.019 286.21
191.034 286.233
191.341 286.694
191.368 286.733
191.668 287.183
191.701 287.233
192.002 287.683
192.338 288.188
192.342 288.194
192.369 288.233
192.369 288.233
192.676 288.694
192.702 288.733
192.702 288.733
192.992 289.167
193.036 289.233
193.036 289.233
193.367 289.729
193.37 289.733
193.68 290.198
193.687 290.208
193.691 290.215
194.037 290.733
194.044 290.744
194.204 290.983
194.371 291.233
194.372 291.235
194.379 291.246
194.388 291.258
194.714 291.748
195.023 292.21
195.026 292.215
195.042 292.24
195.366 292.725
195.704 293.231
195.706 293.233
196.025 293.712
196.348 294.196
196.349 294.198
196.373 294.233
196.689 294.706
196.707 294.733
197.014 295.194
197.04 295.233
197.355 295.704
197.374 295.733
197.698 296.219
197.701 296.223
198.021 296.702
198.339 297.179
198.695 297.712
198.709 297.733
199.008 298.181
199.019 298.198
199.026 298.208
199.043 298.233
199.367 298.719
199.376 298.733
199.543 298.983
199.648 299.14
199.71 299.233
200.03 299.712
200.358 300.204
200.359 300.206
200.378 300.233
200.703 300.721
200.711 300.733
201.045 301.233
201.053 301.246
201.404 301.771
201.786 302.344
202.235 303.017
202.69 303.698
203.185 304.44
203.359 304.7
203.53 304.956
203.708 305.223
203.712 305.229
203.72 305.242
204.28 306.081
204.294 306.102
204.935 307.062
204.945 307.077
205.475 307.871
205.949 308.581
206.024 308.694
206.027 308.698
206.616 309.581
207.136 310.36
207.186 310.435
207.189 310.44
207.192 310.444
207.202 310.458
211.703 317.202
211.981 317.619
212.035 317.7
212.117 317.823
212.149 317.871
212.196 317.942
212.645 318.615
212.978 319.113
213.199 319.444
213.207 319.456
213.428 319.788
213.656 320.129
213.874 320.456
214.102 320.798
214.399 321.242
214.728 321.735
