2.28102 3.22917
2.63421 3.72917
2.63421 3.72917
2.63421 3.72917
2.81081 3.97917
2.81081 3.97917
2.81081 3.97917
2.9874 4.22917
3.34059 4.72917
3.34059 4.72917
3.69378 5.22917
4.04697 5.72917
4.04697 5.72917
4.04697 5.72917
4.22357 5.97917
4.22357 5.97917
4.40016 6.22917
4.75336 6.72917
4.75336 6.72917
5.10655 7.22917
5.45974 7.72917
5.45974 7.72917
5.63633 7.97917
5.81293 8.22917
6.16612 8.72917
6.34271 8.97917
6.51931 9.22917
6.8725 9.72917
7.04909 9.97917
7.22569 10.2292
7.22569 10.2292
7.40228 10.4792
7.40228 10.4792
7.57888 10.7292
7.57888 10.7292
7.75547 10.9792
7.75547 10.9792
7.93207 11.2292
7.93207 11.2292
8.28526 11.7292
8.46186 11.9792
8.63845 12.2292
8.81505 12.4792
8.99164 12.7292
9.16824 12.9792
9.34483 13.2292
9.34483 13.2292
9.69802 13.7292
9.87462 13.9792
10.0512 14.2292
10.2278 14.4792
10.4044 14.7292
10.581 14.9792
10.7576 15.2292
10.7576 15.2292
11.1108 15.7292
11.2874 15.9792
11.464 16.2292
11.6406 16.4792
11.8172 16.7292
11.9938 16.9792
12.1704 17.2292
12.1704 17.2292
12.5235 17.7292
12.7001 17.9792
12.8767 18.2292
13.0533 18.4792
13.2299 18.7292
13.4065 18.9792
13.5831 19.2292
13.5831 19.2292
13.9363 19.7292
13.9363 19.7292
13.9363 19.7292
13.9363 19.7292
14.1129 19.9792
14.1129 19.9792
14.1129 19.9792
14.1129 19.9792
14.2895 20.2292
14.2895 20.2292
14.6427 20.7292
14.6427 20.7292
14.6427 20.7292
14.6427 20.7292
14.9959 21.2292
14.9959 21.2292
15.3491 21.7292
15.3491 21.7292
15.3491 21.7292
15.5257 21.9792
15.5257 21.9792
15.5257 21.9792
15.7023 22.2292
15.7023 22.2292
16.0555 22.7292
16.0555 22.7292
16.0555 22.7292
16.4086 23.2292
16.4086 23.2292
16.7618 23.7292
16.7618 23.7292
16.7618 23.7292
16.7618 23.7292
16.9384 23.9792
16.9384 23.9792
16.9384 23.9792
16.9384 23.9792
17.115 24.2292
17.115 24.2292
17.4682 24.7292
17.4682 24.7292
17.4682 24.7292
17.4682 24.7292
17.8214 25.2292
17.8214 25.2292
18.1746 25.7292
18.1746 25.7292
18.1746 25.7292
18.3512 25.9792
18.3512 25.9792
18.3512 25.9792
18.5278 26.2292
18.881 26.7292
18.881 26.7292
18.881 26.7292
19.2342 27.2292
19.2342 27.2292
19.5874 27.7292
19.5874 27.7292
19.5874 27.7292
19.5874 27.7292
19.764 27.9792
19.764 27.9792
19.764 27.9792
19.764 27.9792
19.9405 28.2292
19.9405 28.2292
20.2937 28.7292
20.2937 28.7292
20.2937 28.7292
20.2937 28.7292
20.6469 29.2292
20.6469 29.2292
21.0001 29.7292
21.0001 29.7292
21.0001 29.7292
21.1767 29.9792
21.1767 29.9792
21.1767 29.9792
21.3533 30.2292
21.3533 30.2292
21.7065 30.7292
21.7065 30.7292
21.7065 30.7292
22.0597 31.2292
22.0597 31.2292
22.4129 31.7292
22.4129 31.7292
22.4129 31.7292
22.4129 31.7292
22.5895 31.9792
22.5895 31.9792
22.5895 31.9792
22.5895 31.9792
22.7661 32.2292
22.7661 32.2292
23.1193 32.7292
23.1193 32.7292
23.1193 32.7292
23.1193 32.7292
23.1193 32.7292
23.4725 33.2292
23.4725 33.2292
23.8256 33.7292
23.8256 33.7292
23.8256 33.7292
24.0022 33.9792
24.0022 33.9792
24.0022 33.9792
24.1788 34.2292
24.532 34.7292
24.532 34.7292
24.532 34.7292
24.8852 35.2292
24.8852 35.2292
25.2384 35.7292
25.2384 35.7292
25.2384 35.7292
25.2384 35.7292
25.415 35.9792
25.415 35.9792
25.415 35.9792
25.415 35.9792
25.5916 36.2292
25.5916 36.2292
25.9448 36.7292
25.9448 36.7292
25.9448 36.7292
25.9448 36.7292
26.298 37.2292
26.298 37.2292
26.6512 37.7292
26.6512 37.7292
26.6512 37.7292
26.8278 37.9792
26.8278 37.9792
26.8278 37.9792
26.8278 37.9792
27.0044 38.2292
27.0044 38.2292
27.0044 38.2292
27.3575 38.7292
27.3575 38.7292
27.3575 38.7292
27.3575 38.7292
27.5341 38.9792
27.7107 39.2292
27.7107 39.2292
27.7107 39.2292
28.0639 39.7292
28.0639 39.7292
28.0639 39.7292
28.0639 39.7292
28.2405 39.9792
28.2405 39.9792
28.2405 39.9792
28.2405 39.9792
28.4171 40.2292
28.4171 40.2292
28.7703 40.7292
28.7703 40.7292
28.7703 40.7292
28.7703 40.7292
29.1235 41.2292
29.1235 41.2292
29.1235 41.2292
29.4767 41.7292
29.4767 41.7292
29.4767 41.7292
29.4767 41.7292
29.6533 41.9792
29.6533 41.9792
29.6533 41.9792
29.6533 41.9792
29.6533 41.9792
29.8299 42.2292
29.8299 42.2292
30.1831 42.7292
30.1831 42.7292
30.1831 42.7292
30.1831 42.7292
30.1831 42.7292
30.5363 43.2292
30.5363 43.2292
30.5363 43.2292
30.8895 43.7292
30.8895 43.7292
30.8895 43.7292
30.8895 43.7292
31.066 43.9792
31.066 43.9792
31.066 43.9792
31.066 43.9792
31.2426 44.2292
31.2426 44.2292
31.5958 44.7292
31.5958 44.7292
31.5958 44.7292
31.5958 44.7292
31.949 45.2292
31.949 45.2292
32.3022 45.7292
32.3022 45.7292
32.3022 45.7292
32.4788 45.9792
32.4788 45.9792
32.4788 45.9792
32.6554 46.2292
32.6554 46.2292
33.0086 46.7292
33.0086 46.7292
33.0086 46.7292
33.3618 47.2292
33.3618 47.2292
33.715 47.7292
33.715 47.7292
33.715 47.7292
33.715 47.7292
33.8916 47.9792
33.8916 47.9792
33.8916 47.9792
33.8916 47.9792
34.0682 48.2292
34.0682 48.2292
34.4214 48.7292
34.4214 48.7292
34.4214 48.7292
34.4214 48.7292
34.598 48.9792
34.7745 49.2292
34.7745 49.2292
35.1277 49.7292
35.1277 49.7292
35.1277 49.7292
35.3043 49.9792
35.3043 49.9792
35.3043 49.9792
35.4809 50.2292
35.8341 50.7292
35.8341 50.7292
35.8341 50.7292
36.1873 51.2292
36.1873 51.2292
36.3639 51.4792
36.5405 51.7292
36.5405 51.7292
36.5405 51.7292
36.5405 51.7292
36.7171 51.9792
36.7171 51.9792
36.7171 51.9792
36.7171 51.9792
36.8937 52.2292
36.8937 52.2292
37.2469 52.7292
37.2469 52.7292
37.2469 52.7292
37.2469 52.7292
37.4235 52.9792
37.4235 52.9792
37.4235 52.9792
37.6001 53.2292
37.6001 53.2292
37.9533 53.7292
37.9533 53.7292
37.9533 53.7292
38.1299 53.9792
38.1299 53.9792
38.1299 53.9792
38.3065 54.2292
38.3065 54.2292
38.483 54.4792
38.6596 54.7292
38.6596 54.7292
38.6596 54.7292
38.6596 54.7292
38.8362 54.9792
38.8362 54.9792
38.8362 54.9792
39.0128 55.2292
39.0128 55.2292
39.1894 55.4792
39.366 55.7292
39.366 55.7292
39.366 55.7292
39.366 55.7292
39.5426 55.9792
39.5426 55.9792
39.5426 55.9792
39.5426 55.9792
39.7192 56.2292
39.7192 56.2292
40.0724 56.7292
40.0724 56.7292
40.0724 56.7292
40.0724 56.7292
40.4256 57.2292
40.4256 57.2292
40.6022 57.4792
40.7788 57.7292
40.7788 57.7292
40.9554 57.9792
40.9554 57.9792
40.9554 57.9792
41.132 58.2292
41.132 58.2292
41.3086 58.4792
41.4852 58.7292
41.4852 58.7292
41.4852 58.7292
41.4852 58.7292
41.6618 58.9792
41.8384 59.2292
41.8384 59.2292
41.8384 59.2292
42.015 59.4792
42.1915 59.7292
42.1915 59.7292
42.1915 59.7292
42.1915 59.7292
42.3681 59.9792
42.3681 59.9792
42.3681 59.9792
42.3681 59.9792
42.5447 60.2292
42.5447 60.2292
42.7213 60.4792
42.8979 60.7292
42.8979 60.7292
42.8979 60.7292
42.8979 60.7292
43.0745 60.9792
43.0745 60.9792
43.0745 60.9792
43.0745 60.9792
43.2511 61.2292
43.2511 61.2292
43.6043 61.7292
43.6043 61.7292
43.6043 61.7292
43.6043 61.7292
43.7809 61.9792
43.7809 61.9792
43.7809 61.9792
43.7809 61.9792
43.9575 62.2292
43.9575 62.2292
44.1341 62.4792
44.1341 62.4792
44.1341 62.4792
44.4873 62.9792
44.4873 62.9792
44.4873 62.9792
44.6639 63.2292
44.6639 63.2292
45.0171 63.7292
45.0171 63.7292
45.0171 63.7292
45.0171 63.7292
45.1937 63.9792
45.1937 63.9792
45.1937 63.9792
45.1937 63.9792
45.3703 64.2292
45.3703 64.2292
45.7235 64.7292
45.7235 64.7292
45.7235 64.7292
45.7235 64.7292
46.0766 65.2292
46.0766 65.2292
46.2532 65.4792
46.2532 65.4792
46.2532 65.4792
46.6064 65.9792
46.6064 65.9792
46.6064 65.9792
46.783 66.2292
47.1362 66.7292
47.1362 66.7292
47.1362 66.7292
47.4894 67.2292
47.4894 67.2292
47.8426 67.7292
47.8426 67.7292
47.8426 67.7292
47.8426 67.7292
48.0192 67.9792
48.0192 67.9792
48.0192 67.9792
48.0192 67.9792
48.1958 68.2292
48.1958 68.2292
48.549 68.7292
48.549 68.7292
48.549 68.7292
48.549 68.7292
48.9022 69.2292
48.9022 69.2292
49.2554 69.7292
49.2554 69.7292
49.2554 69.7292
49.2554 69.7292
49.432 69.9792
49.432 69.9792
49.432 69.9792
49.6085 70.2292
49.6085 70.2292
49.7851 70.4792
49.7851 70.4792
49.7851 70.4792
50.1383 70.9792
50.1383 70.9792
50.1383 70.9792
50.3149 71.2292
50.3149 71.2292
50.6681 71.7292
50.6681 71.7292
50.6681 71.7292
50.6681 71.7292
50.8447 71.9792
50.8447 71.9792
50.8447 71.9792
50.8447 71.9792
51.0213 72.2292
51.0213 72.2292
51.3745 72.7292
51.3745 72.7292
51.3745 72.7292
51.3745 72.7292
51.7277 73.2292
51.7277 73.2292
52.0809 73.7292
52.0809 73.7292
52.0809 73.7292
52.0809 73.7292
52.2575 73.9792
52.2575 73.9792
52.2575 73.9792
52.2575 73.9792
52.2575 73.9792
52.4341 74.2292
52.4341 74.2292
52.7873 74.7292
52.7873 74.7292
52.7873 74.7292
52.7873 74.7292
52.7873 74.7292
52.9639 74.9792
53.1405 75.2292
53.1405 75.2292
53.1405 75.2292
53.4936 75.7292
53.4936 75.7292
53.4936 75.7292
53.4936 75.7292
53.6702 75.9792
53.6702 75.9792
53.6702 75.9792
53.6702 75.9792
53.8468 76.2292
53.8468 76.2292
54.0234 76.4792
54.0234 76.4792
54.0234 76.4792
54.2 76.7292
54.3766 76.9792
54.3766 76.9792
54.3766 76.9792
54.5532 77.2292
54.5532 77.2292
54.9064 77.7292
54.9064 77.7292
54.9064 77.7292
55.083 77.9792
55.083 77.9792
55.083 77.9792
55.2596 78.2292
55.2596 78.2292
55.6128 78.7292
55.6128 78.7292
55.6128 78.7292
55.966 79.2292
55.966 79.2292
56.3192 79.7292
56.3192 79.7292
56.3192 79.7292
56.3192 79.7292
56.3192 79.7292
56.4958 79.9792
56.4958 79.9792
56.4958 79.9792
56.4958 79.9792
56.4958 79.9792
56.6724 80.2292
56.6724 80.2292
57.0255 80.7292
57.0255 80.7292
57.0255 80.7292
57.0255 80.7292
57.0255 80.7292
57.2021 80.9792
57.3787 81.2292
57.3787 81.2292
57.7319 81.7292
57.7319 81.7292
57.7319 81.7292
57.9085 81.9792
57.9085 81.9792
57.9085 81.9792
58.0851 82.2292
58.2617 82.4792
58.2617 82.4792
58.2617 82.4792
58.6149 82.9792
58.6149 82.9792
58.6149 82.9792
58.7915 83.2292
58.7915 83.2292
58.9681 83.4792
59.1447 83.7292
59.1447 83.7292
59.1447 83.7292
59.1447 83.7292
59.3213 83.9792
59.3213 83.9792
59.3213 83.9792
59.3213 83.9792
59.4979 84.2292
59.4979 84.2292
59.8511 84.7292
59.8511 84.7292
59.8511 84.7292
59.8511 84.7292
60.0277 84.9792
60.0277 84.9792
60.0277 84.9792
60.2043 85.2292
60.2043 85.2292
60.5575 85.7292
60.5575 85.7292
60.5575 85.7292
60.734 85.9792
60.734 85.9792
60.734 85.9792
60.734 85.9792
60.9106 86.2292
60.9106 86.2292
61.0872 86.4792
61.2638 86.7292
61.2638 86.7292
61.2638 86.7292
61.2638 86.7292
61.4404 86.9792
61.4404 86.9792
61.4404 86.9792
61.617 87.2292
61.617 87.2292
61.7936 87.4792
61.9702 87.7292
61.9702 87.7292
61.9702 87.7292
61.9702 87.7292
62.1468 87.9792
62.1468 87.9792
62.1468 87.9792
62.1468 87.9792
62.3234 88.2292
62.3234 88.2292
62.6766 88.7292
62.6766 88.7292
62.6766 88.7292
62.6913 88.75
63.0298 89.2292
63.0445 89.25
63.1622 89.4167
63.2064 89.4792
63.3388 89.6667
63.383 89.7292
63.383 89.7292
63.5596 89.9792
63.5596 89.9792
63.5596 89.9792
63.7362 90.2292
63.7362 90.2292
63.9128 90.4792
64.0894 90.7292
64.0894 90.7292
64.0894 90.7292
64.0894 90.7292
64.266 90.9792
64.4425 91.2292
64.4425 91.2292
64.4425 91.2292
64.6191 91.4792
64.7957 91.7292
64.7957 91.7292
64.7957 91.7292
64.7957 91.7292
64.9723 91.9792
64.9723 91.9792
64.9723 91.9792
64.9723 91.9792
65.1489 92.2292
65.1489 92.2292
65.3255 92.4792
65.5021 92.7292
65.5021 92.7292
65.5021 92.7292
65.5021 92.7292
65.6787 92.9792
65.6787 92.9792
65.6787 92.9792
65.6787 92.9792
65.8553 93.2292
65.8553 93.2292
66.2085 93.7292
66.2085 93.7292
66.2085 93.7292
66.3851 93.9792
66.3851 93.9792
66.3851 93.9792
66.3851 93.9792
66.5617 94.2292
66.5617 94.2292
66.7383 94.4792
66.7383 94.4792
66.7383 94.4792
67.0915 94.9792
67.0915 94.9792
67.0915 94.9792
67.2681 95.2292
67.2681 95.2292
67.6213 95.7292
67.6213 95.7292
67.6213 95.7292
67.6213 95.7292
67.7979 95.9792
67.7979 95.9792
67.7979 95.9792
67.7979 95.9792
67.9745 96.2292
67.9745 96.2292
68.3276 96.7292
68.3276 96.7292
68.3276 96.7292
68.3276 96.7292
68.6808 97.2292
68.6808 97.2292
68.8574 97.4792
68.8574 97.4792
68.8574 97.4792
69.2106 97.9792
69.2106 97.9792
69.2106 97.9792
69.3872 98.2292
69.7404 98.7292
69.7404 98.7292
69.7404 98.7292
70.0936 99.2292
70.0936 99.2292
70.0936 99.2292
70.4468 99.7292
70.4468 99.7292
70.4468 99.7292
70.4468 99.7292
70.4468 99.7292
70.6234 99.9792
70.6234 99.9792
70.6234 99.9792
70.6234 99.9792
70.6234 99.9792
70.8 100.229
70.8 100.229
70.8 100.229
71.1532 100.729
71.1532 100.729
71.1532 100.729
71.1532 100.729
71.1532 100.729
71.5064 101.229
71.5064 101.229
71.5064 101.229
71.8596 101.729
71.8596 101.729
71.8596 101.729
72.0361 101.979
72.0361 101.979
72.0361 101.979
72.2127 102.229
72.2127 102.229
72.2127 102.229
72.5659 102.729
72.5659 102.729
72.5659 102.729
72.9191 103.229
72.9191 103.229
72.9191 103.229
73.2723 103.729
73.2723 103.729
73.2723 103.729
73.2723 103.729
73.2723 103.729
73.4489 103.979
73.4489 103.979
73.4489 103.979
73.4489 103.979
73.4489 103.979
73.6255 104.229
73.6255 104.229
73.6255 104.229
73.9787 104.729
73.9787 104.729
73.9787 104.729
73.9787 104.729
73.9787 104.729
74.3319 105.229
74.3319 105.229
74.3319 105.229
74.6851 105.729
74.6851 105.729
74.6851 105.729
74.8617 105.979
74.8617 105.979
74.8617 105.979
75.0383 106.229
75.3915 106.729
75.3915 106.729
75.3915 106.729
75.7446 107.229
75.7446 107.229
75.7446 107.229
76.0978 107.729
76.0978 107.729
76.0978 107.729
76.0978 107.729
76.0978 107.729
76.2744 107.979
76.2744 107.979
76.2744 107.979
76.2744 107.979
76.2744 107.979
76.451 108.229
76.451 108.229
76.451 108.229
76.8042 108.729
76.8042 108.729
76.8042 108.729
76.8042 108.729
76.8042 108.729
77.1574 109.229
77.1574 109.229
77.1574 109.229
77.5106 109.729
77.5106 109.729
77.5106 109.729
77.6872 109.979
77.6872 109.979
77.6872 109.979
77.8638 110.229
77.8638 110.229
77.8638 110.229
78.217 110.729
78.217 110.729
78.217 110.729
78.5702 111.229
78.5702 111.229
78.5702 111.229
78.9234 111.729
78.9234 111.729
78.9234 111.729
78.9234 111.729
78.9234 111.729
79.1 111.979
79.1 111.979
79.1 111.979
79.1 111.979
79.1 111.979
79.2766 112.229
79.2766 112.229
79.2766 112.229
79.6297 112.729
79.6297 112.729
79.6297 112.729
79.6297 112.729
79.6297 112.729
79.6297 112.729
79.9829 113.229
79.9829 113.229
79.9829 113.229
80.3361 113.729
80.3361 113.729
80.3361 113.729
80.5127 113.979
80.5127 113.979
80.5127 113.979
80.6893 114.229
81.0425 114.729
81.0425 114.729
81.0425 114.729
81.3957 115.229
81.3957 115.229
81.7489 115.729
81.7489 115.729
81.7489 115.729
81.9255 115.979
81.9255 115.979
81.9255 115.979
82.1021 116.229
82.1021 116.229
82.4553 116.729
82.4553 116.729
82.4553 116.729
82.4553 116.729
82.8085 117.229
82.8085 117.229
83.1616 117.729
83.1616 117.729
83.1616 117.729
83.3382 117.979
83.3382 117.979
83.3382 117.979
83.3382 117.979
83.5148 118.229
83.868 118.729
83.868 118.729
83.868 118.729
83.868 118.729
84.2212 119.229
84.2212 119.229
84.5744 119.729
84.5744 119.729
84.5744 119.729
84.751 119.979
84.751 119.979
84.751 119.979
84.9276 120.229
85.2808 120.729
85.2808 120.729
85.2808 120.729
85.634 121.229
85.634 121.229
85.9872 121.729
85.9872 121.729
85.9872 121.729
85.9872 121.729
86.1638 121.979
86.1638 121.979
86.1638 121.979
86.1638 121.979
86.3404 122.229
86.3404 122.229
86.6936 122.729
86.6936 122.729
86.6936 122.729
86.6936 122.729
86.6936 122.729
87.0467 123.229
87.0467 123.229
87.3999 123.729
87.3999 123.729
87.3999 123.729
87.5765 123.979
87.5765 123.979
87.5765 123.979
87.7531 124.229
88.1063 124.729
88.1063 124.729
88.1063 124.729
88.4595 125.229
88.4595 125.229
88.8127 125.729
88.8127 125.729
88.8127 125.729
88.9893 125.979
88.9893 125.979
88.9893 125.979
88.9893 125.979
89.1659 126.229
89.5191 126.729
89.5191 126.729
89.5191 126.729
89.5191 126.729
89.8723 127.229
89.8723 127.229
90.2255 127.729
90.2255 127.729
90.2255 127.729
90.4021 127.979
90.4021 127.979
90.4021 127.979
90.5786 128.229
90.9318 128.729
90.9318 128.729
90.9318 128.729
91.285 129.229
91.285 129.229
91.285 129.229
91.6382 129.729
91.6382 129.729
91.6382 129.729
91.8148 129.979
91.8148 129.979
91.8148 129.979
91.9914 130.229
91.9914 130.229
92.3446 130.729
92.3446 130.729
92.3446 130.729
92.3446 130.729
92.5212 130.979
92.6978 131.229
92.6978 131.229
93.051 131.729
93.051 131.729
93.051 131.729
93.051 131.729
93.2276 131.979
93.2276 131.979
93.2276 131.979
93.2276 131.979
93.4042 132.229
93.4042 132.229
93.7574 132.729
93.7574 132.729
93.7574 132.729
93.7574 132.729
94.1106 133.229
94.1106 133.229
94.2871 133.479
94.4637 133.729
94.4637 133.729
94.4637 133.729
94.4637 133.729
94.6403 133.979
94.6403 133.979
94.6403 133.979
94.6403 133.979
94.8169 134.229
94.8169 134.229
95.1701 134.729
95.1701 134.729
95.1701 134.729
95.1701 134.729
95.5233 135.229
95.5233 135.229
95.6999 135.479
95.8765 135.729
95.8765 135.729
95.8765 135.729
95.8765 135.729
96.0531 135.979
96.0531 135.979
96.0531 135.979
96.0531 135.979
96.2297 136.229
96.2297 136.229
96.5829 136.729
96.5829 136.729
96.5829 136.729
96.5829 136.729
96.9361 137.229
96.9361 137.229
97.2893 137.729
97.2893 137.729
97.2893 137.729
97.4659 137.979
97.4659 137.979
97.4659 137.979
97.6425 138.229
97.6425 138.229
97.8191 138.479
97.9956 138.729
97.9956 138.729
97.9956 138.729
97.9956 138.729
98.1722 138.979
98.3488 139.229
98.3488 139.229
98.702 139.729
98.702 139.729
98.702 139.729
98.702 139.729
98.8786 139.979
98.8786 139.979
98.8786 139.979
98.8786 139.979
99.0552 140.229
99.0552 140.229
99.4084 140.729
99.4084 140.729
99.4084 140.729
99.4084 140.729
99.7616 141.229
99.7616 141.229
99.9382 141.479
100.115 141.729
100.115 141.729
100.115 141.729
100.115 141.729
100.291 141.979
100.291 141.979
100.291 141.979
100.291 141.979
100.468 142.229
100.468 142.229
100.821 142.729
100.821 142.729
100.821 142.729
100.821 142.729
101.174 143.229
101.174 143.229
101.351 143.479
101.528 143.729
101.528 143.729
101.528 143.729
101.528 143.729
101.704 143.979
101.704 143.979
101.704 143.979
101.704 143.979
101.881 144.229
101.881 144.229
102.234 144.729
102.234 144.729
102.234 144.729
102.234 144.729
102.587 145.229
102.587 145.229
102.94 145.729
102.94 145.729
102.94 145.729
103.117 145.979
103.117 145.979
103.117 145.979
103.294 146.229
103.647 146.729
103.647 146.729
103.647 146.729
104 147.229
104 147.229
104.353 147.729
104.353 147.729
104.353 147.729
104.353 147.729
104.53 147.979
104.53 147.979
104.53 147.979
104.53 147.979
104.706 148.229
104.706 148.229
105.059 148.729
105.059 148.729
105.059 148.729
105.059 148.729
105.413 149.229
105.413 149.229
105.766 149.729
105.766 149.729
105.766 149.729
105.942 149.979
105.942 149.979
105.942 149.979
105.942 149.979
106.119 150.229
106.119 150.229
106.119 150.229
106.472 150.729
106.472 150.729
106.472 150.729
106.472 150.729
106.649 150.979
106.825 151.229
106.825 151.229
106.825 151.229
107.179 151.729
107.179 151.729
107.179 151.729
107.179 151.729
107.355 151.979
107.355 151.979
107.355 151.979
107.355 151.979
107.532 152.229
107.532 152.229
107.885 152.729
107.885 152.729
107.885 152.729
107.885 152.729
108.238 153.229
108.238 153.229
108.238 153.229
108.591 153.729
108.591 153.729
108.591 153.729
108.591 153.729
108.768 153.979
108.768 153.979
108.768 153.979
108.768 153.979
108.768 153.979
108.945 154.229
108.945 154.229
109.298 154.729
109.298 154.729
109.298 154.729
109.298 154.729
109.298 154.729
109.651 155.229
109.651 155.229
109.651 155.229
110.004 155.729
110.004 155.729
110.004 155.729
110.004 155.729
110.181 155.979
110.181 155.979
110.181 155.979
110.181 155.979
110.357 156.229
110.357 156.229
110.711 156.729
110.711 156.729
110.711 156.729
110.711 156.729
111.064 157.229
111.064 157.229
111.417 157.729
111.417 157.729
111.417 157.729
111.417 157.729
111.593 157.979
111.593 157.979
111.593 157.979
111.77 158.229
111.77 158.229
112.123 158.729
112.123 158.729
112.123 158.729
112.476 159.229
112.476 159.229
112.83 159.729
112.83 159.729
112.83 159.729
112.83 159.729
113.006 159.979
113.006 159.979
113.006 159.979
113.006 159.979
113.183 160.229
113.183 160.229
113.536 160.729
113.536 160.729
113.536 160.729
113.536 160.729
113.713 160.979
113.889 161.229
113.889 161.229
114.242 161.729
114.242 161.729
114.242 161.729
114.419 161.979
114.419 161.979
114.419 161.979
114.596 162.229
114.949 162.729
114.949 162.729
114.949 162.729
115.302 163.229
115.302 163.229
115.479 163.479
115.655 163.729
115.655 163.729
115.655 163.729
115.655 163.729
115.832 163.979
115.832 163.979
115.832 163.979
115.832 163.979
116.008 164.229
116.008 164.229
116.362 164.729
116.362 164.729
116.362 164.729
116.362 164.729
116.538 164.979
116.538 164.979
116.538 164.979
116.715 165.229
116.715 165.229
117.068 165.729
117.068 165.729
117.068 165.729
117.245 165.979
117.245 165.979
117.245 165.979
117.421 166.229
117.421 166.229
117.598 166.479
117.774 166.729
117.774 166.729
117.774 166.729
117.774 166.729
117.951 166.979
117.951 166.979
117.951 166.979
118.128 167.229
118.128 167.229
118.304 167.479
118.481 167.729
118.481 167.729
118.481 167.729
118.481 167.729
118.657 167.979
118.657 167.979
118.657 167.979
118.657 167.979
118.834 168.229
118.834 168.229
119.187 168.729
119.187 168.729
119.187 168.729
119.187 168.729
119.54 169.229
119.54 169.229
119.673 169.417
119.717 169.479
119.849 169.667
119.893 169.729
119.893 169.729
120.07 169.979
120.07 169.979
120.07 169.979
120.247 170.229
120.247 170.229
120.423 170.479
120.6 170.729
120.6 170.729
120.6 170.729
120.6 170.729
120.776 170.979
120.953 171.229
120.953 171.229
120.953 171.229
121.13 171.479
121.306 171.729
121.306 171.729
121.306 171.729
121.306 171.729
121.483 171.979
121.483 171.979
121.483 171.979
121.483 171.979
121.659 172.229
121.659 172.229
121.836 172.479
122.013 172.729
122.013 172.729
122.013 172.729
122.013 172.729
122.189 172.979
122.189 172.979
122.189 172.979
122.189 172.979
122.366 173.229
122.366 173.229
122.719 173.729
122.719 173.729
122.719 173.729
122.719 173.729
122.896 173.979
122.896 173.979
122.896 173.979
122.896 173.979
123.072 174.229
123.072 174.229
123.249 174.479
123.249 174.479
123.249 174.479
123.602 174.979
123.602 174.979
123.602 174.979
123.779 175.229
123.779 175.229
124.132 175.729
124.132 175.729
124.132 175.729
124.132 175.729
124.308 175.979
124.308 175.979
124.308 175.979
124.308 175.979
124.485 176.229
124.485 176.229
124.838 176.729
124.838 176.729
124.838 176.729
124.838 176.729
125.015 176.979
125.191 177.229
125.191 177.229
125.368 177.479
125.368 177.479
125.368 177.479
125.721 177.979
125.721 177.979
125.721 177.979
125.898 178.229
126.251 178.729
126.251 178.729
126.251 178.729
126.604 179.229
126.604 179.229
126.957 179.729
126.957 179.729
126.957 179.729
126.957 179.729
127.134 179.979
127.134 179.979
127.134 179.979
127.134 179.979
127.31 180.229
127.31 180.229
127.664 180.729
127.664 180.729
127.664 180.729
127.664 180.729
128.017 181.229
128.017 181.229
128.37 181.729
128.37 181.729
128.37 181.729
128.37 181.729
128.547 181.979
128.547 181.979
128.547 181.979
128.723 182.229
128.723 182.229
128.9 182.479
128.9 182.479
128.9 182.479
129.253 182.979
129.253 182.979
129.253 182.979
129.43 183.229
129.43 183.229
129.783 183.729
129.783 183.729
129.783 183.729
129.783 183.729
129.959 183.979
129.959 183.979
129.959 183.979
129.959 183.979
130.136 184.229
130.136 184.229
130.489 184.729
130.489 184.729
130.489 184.729
130.489 184.729
130.842 185.229
130.842 185.229
131.196 185.729
131.196 185.729
131.196 185.729
131.196 185.729
131.372 185.979
131.372 185.979
131.372 185.979
131.372 185.979
131.372 185.979
131.549 186.229
131.549 186.229
131.902 186.729
131.902 186.729
131.902 186.729
131.902 186.729
131.902 186.729
132.079 186.979
132.255 187.229
132.255 187.229
132.255 187.229
132.608 187.729
132.608 187.729
132.608 187.729
132.608 187.729
132.785 187.979
132.785 187.979
132.785 187.979
132.785 187.979
132.962 188.229
132.962 188.229
133.138 188.479
133.138 188.479
133.138 188.479
133.315 188.729
133.491 188.979
133.491 188.979
133.491 188.979
133.668 189.229
133.668 189.229
134.021 189.729
134.021 189.729
134.021 189.729
134.021 189.729
134.198 189.979
134.198 189.979
134.198 189.979
134.374 190.229
134.374 190.229
134.727 190.729
134.727 190.729
134.727 190.729
135.081 191.229
135.081 191.229
135.434 191.729
135.434 191.729
135.434 191.729
135.434 191.729
135.434 191.729
135.61 191.979
135.61 191.979
135.61 191.979
135.61 191.979
135.61 191.979
135.787 192.229
135.787 192.229
136.14 192.729
136.14 192.729
136.14 192.729
136.14 192.729
136.14 192.729
136.317 192.979
136.493 193.229
136.493 193.229
136.847 193.729
136.847 193.729
136.847 193.729
137.023 193.979
137.023 193.979
137.023 193.979
137.2 194.229
137.376 194.479
137.376 194.479
137.376 194.479
137.73 194.979
137.73 194.979
137.73 194.979
137.906 195.229
137.906 195.229
138.083 195.479
138.259 195.729
138.259 195.729
138.259 195.729
138.259 195.729
138.436 195.979
138.436 195.979
138.436 195.979
138.436 195.979
138.613 196.229
138.613 196.229
138.966 196.729
138.966 196.729
138.966 196.729
138.966 196.729
139.142 196.979
139.142 196.979
139.142 196.979
139.319 197.229
139.319 197.229
139.672 197.729
139.672 197.729
139.672 197.729
139.849 197.979
139.849 197.979
139.849 197.979
140.025 198.229
140.025 198.229
140.202 198.479
140.379 198.729
140.379 198.729
140.379 198.729
140.379 198.729
140.555 198.979
140.555 198.979
140.555 198.979
140.732 199.229
140.732 199.229
140.908 199.479
141.085 199.729
141.085 199.729
141.085 199.729
141.085 199.729
141.261 199.979
141.261 199.979
141.261 199.979
141.261 199.979
141.438 200.229
141.438 200.229
141.791 200.729
141.791 200.729
141.791 200.729
141.791 200.729
142.144 201.229
142.159 201.25
142.277 201.417
142.321 201.479
142.454 201.667
142.498 201.729
142.498 201.729
142.674 201.979
142.674 201.979
142.674 201.979
142.851 202.229
142.851 202.229
143.027 202.479
143.204 202.729
143.204 202.729
143.204 202.729
143.204 202.729
143.381 202.979
143.557 203.229
143.557 203.229
143.557 203.229
143.734 203.479
143.91 203.729
143.91 203.729
143.91 203.729
143.91 203.729
144.087 203.979
144.087 203.979
144.087 203.979
144.087 203.979
144.264 204.229
144.264 204.229
144.44 204.479
144.617 204.729
144.617 204.729
144.617 204.729
144.617 204.729
144.793 204.979
144.793 204.979
144.793 204.979
144.793 204.979
144.97 205.229
144.97 205.229
145.323 205.729
145.323 205.729
145.323 205.729
145.323 205.729
145.5 205.979
145.5 205.979
145.5 205.979
145.5 205.979
145.676 206.229
145.676 206.229
145.853 206.479
145.853 206.479
145.853 206.479
146.206 206.979
146.206 206.979
146.206 206.979
146.383 207.229
146.383 207.229
146.736 207.729
146.736 207.729
146.736 207.729
146.736 207.729
146.913 207.979
146.913 207.979
146.913 207.979
146.913 207.979
147.089 208.229
147.089 208.229
147.442 208.729
147.442 208.729
147.442 208.729
147.442 208.729
147.619 208.979
147.796 209.229
147.796 209.229
147.972 209.479
147.972 209.479
147.972 209.479
148.325 209.979
148.325 209.979
148.325 209.979
148.502 210.229
148.855 210.729
148.855 210.729
148.855 210.729
149.208 211.229
149.208 211.229
149.208 211.229
149.561 211.729
149.561 211.729
149.561 211.729
149.561 211.729
149.561 211.729
149.738 211.979
149.738 211.979
149.738 211.979
149.738 211.979
149.738 211.979
149.915 212.229
149.915 212.229
149.915 212.229
150.268 212.729
150.268 212.729
150.268 212.729
150.268 212.729
150.268 212.729
150.621 213.229
150.621 213.229
150.621 213.229
150.974 213.729
150.974 213.729
150.974 213.729
151.151 213.979
151.151 213.979
151.151 213.979
151.327 214.229
151.327 214.229
151.327 214.229
151.681 214.729
151.681 214.729
151.681 214.729
152.034 215.229
152.034 215.229
152.034 215.229
152.387 215.729
152.387 215.729
152.387 215.729
152.387 215.729
152.387 215.729
152.564 215.979
152.564 215.979
152.564 215.979
152.564 215.979
152.564 215.979
152.74 216.229
152.74 216.229
152.74 216.229
153.093 216.729
153.093 216.729
153.093 216.729
153.093 216.729
153.093 216.729
153.447 217.229
153.447 217.229
153.447 217.229
153.8 217.729
153.8 217.729
153.8 217.729
153.976 217.979
153.976 217.979
153.976 217.979
154.153 218.229
154.506 218.729
154.506 218.729
154.506 218.729
154.859 219.229
154.859 219.229
154.859 219.229
155.213 219.729
155.213 219.729
155.213 219.729
155.213 219.729
155.213 219.729
155.389 219.979
155.389 219.979
155.389 219.979
155.389 219.979
155.389 219.979
155.566 220.229
155.566 220.229
155.566 220.229
155.919 220.729
155.919 220.729
155.919 220.729
155.919 220.729
155.919 220.729
156.272 221.229
156.272 221.229
156.272 221.229
156.625 221.729
156.625 221.729
156.625 221.729
156.802 221.979
156.802 221.979
156.802 221.979
156.978 222.229
156.978 222.229
156.978 222.229
157.332 222.729
157.332 222.729
157.332 222.729
157.685 223.229
157.685 223.229
157.685 223.229
158.038 223.729
158.038 223.729
158.038 223.729
158.038 223.729
158.038 223.729
158.215 223.979
158.215 223.979
158.215 223.979
158.215 223.979
158.215 223.979
158.391 224.229
158.391 224.229
158.391 224.229
158.744 224.729
158.744 224.729
158.744 224.729
158.744 224.729
158.744 224.729
158.744 224.729
159.098 225.229
159.098 225.229
159.098 225.229
159.451 225.729
159.451 225.729
159.451 225.729
159.627 225.979
159.627 225.979
159.627 225.979
159.804 226.229
160.157 226.729
160.157 226.729
160.157 226.729
160.51 227.229
160.51 227.229
160.864 227.729
160.864 227.729
160.864 227.729
160.864 227.729
161.04 227.979
161.04 227.979
161.04 227.979
161.04 227.979
161.217 228.229
161.217 228.229
161.57 228.729
161.57 228.729
161.57 228.729
161.57 228.729
161.923 229.229
161.923 229.229
162.276 229.729
162.276 229.729
162.276 229.729
162.453 229.979
162.453 229.979
162.453 229.979
162.63 230.229
162.63 230.229
162.983 230.729
162.983 230.729
162.983 230.729
163.336 231.229
163.336 231.229
163.689 231.729
163.689 231.729
163.689 231.729
163.689 231.729
163.866 231.979
163.866 231.979
163.866 231.979
163.866 231.979
164.042 232.229
164.042 232.229
164.395 232.729
164.395 232.729
164.395 232.729
164.395 232.729
164.749 233.229
164.749 233.229
165.102 233.729
165.102 233.729
165.102 233.729
165.278 233.979
165.278 233.979
165.278 233.979
165.455 234.229
165.808 234.729
165.808 234.729
165.808 234.729
166.161 235.229
166.161 235.229
166.515 235.729
166.515 235.729
166.515 235.729
166.515 235.729
166.691 235.979
166.691 235.979
166.691 235.979
166.691 235.979
166.868 236.229
166.868 236.229
167.221 236.729
167.221 236.729
167.221 236.729
167.221 236.729
167.574 237.229
167.574 237.229
167.927 237.729
167.927 237.729
167.927 237.729
168.104 237.979
168.104 237.979
168.104 237.979
168.281 238.229
168.281 238.229
168.634 238.729
168.634 238.729
168.634 238.729
168.987 239.229
168.987 239.229
169.34 239.729
169.34 239.729
169.34 239.729
169.34 239.729
169.517 239.979
169.517 239.979
169.517 239.979
169.517 239.979
169.693 240.229
169.693 240.229
170.047 240.729
170.047 240.729
170.047 240.729
170.047 240.729
170.047 240.729
170.4 241.229
170.4 241.229
170.753 241.729
170.753 241.729
170.753 241.729
170.929 241.979
170.929 241.979
170.929 241.979
171.106 242.229
171.459 242.729
171.459 242.729
171.459 242.729
171.812 243.229
171.812 243.229
172.166 243.729
172.166 243.729
172.166 243.729
172.166 243.729
172.342 243.979
172.342 243.979
172.342 243.979
172.342 243.979
172.519 244.229
172.519 244.229
172.872 244.729
172.872 244.729
172.872 244.729
172.872 244.729
173.225 245.229
173.225 245.229
173.578 245.729
173.578 245.729
173.578 245.729
173.755 245.979
173.755 245.979
173.755 245.979
173.932 246.229
174.285 246.729
174.285 246.729
174.285 246.729
174.638 247.229
174.991 247.729
174.991 247.729
174.991 247.729
175.168 247.979
175.168 247.979
175.168 247.979
