7.66607 8.94375
7.66607 8.94375
7.66607 8.94375
7.66607 8.94375
8.09464 9.44375
8.52322 9.94375
8.52322 9.94375
8.95179 10.4437
9.38036 10.9437
9.38036 10.9437
9.80893 11.4438
10.2375 11.9437
10.2375 11.9437
10.2375 11.9437
10.6661 12.4437
10.6661 12.4437
10.8804 12.6937
11.0946 12.9437
11.0946 12.9437
11.0946 12.9437
11.5232 13.4437
11.9518 13.9437
11.9518 13.9437
11.9518 13.9437
12.3804 14.4437
12.8089 14.9438
12.8089 14.9438
13.2375 15.4437
13.6661 15.9437
13.6661 15.9437
13.8804 16.1938
14.0946 16.4438
14.0946 16.4438
14.3089 16.6938
14.5232 16.9438
14.5232 16.9438
14.5232 16.9438
14.9518 17.4438
15.3804 17.9438
15.3804 17.9438
15.8089 18.4438
16.2375 18.9438
16.2375 18.9438
16.6661 19.4438
17.0946 19.9438
17.0946 19.9438
17.0946 19.9438
17.5232 20.4438
17.5232 20.4438
17.7375 20.6938
17.9518 20.9438
17.9518 20.9438
17.9518 20.9438
18.3804 21.4438
18.8089 21.9437
18.8089 21.9437
18.8089 21.9437
19.2375 22.4437
19.6661 22.9437
19.6661 22.9437
20.0946 23.4438
20.5232 23.9438
20.5232 23.9438
20.9518 24.4438
21.3804 24.9438
21.3804 24.9438
21.3804 24.9438
21.3804 24.9438
21.8089 25.4438
22.2375 25.9438
22.2375 25.9438
22.6661 26.4438
23.0946 26.9438
23.0946 26.9438
23.5232 27.4438
23.9518 27.9438
23.9518 27.9438
23.9518 27.9438
24.3804 28.4438
24.3804 28.4438
24.5946 28.6937
24.8089 28.9438
24.8089 28.9438
24.8089 28.9438
25.2375 29.4437
25.6661 29.9438
25.6661 29.9438
25.6661 29.9438
26.0946 30.4438
26.5232 30.9438
26.5232 30.9438
26.9518 31.4438
27.3804 31.9437
27.3804 31.9437
27.8089 32.4438
27.8089 32.4438
28.0232 32.6938
28.2375 32.9438
28.2375 32.9438
28.2375 32.9438
28.2375 32.9438
28.6661 33.4438
29.0946 33.9438
29.0946 33.9438
29.5232 34.4438
29.7375 34.6938
29.9518 34.9438
29.9518 34.9438
29.9518 34.9438
30.3804 35.4438
30.3804 35.4438
30.8089 35.9438
30.8089 35.9438
31.2375 36.4438
31.4518 36.6938
31.6661 36.9438
31.6661 36.9438
31.6661 36.9438
31.6661 36.9438
32.0946 37.4438
32.5232 37.9438
32.5232 37.9438
32.5232 37.9438
32.5232 37.9438
33.3804 38.9438
33.3804 38.9438
33.3804 38.9438
33.3804 38.9438
33.3804 38.9438
33.8089 39.4438
34.2375 39.9438
34.2375 39.9438
34.2375 39.9438
34.6661 40.4438
35.0946 40.9438
35.0946 40.9438
35.0946 40.9438
35.5232 41.4438
35.5232 41.4438
35.7375 41.6938
35.9518 41.9438
35.9518 41.9438
35.9518 41.9438
36.3804 42.4438
36.3804 42.4438
36.5946 42.6937
36.8089 42.9437
36.8089 42.9437
36.8089 42.9437
36.8089 42.9437
37.0232 43.1938
37.2375 43.4438
37.6661 43.9437
37.6661 43.9437
37.8804 44.1938
38.0946 44.4438
38.0946 44.4438
38.3089 44.6938
38.5232 44.9438
38.5232 44.9438
38.5232 44.9438
38.5232 44.9438
38.7375 45.1938
38.9518 45.4438
38.9518 45.4438
39.1661 45.6938
39.3804 45.9438
39.3804 45.9438
39.8089 46.4438
39.8089 46.4438
40.2375 46.9438
40.2375 46.9438
40.2375 46.9438
40.2375 46.9438
40.6661 47.4438
40.6661 47.4438
41.0946 47.9437
41.0946 47.9437
41.9518 48.9438
41.9518 48.9438
41.9518 48.9438
42.3804 49.4438
42.5946 49.6938
42.8089 49.9438
42.8089 49.9438
42.8089 49.9438
43.2375 50.4438
43.2375 50.4438
43.4518 50.6938
43.6661 50.9438
43.6661 50.9438
44.0947 51.4438
44.0947 51.4438
44.3089 51.6938
44.5232 51.9438
44.5232 51.9438
44.5232 51.9438
44.7375 52.1937
44.9518 52.4438
44.9518 52.4438
45.3804 52.9437
45.3804 52.9437
45.3804 52.9437
45.3804 52.9437
45.8089 53.4438
45.8089 53.4438
46.2375 53.9438
46.2375 53.9438
46.2375 53.9438
46.6661 54.4437
47.0947 54.9438
47.0947 54.9438
47.0947 54.9438
47.0947 54.9438
47.5232 55.4438
47.9518 55.9438
47.9518 55.9438
47.9518 55.9438
48.3804 56.4438
48.8089 56.9438
48.8089 56.9438
48.8089 56.9438
49.2375 57.4438
49.2375 57.4438
49.4518 57.6938
49.6661 57.9437
49.6661 57.9437
49.6661 57.9437
50.0947 58.4438
50.0947 58.4438
50.3089 58.6937
50.5232 58.9438
50.5232 58.9438
50.5232 58.9438
50.5232 58.9438
50.7375 59.1938
50.9518 59.4437
51.3804 59.9438
51.3804 59.9438
51.5947 60.1937
51.8089 60.4438
51.8089 60.4438
52.0232 60.6938
52.2375 60.9438
52.2375 60.9438
52.2375 60.9438
52.2375 60.9438
52.4518 61.1938
52.6661 61.4438
52.6661 61.4438
52.8804 61.6938
53.0947 61.9438
53.0947 61.9438
53.5232 62.4438
53.5232 62.4438
53.9518 62.9438
53.9518 62.9438
53.9518 62.9438
53.9518 62.9438
54.3804 63.4438
54.3804 63.4438
54.8089 63.9438
54.8089 63.9438
55.2375 64.4437
55.6661 64.9437
55.6661 64.9437
55.6661 64.9437
56.0947 65.4437
56.3089 65.6937
56.5232 65.9437
56.5232 65.9437
56.5232 65.9437
56.9518 66.4437
56.9518 66.4437
57.1661 66.6937
57.3804 66.9437
57.3804 66.9437
57.8089 67.4437
57.8089 67.4437
58.0232 67.6937
58.2375 67.9437
58.2375 67.9437
58.2375 67.9437
58.4518 68.1937
58.6661 68.4437
58.6661 68.4437
59.0947 68.9437
59.0947 68.9437
59.0947 68.9437
59.0947 68.9437
59.5232 69.4437
59.5232 69.4437
59.9518 69.9437
59.9518 69.9437
59.9518 69.9437
60.3804 70.4437
60.8089 70.9437
60.8089 70.9437
60.8089 70.9437
60.8089 70.9437
61.2375 71.4437
61.6661 71.9437
61.6661 71.9437
61.6661 71.9437
61.8804 72.1937
62.0947 72.4437
62.0947 72.4437
62.3089 72.6937
62.5232 72.9437
62.5232 72.9437
62.5232 72.9437
62.5232 72.9437
62.7375 73.1937
62.9518 73.4437
63.1661 73.6937
63.3804 73.9437
63.3804 73.9437
63.3804 73.9437
63.5947 74.1937
63.8089 74.4437
64.0232 74.6937
64.2375 74.9437
64.2375 74.9437
64.2375 74.9437
64.2375 74.9437
64.6661 75.4437
65.0947 75.9437
65.0947 75.9437
65.3089 76.1938
65.5232 76.4437
65.5232 76.4437
65.7375 76.6938
65.9518 76.9437
65.9518 76.9437
65.9518 76.9437
65.9518 76.9437
66.1661 77.1937
66.3804 77.4437
66.5947 77.6937
66.8089 77.9437
66.8089 77.9437
66.8089 77.9437
67.2375 78.4437
67.2375 78.4437
67.4518 78.6938
67.6661 78.9437
67.6661 78.9437
67.6661 78.9437
67.6661 78.9437
67.8804 79.1937
68.0947 79.4437
68.5232 79.9437
68.5232 79.9437
68.9518 80.4437
69.1661 80.6937
69.3804 80.9437
69.3804 80.9437
69.3804 80.9437
69.3804 80.9437
69.8089 81.4437
69.8089 81.4437
70.2375 81.9437
70.2375 81.9437
70.2375 81.9437
70.4518 82.1937
70.6661 82.4437
70.8804 82.6937
71.0947 82.9437
71.0947 82.9437
71.0947 82.9437
71.0947 82.9437
71.5232 83.4438
71.5232 83.4438
71.9518 83.9438
71.9518 83.9438
71.9518 83.9438
72.3804 84.4437
72.3804 84.4437
72.5947 84.6937
72.8089 84.9437
72.8089 84.9437
72.8089 84.9437
73.2375 85.4438
73.6661 85.9438
73.6661 85.9438
74.0947 86.4437
74.5232 86.9437
74.5232 86.9437
74.5232 86.9437
74.9518 87.4437
75.3804 87.9437
75.3804 87.9437
75.3804 87.9437
75.5947 88.1937
75.8089 88.4437
75.8089 88.4437
76.0232 88.6937
76.2375 88.9437
76.2375 88.9437
76.2375 88.9437
76.2375 88.9437
76.4518 89.1937
76.6661 89.4437
76.8804 89.6937
77.0947 89.9437
77.0947 89.9437
77.0947 89.9437
77.3089 90.1937
77.5232 90.4437
77.7375 90.6938
77.9518 90.9437
77.9518 90.9437
77.9518 90.9437
77.9518 90.9437
78.3804 91.4437
78.8089 91.9437
78.8089 91.9437
79.0232 92.1937
79.2375 92.4437
79.2375 92.4437
79.4518 92.6938
79.6661 92.9437
79.6661 92.9437
79.6661 92.9437
79.6661 92.9437
79.8804 93.1938
80.0947 93.4437
80.3089 93.6937
80.5232 93.9437
80.5232 93.9437
80.5232 93.9437
80.9518 94.4437
80.9518 94.4437
81.1661 94.6937
81.3804 94.9437
81.3804 94.9437
81.3804 94.9437
81.3804 94.9437
81.5947 95.1937
81.8089 95.4437
82.2375 95.9437
82.2375 95.9437
82.6661 96.4437
82.8804 96.6937
83.0947 96.9437
83.0947 96.9437
83.0947 96.9437
83.0947 96.9437
83.3089 97.1938
83.5232 97.4437
83.5232 97.4437
83.7375 97.6937
83.9518 97.9437
83.9518 97.9437
83.9518 97.9437
84.1661 98.1937
84.3804 98.4438
84.6464 98.7542
84.8089 98.9437
84.8089 98.9437
84.8089 98.9437
85.2375 99.4437
85.2375 99.4437
85.6661 99.9438
85.6661 99.9438
85.6661 99.9438
85.8804 100.194
86.0947 100.444
86.3089 100.694
86.5232 100.944
86.5232 100.944
86.5232 100.944
86.5232 100.944
86.9579 101.444
87.3927 101.944
87.3927 101.944
87.8274 102.444
88.2622 102.944
88.2622 102.944
88.2622 102.944
88.4796 103.194
88.697 103.444
89.1317 103.944
89.1317 103.944
89.1317 103.944
89.5602 104.444
89.9888 104.944
89.9888 104.944
89.9888 104.944
89.9888 104.944
89.9888 104.944
90.4174 105.444
90.4174 105.444
90.6317 105.694
90.8459 105.944
90.8459 105.944
90.8459 105.944
90.8459 105.944
91.0602 106.194
91.2745 106.444
91.7031 106.944
91.7031 106.944
91.7031 106.944
91.7031 106.944
92.1317 107.444
92.5602 107.944
92.5602 107.944
92.9888 108.444
93.2031 108.694
93.4174 108.944
93.4174 108.944
93.4174 108.944
93.4174 108.944
93.8459 109.444
93.8459 109.444
94.0602 109.694
94.2745 109.944
94.2745 109.944
94.2745 109.944
94.2745 109.944
94.7031 110.444
94.7031 110.444
95.1317 110.944
95.1317 110.944
95.1317 110.944
95.1317 110.944
95.5602 111.444
95.9888 111.944
95.9888 111.944
96.4174 112.444
96.8459 112.944
96.8459 112.944
96.8459 112.944
96.8459 112.944
97.0602 113.194
97.2745 113.444
97.7031 113.944
97.7031 113.944
97.7031 113.944
97.7031 113.944
98.1317 114.444
98.1317 114.444
98.5602 114.944
98.5602 114.944
98.5602 114.944
98.5602 114.944
98.5602 114.944
98.9888 115.444
98.9888 115.444
99.2031 115.694
99.4174 115.944
99.4174 115.944
99.4174 115.944
100.06 116.694
100.275 116.944
100.275 116.944
100.275 116.944
100.275 116.944
100.703 117.444
100.703 117.444
101.132 117.944
101.132 117.944
101.132 117.944
101.132 117.944
101.132 117.944
101.346 118.194
101.56 118.444
101.989 118.944
101.989 118.944
101.989 118.944
101.989 118.944
102.417 119.444
102.846 119.944
102.846 119.944
102.846 119.944
103.275 120.444
103.703 120.944
103.703 120.944
103.703 120.944
103.703 120.944
103.703 120.944
104.132 121.444
104.132 121.444
104.346 121.694
104.56 121.944
104.56 121.944
104.56 121.944
104.56 121.944
104.989 122.444
104.989 122.444
105.203 122.694
105.417 122.944
105.417 122.944
105.417 122.944
105.417 122.944
105.846 123.444
105.846 123.444
106.06 123.694
106.275 123.944
106.275 123.944
106.703 124.444
107.132 124.944
107.132 124.944
107.132 124.944
107.132 124.944
107.566 125.444
107.566 125.444
107.784 125.694
108.001 125.944
108.001 125.944
108.001 125.944
108.001 125.944
108.218 126.194
108.436 126.444
108.871 126.944
108.871 126.944
108.871 126.944
108.871 126.944
109.305 127.444
109.74 127.944
109.74 127.944
109.74 127.944
109.958 128.194
110.175 128.444
110.175 128.444
110.392 128.694
110.61 128.944
110.61 128.944
110.61 128.944
110.61 128.944
110.61 128.944
110.827 129.194
111.045 129.444
111.479 129.944
111.479 129.944
111.479 129.944
111.479 129.944
111.909 130.444
111.909 130.444
112.338 130.944
112.338 130.944
112.338 130.944
112.338 130.944
112.338 130.944
112.766 131.444
112.766 131.444
112.98 131.694
113.195 131.944
113.195 131.944
113.195 131.944
113.838 132.694
114.052 132.944
114.052 132.944
114.052 132.944
114.052 132.944
114.48 133.444
114.48 133.444
114.909 133.944
115.123 134.194
115.338 134.444
115.766 134.944
115.766 134.944
115.766 134.944
116.623 135.944
116.623 135.944
116.623 135.944
116.623 135.944
116.623 135.944
116.838 136.194
117.266 136.694
117.48 136.944
117.48 136.944
117.48 136.944
117.48 136.944
117.48 136.944
117.909 137.444
118.338 137.944
118.338 137.944
118.766 138.444
119.195 138.944
119.195 138.944
119.623 139.444
120.052 139.944
120.052 139.944
120.052 139.944
120.48 140.444
120.48 140.444
120.695 140.694
120.909 140.944
120.909 140.944
120.909 140.944
121.338 141.444
121.766 141.944
121.766 141.944
121.766 141.944
122.195 142.444
122.623 142.944
122.623 142.944
123.052 143.444
123.48 143.944
123.48 143.944
123.695 144.194
123.909 144.444
123.909 144.444
124.123 144.694
124.338 144.944
124.338 144.944
124.338 144.944
124.766 145.444
125.195 145.944
125.195 145.944
125.623 146.444
126.052 146.944
126.052 146.944
126.48 147.444
126.909 147.944
126.909 147.944
126.909 147.944
127.338 148.444
127.338 148.444
127.552 148.694
127.766 148.944
127.766 148.944
127.766 148.944
128.195 149.444
128.623 149.944
128.623 149.944
129.052 150.444
129.052 150.444
129.266 150.694
129.48 150.944
129.48 150.944
129.48 150.944
129.909 151.444
130.123 151.694
130.338 151.944
130.338 151.944
130.338 151.944
130.766 152.444
131.195 152.944
131.195 152.944
131.195 152.944
131.623 153.444
131.623 153.444
131.63 153.452
131.838 153.694
132.052 153.944
132.052 153.944
132.059 153.952
132.266 154.194
132.48 154.444
132.48 154.444
132.488 154.452
132.695 154.694
132.909 154.944
132.909 154.944
132.916 154.952
133.338 155.444
133.766 155.944
133.766 155.944
133.98 156.194
134.195 156.444
134.195 156.444
134.202 156.452
134.409 156.694
134.623 156.944
134.623 156.944
134.623 156.944
134.623 156.944
134.63 156.952
135.052 157.444
135.266 157.694
135.48 157.944
135.695 158.194
135.909 158.444
135.909 158.444
135.916 158.452
136.123 158.694
136.338 158.944
136.338 158.944
136.338 158.944
136.338 158.944
136.345 158.952
136.766 159.444
137.195 159.944
137.195 159.944
137.195 159.944
137.195 159.944
137.623 160.444
138.052 160.944
138.052 160.944
138.266 161.194
138.48 161.444
138.48 161.444
138.488 161.452
138.695 161.694
138.909 161.944
138.909 161.944
138.916 161.952
139.123 162.194
139.338 162.444
139.338 162.444
139.345 162.452
139.552 162.694
139.766 162.944
139.766 162.944
139.766 162.944
139.766 162.944
139.766 162.944
139.773 162.952
140.195 163.444
140.623 163.944
140.623 163.944
140.623 163.944
140.623 163.944
141.052 164.444
141.052 164.444
141.059 164.452
141.48 164.944
141.48 164.944
141.48 164.944
141.48 164.944
141.488 164.952
141.909 165.444
142.338 165.944
142.552 166.194
142.766 166.444
142.98 166.694
143.195 166.944
143.409 167.194
143.623 167.444
143.838 167.694
144.052 167.944
144.052 167.944
144.052 167.944
144.052 167.944
144.052 167.944
144.266 168.194
144.48 168.444
144.48 168.444
144.695 168.694
144.909 168.944
144.909 168.944
144.909 168.944
144.909 168.944
145.123 169.194
145.338 169.444
145.552 169.694
145.766 169.944
145.766 169.944
145.766 169.944
145.98 170.194
146.195 170.444
146.409 170.694
146.623 170.944
146.623 170.944
146.623 170.944
146.623 170.944
147.052 171.444
147.48 171.944
147.48 171.944
147.695 172.194
147.909 172.444
147.909 172.444
148.123 172.694
148.338 172.944
148.338 172.944
148.338 172.944
148.338 172.944
148.552 173.194
148.766 173.444
148.98 173.694
149.195 173.944
149.195 173.944
149.195 173.944
149.623 174.444
149.623 174.444
149.838 174.694
150.052 174.944
150.052 174.944
150.052 174.944
150.052 174.944
150.266 175.194
150.48 175.444
150.909 175.944
150.909 175.944
151.338 176.444
151.552 176.694
151.766 176.944
151.766 176.944
151.766 176.944
151.766 176.944
152.195 177.444
152.195 177.444
152.623 177.944
152.623 177.944
152.623 177.944
152.838 178.194
153.052 178.444
153.266 178.694
153.48 178.944
153.48 178.944
153.48 178.944
153.48 178.944
153.909 179.444
153.909 179.444
154.338 179.944
154.338 179.944
154.338 179.944
154.766 180.444
154.766 180.444
154.98 180.694
155.195 180.944
155.195 180.944
155.195 180.944
155.623 181.444
156.052 181.944
156.052 181.944
156.48 182.444
156.909 182.944
156.909 182.944
156.909 182.944
157.338 183.444
157.766 183.944
157.766 183.944
157.766 183.944
157.98 184.194
158.195 184.444
158.195 184.444
158.409 184.694
158.623 184.944
158.623 184.944
158.623 184.944
158.623 184.944
158.838 185.194
159.052 185.444
159.266 185.694
159.48 185.944
159.48 185.944
159.48 185.944
159.695 186.194
159.909 186.444
160.123 186.694
160.338 186.944
160.338 186.944
160.338 186.944
160.338 186.944
160.766 187.444
161.195 187.944
161.195 187.944
161.409 188.194
161.623 188.444
161.623 188.444
161.838 188.694
162.052 188.944
162.052 188.944
162.052 188.944
162.052 188.944
162.266 189.194
162.48 189.444
162.695 189.694
162.909 189.944
162.909 189.944
162.909 189.944
163.338 190.444
163.338 190.444
163.552 190.694
163.766 190.944
163.766 190.944
163.766 190.944
163.766 190.944
163.98 191.194
164.195 191.444
164.623 191.944
164.623 191.944
165.052 192.444
165.266 192.694
165.48 192.944
165.48 192.944
165.48 192.944
165.48 192.944
165.695 193.194
165.909 193.444
165.909 193.444
166.123 193.694
166.338 193.944
166.338 193.944
166.338 193.944
166.552 194.194
166.766 194.444
167.195 194.944
167.195 194.944
167.195 194.944
167.195 194.944
167.623 195.444
167.623 195.444
168.052 195.944
168.052 195.944
168.052 195.944
168.266 196.194
168.48 196.444
168.695 196.694
168.909 196.944
168.909 196.944
168.909 196.944
168.909 196.944
169.338 197.444
169.766 197.944
169.766 197.944
170.195 198.444
170.623 198.944
170.623 198.944
170.623 198.944
170.838 199.194
171.052 199.444
171.052 199.444
171.052 199.444
171.48 199.944
171.48 199.944
171.48 199.944
171.48 199.944
171.909 200.444
171.909 200.444
172.338 200.944
172.338 200.944
172.338 200.944
172.338 200.944
172.338 200.944
172.766 201.444
172.766 201.444
172.98 201.694
173.195 201.944
173.195 201.944
173.195 201.944
173.195 201.944
173.409 202.194
173.623 202.444
173.623 202.444
174.052 202.944
174.052 202.944
174.052 202.944
174.052 202.944
174.48 203.444
174.909 203.944
174.909 203.944
175.338 204.444
175.552 204.694
175.766 204.944
175.766 204.944
175.766 204.944
175.766 204.944
176.195 205.444
176.195 205.444
176.409 205.694
176.409 205.694
176.623 205.944
176.623 205.944
176.623 205.944
176.623 205.944
177.052 206.444
177.052 206.444
177.266 206.694
177.48 206.944
177.48 206.944
177.48 206.944
177.48 206.944
177.909 207.444
178.338 207.944
178.338 207.944
178.766 208.444
179.195 208.944
179.195 208.944
179.195 208.944
179.195 208.944
179.409 209.194
179.623 209.444
180.052 209.944
180.052 209.944
180.052 209.944
180.052 209.944
180.48 210.444
180.48 210.444
180.909 210.944
180.909 210.944
180.909 210.944
180.909 210.944
180.909 210.944
181.338 211.444
181.338 211.444
181.552 211.694
181.766 211.944
181.766 211.944
181.766 211.944
182.195 212.444
182.409 212.694
182.623 212.944
182.623 212.944
182.623 212.944
182.623 212.944
183.052 213.444
183.052 213.444
183.266 213.694
183.48 213.944
183.48 213.944
183.48 213.944
183.48 213.944
183.48 213.944
183.695 214.194
183.909 214.444
183.909 214.444
184.338 214.944
184.338 214.944
184.338 214.944
184.338 214.944
184.766 215.444
185.195 215.944
185.195 215.944
185.195 215.944
185.623 216.444
186.052 216.944
186.052 216.944
186.052 216.944
186.052 216.944
186.052 216.944
186.48 217.444
186.48 217.444
186.695 217.694
186.909 217.944
186.909 217.944
186.909 217.944
186.909 217.944
187.338 218.444
187.338 218.444
187.552 218.694
187.766 218.944
187.766 218.944
187.766 218.944
187.766 218.944
188.195 219.444
188.195 219.444
188.409 219.694
188.623 219.944
188.623 219.944
189.052 220.444
189.48 220.944
189.48 220.944
189.48 220.944
189.48 220.944
189.909 221.444
189.909 221.444
190.123 221.694
190.123 221.694
190.338 221.944
190.338 221.944
190.338 221.944
190.338 221.944
190.552 222.194
190.766 222.444
191.195 222.944
191.195 222.944
191.195 222.944
191.195 222.944
191.623 223.444
192.052 223.944
192.052 223.944
192.052 223.944
192.052 223.944
192.266 224.194
192.48 224.444
192.48 224.444
192.695 224.694
192.909 224.944
192.909 224.944
192.909 224.944
192.909 224.944
192.909 224.944
193.123 225.194
193.338 225.444
193.766 225.944
193.766 225.944
193.766 225.944
193.766 225.944
193.766 225.944
194.195 226.444
194.195 226.444
194.623 226.944
194.623 226.944
194.623 226.944
194.623 226.944
195.052 227.444
195.052 227.444
195.266 227.694
195.48 227.944
195.48 227.944
195.48 227.944
196.123 228.694
196.338 228.944
196.338 228.944
196.338 228.944
196.338 228.944
196.766 229.444
196.766 229.444
197.195 229.944
197.409 230.194
197.623 230.444
198.052 230.944
198.052 230.944
198.052 230.944
198.909 231.944
198.909 231.944
198.909 231.944
198.909 231.944
198.909 231.944
199.123 232.194
199.552 232.694
199.766 232.944
199.766 232.944
199.766 232.944
199.766 232.944
199.766 232.944
200.623 233.944
200.623 233.944
200.623 233.944
200.623 233.944
201.052 234.444
201.48 234.944
201.48 234.944
201.48 234.944
201.909 235.444
202.123 235.694
202.123 235.694
202.338 235.944
202.338 235.944
202.552 236.194
202.552 236.194
202.766 236.444
202.766 236.444
202.766 236.444
202.766 236.444
202.98 236.694
202.98 236.694
203.195 236.944
203.195 236.944
203.195 236.944
203.195 236.944
203.195 236.944
203.623 237.444
203.623 237.444
203.838 237.694
204.052 237.944
204.052 237.944
204.052 237.944
204.052 237.944
204.266 238.194
204.48 238.444
204.909 238.944
204.909 238.944
204.909 238.944
204.909 238.944
204.909 238.944
205.338 239.444
205.552 239.694
205.766 239.944
205.766 239.944
205.766 239.944
205.98 240.194
206.195 240.444
206.195 240.444
206.195 240.444
206.409 240.694
206.409 240.694
206.623 240.944
206.623 240.944
206.623 240.944
206.623 240.944
206.623 240.944
207.052 241.444
207.052 241.444
207.266 241.694
207.48 241.944
207.48 241.944
207.48 241.944
207.48 241.944
207.909 242.444
207.909 242.444
208.338 242.944
208.338 242.944
208.338 242.944
208.338 242.944
208.766 243.444
209.195 243.944
209.195 243.944
209.195 243.944
209.623 244.444
209.623 244.444
209.838 244.694
210.052 244.944
210.052 244.944
210.052 244.944
210.052 244.944
210.052 244.944
210.266 245.194
210.48 245.444
210.909 245.944
210.909 245.944
210.909 245.944
210.909 245.944
210.909 245.944
211.338 246.444
211.338 246.444
211.766 246.944
211.766 246.944
211.766 246.944
211.766 246.944
212.195 247.444
212.195 247.444
212.409 247.694
212.409 247.694
212.409 247.694
212.623 247.944
212.623 247.944
212.623 247.944
212.623 247.944
212.623 247.944
213.266 248.694
213.266 248.694
213.48 248.944
213.48 248.944
213.48 248.944
213.48 248.944
213.909 249.444
213.909 249.444
214.123 249.694
214.123 249.694
214.338 249.944
214.338 249.944
214.338 249.944
214.338 249.944
214.338 249.944
214.338 249.944
214.338 249.944
214.552 250.194
214.766 250.444
215.195 250.944
215.195 250.944
215.195 250.944
215.195 250.944
215.623 251.444
216.052 251.944
216.052 251.944
216.052 251.944
216.48 252.444
216.48 252.444
216.909 252.944
216.909 252.944
216.909 252.944
216.909 252.944
216.909 252.944
216.909 252.944
217.338 253.444
217.338 253.444
217.552 253.694
217.766 253.944
217.766 253.944
217.766 253.944
217.766 253.944
218.195 254.444
218.195 254.444
218.409 254.694
218.623 254.944
218.623 254.944
218.623 254.944
218.623 254.944
219.052 255.444
219.052 255.444
219.266 255.694
219.48 255.944
219.48 255.944
219.909 256.444
219.909 256.444
220.123 256.694
220.338 256.944
220.338 256.944
220.338 256.944
220.338 256.944
220.338 256.944
220.766 257.444
220.766 257.444
220.98 257.694
221.195 257.944
221.195 257.944
221.195 257.944
221.195 257.944
221.409 258.194
221.623 258.444
222.052 258.944
222.052 258.944
222.052 258.944
222.052 258.944
222.48 259.444
222.909 259.944
222.909 259.944
222.909 259.944
222.909 259.944
223.123 260.194
223.338 260.444
223.338 260.444
223.552 260.694
223.766 260.944
223.766 260.944
223.766 260.944
223.766 260.944
223.766 260.944
223.98 261.194
224.195 261.444
224.623 261.944
224.623 261.944
224.623 261.944
224.623 261.944
224.623 261.944
225.052 262.444
225.052 262.444
225.48 262.944
225.48 262.944
225.48 262.944
225.48 262.944
225.909 263.444
225.909 263.444
226.123 263.694
226.338 263.944
226.338 263.944
226.338 263.944
226.98 264.694
227.195 264.944
227.195 264.944
227.195 264.944
227.195 264.944
227.623 265.444
227.623 265.444
228.052 265.944
228.266 266.194
228.48 266.444
228.909 266.944
228.909 266.944
228.909 266.944
229.766 267.944
229.766 267.944
229.766 267.944
229.766 267.944
229.766 267.944
229.98 268.194
230.409 268.694
230.623 268.944
230.623 268.944
230.623 268.944
230.623 268.944
230.623 268.944
231.052 269.444
231.48 269.944
231.48 269.944
231.909 270.444
232.338 270.944
232.338 270.944
232.766 271.444
233.195 271.944
233.195 271.944
233.195 271.944
233.623 272.444
233.623 272.444
233.838 272.694
234.052 272.944
234.052 272.944
234.052 272.944
234.48 273.444
234.909 273.944
234.909 273.944
234.909 273.944
235.338 274.444
235.766 274.944
235.766 274.944
236.195 275.444
236.623 275.944
236.623 275.944
236.838 276.194
237.052 276.444
237.052 276.444
237.266 276.694
237.48 276.944
237.48 276.944
237.48 276.944
237.909 277.444
238.338 277.944
238.338 277.944
238.766 278.444
239.195 278.944
239.195 278.944
239.623 279.444
240.052 279.944
240.052 279.944
240.052 279.944
240.48 280.444
240.48 280.444
240.695 280.694
240.909 280.944
240.909 280.944
240.909 280.944
241.347 281.444
241.788 281.944
241.788 281.944
242.25 282.444
242.25 282.444
242.48 282.694
242.711 282.944
242.711 282.944
242.711 282.944
243.195 283.444
243.437 283.694
243.679 283.944
243.679 283.944
243.679 283.944
244.187 284.444
244.726 284.973
244.736 284.983
245.101 285.342
245.344 285.581
245.634 285.867
246.016 286.242
246.486 286.704
246.497 286.715
246.611 286.827
247.906 288.1
248.031 288.223
248.033 288.225
248.105 288.296
248.262 288.45
