0.232639 0.279167
0.232639 0.279167
0.232639 0.279167
0.232639 0.279167
0.232639 0.279167
2.73264 3.27917
2.73264 3.27917
3.1493 3.77917
3.56597 4.27917
3.98264 4.77917
4.3993 5.27917
4.81597 5.77917
5.0243 6.02917
5.23264 6.27917
5.6493 6.77917
6.06597 7.27917
6.06597 7.27917
6.48264 7.77917
6.8993 8.27917
7.31597 8.77917
7.73264 9.27917
8.1493 9.77917
8.56597 10.2792
8.98264 10.7792
9.3993 11.2792
9.3993 11.2792
9.81597 11.7792
10.2326 12.2792
10.6493 12.7792
10.6493 12.7792
11.4583 13.75
11.4826 13.7792
11.8993 14.2792
12.316 14.7792
12.316 14.7792
12.5243 15.0292
12.6285 15.1542
12.7326 15.2792
12.7326 15.2792
13.1493 15.7792
13.566 16.2792
13.9826 16.7792
14.3993 17.2792
14.816 17.7792
15.2326 18.2792
15.6493 18.7792
16.066 19.2792
16.066 19.2792
16.066 19.2792
16.066 19.2792
16.066 19.2792
16.4826 19.7792
16.4826 19.7792
16.4826 19.7792
16.4826 19.7792
16.4826 19.7792
17.316 20.7792
17.7326 21.2792
17.7326 21.2792
17.7326 21.2792
18.1493 21.7792
18.1493 21.7792
18.566 22.2792
18.566 22.2792
18.566 22.2792
18.9826 22.7792
19.3993 23.2792
19.3993 23.2792
19.3993 23.2792
19.3993 23.2792
19.3993 23.2792
19.816 23.7792
19.816 23.7792
19.816 23.7792
19.816 23.7792
20.2326 24.2792
20.6493 24.7792
21.066 25.2792
21.066 25.2792
21.066 25.2792
21.066 25.2792
21.4826 25.7792
21.8993 26.2792
21.8993 26.2792
21.8993 26.2792
21.8993 26.2792
22.316 26.7792
22.316 26.7792
22.7326 27.2792
22.7326 27.2792
22.7326 27.2792
22.7326 27.2792
22.7326 27.2792
22.7326 27.2792
23.1493 27.7792
23.1493 27.7792
23.1493 27.7792
23.566 28.2792
23.9826 28.7792
24.3993 29.2792
24.3993 29.2792
24.3993 29.2792
24.783 29.7396
24.816 29.7792
25.2326 30.2792
25.2326 30.2792
25.6493 30.7792
25.6493 30.7792
25.7882 30.9458
25.9271 31.1125
26.066 31.2792
26.066 31.2792
26.066 31.2792
26.066 31.2792
26.066 31.2792
26.4826 31.7792
26.4826 31.7792
26.4826 31.7792
26.4826 31.7792
27.316 32.7792
27.7326 33.2792
27.7326 33.2792
27.7326 33.2792
27.7326 33.2792
28.1493 33.7792
28.566 34.2792
28.566 34.2792
28.566 34.2792
28.9826 34.7792
29.3993 35.2792
29.3993 35.2792
29.3993 35.2792
29.3993 35.2792
29.3993 35.2792
29.816 35.7792
29.816 35.7792
29.816 35.7792
29.816 35.7792
30.2326 36.2792
31.8993 38.2792
32.316 38.7792
32.7326 39.2792
33.1493 39.7792
33.566 40.2792
33.9826 40.7792
34.3993 41.2792
35.2326 42.2792
35.6493 42.7792
36.066 43.2792
36.066 43.2792
36.4826 43.7792
36.8993 44.2792
37.316 44.7792
37.7326 45.2792
38.566 46.2792
38.9826 46.7792
39.3993 47.2792
39.3993 47.2792
39.816 47.7792
40.2326 48.2792
40.6493 48.7792
41.066 49.2792
41.066 49.2792
41.8993 50.2792
42.1076 50.5292
42.1076 50.5292
42.316 50.7792
42.7326 51.2792
42.7326 51.2792
43.1493 51.7792
43.566 52.2792
43.9826 52.7792
43.9826 52.7792
46.066 55.2792
46.066 55.2792
46.4826 55.7792
46.4826 55.7792
46.8993 56.2792
47.316 56.7792
47.316 56.7792
48.3576 58.0292
48.566 58.2792
48.566 58.2792
48.9826 58.7792
49.3993 59.2792
49.3993 59.2792
49.816 59.7792
50.2326 60.2792
50.6493 60.7792
50.6493 60.7792
51.8993 62.2792
52.316 62.7792
52.5243 63.0292
52.7326 63.2792
52.7326 63.2792
53.1493 63.7792
53.566 64.2792
53.9826 64.7792
53.9826 64.7792
55.2326 66.2792
55.2326 66.2792
55.2326 66.2792
55.6493 66.7792
55.6493 66.7792
56.0659 67.2792
56.0659 67.2792
56.0659 67.2792
56.0659 67.2792
56.0659 67.2792
56.4826 67.7792
56.8993 68.2792
56.8993 68.2792
57.3159 68.7792
57.7326 69.2792
58.5659 70.2792
58.9826 70.7792
59.1909 71.0292
59.3993 71.2792
59.3993 71.2792
59.8159 71.7792
59.8159 71.7792
60.2326 72.2792
60.6493 72.7792
61.0659 73.2792
61.0659 73.2792
61.8993 74.2792
61.8993 74.2792
62.3159 74.7792
62.7326 75.2792
62.7326 75.2792
63.1493 75.7792
63.5659 76.2792
63.5659 76.2792
63.9826 76.7792
63.9826 76.7792
64.3993 77.2792
64.3993 77.2792
64.3993 77.2792
65.2326 78.2792
65.6493 78.7792
66.0659 79.2792
66.0659 79.2792
66.4826 79.7792
66.8993 80.2792
67.3159 80.7792
67.7326 81.2792
67.7326 81.2792
68.5659 82.2792
68.5659 82.2792
68.9826 82.7792
69.3993 83.2792
69.3993 83.2792
69.8159 83.7792
70.2326 84.2792
70.2326 84.2792
70.6493 84.7792
70.6493 84.7792
71.0659 85.2792
71.0659 85.2792
71.0659 85.2792
71.8993 86.2792
71.8993 86.2792
72.3159 86.7792
72.3159 86.7792
72.7326 87.2792
72.7326 87.2792
73.1493 87.7792
73.1493 87.7792
73.5659 88.2792
73.5659 88.2792
73.9826 88.7792
73.9826 88.7792
74.3993 89.2792
74.3993 89.2792
74.3993 89.2792
74.6076 89.5292
74.8159 89.7792
75.2326 90.2792
75.2326 90.2792
75.6493 90.7792
76.0659 91.2792
76.0659 91.2792
76.4826 91.7792
76.8993 92.2792
76.8993 92.2792
77.3159 92.7792
77.7326 93.2792
77.7326 93.2792
77.7326 93.2792
78.5659 94.2792
78.5659 94.2792
78.9826 94.7792
79.1909 95.0292
79.3993 95.2792
79.3993 95.2792
79.8159 95.7792
80.2326 96.2792
80.2326 96.2792
80.6493 96.7792
80.6493 96.7792
80.8576 97.0292
81.0659 97.2792
81.0659 97.2792
81.0659 97.2792
81.8993 98.2792
81.8993 98.2792
82.3159 98.7792
82.7326 99.2792
82.7326 99.2792
83.1493 99.7792
83.5659 100.279
83.5659 100.279
83.9826 100.779
83.9826 100.779
84.3993 101.279
84.3993 101.279
84.3993 101.279
85.2326 102.279
85.2326 102.279
85.6493 102.779
85.8576 103.029
86.0659 103.279
86.0659 103.279
86.4826 103.779
86.4826 103.779
86.8993 104.279
86.8993 104.279
87.3159 104.779
87.3159 104.779
87.5243 105.029
87.7326 105.279
87.7326 105.279
87.7326 105.279
87.7326 105.279
88.1493 105.779
88.1493 105.779
88.5659 106.279
88.5659 106.279
88.5659 106.279
88.5659 106.279
88.5659 106.279
88.7743 106.529
88.9826 106.779
88.9826 106.779
88.9826 106.779
88.9826 106.779
88.9826 106.779
89.1909 107.029
89.3993 107.279
89.3993 107.279
89.3993 107.279
89.3993 107.279
89.3993 107.279
89.3993 107.279
89.8159 107.779
89.8159 107.779
90.2326 108.279
90.2326 108.279
90.2326 108.279
90.2326 108.279
90.6493 108.779
90.8576 109.029
91.0659 109.279
91.0659 109.279
91.0659 109.279
91.0659 109.279
91.0659 109.279
91.4826 109.779
91.8993 110.279
91.8993 110.279
91.8993 110.279
92.1076 110.529
92.3159 110.779
92.3159 110.779
92.5243 111.029
92.7326 111.279
92.7326 111.279
92.7326 111.279
92.7326 111.279
92.7326 111.279
93.1493 111.779
93.1493 111.779
93.3576 112.029
93.5659 112.279
93.5659 112.279
93.5659 112.279
93.7743 112.529
93.9826 112.779
93.9826 112.779
94.3993 113.279
94.3993 113.279
94.3993 113.279
94.3993 113.279
94.3993 113.279
94.8159 113.779
94.8159 113.779
95.2326 114.279
95.2326 114.279
95.4409 114.529
95.6493 114.779
96.0659 115.279
96.0659 115.279
96.0659 115.279
96.0659 115.279
96.0659 115.279
96.0659 115.279
96.4826 115.779
96.4826 115.779
96.8993 116.279
96.8993 116.279
96.8993 116.279
96.8993 116.279
97.3159 116.779
97.5243 117.029
97.7326 117.279
97.7326 117.279
97.7326 117.279
97.7326 117.279
98.1493 117.779
98.1493 117.779
98.5659 118.279
98.5659 118.279
98.5659 118.279
98.7743 118.529
98.9826 118.779
99.3993 119.279
99.3993 119.279
99.3993 119.279
99.3993 119.279
99.3993 119.279
99.8159 119.779
100.024 120.029
100.233 120.279
100.233 120.279
100.233 120.279
100.233 120.279
100.233 120.279
100.649 120.779
101.066 121.279
101.066 121.279
101.066 121.279
101.066 121.279
101.066 121.279
101.066 121.279
101.483 121.779
101.899 122.279
102.108 122.529
102.316 122.779
102.733 123.279
102.733 123.279
102.733 123.279
102.733 123.279
102.733 123.279
103.149 123.779
103.149 123.779
103.566 124.279
103.566 124.279
103.566 124.279
103.983 124.779
104.191 125.029
104.399 125.279
104.399 125.279
104.399 125.279
104.399 125.279
104.399 125.279
104.816 125.779
104.816 125.779
105.233 126.279
105.649 126.779
105.649 126.779
105.649 126.779
105.858 127.029
105.858 127.029
106.066 127.279
106.066 127.279
106.066 127.279
106.066 127.279
106.483 127.779
106.691 128.029
106.899 128.279
106.899 128.279
106.899 128.279
107.108 128.529
107.316 128.779
107.316 128.779
107.524 129.029
107.733 129.279
107.733 129.279
107.733 129.279
107.733 129.279
107.733 129.279
107.733 129.279
108.149 129.779
108.566 130.279
108.566 130.279
108.566 130.279
108.774 130.529
108.983 130.779
108.983 130.779
109.191 131.029
109.399 131.279
109.399 131.279
109.399 131.279
109.399 131.279
109.399 131.279
109.816 131.779
110.233 132.279
110.233 132.279
110.233 132.279
110.233 132.279
110.649 132.779
110.858 133.029
111.066 133.279
111.066 133.279
111.066 133.279
111.066 133.279
111.066 133.279
111.066 133.279
111.483 133.779
111.691 134.029
111.899 134.279
111.899 134.279
111.899 134.279
112.108 134.529
112.316 134.779
112.733 135.279
112.733 135.279
112.733 135.279
112.733 135.279
112.733 135.279
113.149 135.779
113.358 136.029
113.566 136.279
113.566 136.279
113.566 136.279
113.566 136.279
113.983 136.779
113.983 136.779
114.394 137.273
114.399 137.279
114.399 137.279
114.399 137.279
114.399 137.279
114.816 137.779
115.22 138.265
115.233 138.279
115.441 138.529
115.637 138.765
115.649 138.779
116.066 139.279
116.066 139.279
116.066 139.279
116.483 139.779
116.483 139.779
116.483 139.779
116.691 140.029
116.899 140.279
116.899 140.279
116.899 140.279
116.899 140.279
117.108 140.529
117.316 140.779
117.733 141.279
117.733 141.279
117.733 141.279
117.733 141.279
117.733 141.279
117.733 141.279
118.149 141.779
118.149 141.779
118.149 141.779
118.566 142.279
119.399 143.279
119.399 143.279
119.399 143.279
119.816 143.779
120.233 144.279
120.233 144.279
120.233 144.279
120.441 144.529
120.441 144.529
120.858 145.029
121.066 145.279
121.066 145.279
121.066 145.279
121.066 145.279
121.483 145.779
121.483 145.779
121.483 145.779
121.483 145.779
121.899 146.279
122.316 146.779
122.733 147.279
122.733 147.279
122.733 147.279
123.149 147.779
123.566 148.279
123.566 148.279
123.566 148.279
123.566 148.279
123.983 148.779
123.983 148.779
124.399 149.279
124.399 149.279
124.399 149.279
124.399 149.279
124.399 149.279
124.399 149.279
124.399 149.279
124.816 149.779
124.816 149.779
124.816 149.779
125.233 150.279
125.649 150.779
126.066 151.279
126.066 151.279
126.066 151.279
126.483 151.779
126.483 151.779
126.899 152.279
126.899 152.279
126.899 152.279
127.316 152.779
127.316 152.779
127.733 153.279
127.733 153.279
127.733 153.279
127.733 153.279
127.733 153.279
128.149 153.779
128.149 153.779
128.149 153.779
128.566 154.279
129.399 155.279
129.399 155.279
129.399 155.279
129.816 155.779
130.233 156.279
130.233 156.279
130.233 156.279
130.649 156.779
131.066 157.279
131.066 157.279
131.066 157.279
131.066 157.279
131.066 157.279
131.066 157.279
131.483 157.779
131.483 157.779
131.483 157.779
131.483 157.779
131.483 157.779
132.316 158.779
132.733 159.279
132.733 159.279
132.733 159.279
133.149 159.779
133.566 160.279
133.566 160.279
133.566 160.279
133.566 160.279
133.983 160.779
133.983 160.779
134.399 161.279
134.399 161.279
134.399 161.279
134.399 161.279
134.399 161.279
134.816 161.779
134.816 161.779
134.816 161.779
135.233 162.279
135.649 162.779
136.066 163.279
136.066 163.279
136.066 163.279
136.483 163.779
136.899 164.279
136.899 164.279
136.899 164.279
137.316 164.779
137.733 165.279
137.733 165.279
137.733 165.279
137.733 165.279
137.733 165.279
137.733 165.279
138.149 165.779
138.149 165.779
138.149 165.779
138.149 165.779
138.149 165.779
138.149 165.779
138.983 166.779
139.399 167.279
139.399 167.279
139.399 167.279
139.816 167.779
140.233 168.279
140.233 168.279
140.233 168.279
140.649 168.779
140.649 168.779
141.066 169.279
141.066 169.279
141.066 169.279
141.066 169.279
141.066 169.279
141.483 169.779
141.483 169.779
141.483 169.779
141.483 169.779
141.899 170.279
142.316 170.779
142.733 171.279
142.733 171.279
142.733 171.279
143.149 171.779
143.566 172.279
143.774 172.529
143.983 172.779
144.399 173.279
144.399 173.279
144.399 173.279
144.816 173.779
145.233 174.279
145.233 174.279
145.649 174.779
146.066 175.279
146.899 176.279
146.899 176.279
147.316 176.779
147.316 176.779
147.733 177.279
147.733 177.279
148.149 177.779
148.566 178.279
148.566 178.279
148.983 178.779
148.983 178.779
149.399 179.279
149.399 179.279
149.399 179.279
150.233 180.279
150.649 180.779
151.066 181.279
151.066 181.279
151.483 181.779
151.899 182.279
152.316 182.779
152.733 183.279
152.733 183.279
153.566 184.279
153.566 184.279
153.983 184.779
154.399 185.279
154.399 185.279
154.816 185.779
155.233 186.279
155.233 186.279
155.649 186.779
155.649 186.779
156.066 187.279
156.066 187.279
156.066 187.279
156.899 188.279
156.899 188.279
157.316 188.779
157.316 188.779
157.733 189.279
157.733 189.279
158.149 189.779
158.149 189.779
158.566 190.279
158.566 190.279
158.983 190.779
158.983 190.779
159.399 191.279
159.399 191.279
159.399 191.279
159.608 191.529
159.816 191.779
160.233 192.279
160.233 192.279
160.649 192.779
161.066 193.279
161.066 193.279
161.483 193.779
161.899 194.279
161.899 194.279
162.316 194.779
162.733 195.279
162.733 195.279
162.733 195.279
163.566 196.279
163.566 196.279
163.983 196.779
164.191 197.029
164.399 197.279
164.399 197.279
164.816 197.779
165.233 198.279
165.233 198.279
165.649 198.779
165.649 198.779
165.858 199.029
166.066 199.279
166.066 199.279
166.066 199.279
166.899 200.279
166.899 200.279
167.316 200.779
167.733 201.279
167.733 201.279
168.149 201.779
168.566 202.279
168.566 202.279
168.983 202.779
168.983 202.779
169.399 203.279
169.399 203.279
169.399 203.279
170.233 204.279
170.233 204.279
170.649 204.779
170.858 205.029
171.066 205.279
171.066 205.279
171.483 205.779
171.483 205.779
171.899 206.279
171.899 206.279
172.316 206.779
172.316 206.779
172.524 207.029
172.733 207.279
172.733 207.279
172.733 207.279
172.733 207.279
173.149 207.779
173.149 207.779
173.566 208.279
173.566 208.279
173.566 208.279
173.566 208.279
173.566 208.279
173.774 208.529
173.983 208.779
173.983 208.779
173.983 208.779
173.983 208.779
173.983 208.779
174.191 209.029
174.399 209.279
174.399 209.279
174.399 209.279
174.399 209.279
174.399 209.279
174.399 209.279
174.816 209.779
174.816 209.779
175.233 210.279
175.233 210.279
175.233 210.279
175.233 210.279
175.649 210.779
175.858 211.029
176.066 211.279
176.066 211.279
176.066 211.279
176.066 211.279
176.066 211.279
176.483 211.779
176.899 212.279
176.899 212.279
176.899 212.279
177.108 212.529
177.316 212.779
177.316 212.779
177.524 213.029
177.733 213.279
177.733 213.279
177.733 213.279
177.733 213.279
177.733 213.279
178.149 213.779
178.149 213.779
178.358 214.029
178.566 214.279
178.566 214.279
178.566 214.279
178.774 214.529
178.983 214.779
178.983 214.779
179.399 215.279
179.399 215.279
179.399 215.279
179.399 215.279
179.399 215.279
179.816 215.779
179.816 215.779
180.233 216.279
180.233 216.279
180.441 216.529
180.649 216.779
181.066 217.279
181.066 217.279
181.066 217.279
181.066 217.279
181.066 217.279
181.066 217.279
181.483 217.779
181.483 217.779
181.899 218.279
181.899 218.279
181.899 218.279
181.899 218.279
182.316 218.779
182.524 219.029
182.733 219.279
182.733 219.279
182.733 219.279
182.733 219.279
183.149 219.779
183.149 219.779
183.566 220.279
183.566 220.279
183.566 220.279
183.774 220.529
183.983 220.779
184.399 221.279
184.399 221.279
184.399 221.279
184.399 221.279
184.399 221.279
184.816 221.779
185.024 222.029
185.233 222.279
185.233 222.279
185.233 222.279
185.233 222.279
185.233 222.279
185.649 222.779
186.066 223.279
186.066 223.279
186.066 223.279
186.066 223.279
186.066 223.279
186.066 223.279
186.066 223.279
186.483 223.779
186.483 223.779
186.691 224.029
186.899 224.279
186.899 224.279
187.108 224.529
187.108 224.529
187.316 224.779
187.316 224.779
187.733 225.279
187.733 225.279
187.733 225.279
187.733 225.279
187.733 225.279
187.733 225.279
188.149 225.779
188.149 225.779
188.566 226.279
188.566 226.279
188.566 226.279
188.983 226.779
189.191 227.029
189.399 227.279
189.399 227.279
189.399 227.279
189.399 227.279
189.399 227.279
189.816 227.779
189.816 227.779
190.233 228.279
190.649 228.779
190.649 228.779
190.649 228.779
190.858 229.029
190.858 229.029
191.066 229.279
191.066 229.279
191.066 229.279
191.066 229.279
191.483 229.779
191.691 230.029
191.899 230.279
191.899 230.279
191.899 230.279
192.108 230.529
192.316 230.779
192.316 230.779
192.524 231.029
192.733 231.279
192.733 231.279
192.733 231.279
192.733 231.279
192.733 231.279
192.733 231.279
193.149 231.779
193.566 232.279
193.566 232.279
193.566 232.279
193.774 232.529
193.983 232.779
193.983 232.779
194.191 233.029
194.399 233.279
194.399 233.279
194.399 233.279
194.399 233.279
194.399 233.279
194.816 233.779
195.233 234.279
195.233 234.279
195.233 234.279
195.233 234.279
195.649 234.779
195.858 235.029
196.066 235.279
196.066 235.279
196.066 235.279
196.066 235.279
196.066 235.279
196.066 235.279
196.899 236.279
196.899 236.279
196.899 236.279
196.899 236.279
197.108 236.529
197.316 236.779
197.733 237.279
197.733 237.279
197.733 237.279
197.733 237.279
197.733 237.279
198.149 237.779
198.358 238.029
198.566 238.279
198.566 238.279
198.566 238.279
198.566 238.279
198.983 238.779
198.983 238.779
199.399 239.279
199.399 239.279
199.399 239.279
199.399 239.279
199.399 239.279
199.399 239.279
199.399 239.279
199.816 239.779
199.816 239.779
200.024 240.029
200.024 240.029
200.233 240.279
200.233 240.279
200.233 240.279
200.233 240.279
200.649 240.779
200.649 240.779
200.858 241.029
200.858 241.029
201.066 241.279
201.066 241.279
201.066 241.279
201.483 241.779
201.691 242.029
201.691 242.029
201.729 242.075
201.729 242.075
201.899 242.279
201.899 242.279
201.92 242.304
201.92 242.304
202.104 242.525
202.108 242.529
202.115 242.537
202.304 242.765
202.316 242.779
202.316 242.779
202.507 243.008
202.517 243.021
202.733 243.279
202.733 243.279
202.733 243.279
202.733 243.279
202.733 243.279
203.149 243.779
203.149 243.779
203.149 243.779
203.149 243.779
203.149 243.779
203.566 244.279
203.983 244.779
204.399 245.279
204.399 245.279
204.399 245.279
204.399 245.279
204.399 245.279
204.399 245.279
204.816 245.779
204.816 245.779
204.816 245.779
204.816 245.779
204.816 245.779
205.233 246.279
205.233 246.279
205.233 246.279
205.649 246.779
205.858 247.029
205.858 247.029
206.066 247.279
206.066 247.279
206.066 247.279
206.066 247.279
206.066 247.279
206.483 247.779
206.483 247.779
206.899 248.279
206.899 248.279
206.899 248.279
207.316 248.779
207.733 249.279
207.733 249.279
207.733 249.279
207.733 249.279
207.733 249.279
207.733 249.279
208.149 249.779
208.149 249.779
208.149 249.779
208.149 249.779
208.149 249.779
209.399 251.279
209.399 251.279
209.399 251.279
209.399 251.279
209.399 251.279
209.816 251.779
210.233 252.279
210.233 252.279
210.233 252.279
210.233 252.279
210.649 252.779
210.858 253.029
211.066 253.279
211.066 253.279
211.066 253.279
211.066 253.279
211.066 253.279
211.483 253.779
211.483 253.779
211.483 253.779
211.483 253.779
211.483 253.779
211.899 254.279
212.316 254.779
212.316 254.779
212.316 254.779
212.733 255.279
212.733 255.279
212.733 255.279
212.733 255.279
212.733 255.279
212.733 255.279
213.149 255.779
213.358 256.029
213.566 256.279
213.566 256.279
213.566 256.279
213.566 256.279
213.566 256.279
213.983 256.779
214.399 257.279
214.399 257.279
214.399 257.279
214.399 257.279
214.399 257.279
214.399 257.279
214.816 257.779
214.816 257.779
215.024 258.029
215.233 258.279
215.233 258.279
215.233 258.279
215.233 258.279
215.441 258.529
215.649 258.779
215.649 258.779
216.066 259.279
216.066 259.279
216.066 259.279
216.066 259.279
216.066 259.279
216.066 259.279
216.483 259.779
216.483 259.779
216.899 260.279
216.899 260.279
216.899 260.279
216.899 260.279
217.316 260.779
217.524 261.029
217.733 261.279
217.733 261.279
217.733 261.279
217.733 261.279
217.733 261.279
218.149 261.779
218.149 261.779
218.149 261.779
218.566 262.279
218.983 262.779
218.983 262.779
218.983 262.779
219.191 263.029
219.191 263.029
219.399 263.279
219.399 263.279
219.399 263.279
219.399 263.279
219.399 263.279
220.024 264.029
220.233 264.279
220.233 264.279
220.233 264.279
220.233 264.279
220.233 264.279
220.649 264.779
220.858 265.029
221.066 265.279
221.066 265.279
221.066 265.279
221.066 265.279
221.066 265.279
221.274 265.529
221.274 265.529
221.274 265.529
221.691 266.029
221.899 266.279
221.899 266.279
221.899 266.279
222.316 266.779
222.733 267.279
222.733 267.279
222.733 267.279
222.733 267.279
222.733 267.279
223.149 267.779
223.566 268.279
223.566 268.279
223.566 268.279
223.566 268.279
223.983 268.779
224.191 269.029
224.399 269.279
224.399 269.279
224.399 269.279
224.399 269.279
224.399 269.279
224.399 269.279
224.816 269.779
225.024 270.029
225.233 270.279
225.233 270.279
225.233 270.279
225.441 270.529
225.649 270.779
226.066 271.279
226.066 271.279
226.066 271.279
226.066 271.279
226.066 271.279
226.483 271.779
226.483 271.779
226.691 272.029
226.899 272.279
226.899 272.279
226.899 272.279
227.108 272.529
227.316 272.779
227.316 272.779
227.733 273.279
227.733 273.279
227.733 273.279
227.733 273.279
227.733 273.279
228.149 273.779
228.566 274.279
228.566 274.279
228.774 274.529
228.983 274.779
228.983 274.779
229.191 275.029
229.399 275.279
229.399 275.279
229.399 275.279
229.399 275.279
229.399 275.279
229.399 275.279
229.816 275.779
230.233 276.279
230.233 276.279
230.233 276.279
230.233 276.279
230.441 276.529
230.649 276.779
230.649 276.779
231.066 277.279
231.066 277.279
231.066 277.279
231.066 277.279
231.066 277.279
231.483 277.779
231.483 277.779
231.899 278.279
231.899 278.279
231.899 278.279
232.108 278.529
232.316 278.779
232.733 279.279
232.733 279.279
232.733 279.279
232.733 279.279
232.733 279.279
232.733 279.279
232.733 279.279
233.149 279.779
233.358 280.029
233.686 280.423
234.144 280.973
236.066 283.279
236.066 283.279
236.066 283.279
236.066 283.279
236.066 283.279
236.483 283.779
236.483 283.779
236.899 284.279
236.899 284.279
236.899 284.279
237.316 284.779
237.733 285.279
237.733 285.279
237.733 285.279
237.733 285.279
238.149 285.779
238.566 286.279
238.566 286.279
238.774 286.529
239.399 287.279
239.399 287.279
239.399 287.279
239.399 287.279
239.399 287.279
239.816 287.779
240.233 288.279
240.233 288.279
240.233 288.279
240.233 288.279
240.649 288.779
241.066 289.279
241.066 289.279
241.066 289.279
241.066 289.279
241.274 289.529
241.483 289.779
241.899 290.279
241.899 290.279
241.899 290.279
241.899 290.279
242.733 291.279
242.733 291.279
242.733 291.279
242.733 291.279
242.733 291.279
242.733 291.279
242.733 291.279
