1.7 1.84167
1.93077 2.09167
1.93077 2.09167
2.39231 2.59167
2.85385 3.09167
3.28077 3.55417
3.77692 4.09167
3.77692 4.09167
4.23846 4.59167
4.7 5.09167
5.16154 5.59167
5.39231 5.84167
5.62308 6.09167
5.62308 6.09167
6.08462 6.59167
6.54615 7.09167
6.54615 7.09167
7.00769 7.59167
7.00769 7.59167
7.46923 8.09167
7.46923 8.09167
7.93077 8.59167
8.39231 9.09167
9.31539 10.0917
9.31539 10.0917
9.77692 10.5917
10.2385 11.0917
10.2385 11.0917
10.7 11.5917
10.7 11.5917
11.1615 12.0917
11.1615 12.0917
11.6231 12.5917
12.0846 13.0917
12.0846 13.0917
13.0077 14.0917
13.0077 14.0917
13.4692 14.5917
13.7 14.8417
13.9308 15.0917
14.3923 15.5917
14.8538 16.0917
14.8538 16.0917
15.3154 16.5917
15.3154 16.5917
15.5462 16.8417
15.7769 17.0917
15.7769 17.0917
18.5462 20.0917
18.5462 20.0917
18.5462 20.0917
18.5462 20.0917
18.7769 20.3417
19.0077 20.5917
19.0077 20.5917
19.2385 20.8417
19.4692 21.0917
19.4692 21.0917
19.4692 21.0917
19.4692 21.0917
19.7 21.3417
19.9308 21.5917
20.1615 21.8417
20.3923 22.0917
20.3923 22.0917
20.3923 22.0917
20.3923 22.0917
20.3923 22.0917
20.8538 22.5917
20.8538 22.5917
21.0846 22.8417
21.3154 23.0917
21.3154 23.0917
21.3154 23.0917
21.5462 23.3417
21.7769 23.5917
21.7769 23.5917
22.0077 23.8417
22.2385 24.0917
22.2385 24.0917
22.2385 24.0917
22.2385 24.0917
22.4692 24.3417
22.7 24.5917
22.7 24.5917
22.9308 24.8417
23.1615 25.0917
23.1615 25.0917
23.1615 25.0917
23.1615 25.0917
23.3923 25.3417
23.6231 25.5917
23.8538 25.8417
24.0846 26.0917
24.0846 26.0917
24.0846 26.0917
24.0846 26.0917
24.0846 26.0917
24.5462 26.5917
24.5462 26.5917
24.7769 26.8417
25.0077 27.0917
25.0077 27.0917
25.0077 27.0917
25.2385 27.3417
25.4692 27.5917
25.4692 27.5917
25.7 27.8417
25.9308 28.0917
25.9308 28.0917
25.9308 28.0917
26.1615 28.3417
26.3923 28.5917
26.6231 28.8417
26.8538 29.0917
26.8538 29.0917
26.8538 29.0917
26.8538 29.0917
27.0846 29.3417
27.3154 29.5917
27.5462 29.8417
27.7769 30.0917
27.7769 30.0917
27.7769 30.0917
27.7769 30.0917
28.2385 30.5917
28.2385 30.5917
28.4692 30.8417
28.7 31.0917
28.7 31.0917
28.9308 31.3417
29.1615 31.5917
29.1615 31.5917
29.3923 31.8417
29.6231 32.0917
29.6231 32.0917
29.8538 32.3417
30.0846 32.5917
30.0846 32.5917
30.3154 32.8417
30.5462 33.0917
30.5462 33.0917
30.7769 33.3417
31.0077 33.5917
31.0077 33.5917
31.2385 33.8417
31.4692 34.0917
31.4692 34.0917
31.4692 34.0917
31.9308 34.5917
32.1615 34.8417
32.3923 35.0917
32.3923 35.0917
32.6231 35.3417
32.6231 35.3417
32.8538 35.5917
33.3154 36.0917
33.3154 36.0917
33.3154 36.0917
33.3154 36.0917
33.7769 36.5917
34.0077 36.8417
34.2385 37.0917
34.2385 37.0917
34.7 37.5917
35.1615 38.0917
35.1615 38.0917
36.0846 39.0917
36.3154 39.3417
36.5462 39.5917
36.7769 39.8417
37.0077 40.0917
37.0077 40.0917
37.0077 40.0917
37.0077 40.0917
37.4692 40.5917
37.9308 41.0917
37.9308 41.0917
37.9308 41.0917
37.9308 41.0917
38.3923 41.5917
38.3923 41.5917
38.8538 42.0917
38.8538 42.0917
38.8538 42.0917
38.8538 42.0917
39.3154 42.5917
39.7769 43.0917
39.7769 43.0917
39.7769 43.0917
40.0077 43.3417
40.2385 43.5917
40.2385 43.5917
40.4692 43.8417
40.7 44.0917
40.7 44.0917
40.7 44.0917
40.7 44.0917
40.7 44.0917
41.1615 44.5917
41.6231 45.0917
41.6231 45.0917
41.6231 45.0917
41.6231 45.0917
42.0846 45.5917
42.0846 45.5917
42.5462 46.0917
42.5462 46.0917
42.5462 46.0917
42.5462 46.0917
42.5462 46.0917
43.0077 46.5917
43.4692 47.0917
43.4692 47.0917
43.4692 47.0917
43.4692 47.0917
43.7 47.3417
43.9308 47.5917
43.9308 47.5917
44.1615 47.8417
44.3923 48.0917
44.3923 48.0917
44.3923 48.0917
44.3923 48.0917
45.3154 49.0917
45.3154 49.0917
45.3154 49.0917
45.3154 49.0917
45.7769 49.5917
45.7769 49.5917
46.2385 50.0917
46.2385 50.0917
46.2385 50.0917
46.2385 50.0917
46.7 50.5917
46.9308 50.8417
47.1615 51.0917
47.1615 51.0917
47.1615 51.0917
47.3923 51.3417
47.6231 51.5917
47.6231 51.5917
48.0846 52.0917
48.0846 52.0917
48.0846 52.0917
48.0846 52.0917
48.5462 52.5917
48.7769 52.8417
49.0077 53.0917
49.0077 53.0917
49.0077 53.0917
49.0077 53.0917
49.2385 53.3417
49.4692 53.5917
49.9308 54.0917
49.9308 54.0917
49.9308 54.0917
49.9308 54.0917
50.3923 54.5917
50.6231 54.8417
50.8539 55.0917
50.8539 55.0917
50.8539 55.0917
51.0846 55.3417
51.3154 55.5917
51.3154 55.5917
51.5462 55.8417
51.7769 56.0917
51.7769 56.0917
51.7769 56.0917
51.7769 56.0917
52.0077 56.3417
52.2385 56.5917
52.4692 56.8417
52.7 57.0917
52.7 57.0917
52.7 57.0917
52.9308 57.3417
53.1615 57.5917
53.3923 57.8417
53.6231 58.0917
53.6231 58.0917
53.6231 58.0917
53.6231 58.0917
53.8539 58.3417
54.0846 58.5917
54.3154 58.8417
54.5462 59.0917
54.5462 59.0917
54.5462 59.0917
54.7769 59.3417
55.0077 59.5917
55.0077 59.5917
55.2385 59.8417
55.4692 60.0917
55.4692 60.0917
55.4692 60.0917
55.4692 60.0917
55.9308 60.5917
55.9308 60.5917
56.3923 61.0917
56.3923 61.0917
56.3923 61.0917
56.6231 61.3417
56.8539 61.5917
57.3154 62.0917
57.3154 62.0917
57.3154 62.0917
57.3154 62.0917
57.7769 62.5917
58.0077 62.8417
58.2385 63.0917
58.2385 63.0917
58.2385 63.0917
58.4692 63.3417
58.7 63.5917
58.7 63.5917
58.9308 63.8417
59.1615 64.0917
59.1615 64.0917
59.1615 64.0917
59.1615 64.0917
59.6231 64.5917
59.6231 64.5917
60.0846 65.0917
60.0846 65.0917
60.0846 65.0917
60.5462 65.5917
60.5462 65.5917
60.7769 65.8417
61.0077 66.0917
61.0077 66.0917
61.0077 66.0917
61.7 66.8417
61.9308 67.0917
61.9308 67.0917
61.9308 67.0917
61.9308 67.0917
62.1615 67.3417
62.3923 67.5917
62.3923 67.5917
62.6231 67.8417
62.8539 68.0917
62.8539 68.0917
62.8539 68.0917
62.8539 68.0917
63.3154 68.5917
63.3154 68.5917
63.5462 68.8417
63.7769 69.0917
63.7769 69.0917
64.0077 69.3417
64.2385 69.5917
64.2385 69.5917
64.7 70.0917
64.7 70.0917
64.7 70.0917
64.7 70.0917
65.1615 70.5917
65.3923 70.8417
65.6231 71.0917
65.6231 71.0917
65.6231 71.0917
65.8539 71.3417
66.0846 71.5917
66.0846 71.5917
66.3154 71.8417
66.5462 72.0917
66.5462 72.0917
66.5462 72.0917
66.5462 72.0917
66.7769 72.3417
67.0077 72.5917
67.2385 72.8417
67.4692 73.0917
67.4692 73.0917
67.4692 73.0917
67.7 73.3417
67.9308 73.5917
67.9308 73.5917
68.1615 73.8417
68.3923 74.0917
68.3923 74.0917
68.3923 74.0917
68.3923 74.0917
68.6231 74.3417
68.8539 74.5917
69.0846 74.8417
69.3154 75.0917
69.3154 75.0917
69.3154 75.0917
69.5462 75.3417
69.7769 75.5917
69.7769 75.5917
70.0077 75.8417
70.0077 75.8417
70.2385 76.0917
70.2385 76.0917
70.2385 76.0917
70.2385 76.0917
70.7 76.5917
70.7 76.5917
71.1615 77.0917
71.1615 77.0917
71.1615 77.0917
71.3923 77.3417
71.6231 77.5917
72.0846 78.0917
72.0846 78.0917
72.0846 78.0917
72.0846 78.0917
72.5462 78.5917
72.7769 78.8417
73.0077 79.0917
73.0077 79.0917
73.0077 79.0917
73.2385 79.3417
73.4692 79.5917
73.4692 79.5917
73.7 79.8417
73.9308 80.0917
73.9308 80.0917
73.9308 80.0917
73.9308 80.0917
74.3923 80.5917
74.3923 80.5917
74.8539 81.0917
74.8539 81.0917
74.8539 81.0917
75.3154 81.5917
75.3154 81.5917
75.5462 81.8417
75.7769 82.0917
75.7769 82.0917
75.7769 82.0917
76.2385 82.5917
76.4692 82.8417
76.4692 82.8417
76.7 83.0917
76.7 83.0917
76.7 83.0917
76.9308 83.3417
77.1615 83.5917
77.1615 83.5917
77.3923 83.8417
77.6231 84.0917
77.6231 84.0917
77.6231 84.0917
77.6231 84.0917
77.8539 84.3417
78.0846 84.5917
78.3154 84.8417
78.5462 85.0917
78.5462 85.0917
78.5462 85.0917
78.7654 85.3292
78.7673 85.3312
78.7769 85.3417
78.9654 85.5458
79.2019 85.8021
79.2385 85.8417
79.4692 86.0917
79.4692 86.0917
79.4692 86.0917
79.4692 86.0917
79.4769 86.1
79.9308 86.5917
80.1615 86.8417
80.3923 87.0917
80.3923 87.0917
80.3923 87.0917
80.3923 87.0917
80.8539 87.5917
80.8539 87.5917
80.8539 87.5917
80.8539 87.5917
80.8577 87.5958
81.0846 87.8417
81.3154 88.0917
81.3154 88.0917
81.3154 88.0917
81.5462 88.3417
81.7769 88.5917
81.7769 88.5917
82.2385 89.0917
82.2385 89.0917
82.4692 89.3417
82.4692 89.3417
82.7 89.5917
82.7 89.5917
82.9308 89.8417
83.1615 90.0917
83.1615 90.0917
83.3923 90.3417
83.6231 90.5917
83.6231 90.5917
83.8539 90.8417
84.0846 91.0917
84.3154 91.3417
84.5462 91.5917
84.5462 91.5917
84.7769 91.8417
85.0077 92.0917
85.2385 92.3417
85.2385 92.3417
85.4692 92.5917
85.4692 92.5917
85.7 92.8417
85.7 92.8417
85.9308 93.0917
85.9308 93.0917
86.1615 93.3417
86.1615 93.3417
86.3923 93.5917
86.3923 93.5917
86.6231 93.8417
86.6231 93.8417
86.8539 94.0917
86.8539 94.0917
87.0846 94.3417
87.0846 94.3417
87.3154 94.5917
87.5462 94.8417
87.5462 94.8417
87.7769 95.0917
87.7769 95.0917
88.0077 95.3417
88.0077 95.3417
88.075 95.4146
88.2385 95.5917
88.2385 95.5917
88.2385 95.5917
88.2692 95.625
88.4692 95.8417
88.7 96.0917
88.7039 96.0958
88.9308 96.3417
89.1615 96.5917
89.3923 96.8417
89.6231 97.0917
90.0769 97.5833
90.0846 97.5917
90.0846 97.5917
90.3154 97.8417
90.3154 97.8417
90.5462 98.0917
90.7769 98.3417
90.7769 98.3417
91.0077 98.5917
91.2385 98.8417
91.2385 98.8417
91.4962 99.1208
91.7 99.3417
91.7 99.3417
91.7019 99.3438
91.9289 99.5896
91.9308 99.5917
91.9308 99.5917
92.1615 99.8417
92.1615 99.8417
92.3923 100.092
92.4 100.1
92.6231 100.342
92.8539 100.592
92.8539 100.592
93.0846 100.842
93.3154 101.092
93.3154 101.092
93.5462 101.342
93.5462 101.342
93.7769 101.592
93.7769 101.592
94.2385 102.092
94.4692 102.342
94.7 102.592
94.7 102.592
94.9308 102.842
94.9308 102.842
94.9346 102.846
95.1577 103.088
95.1615 103.092
95.3846 103.333
95.3923 103.342
95.3923 103.342
95.6192 103.588
95.6231 103.592
95.8385 103.825
95.8539 103.842
95.8539 103.842
96.0846 104.092
96.0846 104.092
96.0846 104.092
96.0865 104.094
96.3154 104.342
96.3154 104.342
96.5462 104.592
96.5462 104.592
96.7769 104.842
96.7769 104.842
97.0077 105.092
97.0077 105.092
97.0077 105.092
97.0077 105.092
97.2385 105.342
97.4692 105.592
97.7 105.842
97.9308 106.092
97.9308 106.092
97.9308 106.092
97.9308 106.092
97.9308 106.092
98.3923 106.592
98.3923 106.592
98.6231 106.842
98.8539 107.092
98.8539 107.092
98.8539 107.092
99.0846 107.342
99.3154 107.592
99.3154 107.592
99.5462 107.842
99.7769 108.092
99.7769 108.092
99.7769 108.092
99.7769 108.092
100.008 108.342
100.238 108.592
100.238 108.592
100.469 108.842
100.7 109.092
100.7 109.092
100.7 109.092
100.7 109.092
100.931 109.342
101.162 109.592
101.392 109.842
101.623 110.092
101.623 110.092
101.623 110.092
101.623 110.092
101.623 110.092
102.085 110.592
102.085 110.592
102.315 110.842
102.546 111.092
102.546 111.092
102.546 111.092
102.777 111.342
103.008 111.592
103.008 111.592
103.238 111.842
103.469 112.092
103.469 112.092
103.469 112.092
103.7 112.342
103.931 112.592
104.162 112.842
104.392 113.092
104.392 113.092
104.392 113.092
104.392 113.092
104.623 113.342
104.854 113.592
105.085 113.842
105.315 114.092
105.315 114.092
105.315 114.092
105.315 114.092
105.777 114.592
105.777 114.592
106.008 114.842
106.238 115.092
106.238 115.092
106.469 115.342
106.7 115.592
106.7 115.592
106.931 115.842
107.162 116.092
107.162 116.092
107.392 116.342
107.623 116.592
107.623 116.592
107.854 116.842
108.085 117.092
108.085 117.092
108.315 117.342
108.546 117.592
108.546 117.592
108.777 117.842
109.008 118.092
109.008 118.092
109.008 118.092
109.469 118.592
109.7 118.842
109.931 119.092
109.931 119.092
110.162 119.342
110.162 119.342
110.392 119.592
110.854 120.092
110.854 120.092
110.854 120.092
110.854 120.092
111.315 120.592
111.546 120.842
111.777 121.092
111.777 121.092
112.238 121.592
112.7 122.092
113.623 123.092
113.854 123.342
114.085 123.592
114.315 123.842
114.546 124.092
114.546 124.092
114.546 124.092
114.546 124.092
115.008 124.592
115.469 125.092
115.469 125.092
115.469 125.092
115.469 125.092
115.931 125.592
115.931 125.592
116.392 126.092
116.392 126.092
116.392 126.092
116.392 126.092
116.854 126.592
117.085 126.842
117.315 127.092
117.315 127.092
117.546 127.342
117.546 127.342
117.777 127.592
117.777 127.592
118.008 127.842
118.008 127.842
118.238 128.092
118.238 128.092
118.7 128.592
119.162 129.092
119.162 129.092
119.392 129.342
119.623 129.592
119.623 129.592
119.854 129.842
120.085 130.092
120.085 130.092
120.315 130.342
120.546 130.592
120.777 130.842
121.008 131.092
121.008 131.092
121.238 131.342
121.238 131.342
121.469 131.592
121.469 131.592
121.469 131.592
121.7 131.842
121.931 132.092
121.931 132.092
121.931 132.092
121.931 132.092
122.854 133.092
122.854 133.092
122.854 133.092
122.854 133.092
123.315 133.592
123.315 133.592
123.777 134.092
123.777 134.092
123.777 134.092
123.777 134.092
124.238 134.592
124.469 134.842
124.7 135.092
124.7 135.092
124.7 135.092
124.931 135.342
125.162 135.592
125.162 135.592
125.623 136.092
125.623 136.092
125.623 136.092
125.623 136.092
126.085 136.592
126.315 136.842
126.546 137.092
126.546 137.092
126.546 137.092
126.546 137.092
126.777 137.342
127.008 137.592
127.469 138.092
127.469 138.092
127.469 138.092
127.7 138.342
127.931 138.592
128.162 138.842
128.162 138.842
128.392 139.092
128.392 139.092
128.623 139.342
128.623 139.342
128.854 139.592
128.854 139.592
129.085 139.842
129.315 140.092
129.315 140.092
129.315 140.092
129.315 140.092
129.546 140.342
129.777 140.592
130.008 140.842
130.238 141.092
130.238 141.092
130.238 141.092
130.469 141.342
130.7 141.592
130.931 141.842
131.162 142.092
131.162 142.092
131.162 142.092
131.162 142.092
131.392 142.342
131.623 142.592
131.854 142.842
132.085 143.092
132.085 143.092
132.085 143.092
132.315 143.342
132.546 143.592
132.546 143.592
132.777 143.842
133.008 144.092
133.008 144.092
133.008 144.092
133.008 144.092
133.469 144.592
133.469 144.592
133.931 145.092
133.931 145.092
133.931 145.092
134.162 145.342
134.392 145.592
134.854 146.092
134.854 146.092
134.854 146.092
134.854 146.092
135.315 146.592
135.546 146.842
135.777 147.092
135.777 147.092
135.777 147.092
136.008 147.342
136.238 147.592
136.238 147.592
136.469 147.842
136.7 148.092
136.7 148.092
136.7 148.092
136.931 148.342
137.162 148.592
137.162 148.592
137.392 148.842
137.623 149.092
137.623 149.092
138.085 149.592
138.315 149.842
138.546 150.092
138.777 150.342
139.008 150.592
139.238 150.842
139.238 150.842
139.469 151.092
139.469 151.092
139.7 151.342
139.7 151.342
139.931 151.592
139.931 151.592
140.162 151.842
140.162 151.842
140.392 152.092
140.392 152.092
140.392 152.092
140.392 152.092
140.854 152.592
140.854 152.592
141.085 152.842
141.315 153.092
141.315 153.092
141.546 153.342
141.777 153.592
141.777 153.592
142.238 154.092
142.238 154.092
142.238 154.092
142.238 154.092
142.7 154.592
142.931 154.842
143.162 155.092
143.162 155.092
143.162 155.092
143.392 155.342
143.623 155.592
143.623 155.592
143.854 155.842
144.085 156.092
144.085 156.092
144.085 156.092
144.085 156.092
144.315 156.342
144.546 156.592
144.777 156.842
145.008 157.092
145.008 157.092
145.008 157.092
145.238 157.342
145.469 157.592
145.469 157.592
145.7 157.842
145.931 158.092
145.931 158.092
145.931 158.092
145.931 158.092
146.162 158.342
146.392 158.592
146.623 158.842
146.854 159.092
146.854 159.092
146.854 159.092
147.085 159.342
147.315 159.592
147.315 159.592
147.546 159.842
147.546 159.842
147.777 160.092
147.777 160.092
148.008 160.342
148.238 160.592
148.238 160.592
148.469 160.842
148.7 161.092
148.7 161.092
148.931 161.342
148.931 161.342
149.162 161.592
149.623 162.092
149.623 162.092
149.623 162.092
149.623 162.092
150.085 162.592
150.315 162.842
150.546 163.092
150.546 163.092
150.546 163.092
150.777 163.342
151.008 163.592
151.008 163.592
151.238 163.842
151.469 164.092
151.469 164.092
151.469 164.092
151.469 164.092
151.931 164.592
151.931 164.592
152.392 165.092
152.392 165.092
152.392 165.092
152.854 165.592
153.085 165.842
153.315 166.092
153.315 166.092
153.315 166.092
153.777 166.592
154.008 166.842
154.008 166.842
154.238 167.092
154.238 167.092
154.238 167.092
154.469 167.342
154.7 167.592
154.7 167.592
154.931 167.842
155.162 168.092
155.162 168.092
155.162 168.092
155.162 168.092
155.392 168.342
155.623 168.592
155.854 168.842
156.085 169.092
156.085 169.092
156.085 169.092
156.315 169.342
156.546 169.592
156.777 169.842
157.008 170.092
157.008 170.092
157.238 170.342
157.469 170.592
157.7 170.842
157.7 170.842
157.7 170.842
157.931 171.092
157.931 171.092
157.931 171.092
157.931 171.092
158.162 171.342
158.162 171.342
158.392 171.592
158.392 171.592
158.392 171.592
158.392 171.592
158.623 171.842
158.854 172.092
158.854 172.092
158.854 172.092
158.854 172.092
158.854 172.092
158.854 172.092
158.854 172.092
159.085 172.342
159.315 172.592
159.546 172.842
159.777 173.092
159.777 173.092
159.777 173.092
159.777 173.092
160.008 173.342
160.238 173.592
160.469 173.842
160.7 174.092
160.7 174.092
160.7 174.092
160.7 174.092
160.7 174.092
160.931 174.342
161.162 174.592
161.392 174.842
161.623 175.092
161.623 175.092
161.623 175.092
161.623 175.092
161.854 175.342
162.085 175.592
162.085 175.592
162.315 175.842
162.546 176.092
162.546 176.092
162.546 176.092
162.546 176.092
163.008 176.592
163.008 176.592
163.469 177.092
163.469 177.092
163.469 177.092
163.7 177.342
163.931 177.592
164.392 178.092
164.392 178.092
164.623 178.342
164.854 178.592
165.085 178.842
165.315 179.092
165.315 179.092
165.546 179.342
165.777 179.592
165.777 179.592
166.008 179.842
166.008 179.842
166.238 180.092
166.238 180.092
166.238 180.092
166.469 180.342
166.7 180.592
166.7 180.592
167.162 181.092
167.162 181.092
167.392 181.342
167.623 181.592
167.623 181.592
167.854 181.842
168.085 182.092
168.085 182.092
168.085 182.092
168.777 182.842
169.008 183.092
169.008 183.092
169.008 183.092
169.008 183.092
169.238 183.342
169.469 183.592
169.469 183.592
169.7 183.842
169.931 184.092
169.931 184.092
169.931 184.092
169.931 184.092
170.392 184.592
170.392 184.592
170.623 184.842
170.854 185.092
170.854 185.092
171.085 185.342
171.315 185.592
171.315 185.592
171.777 186.092
171.777 186.092
172.008 186.342
172.238 186.592
172.469 186.842
172.469 186.842
172.7 187.092
172.7 187.092
172.931 187.342
172.931 187.342
173.162 187.592
173.162 187.592
173.392 187.842
173.392 187.842
173.623 188.092
173.623 188.092
173.623 188.092
173.623 188.092
173.854 188.342
174.085 188.592
174.315 188.842
174.546 189.092
174.546 189.092
174.546 189.092
174.777 189.342
175.008 189.592
175.008 189.592
175.238 189.842
175.469 190.092
175.469 190.092
175.469 190.092
175.469 190.092
175.7 190.342
175.931 190.592
176.162 190.842
176.392 191.092
176.392 191.092
176.392 191.092
176.623 191.342
176.854 191.592
176.854 191.592
177.085 191.842
177.085 191.842
177.315 192.092
177.315 192.092
177.315 192.092
177.315 192.092
177.777 192.592
177.777 192.592
178.238 193.092
178.238 193.092
178.238 193.092
178.469 193.342
178.7 193.592
179.162 194.092
179.162 194.092
179.392 194.342
179.854 194.842
179.854 194.842
180.085 195.092
180.085 195.092
180.315 195.342
180.315 195.342
180.546 195.592
180.546 195.592
180.777 195.842
181.008 196.092
181.008 196.092
181.238 196.342
181.469 196.592
181.469 196.592
181.7 196.842
181.931 197.092
182.162 197.342
182.392 197.592
182.392 197.592
182.623 197.842
182.623 197.842
182.854 198.092
182.854 198.092
182.854 198.092
183.315 198.592
183.546 198.842
183.546 198.842
183.777 199.092
183.777 199.092
183.777 199.092
184.008 199.342
184.238 199.592
184.238 199.592
184.469 199.842
184.7 200.092
184.7 200.092
184.7 200.092
184.7 200.092
184.931 200.342
185.162 200.592
185.392 200.842
185.623 201.092
185.623 201.092
185.623 201.092
185.854 201.342
186.085 201.592
186.315 201.842
186.546 202.092
186.546 202.092
186.546 202.092
186.546 202.092
187.008 202.592
187.238 202.842
187.469 203.092
187.469 203.092
187.469 203.092
187.469 203.092
187.931 203.592
187.931 203.592
187.931 203.592
187.931 203.592
188.392 204.092
188.392 204.092
188.392 204.092
188.392 204.092
188.392 204.092
188.854 204.592
189.315 205.092
189.315 205.092
189.315 205.092
189.777 205.592
190.238 206.092
190.238 206.092
190.238 206.092
190.7 206.592
191.162 207.092
191.162 207.092
191.162 207.092
191.162 207.092
191.392 207.342
191.623 207.592
191.854 207.842
192.315 208.342
193.008 209.092
195.654 211.958
196.008 212.342
196.062 212.4
196.469 212.842
196.931 213.342
197.392 213.842
