0.566406 0.604167
0.826172 0.88125
1.1543 1.23125
1.49805 1.59792
1.49805 1.59792
1.49805 1.59792
1.49805 1.59792
1.49805 1.59792
1.49805 1.59792
1.50391 1.60417
2.91016 3.10417
3.14453 3.35417
3.37305 3.59792
3.37305 3.59792
3.37305 3.59792
3.37305 3.59792
3.37305 3.59792
3.37891 3.60417
3.84766 4.10417
5.01953 5.35417
5.24805 5.59792
5.24805 5.59792
5.24805 5.59792
5.24805 5.59792
5.24805 5.59792
5.25391 5.60417
6.66016 7.10417
6.89453 7.35417
7.12305 7.59792
7.12305 7.59792
7.12305 7.59792
7.12305 7.59792
7.12305 7.59792
7.59766 8.10417
8.06641 8.60417
8.99805 9.59792
8.99805 9.59792
8.99805 9.59792
8.99805 9.59792
9.00391 9.60417
9.47266 10.1042
9.94141 10.6042
10.4102 11.1042
10.873 11.5979
10.873 11.5979
10.873 11.5979
10.873 11.5979
10.8789 11.6042
11.3477 12.1042
11.8164 12.6042
12.2852 13.1042
12.748 13.5979
12.748 13.5979
12.748 13.5979
12.748 13.5979
12.7539 13.6042
14.1602 15.1042
14.3945 15.3542
14.623 15.5979
14.623 15.5979
14.623 15.5979
14.623 15.5979
14.623 15.5979
14.6289 15.6042
15.5605 16.5979
15.5605 16.5979
15.5605 16.5979
15.5664 16.6042
16.498 17.5979
16.498 17.5979
16.498 17.5979
16.498 17.5979
16.498 17.5979
16.5039 17.6042
18.373 19.5979
18.373 19.5979
18.373 19.5979
18.373 19.5979
18.373 19.5979
18.373 19.5979
19.7852 21.1042
20.248 21.5979
20.248 21.5979
20.248 21.5979
20.2539 21.6042
20.7168 22.0979
21.1855 22.5979
21.1855 22.5979
21.1855 22.5979
21.4258 22.8542
21.6543 23.0979
21.8945 23.3542
22.123 23.5979
22.123 23.5979
22.123 23.5979
22.123 23.5979
22.1289 23.6042
23.0605 24.5979
23.0605 24.5979
23.5293 25.0979
23.5352 25.1042
23.998 25.5979
23.998 25.5979
23.998 25.5979
23.998 25.5979
23.998 25.5979
24.0039 25.6042
24.9355 26.5979
24.9355 26.5979
24.9355 26.5979
25.1758 26.8542
25.6445 27.3542
25.873 27.5979
25.873 27.5979
25.873 27.5979
25.873 27.5979
25.873 27.5979
25.8789 27.6042
26.8105 28.5979
26.8105 28.5979
27.0449 28.8479
27.0508 28.8542
27.2793 29.0979
27.2852 29.1042
27.5195 29.3542
27.748 29.5979
27.748 29.5979
27.748 29.5979
27.748 29.5979
27.748 29.5979
27.7539 29.6042
28.6855 30.5979
28.6914 30.6042
28.9199 30.8479
28.9258 30.8542
29.1543 31.0979
29.3945 31.3542
29.623 31.5979
29.623 31.5979
29.623 31.5979
29.623 31.5979
29.6289 31.6042
30.5605 32.5979
30.5605 32.5979
30.5605 32.5979
31.0293 33.0979
31.0352 33.1042
31.2695 33.3542
31.498 33.5979
31.498 33.5979
31.498 33.5979
31.498 33.5979
31.9727 34.1042
32.4355 34.5979
32.4355 34.5979
32.4355 34.5979
33.373 35.5979
33.373 35.5979
33.373 35.5979
33.373 35.5979
33.3789 35.6042
34.3105 36.5979
34.3105 36.5979
34.3105 36.5979
34.3164 36.6042
34.7793 37.0979
35.248 37.5979
35.248 37.5979
35.248 37.5979
35.248 37.5979
36.1914 38.6042
36.6602 39.1042
37.123 39.5979
37.123 39.5979
37.123 39.5979
37.123 39.5979
37.1289 39.6042
37.5918 40.0979
38.0605 40.5979
38.0605 40.5979
38.0605 40.5979
38.5293 41.0979
38.7637 41.3479
38.998 41.5979
38.998 41.5979
38.998 41.5979
38.998 41.5979
39.4668 42.0979
39.4668 42.0979
39.9355 42.5979
39.9355 42.5979
40.4043 43.0979
40.6387 43.3479
40.873 43.5979
40.873 43.5979
40.873 43.5979
40.873 43.5979
40.873 43.5979
41.3418 44.0979
41.5762 44.3479
41.8105 44.5979
41.8105 44.5979
42.0449 44.8479
42.5137 45.3479
42.748 45.5979
42.748 45.5979
42.748 45.5979
42.748 45.5979
42.748 45.5979
43.6855 46.5979
43.6855 46.5979
43.6855 46.5979
43.6855 46.5979
43.6855 46.5979
44.623 47.5979
44.623 47.5979
44.623 47.5979
44.623 47.5979
44.623 47.5979
45.5605 48.5979
45.5605 48.5979
45.5605 48.5979
45.7949 48.8479
45.7949 48.8479
46.0293 49.0979
46.0293 49.0979
46.2637 49.3479
46.498 49.5979
46.498 49.5979
46.498 49.5979
46.498 49.5979
46.498 49.5979
46.498 49.5979
46.9668 50.0979
47.2012 50.3479
47.4355 50.5979
47.4355 50.5979
47.6699 50.8479
47.9043 51.0979
47.9043 51.0979
48.1387 51.3479
48.373 51.5979
48.373 51.5979
48.373 51.5979
48.373 51.5979
48.8418 52.0979
48.8418 52.0979
49.3105 52.5979
49.3105 52.5979
49.5449 52.8479
49.7793 53.0979
50.248 53.5979
50.248 53.5979
50.248 53.5979
50.248 53.5979
50.248 53.5979
50.248 53.5979
50.248 53.5979
50.4824 53.8479
50.7168 54.0979
50.9512 54.3479
51.1855 54.5979
51.1855 54.5979
51.1855 54.5979
51.1855 54.5979
51.1855 54.5979
51.4199 54.8479
51.6543 55.0979
51.6543 55.0979
52.123 55.5979
52.123 55.5979
52.123 55.5979
52.123 55.5979
52.1289 55.6042
52.3633 55.8542
52.5918 56.0979
52.5977 56.1042
52.8262 56.3479
53.0605 56.5979
53.0605 56.5979
53.0605 56.5979
53.0664 56.6042
53.2949 56.8479
53.2949 56.8479
53.3008 56.8542
53.5293 57.0979
53.5293 57.0979
53.5352 57.1042
53.7637 57.3479
53.998 57.5979
53.998 57.5979
53.998 57.5979
53.998 57.5979
54.0039 57.6042
54.2324 57.8479
54.2383 57.8542
54.4668 58.0979
54.4668 58.0979
54.4727 58.1042
54.7012 58.3479
54.9414 58.6042
55.1699 58.8479
55.1758 58.8542
55.4043 59.0979
55.4102 59.1042
55.6387 59.3479
55.834 59.5562
55.873 59.5979
55.873 59.5979
55.873 59.5979
55.873 59.5979
55.873 59.5979
55.873 59.5979
55.873 59.5979
56.0742 59.8125
56.334 60.0896
56.3418 60.0979
56.5762 60.3479
56.8105 60.5979
56.8105 60.5979
57.0449 60.8479
57.2793 61.0979
57.2793 61.0979
57.5137 61.3479
57.748 61.5979
57.748 61.5979
57.748 61.5979
57.748 61.5979
58.2168 62.0979
58.2168 62.0979
58.6855 62.5979
58.6855 62.5979
58.9199 62.8479
59.1543 63.0979
59.3887 63.3479
59.623 63.5979
59.623 63.5979
59.623 63.5979
59.623 63.5979
59.623 63.5979
60.0918 64.0979
60.3262 64.3479
60.5605 64.5979
60.5605 64.5979
60.5605 64.5979
61.0293 65.0979
61.498 65.5979
61.498 65.5979
61.498 65.5979
61.498 65.5979
61.498 65.5979
61.498 65.5979
61.9668 66.0979
62.2012 66.3479
62.2012 66.3479
62.4355 66.5979
62.4355 66.5979
62.4355 66.5979
62.9043 67.0979
63.373 67.5979
63.373 67.5979
63.373 67.5979
63.373 67.5979
63.373 67.5979
63.8125 68.0667
63.8418 68.0979
64.0664 68.3375
64.3105 68.5979
64.3105 68.5979
64.5449 68.8479
64.5449 68.8479
64.7793 69.0979
64.7793 69.0979
65.0137 69.3479
65.0137 69.3479
65.248 69.5979
65.248 69.5979
65.248 69.5979
65.248 69.5979
65.248 69.5979
65.7168 70.0979
65.9512 70.3479
66.1855 70.5979
66.1855 70.5979
66.1855 70.5979
66.6543 71.0979
66.6543 71.0979
66.8887 71.3479
67.123 71.5979
67.123 71.5979
67.123 71.5979
67.123 71.5979
68.0605 72.5979
68.0605 72.5979
68.0605 72.5979
68.5293 73.0979
68.7637 73.3479
68.998 73.5979
68.998 73.5979
68.998 73.5979
68.998 73.5979
68.998 73.5979
69.4668 74.0979
69.4668 74.0979
69.7012 74.3479
69.9355 74.5979
69.9355 74.5979
69.9355 74.5979
70.4043 75.0979
70.4043 75.0979
70.873 75.5979
70.873 75.5979
70.873 75.5979
70.873 75.5979
70.873 75.5979
71.8105 76.5979
71.8105 76.5979
71.8105 76.5979
71.8105 76.5979
72.748 77.5979
72.748 77.5979
72.748 77.5979
72.748 77.5979
72.748 77.5979
72.748 77.5979
72.748 77.5979
73.6855 78.5979
73.9199 78.8479
74.1543 79.0979
74.3887 79.3479
74.623 79.5979
74.623 79.5979
74.623 79.5979
74.623 79.5979
74.623 79.5979
75.3262 80.3479
75.5605 80.5979
75.5605 80.5979
75.5605 80.5979
75.7949 80.8479
75.7949 80.8479
76.0293 81.0979
76.0293 81.0979
76.2637 81.3479
76.498 81.5979
76.498 81.5979
76.498 81.5979
76.498 81.5979
76.9668 82.0979
77.2012 82.3479
77.2012 82.3479
77.4355 82.5979
77.6699 82.8479
77.6699 82.8479
77.9043 83.0979
77.9043 83.0979
78.1387 83.3479
78.373 83.5979
78.373 83.5979
78.373 83.5979
78.373 83.5979
78.373 83.5979
78.8418 84.0979
78.8418 84.0979
79.3105 84.5979
79.3105 84.5979
79.3105 84.5979
79.5449 84.8479
79.7793 85.0979
79.7793 85.0979
80.0137 85.3479
80.248 85.5979
80.248 85.5979
80.248 85.5979
80.248 85.5979
80.4824 85.8479
80.4824 85.8479
80.7168 86.0979
80.7227 86.1042
80.9512 86.3479
81.1855 86.5979
81.1855 86.5979
81.1914 86.6042
81.4199 86.8479
81.4199 86.8479
81.6543 87.0979
81.6602 87.1042
81.8945 87.3542
82.123 87.5979
82.123 87.5979
82.123 87.5979
82.123 87.5979
82.123 87.5979
82.5918 88.0979
82.5977 88.1042
82.8262 88.3479
82.8262 88.3479
83.0605 88.5979
83.0605 88.5979
83.0605 88.5979
83.0605 88.5979
83.2949 88.8479
83.5293 89.0979
83.5293 89.0979
83.7637 89.3479
83.998 89.5979
83.998 89.5979
83.998 89.5979
83.998 89.5979
84.4668 90.0979
84.4668 90.0979
84.7012 90.3479
84.9355 90.5979
84.9355 90.5979
85.1699 90.8479
85.4043 91.0979
85.6387 91.3479
85.873 91.5979
85.873 91.5979
85.873 91.5979
85.873 91.5979
85.873 91.5979
85.873 91.5979
86.3418 92.0979
86.5762 92.3479
86.5762 92.3479
86.8105 92.5979
86.8105 92.5979
86.8105 92.5979
87.2793 93.0979
87.2793 93.0979
87.5137 93.3479
87.748 93.5979
87.748 93.5979
87.748 93.5979
87.748 93.5979
88.2168 94.0979
88.2168 94.0979
88.2168 94.0979
88.6855 94.5979
88.6855 94.5979
88.6855 94.5979
88.6855 94.5979
88.9199 94.8479
89.1543 95.0979
89.1543 95.0979
89.1543 95.0979
89.1543 95.0979
89.3887 95.3479
89.623 95.5979
90.0918 96.0979
90.5605 96.5979
90.5605 96.5979
90.5605 96.5979
90.5605 96.5979
90.7949 96.8479
90.7949 96.8479
91.0293 97.0979
91.0293 97.0979
91.2637 97.3479
91.498 97.5979
91.498 97.5979
91.498 97.5979
91.498 97.5979
91.7383 97.8542
91.9668 98.0979
91.9727 98.1042
92.207 98.3542
92.4355 98.5979
92.4355 98.5979
92.4355 98.5979
92.6699 98.8479
92.6699 98.8479
92.9043 99.0979
92.9043 99.0979
93.1387 99.3479
93.373 99.5979
93.373 99.5979
93.373 99.5979
93.373 99.5979
93.373 99.5979
93.8418 100.098
94.3105 100.598
94.3105 100.598
94.3105 100.598
94.3105 100.598
94.3105 100.598
94.7793 101.098
95.0137 101.348
95.248 101.598
95.248 101.598
95.248 101.598
95.248 101.598
95.4824 101.848
96.1855 102.598
96.1855 102.598
96.4199 102.848
96.6543 103.098
96.8887 103.348
97.123 103.598
97.123 103.598
97.123 103.598
97.123 103.598
97.123 103.598
97.5918 104.098
97.8262 104.348
98.0605 104.598
98.0605 104.598
98.0605 104.598
98.5293 105.098
98.998 105.598
98.998 105.598
98.998 105.598
98.998 105.598
98.998 105.598
98.998 105.598
99.9355 106.598
99.9355 106.598
99.9355 106.598
99.9355 106.598
99.9355 106.598
100.873 107.598
100.873 107.598
100.873 107.598
100.873 107.598
100.873 107.598
101.342 108.098
101.348 108.104
101.582 108.354
101.811 108.598
102.285 109.104
102.52 109.354
102.748 109.598
102.748 109.598
103.223 110.104
103.457 110.354
104.16 111.104
104.16 111.104
104.623 111.598
104.623 111.598
104.623 111.598
104.623 111.598
104.623 111.598
104.629 111.604
104.629 111.604
105.098 112.104
105.332 112.354
105.561 112.598
105.561 112.598
105.561 112.598
106.498 113.598
106.498 113.598
106.498 113.598
106.498 113.598
106.498 113.598
107.207 114.354
107.324 114.479
107.436 114.598
107.436 114.598
107.436 114.598
107.441 114.604
107.676 114.854
108.145 115.354
108.373 115.598
108.373 115.598
108.373 115.598
108.373 115.598
108.373 115.598
108.379 115.604
109.311 116.598
109.311 116.598
109.779 117.098
110.248 117.598
110.248 117.598
110.248 117.598
110.248 117.598
110.254 117.604
110.957 118.354
111.186 118.598
111.186 118.598
111.895 119.354
112.123 119.598
112.123 119.598
112.123 119.598
112.123 119.598
112.129 119.604
112.129 119.604
112.592 120.098
113.061 120.598
113.061 120.598
113.066 120.604
113.301 120.854
113.77 121.354
113.998 121.598
113.998 121.598
113.998 121.598
113.998 121.598
114.004 121.604
114.936 122.598
114.936 122.598
115.404 123.098
115.41 123.104
115.645 123.354
115.873 123.598
115.873 123.598
115.873 123.598
115.873 123.598
116.348 124.104
116.811 124.598
116.811 124.598
117.279 125.098
117.748 125.598
117.748 125.598
117.748 125.598
117.748 125.598
117.754 125.604
118.217 126.098
118.686 126.598
118.686 126.598
118.686 126.598
118.691 126.604
119.154 127.098
119.623 127.598
119.623 127.598
119.623 127.598
119.623 127.598
119.623 127.598
120.566 128.604
121.035 129.104
121.498 129.598
121.498 129.598
121.498 129.598
121.498 129.598
121.504 129.604
121.967 130.098
122.436 130.598
122.436 130.598
122.436 130.598
122.904 131.098
123.139 131.348
123.373 131.598
123.373 131.598
123.373 131.598
123.373 131.598
123.842 132.098
123.842 132.098
124.311 132.598
124.311 132.598
124.779 133.098
125.014 133.348
125.248 133.598
125.248 133.598
125.248 133.598
125.248 133.598
125.248 133.598
125.717 134.098
125.951 134.348
126.186 134.598
126.186 134.598
126.42 134.848
126.889 135.348
127.123 135.598
127.123 135.598
127.123 135.598
127.123 135.598
127.123 135.598
128.061 136.598
128.061 136.598
128.061 136.598
128.061 136.598
128.061 136.598
128.998 137.598
128.998 137.598
128.998 137.598
128.998 137.598
128.998 137.598
129.936 138.598
129.936 138.598
129.936 138.598
130.17 138.848
130.17 138.848
130.404 139.098
130.404 139.098
130.639 139.348
130.873 139.598
130.873 139.598
130.873 139.598
130.873 139.598
130.873 139.598
130.873 139.598
131.342 140.098
131.576 140.348
131.811 140.598
131.811 140.598
132.045 140.848
132.279 141.098
132.279 141.098
132.514 141.348
132.748 141.598
132.748 141.598
132.748 141.598
132.748 141.598
133.217 142.098
133.217 142.098
133.686 142.598
133.686 142.598
133.92 142.848
134.154 143.098
134.623 143.598
134.623 143.598
134.623 143.598
134.623 143.598
134.623 143.598
134.623 143.598
134.623 143.598
134.857 143.848
135.092 144.098
135.326 144.348
135.561 144.598
135.561 144.598
135.561 144.598
135.561 144.598
135.561 144.598
135.795 144.848
136.029 145.098
136.029 145.098
136.498 145.598
136.498 145.598
136.498 145.598
136.498 145.598
136.504 145.604
136.738 145.854
136.967 146.098
136.973 146.104
137.201 146.348
137.436 146.598
137.436 146.598
137.436 146.598
137.441 146.604
137.67 146.848
137.67 146.848
137.676 146.854
137.904 147.098
137.904 147.098
137.91 147.104
138.139 147.348
138.373 147.598
138.373 147.598
138.373 147.598
138.373 147.598
138.379 147.604
138.607 147.848
138.613 147.854
138.842 148.098
138.842 148.098
138.848 148.104
139.076 148.348
139.316 148.604
139.545 148.848
139.551 148.854
139.779 149.098
139.785 149.104
140.014 149.348
140.209 149.556
140.248 149.598
140.248 149.598
140.248 149.598
140.248 149.598
140.248 149.598
140.248 149.598
140.248 149.598
140.449 149.812
140.709 150.09
140.717 150.098
140.951 150.348
141.186 150.598
141.186 150.598
141.42 150.848
141.654 151.098
141.654 151.098
141.889 151.348
142.123 151.598
142.123 151.598
142.123 151.598
142.123 151.598
142.592 152.098
142.592 152.098
143.061 152.598
143.061 152.598
143.295 152.848
143.529 153.098
143.764 153.348
143.998 153.598
143.998 153.598
143.998 153.598
143.998 153.598
143.998 153.598
144.467 154.098
144.701 154.348
144.936 154.598
144.936 154.598
144.936 154.598
145.404 155.098
145.873 155.598
145.873 155.598
145.873 155.598
145.873 155.598
145.873 155.598
145.873 155.598
146.342 156.098
146.576 156.348
146.576 156.348
146.811 156.598
146.811 156.598
146.811 156.598
147.279 157.098
147.748 157.598
147.748 157.598
147.748 157.598
147.748 157.598
147.748 157.598
148.188 158.067
148.217 158.098
148.441 158.338
148.686 158.598
148.686 158.598
148.92 158.848
148.92 158.848
149.154 159.098
149.154 159.098
149.389 159.348
149.389 159.348
149.623 159.598
149.623 159.598
149.623 159.598
149.623 159.598
149.623 159.598
150.092 160.098
150.326 160.348
150.561 160.598
150.561 160.598
150.561 160.598
151.029 161.098
151.029 161.098
151.264 161.348
151.498 161.598
151.498 161.598
151.498 161.598
151.498 161.598
152.436 162.598
152.436 162.598
152.436 162.598
152.904 163.098
153.139 163.348
153.373 163.598
153.373 163.598
153.373 163.598
153.373 163.598
153.373 163.598
153.842 164.098
153.842 164.098
154.076 164.348
154.311 164.598
154.311 164.598
154.311 164.598
154.779 165.098
154.779 165.098
155.248 165.598
155.248 165.598
155.248 165.598
155.248 165.598
155.248 165.598
156.186 166.598
156.186 166.598
156.186 166.598
156.186 166.598
157.123 167.598
157.123 167.598
157.123 167.598
157.123 167.598
157.123 167.598
157.123 167.598
157.123 167.598
158.061 168.598
158.295 168.848
158.529 169.098
158.764 169.348
158.998 169.598
158.998 169.598
158.998 169.598
158.998 169.598
158.998 169.598
159.701 170.348
159.936 170.598
159.936 170.598
159.936 170.598
160.17 170.848
160.17 170.848
160.404 171.098
160.404 171.098
160.639 171.348
160.873 171.598
160.873 171.598
160.873 171.598
160.873 171.598
161.342 172.098
161.576 172.348
161.576 172.348
161.811 172.598
162.045 172.848
162.045 172.848
162.279 173.098
162.279 173.098
162.514 173.348
162.748 173.598
162.748 173.598
162.748 173.598
162.748 173.598
162.748 173.598
163.217 174.098
163.217 174.098
163.686 174.598
163.686 174.598
163.686 174.598
163.92 174.848
164.154 175.098
164.154 175.098
164.389 175.348
164.623 175.598
164.623 175.598
164.623 175.598
164.623 175.598
164.857 175.848
164.857 175.848
165.092 176.098
165.098 176.104
165.326 176.348
165.561 176.598
165.561 176.598
165.566 176.604
165.795 176.848
165.795 176.848
166.029 177.098
166.035 177.104
166.27 177.354
166.498 177.598
166.498 177.598
166.498 177.598
166.498 177.598
166.498 177.598
166.967 178.098
166.973 178.104
167.201 178.348
167.201 178.348
167.436 178.598
167.436 178.598
167.436 178.598
167.436 178.598
167.67 178.848
167.904 179.098
167.904 179.098
168.139 179.348
168.373 179.598
168.373 179.598
168.373 179.598
168.373 179.598
168.842 180.098
168.842 180.098
169.076 180.348
169.311 180.598
169.311 180.598
169.545 180.848
169.779 181.098
170.014 181.348
170.248 181.598
170.248 181.598
170.248 181.598
170.248 181.598
170.248 181.598
170.248 181.598
170.717 182.098
170.951 182.348
170.951 182.348
171.186 182.598
171.186 182.598
171.186 182.598
171.654 183.098
171.654 183.098
171.889 183.348
172.123 183.598
172.123 183.598
172.123 183.598
172.123 183.598
172.592 184.098
172.592 184.098
172.592 184.098
173.061 184.598
173.061 184.598
173.061 184.598
173.061 184.598
173.295 184.848
173.529 185.098
173.529 185.098
173.529 185.098
173.529 185.098
173.764 185.348
173.998 185.598
174.467 186.098
174.936 186.598
174.936 186.598
174.936 186.598
174.936 186.598
175.17 186.848
175.17 186.848
175.404 187.098
175.404 187.098
175.639 187.348
175.873 187.598
175.873 187.598
175.873 187.598
175.873 187.598
176.113 187.854
176.342 188.098
176.348 188.104
176.582 188.354
176.811 188.598
176.811 188.598
176.811 188.598
177.045 188.848
177.045 188.848
177.279 189.098
177.279 189.098
177.514 189.348
177.748 189.598
177.748 189.598
177.748 189.598
177.748 189.598
177.748 189.598
178.217 190.098
178.686 190.598
178.686 190.598
178.686 190.598
178.686 190.598
178.686 190.598
179.154 191.098
179.389 191.348
179.623 191.598
179.623 191.598
179.623 191.598
179.623 191.598
179.857 191.848
180.561 192.598
180.561 192.598
180.795 192.848
181.029 193.098
181.264 193.348
181.498 193.598
181.498 193.598
181.498 193.598
181.498 193.598
181.498 193.598
181.967 194.098
182.201 194.348
182.436 194.598
182.436 194.598
182.436 194.598
182.904 195.098
183.373 195.598
183.373 195.598
183.373 195.598
183.373 195.598
183.373 195.598
183.373 195.598
183.607 195.848
184.311 196.598
184.311 196.598
184.311 196.598
184.311 196.598
185.248 197.598
185.248 197.598
185.248 197.598
185.248 197.598
185.717 198.098
185.723 198.104
185.723 198.104
185.957 198.354
185.957 198.354
186.186 198.598
186.186 198.598
186.66 199.104
186.66 199.104
186.895 199.354
186.895 199.354
187.123 199.598
187.123 199.598
187.123 199.598
187.123 199.598
187.123 199.598
187.592 200.098
187.592 200.098
187.592 200.098
187.598 200.104
187.598 200.104
187.832 200.354
187.832 200.354
188.061 200.598
188.061 200.598
188.061 200.598
188.061 200.598
188.061 200.598
188.061 200.598
188.529 201.098
188.529 201.098
188.529 201.098
188.529 201.098
188.535 201.104
188.535 201.104
188.998 201.598
188.998 201.598
188.998 201.598
188.998 201.598
188.998 201.598
189.004 201.604
189.004 201.604
189.43 202.058
189.467 202.098
189.467 202.098
189.676 202.321
189.701 202.348
189.936 202.598
189.936 202.598
190.404 203.098
190.404 203.098
190.609 203.317
190.639 203.348
190.873 203.598
190.873 203.598
190.873 203.598
190.873 203.598
191.342 204.098
191.342 204.098
191.549 204.319
191.576 204.348
191.797 204.583
191.811 204.598
191.811 204.598
191.811 204.598
192.279 205.098
192.279 205.098
192.514 205.348
192.748 205.598
192.748 205.598
192.748 205.598
192.748 205.598
192.748 205.598
193.217 206.098
193.217 206.098
193.42 206.315
193.451 206.348
193.666 206.577
193.686 206.598
193.686 206.598
194.154 207.098
194.154 207.098
194.389 207.348
194.396 207.356
194.623 207.598
194.623 207.598
194.623 207.598
194.623 207.598
195.092 208.098
195.305 208.325
195.326 208.348
195.561 208.598
195.561 208.598
195.561 208.598
196.029 209.098
196.029 209.098
196.029 209.098
196.264 209.348
196.498 209.598
196.498 209.598
196.498 209.598
196.498 209.598
196.498 209.598
196.967 210.098
196.967 210.098
197.201 210.348
197.436 210.598
197.436 210.598
197.436 210.598
197.67 210.848
198.373 211.598
198.373 211.598
198.373 211.598
198.373 211.598
198.373 211.598
199.076 212.348
199.311 212.598
199.311 212.598
199.311 212.598
199.311 212.598
199.545 212.848
200.014 213.348
200.248 213.598
200.248 213.598
200.248 213.598
200.248 213.598
200.248 213.598
200.248 213.598
201.186 214.598
201.186 214.598
201.186 214.598
202.123 215.598
202.123 215.598
202.123 215.598
202.123 215.598
202.123 215.598
203.061 216.598
203.295 216.848
203.529 217.098
203.764 217.348
203.998 217.598
203.998 217.598
203.998 217.598
203.998 217.598
203.998 217.598
204.701 218.348
204.936 218.598
204.936 218.598
204.936 218.598
205.17 218.848
205.17 218.848
205.404 219.098
205.404 219.098
205.639 219.348
205.873 219.598
205.873 219.598
205.873 219.598
205.873 219.598
206.342 220.098
206.576 220.348
206.576 220.348
206.811 220.598
207.045 220.848
207.045 220.848
207.279 221.098
207.279 221.098
207.514 221.348
207.748 221.598
207.748 221.598
207.748 221.598
207.748 221.598
207.748 221.598
208.217 222.098
208.217 222.098
208.686 222.598
208.686 222.598
208.686 222.598
208.92 222.848
209.154 223.098
209.154 223.098
209.389 223.348
209.623 223.598
209.623 223.598
209.623 223.598
209.623 223.598
209.857 223.848
209.857 223.848
210.092 224.098
210.098 224.104
210.326 224.348
210.332 224.354
210.561 224.598
210.561 224.598
210.566 224.604
210.795 224.848
210.795 224.848
211.029 225.098
211.035 225.104
211.27 225.354
211.498 225.598
211.498 225.598
211.498 225.598
211.498 225.598
211.498 225.598
211.738 225.854
211.967 226.098
212.201 226.348
212.201 226.348
212.436 226.598
212.436 226.598
212.436 226.598
212.436 226.598
212.67 226.848
212.904 227.098
212.904 227.098
213.139 227.348
213.373 227.598
213.373 227.598
213.373 227.598
213.373 227.598
213.842 228.098
213.842 228.098
214.076 228.348
214.311 228.598
214.311 228.598
214.545 228.848
214.779 229.098
215.014 229.348
215.248 229.598
215.248 229.598
215.248 229.598
215.248 229.598
215.248 229.598
215.248 229.598
215.717 230.098
215.951 230.348
215.951 230.348
216.186 230.598
216.186 230.598
216.186 230.598
216.42 230.848
216.654 231.098
216.889 231.348
217.123 231.598
217.123 231.598
217.123 231.598
217.123 231.598
217.592 232.098
217.592 232.098
217.592 232.098
218.061 232.598
218.061 232.598
218.061 232.598
218.061 232.598
218.295 232.848
218.529 233.098
218.529 233.098
218.529 233.098
218.529 233.098
218.764 233.348
218.998 233.598
219.451 234.081
219.467 234.098
219.936 234.598
219.936 234.598
219.936 234.598
219.936 234.598
220.17 234.848
220.17 234.848
220.404 235.098
220.404 235.098
220.639 235.348
220.873 235.598
220.873 235.598
220.873 235.598
220.873 235.598
221.074 235.812
221.303 236.056
221.342 236.098
221.811 236.598
221.811 236.598
221.811 236.598
222.045 236.848
222.045 236.848
222.279 237.098
222.279 237.098
222.514 237.348
222.748 237.598
222.748 237.598
222.748 237.598
222.748 237.598
222.748 237.598
223.217 238.098
223.686 238.598
223.686 238.598
223.686 238.598
223.686 238.598
223.686 238.598
224.154 239.098
224.389 239.348
224.623 239.598
224.623 239.598
224.623 239.598
224.623 239.598
224.857 239.848
225.561 240.598
225.561 240.598
225.795 240.848
226.029 241.098
226.264 241.348
226.498 241.598
226.498 241.598
226.498 241.598
226.498 241.598
226.498 241.598
226.967 242.098
227.201 242.348
227.436 242.598
227.436 242.598
227.436 242.598
227.904 243.098
228.373 243.598
228.373 243.598
228.373 243.598
228.373 243.598
228.373 243.598
228.373 243.598
228.607 243.848
229.311 244.598
229.311 244.598
229.311 244.598
229.311 244.598
230.248 245.598
230.248 245.598
230.248 245.598
230.248 245.598
230.248 245.598
230.248 245.598
230.723 246.104
230.957 246.354
231.186 246.598
231.186 246.598
231.186 246.598
231.66 247.104
231.895 247.354
232.123 247.598
232.123 247.598
232.123 247.598
232.598 248.104
233.061 248.598
233.061 248.598
233.061 248.598
233.066 248.604
233.535 249.104
233.764 249.348
233.998 249.598
233.998 249.598
233.998 249.598
233.998 249.598
233.998 249.598
234.004 249.604
234.467 250.098
234.701 250.348
235.404 251.098
235.861 251.585
235.863 251.588
235.865 251.59
235.867 251.592
235.869 251.594
235.873 251.598
236.811 252.598
238.217 254.098
238.412 254.306
238.832 254.754
239.301 255.254
239.693 255.673
240.104 256.11
240.518 256.552
240.939 257.002
241.352 257.442
241.803 257.923
242.297 258.45
242.826 259.015
242.865 259.056
242.93 259.125
242.965 259.163
243.008 259.208
243.16 259.371
