0.328358 0.366667
0.552239 0.616667
0.776119 0.866667
1.22388 1.36667
1.22388 1.36667
1.22388 1.36667
1.22388 1.36667
1.67164 1.86667
2.1194 2.36667
2.1194 2.36667
2.56716 2.86667
3.01492 3.36667
3.01492 3.36667
3.46269 3.86667
3.91045 4.36667
3.91045 4.36667
3.91045 4.36667
4.80597 5.36667
4.80597 5.36667
4.80597 5.36667
4.80597 5.36667
5.70149 6.36667
5.70149 6.36667
6.59701 7.36667
6.59701 7.36667
6.59701 7.36667
7.49253 8.36667
7.49253 8.36667
7.49253 8.36667
7.71641 8.61667
7.9403 8.86667
8.38806 9.36667
8.38806 9.36667
8.38806 9.36667
8.38806 9.36667
8.83582 9.86667
9.27798 10.3667
9.27798 10.3667
9.27798 10.3667
10.1603 11.3667
10.1603 11.3667
10.6015 11.8667
11.0427 12.3667
11.0427 12.3667
11.0427 12.3667
11.925 13.3667
11.925 13.3667
11.925 13.3667
11.925 13.3667
12.8074 14.3667
12.8074 14.3667
13.6897 15.3667
13.6897 15.3667
15.4544 17.3667
15.4544 17.3667
15.4544 17.3667
15.8956 17.8667
16.3416 18.3667
16.3416 18.3667
16.7894 18.8667
17.2371 19.3667
17.2371 19.3667
17.2371 19.3667
17.461 19.6167
17.6849 19.8667
17.6849 19.8667
17.9088 20.1167
18.1327 20.3667
18.1327 20.3667
18.3566 20.6167
18.5804 20.8667
19.0282 21.3667
19.0282 21.3667
19.476 21.8667
19.476 21.8667
19.6998 22.1167
19.9237 22.3667
19.9237 22.3667
20.3715 22.8667
20.8192 23.3667
20.8192 23.3667
21.267 23.8667
21.7148 24.3667
21.7148 24.3667
22.1625 24.8667
22.6103 25.3667
23.058 25.8667
23.5058 26.3667
23.5058 26.3667
23.9536 26.8667
24.4013 27.3667
24.4013 27.3667
24.4013 27.3667
24.6252 27.6167
24.8491 27.8667
24.8491 27.8667
25.073 28.1167
25.2968 28.3667
25.2968 28.3667
25.5207 28.6167
25.7446 28.8667
25.9685 29.1167
26.1924 29.3667
26.6401 29.8667
26.6401 29.8667
26.8625 30.1167
27.0831 30.3667
27.0831 30.3667
27.5242 30.8667
27.9654 31.3667
27.9654 31.3667
29.2889 32.8667
29.5095 33.1167
29.7301 33.3667
29.7301 33.3667
29.7301 33.3667
29.7301 33.3667
30.1713 33.8667
30.1713 33.8667
30.3919 34.1167
30.6125 34.3667
30.6125 34.3667
30.6125 34.3667
31.0536 34.8667
31.4948 35.3667
31.4948 35.3667
31.4948 35.3667
31.4948 35.3667
31.936 35.8667
31.936 35.8667
32.1566 36.1167
32.3772 36.3667
32.3772 36.3667
32.3772 36.3667
32.8183 36.8667
32.8183 36.8667
33.2595 37.3667
33.2595 37.3667
33.2595 37.3667
33.2595 37.3667
33.7007 37.8667
33.9213 38.1167
34.1419 38.3667
34.1419 38.3667
34.5831 38.8667
35.0242 39.3667
35.0242 39.3667
35.4654 39.8667
35.9066 40.3667
35.9066 40.3667
36.3478 40.8667
36.5683 41.1167
36.7889 41.3667
36.7889 41.3667
36.7889 41.3667
36.7889 41.3667
37.2301 41.8667
37.2301 41.8667
37.4507 42.1167
37.6713 42.3667
37.6713 42.3667
38.1125 42.8667
38.1125 42.8667
38.5536 43.3667
38.5536 43.3667
38.5536 43.3667
38.5536 43.3667
38.9948 43.8667
38.9948 43.8667
39.2154 44.1167
39.436 44.3667
39.436 44.3667
39.6566 44.6167
39.8772 44.8667
40.3232 45.3667
40.3232 45.3667
40.3232 45.3667
40.3232 45.3667
40.7709 45.8667
41.2187 46.3667
41.2187 46.3667
41.6665 46.8667
42.1142 47.3667
42.1142 47.3667
42.3381 47.6167
42.562 47.8667
42.7859 48.1167
43.0097 48.3667
43.0097 48.3667
43.4575 48.8667
43.9053 49.3667
43.9053 49.3667
43.9053 49.3667
44.353 49.8667
44.353 49.8667
44.8008 50.3667
44.8008 50.3667
44.8008 50.3667
44.8008 50.3667
45.2485 50.8667
45.2485 50.8667
45.4724 51.1167
45.4724 51.1167
45.6963 51.3667
45.6963 51.3667
45.6963 51.3667
45.6963 51.3667
45.6963 51.3667
46.1441 51.8667
46.5918 52.3667
46.8157 52.6167
47.0396 52.8667
47.2635 53.1167
47.4873 53.3667
47.4873 53.3667
47.4873 53.3667
47.4873 53.3667
47.4892 53.3687
47.9351 53.8667
47.9351 53.8667
48.3829 54.3667
48.3829 54.3667
48.3829 54.3667
48.8306 54.8667
49.2784 55.3667
49.2784 55.3667
49.2784 55.3667
49.2803 55.3687
49.7262 55.8667
50.1691 56.3667
50.1691 56.3667
50.1691 56.3667
50.1691 56.3667
50.3897 56.6167
50.6103 56.8667
50.8308 57.1167
51.0514 57.3667
51.0514 57.3667
51.0514 57.3667
51.0514 57.3667
51.0533 57.3687
51.4926 57.8667
51.4926 57.8667
51.9338 58.3667
51.9338 58.3667
51.9338 58.3667
51.9338 58.3667
52.375 58.8667
52.375 58.8667
52.3768 58.8687
52.8161 59.3667
52.8161 59.3667
52.8161 59.3667
52.8161 59.3667
52.818 59.3688
53.2573 59.8667
53.6985 60.3667
53.6985 60.3667
53.7003 60.3687
54.1397 60.8667
54.1397 60.8667
54.1415 60.8687
54.3603 61.1167
54.5808 61.3667
54.5808 61.3667
54.5808 61.3667
54.5808 61.3667
54.5827 61.3687
55.022 61.8667
55.022 61.8667
55.2426 62.1167
55.4632 62.3667
55.4632 62.3667
55.6838 62.6167
56.3455 63.3667
56.3455 63.3667
56.3455 63.3667
56.3455 63.3667
56.7867 63.8667
56.7867 63.8667
57.2279 64.3667
57.2279 64.3667
57.2279 64.3667
57.2279 64.3667
57.6691 64.8667
57.6691 64.8667
58.1103 65.3667
58.1103 65.3667
58.1103 65.3667
58.1103 65.3667
58.1103 65.3667
58.1121 65.3688
58.5514 65.8667
58.995 66.3667
58.995 66.3667
58.995 66.3667
59.4394 66.8667
59.8839 67.3667
59.8839 67.3667
59.8839 67.3667
59.8857 67.3688
60.7728 68.3667
60.7728 68.3667
60.7728 68.3667
60.7728 68.3667
60.7728 68.3667
60.7746 68.3688
60.995 68.6167
61.2172 68.8667
61.4394 69.1167
61.6617 69.3667
61.6617 69.3667
61.6617 69.3667
61.6617 69.3667
61.6635 69.3688
62.058 69.8125
62.1061 69.8667
62.3283 70.1167
62.5506 70.3667
62.5506 70.3667
62.5506 70.3667
62.7728 70.6167
62.995 70.8667
62.995 70.8667
63.2172 71.1167
63.2172 71.1167
63.4394 71.3667
63.4394 71.3667
63.4394 71.3667
63.4394 71.3667
63.4413 71.3688
63.8839 71.8667
63.8839 71.8667
64.3283 72.3667
64.3283 72.3667
64.3283 72.3667
64.5505 72.6167
64.7728 72.8667
64.7728 72.8667
64.995 73.1167
65.2172 73.3667
65.2172 73.3667
65.2172 73.3667
65.2172 73.3667
65.6617 73.8667
65.6617 73.8667
65.6617 73.8667
66.1061 74.3667
66.1061 74.3667
66.1061 74.3667
66.108 74.3688
66.5505 74.8667
66.5505 74.8667
66.995 75.3667
66.995 75.3667
66.995 75.3667
66.995 75.3667
66.9968 75.3688
67.4394 75.8667
67.8839 76.3667
67.8839 76.3667
67.8857 76.3688
68.3283 76.8667
68.3283 76.8667
68.3302 76.8688
68.5505 77.1167
68.7728 77.3667
68.7728 77.3667
68.7728 77.3667
68.7728 77.3667
68.7746 77.3688
69.2172 77.8667
69.2172 77.8667
69.4394 78.1167
69.6617 78.3667
69.6617 78.3667
70.0913 78.85
70.1061 78.8667
70.3228 79.1104
70.5505 79.3667
70.5505 79.3667
70.5505 79.3667
70.5505 79.3667
70.5524 79.3688
70.5691 79.3875
70.9857 79.8563
70.995 79.8667
71.2561 80.1604
71.4394 80.3667
71.4394 80.3667
71.4394 80.3667
71.6894 80.6479
71.8839 80.8667
72.2412 81.2667
72.3308 81.3667
72.3308 81.3667
72.3308 81.3667
72.3308 81.3667
72.3326 81.3688
72.7785 81.8667
73.2263 82.3667
73.2263 82.3667
73.2263 82.3667
73.2281 82.3688
73.674 82.8667
73.6759 82.8688
73.8979 83.1167
73.8979 83.1167
73.8979 83.1167
74.1218 83.3667
74.1218 83.3667
74.1218 83.3667
74.1218 83.3667
74.1237 83.3688
74.5696 83.8667
75.0155 84.3646
75.0173 84.3667
75.0173 84.3667
75.0173 84.3667
75.2281 84.6021
75.2412 84.6167
75.4483 84.8479
75.6572 85.0812
75.9128 85.3667
75.9128 85.3667
75.9128 85.3667
75.9128 85.3667
75.9128 85.3667
75.9147 85.3688
76.3606 85.8667
76.3606 85.8667
76.8084 86.3667
76.8084 86.3667
76.8084 86.3667
76.8084 86.3667
77.2561 86.8667
77.7039 87.3667
77.7039 87.3667
77.7039 87.3667
77.7039 87.3667
77.7057 87.3688
78.1516 87.8667
78.5994 88.3667
78.5994 88.3667
78.5994 88.3667
78.5994 88.3667
78.8233 88.6167
79.0472 88.8667
79.0472 88.8667
79.2695 89.1167
79.4901 89.3667
79.4901 89.3667
79.4901 89.3667
79.4901 89.3667
79.4901 89.3667
79.4919 89.3688
79.9313 89.8667
79.9313 89.8667
80.3725 90.3667
80.3725 90.3667
80.3725 90.3667
80.3725 90.3667
80.3743 90.3688
80.8136 90.8667
80.8136 90.8667
80.8155 90.8688
81.0342 91.1167
81.2548 91.3667
81.2548 91.3667
81.2548 91.3667
81.2566 91.3688
81.4754 91.6167
81.696 91.8667
81.9166 92.1167
82.1372 92.3667
82.1372 92.3667
82.1372 92.3667
82.3577 92.6167
82.5783 92.8667
82.5783 92.8667
82.7989 93.1167
82.7989 93.1167
83.0195 93.3667
83.0195 93.3667
83.0213 93.3688
83.4607 93.8667
83.4607 93.8667
83.6813 94.1167
83.9019 94.3667
83.9019 94.3667
84.1224 94.6167
84.343 94.8667
84.7842 95.3667
84.7842 95.3667
84.7842 95.3667
84.7842 95.3667
84.7842 95.3667
84.786 95.3688
85.2254 95.8667
85.2254 95.8667
85.446 96.1167
85.446 96.1167
85.446 96.1167
85.446 96.1167
85.6666 96.3667
85.6666 96.3667
85.6666 96.3667
85.6684 96.3688
85.8872 96.6167
86.1077 96.8667
86.5537 97.3667
86.5537 97.3667
86.5537 97.3667
86.5537 97.3667
86.5537 97.3667
86.5556 97.3688
87.0015 97.8667
87.4493 98.3667
87.4493 98.3667
87.4493 98.3667
87.897 98.8667
88.3448 99.3667
88.3448 99.3667
88.3448 99.3667
88.3448 99.3667
88.3467 99.3688
89.2403 100.367
89.2403 100.367
89.2403 100.367
89.2403 100.367
89.2422 100.369
89.4642 100.617
89.6881 100.867
89.912 101.117
90.1358 101.367
90.1358 101.367
90.1358 101.367
90.1358 101.367
90.1358 101.367
90.5836 101.867
90.5836 101.867
91.0314 102.367
91.0314 102.367
91.0314 102.367
91.0314 102.367
91.2552 102.617
91.4791 102.867
91.4791 102.867
91.7015 103.117
91.922 103.367
91.922 103.367
91.922 103.367
91.922 103.367
91.922 103.367
91.9239 103.369
92.3448 103.846
92.3632 103.867
92.8044 104.367
92.8044 104.367
92.8044 104.367
92.8044 104.367
93.025 104.617
93.2456 104.867
93.4662 105.117
93.6868 105.367
93.6868 105.367
93.6868 105.367
93.6868 105.367
93.6868 105.367
94.1279 105.867
94.1279 105.867
94.5691 106.367
94.5691 106.367
94.5691 106.367
94.5691 106.367
95.0103 106.867
95.0103 106.867
95.4515 107.367
95.4515 107.367
95.4515 107.367
95.4515 107.367
95.4515 107.367
95.8926 107.867
96.3338 108.367
96.3338 108.367
96.3338 108.367
96.775 108.867
96.775 108.867
96.9956 109.117
97.2162 109.367
97.2162 109.367
97.2162 109.367
97.2162 109.367
97.2162 109.367
97.6573 109.867
97.6573 109.867
97.8779 110.117
98.0985 110.367
98.0985 110.367
98.0985 110.367
98.5397 110.867
98.5746 110.906
98.7989 111.16
98.9809 111.367
98.9809 111.367
98.9809 111.367
98.9809 111.367
99.0323 111.425
99.422 111.867
99.5011 111.956
99.7676 112.258
99.8632 112.367
99.8632 112.367
99.8632 112.367
100.304 112.867
100.358 112.927
100.746 113.367
100.746 113.367
100.746 113.367
100.746 113.367
100.746 113.367
100.808 113.438
101.187 113.867
101.638 114.367
101.638 114.367
101.638 114.367
101.638 114.367
101.638 114.367
102.547 115.367
102.547 115.367
102.547 115.367
102.547 115.367
102.547 115.367
104.365 117.367
104.365 117.367
104.365 117.367
105.264 118.367
105.264 118.367
106.147 119.367
106.147 119.367
106.147 119.367
106.367 119.617
106.588 119.867
106.588 119.867
106.81 120.117
107.034 120.367
107.034 120.367
107.258 120.617
107.482 120.867
107.929 121.367
107.929 121.367
108.377 121.867
108.377 121.867
108.601 122.117
108.825 122.367
108.825 122.367
109.273 122.867
109.72 123.367
109.72 123.367
110.168 123.867
110.616 124.367
110.616 124.367
111.064 124.867
111.511 125.367
111.959 125.867
112.407 126.367
112.407 126.367
112.855 126.867
113.302 127.367
113.302 127.367
113.302 127.367
113.526 127.617
113.75 127.867
113.75 127.867
113.974 128.117
114.198 128.367
114.198 128.367
114.422 128.617
114.646 128.867
114.87 129.117
115.094 129.367
115.541 129.867
115.541 129.867
115.764 130.117
115.984 130.367
115.984 130.367
116.425 130.867
116.867 131.367
116.867 131.367
118.19 132.867
118.411 133.117
118.631 133.367
118.631 133.367
118.631 133.367
118.631 133.367
119.072 133.867
119.072 133.867
119.293 134.117
119.514 134.367
119.514 134.367
119.514 134.367
119.955 134.867
120.396 135.367
120.396 135.367
120.396 135.367
120.396 135.367
120.837 135.867
120.837 135.867
121.058 136.117
121.278 136.367
121.278 136.367
121.278 136.367
121.719 136.867
121.719 136.867
122.161 137.367
122.161 137.367
122.161 137.367
122.161 137.367
122.602 137.867
122.822 138.117
123.043 138.367
123.043 138.367
123.484 138.867
123.925 139.367
123.925 139.367
124.367 139.867
124.808 140.367
124.808 140.367
125.249 140.867
125.469 141.117
125.69 141.367
125.69 141.367
125.69 141.367
125.69 141.367
126.131 141.867
126.131 141.867
126.352 142.117
126.572 142.367
126.572 142.367
127.014 142.867
127.014 142.867
127.455 143.367
127.455 143.367
127.455 143.367
127.455 143.367
127.896 143.867
127.896 143.867
128.117 144.117
128.337 144.367
128.337 144.367
128.558 144.617
128.778 144.867
129.224 145.367
129.224 145.367
129.224 145.367
129.224 145.367
129.672 145.867
130.12 146.367
130.12 146.367
130.568 146.867
131.015 147.367
131.015 147.367
131.239 147.617
131.463 147.867
131.687 148.117
131.911 148.367
131.911 148.367
132.359 148.867
132.806 149.367
132.806 149.367
132.806 149.367
133.254 149.867
133.254 149.867
133.702 150.367
133.702 150.367
133.702 150.367
133.702 150.367
134.15 150.867
134.15 150.867
134.374 151.117
134.374 151.117
134.597 151.367
134.597 151.367
134.597 151.367
134.597 151.367
134.597 151.367
135.045 151.867
135.493 152.367
135.717 152.617
135.941 152.867
136.165 153.117
136.388 153.367
136.388 153.367
136.388 153.367
136.388 153.367
136.39 153.369
136.836 153.867
136.836 153.867
137.284 154.367
137.284 154.367
137.284 154.367
137.732 154.867
138.18 155.367
138.18 155.367
138.18 155.367
138.181 155.369
138.627 155.867
139.07 156.367
139.07 156.367
139.07 156.367
139.07 156.367
139.291 156.617
139.511 156.867
139.732 157.117
139.953 157.367
139.953 157.367
139.953 157.367
139.953 157.367
139.954 157.369
140.394 157.867
140.394 157.867
140.835 158.367
140.835 158.367
140.835 158.367
140.835 158.367
141.276 158.867
141.276 158.867
141.278 158.869
141.717 159.367
141.717 159.367
141.717 159.367
141.717 159.367
141.719 159.369
142.158 159.867
142.6 160.367
142.6 160.367
142.601 160.369
143.041 160.867
143.041 160.867
143.043 160.869
143.261 161.117
143.482 161.367
143.482 161.367
143.482 161.367
143.482 161.367
143.484 161.369
143.923 161.867
143.923 161.867
144.144 162.117
144.364 162.367
144.364 162.367
144.585 162.617
145.247 163.367
145.247 163.367
145.247 163.367
145.247 163.367
145.688 163.867
145.688 163.867
146.129 164.367
146.129 164.367
146.129 164.367
146.129 164.367
146.57 164.867
146.57 164.867
147.011 165.367
147.011 165.367
147.011 165.367
147.011 165.367
147.011 165.367
147.013 165.369
147.453 165.867
147.896 166.367
147.896 166.367
147.896 166.367
148.341 166.867
148.785 167.367
148.785 167.367
148.785 167.367
148.787 167.369
149.674 168.367
149.674 168.367
149.674 168.367
149.674 168.367
149.674 168.367
149.676 168.369
149.896 168.617
150.118 168.867
150.341 169.117
150.563 169.367
150.563 169.367
150.563 169.367
150.563 169.367
150.565 169.369
150.959 169.812
151.007 169.867
151.229 170.117
151.452 170.367
151.452 170.367
151.452 170.367
151.674 170.617
151.896 170.867
151.896 170.867
152.118 171.117
152.118 171.117
152.341 171.367
152.341 171.367
152.341 171.367
152.341 171.367
152.342 171.369
152.785 171.867
152.785 171.867
153.229 172.367
153.229 172.367
153.229 172.367
153.452 172.617
153.674 172.867
153.674 172.867
153.896 173.117
154.118 173.367
154.118 173.367
154.118 173.367
154.118 173.367
154.563 173.867
154.563 173.867
154.563 173.867
155.007 174.367
155.007 174.367
155.007 174.367
155.009 174.369
155.452 174.867
155.452 174.867
155.896 175.367
155.896 175.367
155.896 175.367
155.896 175.367
155.898 175.369
156.341 175.867
156.785 176.367
156.785 176.367
156.787 176.369
157.229 176.867
157.229 176.867
157.231 176.869
157.452 177.117
157.674 177.367
157.674 177.367
157.674 177.367
157.674 177.367
157.676 177.369
158.118 177.867
158.118 177.867
158.341 178.117
158.563 178.367
158.563 178.367
158.992 178.85
159.007 178.867
159.224 179.11
159.452 179.367
159.452 179.367
159.452 179.367
159.452 179.367
159.454 179.369
159.47 179.387
159.887 179.856
159.896 179.867
160.157 180.16
160.341 180.367
160.341 180.367
160.341 180.367
160.591 180.648
160.785 180.867
161.008 181.117
161.008 181.117
161.142 181.267
161.232 181.367
161.232 181.367
161.232 181.367
161.232 181.367
161.234 181.369
161.68 181.867
162.127 182.367
162.127 182.367
162.127 182.367
162.129 182.369
162.575 182.867
162.577 182.869
162.799 183.117
162.799 183.117
162.799 183.117
163.023 183.367
163.023 183.367
163.023 183.367
163.023 183.367
163.025 183.369
163.458 183.852
163.471 183.867
163.695 184.117
163.695 184.117
163.695 184.117
163.904 184.35
163.917 184.365
163.918 184.367
163.918 184.367
163.918 184.367
164.129 184.602
164.142 184.617
164.327 184.823
164.349 184.848
164.558 185.081
164.799 185.35
164.814 185.367
164.814 185.367
164.814 185.367
164.814 185.367
164.814 185.367
164.816 185.369
165.262 185.867
165.262 185.867
165.71 186.367
165.71 186.367
165.71 186.367
165.71 186.367
166.157 186.867
166.605 187.367
166.605 187.367
166.605 187.367
166.605 187.367
166.607 187.369
167.053 187.867
167.501 188.367
167.501 188.367
167.501 188.367
167.501 188.367
167.724 188.617
167.948 188.867
167.948 188.867
168.114 189.052
168.171 189.117
168.382 189.356
168.391 189.367
168.391 189.367
168.391 189.367
168.391 189.367
168.391 189.367
168.393 189.369
168.832 189.867
168.832 189.867
169.261 190.352
169.274 190.367
169.274 190.367
169.274 190.367
169.274 190.367
169.275 190.369
169.674 190.821
169.715 190.867
169.715 190.867
169.717 190.869
169.935 191.117
170.117 191.323
170.156 191.367
170.156 191.367
170.156 191.367
170.158 191.369
170.377 191.617
170.597 191.867
170.818 192.117
171.038 192.367
171.038 192.367
171.038 192.367
171.259 192.617
171.479 192.867
171.479 192.867
171.7 193.117
171.7 193.117
171.921 193.367
171.921 193.367
171.922 193.369
172.362 193.867
172.362 193.867
172.582 194.117
172.803 194.367
172.803 194.367
173.024 194.617
173.244 194.867
173.685 195.367
173.685 195.367
173.685 195.367
173.685 195.367
173.685 195.367
173.687 195.369
174.127 195.867
174.127 195.867
174.347 196.117
174.347 196.117
174.347 196.117
174.347 196.117
174.568 196.367
174.568 196.367
174.568 196.367
174.57 196.369
174.788 196.617
175.009 196.867
175.455 197.367
175.455 197.367
175.455 197.367
175.455 197.367
175.455 197.367
175.457 197.369
175.903 197.867
176.35 198.367
176.35 198.367
176.35 198.367
176.798 198.867
177.246 199.367
177.246 199.367
177.246 199.367
177.246 199.367
177.248 199.369
178.141 200.367
178.141 200.367
178.141 200.367
178.141 200.367
178.143 200.369
178.365 200.617
178.589 200.867
178.813 201.117
179.037 201.367
179.037 201.367
179.037 201.367
179.037 201.367
179.037 201.367
179.485 201.867
179.485 201.867
179.932 202.367
179.932 202.367
179.932 202.367
179.932 202.367
180.156 202.617
180.38 202.867
180.38 202.867
180.603 203.117
180.823 203.367
180.823 203.367
180.823 203.367
180.823 203.367
180.823 203.367
180.825 203.369
181.246 203.846
181.264 203.867
181.706 204.367
181.706 204.367
181.706 204.367
181.706 204.367
181.926 204.617
182.147 204.867
182.367 205.117
182.588 205.367
182.588 205.367
182.588 205.367
182.588 205.367
182.588 205.367
183.029 205.867
183.029 205.867
183.47 206.367
183.47 206.367
183.47 206.367
183.47 206.367
183.911 206.867
183.911 206.867
184.323 207.333
184.353 207.367
184.353 207.367
184.353 207.367
184.976 208.073
185.014 208.117
185.014 208.117
185.586 208.765
185.676 208.867
185.676 208.867
185.676 208.867
185.897 209.117
186.117 209.367
186.117 209.367
186.117 209.367
186.117 209.367
186.117 209.367
186.558 209.867
186.558 209.867
186.779 210.117
187 210.367
187 210.367
187 210.367
187.441 210.867
187.476 210.906
187.7 211.16
187.882 211.367
187.882 211.367
187.882 211.367
187.882 211.367
187.933 211.425
188.323 211.867
188.402 211.956
188.669 212.258
188.764 212.367
188.764 212.367
188.764 212.367
189.206 212.867
189.259 212.927
189.647 213.367
189.647 213.367
189.647 213.367
189.647 213.367
189.647 213.367
189.709 213.438
190.088 213.867
190.088 213.867
190.539 214.367
190.539 214.367
190.539 214.367
190.539 214.367
191.448 215.367
191.448 215.367
191.448 215.367
191.448 215.367
191.448 215.367
191.903 215.867
191.903 215.867
192.357 216.367
192.357 216.367
192.357 216.367
192.357 216.367
192.812 216.867
193.256 217.367
193.256 217.367
193.256 217.367
193.256 217.367
193.698 217.867
193.698 217.867
193.698 217.867
194.139 218.367
194.139 218.367
194.139 218.367
194.58 218.867
194.8 219.117
195.021 219.367
195.021 219.367
195.021 219.367
195.462 219.867
195.462 219.867
195.903 220.367
195.903 220.367
195.903 220.367
196.124 220.617
196.345 220.867
196.791 221.367
196.791 221.367
196.791 221.367
196.791 221.367
196.791 221.367
197.238 221.867
197.238 221.867
197.681 222.367
197.681 222.367
197.681 222.367
197.681 222.367
198.122 222.867
198.564 223.367
198.564 223.367
198.564 223.367
198.564 223.367
198.564 223.367
199.005 223.867
199.005 223.867
199.446 224.367
199.446 224.367
199.446 224.367
199.446 224.367
200.333 225.367
200.333 225.367
200.333 225.367
200.333 225.367
200.333 225.367
200.781 225.867
200.781 225.867
200.781 225.867
201.229 226.367
201.229 226.367
201.229 226.367
201.229 226.367
201.676 226.867
202.124 227.367
202.124 227.367
202.124 227.367
202.124 227.367
202.572 227.867
203.02 228.367
203.02 228.367
203.02 228.367
203.02 228.367
203.02 228.367
203.915 229.367
203.915 229.367
203.915 229.367
203.915 229.367
203.915 229.367
204.139 229.617
204.363 229.867
204.363 229.867
204.806 230.367
204.806 230.367
204.806 230.367
204.806 230.367
205.247 230.867
205.247 230.867
205.468 231.117
205.688 231.367
205.688 231.367
205.688 231.367
205.688 231.367
205.688 231.367
206.129 231.867
206.129 231.867
206.571 232.367
206.571 232.367
206.571 232.367
207.012 232.867
207.453 233.367
207.453 233.367
207.453 233.367
207.453 233.367
207.453 233.367
207.674 233.617
207.894 233.867
207.894 233.867
208.335 234.367
208.335 234.367
208.335 234.367
208.335 234.367
208.335 234.367
208.777 234.867
208.777 234.867
208.997 235.117
209.218 235.367
209.218 235.367
209.218 235.367
209.218 235.367
209.218 235.367
209.659 235.867
210.1 236.367
210.1 236.367
210.1 236.367
210.1 236.367
210.982 237.367
210.982 237.367
210.982 237.367
210.982 237.367
211.424 237.867
211.424 237.867
211.865 238.367
211.865 238.367
211.865 238.367
212.306 238.867
212.747 239.367
212.747 239.367
212.747 239.367
212.747 239.367
212.747 239.367
213.188 239.867
213.188 239.867
213.634 240.367
213.634 240.367
213.634 240.367
213.634 240.367
214.082 240.867
214.082 240.867
214.53 241.367
214.53 241.367
214.53 241.367
214.53 241.367
214.53 241.367
214.53 241.367
214.53 241.367
215.201 242.117
215.201 242.117
215.201 242.117
215.201 242.117
215.201 242.117
215.201 242.117
216.321 243.367
216.321 243.367
216.321 243.367
216.321 243.367
216.321 243.367
216.321 243.367
216.769 243.867
216.769 243.867
216.769 243.867
216.769 243.867
216.769 243.867
217.216 244.367
217.216 244.367
217.216 244.367
217.216 244.367
217.216 244.367
217.664 244.867
217.664 244.867
217.664 244.867
217.664 244.867
217.664 244.867
217.664 244.867
218.112 245.367
218.112 245.367
218.112 245.367
218.112 245.367
218.112 245.367
218.112 245.367
219.007 246.367
219.007 246.367
219.007 246.367
219.218 246.602
219.231 246.617
219.438 246.848
219.647 247.081
219.903 247.367
219.903 247.367
219.903 247.367
219.903 247.367
219.903 247.367
219.905 247.369
220.351 247.867
220.351 247.867
220.798 248.367
220.798 248.367
220.798 248.367
220.798 248.367
221.246 248.867
221.694 249.367
221.694 249.367
221.694 249.367
221.694 249.367
221.696 249.369
222.142 249.867
222.585 250.367
222.585 250.367
222.585 250.367
222.585 250.367
222.805 250.617
223.026 250.867
223.026 250.867
223.246 251.117
223.467 251.367
223.467 251.367
223.467 251.367
223.467 251.367
223.467 251.367
223.908 251.867
223.908 251.867
224.349 252.367
224.349 252.367
224.349 252.367
224.349 252.367
224.351 252.369
224.791 252.867
224.791 252.867
225.011 253.117
225.232 253.367
225.232 253.367
225.232 253.367
225.234 253.369
225.452 253.617
225.673 253.867
225.675 253.869
225.893 254.117
226.114 254.367
226.114 254.367
226.114 254.367
226.116 254.369
226.335 254.617
226.555 254.867
226.555 254.867
226.776 255.117
226.776 255.117
226.996 255.367
226.996 255.367
227.438 255.867
227.438 255.867
227.658 256.117
227.879 256.367
227.879 256.367
228.099 256.617
228.32 256.867
228.761 257.367
228.761 257.367
228.761 257.367
228.761 257.367
228.761 257.367
228.761 257.367
229.202 257.867
229.202 257.867
229.423 258.117
229.423 258.117
229.423 258.117
229.423 258.117
229.643 258.367
229.643 258.367
229.643 258.367
229.645 258.369
229.864 258.617
230.085 258.867
230.526 259.367
230.526 259.367
230.526 259.367
230.526 259.367
230.526 259.367
230.528 259.369
230.967 259.867
231.411 260.367
231.411 260.367
231.411 260.367
231.855 260.867
232.299 261.367
232.299 261.367
232.299 261.367
232.299 261.367
232.301 261.369
233.188 262.367
233.188 262.367
233.188 262.367
233.188 262.367
233.19 262.369
233.411 262.617
233.633 262.867
233.855 263.117
234.077 263.367
234.077 263.367
234.077 263.367
234.077 263.367
234.077 263.367
234.079 263.369
234.522 263.867
234.522 263.867
234.966 264.367
234.966 264.367
234.966 264.367
234.966 264.367
235.188 264.617
235.411 264.867
235.411 264.867
235.633 265.117
235.855 265.367
235.855 265.367
235.855 265.367
235.855 265.367
235.855 265.367
235.857 265.369
236.281 265.846
236.299 265.867
236.744 266.367
236.744 266.367
236.744 266.367
236.744 266.367
236.746 266.369
236.966 266.617
237.188 266.867
237.411 267.117
237.633 267.367
237.633 267.367
237.633 267.367
237.633 267.367
237.633 267.367
237.635 267.369
238.077 267.867
238.077 267.867
238.522 268.367
238.522 268.367
238.522 268.367
238.522 268.367
238.524 268.369
238.966 268.867
238.966 268.867
239.411 269.367
239.411 269.367
239.411 269.367
239.411 269.367
239.411 269.367
239.412 269.369
239.855 269.867
239.857 269.869
240.299 270.367
240.299 270.367
240.299 270.367
240.301 270.369
240.744 270.867
240.744 270.867
240.966 271.117
241.188 271.367
241.188 271.367
241.188 271.367
241.188 271.367
241.188 271.367
241.19 271.369
241.633 271.867
241.633 271.867
241.855 272.117
242.077 272.367
242.077 272.367
242.077 272.367
242.522 272.867
242.557 272.906
242.783 273.16
242.966 273.367
242.966 273.367
242.966 273.367
242.966 273.367
242.968 273.369
243.018 273.425
243.411 273.867
243.49 273.956
243.759 274.258
243.855 274.367
243.855 274.367
243.855 274.367
243.857 274.369
244.299 274.867
244.353 274.927
244.746 275.367
244.746 275.367
244.746 275.367
244.746 275.367
244.748 275.369
244.748 275.369
244.81 275.438
245.194 275.867
245.642 276.367
245.642 276.367
245.644 276.369
246.537 277.367
246.537 277.367
246.537 277.367
246.537 277.367
246.539 277.369
246.985 277.867
247.433 278.367
247.435 278.369
247.435 278.369
247.435 278.369
247.435 278.369
247.657 278.617
247.881 278.867
247.881 278.867
248.104 279.117
248.326 279.367
248.326 279.367
248.326 279.367
248.326 279.367
248.326 279.367
248.328 279.369
248.77 279.867
248.77 279.867
249.215 280.367
249.215 280.367
249.215 280.367
249.215 280.367
249.437 280.617
249.659 280.867
249.659 280.867
249.882 281.117
250.104 281.367
250.104 281.367
250.104 281.367
250.104 281.367
250.104 281.367
250.106 281.369
250.53 281.846
250.548 281.867
250.993 282.367
250.993 282.367
250.993 282.367
250.993 282.367
251.215 282.617
251.437 282.867
251.439 282.869
251.659 283.117
251.882 283.367
251.882 283.367
251.882 283.367
251.882 283.367
251.882 283.367
251.883 283.369
252.326 283.867
252.326 283.867
252.77 284.367
252.77 284.367
252.77 284.367
252.77 284.367
252.772 284.369
253.215 284.867
253.215 284.867
253.659 285.367
253.659 285.367
253.659 285.367
253.659 285.367
253.659 285.367
253.661 285.369
254.104 285.867
254.548 286.367
254.548 286.367
254.548 286.367
254.993 286.867
254.993 286.867
255.215 287.117
255.437 287.367
255.437 287.367
255.437 287.367
255.437 287.367
255.437 287.367
255.882 287.867
255.882 287.867
256.104 288.117
256.326 288.367
256.326 288.367
256.326 288.367
256.77 288.867
256.806 288.906
257.032 289.16
257.215 289.367
257.215 289.367
257.215 289.367
257.215 289.367
257.267 289.425
257.659 289.867
257.739 289.956
258.007 290.258
258.104 290.367
258.104 290.367
258.104 290.367
258.548 290.867
258.995 291.367
259.019 291.394
259.019 291.394
259.019 291.394
259.019 291.394
260.786 293.367
261.234 293.867
261.682 294.367
261.906 294.617
262.129 294.867
262.577 295.367
262.577 295.367
262.577 295.367
262.577 295.367
263.025 295.867
263.473 296.367
263.473 296.367
263.92 296.867
264.368 297.367
264.368 297.367
264.816 297.867
265.264 298.367
265.264 298.367
265.264 298.367
266.159 299.367
266.159 299.367
266.159 299.367
266.159 299.367
267.055 300.367
267.055 300.367
267.95 301.367
267.95 301.367
267.95 301.367
268.846 302.367
268.846 302.367
268.846 302.367
269.07 302.617
269.294 302.867
269.741 303.367
269.741 303.367
269.741 303.367
269.741 303.367
270.189 303.867
270.631 304.367
270.631 304.367
270.631 304.367
271.514 305.367
271.514 305.367
271.955 305.867
272.396 306.367
272.396 306.367
272.396 306.367
273.278 307.367
273.278 307.367
273.278 307.367
273.278 307.367
274.161 308.367
274.161 308.367
275.043 309.367
275.043 309.367
276.808 311.367
276.808 311.367
276.808 311.367
277.249 311.867
278.367 313.117
278.59 313.367
278.59 313.367
