21.5276 24.3979
21.5276 24.3979
21.5276 24.3979
21.5276 24.3979
21.5276 24.3979
21.9687 24.8979
22.4099 25.3979
22.8511 25.8979
22.8511 25.8979
23.7334 26.8979
23.7334 26.8979
23.7334 26.8979
24.1746 27.3979
24.1746 27.3979
24.1746 27.3979
24.1746 27.3979
24.6158 27.8979
24.6158 27.8979
25.057 28.3979
25.057 28.3979
25.057 28.3979
25.057 28.3979
25.057 28.3979
25.057 28.3979
25.4981 28.8979
25.9393 29.3979
26.3805 29.8979
27.2628 30.8979
27.704 31.3979
27.704 31.3979
27.704 31.3979
27.704 31.3979
28.1452 31.8979
28.1452 31.8979
28.1452 31.8979
28.5864 32.3979
28.5864 32.3979
28.5864 32.3979
28.5864 32.3979
28.5864 32.3979
29.0275 32.8979
29.4687 33.3979
29.4687 33.3979
29.9099 33.8979
29.9099 33.8979
29.9099 33.8979
30.3511 34.3979
30.3511 34.3979
30.3511 34.3979
30.3511 34.3979
30.3511 34.3979
30.7922 34.8979
31.2334 35.3979
31.2334 35.3979
31.2334 35.3979
31.2334 35.3979
31.6746 35.8979
31.6746 35.8979
32.1158 36.3979
32.1158 36.3979
32.1158 36.3979
32.1158 36.3979
32.557 36.8979
32.9981 37.3979
33.4393 37.8979
33.8805 38.3979
33.8805 38.3979
33.8805 38.3979
33.8805 38.3979
34.3217 38.8979
34.5422 39.1479
34.9834 39.6479
35.204 39.8979
35.4246 40.1479
35.6452 40.3979
35.8658 40.6479
36.0864 40.8979
36.3069 41.1479
36.7481 41.6479
36.9687 41.8979
37.1893 42.1479
37.6305 42.6479
37.8511 42.8979
38.0717 43.1479
38.5128 43.6479
38.7334 43.8979
38.954 44.1479
39.1746 44.3979
39.1746 44.3979
39.1746 44.3979
39.6158 44.8979
39.6158 44.8979
40.0569 45.3979
40.0569 45.3979
40.4981 45.8979
40.4981 45.8979
40.7187 46.1479
40.9393 46.3979
40.9393 46.3979
41.1599 46.6479
41.8216 47.3979
41.8216 47.3979
42.4834 48.1479
42.704 48.3979
42.704 48.3979
42.704 48.3979
43.1452 48.8979
43.1452 48.8979
43.5864 49.3979
43.5864 49.3979
44.0275 49.8979
44.0275 49.8979
44.4687 50.3979
44.4687 50.3979
44.4687 50.3979
44.9099 50.8979
45.1305 51.1479
45.3511 51.3979
45.3511 51.3979
45.5716 51.6479
45.5716 51.6479
45.7922 51.8979
45.7922 51.8979
46.0128 52.1479
46.2334 52.3979
46.2334 52.3979
46.2334 52.3979
46.2334 52.3979
46.6746 52.8979
46.6746 52.8979
47.1158 53.3979
47.1158 53.3979
47.5569 53.8979
47.7775 54.1479
47.9981 54.3979
47.9981 54.3979
47.9981 54.3979
48.2187 54.6479
48.4393 54.8979
48.6599 55.1479
48.8805 55.3979
48.8805 55.3979
49.3216 55.8979
49.5422 56.1479
49.5422 56.1479
49.7628 56.3979
49.7628 56.3979
49.7628 56.3979
50.204 56.8979
50.204 56.8979
50.6452 57.3979
50.6452 57.3979
51.0863 57.8979
51.0863 57.8979
51.3069 58.1479
51.3069 58.1479
51.5275 58.3979
51.7481 58.6479
51.7481 58.6479
51.9687 58.8979
52.1893 59.1479
52.4099 59.3979
52.4099 59.3979
52.851 59.8979
52.851 59.8979
53.0716 60.1479
53.2922 60.3979
53.2922 60.3979
53.2922 60.3979
53.2922 60.3979
53.7334 60.8979
54.1746 61.3979
54.1746 61.3979
54.6158 61.8979
54.6158 61.8979
54.8363 62.1479
55.0569 62.3979
55.0569 62.3979
55.2775 62.6479
55.4981 62.8979
55.7187 63.1479
55.9393 63.3979
56.1599 63.6479
56.3805 63.8979
56.601 64.1479
56.8216 64.3979
56.8216 64.3979
56.8216 64.3979
56.8216 64.3979
56.8216 64.3979
57.2628 64.8979
57.2628 64.8979
57.704 65.3979
57.704 65.3979
57.704 65.3979
58.1452 65.8979
58.1452 65.8979
58.3657 66.1479
58.3657 66.1479
58.5863 66.3979
58.5863 66.3979
58.8069 66.6479
59.0275 66.8979
59.0275 66.8979
59.2481 67.1479
59.4687 67.3979
59.4687 67.3979
59.6893 67.6479
59.9099 67.8979
59.9099 67.8979
60.1305 68.1479
60.351 68.3979
60.351 68.3979
60.351 68.3979
60.351 68.3979
60.7922 68.8979
60.7922 68.8979
61.2334 69.3979
61.2334 69.3979
61.2334 69.3979
61.454 69.6479
61.6746 69.8979
61.6746 69.8979
62.1157 70.3979
62.1157 70.3979
62.1157 70.3979
62.1157 70.3979
62.1157 70.3979
62.5569 70.8979
62.7775 71.1479
62.7775 71.1479
63.2187 71.6479
63.4393 71.8979
63.4393 71.8979
63.4393 71.8979
63.6599 72.1479
63.6599 72.1479
63.8804 72.3979
63.8804 72.3979
63.8804 72.3979
63.8804 72.3979
63.8804 72.3979
64.101 72.6479
64.3216 72.8979
64.5422 73.1479
64.7628 73.3979
64.7628 73.3979
65.204 73.8979
65.204 73.8979
65.6452 74.3979
65.6452 74.3979
65.6452 74.3979
65.6452 74.3979
66.0863 74.8979
66.3069 75.1479
66.5275 75.3979
66.5275 75.3979
66.7481 75.6479
66.9687 75.8979
66.9687 75.8979
67.1893 76.1479
67.4099 76.3979
67.4099 76.3979
67.4099 76.3979
67.4099 76.3979
67.4099 76.3979
67.851 76.8979
68.0716 77.1479
68.5128 77.6479
68.5128 77.6479
68.7334 77.8979
68.954 78.1479
69.1746 78.3979
69.1746 78.3979
69.1746 78.3979
69.1746 78.3979
69.3951 78.6479
69.6157 78.8979
69.6157 78.8979
69.8363 79.1479
70.0569 79.3979
70.0569 79.3979
70.2775 79.6479
70.4981 79.8979
70.4981 79.8979
70.7187 80.1479
70.9393 80.3979
70.9393 80.3979
70.9393 80.3979
70.9393 80.3979
70.9393 80.3979
71.1599 80.6479
71.1599 80.6479
71.1599 80.6479
71.1599 80.6479
71.3804 80.8979
71.8216 81.3979
71.8216 81.3979
72.0422 81.6479
72.2628 81.8979
72.2628 81.8979
72.4834 82.1479
72.704 82.3979
72.704 82.3979
72.704 82.3979
72.704 82.3979
72.704 82.3979
73.1451 82.8979
73.3657 83.1479
73.5863 83.3979
73.5863 83.3979
73.5863 83.3979
73.5863 83.3979
73.5863 83.3979
73.8069 83.6479
74.0275 83.8979
74.0275 83.8979
74.2481 84.1479
74.2481 84.1479
74.4687 84.3979
74.4687 84.3979
74.4687 84.3979
74.4687 84.3979
74.4687 84.3979
74.6893 84.6479
74.9098 84.8979
74.9098 84.8979
75.1304 85.1479
75.351 85.3979
75.351 85.3979
75.351 85.3979
75.5716 85.6479
75.7922 85.8979
75.7922 85.8979
76.0128 86.1479
76.2334 86.3979
76.2334 86.3979
76.2334 86.3979
76.2334 86.3979
76.2334 86.3979
76.454 86.6479
76.6746 86.8979
76.8951 87.1479
77.1157 87.3979
77.1157 87.3979
77.1157 87.3979
77.1157 87.3979
77.3363 87.6479
77.5569 87.8979
77.5569 87.8979
77.7775 88.1479
77.7775 88.1479
77.9981 88.3979
77.9981 88.3979
77.9981 88.3979
77.9981 88.3979
77.9981 88.3979
78.2187 88.6479
78.4393 88.8979
78.6598 89.1479
78.8804 89.3979
78.8804 89.3979
78.8804 89.3979
79.101 89.6479
79.3216 89.8979
79.3216 89.8979
79.5422 90.1479
79.7628 90.3979
79.7628 90.3979
79.7628 90.3979
79.7628 90.3979
80.204 90.8979
80.6451 91.3979
81.0863 91.8979
81.0863 91.8979
81.0863 91.8979
81.3069 92.1479
81.5275 92.3979
81.5275 92.3979
81.5275 92.3979
81.5275 92.3979
81.7481 92.6479
81.9687 92.8979
82.1893 93.1479
82.4098 93.3979
82.4098 93.3979
82.6304 93.6479
82.851 93.8979
82.851 93.8979
83.2922 94.3979
83.2922 94.3979
83.2922 94.3979
83.2922 94.3979
83.7334 94.8979
84.1745 95.3979
84.6157 95.8979
84.6157 95.8979
84.6157 95.8979
84.8363 96.1479
84.8363 96.1479
85.0569 96.3979
85.0569 96.3979
85.0569 96.3979
85.0569 96.3979
85.0569 96.3979
85.4981 96.8979
85.4981 96.8979
85.4981 96.8979
85.9392 97.3979
85.9392 97.3979
85.9392 97.3979
85.9392 97.3979
85.9392 97.3979
86.1598 97.6479
86.3804 97.8979
86.3804 97.8979
86.3804 97.8979
86.601 98.1479
86.8216 98.3979
86.8216 98.3979
86.8216 98.3979
86.8216 98.3979
86.8216 98.3979
87.0422 98.6479
87.2628 98.8979
87.4834 99.1479
87.704 99.3979
87.9245 99.6479
88.1451 99.8979
88.1451 99.8979
88.3657 100.148
88.3657 100.148
88.5863 100.398
88.5863 100.398
88.5863 100.398
88.5863 100.398
88.8069 100.648
88.8069 100.648
89.0275 100.898
89.0275 100.898
89.2481 101.148
89.2481 101.148
89.4687 101.398
89.4687 101.398
89.9098 101.898
89.9098 101.898
90.1304 102.148
90.351 102.398
90.351 102.398
90.351 102.398
90.351 102.398
90.5716 102.648
90.5716 102.648
90.7922 102.898
91.0128 103.148
91.0128 103.148
91.2334 103.398
91.4539 103.648
91.6745 103.898
91.6745 103.898
91.8951 104.148
92.1157 104.398
92.1157 104.398
92.1157 104.398
92.1157 104.398
92.1157 104.398
92.3363 104.648
92.5569 104.898
92.7775 105.148
92.9981 105.398
92.9981 105.398
92.9981 105.398
93.2187 105.648
93.4392 105.898
93.4392 105.898
93.6598 106.148
93.8804 106.398
93.8804 106.398
93.8804 106.398
93.8804 106.398
94.101 106.648
94.3216 106.898
94.5422 107.148
94.7628 107.398
94.9834 107.648
95.2039 107.898
95.2039 107.898
95.4245 108.148
95.4245 108.148
95.6451 108.398
95.6451 108.398
95.6451 108.398
95.6451 108.398
95.6451 108.398
95.8657 108.648
95.8657 108.648
96.0863 108.898
96.3069 109.148
96.3069 109.148
96.7481 109.648
96.9686 109.898
96.9686 109.898
96.9686 109.898
97.4098 110.398
97.4098 110.398
97.4098 110.398
97.4098 110.398
97.4098 110.398
97.6304 110.648
97.851 110.898
98.0716 111.148
98.2922 111.398
98.5128 111.648
98.7334 111.898
98.7334 111.898
98.9539 112.148
98.9539 112.148
99.1745 112.398
99.1745 112.398
99.1745 112.398
99.1745 112.398
99.1745 112.398
99.6157 112.898
99.6157 112.898
99.8363 113.148
100.057 113.398
100.277 113.648
100.498 113.898
100.498 113.898
100.498 113.898
100.939 114.398
100.939 114.398
100.939 114.398
100.939 114.398
100.939 114.398
101.38 114.898
101.601 115.148
101.822 115.398
101.822 115.398
102.042 115.648
102.263 115.898
102.263 115.898
102.704 116.398
102.704 116.398
102.704 116.398
102.704 116.398
102.704 116.398
103.145 116.898
103.366 117.148
103.586 117.398
103.807 117.648
104.027 117.898
104.248 118.148
104.469 118.398
104.469 118.398
104.469 118.398
104.469 118.398
104.469 118.398
105.351 119.398
105.351 119.398
105.351 119.398
106.233 120.398
106.233 120.398
106.233 120.398
106.233 120.398
106.454 120.648
106.454 120.648
106.675 120.898
106.675 120.898
106.895 121.148
106.895 121.148
107.116 121.398
107.336 121.648
107.336 121.648
107.557 121.898
107.557 121.898
107.998 122.398
107.998 122.398
107.998 122.398
108.219 122.648
108.219 122.648
108.439 122.898
108.439 122.898
108.66 123.148
108.66 123.148
109.101 123.648
109.101 123.648
109.763 124.398
109.763 124.398
109.763 124.398
109.983 124.648
109.983 124.648
110.204 124.898
110.204 124.898
110.425 125.148
110.425 125.148
110.866 125.648
110.866 125.648
111.086 125.898
111.527 126.398
111.527 126.398
111.527 126.398
111.748 126.648
111.748 126.648
111.969 126.898
111.969 126.898
112.189 127.148
112.189 127.148
112.41 127.398
112.63 127.648
112.63 127.648
112.851 127.898
113.292 128.398
113.292 128.398
113.292 128.398
113.292 128.398
113.513 128.648
113.513 128.648
113.733 128.898
113.733 128.898
113.954 129.148
113.954 129.148
114.175 129.398
114.395 129.648
114.395 129.648
114.616 129.898
114.616 129.898
115.057 130.398
115.057 130.398
115.277 130.648
115.277 130.648
115.498 130.898
115.498 130.898
115.719 131.148
115.719 131.148
115.719 131.148
115.939 131.398
116.16 131.648
116.16 131.648
116.38 131.898
116.38 131.898
116.822 132.398
116.822 132.398
116.822 132.398
116.822 132.398
117.042 132.648
117.263 132.898
117.263 132.898
117.483 133.148
117.483 133.148
117.704 133.398
117.925 133.648
117.925 133.648
118.145 133.898
118.145 133.898
118.366 134.148
118.586 134.398
118.807 134.648
119.027 134.898
119.027 134.898
119.248 135.148
119.248 135.148
119.469 135.398
119.689 135.648
119.91 135.898
120.351 136.398
120.351 136.398
120.351 136.398
120.351 136.398
120.572 136.648
120.792 136.898
121.013 137.148
121.454 137.648
121.675 137.898
122.116 138.398
122.116 138.398
122.116 138.398
122.557 138.898
122.998 139.398
122.998 139.398
123.88 140.398
123.88 140.398
123.88 140.398
124.322 140.898
124.322 140.898
124.763 141.398
124.763 141.398
125.204 141.898
125.204 141.898
125.424 142.148
125.645 142.398
125.645 142.398
125.866 142.648
126.527 143.398
126.527 143.398
127.189 144.148
127.41 144.398
127.41 144.398
127.41 144.398
127.851 144.898
127.851 144.898
128.292 145.398
128.292 145.398
128.733 145.898
128.733 145.898
129.174 146.398
129.174 146.398
129.174 146.398
129.616 146.898
129.836 147.148
130.057 147.398
130.057 147.398
130.277 147.648
130.277 147.648
130.498 147.898
130.498 147.898
130.719 148.148
130.939 148.398
130.939 148.398
130.939 148.398
130.939 148.398
131.38 148.898
131.38 148.898
131.822 149.398
131.822 149.398
132.263 149.898
132.483 150.148
132.704 150.398
132.704 150.398
132.704 150.398
132.924 150.648
133.145 150.898
133.366 151.148
133.586 151.398
133.586 151.398
134.027 151.898
134.248 152.148
134.248 152.148
134.469 152.398
134.469 152.398
134.469 152.398
134.91 152.898
134.91 152.898
135.351 153.398
135.351 153.398
135.792 153.898
135.792 153.898
136.013 154.148
136.013 154.148
136.233 154.398
136.454 154.648
136.454 154.648
136.674 154.898
136.895 155.148
137.116 155.398
137.116 155.398
137.557 155.898
137.557 155.898
137.777 156.148
137.998 156.398
137.998 156.398
137.998 156.398
137.998 156.398
138.439 156.898
138.88 157.398
138.88 157.398
139.322 157.898
139.322 157.898
139.542 158.148
139.763 158.398
139.763 158.398
139.983 158.648
140.204 158.898
140.424 159.148
140.645 159.398
140.866 159.648
141.086 159.898
141.307 160.148
141.527 160.398
141.527 160.398
141.527 160.398
141.527 160.398
141.527 160.398
141.969 160.898
141.969 160.898
142.41 161.398
142.41 161.398
142.41 161.398
142.851 161.898
142.851 161.898
143.072 162.148
143.072 162.148
143.292 162.398
143.292 162.398
143.513 162.648
143.733 162.898
143.733 162.898
143.954 163.148
144.174 163.398
144.174 163.398
144.395 163.648
144.616 163.898
144.616 163.898
144.836 164.148
145.057 164.398
145.057 164.398
145.057 164.398
145.057 164.398
145.498 164.898
145.498 164.898
145.939 165.398
145.939 165.398
145.939 165.398
146.16 165.648
146.38 165.898
146.38 165.898
146.822 166.398
146.822 166.398
146.822 166.398
146.822 166.398
146.822 166.398
147.263 166.898
147.483 167.148
147.483 167.148
147.924 167.648
148.145 167.898
148.145 167.898
148.145 167.898
148.366 168.148
148.366 168.148
148.586 168.398
148.586 168.398
148.586 168.398
148.586 168.398
148.586 168.398
148.807 168.648
149.027 168.898
149.248 169.148
149.469 169.398
149.469 169.398
149.91 169.898
149.91 169.898
150.351 170.398
150.351 170.398
150.351 170.398
150.351 170.398
150.792 170.898
151.013 171.148
151.233 171.398
151.233 171.398
151.454 171.648
151.674 171.898
151.674 171.898
151.895 172.148
152.116 172.398
152.116 172.398
152.116 172.398
152.116 172.398
152.116 172.398
152.557 172.898
152.777 173.148
153.219 173.648
153.219 173.648
153.439 173.898
153.66 174.148
153.88 174.398
153.88 174.398
153.88 174.398
153.88 174.398
154.101 174.648
154.322 174.898
154.322 174.898
154.542 175.148
154.763 175.398
154.763 175.398
154.983 175.648
155.204 175.898
155.204 175.898
155.424 176.148
155.645 176.398
155.645 176.398
155.645 176.398
155.645 176.398
155.645 176.398
155.866 176.648
155.866 176.648
155.866 176.648
155.866 176.648
156.086 176.898
156.527 177.398
156.527 177.398
156.748 177.648
156.969 177.898
156.969 177.898
157.189 178.148
157.41 178.398
157.41 178.398
157.41 178.398
157.41 178.398
157.41 178.398
157.851 178.898
158.072 179.148
158.292 179.398
158.292 179.398
158.292 179.398
158.292 179.398
158.292 179.398
158.513 179.648
158.733 179.898
158.733 179.898
158.954 180.148
158.954 180.148
159.174 180.398
159.174 180.398
159.174 180.398
159.174 180.398
159.174 180.398
159.395 180.648
159.616 180.898
159.616 180.898
159.836 181.148
160.057 181.398
160.057 181.398
160.057 181.398
160.277 181.648
160.498 181.898
160.498 181.898
160.719 182.148
160.939 182.398
160.939 182.398
160.939 182.398
160.939 182.398
160.939 182.398
161.16 182.648
161.38 182.898
161.601 183.148
161.822 183.398
161.822 183.398
161.822 183.398
161.822 183.398
162.042 183.648
162.263 183.898
162.263 183.898
162.483 184.148
162.483 184.148
162.704 184.398
162.704 184.398
162.704 184.398
162.704 184.398
162.704 184.398
162.924 184.648
163.145 184.898
163.366 185.148
163.586 185.398
163.586 185.398
163.586 185.398
163.807 185.648
164.027 185.898
164.027 185.898
164.248 186.148
164.469 186.398
164.469 186.398
164.469 186.398
164.469 186.398
164.91 186.898
165.351 187.398
165.792 187.898
165.792 187.898
165.792 187.898
166.013 188.148
166.233 188.398
166.233 188.398
166.233 188.398
166.233 188.398
166.454 188.648
166.674 188.898
166.895 189.148
167.116 189.398
167.116 189.398
167.336 189.648
167.557 189.898
167.557 189.898
167.998 190.398
167.998 190.398
167.998 190.398
167.998 190.398
168.439 190.898
168.88 191.398
169.322 191.898
169.322 191.898
169.322 191.898
169.542 192.148
169.542 192.148
169.763 192.398
169.763 192.398
169.763 192.398
169.763 192.398
169.763 192.398
170.204 192.898
170.204 192.898
170.204 192.898
170.645 193.398
170.645 193.398
170.645 193.398
170.645 193.398
170.645 193.398
170.866 193.648
171.086 193.898
171.086 193.898
171.086 193.898
171.307 194.148
171.527 194.398
171.527 194.398
171.527 194.398
171.527 194.398
171.527 194.398
171.748 194.648
171.969 194.898
172.189 195.148
172.41 195.398
172.63 195.648
172.851 195.898
172.851 195.898
173.072 196.148
173.072 196.148
173.292 196.398
173.292 196.398
173.292 196.398
173.292 196.398
173.513 196.648
173.513 196.648
173.733 196.898
173.733 196.898
173.954 197.148
173.954 197.148
174.174 197.398
174.174 197.398
174.616 197.898
174.616 197.898
174.836 198.148
175.057 198.398
175.057 198.398
175.057 198.398
175.057 198.398
175.277 198.648
175.277 198.648
175.498 198.898
175.719 199.148
175.719 199.148
175.939 199.398
176.16 199.648
176.38 199.898
176.38 199.898
176.601 200.148
176.822 200.398
176.822 200.398
176.822 200.398
176.822 200.398
176.822 200.398
177.042 200.648
177.263 200.898
177.483 201.148
177.704 201.398
177.704 201.398
177.704 201.398
177.924 201.648
178.145 201.898
178.145 201.898
178.366 202.148
178.586 202.398
178.586 202.398
178.586 202.398
178.586 202.398
178.807 202.648
179.027 202.898
179.248 203.148
179.469 203.398
179.689 203.648
179.91 203.898
179.91 203.898
180.13 204.148
180.13 204.148
180.351 204.398
180.351 204.398
180.351 204.398
180.351 204.398
180.351 204.398
180.571 204.648
180.571 204.648
180.792 204.898
181.013 205.148
181.013 205.148
181.454 205.648
181.674 205.898
181.674 205.898
181.674 205.898
182.116 206.398
182.116 206.398
182.116 206.398
182.116 206.398
182.116 206.398
182.336 206.648
182.557 206.898
182.777 207.148
182.998 207.398
183.219 207.648
183.439 207.898
183.439 207.898
183.66 208.148
183.66 208.148
183.88 208.398
183.88 208.398
183.88 208.398
183.88 208.398
183.88 208.398
184.321 208.898
184.321 208.898
184.542 209.148
184.763 209.398
184.983 209.648
185.204 209.898
185.204 209.898
185.204 209.898
185.645 210.398
185.645 210.398
185.645 210.398
185.645 210.398
185.645 210.398
186.086 210.898
186.307 211.148
186.527 211.398
186.527 211.398
186.748 211.648
186.969 211.898
186.969 211.898
187.41 212.398
187.41 212.398
187.41 212.398
187.41 212.398
187.41 212.398
187.851 212.898
188.071 213.148
188.292 213.398
188.513 213.648
188.733 213.898
188.954 214.148
189.174 214.398
189.174 214.398
189.174 214.398
189.174 214.398
189.174 214.398
190.057 215.398
190.057 215.398
190.057 215.398
190.498 215.898
190.719 216.148
190.939 216.398
190.939 216.398
190.939 216.398
190.939 216.398
190.939 216.398
191.16 216.648
191.38 216.898
191.38 216.898
191.601 217.148
191.821 217.398
191.821 217.398
191.821 217.398
192.042 217.648
192.263 217.898
192.263 217.898
192.483 218.148
192.704 218.398
192.704 218.398
192.704 218.398
192.704 218.398
192.704 218.398
192.924 218.648
193.145 218.898
193.366 219.148
193.586 219.398
193.586 219.398
193.586 219.398
193.586 219.398
193.807 219.648
194.027 219.898
194.027 219.898
194.248 220.148
194.248 220.148
194.469 220.398
194.469 220.398
194.469 220.398
194.469 220.398
194.469 220.398
194.689 220.648
194.91 220.898
195.13 221.148
195.351 221.398
195.351 221.398
195.351 221.398
195.571 221.648
195.792 221.898
195.792 221.898
196.013 222.148
196.233 222.398
196.233 222.398
196.233 222.398
196.233 222.398
196.674 222.898
197.116 223.398
197.557 223.898
197.557 223.898
197.557 223.898
197.777 224.148
197.998 224.398
197.998 224.398
197.998 224.398
197.998 224.398
198.219 224.648
198.439 224.898
198.66 225.148
198.88 225.398
198.88 225.398
199.101 225.648
199.321 225.898
199.321 225.898
199.763 226.398
199.763 226.398
199.763 226.398
199.763 226.398
200.204 226.898
200.645 227.398
201.086 227.898
201.086 227.898
201.086 227.898
201.307 228.148
201.307 228.148
201.527 228.398
201.527 228.398
201.527 228.398
201.527 228.398
201.527 228.398
201.969 228.898
201.969 228.898
201.969 228.898
202.41 229.398
202.41 229.398
202.41 229.398
202.41 229.398
202.41 229.398
202.63 229.648
202.851 229.898
202.851 229.898
202.851 229.898
203.071 230.148
203.292 230.398
203.292 230.398
203.292 230.398
203.292 230.398
203.292 230.398
203.513 230.648
203.733 230.898
203.954 231.148
204.174 231.398
204.395 231.648
204.616 231.898
204.616 231.898
204.836 232.148
204.836 232.148
205.057 232.398
205.057 232.398
205.057 232.398
205.057 232.398
205.277 232.648
205.277 232.648
205.498 232.898
205.498 232.898
205.719 233.148
205.719 233.148
205.939 233.398
205.939 233.398
206.38 233.898
206.38 233.898
206.601 234.148
206.821 234.398
206.821 234.398
206.821 234.398
206.821 234.398
207.042 234.648
207.042 234.648
207.263 234.898
207.483 235.148
207.483 235.148
207.704 235.398
207.924 235.648
208.145 235.898
208.145 235.898
208.366 236.148
208.586 236.398
208.586 236.398
208.586 236.398
208.586 236.398
208.586 236.398
208.807 236.648
209.027 236.898
209.248 237.148
209.469 237.398
209.469 237.398
209.469 237.398
209.689 237.648
209.91 237.898
209.91 237.898
210.13 238.148
210.351 238.398
210.351 238.398
210.351 238.398
210.351 238.398
210.571 238.648
210.792 238.898
211.013 239.148
211.233 239.398
211.454 239.648
211.674 239.898
211.674 239.898
211.895 240.148
211.895 240.148
212.116 240.398
212.116 240.398
212.116 240.398
212.116 240.398
212.116 240.398
212.336 240.648
212.336 240.648
212.557 240.898
212.777 241.148
212.777 241.148
213.219 241.648
213.439 241.898
213.439 241.898
213.439 241.898
213.88 242.398
213.88 242.398
213.88 242.398
213.88 242.398
213.88 242.398
214.101 242.648
214.321 242.898
214.542 243.148
214.763 243.398
214.983 243.648
215.204 243.898
215.204 243.898
215.424 244.148
215.424 244.148
215.645 244.398
215.645 244.398
215.645 244.398
215.645 244.398
215.645 244.398
216.086 244.898
216.086 244.898
216.307 245.148
216.527 245.398
216.748 245.648
216.969 245.898
216.969 245.898
216.969 245.898
217.41 246.398
217.41 246.398
217.41 246.398
217.41 246.398
217.41 246.398
217.63 246.648
217.851 246.898
218.071 247.148
218.292 247.398
218.292 247.398
218.513 247.648
218.733 247.898
219.174 248.398
219.174 248.398
219.174 248.398
219.174 248.398
219.174 248.398
219.616 248.898
219.616 248.898
219.836 249.148
220.057 249.398
220.277 249.648
220.719 250.148
220.939 250.398
221.38 250.898
221.38 250.898
221.601 251.148
221.821 251.398
222.042 251.648
222.042 251.648
222.263 251.898
222.704 252.398
222.704 252.398
223.145 252.898
223.145 252.898
223.366 253.148
223.586 253.398
223.807 253.648
224.027 253.898
224.248 254.148
224.91 254.898
225.351 255.398
225.571 255.648
225.792 255.898
225.792 255.898
226.013 256.148
226.233 256.398
226.233 256.398
226.454 256.648
226.674 256.898
226.895 257.148
