1.16226 1.39375
1.16226 1.39375
1.57922 1.89375
1.99618 2.39375
2.41313 2.89375
2.83009 3.39375
2.83009 3.39375
4.49791 5.39375
4.49791 5.39375
4.91487 5.89375
4.91487 5.89375
5.33182 6.39375
5.33182 6.39375
5.33182 6.39375
5.74878 6.89375
5.74878 6.89375
6.16574 7.39375
6.16574 7.39375
6.58269 7.89375
6.99965 8.39375
7.4166 8.89375
7.4166 8.89375
7.62508 9.14375
7.83356 9.39375
7.83356 9.39375
8.25052 9.89375
8.25052 9.89375
8.66747 10.3938
8.66747 10.3938
8.66747 10.3938
9.08443 10.8938
9.08443 10.8938
9.50138 11.3938
9.50138 11.3938
10.7523 12.8938
10.9607 13.1438
11.1692 13.3937
11.1692 13.3937
11.1692 13.3937
11.1692 13.3937
11.1692 13.3937
12.0031 14.3938
12.837 15.3938
12.837 15.3938
12.837 15.3938
12.837 15.3938
12.837 15.3938
13.6709 16.3938
14.5049 17.3938
14.5049 17.3938
14.5049 17.3938
14.9218 17.8938
14.9218 17.8938
15.3388 18.3938
15.3388 18.3938
15.7557 18.8938
15.7557 18.8938
16.1727 19.3938
16.1727 19.3938
16.5896 19.8938
16.5896 19.8938
17.0066 20.3938
17.0066 20.3938
17.0066 20.3938
17.4235 20.8938
17.8405 21.3938
17.8405 21.3938
18.2575 21.8938
18.6744 22.3938
19.0914 22.8938
19.5083 23.3938
19.5083 23.3938
20.3422 24.3938
21.1762 25.3938
21.1762 25.3938
21.1762 25.3938
21.1762 25.3938
21.1762 25.3938
21.5931 25.8938
21.5931 25.8938
21.8016 26.1438
22.0101 26.3938
22.0101 26.3938
22.2185 26.6438
22.427 26.8938
22.427 26.8938
22.6355 27.1438
22.844 27.3938
22.844 27.3938
23.0525 27.6437
23.2609 27.8938
23.4694 28.1438
23.6779 28.3938
23.6779 28.3938
23.8864 28.6438
24.0948 28.8938
24.3033 29.1438
24.5118 29.3938
24.5118 29.3938
24.5118 29.3938
24.5118 29.3938
24.5118 29.3938
27.8474 33.3937
27.8474 33.3937
28.2644 33.8937
28.2644 33.8937
28.6814 34.3937
28.6814 34.3937
29.0983 34.8937
29.0983 34.8937
29.5153 35.3937
29.5153 35.3937
30.3492 36.3937
31.1831 37.3937
31.1831 37.3937
31.3916 37.6437
31.6001 37.8937
32.017 38.3937
32.434 38.8937
32.434 38.8937
32.8509 39.3937
32.8509 39.3937
33.0594 39.6437
33.2679 39.8937
33.6848 40.3937
34.1018 40.8937
34.5187 41.3938
34.5187 41.3938
34.7272 41.6437
34.9357 41.8937
35.3527 42.3937
35.3527 42.3937
35.7696 42.8937
36.1866 43.3937
36.1866 43.3937
36.6035 43.8937
36.6035 43.8937
37.0205 44.3937
37.0205 44.3937
37.4374 44.8937
37.6459 45.1438
37.8544 45.3937
37.8544 45.3937
38.2713 45.8937
38.2713 45.8937
38.6883 46.3937
38.6883 46.3937
39.1053 46.8937
39.5222 47.3937
39.5222 47.3937
39.5222 47.3937
39.9392 47.8937
40.3561 48.3937
40.3561 48.3937
40.3561 48.3937
40.7731 48.8938
41.19 49.3937
41.19 49.3937
41.19 49.3937
41.19 49.3937
41.607 49.8937
41.607 49.8937
42.024 50.3937
42.024 50.3937
42.4409 50.8937
42.4409 50.8937
42.8579 51.3937
42.8579 51.3937
43.2748 51.8937
43.6918 52.3938
44.5257 53.3937
44.5257 53.3937
44.9426 53.8937
44.9426 53.8937
45.1511 54.1437
45.3596 54.3937
45.7766 54.8937
46.1935 55.3937
46.6105 55.8937
46.6105 55.8937
46.8189 56.1438
47.0274 56.3937
47.4444 56.8937
47.4444 56.8937
47.8613 57.3937
48.2783 57.8937
48.2783 57.8937
48.4868 58.1437
48.6952 58.3937
48.6952 58.3937
48.6952 58.3937
49.1122 58.8937
49.3207 59.1437
49.5292 59.3937
49.5292 59.3937
49.9461 59.8938
49.9461 59.8938
50.3631 60.3937
50.3631 60.3937
50.5716 60.6437
50.78 60.8937
50.78 60.8937
51.197 61.3937
51.197 61.3937
51.6139 61.8937
52.0309 62.3937
52.4479 62.8937
52.8648 63.3938
52.8648 63.3938
53.2818 63.8937
53.6987 64.3937
53.6987 64.3937
54.1157 64.8937
54.5326 65.3937
54.5326 65.3937
54.5326 65.3937
54.9496 65.8937
55.3665 66.3937
55.7835 66.8937
56.2005 67.3937
56.6174 67.8937
57.0344 68.3937
57.4513 68.8937
57.8683 69.3937
57.8683 69.3937
57.8683 69.3937
57.8683 69.3937
57.8683 69.3937
58.2852 69.8937
58.2852 69.8937
58.4937 70.1437
58.7022 70.3937
58.7022 70.3937
58.7022 70.3937
58.7022 70.3937
59.1191 70.8937
59.1191 70.8937
59.5361 71.3937
59.5361 71.3937
59.5361 71.3937
59.9531 71.8937
59.9531 71.8937
60.37 72.3937
60.37 72.3937
60.37 72.3937
60.787 72.8937
60.787 72.8937
61.2039 73.3937
61.2039 73.3937
61.2039 73.3937
61.2039 73.3937
61.6209 73.8937
61.6209 73.8937
62.0378 74.3937
62.0378 74.3937
62.4548 74.8937
62.8718 75.3937
62.8718 75.3937
62.8718 75.3937
63.2887 75.8937
63.2887 75.8937
63.7057 76.3937
63.7057 76.3937
63.7057 76.3937
63.9141 76.6437
64.1226 76.8937
64.1226 76.8937
64.5396 77.3937
64.5396 77.3937
64.5396 77.3937
64.5396 77.3937
64.5396 77.3937
64.5396 77.3937
64.9565 77.8937
64.9565 77.8937
65.165 78.1437
65.3735 78.3937
65.7904 78.8937
65.7904 78.8937
66.2074 79.3937
66.2074 79.3937
66.2074 79.3937
66.6244 79.8937
66.6244 79.8937
67.0413 80.3938
67.0413 80.3938
67.0413 80.3938
67.4583 80.8937
67.4583 80.8937
67.8752 81.3937
67.8752 81.3937
67.8752 81.3937
67.8752 81.3937
68.2922 81.8937
68.2922 81.8937
68.7091 82.3937
69.1261 82.8937
69.543 83.3937
69.543 83.3937
69.543 83.3937
69.543 83.3937
69.96 83.8937
70.377 84.3937
70.5854 84.6437
70.7939 84.8937
71.2109 85.3937
71.2109 85.3937
71.2109 85.3937
71.2109 85.3937
71.2109 85.3937
71.4194 85.6437
71.6278 85.8937
71.6278 85.8937
71.8363 86.1437
72.0448 86.3937
72.0448 86.3937
72.0448 86.3937
72.0448 86.3937
72.2533 86.6437
72.4617 86.8937
72.4617 86.8937
72.6702 87.1437
72.6702 87.1437
72.6702 87.1437
72.6702 87.1437
72.8787 87.3938
72.8787 87.3938
72.8787 87.3938
73.0872 87.6438
73.2957 87.8938
73.2957 87.8938
73.5041 88.1437
73.7126 88.3937
73.7126 88.3937
73.9211 88.6437
73.9211 88.6437
74.1296 88.8937
74.1296 88.8937
74.338 89.1437
74.338 89.1437
74.5465 89.3937
74.5465 89.3937
74.5465 89.3937
74.5465 89.3937
74.5465 89.3937
74.5465 89.3937
74.9635 89.8937
74.9635 89.8937
75.172 90.1437
75.3804 90.3937
75.3804 90.3937
75.3804 90.3937
75.7974 90.8937
75.7974 90.8937
76.2143 91.3937
76.2143 91.3937
76.2143 91.3937
76.2143 91.3937
76.6313 91.8937
76.6313 91.8937
76.8398 92.1437
77.0483 92.3937
77.0483 92.3937
77.2567 92.6437
77.4652 92.8937
77.4652 92.8937
77.8822 93.3937
77.8822 93.3937
77.8822 93.3937
77.8822 93.3937
78.2991 93.8937
78.7161 94.3937
78.7161 94.3937
78.7161 94.3937
78.7161 94.3937
79.133 94.8938
79.133 94.8938
79.55 95.3937
79.55 95.3937
79.55 95.3937
79.55 95.3937
79.55 95.3937
79.9669 95.8937
79.9669 95.8937
80.3839 96.3937
80.3839 96.3937
80.3839 96.3937
80.5924 96.6437
80.8009 96.8937
81.0093 97.1437
81.2178 97.3937
81.2178 97.3937
81.2178 97.3937
81.2178 97.3937
81.2178 97.3937
81.2178 97.3937
81.6348 97.8937
81.8433 98.1437
82.0517 98.3937
82.0517 98.3937
82.4687 98.8937
82.4687 98.8937
82.8856 99.3937
82.8856 99.3937
82.8856 99.3937
82.8856 99.3937
82.8856 99.3937
83.3026 99.8937
83.5111 100.144
83.7196 100.394
83.7196 100.394
83.928 100.644
84.1365 100.894
84.1365 100.894
84.345 101.144
84.5535 101.394
84.5535 101.394
84.5535 101.394
84.5535 101.394
84.9704 101.894
84.9704 101.894
85.3874 102.394
85.3874 102.394
85.8043 102.894
86.0128 103.144
86.117 103.269
86.2213 103.394
86.2213 103.394
86.2213 103.394
86.2213 103.394
86.2213 103.394
86.6382 103.894
87.0552 104.394
87.0552 104.394
87.0552 104.394
87.2637 104.644
87.4722 104.894
87.8891 105.394
87.8891 105.394
87.8891 105.394
87.8891 105.394
87.8891 105.394
88.3061 105.894
88.3061 105.894
88.5145 106.144
88.723 106.394
88.723 106.394
88.723 106.394
89.14 106.894
89.14 106.894
89.5569 107.394
89.5569 107.394
89.5569 107.394
89.5569 107.394
89.5569 107.394
89.9739 107.894
89.9739 107.894
90.1824 108.144
90.3908 108.394
90.3908 108.394
90.5993 108.644
90.8078 108.894
90.8078 108.894
91.2248 109.394
91.2248 109.394
91.2248 109.394
91.2248 109.394
91.6417 109.894
91.6417 109.894
92.0587 110.394
92.0587 110.394
92.0587 110.394
92.0587 110.394
92.2672 110.644
92.4756 110.894
92.4756 110.894
92.8926 111.394
92.8926 111.394
92.8926 111.394
92.8926 111.394
93.3095 111.894
93.3095 111.894
93.7265 112.394
93.7265 112.394
93.935 112.644
94.1435 112.894
94.5604 113.394
94.5604 113.394
94.5604 113.394
94.5604 113.394
94.5604 113.394
94.9774 113.894
95.1858 114.144
95.3943 114.394
95.3943 114.394
95.6028 114.644
95.8113 114.894
95.8113 114.894
96.2282 115.394
96.2282 115.394
96.2282 115.394
96.2282 115.394
96.2282 115.394
96.6452 115.894
96.8537 116.144
97.0621 116.394
97.0621 116.394
97.4791 116.894
97.4791 116.894
97.8961 117.394
97.8961 117.394
97.8961 117.394
97.8961 117.394
97.8961 117.394
98.313 117.894
98.313 117.894
98.73 118.394
98.73 118.394
98.73 118.394
99.1469 118.894
99.5639 119.394
99.5639 119.394
99.5639 119.394
99.9808 119.894
100.398 120.394
100.398 120.394
100.815 120.894
101.232 121.394
101.232 121.394
101.232 121.394
101.232 121.394
101.232 121.394
101.44 121.644
101.649 121.894
101.857 122.144
103.316 123.894
103.733 124.394
103.733 124.394
103.942 124.644
103.942 124.644
104.359 125.144
104.567 125.394
104.567 125.394
104.567 125.394
104.567 125.394
104.984 125.894
105.401 126.394
105.818 126.894
105.969 127.075
106.077 127.204
106.218 127.373
106.235 127.394
106.291 127.46
107.069 128.394
107.486 128.894
107.903 129.394
108.111 129.644
108.32 129.894
108.528 130.144
108.737 130.394
108.945 130.644
109.142 130.879
109.154 130.894
109.347 131.125
109.362 131.144
110.405 132.394
110.669 132.71
110.822 132.894
110.973 133.075
111.199 133.346
111.239 133.394
111.447 133.644
111.656 133.894
111.864 134.144
112.073 134.394
112.281 134.644
112.49 134.894
112.698 135.144
112.707 135.154
112.804 135.271
112.889 135.373
112.986 135.49
113.74 136.394
113.949 136.644
114.157 136.894
114.366 137.144
114.574 137.394
114.574 137.394
114.574 137.394
114.574 137.394
114.991 137.894
114.991 137.894
114.991 137.894
115.2 138.144
115.2 138.144
115.408 138.394
115.408 138.394
115.408 138.394
115.825 138.894
115.825 138.894
115.825 138.894
116.034 139.144
116.034 139.144
116.242 139.394
116.242 139.394
116.242 139.394
116.242 139.394
116.659 139.894
116.659 139.894
117.076 140.394
117.076 140.394
117.285 140.644
117.285 140.644
117.701 141.144
117.701 141.144
117.91 141.394
117.91 141.394
117.91 141.394
118.118 141.644
118.327 141.894
118.535 142.144
118.744 142.394
118.952 142.644
119.161 142.894
119.161 142.894
119.161 142.894
119.369 143.144
119.369 143.144
119.369 143.144
119.578 143.394
119.578 143.394
119.995 143.894
120.203 144.144
120.412 144.394
120.62 144.644
120.829 144.894
121.037 145.144
121.246 145.394
121.454 145.644
121.454 145.644
121.663 145.894
121.663 145.894
121.871 146.144
121.871 146.144
122.08 146.394
122.08 146.394
122.288 146.644
122.288 146.644
122.496 146.894
122.496 146.894
122.705 147.144
122.705 147.144
122.913 147.394
122.913 147.394
123.122 147.644
123.33 147.894
123.539 148.144
123.747 148.394
124.164 148.894
124.581 149.394
124.581 149.394
124.79 149.644
124.998 149.894
125.207 150.144
125.415 150.394
125.415 150.394
125.624 150.644
125.832 150.894
126.041 151.144
126.249 151.394
126.249 151.394
126.666 151.894
127.083 152.394
127.083 152.394
127.083 152.394
127.291 152.644
127.5 152.894
127.708 153.144
127.917 153.394
127.917 153.394
128.334 153.894
128.334 153.894
128.751 154.394
128.751 154.394
129.168 154.894
129.168 154.894
129.585 155.394
129.585 155.394
130.002 155.894
130.419 156.394
130.836 156.894
131.253 157.394
131.253 157.394
131.461 157.644
131.669 157.894
132.086 158.394
132.503 158.894
132.503 158.894
132.92 159.394
132.92 159.394
133.129 159.644
133.337 159.894
133.754 160.394
134.171 160.894
134.588 161.394
134.588 161.394
134.797 161.644
135.005 161.894
135.422 162.394
135.422 162.394
135.839 162.894
135.839 162.894
136.256 163.394
136.256 163.394
136.673 163.894
136.673 163.894
137.09 164.394
137.09 164.394
137.09 164.394
137.09 164.394
137.507 164.894
137.715 165.144
137.924 165.394
137.924 165.394
138.341 165.894
138.341 165.894
138.758 166.394
138.758 166.394
139.175 166.894
139.592 167.394
139.592 167.394
140.009 167.894
140.426 168.394
140.426 168.394
140.426 168.394
140.843 168.894
141.259 169.394
141.259 169.394
141.259 169.394
141.259 169.394
141.676 169.894
141.676 169.894
142.093 170.394
142.093 170.394
142.51 170.894
142.51 170.894
142.927 171.394
142.927 171.394
143.344 171.894
143.761 172.394
144.178 172.894
144.595 173.394
144.595 173.394
145.012 173.894
145.012 173.894
145.221 174.144
145.429 174.394
145.846 174.894
146.263 175.394
146.68 175.894
146.68 175.894
146.888 176.144
147.097 176.394
147.514 176.894
147.514 176.894
147.931 177.394
148.348 177.894
148.348 177.894
148.556 178.144
148.765 178.394
148.765 178.394
148.765 178.394
149.182 178.894
149.39 179.144
149.599 179.394
149.599 179.394
150.016 179.894
150.016 179.894
150.433 180.394
150.433 180.394
150.433 180.394
150.641 180.644
150.849 180.894
150.849 180.894
151.266 181.394
151.266 181.394
151.683 181.894
152.1 182.394
152.517 182.894
152.934 183.394
152.934 183.394
153.351 183.894
153.768 184.394
153.768 184.394
154.185 184.894
154.602 185.394
154.602 185.394
154.602 185.394
155.019 185.894
155.436 186.394
155.853 186.894
156.27 187.394
156.687 187.894
157.104 188.394
157.104 188.394
157.521 188.894
157.938 189.394
157.938 189.394
157.938 189.394
157.938 189.394
157.938 189.394
158.355 189.894
158.355 189.894
158.563 190.144
158.772 190.394
158.772 190.394
158.772 190.394
158.772 190.394
159.189 190.894
159.189 190.894
159.606 191.394
159.606 191.394
159.606 191.394
160.023 191.894
160.023 191.894
160.439 192.394
160.439 192.394
160.439 192.394
160.856 192.894
160.856 192.894
161.273 193.394
161.273 193.394
161.273 193.394
161.273 193.394
161.69 193.894
161.69 193.894
162.107 194.394
162.107 194.394
162.524 194.894
162.941 195.394
162.941 195.394
162.941 195.394
163.358 195.894
163.358 195.894
163.775 196.394
163.775 196.394
163.775 196.394
163.984 196.644
164.192 196.894
164.192 196.894
164.609 197.394
164.609 197.394
164.609 197.394
164.609 197.394
164.609 197.394
164.609 197.394
165.026 197.894
165.026 197.894
165.234 198.144
165.443 198.394
165.86 198.894
165.86 198.894
166.277 199.394
166.277 199.394
166.277 199.394
166.694 199.894
166.694 199.894
167.111 200.394
167.111 200.394
167.111 200.394
167.528 200.894
167.528 200.894
167.945 201.394
167.945 201.394
167.945 201.394
167.945 201.394
168.362 201.894
168.362 201.894
168.779 202.394
169.196 202.894
169.612 203.394
169.612 203.394
169.612 203.394
169.612 203.394
170.029 203.894
170.446 204.394
170.655 204.644
170.863 204.894
171.28 205.394
171.28 205.394
171.28 205.394
171.28 205.394
171.28 205.394
171.489 205.644
171.697 205.894
171.697 205.894
171.906 206.144
172.114 206.394
172.114 206.394
172.114 206.394
172.114 206.394
172.323 206.644
172.531 206.894
172.531 206.894
172.74 207.144
172.74 207.144
172.74 207.144
172.74 207.144
172.948 207.394
172.948 207.394
172.948 207.394
173.157 207.644
173.365 207.894
173.365 207.894
173.574 208.144
173.782 208.394
173.782 208.394
173.991 208.644
173.991 208.644
174.199 208.894
174.199 208.894
174.407 209.144
174.407 209.144
174.616 209.394
174.616 209.394
174.616 209.394
174.616 209.394
174.616 209.394
174.616 209.394
175.033 209.894
175.033 209.894
175.241 210.144
175.45 210.394
175.45 210.394
175.45 210.394
175.867 210.894
175.867 210.894
176.284 211.394
176.284 211.394
176.284 211.394
176.284 211.394
176.701 211.894
176.701 211.894
176.909 212.144
177.118 212.394
177.118 212.394
177.326 212.644
177.535 212.894
177.535 212.894
177.952 213.394
177.952 213.394
177.952 213.394
177.952 213.394
178.369 213.894
178.786 214.394
178.786 214.394
178.786 214.394
178.786 214.394
179.202 214.894
179.202 214.894
179.619 215.394
179.619 215.394
179.619 215.394
179.619 215.394
179.619 215.394
180.036 215.894
180.036 215.894
180.453 216.394
180.453 216.394
180.453 216.394
180.662 216.644
180.87 216.894
181.079 217.144
181.287 217.394
181.287 217.394
181.287 217.394
181.287 217.394
181.287 217.394
181.287 217.394
181.704 217.894
181.913 218.144
182.121 218.394
182.121 218.394
182.538 218.894
182.538 218.894
182.955 219.394
182.955 219.394
182.955 219.394
182.955 219.394
182.955 219.394
183.372 219.894
183.581 220.144
183.789 220.394
183.789 220.394
183.997 220.644
184.206 220.894
184.206 220.894
184.414 221.144
184.623 221.394
184.623 221.394
184.623 221.394
184.623 221.394
185.04 221.894
185.04 221.894
185.457 222.394
185.457 222.394
185.874 222.894
186.082 223.144
186.186 223.269
186.291 223.394
186.291 223.394
186.291 223.394
186.291 223.394
186.291 223.394
186.708 223.894
187.125 224.394
187.125 224.394
187.125 224.394
187.333 224.644
187.542 224.894
187.959 225.394
187.959 225.394
187.959 225.394
187.959 225.394
187.959 225.394
188.376 225.894
188.376 225.894
188.584 226.144
188.792 226.394
188.792 226.394
188.792 226.394
189.209 226.894
189.209 226.894
189.626 227.394
189.626 227.394
189.626 227.394
189.626 227.394
189.626 227.394
190.043 227.894
190.043 227.894
190.252 228.144
190.46 228.394
190.46 228.394
190.669 228.644
190.877 228.894
190.877 228.894
191.294 229.394
191.294 229.394
191.294 229.394
191.294 229.394
191.711 229.894
191.711 229.894
192.128 230.394
192.128 230.394
192.128 230.394
192.128 230.394
192.337 230.644
192.545 230.894
192.545 230.894
192.962 231.394
192.962 231.394
192.962 231.394
192.962 231.394
193.379 231.894
193.379 231.894
193.796 232.394
193.796 232.394
194.004 232.644
194.213 232.894
194.63 233.394
194.63 233.394
194.63 233.394
194.63 233.394
194.63 233.394
195.047 233.894
195.255 234.144
195.464 234.394
195.464 234.394
195.672 234.644
195.881 234.894
195.881 234.894
196.298 235.394
196.298 235.394
196.298 235.394
196.298 235.394
196.298 235.394
196.715 235.894
196.923 236.144
197.132 236.394
197.132 236.394
197.549 236.894
197.549 236.894
197.965 237.394
197.965 237.394
197.965 237.394
197.965 237.394
197.965 237.394
198.382 237.894
198.382 237.894
198.799 238.394
198.799 238.394
198.799 238.394
199.216 238.894
199.633 239.394
199.633 239.394
199.633 239.394
199.633 239.394
199.842 239.644
200.05 239.894
200.05 239.894
200.259 240.144
200.467 240.394
200.467 240.394
200.467 240.394
200.676 240.644
200.884 240.894
200.884 240.894
201.093 241.144
201.301 241.394
201.301 241.394
201.301 241.394
201.301 241.394
201.301 241.394
201.301 241.394
201.718 241.894
201.718 241.894
201.927 242.144
202.135 242.394
202.135 242.394
202.135 242.394
202.552 242.894
202.552 242.894
202.969 243.394
202.969 243.394
202.969 243.394
202.969 243.394
203.386 243.894
203.386 243.894
203.594 244.144
203.803 244.394
203.803 244.394
204.011 244.644
204.22 244.894
204.22 244.894
204.637 245.394
204.637 245.394
204.637 245.394
204.637 245.394
205.054 245.894
205.471 246.394
205.471 246.394
205.471 246.394
205.471 246.394
205.888 246.894
205.888 246.894
206.305 247.394
206.305 247.394
206.305 247.394
206.305 247.394
206.305 247.394
206.722 247.894
207.139 248.394
207.139 248.394
207.347 248.644
207.555 248.894
207.972 249.394
207.972 249.394
207.972 249.394
207.972 249.394
207.972 249.394
208.389 249.894
208.598 250.144
208.806 250.394
208.806 250.394
209.223 250.894
209.223 250.894
209.64 251.394
209.64 251.394
209.64 251.394
209.64 251.394
209.64 251.394
210.057 251.894
210.266 252.144
210.474 252.394
210.474 252.394
210.683 252.644
210.891 252.894
210.891 252.894
211.1 253.144
211.308 253.394
211.308 253.394
211.308 253.394
211.308 253.394
211.725 253.894
211.725 253.894
212.142 254.394
212.142 254.394
212.559 254.894
212.767 255.144
212.872 255.269
212.976 255.394
212.976 255.394
212.976 255.394
212.976 255.394
212.976 255.394
213.393 255.894
213.81 256.394
213.81 256.394
213.81 256.394
214.018 256.644
214.227 256.894
214.644 257.394
214.644 257.394
214.644 257.394
214.644 257.394
214.644 257.394
215.061 257.894
215.061 257.894
215.269 258.144
215.478 258.394
215.478 258.394
215.478 258.394
215.895 258.894
215.895 258.894
216.312 259.394
216.312 259.394
216.312 259.394
216.312 259.394
216.312 259.394
216.729 259.894
216.729 259.894
216.937 260.144
217.145 260.394
217.145 260.394
217.354 260.644
217.562 260.894
217.562 260.894
217.979 261.394
217.979 261.394
217.979 261.394
217.979 261.394
218.396 261.894
218.396 261.894
218.813 262.394
218.813 262.394
218.813 262.394
218.813 262.394
219.022 262.644
219.23 262.894
219.23 262.894
219.647 263.394
219.647 263.394
219.647 263.394
219.647 263.394
220.064 263.894
220.064 263.894
220.481 264.394
220.481 264.394
220.69 264.644
220.898 264.894
221.315 265.394
221.315 265.394
221.315 265.394
221.315 265.394
221.315 265.394
221.732 265.894
221.94 266.144
222.149 266.394
222.149 266.394
222.357 266.644
222.566 266.894
222.566 266.894
222.983 267.394
222.983 267.394
222.983 267.394
222.983 267.394
222.983 267.394
223.4 267.894
223.608 268.144
223.817 268.394
223.817 268.394
224.234 268.894
224.234 268.894
224.609 269.344
224.651 269.394
225.045 269.867
225.068 269.894
225.467 270.373
225.881 270.869
226.292 271.363
226.694 271.844
227.119 272.354
227.978 273.383
227.986 273.394
228.367 273.85
228.403 273.894
228.815 274.387
228.82 274.394
229.211 274.863
229.237 274.894
229.635 275.371
229.654 275.394
230.479 276.383
230.917 276.908
231.306 277.375
231.322 277.394
231.53 277.644
231.708 277.856
232.121 278.352
232.137 278.371
232.156 278.394
232.54 278.854
232.573 278.894
232.934 279.327
232.99 279.394
233.342 279.817
233.77 280.329
234.206 280.852
234.592 281.315
234.658 281.394
235.009 281.815
235.075 281.894
235.46 282.356
235.492 282.394
236.117 283.144
236.325 283.394
236.327 283.396
236.742 283.894
236.788 283.948
237.159 284.394
237.248 284.5
237.25 284.502
237.621 284.948
237.743 285.094
237.748 285.1
237.879 285.256
238.174 285.61
238.315 285.779
238.318 285.783
238.32 285.785
238.325 285.792
238.779 286.335
239.329 286.996
239.769 287.523
240.353 288.223
241.185 289.221
242.302 290.56
242.585 290.9
242.588 290.904
242.59 290.906
242.595 290.913
243.099 291.517
243.648 292.175
244.199 292.835
244.63 293.352
244.673 293.404
244.718 293.458
244.725 293.467
245.179 294.01
245.2 294.035
245.201 294.038
245.747 294.692
245.766 294.715
245.775 294.725
246.48 295.571
246.518 295.617
247.462 296.748
247.465 296.752
247.477 296.767
247.484 296.775
247.528 296.827
247.531 296.831
247.533 296.833
247.651 296.975
