2.61458 3.1375
3.03125 3.6375
3.44792 4.1375
3.86458 4.6375
4.69791 5.6375
5.94791 7.1375
6.36458 7.6375
6.78125 8.1375
7.19791 8.6375
8.44791 10.1375
8.86805 10.6417
9.04514 10.8542
9.28125 11.1375
9.28125 11.1375
9.69791 11.6375
10.1146 12.1375
10.5312 12.6375
11.7812 14.1375
12.6146 15.1375
13.0312 15.6375
13.4479 16.1375
13.8646 16.6375
15.1146 18.1375
15.1146 18.1375
15.5312 18.6375
15.9479 19.1375
15.9479 19.1375
16.3646 19.6375
16.7812 20.1375
17.1979 20.6375
17.6146 21.1375
18.0312 21.6375
18.4479 22.1375
18.4479 22.1375
18.4479 22.1375
18.8646 22.6375
19.0729 22.8875
19.2812 23.1375
19.6979 23.6375
20.1146 24.1375
20.5312 24.6375
21.3646 25.6375
21.7812 26.1375
21.7812 26.1375
22.1979 26.6375
22.1979 26.6375
22.6146 27.1375
22.6146 27.1375
22.6146 27.1375
23.0312 27.6375
23.4479 28.1375
23.8646 28.6375
23.8646 28.6375
24.2812 29.1375
24.6979 29.6375
25.1146 30.1375
25.1146 30.1375
25.1146 30.1375
25.5312 30.6375
25.9479 31.1375
25.9479 31.1375
25.9479 31.1375
25.9479 31.1375
26.3646 31.6375
26.7812 32.1375
26.7812 32.1375
27.1979 32.6375
27.1979 32.6375
28.0312 33.6375
28.4479 34.1375
28.4479 34.1375
28.4479 34.1375
28.8646 34.6375
29.2812 35.1375
29.2812 35.1375
29.2812 35.1375
29.2812 35.1375
29.6979 35.6375
30.1146 36.1375
30.5312 36.6375
30.5312 36.6375
30.5312 36.6375
30.9479 37.1375
31.3646 37.6375
31.3646 37.6375
31.7812 38.1375
31.7812 38.1375
31.7812 38.1375
32.1979 38.6375
32.6146 39.1375
32.6146 39.1375
33.0312 39.6375
33.4479 40.1375
33.8646 40.6375
34.6979 41.6375
35.1146 42.1375
35.1146 42.1375
35.5312 42.6375
35.5312 42.6375
35.9479 43.1375
35.9479 43.1375
36.3646 43.6375
36.7812 44.1375
37.1979 44.6375
37.1979 44.6375
37.6146 45.1375
38.0312 45.6375
38.4479 46.1375
38.4479 46.1375
38.4479 46.1375
38.4479 46.1375
38.8646 46.6375
39.2812 47.1375
39.6979 47.6375
39.6979 47.6375
40.1146 48.1375
40.5312 48.6375
40.9479 49.1375
41.7812 50.1375
41.7812 50.1375
42.1979 50.6375
42.1979 50.6375
42.6146 51.1375
42.6146 51.1375
43.0312 51.6375
43.4479 52.1375
43.8646 52.6375
43.8646 52.6375
43.8646 52.6375
44.2812 53.1375
44.6979 53.6375
44.6979 53.6375
45.1146 54.1375
45.1146 54.1375
45.5312 54.6375
45.5312 54.6375
45.5312 54.6375
45.9479 55.1375
45.9479 55.1375
46.3646 55.6375
46.7812 56.1375
47.1979 56.6375
47.1979 56.6375
48.0312 57.6375
48.4479 58.1375
48.4479 58.1375
48.8646 58.6375
48.8646 58.6375
49.2812 59.1375
49.2812 59.1375
49.2812 59.1375
49.6979 59.6375
50.1146 60.1375
50.1146 60.1375
50.5312 60.6375
50.5312 60.6375
50.9479 61.1375
51.3646 61.6375
51.3646 61.6375
51.7812 62.1375
51.7812 62.1375
51.7812 62.1375
52.1979 62.6375
52.1979 62.6375
52.1979 62.6375
52.6146 63.1375
52.6146 63.1375
52.6146 63.1375
52.6146 63.1375
53.0312 63.6375
53.0312 63.6375
53.2396 63.8875
53.4479 64.1375
53.4479 64.1375
54.6979 65.6375
54.9062 65.8875
55.1146 66.1375
55.1146 66.1375
55.5312 66.6375
55.5312 66.6375
55.9479 67.1375
55.9479 67.1375
55.9479 67.1375
55.9479 67.1375
56.3646 67.6375
56.7812 68.1375
56.7812 68.1375
56.9896 68.3875
56.9896 68.3875
57.6146 69.1375
57.6146 69.1375
57.6146 69.1375
57.6146 69.1375
57.6146 69.1375
58.4479 70.1375
58.4479 70.1375
58.4479 70.1375
58.4479 70.1375
58.8646 70.6375
59.2812 71.1375
59.2812 71.1375
59.2812 71.1375
59.2812 71.1375
59.2812 71.1375
60.1146 72.1375
60.1146 72.1375
60.1146 72.1375
60.1146 72.1375
60.5312 72.6375
60.7396 72.8875
60.9479 73.1375
60.9479 73.1375
60.9479 73.1375
61.3646 73.6375
61.7812 74.1375
61.7812 74.1375
61.7812 74.1375
62.1979 74.6375
62.6146 75.1375
62.6146 75.1375
62.6146 75.1375
62.6146 75.1375
62.6146 75.1375
63.0312 75.6375
63.4479 76.1375
63.4479 76.1375
63.8646 76.6375
64.2812 77.1375
64.2812 77.1375
64.6979 77.6375
65.1146 78.1375
65.1146 78.1375
65.3229 78.3875
65.5312 78.6375
65.5312 78.6375
65.9479 79.1375
65.9479 79.1375
65.9479 79.1375
65.9479 79.1375
66.5729 79.8875
66.7812 80.1375
66.7812 80.1375
67.4062 80.8875
67.6146 81.1375
67.6146 81.1375
68.0312 81.6375
68.0312 81.6375
68.0312 81.6375
68.2396 81.8875
68.4479 82.1375
68.4479 82.1375
68.4479 82.1375
68.8646 82.6375
68.8646 82.6375
69.2812 83.1375
69.2812 83.1375
69.2812 83.1375
69.2812 83.1375
69.6979 83.6375
69.6979 83.6375
69.9062 83.8875
69.9062 83.8875
70.1146 84.1375
70.1146 84.1375
70.1146 84.1375
70.7396 84.8875
70.9479 85.1375
70.9479 85.1375
71.3646 85.6375
71.7812 86.1375
71.7812 86.1375
72.1979 86.6375
72.6146 87.1375
72.6146 87.1375
72.6146 87.1375
72.6146 87.1375
72.6146 87.1375
73.0312 87.6375
73.2396 87.8875
73.4479 88.1375
73.4479 88.1375
73.4479 88.1375
73.8646 88.6375
74.2812 89.1375
74.2812 89.1375
74.2812 89.1375
74.6979 89.6375
74.6979 89.6375
74.6979 89.6375
75.1146 90.1375
75.1146 90.1375
75.1146 90.1375
75.5312 90.6375
75.5312 90.6375
75.5312 90.6375
75.9479 91.1375
75.9479 91.1375
75.9479 91.1375
75.9479 91.1375
75.9479 91.1375
75.9479 91.1375
76.3646 91.6375
76.3646 91.6375
76.7812 92.1375
76.7812 92.1375
76.7812 92.1375
76.7812 92.1375
77.1979 92.6375
77.1979 92.6375
77.6146 93.1375
77.6146 93.1375
77.6146 93.1375
77.6146 93.1375
78.0312 93.6375
78.2396 93.8875
78.4479 94.1375
78.4479 94.1375
78.6562 94.3875
78.8646 94.6375
78.8646 94.6375
79.2812 95.1375
79.2812 95.1375
79.2812 95.1375
79.2812 95.1375
79.2812 95.1375
79.2812 95.1375
79.6979 95.6375
80.1146 96.1375
80.1146 96.1375
80.1146 96.1375
80.1146 96.1375
80.5312 96.6375
80.5312 96.6375
80.7396 96.8875
80.7396 96.8875
80.7396 96.8875
80.7396 96.8875
81.1562 97.3875
81.1562 97.3875
81.1562 97.3875
81.3646 97.6375
81.5729 97.8875
81.7812 98.1375
81.7812 98.1375
81.7812 98.1375
81.7812 98.1375
82.1979 98.6375
82.1979 98.6375
82.6146 99.1375
82.6146 99.1375
82.6146 99.1375
82.6146 99.1375
82.6146 99.1375
82.6146 99.1375
83.0312 99.6375
83.2396 99.8875
83.4479 100.138
83.4479 100.138
83.4479 100.138
83.4479 100.138
83.8645 100.637
83.8645 100.637
84.2812 101.138
84.2812 101.138
84.2812 101.138
84.2812 101.138
84.6979 101.638
84.6979 101.638
84.9062 101.888
85.1145 102.138
85.1145 102.138
85.1145 102.138
85.1145 102.138
85.3229 102.388
85.5312 102.638
85.5312 102.638
85.5312 102.638
85.5312 102.638
85.9479 103.138
85.9479 103.138
85.9479 103.138
85.9479 103.138
86.3645 103.638
86.5729 103.888
86.7812 104.138
86.7812 104.138
87.1979 104.638
87.4062 104.888
87.4062 104.888
87.6145 105.138
87.6145 105.138
88.0312 105.638
88.0312 105.638
88.0312 105.638
88.2395 105.888
88.4479 106.137
88.4479 106.137
88.4479 106.137
88.6562 106.388
88.8645 106.638
88.8645 106.638
89.2812 107.138
89.2812 107.138
89.2812 107.138
89.2812 107.138
89.2812 107.138
89.6979 107.638
89.9062 107.888
90.1145 108.138
90.1145 108.138
90.1145 108.138
90.5312 108.638
90.5312 108.638
90.7395 108.888
90.9479 109.138
91.1562 109.388
91.1562 109.388
91.3645 109.638
91.5729 109.888
91.5729 109.888
91.7812 110.138
91.7812 110.138
92.1979 110.638
92.4062 110.888
92.6145 111.138
92.6145 111.138
92.6145 111.138
92.6145 111.138
93.0312 111.637
93.0312 111.637
93.4479 112.138
93.4479 112.138
93.4479 112.138
93.8645 112.638
94.0729 112.888
94.2812 113.138
94.2812 113.138
94.2812 113.138
94.6979 113.638
94.9062 113.888
95.1145 114.138
95.1145 114.138
95.1145 114.138
95.3229 114.388
95.5312 114.638
95.5312 114.638
95.9479 115.138
95.9479 115.138
95.9479 115.138
95.9479 115.138
95.9479 115.138
96.3645 115.638
96.5729 115.888
96.7812 116.138
96.7812 116.138
96.7812 116.138
96.7812 116.138
97.1979 116.638
97.4062 116.888
97.6145 117.138
97.6145 117.138
97.6145 117.138
97.6145 117.138
98.0312 117.638
98.2395 117.887
98.4479 118.138
98.4479 118.138
98.4479 118.138
98.8645 118.638
98.8645 118.638
99.2812 119.138
99.2812 119.138
99.2812 119.138
99.2812 119.138
99.6979 119.638
99.6979 119.638
99.9062 119.888
100.115 120.138
100.115 120.138
100.531 120.638
100.948 121.138
100.948 121.138
100.948 121.138
100.948 121.138
100.991 121.19
101.365 121.638
101.365 121.638
101.573 121.888
101.573 121.888
101.781 122.138
101.781 122.138
101.828 122.194
101.99 122.388
101.99 122.388
102.198 122.638
102.615 123.138
102.615 123.138
102.615 123.138
102.615 123.138
102.615 123.138
102.623 123.148
103.031 123.638
103.031 123.638
103.448 124.137
103.448 124.137
103.448 124.137
103.448 124.137
103.865 124.638
103.865 124.638
104.073 124.888
104.073 124.888
104.073 124.888
104.281 125.138
104.49 125.388
104.49 125.388
104.49 125.388
104.698 125.638
104.906 125.888
105.115 126.138
105.115 126.138
105.115 126.138
105.531 126.638
105.531 126.638
105.531 126.638
105.948 127.138
105.948 127.138
105.948 127.138
105.948 127.138
105.948 127.138
105.948 127.138
105.984 127.181
106.365 127.638
106.781 128.137
106.781 128.137
106.781 128.137
106.781 128.137
107.198 128.637
107.198 128.637
107.406 128.887
107.406 128.887
107.406 128.887
107.406 128.887
107.823 129.387
107.823 129.387
108.031 129.637
108.24 129.887
108.448 130.137
108.448 130.137
108.448 130.137
108.656 130.387
108.865 130.637
108.865 130.637
108.865 130.637
109.073 130.887
109.281 131.137
109.281 131.137
109.281 131.137
109.281 131.137
109.281 131.137
109.698 131.637
110.115 132.137
110.115 132.137
110.115 132.137
110.115 132.137
110.531 132.637
110.74 132.887
110.948 133.137
110.948 133.137
110.948 133.137
110.948 133.137
111.365 133.637
111.573 133.887
111.781 134.137
111.781 134.137
111.781 134.137
111.781 134.137
112.198 134.637
112.198 134.637
112.615 135.137
112.615 135.137
112.615 135.137
112.615 135.137
113.031 135.637
113.031 135.637
113.448 136.137
113.448 136.137
113.865 136.637
114.281 137.137
114.281 137.137
114.281 137.137
114.281 137.137
114.698 137.637
114.698 137.637
114.906 137.887
115.115 138.137
115.115 138.137
115.115 138.137
115.531 138.637
115.531 138.637
115.948 139.137
115.948 139.137
115.948 139.137
115.948 139.137
116.365 139.637
116.365 139.637
116.781 140.137
116.781 140.137
116.781 140.137
117.198 140.637
117.615 141.137
117.615 141.137
118.031 141.637
118.031 141.637
118.448 142.137
118.448 142.137
118.448 142.137
118.865 142.637
118.865 142.637
119.281 143.137
119.281 143.137
119.281 143.137
119.281 143.137
119.281 143.137
119.698 143.637
119.698 143.637
120.115 144.137
120.115 144.137
120.115 144.137
120.531 144.637
120.531 144.637
120.74 144.887
120.948 145.137
121.365 145.637
121.365 145.637
121.781 146.137
121.781 146.137
121.781 146.137
121.781 146.137
122.198 146.637
122.198 146.637
122.615 147.137
122.615 147.137
122.615 147.137
122.615 147.137
122.615 147.137
123.031 147.637
123.448 148.137
123.448 148.137
123.448 148.137
123.448 148.137
123.865 148.637
124.281 149.137
124.281 149.137
124.281 149.137
124.281 149.137
124.698 149.637
124.906 149.887
125.115 150.137
125.115 150.137
125.115 150.137
125.323 150.387
125.531 150.637
125.74 150.887
125.948 151.137
125.948 151.137
125.948 151.137
125.948 151.137
126.781 152.137
126.781 152.137
126.781 152.137
127.406 152.887
127.615 153.137
127.615 153.137
128.865 154.637
129.281 155.137
129.281 155.137
129.281 155.137
129.698 155.637
130.115 156.137
130.115 156.137
130.531 156.637
130.948 157.137
130.948 157.137
130.948 157.137
131.573 157.887
131.781 158.137
131.781 158.137
132.198 158.637
132.615 159.137
132.615 159.137
132.615 159.137
133.031 159.637
133.448 160.137
133.448 160.137
133.865 160.638
134.281 161.137
134.281 161.137
134.281 161.137
134.906 161.887
135.115 162.138
135.115 162.138
135.115 162.138
135.531 162.637
135.948 163.137
135.948 163.137
135.948 163.137
135.948 163.137
136.365 163.637
136.781 164.137
136.781 164.137
137.198 164.637
137.615 165.137
137.615 165.137
138.24 165.887
138.448 166.137
138.448 166.137
138.448 166.137
138.865 166.637
139.281 167.137
139.49 167.387
139.49 167.387
139.49 167.387
139.49 167.387
140.531 168.637
140.531 168.637
140.531 168.637
140.531 168.637
140.531 168.637
141.365 169.637
141.781 170.137
141.781 170.137
141.781 170.137
141.781 170.137
142.198 170.637
142.615 171.137
142.615 171.137
142.615 171.137
142.615 171.137
142.615 171.137
142.615 171.137
143.865 172.637
143.865 172.637
143.865 172.637
143.865 172.637
143.865 172.637
143.865 172.637
145.115 174.137
145.531 174.637
145.948 175.137
145.948 175.137
146.365 175.637
146.781 176.137
147.198 176.637
147.198 176.637
147.406 176.887
147.615 177.137
148.031 177.637
148.031 177.637
148.448 178.137
148.448 178.137
148.865 178.637
148.865 178.637
148.865 178.637
149.073 178.887
149.281 179.137
149.698 179.637
149.698 179.637
150.115 180.137
150.115 180.137
150.531 180.637
150.531 180.637
150.531 180.637
151.365 181.637
151.365 181.637
151.781 182.137
151.781 182.137
151.781 182.137
152.198 182.638
152.198 182.638
152.198 182.638
152.615 183.137
152.615 183.137
152.615 183.137
153.031 183.637
153.448 184.138
153.448 184.138
153.865 184.637
153.865 184.637
154.281 185.137
154.698 185.637
154.698 185.637
155.115 186.137
155.115 186.137
155.115 186.137
155.531 186.637
155.531 186.637
155.531 186.637
155.948 187.137
155.948 187.137
155.948 187.137
155.948 187.137
156.365 187.637
156.365 187.637
156.573 187.887
156.781 188.137
156.781 188.137
158.031 189.637
158.24 189.887
158.448 190.137
158.448 190.137
158.448 190.137
158.865 190.637
158.865 190.637
158.865 190.637
159.281 191.137
159.281 191.137
159.281 191.137
159.281 191.137
159.281 191.137
159.698 191.637
160.115 192.137
160.115 192.137
160.323 192.387
160.323 192.387
160.948 193.137
160.948 193.137
160.948 193.137
160.948 193.137
160.948 193.137
161.781 194.137
161.781 194.137
161.781 194.137
161.781 194.137
162.198 194.637
162.615 195.138
162.615 195.138
162.615 195.138
162.615 195.138
162.615 195.138
162.615 195.138
163.448 196.137
163.448 196.137
163.448 196.137
163.448 196.137
163.448 196.137
163.865 196.637
164.073 196.887
164.281 197.137
164.281 197.137
164.281 197.137
164.281 197.137
164.698 197.637
165.115 198.137
165.115 198.137
165.115 198.137
165.531 198.637
165.948 199.137
165.948 199.137
165.948 199.137
165.948 199.137
165.948 199.137
166.365 199.637
166.781 200.137
166.781 200.137
167.198 200.637
167.615 201.137
167.615 201.137
168.031 201.637
168.448 202.137
168.448 202.137
168.448 202.137
168.656 202.387
168.865 202.637
168.865 202.637
169.281 203.137
169.281 203.137
169.281 203.137
169.281 203.137
169.281 203.137
169.906 203.887
170.115 204.137
170.115 204.137
170.115 204.137
170.74 204.887
170.948 205.137
170.948 205.137
170.948 205.137
171.365 205.637
171.365 205.637
171.365 205.637
171.573 205.887
171.781 206.138
171.781 206.138
171.781 206.138
171.781 206.138
172.198 206.637
172.198 206.637
172.615 207.137
172.615 207.137
172.615 207.137
172.615 207.137
172.615 207.137
173.031 207.638
173.031 207.638
173.24 207.887
173.24 207.887
173.448 208.137
173.448 208.137
174.073 208.887
174.281 209.137
174.698 209.637
175.115 210.137
175.115 210.137
175.531 210.637
175.531 210.637
175.948 211.137
175.948 211.137
175.948 211.137
175.948 211.137
175.948 211.137
176.365 211.637
176.573 211.887
176.781 212.137
176.781 212.137
177.198 212.637
177.198 212.637
177.615 213.137
177.615 213.137
178.031 213.637
178.031 213.637
178.031 213.637
178.448 214.137
178.448 214.137
178.865 214.637
178.865 214.637
178.865 214.637
179.281 215.137
179.281 215.137
179.281 215.137
179.281 215.137
179.281 215.137
179.698 215.637
179.698 215.637
180.115 216.137
180.115 216.137
180.115 216.137
180.115 216.137
180.531 216.637
180.531 216.637
180.948 217.138
180.948 217.138
180.948 217.138
180.948 217.138
181.365 217.637
181.573 217.888
181.781 218.137
181.781 218.137
181.99 218.387
182.198 218.638
182.198 218.638
182.615 219.137
182.615 219.137
182.615 219.137
182.615 219.137
182.615 219.137
183.031 219.637
183.448 220.137
183.448 220.137
183.448 220.137
183.448 220.137
183.865 220.637
183.865 220.637
184.073 220.887
184.073 220.887
184.073 220.887
184.073 220.887
184.49 221.387
184.49 221.387
184.49 221.387
184.698 221.637
184.906 221.887
185.115 222.137
185.115 222.137
185.115 222.137
185.115 222.137
185.531 222.637
185.531 222.637
185.948 223.137
185.948 223.137
185.948 223.137
185.948 223.137
185.948 223.137
186.365 223.637
186.573 223.887
186.781 224.137
186.781 224.137
186.781 224.137
186.781 224.137
187.198 224.637
187.198 224.637
187.615 225.137
187.615 225.137
187.615 225.137
187.615 225.137
188.031 225.637
188.031 225.637
188.24 225.887
188.448 226.137
188.448 226.137
188.448 226.137
188.448 226.137
188.656 226.387
188.865 226.637
188.865 226.637
188.865 226.637
188.865 226.637
189.281 227.137
189.281 227.137
189.281 227.137
189.281 227.137
189.698 227.637
189.906 227.887
190.115 228.138
190.115 228.138
190.115 228.138
190.531 228.637
190.74 228.888
190.74 228.888
190.948 229.137
190.948 229.137
190.948 229.137
191.365 229.638
191.365 229.638
191.365 229.638
191.573 229.887
191.781 230.137
191.781 230.137
191.781 230.137
191.99 230.387
192.198 230.637
192.198 230.637
192.615 231.137
192.615 231.137
192.615 231.137
192.615 231.137
192.615 231.137
193.031 231.637
193.24 231.887
193.448 232.137
193.448 232.137
193.448 232.137
193.865 232.637
193.865 232.637
194.073 232.887
194.281 233.137
194.49 233.387
194.49 233.387
194.698 233.637
194.906 233.887
194.906 233.887
195.115 234.137
195.115 234.137
195.531 234.637
195.74 234.887
195.948 235.137
195.948 235.137
195.948 235.137
195.948 235.137
196.365 235.637
196.365 235.637
196.781 236.137
196.781 236.137
196.781 236.137
197.198 236.637
197.406 236.887
197.615 237.137
197.615 237.137
197.615 237.137
197.615 237.137
198.031 237.637
198.031 237.637
198.24 237.887
198.448 238.137
198.448 238.137
198.448 238.137
198.448 238.137
198.656 238.387
198.865 238.637
198.865 238.637
198.865 238.637
199.281 239.138
199.281 239.138
199.281 239.138
199.281 239.138
199.281 239.138
199.281 239.138
199.698 239.637
199.906 239.888
200.115 240.137
200.115 240.137
200.115 240.137
200.115 240.137
200.531 240.638
200.74 240.887
200.948 241.137
200.948 241.137
200.948 241.137
200.948 241.137
200.948 241.137
201.365 241.637
201.573 241.887
201.781 242.137
201.781 242.137
201.781 242.137
201.781 242.137
202.198 242.637
202.198 242.637
202.615 243.137
202.615 243.137
202.615 243.137
202.615 243.137
202.615 243.137
203.031 243.637
203.031 243.637
203.24 243.887
203.448 244.137
203.448 244.137
203.865 244.637
204.281 245.137
204.281 245.137
204.281 245.137
204.281 245.137
204.49 245.387
204.698 245.637
204.698 245.637
204.906 245.887
204.906 245.887
205.115 246.137
205.115 246.137
205.115 246.137
205.323 246.387
205.323 246.387
205.323 246.387
205.531 246.637
205.531 246.637
205.74 246.887
205.948 247.137
205.948 247.137
205.948 247.137
205.948 247.137
205.948 247.137
205.948 247.137
206.365 247.637
206.365 247.637
206.781 248.137
206.781 248.137
206.781 248.137
206.781 248.137
207.198 248.637
207.198 248.637
207.406 248.887
207.406 248.887
207.406 248.887
207.615 249.137
207.823 249.387
207.823 249.387
207.823 249.387
208.031 249.637
208.24 249.887
208.448 250.138
208.448 250.138
208.448 250.138
208.864 250.637
208.864 250.637
208.864 250.637
209.281 251.137
209.281 251.137
209.281 251.137
209.281 251.137
209.281 251.137
209.281 251.137
209.698 251.638
210.114 252.137
210.114 252.137
210.114 252.137
210.114 252.137
210.531 252.637
210.531 252.637
210.739 252.887
210.739 252.887
210.739 252.887
210.739 252.887
211.156 253.387
211.156 253.387
211.364 253.637
211.573 253.887
211.781 254.137
211.781 254.137
211.781 254.137
211.989 254.387
212.198 254.637
212.198 254.637
212.198 254.637
212.406 254.887
212.614 255.137
212.614 255.137
212.614 255.137
212.614 255.137
212.614 255.137
213.031 255.637
213.448 256.137
213.448 256.137
213.448 256.137
213.448 256.137
213.864 256.637
214.073 256.887
214.281 257.137
214.281 257.137
214.281 257.137
214.281 257.137
214.698 257.637
214.906 257.887
215.114 258.137
215.114 258.137
215.114 258.137
215.114 258.137
215.531 258.637
215.531 258.637
215.948 259.137
215.948 259.137
215.948 259.137
215.948 259.137
216.364 259.637
216.364 259.637
216.781 260.137
216.781 260.137
217.198 260.637
217.614 261.137
217.614 261.137
217.614 261.137
217.614 261.137
218.031 261.637
218.031 261.637
218.239 261.887
218.448 262.137
218.448 262.137
218.448 262.137
218.864 262.637
218.864 262.637
219.281 263.137
219.281 263.137
219.281 263.137
219.281 263.137
219.698 263.637
219.698 263.637
220.114 264.137
220.114 264.137
220.114 264.137
220.531 264.637
220.948 265.137
220.948 265.137
221.364 265.637
221.364 265.637
221.781 266.137
221.781 266.137
221.781 266.137
222.198 266.637
222.198 266.637
222.614 267.137
222.614 267.137
222.614 267.137
222.614 267.137
222.614 267.137
223.031 267.637
223.031 267.637
223.448 268.137
223.448 268.137
223.448 268.137
223.864 268.637
223.864 268.637
224.073 268.887
224.281 269.137
224.698 269.637
224.698 269.637
225.114 270.137
225.114 270.137
225.114 270.137
225.114 270.137
225.531 270.637
225.531 270.637
225.948 271.137
225.948 271.137
225.948 271.137
225.948 271.137
225.948 271.137
226.364 271.637
226.781 272.137
226.781 272.137
226.781 272.137
226.781 272.137
227.198 272.637
227.614 273.137
227.614 273.137
227.614 273.137
227.614 273.137
228.031 273.637
228.239 273.887
228.448 274.137
228.448 274.137
228.448 274.137
228.656 274.387
228.864 274.637
229.073 274.887
229.281 275.137
229.281 275.137
229.281 275.137
229.281 275.137
230.114 276.137
230.114 276.137
230.114 276.137
230.739 276.887
230.948 277.137
230.948 277.137
232.198 278.637
232.614 279.137
232.614 279.137
232.614 279.137
232.614 279.137
233.239 279.887
233.448 280.137
233.448 280.137
233.448 280.137
234.281 281.137
234.281 281.137
234.906 281.887
235.114 282.137
235.323 282.387
235.531 282.637
235.948 283.137
235.948 283.137
235.948 283.137
235.948 283.137
235.948 283.137
236.781 284.137
236.781 284.137
236.781 284.137
237.614 285.137
237.614 285.137
237.614 285.137
238.239 285.887
238.448 286.137
238.448 286.137
238.448 286.137
239.281 287.137
239.288 287.146
239.29 287.148
239.746 287.696
240.137 288.165
240.58 288.696
240.972 289.167
240.981 289.177
241.573 289.887
241.797 290.156
241.807 290.169
242.208 290.65
242.623 291.148
242.623 291.148
242.627 291.152
242.644 291.173
243.134 291.76
243.456 292.148
243.469 292.163
243.476 292.171
244.12 292.944
244.33 293.196
244.333 293.2
244.911 293.894
245.194 294.233
245.196 294.235
245.974 295.169
245.986 295.183
245.995 295.194
246.003 295.204
246.003 295.204
246.769 296.123
246.769 296.123
247.403 296.883
247.62 297.144
248.087 297.704
248.455 298.146
248.462 298.154
248.88 298.656
249.307 299.169
249.309 299.171
249.338 299.206
249.906 299.887
250.083 300.1
250.085 300.102
250.776 300.931
250.974 301.169
250.976 301.171
251.456 301.748
251.901 302.281
251.903 302.283
252.663 303.196
252.793 303.352
252.826 303.392
252.878 303.454
253.75 304.5
254.022 304.827
254.231 305.077
254.496 305.396
254.778 305.733
255.085 306.102
255.443 306.531
255.805 306.967
256.196 307.435
256.627 307.952
257.458 308.95
257.561 309.073
257.708 309.25
