0.681962 0.897917
0.683545 0.9
0.685127 0.902083
0.685127 0.902083
0.686709 0.904167
0.781646 1.02917
5.1076 6.725
5.12342 6.74583
5.12342 6.74583
5.12342 6.74583
5.13133 6.75625
5.1345 6.76042
8.62342 11.3542
8.625 11.3562
8.63292 11.3667
8.6345 11.3688
8.64083 11.3771
8.65348 11.3938
12.7579 16.7979
12.7658 16.8083
13.182 17.3562
13.6725 18.0021
14.2753 18.7958
15.9146 20.9542
15.9304 20.975
15.9794 21.0396
16.0317 21.1083
16.0997 21.1979
16.1139 21.2167
16.1582 21.275
17.6661 23.2604
17.6741 23.2708
17.6772 23.275
17.6851 23.2854
17.7563 23.3792
20.3434 26.7854
20.356 26.8021
20.3592 26.8062
20.4336 26.9042
23.3987 30.8083
26.2231 34.5271
26.2231 34.5271
26.2231 34.5271
26.2231 34.5271
26.2231 34.5271
26.2231 34.5271
26.6029 35.0271
26.6029 35.0271
26.6029 35.0271
26.9826 35.5271
26.9826 35.5271
26.9826 35.5271
26.9826 35.5271
27.5522 36.2771
27.7421 36.5271
27.7421 36.5271
27.7421 36.5271
27.932 36.7771
28.1218 37.0271
28.3117 37.2771
28.4067 37.4021
28.4067 37.4021
28.5016 37.5271
28.5016 37.5271
28.5016 37.5271
28.8813 38.0271
29.2611 38.5271
29.2611 38.5271
29.2611 38.5271
29.2611 38.5271
29.6408 39.0271
29.8307 39.2771
30.0206 39.5271
30.0206 39.5271
30.4003 40.0271
30.4003 40.0271
30.7801 40.5271
30.7801 40.5271
30.7801 40.5271
30.7801 40.5271
30.7801 40.5271
31.1598 41.0271
31.1598 41.0271
31.1598 41.0271
31.5396 41.5271
31.5396 41.5271
31.5396 41.5271
31.5396 41.5271
32.1092 42.2771
32.2991 42.5271
32.2991 42.5271
32.2991 42.5271
32.4889 42.7771
32.6788 43.0271
32.8687 43.2771
33.0586 43.5271
33.0586 43.5271
33.0586 43.5271
33.0586 43.5271
33.0586 43.5271
33.6282 44.2771
33.8181 44.5271
33.8181 44.5271
33.8181 44.5271
33.8181 44.5271
34.0079 44.7771
34.1978 45.0271
34.3877 45.2771
34.5775 45.5271
34.5775 45.5271
34.5775 45.5271
34.7674 45.7771
34.9573 46.0271
35.1472 46.2771
35.337 46.5271
35.337 46.5271
35.337 46.5271
35.337 46.5271
35.337 46.5271
35.7168 47.0271
35.7168 47.0271
36.0965 47.5271
36.0965 47.5271
36.0965 47.5271
36.0965 47.5271
36.4763 48.0271
36.4763 48.0271
36.6662 48.2771
36.856 48.5271
36.856 48.5271
37.0459 48.7771
37.2358 49.0271
37.2358 49.0271
37.4256 49.2771
37.4256 49.2771
37.6155 49.5271
37.6155 49.5271
37.6155 49.5271
37.9953 50.0271
37.9953 50.0271
38.1851 50.2771
38.375 50.5271
38.375 50.5271
38.5649 50.7771
38.7548 51.0271
38.7548 51.0271
38.9446 51.2771
39.1345 51.5271
39.1345 51.5271
39.3244 51.7771
39.5143 52.0271
39.7041 52.2771
39.894 52.5271
39.894 52.5271
39.894 52.5271
39.894 52.5271
40.2738 53.0271
40.2738 53.0271
40.4636 53.2771
40.6535 53.5271
40.6535 53.5271
41.0332 54.0271
41.0332 54.0271
41.2231 54.2771
41.413 54.5271
41.413 54.5271
41.6029 54.7771
41.6029 54.7771
41.7927 55.0271
41.7927 55.0271
41.9826 55.2771
42.1725 55.5271
42.1725 55.5271
42.1725 55.5271
42.1725 55.5271
42.5522 56.0271
42.5522 56.0271
42.932 56.5271
42.932 56.5271
43.0491 56.6812
43.1677 56.8375
43.3117 57.0271
43.3196 57.0375
43.4383 57.1938
43.576 57.375
43.6915 57.5271
43.6915 57.5271
43.6915 57.5271
43.6915 57.5271
43.6994 57.5375
43.8086 57.6812
43.9257 57.8354
44.057 58.0083
44.3323 58.3708
44.4114 58.475
45.5997 60.0396
45.9019 60.4375
45.9858 60.5479
46.3497 61.0271
46.7295 61.5271
46.7295 61.5271
47.1092 62.0271
47.1092 62.0271
47.4889 62.5271
47.8687 63.0271
48.2484 63.5271
48.6282 64.0271
48.6282 64.0271
49.0079 64.5271
49.0079 64.5271
49.3877 65.0271
49.7674 65.5271
50.1472 66.0271
50.5269 66.5271
50.9067 67.0271
50.9067 67.0271
51.2864 67.5271
51.2864 67.5271
51.6662 68.0271
51.6662 68.0271
52.0459 68.5271
52.4257 69.0271
52.8054 69.5271
53.1851 70.0271
53.1851 70.0271
53.5649 70.5271
53.5649 70.5271
53.9446 71.0271
54.3244 71.5271
54.3244 71.5271
54.7041 72.0271
55.0839 72.5271
55.4636 73.0271
55.4636 73.0271
55.8434 73.5271
55.8434 73.5271
56.2231 74.0271
56.2231 74.0271
56.6029 74.5271
56.6029 74.5271
56.9826 75.0271
56.9826 75.0271
57.3624 75.5271
57.3624 75.5271
57.7421 76.0271
57.7421 76.0271
58.1219 76.5271
58.1219 76.5271
58.5016 77.0271
58.8814 77.5271
59.2611 78.0271
59.6408 78.5271
59.6408 78.5271
60.0206 79.0271
60.0206 79.0271
60.4003 79.5271
60.4003 79.5271
60.7801 80.0271
61.1598 80.5271
61.5396 81.0271
61.9193 81.5271
62.0965 81.7604
62.2753 81.9958
62.2991 82.0271
62.4446 82.2188
62.6314 82.4646
62.6788 82.5271
63.0301 82.9896
63.0586 83.0271
63.4336 83.5208
63.4383 83.5271
63.4383 83.5271
63.8038 84.0083
63.8181 84.0271
64.182 84.5062
64.1978 84.5271
64.5649 85.0104
64.5776 85.0271
64.5776 85.0271
64.9288 85.4896
64.9573 85.5271
64.9573 85.5271
64.9573 85.5271
64.9573 85.5271
65.3371 86.0271
65.3371 86.0271
65.7168 86.5271
66.0965 87.0271
66.4763 87.5271
66.856 88.0271
66.856 88.0271
67.2358 88.5271
67.2358 88.5271
67.6155 89.0271
67.9858 89.5146
67.9953 89.5271
68.1598 89.7438
68.3434 89.9854
68.375 90.0271
68.5159 90.2125
68.7184 90.4792
68.7548 90.5271
68.9225 90.7479
69.125 91.0146
69.1345 91.0271
69.1345 91.0271
69.3102 91.2583
69.4984 91.5062
69.5143 91.5271
69.5143 91.5271
69.894 92.0271
69.894 92.0271
70.2738 92.5271
70.2738 92.5271
70.6535 93.0271
71.0333 93.5271
71.413 94.0271
71.413 94.0271
71.7928 94.5271
71.7928 94.5271
72.1678 95.0208
72.1725 95.0271
72.1725 95.0271
72.3624 95.2771
72.3734 95.2917
72.5491 95.5229
72.5507 95.525
72.5522 95.5271
72.7279 95.7583
72.7374 95.7708
72.9178 96.0083
72.9193 96.0104
72.932 96.0271
73.0966 96.2438
73.1029 96.2521
73.2959 96.5062
73.2991 96.5104
73.3117 96.5271
73.4905 96.7625
73.4921 96.7646
73.6836 97.0167
73.6852 97.0187
73.6915 97.0271
73.6915 97.0271
73.8766 97.2708
73.8798 97.275
74.0712 97.5271
74.0712 97.5271
74.0744 97.5312
74.076 97.5333
74.451 98.0271
74.451 98.0271
74.8307 98.5271
74.8307 98.5271
74.8307 98.5271
75.2105 99.0271
75.2105 99.0271
75.5902 99.5271
75.5902 99.5271
75.5902 99.5271
75.97 100.027
75.97 100.027
76.3497 100.527
76.3497 100.527
76.7295 101.027
77.1092 101.527
77.1092 101.527
77.1092 101.527
77.489 102.027
77.8687 102.527
78.2485 103.027
78.2485 103.027
78.6282 103.527
79.0079 104.027
79.0079 104.027
79.3877 104.527
79.7674 105.027
79.7674 105.027
79.7674 105.027
80.1472 105.527
80.1472 105.527
80.1472 105.527
80.5269 106.027
80.5269 106.027
80.5269 106.027
80.9067 106.527
80.9067 106.527
80.9067 106.527
80.9067 106.527
81.2864 107.027
81.6662 107.527
82.0459 108.027
82.4257 108.527
82.4257 108.527
82.4257 108.527
82.4257 108.527
82.6155 108.777
82.8054 109.027
82.8054 109.027
82.8054 109.027
82.8054 109.027
83.1852 109.527
83.1852 109.527
83.1852 109.527
83.1852 109.527
83.1852 109.527
83.1852 109.527
83.1852 109.527
83.1852 109.527
83.1852 109.527
83.5649 110.027
83.9447 110.527
83.9447 110.527
83.9447 110.527
83.9447 110.527
84.3244 111.027
84.3244 111.027
84.7042 111.527
84.7042 111.527
84.7042 111.527
85.0839 112.027
85.0839 112.027
85.4636 112.527
85.4636 112.527
85.4636 112.527
85.4636 112.527
85.4636 112.527
85.4636 112.527
85.4636 112.527
85.8434 113.027
86.2231 113.527
86.2231 113.527
86.2231 113.527
86.2231 113.527
86.9826 114.527
86.9826 114.527
87.3624 115.027
87.7421 115.527
87.7421 115.527
87.7421 115.527
87.7421 115.527
87.7421 115.527
87.7421 115.527
87.7421 115.527
88.1219 116.027
88.5016 116.527
88.5016 116.527
88.5016 116.527
88.5016 116.527
88.8814 117.027
88.8814 117.027
89.2611 117.527
89.2611 117.527
89.2611 117.527
89.2611 117.527
89.6409 118.027
89.6409 118.027
90.0206 118.527
90.0206 118.527
90.0206 118.527
90.0206 118.527
90.0206 118.527
90.0206 118.527
90.0206 118.527
90.4004 119.027
90.7801 119.527
90.7801 119.527
90.7801 119.527
90.7801 119.527
91.1598 120.027
91.5396 120.527
91.5396 120.527
91.9193 121.027
91.9193 121.027
92.2991 121.527
92.2991 121.527
92.2991 121.527
92.2991 121.527
92.2991 121.527
92.2991 121.527
92.6788 122.027
93.0586 122.527
93.0586 122.527
93.0586 122.527
93.0586 122.527
93.4383 123.027
93.4383 123.027
93.8181 123.527
93.8181 123.527
93.8181 123.527
94.1978 124.027
94.1978 124.027
94.5776 124.527
94.5776 124.527
94.5776 124.527
94.5776 124.527
94.5776 124.527
94.5776 124.527
94.9573 125.027
95.3371 125.527
95.3371 125.527
95.3371 125.527
95.3371 125.527
95.7168 126.027
96.0966 126.527
96.0966 126.527
96.0966 126.527
96.0966 126.527
96.4763 127.027
96.4763 127.027
96.8561 127.527
96.8561 127.527
96.8561 127.527
96.8561 127.527
96.8561 127.527
96.8561 127.527
97.6155 128.527
97.6155 128.527
97.6155 128.527
97.6155 128.527
97.9953 129.027
98.375 129.527
98.375 129.527
98.375 129.527
98.375 129.527
98.7548 130.027
98.7548 130.027
99.1345 130.527
99.1345 130.527
99.1345 130.527
99.1345 130.527
99.1345 130.527
99.1345 130.527
99.5143 131.027
99.894 131.527
99.894 131.527
99.894 131.527
99.894 131.527
100.274 132.027
100.654 132.527
100.654 132.527
100.654 132.527
100.654 132.527
100.78 132.694
100.907 132.86
101.033 133.027
101.033 133.027
101.033 133.027
101.16 133.194
101.286 133.36
101.413 133.527
101.413 133.527
101.413 133.527
101.413 133.527
101.413 133.527
101.413 133.527
101.413 133.527
101.793 134.027
101.793 134.027
102.173 134.527
102.173 134.527
102.173 134.527
102.173 134.527
102.173 134.527
102.552 135.027
102.552 135.027
102.552 135.027
102.742 135.277
102.932 135.527
102.932 135.527
102.932 135.527
102.932 135.527
103.312 136.027
103.312 136.027
103.312 136.027
103.692 136.527
103.692 136.527
103.692 136.527
103.692 136.527
103.692 136.527
103.692 136.527
103.692 136.527
104.071 137.027
104.451 137.527
104.451 137.527
104.451 137.527
104.451 137.527
104.831 138.027
105.21 138.527
105.21 138.527
105.59 139.027
105.59 139.027
105.97 139.527
105.97 139.527
105.97 139.527
105.97 139.527
105.97 139.527
105.97 139.527
106.35 140.027
106.729 140.527
106.729 140.527
106.729 140.527
107.109 141.027
107.109 141.027
107.489 141.527
107.489 141.527
107.489 141.527
107.869 142.027
107.869 142.027
108.248 142.527
108.248 142.527
108.248 142.527
108.248 142.527
108.248 142.527
108.438 142.777
108.628 143.027
108.628 143.027
108.818 143.277
109.008 143.527
109.008 143.527
109.008 143.527
109.008 143.527
109.008 143.527
109.198 143.777
109.388 144.027
109.388 144.027
109.578 144.277
109.578 144.277
109.767 144.527
109.767 144.527
109.767 144.527
109.957 144.777
110.147 145.027
110.147 145.027
110.527 145.527
110.527 145.527
110.527 145.527
110.527 145.527
110.527 145.527
110.907 146.027
110.907 146.027
111.286 146.527
111.286 146.527
111.286 146.527
111.286 146.527
111.666 147.027
111.666 147.027
112.046 147.527
112.046 147.527
112.046 147.527
112.426 148.027
112.426 148.027
112.805 148.527
112.805 148.527
112.805 148.527
112.805 148.527
112.805 148.527
112.805 148.527
113.185 149.027
113.565 149.527
113.565 149.527
113.565 149.527
113.565 149.527
113.945 150.027
114.324 150.527
114.324 150.527
114.324 150.527
114.704 151.027
114.704 151.027
115.084 151.527
115.084 151.527
115.084 151.527
115.084 151.527
115.084 151.527
115.464 152.027
115.843 152.527
115.843 152.527
115.843 152.527
116.223 153.027
116.603 153.527
116.603 153.527
116.983 154.027
117.362 154.527
117.362 154.527
117.742 155.027
118.122 155.527
118.122 155.527
118.122 155.527
118.502 156.027
118.881 156.527
118.881 156.527
119.261 157.027
119.641 157.527
119.641 157.527
119.641 157.527
119.641 157.527
119.641 157.527
120.021 158.027
120.021 158.027
120.4 158.527
120.4 158.527
120.78 159.027
121.16 159.527
121.16 159.527
121.54 160.027
121.54 160.027
121.919 160.527
121.919 160.527
122.299 161.027
122.679 161.527
122.679 161.527
122.679 161.527
123.059 162.027
123.438 162.527
123.438 162.527
123.818 163.027
123.818 163.027
124.198 163.527
124.198 163.527
124.578 164.027
124.578 164.027
124.957 164.527
125.337 165.027
125.717 165.527
125.717 165.527
126.097 166.027
126.097 166.027
126.476 166.527
126.476 166.527
126.856 167.027
127.236 167.527
127.616 168.027
127.995 168.527
128.375 169.027
128.375 169.027
128.755 169.527
128.755 169.527
129.135 170.027
129.135 170.027
129.514 170.527
129.514 170.527
129.894 171.027
129.894 171.027
130.274 171.527
130.274 171.527
130.654 172.027
130.654 172.027
131.033 172.527
131.033 172.527
131.413 173.027
131.793 173.527
131.793 173.527
132.173 174.027
132.552 174.527
132.932 175.027
132.932 175.027
133.312 175.527
133.692 176.027
133.692 176.027
134.071 176.527
134.071 176.527
134.451 177.027
134.831 177.527
135.211 178.027
135.59 178.527
135.97 179.027
136.35 179.527
136.729 180.027
137.109 180.527
137.489 181.027
137.489 181.027
137.869 181.527
137.869 181.527
137.869 181.527
137.869 181.527
137.869 181.527
138.248 182.027
138.248 182.027
138.628 182.527
138.628 182.527
138.628 182.527
138.628 182.527
139.008 183.027
139.008 183.027
139.388 183.527
139.388 183.527
139.388 183.527
139.767 184.027
139.767 184.027
140.147 184.527
140.147 184.527
140.147 184.527
140.147 184.527
140.147 184.527
140.147 184.527
140.527 185.027
140.907 185.527
140.907 185.527
140.907 185.527
140.907 185.527
141.286 186.027
141.286 186.027
141.666 186.527
141.666 186.527
141.666 186.527
141.666 186.527
142.046 187.027
142.426 187.527
142.426 187.527
142.426 187.527
142.426 187.527
142.426 187.527
142.805 188.027
142.805 188.027
143.185 188.527
143.185 188.527
143.185 188.527
143.185 188.527
143.565 189.027
143.565 189.027
143.945 189.527
143.945 189.527
143.945 189.527
144.324 190.027
144.704 190.527
144.704 190.527
144.704 190.527
144.704 190.527
144.704 190.527
145.084 191.027
145.084 191.027
145.464 191.527
145.464 191.527
145.464 191.527
145.464 191.527
145.843 192.027
146.198 192.494
146.223 192.527
146.223 192.527
146.603 193.027
146.802 193.29
146.878 193.39
146.983 193.527
146.983 193.527
146.983 193.527
146.983 193.527
146.983 193.527
146.991 193.538
147.343 194.002
147.362 194.027
147.435 194.123
147.525 194.242
147.595 194.333
147.731 194.512
147.742 194.527
147.742 194.527
147.742 194.527
148.074 194.965
148.122 195.027
148.176 195.098
148.267 195.219
148.385 195.373
148.502 195.527
148.502 195.527
148.505 195.531
148.881 196.027
149.046 196.244
149.255 196.519
149.261 196.527
149.641 197.027
150.021 197.527
150.021 197.527
150.021 197.527
150.032 197.542
150.222 197.792
150.4 198.027
150.413 198.044
150.582 198.267
150.78 198.527
150.78 198.527
150.78 198.527
150.783 198.531
151.144 199.006
151.274 199.177
151.359 199.29
151.483 199.452
151.54 199.527
151.54 199.527
151.54 199.527
151.54 199.527
151.54 199.527
151.567 199.562
152.299 200.527
152.299 200.527
152.299 200.527
152.679 201.027
153.055 201.523
153.059 201.527
153.059 201.527
153.059 201.527
153.215 201.733
153.385 201.956
153.438 202.027
153.438 202.027
153.541 202.162
153.638 202.29
153.744 202.429
153.818 202.527
153.818 202.527
153.818 202.527
153.818 202.527
153.818 202.527
153.837 202.552
153.954 202.706
154.038 202.817
154.174 202.996
154.198 203.027
154.198 203.027
154.198 203.027
154.198 203.027
154.198 203.027
154.26 203.108
154.332 203.204
154.578 203.527
154.578 203.527
154.578 203.527
154.578 203.527
154.578 203.527
154.956 204.025
154.957 204.027
154.957 204.027
154.957 204.027
154.957 204.027
154.957 204.027
155.318 204.502
155.337 204.527
155.337 204.527
155.337 204.527
155.337 204.527
155.337 204.527
155.527 204.777
155.527 204.777
155.527 204.777
155.527 204.777
155.527 204.777
155.717 205.027
155.717 205.027
155.717 205.027
155.717 205.027
155.717 205.027
155.907 205.277
155.907 205.277
155.907 205.277
155.907 205.277
155.907 205.277
156.097 205.527
156.097 205.527
156.097 205.527
156.097 205.527
156.097 205.527
157.995 208.027
158.375 208.527
158.375 208.527
158.375 208.527
158.375 208.527
158.755 209.027
158.755 209.027
159.135 209.527
159.514 210.027
159.894 210.527
160.274 211.027
160.274 211.027
160.654 211.527
160.654 211.527
161.033 212.027
161.404 212.515
161.413 212.527
161.578 212.744
161.761 212.985
161.793 213.027
161.934 213.213
162.136 213.479
162.173 213.527
162.34 213.748
162.543 214.015
162.552 214.027
162.552 214.027
162.728 214.258
162.916 214.506
162.932 214.527
162.932 214.527
163.312 215.027
163.312 215.027
163.692 215.527
163.692 215.527
164.071 216.027
164.451 216.527
164.831 217.027
164.831 217.027
165.211 217.527
165.211 217.527
165.586 218.021
165.59 218.027
165.59 218.027
165.78 218.277
165.791 218.292
165.967 218.523
165.968 218.525
165.97 218.527
166.146 218.758
166.155 218.771
166.336 219.008
166.337 219.01
166.35 219.027
166.514 219.244
166.521 219.252
166.714 219.506
166.717 219.51
166.73 219.527
166.908 219.762
166.91 219.765
167.101 220.017
167.103 220.019
167.109 220.027
167.109 220.027
167.294 220.271
167.298 220.275
167.489 220.527
167.489 220.527
167.492 220.531
167.494 220.533
167.869 221.027
167.869 221.027
168.248 221.527
168.248 221.527
168.248 221.527
168.628 222.027
168.628 222.027
169.008 222.527
169.008 222.527
169.008 222.527
169.388 223.027
169.388 223.027
169.767 223.527
169.767 223.527
170.147 224.027
170.527 224.527
170.527 224.527
170.527 224.527
170.907 225.027
171.286 225.527
171.666 226.027
171.666 226.027
172.046 226.527
172.426 227.027
172.426 227.027
172.805 227.527
173.185 228.027
173.185 228.027
173.185 228.027
173.565 228.527
173.565 228.527
173.565 228.527
173.945 229.027
173.945 229.027
173.945 229.027
174.324 229.527
174.324 229.527
174.324 229.527
174.324 229.527
174.704 230.027
175.084 230.527
175.464 231.027
175.843 231.527
175.843 231.527
175.843 231.527
175.843 231.527
176.033 231.777
176.223 232.027
176.223 232.027
176.223 232.027
176.223 232.027
176.603 232.527
176.603 232.527
176.603 232.527
176.603 232.527
176.603 232.527
176.603 232.527
176.603 232.527
176.603 232.527
176.603 232.527
176.983 233.027
177.362 233.527
177.362 233.527
177.362 233.527
177.362 233.527
177.742 234.027
177.742 234.027
178.122 234.527
178.122 234.527
178.122 234.527
178.502 235.027
178.502 235.027
178.881 235.527
178.881 235.527
178.881 235.527
178.881 235.527
178.881 235.527
178.881 235.527
178.881 235.527
179.261 236.027
179.641 236.527
179.641 236.527
179.641 236.527
179.641 236.527
180.4 237.527
180.4 237.527
180.78 238.027
181.16 238.527
181.16 238.527
181.16 238.527
181.16 238.527
181.16 238.527
181.16 238.527
181.16 238.527
181.54 239.027
181.919 239.527
181.919 239.527
181.919 239.527
181.919 239.527
182.299 240.027
182.299 240.027
182.679 240.527
182.679 240.527
182.679 240.527
182.679 240.527
183.059 241.027
183.059 241.027
183.438 241.527
183.438 241.527
183.438 241.527
183.438 241.527
183.438 241.527
183.438 241.527
183.438 241.527
183.818 242.027
184.198 242.527
184.198 242.527
184.198 242.527
184.198 242.527
184.578 243.027
184.957 243.527
184.957 243.527
185.337 244.027
185.337 244.027
185.717 244.527
185.717 244.527
185.717 244.527
185.717 244.527
185.717 244.527
185.717 244.527
186.097 245.027
186.476 245.527
186.476 245.527
186.476 245.527
186.476 245.527
186.856 246.027
186.856 246.027
187.236 246.527
187.236 246.527
187.236 246.527
187.616 247.027
187.616 247.027
187.995 247.527
187.995 247.527
187.995 247.527
187.995 247.527
187.995 247.527
187.995 247.527
188.375 248.027
188.755 248.527
188.755 248.527
188.755 248.527
188.755 248.527
189.135 249.027
189.514 249.527
189.514 249.527
189.514 249.527
189.514 249.527
189.894 250.027
189.894 250.027
190.274 250.527
190.274 250.527
190.274 250.527
190.274 250.527
190.274 250.527
190.274 250.527
191.033 251.527
191.033 251.527
191.033 251.527
191.033 251.527
191.413 252.027
191.793 252.527
191.793 252.527
191.793 252.527
191.793 252.527
192.173 253.027
192.173 253.027
192.552 253.527
192.552 253.527
192.552 253.527
192.552 253.527
192.552 253.527
192.552 253.527
192.932 254.027
193.312 254.527
193.312 254.527
193.312 254.527
193.312 254.527
193.692 255.027
194.071 255.527
194.071 255.527
194.071 255.527
194.071 255.527
194.198 255.694
194.324 255.86
194.451 256.027
194.451 256.027
194.451 256.027
194.578 256.194
194.704 256.36
194.831 256.527
194.831 256.527
194.831 256.527
194.831 256.527
194.831 256.527
194.831 256.527
194.831 256.527
195.211 257.027
195.211 257.027
195.59 257.527
195.59 257.527
195.59 257.527
195.59 257.527
195.59 257.527
195.97 258.027
195.97 258.027
195.97 258.027
196.16 258.277
196.35 258.527
196.35 258.527
196.35 258.527
196.35 258.527
196.73 259.027
196.73 259.027
196.73 259.027
197.109 259.527
197.109 259.527
197.109 259.527
197.109 259.527
197.109 259.527
197.109 259.527
197.109 259.527
197.489 260.027
197.869 260.527
197.869 260.527
197.869 260.527
197.869 260.527
198.249 261.027
198.628 261.527
198.628 261.527
199.008 262.027
199.008 262.027
199.388 262.527
199.388 262.527
199.388 262.527
199.388 262.527
199.388 262.527
199.388 262.527
199.767 263.027
200.147 263.527
200.147 263.527
200.147 263.527
200.527 264.027
200.527 264.027
200.907 264.527
200.907 264.527
200.907 264.527
201.286 265.027
201.286 265.027
201.666 265.527
201.666 265.527
201.666 265.527
201.666 265.527
201.666 265.527
201.856 265.777
202.046 266.027
202.046 266.027
202.236 266.277
202.426 266.527
202.426 266.527
202.426 266.527
202.426 266.527
202.426 266.527
202.616 266.777
202.805 267.027
202.805 267.027
202.995 267.277
202.995 267.277
203.185 267.527
203.185 267.527
203.185 267.527
203.375 267.777
203.565 268.027
203.565 268.027
203.945 268.527
203.945 268.527
203.945 268.527
203.945 268.527
203.945 268.527
204.324 269.027
204.324 269.027
204.704 269.527
204.704 269.527
204.704 269.527
204.704 269.527
205.084 270.027
205.084 270.027
205.464 270.527
205.464 270.527
205.464 270.527
205.843 271.027
205.843 271.027
206.223 271.527
206.223 271.527
206.223 271.527
206.223 271.527
206.223 271.527
206.223 271.527
206.603 272.027
206.983 272.527
206.983 272.527
206.983 272.527
206.983 272.527
207.362 273.027
207.742 273.527
207.742 273.527
207.742 273.527
208.122 274.027
208.122 274.027
208.502 274.527
208.502 274.527
208.502 274.527
208.502 274.527
208.502 274.527
208.881 275.027
208.881 275.027
209.071 275.277
209.261 275.527
209.261 275.527
209.261 275.527
209.261 275.527
209.451 275.777
209.641 276.027
209.641 276.027
209.831 276.277
210.021 276.527
210.021 276.527
210.021 276.527
210.211 276.777
210.4 277.027
210.4 277.027
210.59 277.277
210.78 277.527
210.78 277.527
210.78 277.527
210.97 277.777
211.16 278.027
211.16 278.027
211.35 278.277
211.54 278.527
211.54 278.527
211.54 278.527
211.54 278.527
211.73 278.777
211.919 279.027
211.919 279.027
212.109 279.277
212.299 279.527
212.299 279.527
212.299 279.527
212.299 279.527
212.679 280.027
212.679 280.027
213.059 280.527
213.059 280.527
213.059 280.527
213.059 280.527
213.059 280.527
213.059 280.527
213.059 280.527
213.059 280.527
213.438 281.027
213.818 281.527
213.818 281.527
213.818 281.527
213.818 281.527
214.198 282.027
214.198 282.027
214.578 282.527
214.578 282.527
214.578 282.527
214.957 283.027
214.957 283.027
215.337 283.527
215.337 283.527
215.337 283.527
215.337 283.527
215.337 283.527
215.337 283.527
215.337 283.527
215.717 284.027
216.097 284.527
216.097 284.527
216.097 284.527
216.097 284.527
216.856 285.527
216.856 285.527
217.236 286.027
217.616 286.527
217.616 286.527
217.616 286.527
217.616 286.527
217.616 286.527
217.616 286.527
217.616 286.527
217.995 287.027
218.375 287.527
218.375 287.527
218.375 287.527
218.375 287.527
218.755 288.027
218.755 288.027
219.135 288.527
219.135 288.527
219.135 288.527
219.135 288.527
219.514 289.027
219.514 289.027
219.894 289.527
219.894 289.527
219.894 289.527
219.894 289.527
219.894 289.527
219.894 289.527
219.894 289.527
220.274 290.027
220.654 290.527
220.654 290.527
220.654 290.527
220.654 290.527
221.033 291.027
221.413 291.527
221.413 291.527
221.793 292.027
221.793 292.027
222.173 292.527
222.173 292.527
222.173 292.527
222.173 292.527
222.173 292.527
222.173 292.527
222.552 293.027
222.932 293.527
222.932 293.527
222.932 293.527
222.932 293.527
223.312 294.027
223.312 294.027
223.692 294.527
223.692 294.527
223.692 294.527
224.071 295.027
224.071 295.027
224.451 295.527
224.451 295.527
224.451 295.527
224.451 295.527
224.451 295.527
224.451 295.527
224.831 296.027
225.211 296.527
225.211 296.527
225.211 296.527
225.211 296.527
225.59 297.027
225.97 297.527
225.97 297.527
225.97 297.527
225.97 297.527
226.35 298.027
226.35 298.027
226.73 298.527
226.73 298.527
226.73 298.527
226.73 298.527
226.73 298.527
226.73 298.527
227.489 299.527
227.489 299.527
227.489 299.527
227.489 299.527
227.869 300.027
228.249 300.527
228.249 300.527
228.249 300.527
228.249 300.527
228.628 301.027
228.628 301.027
229.008 301.527
229.008 301.527
229.008 301.527
229.008 301.527
229.008 301.527
229.008 301.527
229.388 302.027
229.768 302.527
229.768 302.527
229.768 302.527
229.768 302.527
230.147 303.027
230.527 303.527
230.527 303.527
230.527 303.527
230.527 303.527
230.654 303.694
230.78 303.86
230.907 304.027
230.907 304.027
230.907 304.027
231.033 304.194
231.16 304.36
231.286 304.527
231.286 304.527
231.286 304.527
231.286 304.527
231.286 304.527
231.286 304.527
231.286 304.527
231.666 305.027
231.666 305.027
232.046 305.527
232.046 305.527
232.046 305.527
232.046 305.527
232.046 305.527
232.426 306.027
232.426 306.027
232.426 306.027
232.616 306.277
232.805 306.527
232.805 306.527
232.805 306.527
232.805 306.527
233.185 307.027
233.185 307.027
233.185 307.027
233.565 307.527
233.565 307.527
233.565 307.527
233.565 307.527
233.565 307.527
233.565 307.527
233.565 307.527
233.945 308.027
234.324 308.527
234.324 308.527
234.324 308.527
234.324 308.527
234.704 309.027
235.084 309.527
235.084 309.527
235.464 310.027
235.464 310.027
235.843 310.527
235.843 310.527
235.843 310.527
235.843 310.527
235.843 310.527
235.843 310.527
236.223 311.027
236.603 311.527
236.603 311.527
236.603 311.527
236.983 312.027
236.983 312.027
237.362 312.527
237.362 312.527
237.362 312.527
237.742 313.027
237.742 313.027
238.122 313.527
238.122 313.527
238.122 313.527
238.122 313.527
238.122 313.527
238.312 313.777
238.502 314.027
238.502 314.027
238.692 314.277
238.881 314.527
238.881 314.527
238.881 314.527
238.881 314.527
238.881 314.527
239.071 314.777
239.261 315.027
239.261 315.027
239.451 315.277
239.451 315.277
239.641 315.527
239.641 315.527
239.641 315.527
239.831 315.777
240.021 316.027
240.021 316.027
240.4 316.527
240.4 316.527
240.4 316.527
240.4 316.527
240.4 316.527
240.78 317.027
240.78 317.027
241.16 317.527
241.16 317.527
241.16 317.527
241.16 317.527
241.54 318.027
241.54 318.027
241.919 318.527
241.919 318.527
241.919 318.527
242.299 319.027
242.299 319.027
242.679 319.527
242.679 319.527
242.679 319.527
242.679 319.527
242.679 319.527
242.679 319.527
243.059 320.027
243.438 320.527
243.438 320.527
243.438 320.527
243.438 320.527
243.818 321.027
244.198 321.527
244.198 321.527
244.198 321.527
244.578 322.027
244.578 322.027
244.957 322.527
244.957 322.527
244.957 322.527
244.957 322.527
244.957 322.527
245.337 323.027
245.337 323.027
245.717 323.527
245.717 323.527
245.717 323.527
245.717 323.527
246.097 324.027
246.097 324.027
246.476 324.527
246.476 324.527
246.476 324.527
246.856 325.027
247.236 325.527
247.236 325.527
247.236 325.527
247.616 326.027
247.995 326.527
247.995 326.527
247.995 326.527
247.995 326.527
248.375 327.027
248.755 327.527
248.755 327.527
248.755 327.527
249.13 328.021
249.324 328.277
249.51 328.521
249.514 328.527
249.514 328.527
249.514 328.527
249.514 328.527
249.514 328.527
249.889 329.021
249.894 329.027
250.274 329.527
250.274 329.527
250.654 330.027
251.033 330.527
251.033 330.527
251.408 331.021
251.413 331.027
251.788 331.521
251.793 331.527
252.173 332.027
252.552 332.527
252.552 332.527
252.552 332.527
252.932 333.027
253.312 333.527
253.312 333.527
253.687 334.021
253.692 334.027
254.067 334.521
254.071 334.527
254.446 335.021
254.451 335.027
254.831 335.527
255.211 336.027
255.59 336.527
255.59 336.527
255.965 337.021
255.97 337.027
256.345 337.521
256.35 337.527
256.73 338.027
257.109 338.527
257.489 339.027
257.869 339.527
258.244 340.021
258.249 340.027
258.624 340.521
258.628 340.527
259.003 341.021
259.008 341.027
259.383 341.521
259.388 341.527
259.763 342.021
259.768 342.027
260.143 342.521
260.147 342.527
260.522 343.021
260.527 343.027
260.902 343.521
260.907 343.527
261.287 344.027
261.662 344.521
261.666 344.527
262.046 345.027
262.426 345.527
262.801 346.021
262.805 346.027
263.185 346.527
263.56 347.021
263.565 347.027
263.945 347.527
263.945 347.527
264.324 348.027
264.704 348.527
265.084 349.027
265.464 349.527
265.843 350.027
266.223 350.527
266.603 351.027
266.983 351.527
267.358 352.021
267.362 352.027
267.737 352.521
267.742 352.527
268.117 353.021
268.122 353.027
268.497 353.521
268.502 353.527
268.877 354.021
268.881 354.027
269.256 354.521
269.261 354.527
269.636 355.021
269.641 355.027
270.016 355.521
270.021 355.527
270.4 356.027
270.775 356.521
270.78 356.527
271.16 357.027
271.54 357.527
271.915 358.021
271.919 358.027
272.299 358.527
272.674 359.021
272.679 359.027
273.059 359.527
273.059 359.527
273.438 360.027
273.818 360.527
274.198 361.027
274.578 361.527
274.957 362.027
275.337 362.527
275.717 363.027
276.097 363.527
276.476 364.027
276.856 364.527
277.236 365.027
277.616 365.527
277.995 366.027
278.375 366.527
278.755 367.027
279.135 367.527
279.514 368.027
279.894 368.527
280.274 369.027
280.654 369.527
281.033 370.027
281.413 370.527
281.793 371.027
282.173 371.527
