4.64062 9.28125
4.64062 9.28125
4.64062 9.28125
4.64062 9.28125
4.64062 9.28125
5.14062 10.2812
5.14062 10.2812
5.14062 10.2812
5.64062 11.2812
5.64062 11.2812
5.64062 11.2812
6.14062 12.2812
6.14062 12.2812
6.14062 12.2812
6.39062 12.7812
6.64062 13.2812
6.64062 13.2812
6.64062 13.2812
6.64062 13.2812
7.14062 14.2812
7.14062 14.2812
7.64062 15.2812
7.64062 15.2812
8.14062 16.2812
8.14062 16.2812
8.39062 16.7812
8.64062 17.2812
8.64062 17.2812
8.64062 17.2812
8.64062 17.2812
9.14062 18.2812
9.14062 18.2812
9.64062 19.2812
9.64062 19.2812
10.1406 20.2812
10.1406 20.2812
10.3906 20.7812
10.6406 21.2812
10.6406 21.2812
10.6406 21.2812
10.6406 21.2812
11.1406 22.2812
11.1406 22.2812
11.6406 23.2812
11.6406 23.2812
12.1406 24.2812
12.1406 24.2812
12.6406 25.2812
12.6406 25.2812
12.6406 25.2812
12.6406 25.2812
12.6406 25.2812
13.1406 26.2812
13.1406 26.2812
13.1406 26.2812
13.6406 27.2812
13.6406 27.2812
13.6406 27.2812
14.1406 28.2812
14.1406 28.2812
14.1406 28.2812
14.3906 28.7812
14.6406 29.2812
14.6406 29.2812
14.6406 29.2812
14.6406 29.2812
15.1406 30.2812
15.1406 30.2812
15.6406 31.2812
15.6406 31.2812
16.1406 32.2812
16.1406 32.2812
16.3906 32.7812
16.6406 33.2812
16.6406 33.2812
16.6406 33.2812
16.6406 33.2812
17.1406 34.2812
17.1406 34.2812
17.6406 35.2812
17.6406 35.2812
18.1406 36.2812
18.1406 36.2812
18.6406 37.2812
18.6406 37.2812
18.6406 37.2812
18.6406 37.2812
19.1406 38.2812
19.1406 38.2812
19.6406 39.2812
19.6406 39.2812
20.1406 40.2812
20.1406 40.2812
20.1406 40.2812
20.3906 40.7812
20.3906 40.7812
20.6406 41.2812
20.6406 41.2812
20.6406 41.2812
20.6406 41.2812
20.6406 41.2812
20.6406 41.2812
21.1406 42.2812
21.1406 42.2812
21.1406 42.2812
21.1406 42.2812
21.6406 43.2812
21.6406 43.2812
21.6406 43.2812
21.6406 43.2812
22.1406 44.2812
22.1406 44.2812
22.1406 44.2812
22.1406 44.2812
22.3906 44.7812
22.6406 45.2812
22.6406 45.2812
22.6406 45.2812
22.6406 45.2812
22.6406 45.2812
22.8906 45.7812
23.1406 46.2812
23.1406 46.2812
23.3906 46.7812
23.6406 47.2812
23.6406 47.2812
24.1406 48.2812
24.1406 48.2812
24.1406 48.2812
24.3906 48.7812
24.3906 48.7812
24.6406 49.2812
24.6406 49.2812
24.6406 49.2812
24.6406 49.2812
24.6406 49.2812
25.1406 50.2812
25.1406 50.2812
25.1406 50.2812
25.6406 51.2812
25.6406 51.2812
25.6406 51.2812
26.1406 52.2812
26.1406 52.2812
26.1406 52.2812
26.6406 53.2812
26.6406 53.2812
26.6406 53.2812
26.6406 53.2812
26.6406 53.2812
26.8906 53.7812
27.1406 54.2812
27.1406 54.2812
27.3906 54.7812
27.6406 55.2812
27.6406 55.2812
28.1406 56.2812
28.1406 56.2812
28.1406 56.2812
28.3906 56.7812
28.3906 56.7812
28.6406 57.2812
28.6406 57.2812
28.6406 57.2812
28.6406 57.2812
28.6406 57.2812
28.6406 57.2812
29.1406 58.2812
29.1406 58.2812
29.1406 58.2812
29.1406 58.2812
29.6406 59.2812
29.6406 59.2812
29.6406 59.2812
29.6406 59.2812
30.1406 60.2812
30.1406 60.2812
30.1406 60.2812
30.3906 60.7812
30.6406 61.2812
30.6406 61.2812
30.6406 61.2812
30.6406 61.2812
30.6406 61.2812
31.1406 62.2812
31.1406 62.2812
31.1406 62.2812
31.6406 63.2812
31.6406 63.2812
31.6406 63.2812
32.1406 64.2812
32.1406 64.2812
32.3906 64.7812
32.6406 65.2812
32.6406 65.2812
32.6406 65.2812
32.6406 65.2812
32.6406 65.2812
32.6406 65.2812
33.1406 66.2812
33.1406 66.2812
33.1406 66.2812
33.1406 66.2812
33.6406 67.2812
33.6406 67.2812
33.6406 67.2812
33.6406 67.2812
34.1406 68.2812
34.1406 68.2812
34.1406 68.2812
34.1406 68.2812
34.6406 69.2812
34.6406 69.2812
34.6406 69.2812
34.6406 69.2812
34.6406 69.2812
34.6406 69.2812
35.1406 70.2812
35.1406 70.2812
35.1406 70.2812
35.6406 71.2812
35.6406 71.2812
35.6406 71.2812
36.1406 72.2812
36.1406 72.2812
36.1406 72.2812
36.1406 72.2812
36.3906 72.7812
36.3906 72.7812
36.6406 73.2812
36.6406 73.2812
36.6406 73.2812
36.6406 73.2812
36.6406 73.2812
36.6406 73.2812
37.1406 74.2812
37.1406 74.2812
37.1406 74.2812
37.1406 74.2812
37.6406 75.2812
37.6406 75.2812
37.6406 75.2812
37.6406 75.2812
38.1406 76.2812
38.1406 76.2812
38.1406 76.2812
38.1406 76.2812
38.6406 77.2812
38.6406 77.2812
38.6406 77.2812
38.6406 77.2812
38.6406 77.2812
38.6406 77.2812
38.8906 77.7812
39.1406 78.2812
39.1406 78.2812
39.1406 78.2812
39.3906 78.7812
39.6406 79.2812
39.6406 79.2812
39.6406 79.2812
40.1406 80.2812
40.1406 80.2812
40.1406 80.2812
40.1406 80.2812
40.3906 80.7812
40.6406 81.2812
40.6406 81.2812
40.6406 81.2812
40.6406 81.2812
40.7656 81.5312
40.7656 81.5312
41.1406 82.2812
41.1406 82.2812
41.1406 82.2812
41.1406 82.2812
41.6406 83.2812
41.6406 83.2812
41.6406 83.2812
41.6406 83.2812
42.1406 84.2812
42.1406 84.2812
42.1406 84.2812
42.1406 84.2812
42.6406 85.2812
42.6406 85.2812
42.6406 85.2812
42.6406 85.2812
42.6406 85.2812
42.6406 85.2812
42.8906 85.7812
43.1406 86.2812
43.1406 86.2812
43.1406 86.2812
43.3906 86.7812
43.6406 87.2812
43.6406 87.2812
43.6406 87.2812
44.1406 88.2812
44.1406 88.2812
44.1406 88.2812
44.1406 88.2812
44.3906 88.7812
44.6406 89.2812
44.6406 89.2812
44.6406 89.2812
44.6406 89.2812
44.6406 89.2812
45.1406 90.2812
45.1406 90.2812
45.1406 90.2812
45.1406 90.2812
45.6406 91.2812
45.6406 91.2812
45.6406 91.2812
45.6406 91.2812
46.1406 92.2812
46.1406 92.2812
46.1406 92.2812
46.6406 93.2812
46.6406 93.2812
46.6406 93.2812
46.6406 93.2812
46.6406 93.2812
46.6406 93.2812
47.1406 94.2812
47.1406 94.2812
47.1406 94.2812
47.1406 94.2812
47.6406 95.2812
47.6406 95.2812
47.6406 95.2812
47.6406 95.2812
48.1406 96.2812
48.1406 96.2812
48.1406 96.2812
48.6406 97.2812
48.6406 97.2812
48.6406 97.2812
48.6406 97.2812
48.6406 97.2812
48.6406 97.2812
48.8906 97.7812
49.1406 98.2812
49.1406 98.2812
49.1406 98.2812
49.1406 98.2812
49.3906 98.7812
49.6406 99.2812
49.6406 99.2812
49.6406 99.2812
49.6406 99.2812
50.1406 100.281
50.1406 100.281
50.1406 100.281
50.1406 100.281
50.6406 101.281
50.6406 101.281
50.6406 101.281
50.6406 101.281
50.6406 101.281
52.6406 105.281
52.6406 105.281
52.6406 105.281
52.6406 105.281
52.6406 105.281
53.6406 107.281
53.6406 107.281
53.6406 107.281
53.6406 107.281
53.6406 107.281
55.8906 111.781
56.1406 112.281
56.3906 112.781
56.6406 113.281
56.6406 113.281
56.8906 113.781
56.8906 113.781
57.1406 114.281
57.1406 114.281
57.3906 114.781
57.3906 114.781
57.6406 115.281
57.6406 115.281
58.1406 116.281
58.1406 116.281
58.3906 116.781
58.6406 117.281
58.6406 117.281
58.8906 117.781
58.8906 117.781
59.1406 118.281
59.3906 118.781
59.3906 118.781
59.6406 119.281
59.7656 119.531
59.8906 119.781
60.0156 120.031
60.1406 120.281
60.3906 120.781
60.3906 120.781
60.6406 121.281
60.6406 121.281
60.6406 121.281
60.8906 121.781
61.1406 122.281
61.1406 122.281
61.3906 122.781
61.6406 123.281
61.6406 123.281
62.125 124.25
62.1406 124.281
62.3906 124.781
62.3906 124.781
62.6406 125.281
63.3906 126.781
63.8906 127.781
63.8906 127.781
64.1406 128.281
64.1406 128.281
64.3906 128.781
64.3906 128.781
64.6406 129.281
64.6406 129.281
64.6406 129.281
64.6406 129.281
65.1406 130.281
65.3906 130.781
65.6406 131.281
65.6406 131.281
65.8906 131.781
65.8906 131.781
66.1406 132.281
66.2656 132.531
66.3906 132.781
66.6406 133.281
66.6406 133.281
66.8906 133.781
67.1406 134.281
67.1406 134.281
67.6406 135.281
67.7656 135.531
67.8906 135.781
68.0156 136.031
68.1406 136.281
68.2656 136.531
68.3906 136.781
68.6406 137.281
68.8906 137.781
68.8906 137.781
69.1406 138.281
69.1406 138.281
69.3906 138.781
69.3906 138.781
69.6406 139.281
69.8906 139.781
69.8906 139.781
70.1406 140.281
70.1406 140.281
70.3906 140.781
70.3906 140.781
70.6406 141.281
70.6406 141.281
70.6406 141.281
70.6406 141.281
70.8906 141.781
71.1406 142.281
71.1406 142.281
71.6406 143.281
71.6406 143.281
71.8906 143.781
71.8906 143.781
72.1406 144.281
72.1406 144.281
72.3906 144.781
72.3906 144.781
72.6406 145.281
72.6406 145.281
72.6406 145.281
72.6406 145.281
72.8906 145.781
73.1406 146.281
73.1406 146.281
73.3906 146.781
73.3906 146.781
73.6406 147.281
73.6406 147.281
73.8906 147.781
74.1406 148.281
74.1406 148.281
74.3906 148.781
74.6406 149.281
74.6406 149.281
74.8906 149.781
75.0156 150.031
75.1406 150.281
75.3906 150.781
75.3906 150.781
75.6406 151.281
75.8906 151.781
75.8906 151.781
76.1406 152.281
76.3906 152.781
76.3906 152.781
76.6406 153.281
76.6406 153.281
76.6406 153.281
76.6406 153.281
76.8906 153.781
77.1406 154.281
77.3906 154.781
77.3906 154.781
77.6406 155.281
77.6406 155.281
77.8906 155.781
77.8906 155.781
78.1406 156.281
78.2656 156.531
78.6406 157.281
78.6406 157.281
78.6406 157.281
78.6406 157.281
78.8906 157.781
79.3906 158.781
79.6406 159.281
79.8906 159.781
79.8906 159.781
80.1406 160.281
80.3906 160.781
80.6406 161.281
80.6406 161.281
80.6406 161.281
80.6406 161.281
81.1406 162.281
81.1406 162.281
81.3906 162.781
81.6406 163.281
81.6406 163.281
81.8906 163.781
82.0156 164.031
82.1406 164.281
82.3906 164.781
82.3906 164.781
82.5156 165.031
82.5156 165.031
82.6406 165.281
82.6406 165.281
83.1406 166.281
83.1406 166.281
83.3906 166.781
83.6406 167.281
83.6406 167.281
83.8906 167.781
83.8906 167.781
84.1406 168.281
84.1406 168.281
84.3906 168.781
84.6406 169.281
84.8906 169.781
85.1406 170.281
85.1406 170.281
85.3906 170.781
85.3906 170.781
85.6406 171.281
85.8906 171.781
86.0156 172.031
86.1406 172.281
86.3906 172.781
86.3906 172.781
86.6406 173.281
86.6406 173.281
86.6406 173.281
86.6406 173.281
86.6406 173.281
87.1406 174.281
87.6406 175.281
87.6406 175.281
87.6406 175.281
87.6406 175.281
87.6406 175.281
88.0156 176.031
88.3906 176.781
88.5156 177.031
88.6406 177.281
88.6406 177.281
88.6406 177.281
88.6406 177.281
88.6406 177.281
89.1406 178.281
89.3906 178.781
89.5156 179.031
89.8906 179.781
90.6406 181.281
90.6406 181.281
90.6406 181.281
90.6406 181.281
91.6406 183.281
92.1406 184.281
92.3906 184.781
92.5156 185.031
92.5156 185.031
92.6406 185.281
92.6406 185.281
93.6406 187.281
93.6406 187.281
93.6406 187.281
93.6406 187.281
94.3906 188.781
94.3906 188.781
94.5156 189.031
94.6406 189.281
94.6406 189.281
94.6406 189.281
95.1406 190.281
95.3906 190.781
95.6406 191.281
95.6406 191.281
96.1406 192.281
96.6406 193.281
96.6406 193.281
96.6406 193.281
96.6406 193.281
96.6406 193.281
97.6406 195.281
97.6406 195.281
97.6406 195.281
98.1406 196.281
98.6406 197.281
98.6406 197.281
98.6406 197.281
99.3906 198.781
99.6406 199.281
99.6406 199.281
99.8906 199.781
100.141 200.281
100.141 200.281
100.641 201.281
100.641 201.281
100.641 201.281
100.641 201.281
100.641 201.281
101.391 202.781
101.891 203.781
102.141 204.281
102.391 204.781
102.391 204.781
102.516 205.031
102.641 205.281
102.641 205.281
102.641 205.281
102.641 205.281
103.641 207.281
103.891 207.781
104.141 208.281
104.141 208.281
104.391 208.781
104.641 209.281
104.641 209.281
104.891 209.781
105.141 210.281
105.141 210.281
105.391 210.781
105.641 211.281
105.891 211.781
106.141 212.281
106.141 212.281
106.391 212.781
106.641 213.281
106.641 213.281
106.766 213.531
106.891 213.781
107.141 214.281
107.391 214.781
107.391 214.781
107.516 215.031
107.641 215.281
107.891 215.781
107.891 215.781
108.141 216.281
108.141 216.281
108.141 216.281
108.391 216.781
108.391 216.781
108.641 217.281
108.641 217.281
108.641 217.281
108.891 217.781
109.141 218.281
109.141 218.281
109.391 218.781
109.641 219.281
109.641 219.281
110.141 220.281
110.141 220.281
110.391 220.781
110.641 221.281
110.641 221.281
110.891 221.781
110.891 221.781
111.141 222.281
111.391 222.781
111.391 222.781
111.641 223.281
111.891 223.781
112.141 224.281
112.141 224.281
112.391 224.781
112.516 225.031
112.641 225.281
112.891 225.781
113.141 226.281
113.141 226.281
113.391 226.781
113.641 227.281
113.891 227.781
114.141 228.281
114.391 228.781
114.641 229.281
114.641 229.281
114.891 229.781
115.141 230.281
115.141 230.281
115.391 230.781
115.641 231.281
115.641 231.281
115.891 231.781
115.891 231.781
116.141 232.281
116.141 232.281
116.391 232.781
116.391 232.781
116.641 233.281
116.641 233.281
116.641 233.281
116.891 233.781
117.141 234.281
117.141 234.281
117.141 234.281
117.391 234.781
117.391 234.781
117.641 235.281
117.641 235.281
117.891 235.781
118.141 236.281
118.141 236.281
118.391 236.781
118.641 237.281
118.641 237.281
118.891 237.781
119.141 238.281
119.391 238.781
119.641 239.281
119.891 239.781
119.891 239.781
120.141 240.281
120.141 240.281
120.141 240.281
120.391 240.781
120.641 241.281
120.641 241.281
120.766 241.531
121.141 242.281
121.141 242.281
121.391 242.781
121.641 243.281
121.891 243.781
122.016 244.031
122.141 244.281
122.266 244.531
122.641 245.281
122.641 245.281
122.891 245.781
122.891 245.781
123.141 246.281
123.391 246.781
123.391 246.781
123.641 247.281
123.891 247.781
124.141 248.281
124.391 248.781
124.391 248.781
124.641 249.281
124.641 249.281
124.891 249.781
125.141 250.281
125.141 250.281
125.391 250.781
125.641 251.281
125.641 251.281
125.891 251.781
126.141 252.281
126.141 252.281
126.641 253.281
126.641 253.281
126.891 253.781
126.891 253.781
127.266 254.531
127.391 254.781
127.391 254.781
127.891 255.781
128.141 256.281
128.141 256.281
128.391 256.781
128.391 256.781
128.641 257.281
128.641 257.281
128.891 257.781
129.141 258.281
129.141 258.281
129.391 258.781
129.641 259.281
129.891 259.781
130.141 260.281
130.391 260.781
130.641 261.281
130.641 261.281
130.891 261.781
131.141 262.281
131.141 262.281
131.266 262.531
131.641 263.281
131.641 263.281
131.891 263.781
132.141 264.281
132.641 265.281
132.641 265.281
132.891 265.781
132.891 265.781
133.141 266.281
133.141 266.281
133.391 266.781
133.391 266.781
133.641 267.281
133.641 267.281
134.141 268.281
134.141 268.281
134.641 269.281
134.641 269.281
134.641 269.281
134.641 269.281
134.641 269.281
134.891 269.781
135.141 270.281
135.391 270.781
135.641 271.281
135.891 271.781
135.891 271.781
136.141 272.281
136.141 272.281
136.391 272.781
136.391 272.781
136.641 273.281
136.641 273.281
136.641 273.281
136.641 273.281
136.641 273.281
136.641 273.281
137.641 275.281
137.641 275.281
137.641 275.281
137.641 275.281
137.641 275.281
139.891 279.781
140.141 280.281
140.391 280.781
140.641 281.281
140.641 281.281
140.891 281.781
140.891 281.781
141.141 282.281
141.141 282.281
141.391 282.781
141.391 282.781
141.641 283.281
141.641 283.281
142.141 284.281
142.141 284.281
142.391 284.781
142.641 285.281
142.641 285.281
142.891 285.781
142.891 285.781
143.141 286.281
143.391 286.781
143.391 286.781
143.641 287.281
143.766 287.531
143.891 287.781
144.016 288.031
144.141 288.281
144.391 288.781
144.391 288.781
144.641 289.281
144.641 289.281
144.641 289.281
144.891 289.781
145.141 290.281
145.141 290.281
145.391 290.781
145.641 291.281
145.641 291.281
146.131 292.262
146.141 292.281
146.391 292.781
146.391 292.781
146.641 293.281
147.391 294.781
147.891 295.781
147.891 295.781
148.141 296.281
148.141 296.281
148.391 296.781
148.391 296.781
148.641 297.281
148.641 297.281
148.641 297.281
148.641 297.281
149.141 298.281
149.391 298.781
149.641 299.281
149.641 299.281
149.891 299.781
149.891 299.781
150.141 300.281
150.266 300.531
150.391 300.781
150.641 301.281
150.641 301.281
150.891 301.781
151.141 302.281
151.141 302.281
151.641 303.281
151.766 303.531
151.891 303.781
152.016 304.031
152.141 304.281
152.266 304.531
152.391 304.781
152.641 305.281
152.891 305.781
152.891 305.781
153.141 306.281
153.141 306.281
153.391 306.781
153.391 306.781
153.641 307.281
153.891 307.781
153.891 307.781
154.141 308.281
154.141 308.281
154.391 308.781
154.391 308.781
154.641 309.281
154.641 309.281
154.641 309.281
154.641 309.281
154.891 309.781
155.141 310.281
155.141 310.281
155.641 311.281
155.641 311.281
155.891 311.781
155.891 311.781
156.141 312.281
156.141 312.281
156.391 312.781
156.391 312.781
156.641 313.281
156.641 313.281
156.641 313.281
156.641 313.281
156.891 313.781
157.141 314.281
157.141 314.281
157.391 314.781
157.391 314.781
157.641 315.281
157.641 315.281
157.891 315.781
158.141 316.281
158.141 316.281
158.391 316.781
158.641 317.281
158.641 317.281
158.891 317.781
159.016 318.031
159.141 318.281
159.391 318.781
159.391 318.781
159.641 319.281
159.891 319.781
159.891 319.781
160.141 320.281
160.391 320.781
160.391 320.781
160.641 321.281
160.641 321.281
160.641 321.281
160.641 321.281
160.891 321.781
161.141 322.281
161.391 322.781
161.391 322.781
161.641 323.281
161.641 323.281
161.891 323.781
161.891 323.781
162.141 324.281
162.266 324.531
162.641 325.281
162.641 325.281
162.641 325.281
162.641 325.281
162.891 325.781
163.391 326.781
163.641 327.281
163.891 327.781
163.891 327.781
164.141 328.281
164.391 328.781
164.641 329.281
164.641 329.281
164.641 329.281
164.641 329.281
165.141 330.281
165.141 330.281
165.391 330.781
165.641 331.281
165.641 331.281
165.891 331.781
166.016 332.031
166.141 332.281
166.391 332.781
166.391 332.781
166.516 333.031
166.516 333.031
166.641 333.281
166.641 333.281
167.141 334.281
167.141 334.281
167.391 334.781
167.641 335.281
167.641 335.281
167.891 335.781
167.891 335.781
168.141 336.281
168.141 336.281
168.391 336.781
168.641 337.281
168.891 337.781
169.141 338.281
169.141 338.281
169.391 338.781
169.391 338.781
169.641 339.281
169.891 339.781
170.016 340.031
170.141 340.281
170.391 340.781
170.391 340.781
170.641 341.281
170.641 341.281
170.641 341.281
170.641 341.281
170.641 341.281
171.141 342.281
171.641 343.281
171.641 343.281
171.641 343.281
171.641 343.281
171.641 343.281
172.016 344.031
172.391 344.781
172.641 345.281
172.641 345.281
172.641 345.281
172.641 345.281
172.641 345.281
172.891 345.781
173.141 346.281
173.141 346.281
173.391 346.781
173.391 346.781
173.516 347.031
173.641 347.281
173.891 347.781
173.891 347.781
174.141 348.281
174.391 348.781
174.641 349.281
174.641 349.281
174.641 349.281
174.641 349.281
174.641 349.281
175.141 350.281
175.391 350.781
175.391 350.781
175.641 351.281
175.641 351.281
175.641 351.281
175.891 351.781
175.891 351.781
176.141 352.281
176.141 352.281
176.641 353.281
176.641 353.281
176.641 353.281
176.641 353.281
176.641 353.281
177.391 354.781
177.516 355.031
177.641 355.281
177.766 355.531
177.891 355.781
178.016 356.031
178.141 356.281
178.266 356.531
178.391 356.781
178.516 357.031
178.641 357.281
178.641 357.281
178.641 357.281
178.641 357.281
178.641 357.281
179.266 358.531
179.516 359.031
179.891 359.781
180.016 360.031
180.266 360.531
180.516 361.031
180.641 361.281
180.641 361.281
180.641 361.281
180.641 361.281
180.641 361.281
181.391 362.781
181.391 362.781
181.641 363.281
181.641 363.281
181.641 363.281
181.641 363.281
181.891 363.781
182.141 364.281
182.391 364.781
182.766 365.531
182.891 365.781
182.891 365.781
182.891 365.781
182.891 365.781
183.016 366.031
183.141 366.281
183.266 366.531
183.391 366.781
183.391 366.781
183.516 367.031
183.641 367.281
183.641 367.281
183.641 367.281
183.641 367.281
183.766 367.531
183.891 367.781
184.641 369.281
184.641 369.281
184.641 369.281
184.641 369.281
185.141 370.281
185.391 370.781
185.516 371.031
185.641 371.281
185.766 371.531
185.891 371.781
186.141 372.281
186.141 372.281
186.391 372.781
186.391 372.781
186.391 372.781
186.641 373.281
186.641 373.281
186.641 373.281
186.641 373.281
186.641 373.281
187.641 375.281
187.891 375.781
187.891 375.781
188.141 376.281
188.141 376.281
188.391 376.781
188.641 377.281
188.641 377.281
188.641 377.281
188.641 377.281
188.641 377.281
188.891 377.781
189.141 378.281
189.141 378.281
189.391 378.781
189.391 378.781
189.641 379.281
189.641 379.281
189.641 379.281
190.141 380.281
190.141 380.281
190.641 381.281
190.641 381.281
190.641 381.281
190.641 381.281
190.891 381.781
191.266 382.531
191.391 382.781
191.766 383.531
191.891 383.781
192.016 384.031
192.141 384.281
192.266 384.531
192.391 384.781
192.641 385.281
192.641 385.281
192.641 385.281
193.141 386.281
193.141 386.281
193.641 387.281
193.641 387.281
193.891 387.781
194.141 388.281
194.391 388.781
194.641 389.281
194.641 389.281
194.641 389.281
195.391 390.781
195.641 391.281
195.891 391.781
195.891 391.781
196.141 392.281
196.141 392.281
196.391 392.781
196.641 393.281
196.641 393.281
196.641 393.281
196.641 393.281
197.141 394.281
197.516 395.031
197.516 395.031
197.891 395.781
198.141 396.281
198.141 396.281
198.391 396.781
198.641 397.281
198.641 397.281
198.641 397.281
198.641 397.281
199.141 398.281
199.641 399.281
199.891 399.781
199.891 399.781
200.141 400.281
200.141 400.281
200.391 400.781
200.391 400.781
200.641 401.281
200.641 401.281
200.641 401.281
200.891 401.781
201.141 402.281
201.141 402.281
201.391 402.781
201.391 402.781
201.641 403.281
201.891 403.781
201.891 403.781
202.141 404.281
202.391 404.781
202.641 405.281
202.641 405.281
202.641 405.281
202.641 405.281
202.641 405.281
203.141 406.281
203.141 406.281
203.391 406.781
203.641 407.281
203.641 407.281
203.891 407.781
203.891 407.781
204.141 408.281
204.141 408.281
204.391 408.781
204.391 408.781
204.641 409.281
204.641 409.281
204.641 409.281
204.641 409.281
204.641 409.281
204.891 409.781
205.141 410.281
205.391 410.781
205.391 410.781
205.641 411.281
205.641 411.281
205.891 411.781
206.141 412.281
206.141 412.281
206.391 412.781
206.641 413.281
206.641 413.281
206.641 413.281
206.641 413.281
206.641 413.281
206.891 413.781
207.391 414.781
207.391 414.781
207.641 415.281
207.641 415.281
207.891 415.781
207.891 415.781
208.141 416.281
208.141 416.281
208.391 416.781
208.391 416.781
208.641 417.281
208.641 417.281
208.641 417.281
208.641 417.281
208.641 417.281
209.391 418.781
209.391 418.781
209.641 419.281
209.641 419.281
209.641 419.281
209.891 419.781
210.141 420.281
210.641 421.281
210.641 421.281
210.641 421.281
210.641 421.281
210.641 421.281
210.891 421.781
211.141 422.281
211.391 422.781
211.641 423.281
211.641 423.281
211.891 423.781
211.891 423.781
212.141 424.281
212.141 424.281
212.141 424.281
212.141 424.281
212.391 424.781
212.641 425.281
212.641 425.281
212.641 425.281
212.641 425.281
212.641 425.281
213.016 426.031
213.141 426.281
213.391 426.781
213.641 427.281
213.641 427.281
213.891 427.781
213.891 427.781
214.141 428.281
214.141 428.281
214.391 428.781
214.641 429.281
214.641 429.281
215.141 430.281
215.141 430.281
215.641 431.281
215.641 431.281
215.891 431.781
215.891 431.781
216.141 432.281
216.141 432.281
216.141 432.281
216.391 432.781
216.641 433.281
216.641 433.281
216.641 433.281
216.641 433.281
216.891 433.781
217.141 434.281
217.391 434.781
217.391 434.781
217.641 435.281
217.641 435.281
217.891 435.781
217.891 435.781
218.141 436.281
218.141 436.281
218.391 436.781
218.391 436.781
218.641 437.281
218.641 437.281
218.641 437.281
218.641 437.281
218.641 437.281
219.141 438.281
219.391 438.781
219.766 439.531
220.016 440.031
220.391 440.781
221.641 443.281
222.016 444.031
222.391 444.781
222.641 445.281
222.641 445.281
222.641 445.281
222.641 445.281
223.516 447.031
224.141 448.281
224.391 448.781
224.641 449.281
224.641 449.281
224.641 449.281
226.641 453.281
226.641 453.281
226.641 453.281
226.641 453.281
227.141 454.281
227.141 454.281
227.141 454.281
227.641 455.281
227.641 455.281
227.641 455.281
228.141 456.281
228.141 456.281
228.141 456.281
228.641 457.281
228.641 457.281
228.641 457.281
229.141 458.281
229.141 458.281
229.641 459.281
229.641 459.281
230.141 460.281
230.141 460.281
230.641 461.281
230.641 461.281
230.641 461.281
231.141 462.281
231.141 462.281
231.641 463.281
231.641 463.281
232.141 464.281
232.141 464.281
232.516 465.031
232.641 465.281
232.641 465.281
233.016 466.031
233.141 466.281
233.641 467.281
233.641 467.281
234.141 468.281
234.141 468.281
234.391 468.781
234.641 469.281
234.641 469.281
234.641 469.281
235.141 470.281
235.141 470.281
235.641 471.281
235.641 471.281
236.141 472.281
236.141 472.281
236.641 473.281
236.641 473.281
236.641 473.281
237.141 474.281
237.141 474.281
237.641 475.281
237.641 475.281
238.141 476.281
238.141 476.281
240.749 481.498
240.914 481.827
241.12 482.24
241.329 482.658
241.531 483.062
241.869 483.738
242.308 484.617
242.641 485.281
