0.3125 0.4375
0.510416 0.714583
6.83779 9.57292
7.11309 9.95833
8.89434 12.4521
9.5119 13.3167
9.95832 13.9417
10.3393 14.475
10.6235 14.8729
10.8303 15.1625
11.0357 15.45
11.2292 15.7208
11.4107 15.975
11.5908 16.2271
11.7649 16.4708
12.1161 16.9625
12.5759 17.6062
12.9613 18.1458
13.2351 18.5292
13.5223 18.9312
13.7649 19.2708
13.9271 19.4979
14.0744 19.7042
14.1979 19.8771
14.3199 20.0479
14.4137 20.1792
14.5297 20.3417
14.6235 20.4729
14.7321 20.625
14.8169 20.7437
14.9077 20.8708
14.9717 20.9604
15.0655 21.0917
15.1205 21.1687
15.2098 21.2937
15.2723 21.3813
15.3631 21.5083
15.4226 21.5917
15.5089 21.7125
15.5699 21.7979
15.6562 21.9187
15.7039 21.9854
15.811 22.1354
15.8646 22.2104
15.9568 22.3396
16.0149 22.4208
16.1027 22.5438
16.1622 22.6271
16.2619 22.7667
16.314 22.8396
16.4434 23.0208
18.4122 25.7771
18.4122 25.7771
18.4122 25.7771
18.7693 26.2771
18.7693 26.2771
18.7693 26.2771
19.1265 26.7771
19.1265 26.7771
19.305 27.0271
19.4836 27.2771
19.6622 27.5271
19.8408 27.7771
19.8408 27.7771
19.8408 27.7771
20.0193 28.0271
20.1979 28.2771
20.3765 28.5271
20.555 28.7771
20.555 28.7771
20.7336 29.0271
20.9122 29.2771
20.9122 29.2771
21.0908 29.5271
21.0908 29.5271
21.2693 29.7771
21.2693 29.7771
21.2693 29.7771
21.4479 30.0271
21.6265 30.2771
21.6265 30.2771
21.805 30.5271
21.9836 30.7771
21.9836 30.7771
22.1622 31.0271
22.3408 31.2771
22.5193 31.5271
22.6979 31.7771
22.6979 31.7771
22.8765 32.0271
23.055 32.2771
23.055 32.2771
23.2336 32.5271
23.4122 32.7771
23.4122 32.7771
23.5908 33.0271
23.7693 33.2771
23.7693 33.2771
23.9479 33.5271
24.1265 33.7771
24.1265 33.7771
24.305 34.0271
24.305 34.0271
24.4836 34.2771
24.4836 34.2771
24.6622 34.5271
24.6622 34.5271
24.8407 34.7771
24.8407 34.7771
25.0193 35.0271
25.1979 35.2771
25.3765 35.5271
25.555 35.7771
25.555 35.7771
25.7336 36.0271
25.9122 36.2771
26.0907 36.5271
26.2693 36.7771
26.2693 36.7771
26.4479 37.0271
26.6265 37.2771
26.805 37.5271
26.9836 37.7771
26.9836 37.7771
27.1622 38.0271
27.3407 38.2771
27.3407 38.2771
27.5193 38.5271
27.6979 38.7771
27.6979 38.7771
27.8765 39.0271
28.055 39.2771
28.2336 39.5271
28.4122 39.7771
28.5907 40.0271
28.7693 40.2771
28.7693 40.2771
28.9479 40.5271
29.1265 40.7771
29.1265 40.7771
29.305 41.0271
29.4836 41.2771
29.6622 41.5271
29.8407 41.7771
30.0193 42.0271
30.0193 42.0271
30.1979 42.2771
30.1979 42.2771
30.3765 42.5271
30.3765 42.5271
30.555 42.7771
30.555 42.7771
30.7336 43.0271
30.9122 43.2771
31.0907 43.5271
31.2693 43.7771
31.2693 43.7771
31.4479 44.0271
31.6265 44.2771
31.805 44.5271
31.9836 44.7771
31.9836 44.7771
32.1622 45.0271
32.3407 45.2771
32.3407 45.2771
32.5193 45.5271
32.5193 45.5271
32.6979 45.7771
32.6979 45.7771
32.8765 46.0271
33.055 46.2771
33.055 46.2771
33.2336 46.5271
33.4122 46.7771
33.4122 46.7771
33.5907 47.0271
33.7693 47.2771
33.9479 47.5271
34.1265 47.7771
34.305 48.0271
34.4836 48.2771
34.4836 48.2771
34.6622 48.5271
34.8407 48.7771
34.8407 48.7771
35.0193 49.0271
35.1979 49.2771
35.3765 49.5271
35.555 49.7771
35.555 49.7771
35.7336 50.0271
35.7336 50.0271
35.9122 50.2771
35.9122 50.2771
36.0907 50.5271
36.0907 50.5271
36.2693 50.7771
36.2693 50.7771
36.4479 51.0271
36.6265 51.2771
36.805 51.5271
36.9836 51.7771
36.9836 51.7771
37.1622 52.0271
37.3407 52.2771
37.5193 52.5271
37.6979 52.7771
37.6979 52.7771
37.8765 53.0271
38.055 53.2771
38.2336 53.5271
38.4122 53.7771
38.4122 53.7771
38.5907 54.0271
38.7693 54.2771
38.7693 54.2771
38.9479 54.5271
39.1264 54.7771
39.1264 54.7771
39.305 55.0271
39.4836 55.2771
39.6622 55.5271
39.8407 55.7771
40.0193 56.0271
40.0193 56.0271
40.1979 56.2771
40.1979 56.2771
40.3764 56.5271
40.3764 56.5271
40.555 56.7771
40.555 56.7771
40.555 56.7771
40.555 56.7771
40.555 56.7771
40.555 56.7771
40.555 56.7771
41.9836 58.7771
42.3407 59.2771
42.3407 59.2771
42.6979 59.7771
42.6979 59.7771
42.6979 59.7771
42.6979 59.7771
42.8764 60.0271
43.2336 60.5271
43.4122 60.7771
43.4122 60.7771
43.7693 61.2771
43.7693 61.2771
43.9479 61.5271
44.1264 61.7771
44.1264 61.7771
44.1264 61.7771
44.305 62.0271
44.6622 62.5271
44.8407 62.7771
44.8407 62.7771
45.1979 63.2771
45.1979 63.2771
45.3764 63.5271
45.555 63.7771
45.555 63.7771
45.9122 64.2771
46.0907 64.5271
46.2693 64.7771
46.2693 64.7771
46.6264 65.2771
46.805 65.5271
46.9836 65.7771
46.9836 65.7771
46.9836 65.7771
46.9836 65.7771
47.1622 66.0271
47.1622 66.0271
47.3407 66.2771
47.5193 66.5271
47.5193 66.5271
47.6979 66.7771
47.6979 66.7771
48.055 67.2771
48.055 67.2771
48.4122 67.7771
48.4122 67.7771
48.4122 67.7771
48.5907 68.0271
48.9479 68.5271
49.1264 68.7771
49.1264 68.7771
49.4836 69.2771
49.4836 69.2771
49.6622 69.5271
49.8407 69.7771
49.8407 69.7771
49.8407 69.7771
50.0193 70.0271
50.1979 70.2771
50.555 70.7771
50.555 70.7771
50.9122 71.2771
50.9122 71.2771
50.9122 71.2771
51.2693 71.7771
51.2693 71.7771
51.6264 72.2771
51.6264 72.2771
51.6264 72.2771
51.9836 72.7771
51.9836 72.7771
52.1622 73.0271
52.3407 73.2771
52.5193 73.5271
52.5193 73.5271
52.6979 73.7771
52.6979 73.7771
52.8764 74.0271
53.055 74.2771
53.2336 74.5271
53.2336 74.5271
53.4121 74.7771
53.4121 74.7771
53.7693 75.2771
53.7693 75.2771
53.9479 75.5271
54.1264 75.7771
54.1264 75.7771
54.1264 75.7771
54.6621 76.5271
54.8407 76.7771
54.8407 76.7771
55.1979 77.2771
55.1979 77.2771
55.3764 77.5271
55.555 77.7771
55.555 77.7771
55.7336 78.0271
55.9121 78.2771
56.2693 78.7771
56.2693 78.7771
56.6264 79.2771
56.6264 79.2771
56.805 79.5271
56.9836 79.7771
56.9836 79.7771
57.1621 80.0271
57.3407 80.2771
57.3407 80.2771
57.3407 80.2771
57.5193 80.5271
57.6979 80.7771
57.6979 80.7771
57.6979 80.7771
57.8764 81.0271
58.055 81.2771
58.055 81.2771
58.2336 81.5271
58.2336 81.5271
58.3229 81.6521
58.4121 81.7771
58.4121 81.7771
58.4121 81.7771
58.4121 81.7771
58.5907 82.0271
58.7693 82.2771
58.7693 82.2771
58.9479 82.5271
59.1264 82.7771
59.4836 83.2771
59.4836 83.2771
59.6621 83.5271
59.8407 83.7771
59.8407 83.7771
59.8407 83.7771
60.0193 84.0271
60.1979 84.2771
60.555 84.7771
60.555 84.7771
60.9121 85.2771
60.9121 85.2771
61.0907 85.5271
61.2693 85.7771
61.2693 85.7771
61.2693 85.7771
61.6264 86.2771
61.6264 86.2771
61.9836 86.7771
61.9836 86.7771
62.3407 87.2771
62.3407 87.2771
62.5193 87.5271
62.6979 87.7771
63.055 88.2771
63.055 88.2771
63.055 88.2771
63.4121 88.7771
63.4121 88.7771
63.7693 89.2771
63.9479 89.5271
64.1264 89.7771
64.1264 89.7771
64.305 90.0271
64.305 90.0271
64.4836 90.2771
64.4836 90.2771
64.6621 90.5271
64.6621 90.5271
64.8407 90.7771
64.8407 90.7771
65.1979 91.2771
65.1979 91.2771
65.3764 91.5271
65.555 91.7771
65.555 91.7771
65.555 91.7771
65.555 91.7771
66.0907 92.5271
66.2693 92.7771
66.2693 92.7771
66.6264 93.2771
66.6264 93.2771
66.9836 93.7771
66.9836 93.7771
66.9836 93.7771
66.9836 93.7771
67.3407 94.2771
67.5193 94.5271
67.5193 94.5271
67.6978 94.7771
67.6978 94.7771
68.055 95.2771
68.055 95.2771
68.2336 95.5271
68.4121 95.7771
68.4121 95.7771
68.7693 96.2771
68.9478 96.5271
69.1264 96.7771
69.1264 96.7771
69.4836 97.2771
69.4836 97.2771
69.8407 97.7771
69.8407 97.7771
69.8407 97.7771
69.8407 97.7771
70.0193 98.0271
70.0193 98.0271
70.1978 98.2771
70.1978 98.2771
70.3764 98.5271
70.3764 98.5271
70.555 98.7771
70.555 98.7771
70.9121 99.2771
70.9121 99.2771
71.0907 99.5271
71.2693 99.7771
71.2693 99.7771
71.2693 99.7771
71.4478 100.027
71.805 100.527
71.805 100.527
71.9836 100.777
71.9836 100.777
72.3407 101.277
72.3407 101.277
72.5193 101.527
72.6978 101.777
72.6978 101.777
72.6978 101.777
72.8764 102.027
73.055 102.277
73.4121 102.777
73.4121 102.777
73.7693 103.277
73.7693 103.277
73.9478 103.527
74.1264 103.777
74.4836 104.277
74.4836 104.277
74.4836 104.277
74.8407 104.777
74.8407 104.777
75.0193 105.027
75.0193 105.027
75.1978 105.277
75.3764 105.527
75.3764 105.527
75.555 105.777
75.555 105.777
75.7336 106.027
75.7336 106.027
75.9121 106.277
75.9121 106.277
76.0907 106.527
76.2693 106.777
76.6264 107.277
76.6264 107.277
76.805 107.527
76.9836 107.777
76.9836 107.777
76.9836 107.777
77.5193 108.527
77.6978 108.777
77.6978 108.777
78.055 109.277
78.055 109.277
78.2336 109.527
78.4121 109.777
78.4121 109.777
78.5907 110.027
78.7693 110.277
79.1264 110.777
79.1264 110.777
79.4836 111.277
79.4836 111.277
79.6621 111.527
79.8407 111.777
79.8407 111.777
80.1978 112.277
80.1978 112.277
80.555 112.777
80.555 112.777
80.9121 113.277
80.9121 113.277
81.2693 113.777
81.2693 113.777
81.2693 113.777
81.2693 113.777
81.4493 114.029
81.5282 114.14
81.6264 114.277
81.6279 114.279
81.805 114.527
81.8303 114.562
81.9835 114.777
82.3407 115.277
82.3407 115.277
82.5193 115.527
82.6978 115.777
82.6978 115.777
82.6978 115.777
82.8764 116.027
83.055 116.277
83.4121 116.777
83.4121 116.777
83.7693 117.277
83.7693 117.277
83.9478 117.527
84.1264 117.777
84.1264 117.777
84.1264 117.777
84.305 118.027
84.4835 118.277
84.8407 118.777
84.8407 118.777
85.1978 119.277
85.1978 119.277
85.3764 119.527
85.555 119.777
85.9121 120.277
85.9121 120.277
85.9121 120.277
86.2693 120.777
86.2693 120.777
86.4478 121.027
86.4478 121.027
86.4478 121.027
86.6264 121.277
86.805 121.527
86.805 121.527
86.805 121.527
86.9835 121.777
86.9835 121.777
86.9835 121.777
87.1621 122.027
87.3407 122.277
87.5193 122.527
87.5193 122.527
87.6978 122.777
87.6978 122.777
87.6978 122.777
87.6978 122.777
87.6978 122.777
87.6978 122.777
87.9478 123.127
88.0699 123.298
89.8407 125.777
90.1978 126.277
90.555 126.777
90.555 126.777
90.7335 127.027
90.9121 127.277
91.0907 127.527
91.2693 127.777
91.2693 127.777
91.4478 128.027
91.6264 128.277
91.805 128.527
91.9835 128.777
91.9835 128.777
92.1621 129.027
92.3407 129.277
92.5193 129.527
92.6978 129.777
92.6978 129.777
92.8764 130.027
93.055 130.277
93.055 130.277
93.2335 130.527
93.4121 130.777
93.4121 130.777
93.5907 131.027
93.7693 131.277
93.9478 131.527
94.1264 131.777
94.1264 131.777
94.305 132.027
94.4835 132.277
94.6621 132.527
94.8407 132.777
95.0193 133.027
95.1978 133.277
95.3764 133.527
95.555 133.777
95.555 133.777
95.7335 134.027
95.9121 134.277
95.9121 134.277
96.0907 134.527
96.2692 134.777
96.2692 134.777
96.4478 135.027
96.6264 135.277
96.805 135.527
96.9835 135.777
96.9835 135.777
97.1621 136.027
97.3407 136.277
97.5192 136.527
97.6978 136.777
97.6978 136.777
97.8764 137.027
98.055 137.277
98.2335 137.527
98.4121 137.777
98.4121 137.777
98.5907 138.027
98.7692 138.277
98.7692 138.277
98.9478 138.527
99.1264 138.777
99.1264 138.777
99.305 139.027
99.4835 139.277
99.6621 139.527
99.8407 139.777
99.8407 139.777
100.019 140.027
100.198 140.277
100.376 140.527
100.555 140.777
100.734 141.027
100.912 141.277
101.091 141.527
101.091 141.527
101.091 141.527
101.269 141.777
101.269 141.777
101.448 142.027
101.626 142.277
101.805 142.527
101.984 142.777
101.984 142.777
102.162 143.027
102.341 143.277
102.519 143.527
102.698 143.777
102.698 143.777
102.698 143.777
102.876 144.027
103.055 144.277
103.234 144.527
103.412 144.777
103.412 144.777
103.591 145.027
103.769 145.277
103.948 145.527
104.126 145.777
104.126 145.777
104.126 145.777
104.305 146.027
104.484 146.277
104.484 146.277
104.662 146.527
104.662 146.527
104.841 146.777
104.841 146.777
105.019 147.027
105.198 147.277
105.198 147.277
105.376 147.527
105.555 147.777
105.555 147.777
105.555 147.777
105.734 148.027
105.912 148.277
106.091 148.527
106.269 148.777
106.448 149.027
106.626 149.277
106.805 149.527
106.984 149.777
107.162 150.027
107.341 150.277
107.519 150.527
107.698 150.777
107.698 150.777
107.876 151.027
108.055 151.277
108.234 151.527
108.412 151.777
108.412 151.777
108.591 152.027
108.769 152.277
108.948 152.527
109.126 152.777
109.126 152.777
109.305 153.027
109.484 153.277
109.662 153.527
109.841 153.777
109.841 153.777
110.019 154.027
110.198 154.277
110.198 154.277
110.376 154.527
110.555 154.777
110.555 154.777
110.734 155.027
110.912 155.277
111.091 155.527
111.269 155.777
111.448 156.027
111.626 156.277
111.805 156.527
111.984 156.777
112.162 157.027
112.341 157.277
112.519 157.527
112.519 157.527
112.519 157.527
112.698 157.777
112.698 157.777
112.698 157.777
112.698 157.777
112.876 158.027
113.055 158.277
113.055 158.277
113.055 158.277
113.412 158.777
113.412 158.777
113.412 158.777
113.591 159.027
113.769 159.277
113.948 159.527
114.126 159.777
114.126 159.777
114.305 160.027
114.484 160.277
114.662 160.527
114.841 160.777
114.841 160.777
115.019 161.027
115.198 161.277
115.376 161.527
115.555 161.777
115.555 161.777
115.734 162.027
115.912 162.277
115.912 162.277
116.091 162.527
116.269 162.777
116.269 162.777
116.448 163.027
116.626 163.277
116.805 163.527
116.984 163.777
116.984 163.777
117.162 164.027
117.341 164.277
117.519 164.527
117.698 164.777
117.876 165.027
118.055 165.277
118.234 165.527
118.234 165.527
118.234 165.527
118.412 165.777
118.412 165.777
118.412 165.777
118.591 166.027
118.769 166.277
118.769 166.277
118.948 166.527
119.126 166.777
119.126 166.777
119.305 167.027
119.484 167.277
119.662 167.527
119.841 167.777
119.841 167.777
120.019 168.027
120.198 168.277
120.376 168.527
120.555 168.777
120.555 168.777
120.734 169.027
120.912 169.277
121.091 169.527
121.269 169.777
121.269 169.777
121.448 170.027
121.626 170.277
121.626 170.277
121.805 170.527
121.984 170.777
121.984 170.777
122.162 171.027
122.341 171.277
122.519 171.527
122.698 171.777
122.698 171.777
122.876 172.027
123.055 172.277
123.234 172.527
123.412 172.777
123.591 173.027
123.769 173.277
123.948 173.527
123.948 173.527
123.948 173.527
124.126 173.777
124.126 173.777
124.305 174.027
124.484 174.277
124.662 174.527
124.841 174.777
124.841 174.777
125.019 175.027
125.198 175.277
125.376 175.527
125.555 175.777
125.555 175.777
125.555 175.777
125.734 176.027
125.912 176.277
126.091 176.527
126.269 176.777
126.269 176.777
126.448 177.027
126.626 177.277
126.805 177.527
126.984 177.777
126.984 177.777
127.162 178.027
127.341 178.277
127.341 178.277
127.519 178.527
127.519 178.527
127.698 178.777
127.698 178.777
127.876 179.027
128.055 179.277
128.055 179.277
128.234 179.527
128.412 179.777
128.412 179.777
128.591 180.027
128.769 180.277
128.948 180.527
129.126 180.777
129.305 181.027
129.484 181.277
129.662 181.527
129.841 181.777
130.019 182.027
130.198 182.277
130.376 182.527
130.555 182.777
130.555 182.777
130.734 183.027
130.912 183.277
131.091 183.527
131.269 183.777
131.269 183.777
131.448 184.027
131.626 184.277
131.805 184.527
131.983 184.777
131.983 184.777
132.162 185.027
132.341 185.277
132.519 185.527
132.698 185.777
132.698 185.777
132.876 186.027
133.055 186.277
133.055 186.277
133.233 186.527
133.412 186.777
133.412 186.777
133.591 187.027
133.769 187.277
133.948 187.527
134.126 187.777
134.305 188.027
134.483 188.277
134.662 188.527
134.662 188.527
134.841 188.777
135.292 189.408
135.433 189.606
135.565 189.792
135.693 189.971
135.796 190.115
135.918 190.285
136.037 190.452
136.146 190.604
136.269 190.777
136.271 190.779
136.448 191.027
136.626 191.277
136.805 191.527
136.983 191.777
137.161 192.027
137.312 192.256
137.325 192.277
137.464 192.488
137.49 192.527
137.645 192.762
137.655 192.777
137.821 193.027
137.871 193.096
138 193.277
138.046 193.342
138.179 193.527
138.247 193.623
138.354 193.773
138.357 193.777
138.446 193.902
138.536 194.027
138.714 194.277
138.893 194.527
139.071 194.777
139.25 195.027
139.275 195.062
139.429 195.277
139.448 195.304
139.607 195.527
139.607 195.527
139.622 195.548
139.743 195.717
139.786 195.777
139.786 195.777
139.964 196.027
140.031 196.121
140.143 196.277
140.143 196.277
140.28 196.469
140.321 196.527
140.321 196.527
140.417 196.66
140.5 196.777
140.557 196.856
140.679 197.027
140.714 197.077
140.857 197.277
141.036 197.527
141.051 197.548
141.15 197.688
141.214 197.777
141.256 197.835
141.393 198.027
141.402 198.04
141.571 198.277
141.594 198.308
141.75 198.527
141.775 198.562
141.929 198.777
141.963 198.825
142.107 199.027
142.193 199.148
142.286 199.277
142.464 199.527
142.643 199.777
142.821 200.027
143 200.277
143.179 200.527
143.357 200.777
143.536 201.027
143.714 201.277
143.754 201.333
143.893 201.527
143.923 201.569
144.071 201.777
144.103 201.821
144.25 202.027
144.429 202.277
144.452 202.31
144.607 202.527
144.643 202.577
144.786 202.777
144.815 202.819
144.917 202.96
144.964 203.027
144.998 203.075
145.092 203.206
145.126 203.254
145.143 203.277
145.201 203.358
145.274 203.46
145.321 203.527
145.35 203.567
145.42 203.665
145.493 203.767
145.5 203.777
145.562 203.865
145.643 203.977
145.679 204.027
145.704 204.062
145.789 204.181
145.854 204.273
145.857 204.277
145.857 204.277
145.939 204.392
146 204.477
146.036 204.527
146.077 204.585
146.147 204.683
146.214 204.777
146.231 204.8
146.286 204.877
146.29 204.883
146.338 204.95
146.375 205.002
146.384 205.015
146.393 205.027
146.439 205.092
146.493 205.167
146.571 205.277
146.577 205.285
146.696 205.452
146.75 205.527
146.75 205.527
146.75 205.527
146.778 205.567
146.929 205.777
146.929 205.777
146.929 205.777
146.996 205.871
147.107 206.027
147.109 206.029
147.162 206.104
147.246 206.221
147.286 206.277
147.32 206.325
147.464 206.527
147.507 206.588
147.643 206.777
147.821 207.027
147.876 207.104
148 207.277
148.054 207.352
148.179 207.527
148.232 207.602
148.357 207.777
148.415 207.858
148.536 208.027
148.714 208.277
148.746 208.321
148.893 208.527
148.936 208.588
149.071 208.777
149.109 208.829
149.25 209.027
149.274 209.06
149.385 209.217
149.429 209.277
149.497 209.373
149.607 209.527
149.659 209.6
149.786 209.777
149.829 209.838
149.964 210.027
150.143 210.277
150.321 210.527
150.5 210.777
150.679 211.027
150.737 211.108
150.857 211.277
150.9 211.338
151.036 211.527
151.073 211.579
151.214 211.777
151.26 211.842
151.393 212.027
151.454 212.113
151.571 212.277
151.637 212.369
151.75 212.527
151.824 212.631
151.929 212.777
152.107 213.027
152.19 213.144
152.286 213.277
152.35 213.367
152.464 213.527
152.516 213.6
152.625 213.752
152.643 213.777
152.814 214.017
152.821 214.027
153 214.277
153.007 214.287
153.164 214.506
153.179 214.527
153.357 214.777
153.375 214.802
153.536 215.027
153.714 215.277
153.893 215.527
153.94 215.594
154.071 215.777
154.25 216.027
154.429 216.277
154.461 216.323
154.607 216.527
154.786 216.777
154.845 216.86
154.964 217.027
155.143 217.277
155.321 217.527
155.387 217.619
155.5 217.777
155.679 218.027
155.857 218.277
156.036 218.527
156.214 218.777
156.393 219.027
156.421 219.067
156.478 219.146
156.539 219.231
156.571 219.277
156.606 219.325
156.658 219.398
156.728 219.496
156.75 219.527
156.808 219.608
156.891 219.725
156.929 219.777
157.076 219.983
157.107 220.027
157.152 220.09
157.244 220.219
157.286 220.277
157.402 220.44
157.464 220.527
157.488 220.56
157.555 220.654
157.643 220.777
157.643 220.777
157.643 220.777
157.643 220.777
157.643 220.777
157.705 220.865
159.071 222.777
159.134 222.865
159.429 223.277
159.429 223.277
159.607 223.527
159.786 223.777
159.786 223.777
159.786 223.777
159.786 223.777
160.321 224.527
160.5 224.777
160.5 224.777
160.857 225.277
160.857 225.277
161.214 225.777
161.214 225.777
161.214 225.777
161.214 225.777
161.571 226.277
161.75 226.527
161.75 226.527
161.929 226.777
161.929 226.777
162.286 227.277
162.286 227.277
162.464 227.527
162.643 227.777
162.643 227.777
163 228.277
163.179 228.527
163.357 228.777
163.357 228.777
163.714 229.277
163.714 229.277
164.071 229.777
164.071 229.777
164.071 229.777
164.071 229.777
164.25 230.027
164.25 230.027
164.429 230.277
164.429 230.277
164.607 230.527
164.607 230.527
164.786 230.777
164.786 230.777
165.143 231.277
165.143 231.277
165.321 231.527
165.5 231.777
165.5 231.777
165.5 231.777
165.679 232.027
166.036 232.527
166.036 232.527
166.214 232.777
166.214 232.777
166.571 233.277
166.571 233.277
166.75 233.527
166.929 233.777
166.929 233.777
166.929 233.777
167.107 234.027
167.286 234.277
167.643 234.777
167.643 234.777
168 235.277
168 235.277
168.179 235.527
168.357 235.777
168.714 236.277
168.714 236.277
168.714 236.277
169.071 236.777
169.071 236.777
169.25 237.027
169.25 237.027
169.429 237.277
169.607 237.527
169.607 237.527
169.786 237.777
169.786 237.777
169.964 238.027
169.964 238.027
170.143 238.277
170.143 238.277
170.321 238.527
170.5 238.777
170.857 239.277
170.857 239.277
171.036 239.527
171.214 239.777
171.214 239.777
171.214 239.777
171.75 240.527
171.929 240.777
171.929 240.777
172.286 241.277
172.286 241.277
172.464 241.527
172.643 241.777
172.643 241.777
172.821 242.027
173 242.277
173.357 242.777
173.357 242.777
173.714 243.277
173.714 243.277
173.893 243.527
174.071 243.777
174.071 243.777
174.429 244.277
174.429 244.277
174.786 244.777
174.786 244.777
175.143 245.277
175.143 245.277
175.5 245.777
175.5 245.777
175.5 245.777
175.5 245.777
175.68 246.029
175.759 246.14
175.857 246.277
175.859 246.279
176.036 246.527
176.061 246.562
176.214 246.777
176.571 247.277
176.571 247.277
176.75 247.527
176.929 247.777
176.929 247.777
176.929 247.777
177.107 248.027
177.286 248.277
177.643 248.777
177.643 248.777
178 249.277
178 249.277
178.179 249.527
178.357 249.777
178.357 249.777
178.357 249.777
178.536 250.027
178.714 250.277
179.071 250.777
179.071 250.777
179.429 251.277
179.429 251.277
179.607 251.527
179.786 251.777
180.143 252.277
180.143 252.277
180.143 252.277
180.5 252.777
180.5 252.777
180.679 253.027
180.838 253.25
180.857 253.277
181.036 253.527
181.192 253.746
181.214 253.777
181.367 253.992
181.393 254.027
181.542 254.235
181.571 254.277
181.741 254.515
181.75 254.527
181.75 254.527
181.914 254.756
181.929 254.777
181.929 254.777
181.929 254.777
181.929 254.777
181.929 254.777
181.929 254.777
182.643 255.777
183 256.277
183.357 256.777
183.357 256.777
183.536 257.027
183.714 257.277
183.893 257.527
184.071 257.777
184.071 257.777
184.25 258.027
184.429 258.277
184.607 258.527
184.786 258.777
184.786 258.777
184.964 259.027
185.143 259.277
185.321 259.527
185.5 259.777
185.5 259.777
185.679 260.027
185.857 260.277
185.857 260.277
186.036 260.527
186.214 260.777
186.214 260.777
186.393 261.027
186.571 261.277
186.75 261.527
186.928 261.777
186.928 261.777
187.107 262.027
187.286 262.277
187.464 262.527
187.643 262.777
187.821 263.027
188 263.277
188.178 263.527
188.357 263.777
188.357 263.777
188.536 264.027
188.714 264.277
188.714 264.277
188.893 264.527
189.071 264.777
189.071 264.777
189.25 265.027
189.428 265.277
189.607 265.527
189.786 265.777
189.786 265.777
189.964 266.027
190.143 266.277
190.321 266.527
190.5 266.777
190.5 266.777
190.678 267.027
190.857 267.277
191.036 267.527
191.214 267.777
191.214 267.777
191.393 268.027
191.571 268.277
191.571 268.277
191.75 268.527
191.928 268.777
191.928 268.777
192.107 269.027
192.286 269.277
192.464 269.527
192.643 269.777
192.643 269.777
192.821 270.027
193 270.277
193.178 270.527
193.357 270.777
193.536 271.027
193.714 271.277
193.893 271.527
193.893 271.527
193.893 271.527
194.071 271.777
194.071 271.777
194.25 272.027
194.428 272.277
194.607 272.527
194.786 272.777
194.786 272.777
194.964 273.027
195.143 273.277
195.321 273.527
195.5 273.777
195.5 273.777
195.5 273.777
195.678 274.027
195.857 274.277
196.036 274.527
196.214 274.777
196.214 274.777
196.393 275.027
196.571 275.277
196.75 275.527
196.928 275.777
196.928 275.777
196.928 275.777
197.107 276.027
197.286 276.277
197.286 276.277
197.464 276.527
197.464 276.527
197.643 276.777
197.643 276.777
197.821 277.027
198 277.277
198 277.277
198.178 277.527
198.357 277.777
198.357 277.777
198.357 277.777
198.536 278.027
198.714 278.277
198.893 278.527
199.071 278.777
199.25 279.027
199.428 279.277
199.607 279.527
199.786 279.777
199.964 280.027
200.143 280.277
200.321 280.527
200.5 280.777
200.5 280.777
200.678 281.027
200.857 281.277
201.036 281.527
201.214 281.777
201.214 281.777
201.393 282.027
201.571 282.277
201.75 282.527
201.928 282.777
201.928 282.777
202.107 283.027
202.286 283.277
202.464 283.527
202.643 283.777
202.643 283.777
202.821 284.027
203 284.277
203 284.277
203.178 284.527
203.357 284.777
203.357 284.777
203.536 285.027
203.714 285.277
203.893 285.527
204.071 285.777
204.25 286.027
204.428 286.277
204.607 286.527
204.786 286.777
204.964 287.027
205.143 287.277
205.321 287.527
205.321 287.527
205.321 287.527
205.5 287.777
205.5 287.777
205.5 287.777
205.5 287.777
205.678 288.027
205.857 288.277
205.857 288.277
205.857 288.277
206.214 288.777
206.214 288.777
206.214 288.777
206.393 289.027
206.571 289.277
206.75 289.527
206.928 289.777
206.928 289.777
207.107 290.027
207.286 290.277
207.464 290.527
207.643 290.777
207.643 290.777
207.821 291.027
208 291.277
208.178 291.527
208.357 291.777
208.357 291.777
208.536 292.027
208.714 292.277
208.714 292.277
208.893 292.527
209.071 292.777
209.071 292.777
209.25 293.027
209.428 293.277
209.607 293.527
209.786 293.777
209.786 293.777
209.964 294.027
210.143 294.277
210.321 294.527
210.5 294.777
210.678 295.027
210.857 295.277
211.036 295.527
211.036 295.527
211.036 295.527
211.214 295.777
211.214 295.777
211.214 295.777
211.393 296.027
211.571 296.277
211.571 296.277
211.75 296.527
211.928 296.777
211.928 296.777
212.107 297.027
212.286 297.277
212.464 297.527
212.643 297.777
212.643 297.777
212.821 298.027
213 298.277
213.178 298.527
213.357 298.777
213.357 298.777
213.536 299.027
213.714 299.277
213.893 299.527
214.071 299.777
214.071 299.777
214.25 300.027
214.428 300.277
214.428 300.277
214.607 300.527
214.786 300.777
214.786 300.777
214.964 301.027
215.143 301.277
215.321 301.527
215.5 301.777
215.5 301.777
215.678 302.027
215.857 302.277
216.036 302.527
216.214 302.777
216.393 303.027
216.571 303.277
216.75 303.527
216.75 303.527
216.75 303.527
216.928 303.777
216.928 303.777
217.107 304.027
217.286 304.277
217.464 304.527
217.643 304.777
217.643 304.777
217.821 305.027
218 305.277
218.178 305.527
218.357 305.777
218.357 305.777
218.357 305.777
218.536 306.027
218.714 306.277
218.893 306.527
219.071 306.777
219.071 306.777
219.25 307.027
219.428 307.277
219.607 307.527
219.786 307.777
219.786 307.777
219.964 308.027
220.143 308.277
220.143 308.277
220.321 308.527
220.321 308.527
220.5 308.777
220.5 308.777
220.678 309.027
220.857 309.277
220.857 309.277
221.036 309.527
221.214 309.777
221.214 309.777
221.393 310.027
221.571 310.277
221.75 310.527
221.928 310.777
222.107 311.027
222.286 311.277
222.464 311.527
222.643 311.777
222.821 312.027
223 312.277
223.178 312.527
223.357 312.777
223.357 312.777
223.536 313.027
223.714 313.277
223.893 313.527
224.071 313.777
224.071 313.777
224.25 314.027
224.428 314.277
224.607 314.527
224.786 314.777
224.786 314.777
224.964 315.027
225.143 315.277
225.321 315.527
225.5 315.777
225.5 315.777
225.678 316.027
225.857 316.277
225.857 316.277
226.036 316.527
226.214 316.777
226.214 316.777
226.393 317.027
226.571 317.277
226.75 317.527
226.928 317.777
227.107 318.027
227.286 318.277
227.464 318.527
227.464 318.527
227.643 318.777
227.643 318.777
227.643 318.777
227.643 318.777
227.643 318.777
227.643 318.777
228.335 319.746
228.357 319.777
228.673 320.219
228.714 320.277
229.031 320.721
229.071 320.777
229.071 320.777
229.25 321.027
229.428 321.277
229.607 321.527
229.786 321.777
229.786 321.777
229.964 322.027
230.143 322.277
230.321 322.527
230.5 322.777
230.5 322.777
230.678 323.027
230.857 323.277
231.036 323.527
231.214 323.777
231.214 323.777
231.393 324.027
231.571 324.277
231.571 324.277
231.75 324.527
231.928 324.777
231.928 324.777
232.107 325.027
232.286 325.277
232.464 325.527
232.643 325.777
232.643 325.777
232.821 326.027
233 326.277
233.178 326.527
233.357 326.777
233.536 327.027
233.714 327.277
233.893 327.527
234.071 327.777
234.25 328.027
234.428 328.277
234.607 328.527
234.786 328.777
234.786 328.777
234.964 329.027
235.143 329.277
235.321 329.527
235.5 329.777
235.5 329.777
235.678 330.027
235.857 330.277
236.036 330.527
236.214 330.777
236.214 330.777
236.393 331.027
236.571 331.277
236.75 331.527
236.928 331.777
236.928 331.777
237.107 332.027
237.286 332.277
237.286 332.277
237.464 332.527
237.464 332.527
237.643 332.777
237.643 332.777
237.821 333.027
238 333.277
238 333.277
238.178 333.527
238.357 333.777
238.357 333.777
238.536 334.027
238.714 334.277
238.893 334.527
239.071 334.777
239.25 335.027
239.428 335.277
239.607 335.527
239.607 335.527
239.786 335.777
239.786 335.777
239.964 336.027
240.143 336.277
240.321 336.527
240.5 336.777
240.5 336.777
240.678 337.027
240.857 337.277
241.036 337.527
241.214 337.777
241.214 337.777
241.214 337.777
241.393 338.027
241.571 338.277
241.75 338.527
241.928 338.777
241.928 338.777
242.107 339.027
242.286 339.277
242.464 339.527
242.643 339.777
242.643 339.777
242.821 340.027
243 340.277
243 340.277
243.178 340.527
243.357 340.777
243.357 340.777
243.536 341.027
243.714 341.277
243.893 341.527
244.071 341.777
244.25 342.027
244.428 342.277
244.607 342.527
244.786 342.777
244.964 343.027
245.143 343.277
245.321 343.527
245.5 343.777
245.5 343.777
245.678 344.027
245.857 344.277
245.857 344.277
246.036 344.527
246.214 344.777
246.214 344.777
246.393 345.027
246.571 345.277
246.75 345.527
246.928 345.777
246.928 345.777
247.107 346.027
247.286 346.277
247.464 346.527
247.643 346.777
247.643 346.777
247.821 347.027
248 347.277
248.178 347.527
248.357 347.777
248.357 347.777
248.536 348.027
248.714 348.277
248.714 348.277
248.893 348.527
249.071 348.777
249.071 348.777
249.25 349.027
249.428 349.277
249.607 349.527
249.786 349.777
249.786 349.777
249.964 350.027
250.143 350.277
250.321 350.527
250.5 350.777
250.5 350.777
251.853 352.671
252.373 353.4
252.731 353.9
252.733 353.904
252.736 353.908
254.732 356.702
255.172 357.319
256.053 358.552
257.097 360.012
257.107 360.027
257.108 360.029
257.756 360.935
258.065 361.369
258.257 361.637
258.372 361.798
258.461 361.923
258.547 362.044
258.626 362.154
258.704 362.263
258.792 362.385
259.247 363.023
259.786 363.777
260.927 365.375
261.708 366.469
261.711 366.473
261.717 366.481
262.268 367.252
263.765 369.348
264.219 369.983
265.28 371.469
265.283 371.473
265.286 371.477
270.476 378.744
270.486 378.758
270.489 378.762
270.494 378.769
271.464 380.127
