3.8671 6.12292
3.8671 6.12292
3.8671 6.12292
3.8671 6.12292
3.8671 6.12292
4.18289 6.62292
4.49868 7.12292
4.49868 7.12292
4.49868 7.12292
4.49868 7.12292
4.49868 7.12292
4.81447 7.62292
5.13026 8.12292
5.13026 8.12292
5.13026 8.12292
5.13026 8.12292
5.13026 8.12292
5.44604 8.62292
5.76183 9.12292
5.76183 9.12292
5.76183 9.12292
5.76183 9.12292
6.07762 9.62292
6.39341 10.1229
6.39341 10.1229
6.39341 10.1229
6.39341 10.1229
6.39341 10.1229
6.7092 10.6229
6.86709 10.8729
7.02499 11.1229
7.02499 11.1229
7.02499 11.1229
7.02499 11.1229
7.02499 11.1229
7.34078 11.6229
7.65657 12.1229
7.65657 12.1229
7.65657 12.1229
7.65657 12.1229
7.65657 12.1229
7.97236 12.6229
8.28815 13.1229
8.28815 13.1229
8.91972 14.1229
8.91972 14.1229
8.91972 14.1229
8.91972 14.1229
8.91972 14.1229
9.23551 14.6229
9.23551 14.6229
9.5513 15.1229
9.5513 15.1229
9.5513 15.1229
9.5513 15.1229
9.86709 15.6229
9.86709 15.6229
10.1829 16.1229
10.1829 16.1229
10.1829 16.1229
10.1829 16.1229
10.1829 16.1229
10.4987 16.6229
10.6566 16.8729
10.8145 17.1229
10.8145 17.1229
10.8145 17.1229
10.8145 17.1229
10.8145 17.1229
11.1302 17.6229
11.446 18.1229
11.446 18.1229
11.446 18.1229
11.446 18.1229
11.446 18.1229
11.7618 18.6229
11.7618 18.6229
11.9197 18.8729
12.0776 19.1229
12.0776 19.1229
12.0776 19.1229
12.3934 19.6229
12.3934 19.6229
12.5513 19.8729
12.7092 20.1229
12.7092 20.1229
12.8671 20.3729
13.025 20.6229
13.025 20.6229
13.3408 21.1229
13.3408 21.1229
13.3408 21.1229
13.9723 22.1229
13.9723 22.1229
13.9723 22.1229
13.9723 22.1229
14.2881 22.6229
14.6039 23.1229
14.6039 23.1229
14.9197 23.6229
14.9197 23.6229
14.9197 23.6229
15.2355 24.1229
15.2355 24.1229
15.5513 24.6229
15.8671 25.1229
15.8671 25.1229
15.8671 25.1229
16.1829 25.6229
16.1829 25.6229
16.4987 26.1229
16.4987 26.1229
16.8144 26.6229
16.8144 26.6229
17.1302 27.1229
17.1302 27.1229
17.1302 27.1229
17.446 27.6229
17.446 27.6229
17.7618 28.1229
17.7618 28.1229
17.7618 28.1229
18.0776 28.6229
18.3934 29.1229
18.3934 29.1229
18.7092 29.6229
19.025 30.1229
19.025 30.1229
19.025 30.1229
19.025 30.1229
19.025 30.1229
19.3408 30.6229
19.6565 31.1229
19.6565 31.1229
19.6565 31.1229
19.6565 31.1229
19.9723 31.6229
20.2881 32.1229
20.2881 32.1229
20.2881 32.1229
20.2881 32.1229
20.2881 32.1229
20.6039 32.6229
20.9197 33.1229
20.9197 33.1229
20.9197 33.1229
20.9197 33.1229
21.5513 34.1229
21.5513 34.1229
21.5513 34.1229
21.5513 34.1229
21.5513 34.1229
21.8671 34.6229
21.8671 34.6229
22.1829 35.1229
22.1829 35.1229
22.4987 35.6229
22.4987 35.6229
22.4987 35.6229
22.8144 36.1229
22.8144 36.1229
22.8144 36.1229
24.0776 38.1229
24.0776 38.1229
24.3934 38.6229
24.3934 38.6229
24.7092 39.1229
24.7092 39.1229
25.025 39.6229
25.025 39.6229
25.3408 40.1229
25.3408 40.1229
25.6565 40.6229
25.9723 41.1229
26.2881 41.6229
26.2881 41.6229
26.6039 42.1229
26.6039 42.1229
26.6039 42.1229
26.9197 42.6229
26.9197 42.6229
27.2355 43.1229
27.2355 43.1229
27.5513 43.6229
27.5513 43.6229
27.8671 44.1229
27.8671 44.1229
28.1829 44.6229
28.4986 45.1229
29.1302 46.1229
29.1302 46.1229
29.1302 46.1229
29.1302 46.1229
29.1302 46.1229
29.446 46.6229
29.446 46.6229
29.7618 47.1229
29.7618 47.1229
29.7618 47.1229
30.0776 47.6229
30.3934 48.1229
30.3934 48.1229
30.3934 48.1229
30.3934 48.1229
30.7092 48.6229
30.7092 48.6229
31.025 49.1229
31.025 49.1229
31.3407 49.6229
31.3407 49.6229
31.4986 49.8729
31.6565 50.1229
31.6565 50.1229
31.6565 50.1229
31.9723 50.6229
32.2881 51.1229
32.6039 51.6229
32.9197 52.1229
34.1828 54.1229
34.1828 54.1229
34.4986 54.6229
34.4986 54.6229
34.8144 55.1229
34.8144 55.1229
34.8144 55.1229
35.1302 55.6229
35.446 56.1229
35.446 56.1229
36.0776 57.1229
36.3934 57.6229
36.5513 57.8729
36.7092 58.1229
36.7092 58.1229
37.0249 58.6229
37.0249 58.6229
37.3407 59.1229
37.3407 59.1229
37.6565 59.6229
37.6565 59.6229
37.9723 60.1229
37.9723 60.1229
38.6039 61.1229
39.2355 62.1229
39.2355 62.1229
39.5513 62.6229
39.5513 62.6229
39.867 63.1229
39.867 63.1229
40.1828 63.6229
40.1828 63.6229
40.4986 64.1229
40.4986 64.1229
40.8144 64.6229
40.9723 64.8729
41.1302 65.1229
41.1302 65.1229
41.446 65.6229
41.7618 66.1229
41.7618 66.1229
42.0776 66.6229
42.0776 66.6229
42.3934 67.1229
42.3934 67.1229
42.7091 67.6229
42.7091 67.6229
43.0249 68.1229
43.0249 68.1229
43.3407 68.6229
43.3407 68.6229
43.6565 69.1229
43.6565 69.1229
43.9723 69.6229
43.9723 69.6229
44.2881 70.1229
44.2881 70.1229
44.2881 70.1229
44.2881 70.1229
44.2881 70.1229
44.2881 70.1229
44.6039 70.6229
44.6039 70.6229
44.9197 71.1229
44.9197 71.1229
45.2355 71.6229
45.2355 71.6229
45.2355 71.6229
45.5512 72.1229
45.5512 72.1229
45.867 72.6229
46.1828 73.1229
46.4986 73.6229
46.8144 74.1229
46.8144 74.1229
46.8144 74.1229
46.8144 74.1229
47.1302 74.6229
47.1302 74.6229
47.446 75.1229
47.446 75.1229
47.446 75.1229
47.7618 75.6229
47.7618 75.6229
48.0776 76.1229
48.0776 76.1229
48.0776 76.1229
48.0776 76.1229
48.0776 76.1229
48.3933 76.6229
48.7091 77.1229
49.0249 77.6229
49.3407 78.1229
49.3407 78.1229
49.6565 78.6229
49.6565 78.6229
49.9723 79.1229
49.9723 79.1229
50.2881 79.6229
50.2881 79.6229
50.6039 80.1229
50.6039 80.1229
50.9197 80.6229
50.9197 80.6229
51.2354 81.1229
51.2354 81.1229
51.5512 81.6229
51.5512 81.6229
51.867 82.1229
51.867 82.1229
51.867 82.1229
52.1828 82.6229
52.1828 82.6229
52.4986 83.1229
52.4986 83.1229
52.8144 83.6229
52.8144 83.6229
53.1302 84.1229
53.1302 84.1229
53.446 84.6229
53.7618 85.1229
54.0776 85.6229
54.0776 85.6229
54.3933 86.1229
54.3933 86.1229
54.3933 86.1229
54.7091 86.6229
54.7091 86.6229
55.0249 87.1229
55.0249 87.1229
55.0249 87.1229
55.3407 87.6229
55.3407 87.6229
55.6565 88.1229
55.6565 88.1229
55.6565 88.1229
55.9723 88.6229
56.2881 89.1229
56.2881 89.1229
56.6039 89.6229
56.6039 89.6229
56.7618 89.8729
56.9197 90.1229
56.9197 90.1229
57.2354 90.6229
57.2354 90.6229
57.5512 91.1229
57.5512 91.1229
57.867 91.6229
57.867 91.6229
57.867 91.6229
58.1828 92.1229
58.1828 92.1229
58.4986 92.6229
59.446 94.1229
59.446 94.1229
59.446 94.1229
59.446 94.1229
59.7618 94.6229
59.7618 94.6229
60.0775 95.1229
60.0775 95.1229
60.0775 95.1229
60.3933 95.6229
60.7091 96.1229
60.7091 96.1229
60.7091 96.1229
60.7091 96.1229
61.0249 96.6229
61.0249 96.6229
61.3407 97.1229
61.3407 97.1229
61.3407 97.1229
61.6565 97.6229
61.9723 98.1229
61.9723 98.1229
61.9723 98.1229
61.9723 98.1229
62.2881 98.6229
62.2881 98.6229
62.6039 99.1229
62.6039 99.1229
62.9196 99.6229
62.9196 99.6229
62.9196 99.6229
63.2354 100.123
63.2354 100.123
63.2354 100.123
63.5512 100.623
63.5512 100.623
63.867 101.123
63.867 101.123
63.867 101.123
64.1828 101.623
64.4986 102.123
64.4986 102.123
64.4986 102.123
64.4986 102.123
64.4986 102.123
64.8144 102.623
64.8144 102.623
65.1302 103.123
65.1302 103.123
65.446 103.623
65.446 103.623
65.7617 104.123
65.7617 104.123
65.7617 104.123
65.7617 104.123
65.7617 104.123
66.0775 104.623
66.3933 105.123
66.3933 105.123
66.3933 105.123
66.7091 105.623
66.7091 105.623
67.0249 106.123
67.0249 106.123
67.0249 106.123
67.0249 106.123
67.3407 106.623
67.4986 106.873
67.6565 107.123
67.6565 107.123
67.9723 107.623
67.9723 107.623
67.9723 107.623
68.2881 108.123
68.2881 108.123
68.6038 108.623
68.9196 109.123
68.9196 109.123
68.9196 109.123
69.5512 110.123
69.5512 110.123
69.5512 110.123
69.5512 110.123
69.5512 110.123
69.867 110.623
69.867 110.623
70.1828 111.123
70.1828 111.123
70.1828 111.123
70.4986 111.623
70.4986 111.623
70.8144 112.123
70.8144 112.123
70.8144 112.123
70.8144 112.123
70.8144 112.123
71.1302 112.623
71.1302 112.623
71.4459 113.123
71.4459 113.123
71.4459 113.123
71.4459 113.123
71.7617 113.623
71.7617 113.623
72.0775 114.123
72.0775 114.123
72.0775 114.123
72.0775 114.123
72.0775 114.123
72.3933 114.623
72.3933 114.623
72.5512 114.873
72.7091 115.123
72.7091 115.123
72.7091 115.123
73.0249 115.623
73.0249 115.623
73.1828 115.873
73.3407 116.123
73.3407 116.123
73.4986 116.373
73.6565 116.623
73.6565 116.623
73.6565 116.623
73.8144 116.873
73.8144 116.873
73.8144 116.873
73.9723 117.123
74.1302 117.373
74.1302 117.373
74.288 117.623
74.6038 118.123
74.6038 118.123
74.9196 118.623
74.9196 118.623
75.2354 119.123
75.2354 119.123
75.2354 119.123
75.5512 119.623
75.5512 119.623
75.867 120.123
76.1828 120.623
76.4986 121.123
76.4986 121.123
76.4986 121.123
76.8144 121.623
76.8144 121.623
77.1301 122.123
77.1301 122.123
77.4459 122.623
77.4459 122.623
77.7617 123.123
77.7617 123.123
77.7617 123.123
78.0775 123.623
78.0775 123.623
78.3933 124.123
78.7091 124.623
78.7091 124.623
79.0249 125.123
79.0249 125.123
79.3407 125.623
79.3407 125.623
79.6565 126.123
79.6565 126.123
79.6565 126.123
79.6565 126.123
79.6565 126.123
79.9722 126.623
79.9722 126.623
80.288 127.123
80.288 127.123
80.6038 127.623
80.6038 127.623
80.9196 128.123
81.2354 128.623
81.2354 128.623
81.5512 129.123
81.5512 129.123
81.5512 129.123
81.867 129.623
81.867 129.623
82.1828 130.123
82.1828 130.123
82.1828 130.123
82.1828 130.123
82.1828 130.123
82.4986 130.623
82.4986 130.623
82.8143 131.123
82.8143 131.123
82.8143 131.123
82.8143 131.123
83.1301 131.623
83.4459 132.123
83.4459 132.123
83.4459 132.123
83.4459 132.123
83.7617 132.623
83.7617 132.623
84.0775 133.123
84.0775 133.123
84.0775 133.123
84.3933 133.623
84.3933 133.623
84.7091 134.123
84.7091 134.123
84.7091 134.123
84.7091 134.123
84.7091 134.123
84.7091 134.123
85.0249 134.623
85.0249 134.623
85.3407 135.123
85.3407 135.123
85.3407 135.123
85.3407 135.123
85.6565 135.623
85.9722 136.123
85.9722 136.123
85.9722 136.123
85.9722 136.123
85.9722 136.123
86.288 136.623
86.6038 137.123
86.6038 137.123
86.6038 137.123
86.9196 137.623
86.9196 137.623
87.2354 138.123
87.2354 138.123
87.2354 138.123
87.2354 138.123
87.2354 138.123
87.5512 138.623
87.7091 138.873
87.867 139.123
87.867 139.123
87.867 139.123
87.867 139.123
87.867 139.123
88.1828 139.623
88.4986 140.123
88.4986 140.123
88.4986 140.123
88.4986 140.123
88.8143 140.623
88.9722 140.873
89.1301 141.123
89.288 141.373
89.4459 141.623
89.4459 141.623
89.7617 142.123
89.7617 142.123
89.7617 142.123
89.7617 142.123
90.0775 142.623
90.0775 142.623
90.3933 143.123
90.3933 143.123
90.3933 143.123
90.7091 143.623
90.7091 143.623
91.0249 144.123
91.0249 144.123
91.0249 144.123
91.0249 144.123
91.0249 144.123
91.3407 144.623
91.3407 144.623
91.6564 145.123
91.6564 145.123
91.6564 145.123
91.6564 145.123
91.9722 145.623
91.9722 145.623
92.288 146.123
92.288 146.123
92.288 146.123
92.288 146.123
92.288 146.123
92.6038 146.623
92.6038 146.623
92.7617 146.873
92.9196 147.123
92.9196 147.123
92.9196 147.123
93.2354 147.623
93.2354 147.623
93.3933 147.873
93.5512 148.123
93.5512 148.123
93.7091 148.373
93.867 148.623
93.867 148.623
94.0249 148.873
94.1828 149.123
94.1828 149.123
94.1828 149.123
94.8143 150.123
94.8143 150.123
95.1301 150.623
95.1301 150.623
95.4459 151.123
95.4459 151.123
95.4459 151.123
95.4459 151.123
95.7617 151.623
96.0775 152.123
96.0775 152.123
96.0775 152.123
96.3933 152.623
96.7091 153.123
96.7091 153.123
97.0249 153.623
97.0249 153.623
97.3406 154.123
97.3406 154.123
97.6564 154.623
97.6564 154.623
97.9722 155.123
97.9722 155.123
98.288 155.623
98.288 155.623
98.288 155.623
98.6038 156.123
98.6038 156.123
98.6038 156.123
98.9196 156.623
99.2354 157.123
99.2354 157.123
99.5512 157.623
99.867 158.123
99.867 158.123
99.867 158.123
99.867 158.123
99.867 158.123
100.183 158.623
100.183 158.623
100.499 159.123
100.499 159.123
100.499 159.123
100.499 159.123
100.814 159.623
101.13 160.123
101.13 160.123
101.13 160.123
101.13 160.123
101.13 160.123
101.446 160.623
101.446 160.623
101.762 161.123
101.762 161.123
101.762 161.123
101.762 161.123
102.077 161.623
102.393 162.123
102.393 162.123
102.393 162.123
102.393 162.123
102.393 162.123
102.709 162.623
102.709 162.623
103.025 163.123
103.025 163.123
103.341 163.623
103.341 163.623
103.341 163.623
103.656 164.123
103.656 164.123
103.656 164.123
103.972 164.623
104.288 165.123
104.604 165.623
104.92 166.123
104.92 166.123
105.235 166.623
105.551 167.123
105.867 167.623
105.867 167.623
106.183 168.123
106.499 168.623
106.499 168.623
106.656 168.873
106.814 169.123
106.814 169.123
106.814 169.123
107.13 169.623
107.13 169.623
107.446 170.123
107.446 170.123
107.762 170.623
108.077 171.123
108.077 171.123
108.393 171.623
108.393 171.623
109.025 172.623
109.341 173.123
109.341 173.123
109.656 173.623
109.656 173.623
109.972 174.123
109.972 174.123
110.288 174.623
110.288 174.623
110.604 175.123
110.604 175.123
110.92 175.623
110.92 175.623
111.235 176.123
111.235 176.123
111.235 176.123
111.551 176.623
111.867 177.123
112.183 177.623
112.183 177.623
112.341 177.873
112.499 178.123
112.499 178.123
112.499 178.123
112.499 178.123
112.814 178.623
113.13 179.123
113.13 179.123
113.13 179.123
113.446 179.623
113.446 179.623
113.446 179.623
114.077 180.623
114.393 181.123
114.393 181.123
114.709 181.623
115.025 182.123
115.025 182.123
115.025 182.123
115.025 182.123
115.341 182.623
115.656 183.123
115.972 183.623
115.972 183.623
116.604 184.623
116.604 184.623
116.92 185.123
116.92 185.123
117.235 185.623
117.235 185.623
117.551 186.123
117.551 186.123
117.551 186.123
117.551 186.123
117.867 186.623
118.183 187.123
118.183 187.123
118.499 187.623
118.972 188.373
119.446 189.123
119.446 189.123
119.762 189.623
119.92 189.873
120.077 190.123
120.077 190.123
120.077 190.123
120.077 190.123
120.077 190.123
121.025 191.623
121.341 192.123
121.341 192.123
121.341 192.123
121.341 192.123
121.341 192.123
121.656 192.623
121.972 193.123
121.972 193.123
121.972 193.123
121.972 193.123
122.604 194.123
122.604 194.123
122.604 194.123
122.604 194.123
122.604 194.123
122.92 194.623
122.92 194.623
123.235 195.123
123.235 195.123
123.551 195.623
123.551 195.623
123.551 195.623
123.867 196.123
123.867 196.123
123.867 196.123
125.13 198.123
125.13 198.123
125.446 198.623
125.446 198.623
125.762 199.123
125.762 199.123
126.077 199.623
126.077 199.623
126.393 200.123
126.393 200.123
126.709 200.623
127.025 201.123
127.341 201.623
127.341 201.623
127.656 202.123
127.656 202.123
127.656 202.123
127.972 202.623
127.972 202.623
128.288 203.123
128.288 203.123
128.604 203.623
128.604 203.623
128.92 204.123
128.92 204.123
129.235 204.623
129.551 205.123
130.183 206.123
130.183 206.123
130.183 206.123
130.183 206.123
130.183 206.123
130.498 206.623
130.498 206.623
130.814 207.123
130.814 207.123
130.814 207.123
131.13 207.623
131.446 208.123
131.446 208.123
131.446 208.123
131.446 208.123
131.762 208.623
131.762 208.623
132.077 209.123
132.077 209.123
132.393 209.623
132.393 209.623
132.551 209.873
132.709 210.123
132.709 210.123
132.709 210.123
133.025 210.623
133.341 211.123
133.656 211.623
133.972 212.123
135.235 214.123
135.235 214.123
135.551 214.623
135.551 214.623
135.867 215.123
135.867 215.123
135.867 215.123
136.183 215.623
136.498 216.123
136.498 216.123
137.13 217.123
137.446 217.623
137.604 217.873
137.762 218.123
137.762 218.123
138.077 218.623
138.077 218.623
138.393 219.123
138.393 219.123
138.709 219.623
138.709 219.623
139.025 220.123
139.025 220.123
139.656 221.123
140.288 222.123
140.288 222.123
140.604 222.623
140.604 222.623
140.92 223.123
140.92 223.123
141.235 223.623
141.235 223.623
141.551 224.123
141.551 224.123
141.867 224.623
142.025 224.873
142.183 225.123
142.183 225.123
142.498 225.623
142.814 226.123
142.814 226.123
143.13 226.623
143.13 226.623
143.446 227.123
143.446 227.123
143.762 227.623
143.762 227.623
144.077 228.123
144.077 228.123
144.393 228.623
144.393 228.623
144.709 229.123
144.709 229.123
145.025 229.623
145.025 229.623
145.341 230.123
145.341 230.123
145.341 230.123
145.341 230.123
145.341 230.123
145.341 230.123
145.656 230.623
145.656 230.623
145.972 231.123
145.972 231.123
146.288 231.623
146.288 231.623
146.288 231.623
146.604 232.123
146.604 232.123
146.92 232.623
147.235 233.123
147.551 233.623
147.867 234.123
147.867 234.123
147.867 234.123
147.867 234.123
148.183 234.623
148.183 234.623
148.498 235.123
148.498 235.123
148.498 235.123
148.814 235.623
148.814 235.623
149.13 236.123
149.13 236.123
149.13 236.123
149.13 236.123
149.13 236.123
149.446 236.623
149.762 237.123
150.077 237.623
150.393 238.123
150.393 238.123
150.709 238.623
150.709 238.623
151.025 239.123
151.025 239.123
151.341 239.623
151.341 239.623
151.656 240.123
151.656 240.123
151.972 240.623
151.972 240.623
152.288 241.123
152.288 241.123
152.604 241.623
152.604 241.623
152.92 242.123
152.92 242.123
152.92 242.123
153.235 242.623
153.235 242.623
153.551 243.123
153.551 243.123
153.867 243.623
153.867 243.623
154.183 244.123
154.183 244.123
154.498 244.623
154.814 245.123
155.13 245.623
155.13 245.623
155.446 246.123
155.446 246.123
155.446 246.123
155.762 246.623
155.762 246.623
156.077 247.123
156.077 247.123
156.077 247.123
156.393 247.623
156.393 247.623
156.709 248.123
156.709 248.123
156.709 248.123
157.025 248.623
157.341 249.123
157.341 249.123
157.656 249.623
157.656 249.623
157.814 249.873
157.972 250.123
157.972 250.123
158.288 250.623
158.288 250.623
158.604 251.123
158.604 251.123
158.919 251.623
158.919 251.623
158.919 251.623
159.235 252.123
159.235 252.123
159.551 252.623
160.498 254.123
160.498 254.123
160.498 254.123
160.498 254.123
160.814 254.623
160.814 254.623
161.13 255.123
161.13 255.123
161.13 255.123
161.446 255.623
161.762 256.123
161.762 256.123
161.762 256.123
161.762 256.123
162.077 256.623
162.077 256.623
162.393 257.123
162.393 257.123
162.393 257.123
162.709 257.623
163.025 258.123
163.025 258.123
163.025 258.123
163.025 258.123
163.341 258.623
163.341 258.623
163.656 259.123
163.656 259.123
163.972 259.623
163.972 259.623
163.972 259.623
164.288 260.123
164.288 260.123
164.288 260.123
164.604 260.623
164.604 260.623
164.919 261.123
164.919 261.123
164.919 261.123
165.235 261.623
165.551 262.123
165.551 262.123
165.551 262.123
165.551 262.123
165.551 262.123
165.867 262.623
165.867 262.623
166.183 263.123
166.183 263.123
166.498 263.623
166.498 263.623
166.814 264.123
166.814 264.123
166.814 264.123
166.814 264.123
166.814 264.123
167.13 264.623
167.446 265.123
167.446 265.123
167.446 265.123
167.762 265.623
167.762 265.623
168.077 266.123
168.077 266.123
168.077 266.123
168.077 266.123
168.393 266.623
168.551 266.873
168.709 267.123
168.709 267.123
169.025 267.623
169.025 267.623
169.025 267.623
169.341 268.123
169.341 268.123
169.656 268.623
169.972 269.123
169.972 269.123
169.972 269.123
170.604 270.123
170.604 270.123
170.604 270.123
170.604 270.123
170.604 270.123
170.919 270.623
170.919 270.623
171.235 271.123
171.235 271.123
171.235 271.123
171.551 271.623
171.551 271.623
171.867 272.123
171.867 272.123
171.867 272.123
171.867 272.123
171.867 272.123
172.183 272.623
172.183 272.623
172.498 273.123
172.498 273.123
172.498 273.123
172.498 273.123
172.814 273.623
172.814 273.623
173.13 274.123
173.13 274.123
173.13 274.123
173.13 274.123
173.13 274.123
173.446 274.623
173.446 274.623
173.604 274.873
173.762 275.123
173.762 275.123
173.762 275.123
174.077 275.623
174.077 275.623
174.235 275.873
174.393 276.123
174.393 276.123
174.551 276.373
174.709 276.623
174.709 276.623
174.709 276.623
174.867 276.873
174.867 276.873
174.867 276.873
175.025 277.123
175.183 277.373
175.656 278.123
175.656 278.123
175.972 278.623
175.972 278.623
176.288 279.123
176.288 279.123
176.288 279.123
176.604 279.623
176.604 279.623
176.919 280.123
177.235 280.623
177.551 281.123
177.551 281.123
177.551 281.123
177.867 281.623
177.867 281.623
178.183 282.123
178.183 282.123
178.498 282.623
178.498 282.623
178.814 283.123
178.814 283.123
178.814 283.123
179.13 283.623
179.13 283.623
179.446 284.123
179.762 284.623
179.762 284.623
180.077 285.123
180.077 285.123
180.393 285.623
180.393 285.623
180.709 286.123
180.709 286.123
180.709 286.123
180.709 286.123
180.709 286.123
181.025 286.623
181.025 286.623
181.341 287.123
181.341 287.123
181.656 287.623
181.656 287.623
181.972 288.123
182.288 288.623
182.288 288.623
182.604 289.123
182.604 289.123
182.604 289.123
182.919 289.623
182.919 289.623
183.235 290.123
183.235 290.123
183.235 290.123
183.235 290.123
183.235 290.123
183.551 290.623
183.551 290.623
183.867 291.123
183.867 291.123
183.867 291.123
183.867 291.123
184.183 291.623
184.498 292.123
184.498 292.123
184.498 292.123
184.498 292.123
184.814 292.623
184.814 292.623
185.13 293.123
185.13 293.123
185.13 293.123
185.446 293.623
185.446 293.623
185.762 294.123
185.762 294.123
185.762 294.123
185.762 294.123
185.762 294.123
185.762 294.123
186.077 294.623
186.077 294.623
186.393 295.123
186.393 295.123
186.393 295.123
186.393 295.123
186.709 295.623
187.025 296.123
187.025 296.123
187.025 296.123
187.025 296.123
187.025 296.123
187.341 296.623
187.656 297.123
187.656 297.123
187.656 297.123
187.972 297.623
187.972 297.623
188.288 298.123
188.288 298.123
188.288 298.123
188.288 298.123
188.288 298.123
188.604 298.623
188.762 298.873
188.919 299.123
188.919 299.123
188.919 299.123
188.919 299.123
188.919 299.123
189.235 299.623
189.551 300.123
189.551 300.123
189.551 300.123
189.551 300.123
189.867 300.623
190.025 300.873
190.183 301.123
190.341 301.373
190.498 301.623
190.498 301.623
190.814 302.123
190.814 302.123
190.814 302.123
190.814 302.123
191.13 302.623
191.13 302.623
191.446 303.123
191.446 303.123
191.446 303.123
191.762 303.623
191.762 303.623
192.077 304.123
192.077 304.123
192.077 304.123
192.077 304.123
192.077 304.123
192.393 304.623
192.393 304.623
192.709 305.123
192.709 305.123
192.709 305.123
192.709 305.123
193.025 305.623
193.025 305.623
193.34 306.123
193.34 306.123
193.34 306.123
193.34 306.123
193.34 306.123
193.656 306.623
193.656 306.623
193.814 306.873
193.972 307.123
193.972 307.123
193.972 307.123
194.288 307.623
194.288 307.623
194.446 307.873
194.604 308.123
194.604 308.123
194.762 308.373
194.919 308.623
194.919 308.623
195.077 308.873
195.235 309.123
195.235 309.123
195.235 309.123
195.867 310.123
195.867 310.123
196.183 310.623
196.183 310.623
196.498 311.123
196.498 311.123
196.498 311.123
196.498 311.123
196.814 311.623
197.13 312.123
197.13 312.123
197.13 312.123
197.446 312.623
197.762 313.123
197.762 313.123
198.077 313.623
198.077 313.623
198.393 314.123
198.393 314.123
198.709 314.623
198.709 314.623
199.025 315.123
199.025 315.123
199.34 315.623
199.34 315.623
199.34 315.623
199.656 316.123
199.656 316.123
199.656 316.123
199.972 316.623
200.288 317.123
200.288 317.123
200.604 317.623
200.919 318.123
200.919 318.123
200.919 318.123
200.919 318.123
200.919 318.123
201.235 318.623
201.235 318.623
201.551 319.123
201.551 319.123
201.551 319.123
201.551 319.123
201.867 319.623
202.183 320.123
202.183 320.123
202.183 320.123
202.183 320.123
202.183 320.123
202.498 320.623
202.498 320.623
202.814 321.123
202.814 321.123
202.814 321.123
202.814 321.123
203.13 321.623
203.446 322.123
203.446 322.123
203.446 322.123
203.446 322.123
203.446 322.123
203.762 322.623
203.762 322.623
204.077 323.123
204.077 323.123
204.393 323.623
204.393 323.623
204.393 323.623
204.709 324.123
204.709 324.123
204.709 324.123
204.709 324.123
204.867 324.373
205.025 324.623
205.183 324.873
205.34 325.123
205.498 325.373
205.656 325.623
205.814 325.873
205.972 326.123
205.972 326.123
205.972 326.123
205.972 326.123
205.972 326.123
206.288 326.623
206.288 326.623
206.604 327.123
206.604 327.123
206.919 327.623
206.919 327.623
207.235 328.123
207.235 328.123
207.235 328.123
207.235 328.123
207.235 328.123
207.551 328.623
207.867 329.123
207.867 329.123
207.867 329.123
208.183 329.623
208.183 329.623
208.498 330.123
208.498 330.123
208.498 330.123
208.498 330.123
208.814 330.623
208.972 330.873
209.13 331.123
209.13 331.123
209.446 331.623
209.446 331.623
209.446 331.623
209.762 332.123
209.762 332.123
210.077 332.623
210.393 333.123
210.393 333.123
210.393 333.123
211.025 334.123
211.025 334.123
211.025 334.123
211.025 334.123
211.025 334.123
211.34 334.623
211.34 334.623
211.656 335.123
211.656 335.123
211.656 335.123
211.972 335.623
211.972 335.623
212.288 336.123
212.288 336.123
212.288 336.123
212.288 336.123
212.288 336.123
212.604 336.623
212.604 336.623
212.919 337.123
212.919 337.123
212.919 337.123
212.919 337.123
213.235 337.623
213.235 337.623
213.551 338.123
213.551 338.123
213.551 338.123
213.551 338.123
213.551 338.123
213.867 338.623
213.867 338.623
214.025 338.873
214.183 339.123
214.183 339.123
214.183 339.123
214.498 339.623
214.498 339.623
214.656 339.873
214.814 340.123
214.814 340.123
214.972 340.373
215.13 340.623
215.13 340.623
215.13 340.623
215.288 340.873
215.288 340.873
215.288 340.873
215.446 341.123
215.604 341.373
216.077 342.123
216.077 342.123
216.393 342.623
216.393 342.623
216.709 343.123
216.709 343.123
216.709 343.123
217.025 343.623
217.025 343.623
217.34 344.123
217.656 344.623
217.972 345.123
217.972 345.123
217.972 345.123
218.288 345.623
218.288 345.623
218.604 346.123
218.604 346.123
218.919 346.623
218.919 346.623
219.235 347.123
219.235 347.123
219.235 347.123
219.551 347.623
219.551 347.623
219.867 348.123
220.183 348.623
220.183 348.623
220.498 349.123
220.498 349.123
220.814 349.623
220.814 349.623
221.13 350.123
221.13 350.123
221.13 350.123
221.13 350.123
221.13 350.123
221.446 350.623
221.446 350.623
221.762 351.123
221.762 351.123
222.077 351.623
222.077 351.623
222.393 352.123
222.709 352.623
222.709 352.623
223.025 353.123
223.025 353.123
223.025 353.123
223.34 353.623
223.34 353.623
223.656 354.123
223.656 354.123
223.656 354.123
223.656 354.123
223.656 354.123
223.972 354.623
223.972 354.623
224.288 355.123
224.288 355.123
224.288 355.123
224.288 355.123
224.604 355.623
224.919 356.123
224.919 356.123
224.919 356.123
224.919 356.123
225.235 356.623
225.235 356.623
225.551 357.123
225.551 357.123
225.551 357.123
225.867 357.623
225.867 357.623
226.183 358.123
226.183 358.123
226.183 358.123
226.183 358.123
226.183 358.123
226.183 358.123
226.498 358.623
226.498 358.623
226.814 359.123
226.814 359.123
226.814 359.123
226.814 359.123
227.13 359.623
227.446 360.123
227.446 360.123
227.446 360.123
227.446 360.123
227.446 360.123
227.762 360.623
228.077 361.123
228.077 361.123
228.077 361.123
228.393 361.623
228.393 361.623
228.709 362.123
228.709 362.123
228.709 362.123
228.709 362.123
228.709 362.123
229.025 362.623
229.183 362.873
229.34 363.123
229.34 363.123
229.34 363.123
229.34 363.123
229.34 363.123
229.656 363.623
229.972 364.123
229.972 364.123
229.972 364.123
229.972 364.123
230.288 364.623
230.446 364.873
230.604 365.123
230.761 365.373
230.919 365.623
230.919 365.623
231.235 366.123
231.235 366.123
231.235 366.123
231.235 366.123
231.551 366.623
231.551 366.623
231.867 367.123
231.867 367.123
231.867 367.123
232.183 367.623
232.183 367.623
232.498 368.123
232.498 368.123
232.498 368.123
232.498 368.123
232.498 368.123
232.814 368.623
232.814 368.623
233.13 369.123
233.13 369.123
233.13 369.123
233.13 369.123
233.446 369.623
233.446 369.623
233.761 370.123
233.761 370.123
233.761 370.123
233.761 370.123
233.761 370.123
234.077 370.623
234.077 370.623
234.235 370.873
234.393 371.123
234.393 371.123
234.393 371.123
234.709 371.623
234.709 371.623
234.867 371.873
235.025 372.123
235.025 372.123
235.183 372.373
235.34 372.623
235.34 372.623
235.498 372.873
235.656 373.123
235.656 373.123
235.656 373.123
236.288 374.123
236.288 374.123
236.604 374.623
236.604 374.623
236.919 375.123
236.919 375.123
236.919 375.123
236.919 375.123
237.235 375.623
237.551 376.123
237.551 376.123
237.551 376.123
237.867 376.623
238.183 377.123
238.183 377.123
238.498 377.623
238.498 377.623
238.814 378.123
238.814 378.123
239.13 378.623
239.13 378.623
239.446 379.123
239.446 379.123
239.761 379.623
239.761 379.623
239.761 379.623
240.077 380.123
240.077 380.123
240.077 380.123
240.393 380.623
240.709 381.123
240.709 381.123
241.025 381.623
241.34 382.123
241.34 382.123
241.34 382.123
241.34 382.123
241.34 382.123
241.656 382.623
241.656 382.623
241.972 383.123
241.972 383.123
241.972 383.123
241.972 383.123
242.288 383.623
242.604 384.123
242.604 384.123
242.604 384.123
242.604 384.123
242.604 384.123
242.919 384.623
242.919 384.623
243.235 385.123
243.235 385.123
243.235 385.123
243.235 385.123
243.551 385.623
243.867 386.123
243.867 386.123
243.867 386.123
243.867 386.123
243.867 386.123
244.183 386.623
244.183 386.623
244.498 387.123
244.498 387.123
244.814 387.623
244.814 387.623
244.814 387.623
245.13 388.123
245.13 388.123
245.13 388.123
246.393 390.123
246.393 390.123
246.709 390.623
247.025 391.123
247.34 391.623
247.972 392.623
247.972 392.623
248.288 393.123
248.288 393.123
248.604 393.623
248.604 393.623
248.919 394.123
248.919 394.123
248.919 394.123
249.235 394.623
249.551 395.123
249.551 395.123
249.867 395.623
249.867 395.623
250.814 397.123
251.13 397.623
251.288 397.873
251.288 397.873
251.288 397.873
251.446 398.123
251.446 398.123
251.446 398.123
251.761 398.623
252.077 399.123
252.393 399.623
252.709 400.123
252.709 400.123
253.025 400.623
253.34 401.123
253.34 401.123
253.656 401.623
253.972 402.123
253.972 402.123
254.288 402.623
254.288 402.623
254.604 403.123
254.604 403.123
254.919 403.623
254.919 403.623
255.235 404.123
255.235 404.123
