0.622983 0.64375
0.622983 0.64375
0.864919 0.89375
0.864919 0.89375
0.864919 0.89375
0.864919 0.89375
2.8004 2.89375
2.8004 2.89375
3.04234 3.14375
3.04234 3.14375
3.04234 3.14375
3.14516 3.25
3.48185 3.59792
3.86693 3.99583
4.19556 4.33542
4.25201 4.39375
4.25201 4.39375
4.49395 4.64375
4.49395 4.64375
4.58266 4.73542
5.87096 6.06667
5.94556 6.14375
5.94556 6.14375
6.01411 6.21458
6.1754 6.38125
6.18749 6.39375
6.3387 6.55
6.47983 6.69583
6.6754 6.89792
6.85282 7.08125
7.02419 7.25833
7.29032 7.53333
8.12298 8.39375
8.18749 8.46042
8.31249 8.58958
8.36491 8.64375
8.36491 8.64375
8.47378 8.75625
8.58064 8.86667
8.60685 8.89375
8.69959 8.98958
11.4536 11.8354
11.7419 12.1333
11.752 12.1438
11.752 12.1438
11.752 12.1438
11.752 12.1438
11.752 12.1438
11.9939 12.3938
13.4032 13.85
13.6814 14.1375
13.6875 14.1438
13.6875 14.1438
13.6875 14.1438
13.6875 14.1438
13.6935 14.15
15.623 16.1438
15.623 16.1438
15.623 16.1438
15.623 16.1438
15.625 16.1458
15.9294 16.4604
16.3669 16.9125
17.2742 17.85
17.3165 17.8938
17.5564 18.1417
17.5585 18.1438
17.5585 18.1438
17.5585 18.1438
18.006 18.6062
18.5262 19.1438
18.5262 19.1438
19.1915 19.8313
19.4818 20.1313
19.4939 20.1438
19.4939 20.1438
19.4939 20.1438
19.4939 20.1438
19.9355 20.6
20.4355 21.1167
20.7036 21.3938
20.9193 21.6167
20.9455 21.6438
21.1834 21.8896
21.1875 21.8938
21.4012 22.1146
21.4032 22.1167
21.4294 22.1438
21.4294 22.1438
21.4294 22.1438
21.9133 22.6438
22.383 23.1292
22.4072 23.1542
22.4254 23.1729
22.8528 23.6146
22.881 23.6438
22.9052 23.6687
23.3407 24.1187
23.3407 24.1187
23.3649 24.1438
23.3649 24.1438
23.3649 24.1438
23.8387 24.6333
23.8488 24.6437
24.3326 25.1438
24.8165 25.6438
25.3004 26.1438
25.3004 26.1438
26.2681 27.1438
26.2681 27.1438
26.752 27.6438
26.9617 27.8604
26.9939 27.8938
26.9939 27.8938
27.0766 27.9792
27.2056 28.1125
27.2359 28.1438
27.2359 28.1438
27.2359 28.1438
27.2359 28.1438
27.2439 28.1521
28.2036 29.1438
28.2036 29.1438
28.8971 29.8604
29.1713 30.1438
29.1713 30.1438
29.1713 30.1438
29.1713 30.1438
29.1774 30.15
29.2056 30.1792
30.1391 31.1438
30.1391 31.1438
30.1391 31.1438
30.623 31.6438
31.1068 32.1437
31.1068 32.1437
31.1068 32.1437
31.5584 32.6104
31.5907 32.6437
32.0463 33.1146
32.0746 33.1437
32.0746 33.1437
32.5322 33.6167
32.7883 33.8813
32.9738 34.0729
33.0423 34.1437
33.0423 34.1437
33.0423 34.1437
33.4818 34.5979
33.5262 34.6437
33.9879 35.1208
34.01 35.1437
34.4939 35.6437
34.9536 36.1187
34.9778 36.1437
34.9778 36.1437
34.9778 36.1437
35.4294 36.6104
35.4617 36.6437
35.9193 37.1167
35.9455 37.1437
36.4294 37.6437
36.6854 37.9083
36.9133 38.1437
36.9133 38.1437
36.9133 38.1437
37.6411 38.8958
37.881 39.1437
37.881 39.1437
37.9234 39.1875
38.3649 39.6437
38.3729 39.6521
38.8286 40.1229
38.8488 40.1437
38.8488 40.1437
38.8488 40.1437
39.2842 40.5938
39.3326 40.6437
39.8165 41.1437
40.0544 41.3896
40.2963 41.6396
40.3004 41.6437
40.5322 41.8833
40.7822 42.1417
40.7842 42.1437
41.2681 42.6437
41.752 43.1438
41.752 43.1438
41.7641 43.1562
41.7681 43.1604
42.0806 43.4833
42.0887 43.4917
42.1189 43.5229
42.3931 43.8062
42.4395 43.8542
42.7137 44.1375
42.7197 44.1437
42.7197 44.1437
42.7197 44.1437
42.7197 44.1437
42.754 44.1792
43.3548 44.8
43.7096 45.1667
44.0322 45.5
44.131 45.6021
44.3367 45.8146
44.6391 46.1271
44.6471 46.1354
44.6552 46.1437
44.6552 46.1437
44.6552 46.1437
45.6572 47.1792
46.1048 47.6417
46.5907 48.1437
46.5907 48.1437
46.5947 48.1479
46.5987 48.1521
47.0483 48.6167
47.0746 48.6437
47.1572 48.7292
47.2318 48.8062
47.5443 49.1292
47.5584 49.1437
48.0423 49.6437
48.0423 49.6437
48.5262 50.1437
48.5262 50.1437
49.4758 51.125
49.4939 51.1437
49.8467 51.5083
50.1814 51.8542
50.4616 52.1437
50.4616 52.1437
50.4616 52.1437
50.4637 52.1458
50.9455 52.6438
51.4294 53.1437
51.4294 53.1437
51.4294 53.1437
51.5423 53.2604
51.7197 53.4438
51.8971 53.6271
52.0282 53.7625
52.131 53.8687
52.2116 53.9521
52.3951 54.1417
52.3971 54.1437
52.3971 54.1437
52.3971 54.1437
52.3991 54.1458
52.881 54.6437
52.9254 54.6896
53.1995 54.9729
53.3467 55.125
53.3649 55.1437
53.3649 55.1437
54.0786 55.8813
54.3326 56.1437
54.3326 56.1437
54.3326 56.1437
54.3326 56.1437
54.383 56.1958
54.8165 56.6437
54.885 56.7146
55.3003 57.1437
55.3003 57.1437
55.7842 57.6437
56.2681 58.1437
56.2681 58.1437
56.2681 58.1437
56.752 58.6437
57.0342 58.9354
57.1128 59.0167
57.2157 59.1229
57.2358 59.1437
57.2358 59.1437
58.2036 60.1437
58.2096 60.15
58.4455 60.3937
58.6874 60.6437
59.1491 61.1208
59.1713 61.1437
59.1713 61.1437
59.1713 61.1437
59.4637 61.4458
59.633 61.6208
59.7016 61.6917
59.8931 61.8896
60.1169 62.1208
60.1391 62.1438
60.1391 62.1438
60.1391 62.1438
60.1391 62.1438
60.1491 62.1542
61.1068 63.1437
61.1068 63.1437
61.7862 63.8458
62.0443 64.1125
62.0745 64.1437
62.0745 64.1437
62.0745 64.1437
62.0806 64.15
63.0423 65.1437
63.0423 65.1437
63.4858 65.6021
63.7358 65.8604
63.8407 65.9688
63.9536 66.0854
63.9616 66.0938
64.01 66.1437
64.01 66.1437
64.01 66.1437
64.9778 67.1437
64.9778 67.1437
64.9778 67.1437
64.9778 67.1437
65.4314 67.6125
65.9415 68.1396
65.9455 68.1437
65.9455 68.1437
65.9455 68.1437
65.9475 68.1458
66.387 68.6
66.4294 68.6437
66.629 68.85
66.9072 69.1375
66.9132 69.1437
66.9132 69.1437
67.1713 69.4104
67.879 70.1417
67.881 70.1437
67.881 70.1437
67.881 70.1437
68.3649 70.6437
68.5826 70.8688
68.8487 71.1437
68.8487 71.1437
68.8487 71.1437
69.2983 71.6083
69.7923 72.1188
69.8165 72.1437
69.8165 72.1437
69.8165 72.1437
69.8588 72.1875
69.8608 72.1896
70.3003 72.6437
70.7842 73.1437
70.8124 73.1729
70.8165 73.1771
71.2681 73.6437
71.2681 73.6437
71.7378 74.1292
71.7439 74.1354
71.7519 74.1437
71.7519 74.1437
71.7519 74.1437
71.7519 74.1437
72.2358 74.6437
72.6915 75.1146
72.7197 75.1437
72.7197 75.1437
72.7197 75.1437
73.135 75.5729
73.3971 75.8438
73.6874 76.1437
73.6874 76.1437
73.6874 76.1437
73.6975 76.1542
73.7217 76.1792
74.1713 76.6437
74.6552 77.1437
74.6552 77.1437
74.6552 77.1437
75.0866 77.5896
75.139 77.6437
75.5644 78.0833
75.6229 78.1437
75.6229 78.1437
75.6229 78.1437
76.1068 78.6437
76.5907 79.1437
76.5907 79.1437
76.5907 79.1437
76.6189 79.1729
76.9495 79.5146
76.9959 79.5625
77.0745 79.6437
77.2358 79.8104
77.2439 79.8187
77.508 80.0917
77.5463 80.1312
77.5584 80.1437
77.5584 80.1437
78.0362 80.6375
78.0423 80.6437
78.5261 81.1437
78.5261 81.1437
78.5463 81.1646
78.8286 81.4562
78.9475 81.5792
79.01 81.6437
79.01 81.6437
79.4415 82.0896
79.4656 82.1146
79.4939 82.1437
79.4939 82.1437
79.4939 82.1437
79.9173 82.5812
79.9777 82.6437
80.4616 83.1437
80.4616 83.1437
80.6915 83.3812
80.6915 83.3812
80.9294 83.6271
80.9374 83.6354
80.9455 83.6437
80.9455 83.6437
81.1632 83.8688
81.1632 83.8688
81.4233 84.1375
81.4233 84.1375
81.4294 84.1437
81.4294 84.1437
81.4294 84.1437
81.4294 84.1437
81.8628 84.5917
81.9132 84.6437
82.129 84.8667
82.3971 85.1437
82.639 85.3937
82.881 85.6437
83.0705 85.8396
83.1229 85.8937
83.3346 86.1125
83.3386 86.1167
83.3386 86.1167
83.3648 86.1437
83.3648 86.1437
83.3648 86.1437
83.8185 86.6125
83.8487 86.6437
84.3326 87.1437
84.3326 87.1437
84.7721 87.5979
84.7761 87.6021
85.2539 88.0958
85.2761 88.1188
85.3003 88.1437
85.3003 88.1437
85.3003 88.1437
85.762 88.6208
85.7842 88.6437
86.0261 88.8937
86.2681 89.1437
86.7499 89.6417
86.7519 89.6437
86.9717 89.8708
86.9939 89.8937
87.1753 90.0812
87.2015 90.1083
87.2358 90.1437
87.2358 90.1437
87.2358 90.1437
87.2358 90.1437
87.6894 90.6125
88.2015 91.1417
88.2035 91.1437
88.2035 91.1437
88.2177 91.1583
88.6431 91.5979
88.6511 91.6062
88.889 91.8521
89.1531 92.125
89.1693 92.1417
89.1713 92.1437
89.1713 92.1437
89.1713 92.1437
89.1713 92.1437
89.7257 92.7167
90.139 93.1437
90.381 93.3937
90.6229 93.6437
91.0604 94.0958
91.1068 94.1437
91.1068 94.1437
91.1068 94.1437
91.5604 94.6125
92.0221 95.0896
92.0624 95.1312
92.0745 95.1437
92.0745 95.1437
92.0745 95.1437
92.4172 95.4979
92.762 95.8542
93.0039 96.1042
93.0342 96.1354
93.0422 96.1437
93.0422 96.1437
93.0422 96.1437
93.4979 96.6146
93.5261 96.6437
93.9414 97.0729
94.01 97.1437
94.01 97.1437
94.4394 97.5875
94.4939 97.6437
94.7096 97.8667
94.9455 98.1104
94.9777 98.1437
94.9777 98.1437
95.383 98.5625
95.4616 98.6437
95.9031 99.1
95.9455 99.1437
95.9455 99.1437
95.9455 99.1437
96.3104 99.5208
96.3951 99.6083
96.889 100.119
96.9031 100.133
96.9132 100.144
96.9132 100.144
96.9132 100.144
96.9132 100.144
97.1209 100.358
97.3628 100.608
97.3971 100.644
97.881 101.144
97.881 101.144
98.5301 101.815
98.8225 102.117
98.8487 102.144
98.8487 102.144
98.8487 102.144
99.3326 102.644
99.5019 102.819
99.7539 103.079
99.8164 103.144
99.8164 103.144
99.891 103.221
100.048 103.383
100.189 103.529
100.343 103.688
100.494 103.844
100.675 104.031
100.784 104.144
100.784 104.144
100.784 104.144
100.784 104.144
100.784 104.144
100.816 104.177
101.036 104.404
101.296 104.673
101.51 104.894
101.51 104.894
101.599 104.985
102.173 105.579
102.236 105.644
102.647 106.069
102.72 106.144
102.72 106.144
102.72 106.144
102.72 106.144
104.155 107.627
104.224 107.698
104.371 107.85
104.437 107.919
104.611 108.098
104.655 108.144
104.655 108.144
104.655 108.144
104.677 108.167
105.361 108.873
105.381 108.894
105.381 108.894
105.381 108.894
105.381 108.894
106.068 109.604
106.564 110.117
106.583 110.135
106.591 110.144
106.591 110.144
106.591 110.144
107.472 111.054
107.484 111.067
107.558 111.144
107.558 111.144
107.558 111.144
107.558 111.144
107.558 111.144
107.558 111.144
108.284 111.894
108.5 112.117
108.526 112.144
108.526 112.144
108.526 112.144
108.526 112.144
108.73 112.354
108.768 112.394
108.97 112.602
109.01 112.644
109.01 112.644
109.195 112.835
109.445 113.094
109.494 113.144
109.494 113.144
109.494 113.144
109.689 113.346
109.736 113.394
109.919 113.583
109.978 113.644
110.169 113.842
110.22 113.894
110.433 114.115
110.462 114.144
110.704 114.394
110.945 114.644
111.187 114.894
111.429 115.144
111.671 115.394
111.671 115.394
112.397 116.144
112.397 116.144
112.397 116.144
112.397 116.144
112.397 116.144
112.399 116.146
112.403 116.15
114.091 117.894
114.333 118.144
114.333 118.144
114.333 118.144
114.333 118.144
115.97 119.835
116.252 120.127
116.258 120.133
116.268 120.144
116.268 120.144
116.268 120.144
116.268 120.144
116.752 120.644
117.236 121.144
117.236 121.144
117.236 121.144
117.919 121.85
118.149 122.088
118.197 122.138
118.204 122.144
118.204 122.144
118.204 122.144
118.687 122.644
119.171 123.144
119.171 123.144
119.171 123.144
120.139 124.144
120.139 124.144
120.139 124.144
120.141 124.146
120.445 124.46
120.623 124.644
120.883 124.912
121.107 125.144
121.107 125.144
121.591 125.644
121.79 125.85
122.072 126.142
122.074 126.144
122.074 126.144
122.074 126.144
122.522 126.606
122.558 126.644
122.73 126.821
123.014 127.115
123.042 127.144
123.355 127.467
123.526 127.644
123.695 127.819
124.01 128.144
124.01 128.144
124.044 128.179
124.451 128.6
124.494 128.644
124.951 129.117
124.978 129.144
124.978 129.144
124.978 129.144
125.435 129.617
125.462 129.644
125.699 129.89
125.945 130.144
125.945 130.144
125.945 130.144
126.429 130.644
126.429 130.644
126.443 130.658
126.907 131.137
126.913 131.144
126.913 131.144
126.923 131.154
127.369 131.615
127.397 131.644
127.833 132.094
127.857 132.119
127.881 132.144
127.881 132.144
127.881 132.144
128.355 132.633
128.365 132.644
128.849 133.144
129.27 133.579
129.333 133.644
129.411 133.725
129.574 133.894
129.585 133.904
129.766 134.092
129.816 134.144
129.816 134.144
129.816 134.144
130.3 134.644
130.73 135.088
130.784 135.144
130.98 135.346
131.212 135.585
131.268 135.644
131.478 135.86
131.478 135.86
131.72 136.11
131.722 136.113
131.752 136.144
131.752 136.144
131.752 136.144
131.76 136.152
132.236 136.644
132.72 137.144
132.72 137.144
133.413 137.86
133.677 138.133
133.687 138.144
133.687 138.144
133.687 138.144
133.687 138.144
133.693 138.15
134.171 138.644
134.655 139.144
134.655 139.144
135.599 140.119
135.623 140.144
135.623 140.144
136.074 140.61
136.107 140.644
136.562 141.115
136.591 141.144
136.591 141.144
136.591 141.144
137.038 141.606
137.048 141.617
137.074 141.644
137.304 141.881
137.54 142.125
137.558 142.144
137.558 142.144
137.558 142.144
137.998 142.598
138.042 142.644
138.478 143.094
138.526 143.144
138.526 143.144
138.526 143.144
139.01 143.644
139.49 144.14
139.494 144.144
139.494 144.144
139.494 144.144
139.494 144.144
139.945 144.61
139.978 144.644
140.435 145.117
140.462 145.144
140.462 145.144
140.945 145.644
140.945 145.644
141.201 145.908
141.371 146.083
141.429 146.144
141.429 146.144
141.429 146.144
141.913 146.644
142.157 146.896
142.397 147.144
142.397 147.144
142.439 147.188
142.828 147.59
142.881 147.644
142.889 147.652
143.298 148.075
143.345 148.123
143.365 148.144
143.365 148.144
143.365 148.144
143.8 148.594
143.849 148.644
144.072 148.875
144.326 149.137
144.333 149.144
144.538 149.356
144.574 149.394
144.786 149.613
144.816 149.644
145.02 149.854
145.058 149.894
145.256 150.098
145.3 150.144
145.3 150.144
145.3 150.144
145.3 150.144
145.784 150.644
146.026 150.894
146.268 151.144
146.268 151.144
146.268 151.144
146.268 151.144
146.28 151.156
146.51 151.394
146.635 151.523
146.693 151.583
146.752 151.644
146.956 151.854
146.994 151.894
147.199 152.106
147.236 152.144
147.236 152.144
147.236 152.144
147.236 152.144
147.27 152.179
147.72 152.644
148.203 153.144
148.203 153.144
148.203 153.144
148.647 153.602
148.687 153.644
149.135 154.106
149.163 154.135
149.171 154.144
149.171 154.144
149.171 154.144
149.171 154.144
149.655 154.644
149.655 154.644
150.139 155.144
150.139 155.144
150.139 155.144
150.139 155.144
150.161 155.167
150.173 155.179
150.621 155.642
150.623 155.644
151.08 156.117
151.107 156.144
151.107 156.144
151.107 156.144
151.107 156.144
151.115 156.152
151.564 156.617
151.591 156.644
151.748 156.806
152.074 157.144
152.316 157.394
152.558 157.644
152.8 157.894
153.042 158.144
153.042 158.144
153.042 158.144
153.526 158.644
153.953 159.085
153.992 159.125
154.01 159.144
154.01 159.144
154.324 159.469
154.363 159.508
154.494 159.644
154.619 159.773
154.697 159.854
154.736 159.894
154.945 160.11
154.978 160.144
154.978 160.144
154.978 160.144
154.98 160.146
155.462 160.644
155.945 161.144
155.945 161.144
156.159 161.365
156.411 161.625
156.627 161.848
156.647 161.869
156.879 162.108
156.911 162.142
156.913 162.144
156.913 162.144
156.913 162.144
157.397 162.644
157.441 162.69
157.716 162.973
157.881 163.144
157.881 163.144
158.365 163.644
158.595 163.881
158.849 164.144
158.849 164.144
158.849 164.144
158.867 164.162
158.899 164.196
159.333 164.644
159.401 164.715
159.816 165.144
159.816 165.144
160.022 165.356
160.058 165.394
160.284 165.627
160.3 165.644
160.522 165.873
160.542 165.894
160.76 166.119
160.784 166.144
160.784 166.144
160.784 166.144
161.026 166.394
161.268 166.644
161.51 166.894
161.752 167.144
161.752 167.144
161.752 167.144
161.994 167.394
162.205 167.613
162.236 167.644
162.443 167.858
162.478 167.894
162.693 168.117
162.72 168.144
162.962 168.394
163.203 168.644
163.633 169.088
163.665 169.121
163.687 169.144
163.687 169.144
164.149 169.621
164.601 170.088
164.633 170.121
164.655 170.144
164.655 170.144
164.655 170.144
165.139 170.644
165.623 171.144
165.623 171.144
166.095 171.631
166.107 171.644
166.302 171.846
166.554 172.106
166.591 172.144
166.591 172.144
166.591 172.144
166.597 172.15
167.074 172.644
167.558 173.144
167.558 173.144
168.002 173.602
168.042 173.644
168.47 174.085
168.526 174.144
168.526 174.144
168.526 174.144
169.01 174.644
169.494 175.144
169.494 175.144
169.494 175.144
169.494 175.144
169.978 175.644
170.462 176.144
170.462 176.144
170.462 176.144
170.462 176.144
170.903 176.6
170.945 176.644
171.145 176.85
171.423 177.137
171.429 177.144
171.429 177.144
171.429 177.144
171.687 177.41
171.913 177.644
172.395 178.142
172.397 178.144
172.397 178.144
172.397 178.144
172.397 178.144
172.881 178.644
173.099 178.869
173.365 179.144
173.365 179.144
173.365 179.144
173.814 179.608
173.849 179.644
174.308 180.119
174.332 180.144
174.332 180.144
174.332 180.144
174.816 180.644
174.816 180.644
174.816 180.644
174.816 180.644
175.3 181.144
175.3 181.144
175.3 181.144
175.3 181.144
175.784 181.644
176.268 182.144
176.268 182.144
176.268 182.144
176.268 182.144
176.51 182.394
176.51 182.394
176.51 182.394
176.51 182.394
177.207 183.115
177.236 183.144
177.236 183.144
177.236 183.144
177.236 183.144
177.254 183.162
177.421 183.335
177.603 183.523
177.651 183.573
177.752 183.677
177.913 183.844
177.957 183.89
178.203 184.144
178.203 184.144
178.203 184.144
178.214 184.154
178.26 184.202
178.687 184.644
179.171 185.144
179.171 185.144
179.171 185.144
179.625 185.613
179.655 185.644
179.841 185.835
180.089 186.092
180.139 186.144
180.139 186.144
180.139 186.144
180.623 186.644
180.865 186.894
181.107 187.144
181.107 187.144
181.107 187.144
181.135 187.173
181.349 187.394
181.466 187.515
181.564 187.617
181.591 187.644
181.76 187.819
181.832 187.894
182.052 188.121
182.062 188.131
182.074 188.144
182.074 188.144
182.074 188.144
182.552 188.637
182.558 188.644
182.8 188.894
183.042 189.144
183.042 189.144
183.062 189.165
183.284 189.394
183.345 189.456
183.526 189.644
183.768 189.894
183.982 190.115
184.01 190.144
184.01 190.144
184.01 190.144
184.252 190.394
184.433 190.581
184.494 190.644
184.736 190.894
184.736 190.894
184.736 190.894
184.947 191.113
184.978 191.144
185.207 191.381
185.22 191.394
185.22 191.394
185.399 191.579
185.453 191.635
185.462 191.644
185.679 191.869
185.703 191.894
185.931 192.129
185.939 192.137
185.945 192.144
185.945 192.144
185.945 192.144
186.379 192.592
186.429 192.644
186.645 192.867
186.913 193.144
186.913 193.144
187.155 193.394
187.341 193.585
187.397 193.644
187.397 193.644
187.587 193.84
187.639 193.894
187.847 194.108
187.855 194.117
187.881 194.144
187.881 194.144
187.881 194.144
188.334 194.613
188.365 194.644
188.607 194.894
188.607 194.894
188.849 195.144
189.091 195.394
189.292 195.602
189.332 195.644
189.792 196.119
189.802 196.129
189.816 196.144
189.816 196.144
189.816 196.144
190.278 196.621
190.3 196.644
190.542 196.894
190.542 196.894
190.542 196.894
190.784 197.144
190.784 197.144
190.978 197.344
191.026 197.394
191.236 197.61
191.268 197.644
191.482 197.865
191.51 197.894
191.51 197.894
191.691 198.081
191.695 198.085
191.752 198.144
191.752 198.144
191.752 198.144
191.931 198.329
192.181 198.588
192.205 198.613
192.236 198.644
192.427 198.842
192.478 198.894
192.478 198.894
192.685 199.108
192.72 199.144
192.72 199.144
192.734 199.158
192.962 199.394
193.159 199.598
193.203 199.644
193.224 199.665
193.405 199.852
193.685 200.142
193.687 200.144
193.687 200.144
193.687 200.144
193.707 200.165
194.171 200.644
194.242 200.717
194.655 201.144
194.655 201.144
194.655 201.144
194.897 201.394
195.139 201.644
195.216 201.723
195.381 201.894
195.381 201.894
195.615 202.135
195.623 202.144
195.623 202.144
195.623 202.144
195.623 202.144
196.349 202.894
196.349 202.894
196.542 203.094
196.578 203.131
196.591 203.144
196.832 203.394
196.933 203.498
197.074 203.644
197.278 203.854
197.316 203.894
197.542 204.127
197.55 204.135
197.558 204.144
197.558 204.144
197.558 204.144
198.014 204.615
198.042 204.644
198.284 204.894
198.457 205.073
198.526 205.144
198.766 205.392
198.768 205.394
198.768 205.394
198.955 205.588
198.996 205.629
199.01 205.644
199.203 205.844
199.252 205.894
199.476 206.125
199.494 206.144
199.494 206.144
199.494 206.144
199.899 206.562
199.978 206.644
200.389 207.069
200.461 207.144
200.461 207.144
200.461 207.144
200.461 207.144
200.826 207.521
200.921 207.619
200.945 207.644
201.397 208.11
201.405 208.119
201.429 208.144
201.429 208.144
201.429 208.144
201.429 208.144
201.637 208.358
201.671 208.394
201.879 208.608
201.913 208.644
202.155 208.894
202.397 209.144
202.639 209.394
202.639 209.394
202.639 209.394
203.046 209.815
203.123 209.894
203.339 210.117
203.365 210.144
203.365 210.144
203.365 210.144
204.018 210.819
204.091 210.894
204.091 210.894
204.574 211.394
204.574 211.394
204.816 211.644
205.248 212.09
205.254 212.096
205.3 212.144
205.3 212.144
205.3 212.144
205.3 212.144
205.3 212.144
205.552 212.404
205.812 212.673
205.976 212.842
205.984 212.85
206.026 212.894
206.026 212.894
206.026 212.894
206.447 213.329
206.464 213.346
206.51 213.394
206.51 213.394
206.51 213.394
206.935 213.833
206.939 213.838
206.994 213.894
206.994 213.894
206.994 213.894
206.994 213.894
207.411 214.325
207.421 214.335
207.478 214.394
207.478 214.394
207.478 214.394
207.478 214.394
207.478 214.394
207.478 214.394
207.659 214.581
207.669 214.592
207.72 214.644
207.72 214.644
207.72 214.644
207.72 214.644
207.72 214.644
207.72 214.644
207.911 214.842
207.917 214.848
207.961 214.894
207.961 214.894
207.961 214.894
207.961 214.894
207.961 214.894
207.961 214.894
208.157 215.096
208.169 215.108
208.175 215.115
208.445 215.394
208.445 215.394
208.445 215.394
208.445 215.394
208.445 215.394
208.619 215.573
208.687 215.644
208.687 215.644
208.687 215.644
208.687 215.644
208.687 215.644
208.687 215.644
208.881 215.844
209.171 216.144
209.171 216.144
209.171 216.144
209.181 216.154
209.191 216.165
209.655 216.644
210.139 217.144
210.139 217.144
210.139 217.144
210.611 217.631
210.623 217.644
210.853 217.881
211.105 218.142
211.107 218.144
211.107 218.144
211.107 218.144
211.591 218.644
211.832 218.894
212.034 219.102
212.074 219.144
212.074 219.144
212.074 219.144
212.103 219.173
212.294 219.371
212.316 219.394
212.433 219.515
212.534 219.619
212.558 219.644
212.728 219.819
212.784 219.877
212.8 219.894
213.03 220.131
213.032 220.133
213.042 220.144
213.042 220.144
213.042 220.144
213.52 220.637
213.526 220.644
213.768 220.894
214.01 221.144
214.01 221.144
214.03 221.165
214.252 221.394
214.312 221.456
214.494 221.644
214.736 221.894
214.949 222.115
214.978 222.144
214.978 222.144
214.978 222.144
215.22 222.394
215.401 222.581
215.461 222.644
215.657 222.846
215.703 222.894
215.703 222.894
215.703 222.894
215.907 223.104
215.945 223.144
216.133 223.338
216.175 223.381
216.187 223.394
216.187 223.394
216.401 223.615
216.421 223.635
216.429 223.644
216.647 223.869
216.671 223.894
216.907 224.137
216.913 224.144
216.913 224.144
216.913 224.144
216.919 224.15
217.347 224.592
217.377 224.623
217.397 224.644
217.613 224.867
217.647 224.902
217.881 225.144
217.881 225.144
218.123 225.394
218.365 225.644
218.365 225.644
218.554 225.84
218.607 225.894
218.822 226.117
218.849 226.144
218.849 226.144
218.849 226.144
218.859 226.154
218.875 226.171
219.302 226.613
219.332 226.644
219.574 226.894
219.574 226.894
219.814 227.142
219.816 227.144
219.816 227.144
220.058 227.394
220.26 227.602
220.26 227.602
220.274 227.617
220.3 227.644
220.76 228.119
220.762 228.121
220.772 228.131
220.784 228.144
220.784 228.144
220.784 228.144
221.246 228.621
221.268 228.644
221.51 228.894
221.51 228.894
221.51 228.894
221.752 229.144
221.752 229.144
221.966 229.365
221.994 229.394
222.195 229.602
222.236 229.644
222.421 229.835
222.478 229.894
222.478 229.894
222.651 230.073
222.659 230.081
222.72 230.144
222.72 230.144
222.72 230.144
222.885 230.315
223.131 230.569
223.173 230.613
223.203 230.644
223.403 230.85
223.445 230.894
223.445 230.894
223.657 231.113
223.687 231.144
223.687 231.144
223.701 231.158
223.929 231.394
224.127 231.598
224.143 231.615
224.171 231.644
224.373 231.852
224.621 232.108
224.631 232.119
224.653 232.142
224.655 232.144
224.655 232.144
224.655 232.144
225.139 232.644
225.209 232.717
225.623 233.144
225.623 233.144
225.623 233.144
225.865 233.394
226.107 233.644
226.32 233.865
226.349 233.894
226.349 233.894
226.564 234.117
226.591 234.144
226.591 234.144
226.591 234.144
226.591 234.144
226.788 234.348
227.016 234.583
227.284 234.86
227.316 234.894
227.316 234.894
227.546 235.131
227.548 235.133
227.558 235.144
227.8 235.394
227.901 235.498
228.042 235.644
228.246 235.854
228.284 235.894
228.518 236.135
228.518 236.135
228.526 236.144
228.526 236.144
228.526 236.144
228.982 236.615
229.01 236.644
229.252 236.894
229.425 237.073
229.494 237.144
229.703 237.36
229.736 237.394
229.736 237.394
229.923 237.588
229.945 237.61
229.978 237.644
230.22 237.894
230.461 238.144
230.461 238.144
230.461 238.144
230.463 238.146
230.867 238.562
230.945 238.644
231.429 239.144
231.429 239.144
231.429 239.144
231.429 239.144
231.794 239.521
231.913 239.644
232.373 240.119
232.389 240.135
232.391 240.137
232.397 240.144
232.397 240.144
232.397 240.144
232.397 240.144
232.605 240.358
232.639 240.394
232.847 240.608
232.881 240.644
233.123 240.894
233.365 241.144
233.607 241.394
233.607 241.394
233.607 241.394
234.014 241.815
234.09 241.894
234.306 242.117
234.332 242.144
234.332 242.144
234.332 242.144
234.332 242.144
234.986 242.819
236.205 244.079
236.268 244.144
236.343 244.221
236.5 244.383
236.52 244.404
236.641 244.529
236.78 244.673
236.794 244.688
236.945 244.844
237.127 245.031
237.236 245.144
237.236 245.144
237.236 245.144
237.236 245.144
237.268 245.177
237.961 245.894
237.961 245.894
238.05 245.985
238.625 246.579
238.687 246.644
239.099 247.069
239.171 247.144
239.171 247.144
239.171 247.144
239.171 247.144
240.607 248.627
240.675 248.698
240.822 248.85
240.889 248.919
241.062 249.098
241.107 249.144
241.107 249.144
241.107 249.144
241.129 249.167
241.812 249.873
241.832 249.894
241.832 249.894
241.832 249.894
241.832 249.894
242.52 250.604
243.016 251.117
243.034 251.135
243.042 251.144
243.042 251.144
243.042 251.144
243.923 252.054
243.935 252.067
244.01 252.144
244.01 252.144
244.01 252.144
244.01 252.144
244.01 252.144
244.01 252.144
244.736 252.894
244.951 253.117
244.978 253.144
244.978 253.144
244.978 253.144
244.978 253.144
245.181 253.354
245.22 253.394
245.421 253.602
245.461 253.644
245.461 253.644
245.647 253.835
245.897 254.094
245.945 254.144
245.945 254.144
245.945 254.144
246.141 254.346
246.187 254.394
246.371 254.583
246.429 254.644
246.621 254.842
246.671 254.894
246.885 255.115
246.913 255.144
247.155 255.394
247.397 255.644
247.639 255.894
247.881 256.144
248.123 256.394
248.123 256.394
248.849 257.144
248.849 257.144
248.849 257.144
248.849 257.144
248.849 257.144
248.851 257.146
248.855 257.15
250.542 258.894
250.784 259.144
250.784 259.144
250.784 259.144
250.784 259.144
252.72 261.144
252.961 261.394
253.203 261.644
253.203 261.644
253.445 261.894
253.687 262.144
253.687 262.144
253.929 262.394
254.171 262.644
254.413 262.894
254.655 263.144
254.897 263.394
255.139 263.644
255.623 264.144
256.107 264.644
256.107 264.644
256.107 264.644
