1.30814 1.14375
2.31367 2.02292
3.24771 2.83958
4.25324 3.71875
4.25324 3.71875
4.53917 3.96875
4.53917 3.96875
4.82511 4.21875
4.82511 4.21875
5.11104 4.46875
5.11104 4.46875
5.39697 4.71875
5.39697 4.71875
5.6829 4.96875
5.6829 4.96875
5.96884 5.21875
5.96884 5.21875
6.25477 5.46875
6.25477 5.46875
6.5407 5.71875
6.5407 5.71875
6.82663 5.96875
6.82663 5.96875
7.11256 6.21875
7.11256 6.21875
7.3985 6.46875
7.3985 6.46875
7.68443 6.71875
7.97036 6.96875
8.25629 7.21875
8.54223 7.46875
8.54223 7.46875
8.82816 7.71875
8.82816 7.71875
9.11409 7.96875
9.40002 8.21875
9.68595 8.46875
9.97189 8.71875
9.97189 8.71875
10.2578 8.96875
10.5438 9.21875
10.5438 9.21875
10.8297 9.46875
10.8297 9.46875
11.1156 9.71875
11.1156 9.71875
11.4015 9.96875
11.6875 10.2188
11.9734 10.4688
12.2593 10.7188
12.5453 10.9688
12.8312 11.2188
12.8312 11.2188
13.1171 11.4688
13.4031 11.7188
13.4031 11.7188
13.689 11.9687
13.9749 12.2188
14.2609 12.4688
14.5468 12.7188
14.5468 12.7188
14.8327 12.9688
15.1187 13.2188
15.1187 13.2188
15.4046 13.4688
15.6905 13.7187
15.6905 13.7187
15.9765 13.9688
16.2624 14.2187
16.5483 14.4687
16.8343 14.7188
16.8343 14.7188
17.1202 14.9688
17.4061 15.2188
17.4061 15.2188
17.6921 15.4688
17.978 15.7188
17.978 15.7188
18.2639 15.9688
18.5499 16.2188
18.8358 16.4688
19.1217 16.7188
19.1217 16.7188
19.4077 16.9687
19.6936 17.2188
19.9795 17.4688
20.2654 17.7188
20.2654 17.7188
20.5514 17.9688
20.8373 18.2188
21.1232 18.4688
21.4092 18.7188
21.6951 18.9688
21.981 19.2188
22.267 19.4688
22.5529 19.7188
22.5529 19.7188
23.4107 20.4688
23.6966 20.7188
23.9826 20.9688
24.2685 21.2188
24.5544 21.4688
24.8404 21.7187
24.8404 21.7187
25.1263 21.9688
25.4122 22.2188
25.6982 22.4688
25.9841 22.7188
25.9841 22.7188
26.27 22.9688
26.556 23.2188
26.556 23.2188
26.8419 23.4688
27.1278 23.7188
27.1278 23.7188
27.4138 23.9688
27.6997 24.2187
27.9856 24.4688
28.2716 24.7188
28.2716 24.7188
28.5575 24.9688
28.8434 25.2188
28.8434 25.2188
29.1293 25.4688
29.4153 25.7188
29.4153 25.7188
29.9871 26.2188
29.9871 26.2188
30.2731 26.4688
30.559 26.7188
30.559 26.7188
30.559 26.7188
30.8449 26.9688
30.8449 26.9688
31.1309 27.2188
31.1309 27.2188
31.4168 27.4688
31.4168 27.4688
31.4168 27.4688
31.7027 27.7187
31.7027 27.7187
31.7027 27.7187
31.9887 27.9688
31.9887 27.9688
32.2746 28.2188
32.2746 28.2188
32.5605 28.4687
32.5605 28.4687
32.5605 28.4687
32.8465 28.7188
32.8465 28.7188
32.8465 28.7188
33.1324 28.9688
33.1324 28.9688
33.1324 28.9688
33.4183 29.2188
33.4183 29.2188
33.4183 29.2188
33.7043 29.4687
33.7043 29.4687
33.7043 29.4687
33.9902 29.7188
33.9902 29.7188
34.2761 29.9688
34.2761 29.9688
34.5621 30.2188
34.848 30.4688
34.848 30.4688
35.1339 30.7188
35.4199 30.9688
35.4199 30.9688
35.7058 31.2187
35.7058 31.2187
35.9917 31.4688
36.2777 31.7188
36.2777 31.7188
36.5636 31.9688
36.8495 32.2188
37.1355 32.4688
37.4214 32.7188
37.4214 32.7188
37.7073 32.9688
37.9932 33.2188
37.9932 33.2188
38.2792 33.4688
38.2792 33.4688
38.5651 33.7188
38.5651 33.7188
39.137 34.2188
39.137 34.2188
39.4229 34.4688
39.7088 34.7188
39.7088 34.7188
39.7088 34.7188
39.7088 34.7188
40.183 35.1333
40.2807 35.2187
40.55 35.4542
40.8526 35.7188
40.8859 35.7479
41.1385 35.9688
41.4244 36.2188
41.7104 36.4688
41.7104 36.4688
41.9963 36.7188
41.9963 36.7188
42.2822 36.9688
42.2822 36.9688
42.5682 37.2188
42.5682 37.2188
42.8541 37.4688
43.14 37.7188
43.14 37.7188
43.426 37.9687
43.7119 38.2188
43.9883 38.4604
44.2838 38.7188
44.2838 38.7188
44.5673 38.9667
44.8318 39.1979
44.8556 39.2188
45.1201 39.45
45.1416 39.4688
45.4084 39.7021
45.4275 39.7188
45.7349 39.9875
45.9994 40.2187
46.2853 40.4688
46.5712 40.7187
46.8429 40.9562
47.1169 41.1958
47.1431 41.2188
47.3861 41.4312
47.429 41.4688
47.6911 41.6979
47.7149 41.7188
48.0366 42
48.2868 42.2188
48.5156 42.4188
48.811 42.6771
48.8587 42.7188
48.8587 42.7188
49.228 43.0417
49.4305 43.2188
49.6903 43.4458
49.7165 43.4688
49.9738 43.6938
50.0024 43.7187
50.5743 44.2188
50.8054 44.4208
51.0818 44.6625
51.1461 44.7188
51.1461 44.7188
51.3773 44.9208
51.4321 44.9688
51.668 45.175
51.718 45.2188
51.9348 45.4083
52.0039 45.4688
52.2065 45.6458
52.2899 45.7188
52.5186 45.9188
52.8617 46.2188
53.1191 46.4438
53.4336 46.7188
53.4336 46.7188
53.679 46.9333
53.9864 47.2021
54.0055 47.2187
54.2771 47.4562
54.5583 47.7021
54.5773 47.7188
54.8728 47.9771
55.1492 48.2188
55.4232 48.4583
55.721 48.7188
55.721 48.7188
55.721 48.7188
55.9546 48.9229
56.2429 49.175
56.2929 49.2188
56.5169 49.4146
56.8171 49.6771
56.8648 49.7188
57.1626 49.9792
57.4366 50.2188
57.6725 50.425
57.9871 50.7
58.0085 50.7188
58.0085 50.7188
58.0085 50.7188
58.3612 51.0271
58.5804 51.2188
58.821 51.4292
59.126 51.6958
59.1522 51.7188
59.7241 52.2187
59.96 52.425
60.01 52.4688
60.2602 52.6875
60.296 52.7188
60.5485 52.9396
60.5819 52.9688
60.8297 53.1854
60.8678 53.2188
61.1037 53.425
61.1538 53.4688
61.3944 53.6792
61.4397 53.7188
61.7256 53.9688
61.7709 54.0083
62.0116 54.2188
62.2475 54.425
62.2975 54.4688
62.5453 54.6854
62.5834 54.7188
62.8288 54.9333
62.8694 54.9687
63.1076 55.1771
63.1553 55.2188
63.4079 55.4396
63.4412 55.4688
63.6938 55.6896
63.7272 55.7187
64.0131 55.9688
64.0464 55.9979
64.2752 56.1979
64.299 56.2188
64.5397 56.4292
64.5849 56.4688
64.8709 56.7188
65.1354 56.95
65.1568 56.9688
65.3903 57.1729
65.4427 57.2188
65.6524 57.4021
65.7287 57.4688
65.9479 57.6604
66.0146 57.7188
66.3005 57.9688
66.3911 58.0479
66.5865 58.2188
66.7819 58.3896
66.8724 58.4687
67.0869 58.6562
67.1583 58.7188
67.4443 58.9688
67.5396 59.0521
67.7302 59.2187
68.0066 59.4604
68.0161 59.4688
68.3021 59.7188
68.314 59.7292
68.588 59.9688
68.588 59.9688
68.6285 60.0042
68.8739 60.2188
68.8739 60.2188
69.1599 60.4688
69.1599 60.4688
69.4458 60.7188
69.4458 60.7188
69.7103 60.95
69.7317 60.9688
69.9843 61.1896
70.0177 61.2188
70.0177 61.2188
70.2607 61.4312
70.3036 61.4688
70.5466 61.6813
70.5895 61.7187
70.5895 61.7187
70.8207 61.9208
70.8755 61.9688
71.1066 62.1708
71.1614 62.2188
71.3878 62.4167
71.4473 62.4688
71.7333 62.7188
71.9954 62.9479
72.0192 62.9688
72.2455 63.1667
72.3051 63.2188
72.51 63.3979
72.591 63.4687
72.8007 63.6521
72.877 63.7188
73.0748 63.8917
73.1629 63.9687
73.3774 64.1562
73.4488 64.2188
73.6609 64.4042
73.7348 64.4688
74.0207 64.7188
74.2947 64.9583
74.3066 64.9687
74.5592 65.1896
74.5926 65.2188
74.8213 65.4188
74.8785 65.4688
75.0858 65.65
75.1644 65.7188
75.4504 65.9688
75.4671 65.9833
75.7363 66.2188
75.915 66.375
76.0222 66.4688
76.2319 66.6521
76.3082 66.7188
76.5941 66.9688
76.6418 67.0104
76.88 67.2187
77.1183 67.4271
77.166 67.4688
77.4114 67.6833
77.4519 67.7188
77.6759 67.9146
77.7378 67.9688
78.0238 68.2188
78.2144 68.3854
78.3097 68.4688
78.5956 68.7188
78.8339 68.9271
78.8816 68.9688
79.0984 69.1583
79.1675 69.2188
79.3724 69.3979
79.4534 69.4687
79.6703 69.6583
79.7394 69.7188
79.9324 69.8875
80.0253 69.9688
80.2064 70.1271
80.3112 70.2188
80.4875 70.3729
80.5972 70.4687
80.8068 70.6521
80.8831 70.7188
81.1547 70.9562
81.169 70.9688
81.4097 71.1792
81.4549 71.2188
81.7004 71.4333
81.7409 71.4688
81.9768 71.675
82.0268 71.7188
82.2413 71.9062
82.3127 71.9688
82.5653 72.1896
82.5987 72.2188
82.8441 72.4333
82.8846 72.4688
83.1705 72.7187
83.4207 72.9375
83.4565 72.9688
83.6781 73.1625
83.7424 73.2188
83.9497 73.4
84.0283 73.4688
84.2237 73.6396
84.3143 73.7188
84.6002 73.9688
84.6121 73.9792
84.8861 74.2188
85.0982 74.4042
85.1721 74.4688
85.3841 74.6542
85.458 74.7188
85.7439 74.9687
85.7701 74.9917
86.0299 75.2188
86.2229 75.3875
86.3158 75.4688
86.5398 75.6646
86.6017 75.7188
86.8877 75.9688
86.8877 75.9688
86.89 75.9708
87.1736 76.2188
87.1736 76.2188
87.4595 76.4688
87.4595 76.4688
87.7455 76.7188
87.7455 76.7188
88.0314 76.9688
88.0409 76.9771
88.3078 77.2104
88.3173 77.2188
88.3173 77.2188
88.5866 77.4542
88.6033 77.4688
88.8487 77.6833
88.8892 77.7188
88.8892 77.7188
89.1298 77.9292
89.1751 77.9688
89.4277 78.1896
89.4611 78.2187
89.7041 78.4313
89.747 78.4688
90.0329 78.7188
90.3046 78.9562
90.3188 78.9688
90.5524 79.1729
90.6048 79.2188
90.8121 79.4
90.8907 79.4688
91.1123 79.6625
91.1766 79.7188
91.1766 79.7188
91.1766 79.7188
91.1766 79.7188
91.3959 79.9104
91.6842 80.1625
91.9749 80.4167
92.2799 80.6833
92.3204 80.7188
92.3204 80.7188
92.3204 80.7188
92.3204 80.7188
95.652 83.7729
95.9052 84.0125
96.1788 84.2542
96.4406 84.4854
96.4642 84.5062
96.5042 84.5417
96.5656 84.5958
96.575 84.6042
96.6717 84.6896
96.6859 84.7021
96.7519 84.7604
96.7708 84.7771
97.4712 85.3958
97.7472 85.6396
98.0561 85.9125
98.358 86.1792
98.6528 86.4396
98.6764 86.4604
98.7495 86.525
98.858 86.6208
98.858 86.6208
98.9335 86.6875
98.9453 86.6979
98.9547 86.7062
99.3509 87.0563
99.9453 87.5812
100.231 87.8333
100.599 88.1583
100.886 88.4125
100.976 88.4917
101.018 88.5292
101.07 88.575
101.148 88.6437
101.346 88.8187
101.521 88.9729
101.688 89.1208
101.759 89.1833
102.018 89.4125
102.261 89.6271
102.268 89.6333
102.459 89.8021
102.521 89.8563
102.762 90.0604
102.787 90.0792
103.042 90.275
103.072 90.2979
103.328 90.4938
103.355 90.5146
103.616 90.7146
103.898 90.9313
103.906 90.9375
104.173 91.1604
104.199 91.1833
104.449 91.4
104.469 91.4167
104.478 91.425
104.731 91.6437
104.776 91.6833
105.12 91.9813
105.148 92.0083
105.162 92.025
105.402 92.3208
105.454 92.3854
105.711 92.7021
105.724 92.7188
105.724 92.7188
105.927 92.9688
106.202 93.2188
106.488 93.4688
106.774 93.7188
106.774 93.7188
107.06 93.9688
107.345 94.2188
107.345 94.2188
107.631 94.4688
107.631 94.4688
107.917 94.7188
107.917 94.7188
108.202 94.9688
108.488 95.2188
108.774 95.4688
109.06 95.7188
109.345 95.9688
109.345 95.9688
109.631 96.2188
109.631 96.2188
109.917 96.4688
109.917 96.4688
110.202 96.7188
110.202 96.7188
110.774 97.2188
110.774 97.2188
111.06 97.4688
111.06 97.4688
111.345 97.7188
111.345 97.7188
111.345 97.7188
111.631 97.9688
111.917 98.2188
112.202 98.4688
112.202 98.4688
112.488 98.7188
112.488 98.7188
112.757 98.9542
113.031 99.1937
113.06 99.2188
113.333 99.4583
113.345 99.4688
113.345 99.4688
113.617 99.7062
113.631 99.7188
113.631 99.7188
113.917 99.9688
113.917 99.9688
113.919 99.9708
114.202 100.219
114.202 100.219
114.207 100.223
114.474 100.456
114.488 100.469
114.488 100.469
114.764 100.71
114.774 100.719
114.774 100.719
115.06 100.969
115.345 101.219
115.631 101.469
115.917 101.719
115.917 101.719
115.917 101.719
116.202 101.969
116.488 102.219
116.488 102.219
116.774 102.469
117.06 102.719
117.06 102.719
117.345 102.969
117.631 103.219
117.917 103.469
118.202 103.719
118.202 103.719
118.488 103.969
118.774 104.219
118.774 104.219
119.06 104.469
119.345 104.719
119.345 104.719
119.345 104.719
119.345 104.719
119.917 105.219
119.917 105.219
120.202 105.469
120.488 105.719
120.488 105.719
120.488 105.719
120.488 105.719
120.962 106.133
121.06 106.219
121.329 106.454
121.631 106.719
121.664 106.748
121.917 106.969
121.922 106.973
122.191 107.208
122.202 107.219
122.488 107.469
122.488 107.469
122.741 107.69
122.774 107.719
122.774 107.719
123.06 107.969
123.06 107.969
123.319 108.196
123.345 108.219
123.345 108.219
123.631 108.469
123.631 108.469
123.867 108.675
123.917 108.719
123.917 108.719
124.202 108.969
124.488 109.219
124.764 109.46
125.06 109.719
125.06 109.719
125.343 109.967
125.345 109.969
125.607 110.198
125.631 110.219
125.895 110.45
125.917 110.469
126.183 110.702
126.183 110.702
126.51 110.987
126.733 111.183
127.06 111.469
127.35 111.723
127.352 111.725
127.617 111.956
127.636 111.973
127.891 112.196
127.891 112.196
128.16 112.431
128.179 112.448
128.46 112.694
128.464 112.698
128.81 113
128.981 113.15
129.288 113.419
129.583 113.677
129.586 113.679
129.588 113.681
129.595 113.688
130 114.042
130.16 114.181
130.462 114.446
130.502 114.481
130.745 114.694
130.755 114.702
131.043 114.954
131.067 114.975
131.319 115.196
131.36 115.231
131.576 115.421
131.581 115.425
131.638 115.475
131.852 115.662
131.891 115.696
131.912 115.715
132.148 115.921
132.179 115.948
132.179 115.948
132.438 116.175
132.452 116.188
132.462 116.196
132.705 116.408
132.726 116.427
132.745 116.444
132.976 116.646
133.019 116.683
133.043 116.704
133.06 116.719
133.288 116.919
133.569 117.165
133.888 117.444
134.145 117.669
134.15 117.673
134.448 117.933
134.755 118.202
134.755 118.202
134.774 118.219
135.026 118.44
135.045 118.456
135.31 118.688
135.326 118.702
135.345 118.719
135.591 118.933
135.641 118.977
135.9 119.204
136.174 119.444
136.191 119.458
136.469 119.702
136.722 119.923
136.752 119.95
137.01 120.175
137.026 120.19
137.283 120.415
137.312 120.44
137.583 120.677
137.598 120.69
137.631 120.719
137.929 120.979
138.167 121.188
138.438 121.425
138.452 121.438
138.741 121.69
138.752 121.7
138.774 121.719
138.998 121.915
139.126 122.027
139.31 122.188
139.586 122.429
139.598 122.44
139.86 122.669
139.891 122.696
139.917 122.719
140.155 122.927
140.481 123.213
140.724 123.425
140.752 123.45
140.755 123.452
141.055 123.715
141.057 123.717
141.06 123.719
141.336 123.96
141.345 123.969
141.631 124.219
141.631 124.219
141.633 124.221
141.867 124.425
141.912 124.465
142.157 124.679
142.183 124.702
142.202 124.719
142.441 124.927
142.533 125.008
142.741 125.19
143.01 125.425
143.017 125.431
143.307 125.685
143.331 125.706
143.591 125.933
143.619 125.958
143.869 126.177
143.879 126.185
144.162 126.433
144.169 126.44
144.441 126.677
144.455 126.69
144.488 126.719
144.743 126.942
144.807 126.998
145.036 127.198
145.052 127.213
145.3 127.429
145.317 127.444
145.614 127.704
145.895 127.95
145.905 127.958
146.15 128.173
146.198 128.215
146.202 128.219
146.412 128.402
146.486 128.467
146.707 128.66
146.769 128.715
146.774 128.719
147.022 128.935
147.15 129.048
147.338 129.213
147.541 129.39
147.588 129.431
147.845 129.656
147.898 129.702
148.155 129.927
148.298 130.052
148.455 130.19
148.488 130.219
148.743 130.442
148.764 130.46
149.031 130.694
149.06 130.719
149.072 130.729
149.329 130.954
149.386 131.004
149.633 131.221
149.91 131.463
149.912 131.465
150.202 131.719
150.207 131.723
150.21 131.725
150.467 131.95
150.469 131.952
150.741 132.19
150.772 132.217
150.774 132.219
151.017 132.431
151.055 132.465
151.302 132.681
151.345 132.719
151.362 132.733
151.576 132.921
151.66 132.994
151.862 133.171
151.938 133.238
152.143 133.417
152.2 133.467
152.519 133.746
152.75 133.948
152.767 133.963
153 134.167
153.038 134.2
153.06 134.219
153.264 134.398
153.336 134.46
153.555 134.652
153.614 134.704
153.631 134.719
153.829 134.892
153.874 134.931
154.131 135.156
154.15 135.173
154.414 135.404
154.443 135.429
154.76 135.706
155.033 135.946
155.048 135.958
155.312 136.19
155.336 136.21
155.574 136.419
155.61 136.45
155.838 136.65
155.902 136.706
155.917 136.719
156.145 136.919
156.219 136.983
156.443 137.179
156.667 137.375
156.736 137.435
156.983 137.652
157.057 137.717
157.06 137.719
157.06 137.719
157.329 137.954
157.393 138.01
157.612 138.202
157.631 138.219
157.869 138.427
157.91 138.463
158.16 138.681
158.162 138.683
158.202 138.719
158.426 138.915
158.445 138.931
158.741 139.19
158.964 139.385
159.031 139.444
159.033 139.446
159.331 139.706
159.333 139.708
159.345 139.719
159.583 139.927
159.593 139.935
159.848 140.158
159.91 140.213
159.917 140.219
160.122 140.398
160.202 140.469
160.419 140.658
160.481 140.713
160.488 140.719
160.681 140.887
160.75 140.948
160.955 141.127
161.041 141.202
161.236 141.373
161.314 141.442
161.555 141.652
161.629 141.717
161.631 141.719
161.9 141.954
161.902 141.956
162.157 142.179
162.183 142.202
162.448 142.433
162.486 142.467
162.724 142.675
162.769 142.715
162.774 142.719
162.988 142.906
163.022 142.935
163.302 143.181
163.312 143.19
163.591 143.433
163.598 143.44
163.602 143.444
163.905 143.708
163.907 143.71
163.917 143.719
164.167 143.938
164.176 143.946
164.424 144.163
164.474 144.206
164.488 144.219
164.695 144.4
164.774 144.469
164.969 144.64
165.022 144.685
165.06 144.719
165.317 144.944
165.357 144.979
165.605 145.196
165.843 145.404
165.895 145.45
166.129 145.654
166.191 145.708
166.202 145.719
166.469 145.952
166.514 145.992
166.776 146.221
166.967 146.387
167.079 146.485
167.283 146.665
167.331 146.706
167.345 146.719
167.631 146.969
167.633 146.971
167.926 147.227
168.207 147.473
168.507 147.735
168.76 147.956
168.783 147.977
169.043 148.204
169.05 148.21
169.314 148.442
169.329 148.454
169.591 148.683
169.595 148.688
169.631 148.719
169.872 148.929
169.881 148.938
170.169 149.19
170.186 149.204
170.445 149.431
170.448 149.433
170.774 149.719
171.041 149.952
171.045 149.956
171.293 150.173
171.333 150.208
171.336 150.21
171.552 150.4
171.6 150.442
171.852 150.662
171.917 150.719
171.919 150.721
172.136 150.91
172.186 150.954
172.424 151.162
172.514 151.242
172.714 151.417
172.764 151.46
173.019 151.683
173.098 151.752
173.355 151.977
173.636 152.223
173.924 152.475
175.854 154.773
176.038 155.012
176.317 155.254
176.608 155.506
176.901 155.76
176.904 155.762
176.949 155.802
177.029 155.871
177.077 155.912
177.166 155.99
177.269 156.079
177.659 156.417
177.94 156.66
178.255 156.933
178.562 157.2
178.863 157.46
179.048 157.621
179.161 157.719
179.195 157.748
179.269 157.812
179.298 157.838
179.358 157.89
179.483 157.998
179.565 158.069
179.574 158.077
180.279 158.688
180.57 158.94
181.026 159.265
181.398 159.519
181.691 159.719
181.691 159.719
181.691 159.719
181.691 159.719
181.691 159.719
181.691 159.719
181.993 159.925
182.057 159.969
182.057 159.969
182.057 159.969
182.057 159.969
182.057 159.969
182.057 159.969
182.355 160.219
182.355 160.219
182.355 160.219
182.355 160.219
182.355 160.219
182.355 160.219
182.644 160.469
182.644 160.469
182.644 160.469
182.644 160.469
182.644 160.469
182.644 160.469
182.932 160.719
182.932 160.719
182.932 160.719
182.932 160.719
182.932 160.719
182.932 160.719
183.189 160.942
183.221 160.969
183.221 160.969
183.221 160.969
183.221 160.969
183.221 160.969
183.221 160.969
183.497 161.208
183.509 161.219
183.509 161.219
183.509 161.219
183.509 161.219
183.509 161.219
183.509 161.219
183.797 161.469
183.797 161.469
183.797 161.469
183.797 161.469
183.797 161.469
183.797 161.469
183.797 161.469
184.086 161.719
184.086 161.719
184.086 161.719
184.086 161.719
184.086 161.719
184.086 161.719
184.127 161.754
184.374 161.969
184.374 161.969
184.374 161.969
184.374 161.969
184.374 161.969
184.374 161.969
184.663 162.219
184.663 162.219
184.663 162.219
184.663 162.219
184.663 162.219
184.663 162.219
184.769 162.31
184.901 162.425
184.951 162.469
184.951 162.469
184.951 162.469
184.951 162.469
184.951 162.469
184.951 162.469
185.216 162.698
185.24 162.719
185.24 162.719
185.24 162.719
185.24 162.719
185.24 162.719
185.24 162.719
185.24 162.719
185.528 162.969
185.528 162.969
185.528 162.969
185.528 162.969
185.528 162.969
185.528 162.969
185.528 162.969
185.809 163.204
185.827 163.219
185.827 163.219
185.827 163.219
185.827 163.219
185.827 163.219
185.827 163.219
185.827 163.219
186.074 163.425
186.127 163.469
186.127 163.469
186.127 163.469
186.127 163.469
186.127 163.469
186.127 163.469
186.379 163.679
186.424 163.717
186.427 163.719
186.427 163.719
186.427 163.719
186.427 163.719
186.727 163.969
186.774 164.008
187.027 164.219
187.274 164.425
187.327 164.469
187.327 164.469
187.327 164.469
187.587 164.685
187.627 164.719
187.627 164.719
187.627 164.719
187.884 164.933
187.927 164.969
188.171 165.177
188.22 165.219
188.22 165.219
188.22 165.219
188.477 165.44
188.511 165.469
188.769 165.69
188.803 165.719
188.803 165.719
188.803 165.719
188.803 165.719
189.095 165.969
189.129 165.998
189.363 166.198
189.387 166.219
189.633 166.429
189.679 166.469
189.679 166.469
189.679 166.469
189.825 166.594
189.825 166.594
189.825 166.594
189.971 166.719
189.971 166.719
189.971 166.719
190.241 166.95
190.262 166.969
190.501 167.173
190.554 167.219
190.768 167.402
191.07 167.66
191.138 167.719
191.138 167.719
191.138 167.719
191.138 167.719
191.43 167.969
191.522 168.048
191.722 168.219
191.921 168.39
192.013 168.469
192.013 168.469
192.232 168.656
192.305 168.719
192.305 168.719
192.305 168.719
192.305 168.719
192.597 168.969
192.695 169.052
192.891 169.219
192.891 169.219
192.891 169.219
193.175 169.46
193.479 169.719
193.479 169.719
193.479 169.719
193.479 169.719
193.491 169.729
193.773 169.969
193.815 170.004
194.067 170.219
194.361 170.469
194.361 170.469
194.361 170.469
194.656 170.719
194.656 170.719
194.656 170.719
194.928 170.95
194.95 170.969
195.209 171.19
195.244 171.219
195.244 171.219
195.244 171.219
195.494 171.431
195.788 171.681
195.832 171.719
195.832 171.719
195.832 171.719
195.832 171.719
196.07 171.921
196.126 171.969
196.364 172.171
196.42 172.219
196.653 172.417
196.714 172.469
196.714 172.469
196.714 172.469
197.009 172.719
197.009 172.719
197.009 172.719
197.278 172.948
197.303 172.969
197.535 173.167
197.597 173.219
197.808 173.398
197.891 173.469
198.107 173.652
198.185 173.719
198.185 173.719
198.185 173.719
198.185 173.719
198.388 173.892
198.479 173.969
198.7 174.156
198.773 174.219
198.991 174.404
199.067 174.469
199.361 174.719
199.361 174.719
199.361 174.719
199.643 174.958
199.656 174.969
199.915 175.19
199.95 175.219
199.95 175.219
199.95 175.219
200.185 175.419
200.457 175.65
200.516 175.7
200.528 175.71
200.528 175.71
200.528 175.71
200.849 175.983
200.977 176.092
200.979 176.094
200.982 176.096
200.982 176.096
201.31 176.375
201.406 176.456
201.423 176.471
201.425 176.473
201.428 176.475
201.636 176.652
201.717 176.721
201.729 176.731
201.732 176.733
201.734 176.735
202.058 177.01
202.153 177.092
202.156 177.094
202.158 177.096
202.16 177.098
202.548 177.427
202.589 177.463
202.609 177.479
202.611 177.481
202.614 177.483
202.849 177.683
202.891 177.719
202.891 177.719
202.891 177.719
202.891 177.719
203.121 177.915
203.168 177.954
203.185 177.969
203.45 178.194
203.479 178.219
203.675 178.385
203.746 178.446
203.773 178.469
203.773 178.469
203.773 178.469
203.92 178.594
203.92 178.594
203.92 178.594
204.058 178.71
204.067 178.719
204.067 178.719
204.067 178.719
204.312 178.927
204.322 178.935
204.361 178.969
204.584 179.158
204.611 179.181
204.656 179.219
204.656 179.219
204.866 179.398
204.92 179.444
204.95 179.469
205.173 179.658
205.236 179.713
205.244 179.719
205.244 179.719
205.244 179.719
205.244 179.719
205.442 179.887
205.538 179.969
205.724 180.127
205.832 180.219
206.013 180.373
206.126 180.469
206.126 180.469
206.126 180.469
206.342 180.652
206.42 180.719
206.42 180.719
206.42 180.719
206.7 180.956
206.714 180.969
206.962 181.179
207.009 181.219
207.009 181.219
207.261 181.433
207.545 181.675
207.597 181.719
207.597 181.719
207.597 181.719
207.597 181.719
207.817 181.906
207.891 181.969
208.151 182.19
208.185 182.219
208.437 182.433
208.479 182.469
208.479 182.469
208.479 182.469
209.031 182.938
209.067 182.969
209.067 182.969
209.067 182.969
209.295 183.162
209.361 183.219
209.575 183.4
209.857 183.64
209.95 183.719
209.95 183.719
209.95 183.719
209.95 183.719
210.256 183.979
210.391 184.094
210.391 184.094
210.391 184.094
210.538 184.219
210.756 184.404
210.832 184.469
210.832 184.469
211.05 184.654
211.126 184.719
211.126 184.719
211.126 184.719
211.126 184.719
211.447 184.992
211.567 185.094
211.567 185.094
211.567 185.094
211.913 185.387
212.009 185.469
212.009 185.469
212.009 185.469
212.239 185.665
212.303 185.719
212.303 185.719
212.303 185.719
212.303 185.719
212.597 185.969
212.599 185.971
212.891 186.219
213.185 186.469
213.185 186.469
213.185 186.469
213.479 186.719
213.479 186.719
213.479 186.719
213.773 186.969
213.783 186.977
214.058 187.21
214.067 187.219
214.067 187.219
214.344 187.454
214.614 187.683
214.656 187.719
214.656 187.719
214.656 187.719
214.656 187.719
214.903 187.929
214.95 187.969
215.21 188.19
215.244 188.219
215.494 188.431
215.538 188.469
215.538 188.469
215.538 188.469
215.832 188.719
215.832 188.719
215.832 188.719
216.111 188.956
216.126 188.969
216.366 189.173
216.42 189.219
216.634 189.4
216.942 189.662
217.009 189.719
217.009 189.719
217.009 189.719
217.009 189.719
217.234 189.91
217.531 190.162
217.83 190.417
218.143 190.683
218.185 190.719
218.185 190.719
218.185 190.719
222.925 194.719
223.232 194.969
223.538 195.219
223.844 195.469
223.849 195.473
223.89 195.506
223.971 195.573
223.982 195.581
224.15 195.719
224.3 195.842
224.563 196.056
224.834 196.277
225.068 196.469
225.142 196.529
225.374 196.719
225.466 196.794
225.68 196.969
225.859 197.115
225.987 197.219
226.293 197.469
226.405 197.56
226.461 197.606
226.566 197.692
226.576 197.7
226.811 197.892
227.453 198.417
227.538 198.485
227.596 198.533
227.668 198.592
227.688 198.608
227.742 198.652
228.321 199.125
228.798 199.515
228.971 199.656
228.997 199.677
229.094 199.756
229.18 199.827
229.247 199.881
229.346 199.963
229.798 200.331
229.959 200.463
230.071 200.554
230.334 200.769
230.492 200.898
230.584 200.973
230.859 201.198
231.145 201.431
231.441 201.673
231.777 201.948
232.089 202.202
232.425 202.477
232.816 202.796
233.28 203.175
233.438 203.304
233.821 203.617
234.147 203.883
234.295 204.004
234.357 204.054
234.469 204.146
234.487 204.16
234.494 204.167
234.515 204.183
234.826 204.438
234.839 204.448
235.084 204.648
235.374 204.885
235.374 204.885
235.711 205.16
235.721 205.169
236.061 205.446
236.068 205.452
236.372 205.7
236.382 205.708
236.668 205.942
236.691 205.96
236.956 206.177
237.084 206.281
237.377 206.521
237.698 206.783
237.737 206.815
238.022 207.048
238.242 207.227
238.413 207.367
238.673 207.579
238.841 207.717
239.188 208
239.326 208.113
239.818 208.515
240.129 208.769
240.397 208.988
240.461 209.04
240.522 209.09
240.584 209.14
240.596 209.15
240.67 209.21
240.877 209.379
241.109 209.569
241.27 209.7
241.464 209.858
241.678 210.033
241.887 210.204
242.109 210.385
242.357 210.588
242.578 210.769
242.839 210.981
243.142 211.229
243.54 211.554
243.979 211.912
244.494 212.333
244.548 212.377
247.599 214.869
247.665 214.923
247.765 215.004
