8.46376 9.73333
8.46376 9.73333
8.46376 9.73333
8.89854 10.2333
8.89854 10.2333
9.33332 10.7333
9.33332 10.7333
9.33332 10.7333
9.33332 10.7333
9.7681 11.2333
10.2029 11.7333
10.2029 11.7333
10.2029 11.7333
10.2029 11.7333
10.6377 12.2333
11.0724 12.7333
11.0724 12.7333
11.0724 12.7333
11.942 13.7333
11.942 13.7333
11.942 13.7333
12.3768 14.2333
12.3768 14.2333
12.8116 14.7333
12.8116 14.7333
12.8116 14.7333
12.8116 14.7333
13.2464 15.2333
13.6811 15.7333
13.6811 15.7333
13.6811 15.7333
13.6811 15.7333
14.1159 16.2333
14.5507 16.7333
14.5507 16.7333
14.5507 16.7333
15.4203 17.7333
15.4203 17.7333
15.4203 17.7333
15.8551 18.2333
16.2898 18.7333
16.2898 18.7333
16.2898 18.7333
16.7246 19.2333
17.1594 19.7333
17.1594 19.7333
17.1594 19.7333
17.1594 19.7333
17.1594 19.7333
17.5942 20.2333
18.029 20.7333
18.029 20.7333
18.029 20.7333
18.029 20.7333
18.4637 21.2333
18.8985 21.7333
18.8985 21.7333
18.8985 21.7333
18.8985 21.7333
19.3333 22.2333
19.7681 22.7333
19.7681 22.7333
19.7681 22.7333
20.2029 23.2333
20.6377 23.7333
20.6377 23.7333
20.6377 23.7333
20.6377 23.7333
20.6377 23.7333
20.6377 23.7333
21.0724 24.2333
21.0724 24.2333
21.0724 24.2333
21.0724 24.2333
21.5072 24.7333
21.5072 24.7333
21.5072 24.7333
21.5072 24.7333
21.5072 24.7333
21.7246 24.9833
21.7246 24.9833
21.7246 24.9833
21.7246 24.9833
21.942 25.2333
21.942 25.2333
21.942 25.2333
21.942 25.2333
21.942 25.2333
22.1594 25.4833
22.1594 25.4833
22.1594 25.4833
22.1594 25.4833
22.3768 25.7333
22.3768 25.7333
22.3768 25.7333
22.3768 25.7333
22.5942 25.9833
22.8116 26.2333
23.029 26.4833
23.2463 26.7333
23.2463 26.7333
23.2463 26.7333
23.2463 26.7333
23.4637 26.9833
23.6811 27.2333
23.6811 27.2333
24.1159 27.7333
24.1159 27.7333
24.1159 27.7333
24.1159 27.7333
24.1159 27.7333
24.3333 27.9833
24.5507 28.2333
24.7681 28.4833
24.9855 28.7333
24.9855 28.7333
24.9855 28.7333
24.9855 28.7333
25.4203 29.2333
25.4203 29.2333
25.855 29.7333
25.855 29.7333
25.855 29.7333
25.855 29.7333
26.0724 29.9833
26.2898 30.2333
26.5072 30.4833
26.7246 30.7333
26.7246 30.7333
26.7246 30.7333
26.7246 30.7333
26.942 30.9833
27.1594 31.2333
27.1594 31.2333
27.5942 31.7333
27.5942 31.7333
27.5942 31.7333
27.5942 31.7333
28.0289 32.2333
28.2463 32.4833
28.4637 32.7333
28.4637 32.7333
28.4637 32.7333
28.6811 32.9833
28.8985 33.2333
28.8985 33.2333
29.3333 33.7333
29.3333 33.7333
29.3333 33.7333
29.3333 33.7333
29.5507 33.9833
29.7681 34.2333
30.2029 34.7333
30.2029 34.7333
30.2029 34.7333
30.6376 35.2333
30.6376 35.2333
31.0724 35.7333
31.0724 35.7333
31.0724 35.7333
31.0724 35.7333
31.0724 35.7333
31.2898 35.9833
31.5072 36.2333
31.7246 36.4833
31.942 36.7333
31.942 36.7333
31.942 36.7333
31.942 36.7333
32.1594 36.9833
32.3768 37.2333
32.3768 37.2333
32.8115 37.7333
32.8115 37.7333
32.8115 37.7333
32.8115 37.7333
32.8115 37.7333
33.0289 37.9833
33.2463 38.2333
33.6811 38.7333
33.6811 38.7333
33.6811 38.7333
33.6811 38.7333
33.6811 38.7333
34.1159 39.2333
34.1159 39.2333
34.5507 39.7333
34.5507 39.7333
34.5507 39.7333
34.5507 39.7333
34.9855 40.2333
35.4202 40.7333
35.4202 40.7333
35.4202 40.7333
35.855 41.2333
36.2898 41.7333
36.2898 41.7333
36.2898 41.7333
37.1594 42.7333
37.1594 42.7333
37.5942 43.2333
38.0289 43.7333
38.0289 43.7333
38.0289 43.7333
38.8985 44.7333
38.8985 44.7333
38.8985 44.7333
39.3333 45.2333
39.3333 45.2333
39.7681 45.7333
39.7681 45.7333
39.7681 45.7333
40.2028 46.2333
40.6376 46.7333
40.6376 46.7333
40.6376 46.7333
41.0724 47.2333
41.5072 47.7333
41.5072 47.7333
41.5072 47.7333
41.942 48.2333
42.3768 48.7333
42.3768 48.7333
42.3768 48.7333
42.8115 49.2333
43.2463 49.7333
43.2463 49.7333
43.2463 49.7333
43.2463 49.7333
43.6811 50.2333
44.1159 50.7333
44.1159 50.7333
44.5507 51.2333
44.5507 51.2333
44.9854 51.7333
44.9854 51.7333
44.9854 51.7333
44.9854 51.7333
45.4202 52.2333
45.855 52.7333
45.855 52.7333
45.855 52.7333
45.855 52.7333
46.2898 53.2333
46.2898 53.2333
46.7246 53.7333
46.7246 53.7333
46.7246 53.7333
46.7246 53.7333
47.1594 54.2333
47.5941 54.7333
47.5941 54.7333
47.5941 54.7333
47.5941 54.7333
48.0289 55.2333
48.0289 55.2333
48.4637 55.7333
48.4637 55.7333
48.4637 55.7333
48.4637 55.7333
48.8985 56.2333
49.3333 56.7333
49.3333 56.7333
49.3333 56.7333
49.3333 56.7333
49.768 57.2333
49.768 57.2333
50.2028 57.7333
50.2028 57.7333
50.2028 57.7333
50.2028 57.7333
50.6376 58.2333
50.6376 58.2333
51.0724 58.7333
51.0724 58.7333
51.0724 58.7333
51.5072 59.2333
51.5072 59.2333
51.942 59.7333
51.942 59.7333
51.942 59.7333
51.942 59.7333
52.3767 60.2333
52.8115 60.7333
52.8115 60.7333
52.8115 60.7333
53.2463 61.2333
53.2463 61.2333
53.6811 61.7333
53.6811 61.7333
53.6811 61.7333
53.6811 61.7333
54.1159 62.2333
54.1159 62.2333
54.3333 62.4833
54.5506 62.7333
54.5506 62.7333
54.5506 62.7333
54.768 62.9833
54.9854 63.2333
55.4202 63.7333
55.4202 63.7333
55.4202 63.7333
55.4202 63.7333
55.855 64.2333
55.855 64.2333
56.0724 64.4833
56.2898 64.7333
56.2898 64.7333
56.2898 64.7333
56.5072 64.9833
56.7246 65.2333
57.1593 65.7333
57.1593 65.7333
57.1593 65.7333
57.1593 65.7333
57.1593 65.7333
57.5941 66.2333
57.5941 66.2333
57.8115 66.4833
58.0289 66.7333
58.0289 66.7333
58.2463 66.9833
58.4637 67.2333
58.4637 67.2333
58.8985 67.7333
58.8985 67.7333
58.8985 67.7333
58.8985 67.7333
58.8985 67.7333
59.3333 68.2333
59.5506 68.4833
59.768 68.7333
59.768 68.7333
59.768 68.7333
59.768 68.7333
60.2028 69.2333
60.2028 69.2333
60.2028 69.2333
60.6376 69.7333
60.6376 69.7333
60.6376 69.7333
60.6376 69.7333
60.6376 69.7333
61.0724 70.2333
61.0724 70.2333
61.2898 70.4833
61.5072 70.7333
61.5072 70.7333
61.5072 70.7333
61.5072 70.7333
61.9419 71.2333
61.9419 71.2333
61.9419 71.2333
62.3767 71.7333
62.3767 71.7333
62.3767 71.7333
62.3767 71.7333
62.3767 71.7333
62.3767 71.7333
62.8115 72.2333
63.0289 72.4833
63.2463 72.7333
63.2463 72.7333
63.2463 72.7333
63.2463 72.7333
63.2463 72.7333
63.6811 73.2333
63.6811 73.2333
63.6811 73.2333
64.1159 73.7333
64.1159 73.7333
64.1159 73.7333
64.1159 73.7333
64.1159 73.7333
64.1159 73.7333
64.5506 74.2333
64.5506 74.2333
64.5506 74.2333
64.768 74.4833
64.9854 74.7333
64.9854 74.7333
64.9854 74.7333
65.2028 74.9833
65.4202 75.2333
65.6376 75.4833
65.855 75.7333
65.855 75.7333
65.855 75.7333
65.855 75.7333
65.855 75.7333
65.855 75.7333
66.2898 76.2333
66.7245 76.7333
66.7245 76.7333
66.7245 76.7333
66.7245 76.7333
66.9419 76.9833
67.1593 77.2333
67.1593 77.2333
67.5941 77.7333
67.5941 77.7333
67.5941 77.7333
67.5941 77.7333
67.5941 77.7333
67.5941 77.7333
67.5941 77.7333
68.0289 78.2333
68.0289 78.2333
68.4637 78.7333
68.4637 78.7333
68.4637 78.7333
68.4637 78.7333
68.8985 79.2333
68.8985 79.2333
69.3332 79.7333
69.3332 79.7333
69.3332 79.7333
69.3332 79.7333
69.3332 79.7333
69.3332 79.7333
69.3332 79.7333
69.768 80.2333
70.2028 80.7333
70.2028 80.7333
70.2028 80.7333
70.2028 80.7333
70.6376 81.2333
70.6376 81.2333
71.0724 81.7333
71.0724 81.7333
71.0724 81.7333
71.0724 81.7333
71.0724 81.7333
71.0724 81.7333
71.0724 81.7333
71.5071 82.2333
71.5071 82.2333
71.9419 82.7333
71.9419 82.7333
71.9419 82.7333
71.9419 82.7333
72.1593 82.9833
72.3767 83.2333
72.3767 83.2333
72.3767 83.2333
72.5941 83.4833
72.8115 83.7333
72.8115 83.7333
72.8115 83.7333
72.8115 83.7333
72.8115 83.7333
72.8115 83.7333
73.2463 84.2333
73.6811 84.7333
73.6811 84.7333
73.6811 84.7333
73.6811 84.7333
73.6811 84.7333
74.1158 85.2333
74.1158 85.2333
74.5506 85.7333
74.5506 85.7333
74.5506 85.7333
74.5506 85.7333
74.5506 85.7333
74.5506 85.7333
74.5506 85.7333
74.9854 86.2333
75.4202 86.7333
75.4202 86.7333
75.4202 86.7333
75.4202 86.7333
75.855 87.2333
75.855 87.2333
75.855 87.2333
75.855 87.2333
76.2897 87.7333
76.2897 87.7333
76.2897 87.7333
76.2897 87.7333
76.2897 87.7333
76.2897 87.7333
76.7245 88.2333
76.7245 88.2333
77.1593 88.7333
77.1593 88.7333
77.1593 88.7333
77.1593 88.7333
77.1593 88.7333
77.3767 88.9833
77.5941 89.2333
77.5941 89.2333
78.0289 89.7333
78.0289 89.7333
78.0289 89.7333
78.0289 89.7333
78.0289 89.7333
78.0289 89.7333
78.4637 90.2333
78.8984 90.7333
78.8984 90.7333
78.8984 90.7333
78.8984 90.7333
79.1158 90.9833
79.1158 90.9833
79.3332 91.2333
79.5506 91.4833
79.5506 91.4833
79.768 91.7333
79.768 91.7333
79.768 91.7333
79.768 91.7333
79.768 91.7333
79.768 91.7333
79.9854 91.9833
80.2028 92.2333
80.4202 92.4833
80.4202 92.4833
80.4202 92.4833
80.6376 92.7333
80.6376 92.7333
80.6376 92.7333
80.6376 92.7333
80.855 92.9833
81.0724 93.2333
81.0724 93.2333
81.5071 93.7333
81.5071 93.7333
81.5071 93.7333
81.5071 93.7333
81.5071 93.7333
81.5071 93.7333
81.9419 94.2333
81.9419 94.2333
81.9419 94.2333
82.3767 94.7333
82.3767 94.7333
82.3767 94.7333
82.3767 94.7333
82.3767 94.7333
82.5941 94.9833
82.8115 95.2333
82.8115 95.2333
82.8115 95.2333
83.2463 95.7333
83.2463 95.7333
83.2463 95.7333
83.2463 95.7333
83.2463 95.7333
83.681 96.2333
83.681 96.2333
84.1158 96.7333
84.1158 96.7333
84.1158 96.7333
84.1158 96.7333
84.1158 96.7333
84.5506 97.2333
84.5506 97.2333
84.9854 97.7333
84.9854 97.7333
84.9854 97.7333
84.9854 97.7333
84.9854 97.7333
85.4202 98.2333
85.4202 98.2333
85.4202 98.2333
85.855 98.7333
85.855 98.7333
85.855 98.7333
85.855 98.7333
85.855 98.7333
86.2897 99.2333
86.2897 99.2333
86.2897 99.2333
86.2897 99.2333
86.7245 99.7333
86.7245 99.7333
86.7245 99.7333
86.7245 99.7333
86.7245 99.7333
86.7245 99.7333
87.1593 100.233
87.1593 100.233
87.3767 100.483
87.5941 100.733
87.5941 100.733
87.5941 100.733
87.5941 100.733
87.5941 100.733
87.8115 100.983
88.0289 101.233
88.0289 101.233
88.4636 101.733
88.4636 101.733
88.4636 101.733
88.4636 101.733
88.4636 101.733
88.4636 101.733
88.8984 102.233
89.3332 102.733
89.3332 102.733
89.3332 102.733
89.3332 102.733
89.3332 102.733
89.768 103.233
89.768 103.233
89.768 103.233
90.2028 103.733
90.2028 103.733
90.2028 103.733
90.2028 103.733
90.2028 103.733
90.2028 103.733
90.6376 104.233
91.0723 104.733
91.0723 104.733
91.0723 104.733
91.0723 104.733
91.2897 104.983
91.5071 105.233
91.5071 105.233
91.5071 105.233
91.9419 105.733
91.9419 105.733
91.9419 105.733
91.9419 105.733
91.9419 105.733
92.3767 106.233
92.8115 106.733
92.8115 106.733
92.8115 106.733
92.8115 106.733
92.8115 106.733
93.2462 107.233
93.2462 107.233
93.2462 107.233
93.681 107.733
93.681 107.733
93.681 107.733
93.681 107.733
93.681 107.733
93.681 107.733
93.8984 107.983
94.1158 108.233
94.3332 108.483
94.768 108.983
94.9854 109.233
95.4202 109.733
95.4202 109.733
95.4202 109.733
95.8549 110.233
96.2897 110.733
96.2897 110.733
97.1593 111.733
97.1593 111.733
97.1593 111.733
97.1593 111.733
97.1593 111.733
97.3767 111.983
97.5941 112.233
97.8115 112.483
98.0288 112.733
98.2462 112.983
98.4636 113.233
98.681 113.483
98.8984 113.733
98.8984 113.733
98.8984 113.733
99.1158 113.983
99.3332 114.233
99.5506 114.483
99.768 114.733
99.768 114.733
99.768 114.733
99.9854 114.983
100.203 115.233
100.42 115.483
100.638 115.733
100.638 115.733
100.638 115.733
100.638 115.733
100.638 115.733
100.855 115.983
101.072 116.233
101.29 116.483
101.507 116.733
101.507 116.733
101.507 116.733
101.724 116.983
101.724 116.983
101.942 117.233
102.159 117.483
102.159 117.483
102.377 117.733
102.594 117.983
102.594 117.983
102.811 118.233
102.811 118.233
103.029 118.483
103.029 118.483
103.246 118.733
103.246 118.733
103.246 118.733
103.464 118.983
103.681 119.233
103.681 119.233
103.898 119.483
104.116 119.733
104.116 119.733
104.116 119.733
104.116 119.733
104.116 119.733
104.333 119.983
104.551 120.233
104.768 120.483
104.985 120.733
105.203 120.983
105.42 121.233
105.638 121.483
105.855 121.733
105.855 121.733
105.855 121.733
105.855 121.733
105.855 121.733
106.072 121.983
106.29 122.233
106.507 122.483
106.724 122.733
106.724 122.733
106.724 122.733
106.942 122.983
107.159 123.233
107.594 123.733
107.594 123.733
107.594 123.733
107.594 123.733
107.594 123.733
108.029 124.233
108.029 124.233
108.246 124.483
108.464 124.733
108.464 124.733
108.681 124.983
108.898 125.233
109.116 125.483
109.116 125.483
109.333 125.733
109.551 125.983
109.551 125.983
109.768 126.233
109.985 126.483
109.985 126.483
109.985 126.483
110.203 126.733
110.203 126.733
110.203 126.733
110.42 126.983
110.638 127.233
111.072 127.733
111.072 127.733
111.072 127.733
111.072 127.733
111.072 127.733
111.072 127.733
111.507 128.233
111.724 128.483
111.942 128.733
112.159 128.983
112.377 129.233
112.594 129.483
112.811 129.733
112.811 129.733
112.811 129.733
113.029 129.983
113.246 130.233
113.464 130.483
113.681 130.733
113.681 130.733
113.681 130.733
113.898 130.983
114.116 131.233
114.116 131.233
114.116 131.233
114.333 131.483
114.551 131.733
114.551 131.733
114.551 131.733
114.551 131.733
114.551 131.733
114.985 132.233
115.203 132.483
115.42 132.733
115.638 132.983
116.072 133.483
116.29 133.733
116.29 133.733
116.29 133.733
116.29 133.733
116.29 133.733
116.724 134.233
116.942 134.483
116.942 134.483
116.942 134.483
116.942 134.483
117.159 134.733
117.377 134.983
117.377 134.983
117.377 134.983
118.029 135.733
118.029 135.733
118.029 135.733
118.029 135.733
118.029 135.733
118.029 135.733
118.464 136.233
118.898 136.733
119.116 136.983
119.333 137.233
119.333 137.233
119.551 137.483
119.768 137.733
119.768 137.733
119.768 137.733
119.768 137.733
119.768 137.733
119.768 137.733
120.203 138.233
120.42 138.483
120.42 138.483
120.42 138.483
120.42 138.483
120.638 138.733
120.638 138.733
120.855 138.983
121.072 139.233
121.29 139.483
121.507 139.733
121.507 139.733
121.507 139.733
121.507 139.733
121.507 139.733
121.942 140.233
122.159 140.483
122.377 140.733
122.377 140.733
122.377 140.733
122.377 140.733
122.811 141.233
122.811 141.233
122.811 141.233
122.811 141.233
123.029 141.483
123.246 141.733
123.246 141.733
123.246 141.733
123.246 141.733
123.246 141.733
123.464 141.983
123.898 142.483
124.116 142.733
124.116 142.733
124.333 142.983
124.333 142.983
124.551 143.233
124.551 143.233
124.985 143.733
124.985 143.733
124.985 143.733
124.985 143.733
124.985 143.733
125.638 144.483
125.855 144.733
125.855 144.733
125.855 144.733
126.29 145.233
126.29 145.233
126.507 145.483
126.724 145.733
126.724 145.733
126.724 145.733
126.724 145.733
126.724 145.733
126.724 145.733
127.594 146.733
128.029 147.233
128.464 147.733
128.464 147.733
128.464 147.733
128.464 147.733
128.898 148.233
128.898 148.233
129.116 148.483
129.333 148.733
129.333 148.733
129.333 148.733
129.551 148.983
129.768 149.233
129.985 149.483
130.203 149.733
130.203 149.733
130.203 149.733
130.637 150.233
130.637 150.233
130.855 150.483
131.072 150.733
131.072 150.733
131.072 150.733
131.29 150.983
131.507 151.233
131.942 151.733
131.942 151.733
131.942 151.733
131.942 151.733
131.942 151.733
132.377 152.233
132.594 152.483
132.811 152.733
132.811 152.733
133.246 153.233
133.246 153.233
133.246 153.233
133.681 153.733
133.681 153.733
133.681 153.733
133.681 153.733
133.681 153.733
134.116 154.233
134.551 154.733
134.551 154.733
134.551 154.733
134.551 154.733
134.985 155.233
134.985 155.233
135.42 155.733
135.42 155.733
135.42 155.733
135.42 155.733
135.42 155.733
135.855 156.233
135.855 156.233
136.072 156.483
136.29 156.733
136.29 156.733
136.29 156.733
136.29 156.733
136.724 157.233
136.724 157.233
136.724 157.233
137.159 157.733
137.159 157.733
137.159 157.733
137.159 157.733
137.594 158.233
138.029 158.733
138.029 158.733
138.029 158.733
138.029 158.733
138.029 158.733
138.464 159.233
138.464 159.233
138.464 159.233
138.898 159.733
138.898 159.733
138.898 159.733
138.898 159.733
139.333 160.233
139.333 160.233
139.333 160.233
139.551 160.483
139.768 160.733
139.768 160.733
139.768 160.733
139.985 160.983
140.203 161.233
140.203 161.233
140.637 161.733
140.637 161.733
140.637 161.733
140.637 161.733
140.637 161.733
140.637 161.733
141.072 162.233
141.507 162.733
141.507 162.733
141.507 162.733
141.507 162.733
141.724 162.983
141.942 163.233
141.942 163.233
141.942 163.233
142.377 163.733
142.377 163.733
142.377 163.733
142.377 163.733
142.811 164.233
142.811 164.233
143.029 164.483
143.246 164.733
143.246 164.733
143.246 164.733
143.464 164.983
143.681 165.233
144.116 165.733
144.116 165.733
144.116 165.733
144.116 165.733
144.551 166.233
144.551 166.233
144.768 166.483
144.985 166.733
144.985 166.733
144.985 166.733
145.203 166.983
145.42 167.233
145.855 167.733
145.855 167.733
145.855 167.733
145.855 167.733
145.855 167.733
146.29 168.233
146.29 168.233
146.507 168.483
146.724 168.733
146.724 168.733
146.942 168.983
147.159 169.233
147.159 169.233
147.594 169.733
147.594 169.733
147.594 169.733
147.594 169.733
147.594 169.733
148.029 170.233
148.246 170.483
148.464 170.733
148.464 170.733
148.464 170.733
148.464 170.733
148.898 171.233
148.898 171.233
148.898 171.233
149.333 171.733
149.333 171.733
149.333 171.733
149.333 171.733
149.333 171.733
149.768 172.233
149.768 172.233
149.985 172.483
150.203 172.733
150.203 172.733
150.203 172.733
150.203 172.733
150.637 173.233
150.637 173.233
150.637 173.233
151.072 173.733
151.072 173.733
151.072 173.733
151.072 173.733
151.072 173.733
151.072 173.733
151.507 174.233
151.724 174.483
151.942 174.733
151.942 174.733
151.942 174.733
151.942 174.733
151.942 174.733
152.377 175.233
152.377 175.233
152.377 175.233
152.811 175.733
152.811 175.733
152.811 175.733
152.811 175.733
152.811 175.733
152.811 175.733
153.246 176.233
153.246 176.233
153.246 176.233
153.464 176.483
153.681 176.733
153.681 176.733
153.681 176.733
153.898 176.983
154.116 177.233
154.333 177.483
154.551 177.733
154.551 177.733
154.551 177.733
154.551 177.733
154.551 177.733
154.551 177.733
154.985 178.233
155.42 178.733
155.42 178.733
155.42 178.733
155.42 178.733
155.637 178.983
155.855 179.233
155.855 179.233
156.29 179.733
156.29 179.733
156.29 179.733
156.29 179.733
156.29 179.733
156.29 179.733
156.507 179.983
156.724 180.233
156.724 180.233
156.942 180.483
157.159 180.733
157.159 180.733
157.159 180.733
157.377 180.983
157.594 181.233
157.594 181.233
157.811 181.483
158.029 181.733
158.029 181.733
158.029 181.733
158.029 181.733
158.029 181.733
158.246 181.983
158.464 182.233
158.681 182.483
158.898 182.733
158.898 182.733
158.898 182.733
159.116 182.983
159.333 183.233
159.333 183.233
159.551 183.483
159.768 183.733
159.768 183.733
159.768 183.733
159.768 183.733
159.768 183.733
159.768 183.733
159.985 183.983
160.203 184.233
160.203 184.233
160.42 184.483
160.637 184.733
160.637 184.733
160.637 184.733
160.637 184.733
160.637 184.733
160.855 184.983
161.072 185.233
161.072 185.233
161.072 185.233
161.507 185.733
161.507 185.733
161.507 185.733
161.507 185.733
161.507 185.733
161.507 185.733
161.724 185.983
161.942 186.233
162.159 186.483
162.377 186.733
162.377 186.733
162.377 186.733
162.594 186.983
162.811 187.233
162.811 187.233
163.029 187.483
163.246 187.733
163.246 187.733
163.246 187.733
163.246 187.733
163.246 187.733
163.246 187.733
163.464 187.983
163.681 188.233
163.898 188.483
164.116 188.733
164.116 188.733
164.116 188.733
164.116 188.733
164.116 188.733
164.116 188.733
164.333 188.983
164.55 189.233
164.55 189.233
164.55 189.233
164.55 189.233
164.768 189.483
164.985 189.733
164.985 189.733
164.985 189.733
164.985 189.733
164.985 189.733
165.203 189.983
165.42 190.233
165.42 190.233
165.637 190.483
165.855 190.733
165.855 190.733
165.855 190.733
165.855 190.733
165.855 190.733
166.072 190.983
166.29 191.233
166.29 191.233
166.507 191.483
166.724 191.733
166.724 191.733
166.724 191.733
166.724 191.733
166.724 191.733
166.724 191.733
166.942 191.983
167.159 192.233
167.377 192.483
167.594 192.733
167.594 192.733
167.811 192.983
167.811 192.983
168.029 193.233
168.246 193.483
168.246 193.483
168.464 193.733
168.464 193.733
168.464 193.733
168.464 193.733
168.464 193.733
168.464 193.733
168.681 193.983
168.898 194.233
169.116 194.483
169.333 194.733
169.333 194.733
169.333 194.733
169.55 194.983
169.768 195.233
169.768 195.233
169.985 195.483
170.203 195.733
170.203 195.733
170.203 195.733
170.203 195.733
170.203 195.733
170.42 195.983
170.637 196.233
170.637 196.233
170.637 196.233
170.855 196.483
171.072 196.733
171.072 196.733
171.072 196.733
171.29 196.983
171.507 197.233
171.507 197.233
171.507 197.233
171.724 197.483
171.942 197.733
171.942 197.733
171.942 197.733
171.942 197.733
172.159 197.983
172.377 198.233
172.377 198.233
172.594 198.483
172.811 198.733
172.811 198.733
172.811 198.733
173.029 198.983
173.246 199.233
173.246 199.233
173.464 199.483
173.681 199.733
173.681 199.733
173.681 199.733
173.681 199.733
173.681 199.733
173.898 199.983
174.116 200.233
174.116 200.233
174.116 200.233
174.333 200.483
174.55 200.733
174.55 200.733
174.55 200.733
174.55 200.733
174.768 200.983
174.985 201.233
174.985 201.233
174.985 201.233
175.203 201.483
175.42 201.733
175.42 201.733
175.42 201.733
175.42 201.733
175.42 201.733
175.637 201.983
175.855 202.233
175.855 202.233
176.072 202.483
176.29 202.733
176.29 202.733
176.29 202.733
176.507 202.983
176.724 203.233
176.724 203.233
176.942 203.483
177.159 203.733
177.159 203.733
177.159 203.733
177.159 203.733
177.159 203.733
177.159 203.733
177.377 203.983
177.594 204.233
177.811 204.483
178.029 204.733
178.029 204.733
178.029 204.733
178.029 204.733
178.029 204.733
178.246 204.983
178.464 205.233
178.464 205.233
178.464 205.233
178.681 205.483
178.898 205.733
178.898 205.733
178.898 205.733
178.898 205.733
178.898 205.733
179.333 206.233
179.55 206.483
179.768 206.733
179.768 206.733
179.985 206.983
180.203 207.233
180.203 207.233
180.203 207.233
180.42 207.483
180.637 207.733
180.637 207.733
180.637 207.733
180.637 207.733
180.637 207.733
180.855 207.983
181.072 208.233
181.29 208.483
181.507 208.733
181.507 208.733
181.507 208.733
181.507 208.733
181.507 208.733
181.724 208.983
181.942 209.233
181.942 209.233
181.942 209.233
182.159 209.483
182.377 209.733
182.377 209.733
182.377 209.733
182.377 209.733
182.377 209.733
182.377 209.733
182.594 209.983
182.811 210.233
183.246 210.733
183.246 210.733
183.464 210.983
183.681 211.233
184.116 211.733
184.116 211.733
184.116 211.733
184.116 211.733
184.55 212.233
184.985 212.733
184.985 212.733
184.985 212.733
184.985 212.733
185.203 212.983
185.42 213.233
185.42 213.233
185.637 213.483
185.637 213.483
185.855 213.733
185.855 213.733
185.855 213.733
185.855 213.733
185.855 213.733
186.072 213.983
186.29 214.233
186.29 214.233
186.507 214.483
186.724 214.733
186.724 214.733
186.724 214.733
186.724 214.733
186.942 214.983
187.159 215.233
187.159 215.233
187.377 215.483
187.594 215.733
187.594 215.733
187.594 215.733
187.594 215.733
187.811 215.983
188.029 216.233
188.246 216.483
188.464 216.733
188.464 216.733
188.464 216.733
188.464 216.733
188.681 216.983
188.898 217.233
188.898 217.233
189.116 217.483
189.333 217.733
189.333 217.733
189.333 217.733
189.333 217.733
189.333 217.733
189.55 217.983
189.768 218.233
189.768 218.233
189.985 218.483
190.203 218.733
190.203 218.733
190.203 218.733
190.203 218.733
190.42 218.983
190.637 219.233
190.637 219.233
190.637 219.233
191.072 219.733
191.072 219.733
191.072 219.733
191.072 219.733
191.072 219.733
191.29 219.983
191.507 220.233
191.724 220.483
191.942 220.733
191.942 220.733
191.942 220.733
192.159 220.983
192.377 221.233
192.377 221.233
192.594 221.483
192.811 221.733
192.811 221.733
192.811 221.733
192.811 221.733
192.811 221.733
193.029 221.983
193.246 222.233
193.463 222.483
193.681 222.733
193.681 222.733
193.681 222.733
193.681 222.733
193.681 222.733
193.681 222.733
193.681 222.733
193.898 222.983
194.116 223.233
194.116 223.233
194.333 223.483
194.55 223.733
194.55 223.733
194.55 223.733
194.55 223.733
194.55 223.733
194.768 223.983
194.985 224.233
195.203 224.483
195.42 224.733
195.42 224.733
195.42 224.733
195.42 224.733
195.42 224.733
195.637 224.983
195.855 225.233
195.855 225.233
196.072 225.483
196.29 225.733
196.29 225.733
196.29 225.733
196.29 225.733
196.29 225.733
196.507 225.983
196.724 226.233
196.942 226.483
197.159 226.733
197.159 226.733
197.377 226.983
197.377 226.983
197.594 227.233
197.811 227.483
197.811 227.483
198.029 227.733
198.029 227.733
198.029 227.733
198.029 227.733
198.029 227.733
198.246 227.983
198.463 228.233
198.681 228.483
198.898 228.733
198.898 228.733
198.898 228.733
199.116 228.983
199.333 229.233
199.333 229.233
199.333 229.233
199.55 229.483
199.768 229.733
199.768 229.733
199.768 229.733
199.768 229.733
199.768 229.733
199.768 229.733
199.985 229.983
200.203 230.233
200.203 230.233
200.42 230.483
200.637 230.733
200.637 230.733
200.637 230.733
200.855 230.983
201.072 231.233
201.072 231.233
201.072 231.233
201.29 231.483
201.507 231.733
201.507 231.733
201.507 231.733
201.507 231.733
201.724 231.983
201.942 232.233
202.159 232.483
202.377 232.733
202.377 232.733
202.377 232.733
202.594 232.983
202.811 233.233
202.811 233.233
203.029 233.483
203.246 233.733
203.246 233.733
203.246 233.733
203.246 233.733
203.246 233.733
203.246 233.733
203.463 233.983
203.681 234.233
203.681 234.233
203.898 234.483
204.116 234.733
204.116 234.733
204.116 234.733
204.116 234.733
204.333 234.983
204.55 235.233
204.55 235.233
204.55 235.233
204.768 235.483
204.985 235.733
204.985 235.733
204.985 235.733
204.985 235.733
204.985 235.733
205.203 235.983
205.42 236.233
205.637 236.483
205.855 236.733
205.855 236.733
205.855 236.733
206.072 236.983
206.29 237.233
206.29 237.233
206.507 237.483
206.724 237.733
206.724 237.733
206.724 237.733
206.724 237.733
206.724 237.733
206.724 237.733
206.942 237.983
207.159 238.233
207.377 238.483
207.594 238.733
207.594 238.733
207.594 238.733
207.594 238.733
207.594 238.733
207.811 238.983
208.029 239.233
208.029 239.233
208.246 239.483
208.463 239.733
208.463 239.733
208.463 239.733
208.463 239.733
208.463 239.733
208.463 239.733
208.898 240.233
209.116 240.483
209.333 240.733
209.333 240.733
209.333 240.733
209.55 240.983
209.768 241.233
209.768 241.233
209.985 241.483
210.203 241.733
210.203 241.733
210.203 241.733
210.203 241.733
210.203 241.733
210.42 241.983
210.637 242.233
210.855 242.483
211.072 242.733
211.072 242.733
211.072 242.733
211.072 242.733
211.29 242.983
211.507 243.233
211.507 243.233
211.724 243.483
211.942 243.733
211.942 243.733
211.942 243.733
211.942 243.733
211.942 243.733
211.942 243.733
212.159 243.983
212.377 244.233
212.811 244.733
212.811 244.733
213.029 244.983
213.246 245.233
213.681 245.733
213.681 245.733
213.681 245.733
213.681 245.733
213.681 245.733
214.116 246.233
214.116 246.233
214.55 246.733
214.55 246.733
214.55 246.733
214.55 246.733
214.985 247.233
214.985 247.233
214.985 247.233
214.985 247.233
214.985 247.233
214.985 247.233
215.42 247.733
215.42 247.733
215.42 247.733
215.42 247.733
215.42 247.733
215.42 247.733
215.855 248.233
215.855 248.233
215.855 248.233
215.855 248.233
216.29 248.733
216.29 248.733
216.29 248.733
216.29 248.733
216.29 248.733
216.724 249.233
216.724 249.233
216.724 249.233
216.724 249.233
216.724 249.233
217.159 249.733
217.159 249.733
217.159 249.733
217.159 249.733
217.159 249.733
217.159 249.733
217.377 249.983
217.594 250.233
217.594 250.233
217.811 250.483
218.029 250.733
218.029 250.733
218.029 250.733
218.246 250.983
218.463 251.233
218.463 251.233
218.681 251.483
218.898 251.733
218.898 251.733
218.898 251.733
218.898 251.733
218.898 251.733
219.116 251.983
219.333 252.233
219.55 252.483
219.768 252.733
219.768 252.733
219.768 252.733
219.985 252.983
220.203 253.233
220.203 253.233
220.42 253.483
220.637 253.733
220.637 253.733
220.637 253.733
220.637 253.733
220.637 253.733
220.637 253.733
220.855 253.983
221.072 254.233
221.072 254.233
221.29 254.483
221.507 254.733
221.507 254.733
221.507 254.733
221.507 254.733
221.507 254.733
221.724 254.983
221.942 255.233
221.942 255.233
221.942 255.233
222.377 255.733
222.377 255.733
222.377 255.733
222.377 255.733
222.377 255.733
222.377 255.733
222.594 255.983
222.811 256.233
223.029 256.483
223.246 256.733
223.246 256.733
223.246 256.733
223.463 256.983
223.681 257.233
223.681 257.233
223.898 257.483
224.116 257.733
224.116 257.733
224.116 257.733
224.116 257.733
224.116 257.733
224.116 257.733
224.333 257.983
224.55 258.233
224.768 258.483
224.985 258.733
224.985 258.733
224.985 258.733
224.985 258.733
224.985 258.733
224.985 258.733
225.203 258.983
225.42 259.233
225.42 259.233
225.42 259.233
225.42 259.233
225.637 259.483
225.855 259.733
225.855 259.733
225.855 259.733
225.855 259.733
225.855 259.733
226.072 259.983
226.29 260.233
226.29 260.233
226.507 260.483
226.724 260.733
226.724 260.733
226.724 260.733
226.724 260.733
226.724 260.733
226.942 260.983
227.159 261.233
227.159 261.233
227.376 261.483
227.594 261.733
227.594 261.733
227.594 261.733
227.594 261.733
227.594 261.733
227.594 261.733
227.811 261.983
228.029 262.233
228.246 262.483
228.463 262.733
228.463 262.733
228.681 262.983
228.681 262.983
228.898 263.233
229.116 263.483
229.116 263.483
229.333 263.733
229.333 263.733
229.333 263.733
229.333 263.733
229.333 263.733
229.333 263.733
229.55 263.983
229.768 264.233
229.985 264.483
230.203 264.733
230.203 264.733
230.203 264.733
230.42 264.983
230.637 265.233
230.637 265.233
230.855 265.483
231.072 265.733
231.072 265.733
231.072 265.733
231.072 265.733
231.072 265.733
231.29 265.983
231.507 266.233
231.507 266.233
231.507 266.233
231.724 266.483
231.942 266.733
231.942 266.733
231.942 266.733
232.159 266.983
232.376 267.233
232.376 267.233
232.376 267.233
232.594 267.483
232.811 267.733
232.811 267.733
232.811 267.733
232.811 267.733
233.029 267.983
233.246 268.233
233.246 268.233
233.463 268.483
233.681 268.733
233.681 268.733
233.681 268.733
233.898 268.983
234.116 269.233
234.116 269.233
234.333 269.483
234.55 269.733
234.55 269.733
234.55 269.733
234.55 269.733
234.55 269.733
234.768 269.983
234.985 270.233
234.985 270.233
234.985 270.233
235.203 270.483
235.42 270.733
235.42 270.733
235.42 270.733
235.42 270.733
235.637 270.983
235.855 271.233
235.855 271.233
235.855 271.233
236.072 271.483
236.29 271.733
236.29 271.733
236.29 271.733
236.29 271.733
236.29 271.733
236.507 271.983
236.724 272.233
236.724 272.233
236.942 272.483
237.159 272.733
237.159 272.733
237.159 272.733
237.376 272.983
237.594 273.233
237.594 273.233
237.811 273.483
238.029 273.733
238.029 273.733
238.029 273.733
238.029 273.733
238.029 273.733
238.029 273.733
238.246 273.983
238.463 274.233
238.681 274.483
238.898 274.733
238.898 274.733
238.898 274.733
238.898 274.733
238.898 274.733
239.116 274.983
239.333 275.233
239.333 275.233
239.333 275.233
239.55 275.483
239.768 275.733
239.768 275.733
239.768 275.733
239.768 275.733
239.768 275.733
240.203 276.233
240.42 276.483
240.637 276.733
240.637 276.733
240.855 276.983
241.072 277.233
241.072 277.233
241.072 277.233
241.29 277.483
241.507 277.733
241.507 277.733
241.507 277.733
241.507 277.733
241.507 277.733
241.724 277.983
241.942 278.233
242.159 278.483
242.376 278.733
242.376 278.733
242.376 278.733
242.376 278.733
242.376 278.733
242.594 278.983
242.811 279.233
242.811 279.233
242.811 279.233
243.029 279.483
243.246 279.733
243.246 279.733
243.246 279.733
243.246 279.733
243.246 279.733
243.246 279.733
243.463 279.983
243.681 280.233
244.116 280.733
244.116 280.733
244.333 280.983
244.55 281.233
244.985 281.733
244.985 281.733
244.985 281.733
244.985 281.733
244.985 281.733
245.42 282.233
245.855 282.733
245.855 282.733
245.855 282.733
245.855 282.733
246.29 283.233
246.724 283.733
246.724 283.733
246.724 283.733
246.724 283.733
246.724 283.733
247.159 284.233
247.594 284.733
247.594 284.733
248.029 285.233
248.463 285.733
248.463 285.733
248.463 285.733
248.898 286.233
249.333 286.733
249.333 286.733
249.333 286.733
249.768 287.233
249.768 287.233
250.203 287.733
250.257 287.796
250.536 288.117
250.777 288.394
250.971 288.617
252.838 290.733
252.949 290.858
253.212 291.152
253.284 291.233
253.731 291.733
253.731 291.733
253.731 291.733
253.731 291.733
253.853 291.871
253.954 291.983
254.171 292.233
254.389 292.483
254.606 292.733
254.606 292.733
254.606 292.733
254.606 292.733
254.824 292.983
255.041 293.233
255.041 293.233
255.476 293.733
255.476 293.733
255.476 293.733
255.476 293.733
255.476 293.733
255.693 293.983
255.91 294.233
256.128 294.483
256.345 294.733
256.345 294.733
256.345 294.733
256.345 294.733
256.78 295.233
256.78 295.233
257.215 295.733
257.215 295.733
257.215 295.733
257.215 295.733
257.432 295.983
257.65 296.233
257.867 296.483
258.084 296.733
258.084 296.733
258.084 296.733
258.084 296.733
258.302 296.983
258.519 297.233
258.519 297.233
258.954 297.733
258.954 297.733
258.954 297.733
258.954 297.733
259.389 298.233
259.606 298.483
259.824 298.733
259.824 298.733
259.824 298.733
260.041 298.983
260.258 299.233
260.258 299.233
260.693 299.733
260.693 299.733
260.693 299.733
260.693 299.733
260.91 299.983
261.128 300.233
261.563 300.733
261.563 300.733
261.563 300.733
261.997 301.233
261.997 301.233
262.432 301.733
262.432 301.733
262.432 301.733
262.432 301.733
262.432 301.733
262.65 301.983
262.867 302.233
263.084 302.483
263.302 302.733
263.302 302.733
263.302 302.733
263.302 302.733
263.519 302.983
263.737 303.233
263.737 303.233
264.171 303.733
264.171 303.733
264.171 303.733
264.171 303.733
264.171 303.733
264.606 304.233
265.041 304.733
265.041 304.733
265.041 304.733
265.041 304.733
265.476 305.233
265.476 305.233
265.91 305.733
265.91 305.733
265.91 305.733
265.91 305.733
266.345 306.233
266.78 306.733
266.78 306.733
266.78 306.733
266.78 306.733
267.215 307.233
267.215 307.233
267.65 307.733
267.65 307.733
267.65 307.733
267.65 307.733
267.867 307.983
268.084 308.233
268.302 308.483
268.519 308.733
268.519 308.733
268.519 308.733
268.519 308.733
268.737 308.983
268.954 309.233
268.954 309.233
269.389 309.733
269.389 309.733
269.389 309.733
269.389 309.733
269.389 309.733
269.606 309.983
269.823 310.233
270.041 310.483
270.258 310.733
270.258 310.733
270.258 310.733
270.258 310.733
270.693 311.233
270.693 311.233
271.128 311.733
271.128 311.733
271.128 311.733
271.128 311.733
271.345 311.983
271.563 312.233
271.78 312.483
271.997 312.733
271.997 312.733
271.997 312.733
271.997 312.733
272.215 312.983
272.432 313.233
272.432 313.233
272.867 313.733
272.867 313.733
272.867 313.733
272.867 313.733
273.302 314.233
273.519 314.483
273.737 314.733
273.737 314.733
273.737 314.733
273.954 314.983
274.171 315.233
274.171 315.233
274.606 315.733
274.606 315.733
274.606 315.733
274.606 315.733
274.823 315.983
275.041 316.233
275.476 316.733
275.476 316.733
275.476 316.733
275.91 317.233
275.91 317.233
276.345 317.733
276.345 317.733
276.345 317.733
276.345 317.733
276.345 317.733
276.563 317.983
276.78 318.233
276.997 318.483
277.215 318.733
277.215 318.733
277.215 318.733
277.215 318.733
277.432 318.983
277.65 319.233
277.65 319.233
278.084 319.733
278.084 319.733
278.084 319.733
278.084 319.733
278.084 319.733
278.302 319.983
278.519 320.233
278.954 320.733
278.954 320.733
278.954 320.733
278.954 320.733
278.954 320.733
279.389 321.233
279.389 321.233
279.823 321.733
279.823 321.733
279.823 321.733
279.823 321.733
279.823 321.733
279.823 321.733
280.258 322.233
280.476 322.483
280.693 322.733
280.693 322.733
280.693 322.733
280.693 322.733
280.91 322.983
281.128 323.233
281.345 323.483
281.563 323.733
281.563 323.733
281.563 323.733
281.563 323.733
281.563 323.733
281.997 324.233
282.215 324.483
282.432 324.733
282.432 324.733
282.432 324.733
282.432 324.733
282.432 324.733
282.867 325.233
282.867 325.233
283.302 325.733
283.302 325.733
283.302 325.733
283.302 325.733
283.519 325.983
283.737 326.233
283.954 326.483
284.171 326.733
284.171 326.733
284.171 326.733
284.606 327.233
284.606 327.233
284.823 327.483
285.041 327.733
285.041 327.733
285.041 327.733
285.041 327.733
285.258 327.983
285.476 328.233
285.693 328.483
285.91 328.733
285.91 328.733
285.91 328.733
286.345 329.233
286.78 329.733
286.78 329.733
286.78 329.733
287.215 330.233
287.432 330.483
287.65 330.733
287.65 330.733
287.65 330.733
287.867 330.983
288.084 331.233
288.302 331.483
288.519 331.733
288.519 331.733
288.519 331.733
288.954 332.233
289.389 332.733
289.389 332.733
289.389 332.733
289.389 332.733
289.823 333.233
289.823 333.233
290.258 333.733
290.258 333.733
290.258 333.733
290.258 333.733
290.258 333.733
290.693 334.233
291.128 334.733
291.128 334.733
291.128 334.733
291.563 335.233
291.563 335.233
291.997 335.733
291.997 335.733
291.997 335.733
291.997 335.733
291.997 335.733
292.432 336.233
292.867 336.733
293.084 336.983
293.302 337.233
293.519 337.483
293.737 337.733
293.737 337.733
293.737 337.733
293.737 337.733
293.737 337.733
294.171 338.233
294.606 338.733
294.606 338.733
294.606 338.733
295.041 339.233
295.476 339.733
295.476 339.733
295.476 339.733
295.476 339.733
295.91 340.233
296.345 340.733
296.345 340.733
296.7 341.142
297.144 341.652
297.146 341.654
297.568 342.14
298.021 342.66
298.032 342.673
298.052 342.696
298.476 343.183
298.896 343.667
299.032 343.823
299.084 343.883
299.128 343.933
299.2 344.017
299.251 344.075
