7.49285 8.74167
7.92142 9.24167
8.34999 9.74167
8.77856 10.2417
9.20713 10.7417
9.62678 11.2312
9.6357 11.2417
10.0553 11.7312
10.4839 12.2312
10.4928 12.2417
10.9125 12.7312
10.9214 12.7417
11.3411 13.2312
11.35 13.2417
11.7696 13.7313
11.7786 13.7417
12.1982 14.2312
12.1982 14.2312
12.2071 14.2417
12.6268 14.7312
12.6357 14.7417
13.0553 15.2312
13.0643 15.2417
13.4839 15.7312
13.9125 16.2312
14.3411 16.7312
14.7696 17.2312
14.7786 17.2417
15.1982 17.7312
15.2071 17.7417
15.6268 18.2312
15.6357 18.2417
16.0553 18.7312
16.0643 18.7417
16.4839 19.2312
16.4928 19.2417
16.9125 19.7312
17.3411 20.2312
17.3411 20.2312
17.35 20.2417
17.7696 20.7312
17.7786 20.7417
18.1982 21.2312
18.2071 21.2417
18.6268 21.7312
18.6357 21.7417
19.0553 22.2312
19.0643 22.2417
19.4839 22.7312
19.4928 22.7417
19.9125 23.2312
19.9214 23.2417
20.3411 23.7312
20.7696 24.2312
21.1982 24.7312
21.6268 25.2312
22.0553 25.7312
22.4839 26.2312
22.5053 26.2563
22.6518 26.4271
22.7839 26.5813
22.9125 26.7312
22.9464 26.7708
23.0553 26.8979
23.1268 26.9812
23.2 27.0667
23.341 27.2312
23.3571 27.25
23.7696 27.7312
24.1982 28.2312
24.1982 28.2312
24.6268 28.7312
25.0553 29.2312
25.0643 29.2417
25.4839 29.7312
25.4928 29.7417
25.9125 30.2312
25.9214 30.2417
26.341 30.7312
26.35 30.7417
26.7696 31.2312
26.7785 31.2417
27.1982 31.7312
27.6268 32.2313
28.0553 32.7313
28.4839 33.2313
28.9125 33.7313
29.1357 33.9917
29.341 34.2313
29.35 34.2417
29.7696 34.7313
29.7785 34.7417
30.1982 35.2313
30.2071 35.2417
30.6268 35.7313
31.0553 36.2313
31.0553 36.2313
31.4839 36.7313
31.9125 37.2313
32.341 37.7313
32.35 37.7417
32.7696 38.2313
32.7785 38.2417
33.1982 38.7313
33.2071 38.7417
33.6268 39.2313
33.6357 39.2417
34.0553 39.7313
34.4839 40.2313
34.9125 40.7313
34.9214 40.7417
35.341 41.2313
35.3643 41.2583
35.641 41.5813
35.7696 41.7313
35.9178 41.9042
36.1946 42.2271
36.1982 42.2313
36.6232 42.7271
36.6267 42.7313
37.0553 43.2312
37.0785 43.2583
37.4785 43.725
37.4839 43.7313
37.8928 44.2083
37.9125 44.2313
37.9125 44.2313
38.3339 44.7229
38.341 44.7313
38.7696 45.2313
38.7964 45.2625
39.1982 45.7313
39.6267 46.2313
39.6785 46.2917
39.9428 46.6
40.0553 46.7313
40.2267 46.9312
40.475 47.2208
40.4839 47.2313
40.8964 47.7125
40.9125 47.7313
41.341 48.2313
41.341 48.2313
41.35 48.2417
41.7696 48.7313
41.7839 48.7479
42.1982 49.2313
42.2125 49.2479
42.6267 49.7313
42.65 49.7583
43.05 50.225
43.0553 50.2313
43.0553 50.2313
43.0553 50.2313
43.4839 50.7313
43.4892 50.7375
43.9107 51.2292
43.9125 51.2313
44.341 51.7313
44.7696 52.2312
44.7696 52.2312
45.1982 52.7313
45.6196 53.2229
45.6267 53.2313
46.0553 53.7313
46.475 54.2208
46.4839 54.2313
46.4839 54.2313
47.3232 55.2104
47.341 55.2313
47.341 55.2313
47.341 55.2313
48.1982 56.2313
48.1982 56.2313
48.6267 56.7313
49.0553 57.2313
49.0553 57.2313
49.0553 57.2313
49.0553 57.2313
50.7696 59.2313
50.7696 59.2313
50.7696 59.2313
50.7696 59.2313
51.1982 59.7313
51.6267 60.2313
51.6267 60.2313
51.6267 60.2313
51.6267 60.2313
52.0553 60.7313
52.0553 60.7313
52.4839 61.2312
52.4839 61.2312
52.4839 61.2312
52.4839 61.2312
52.9124 61.7313
53.341 62.2313
53.341 62.2313
53.341 62.2313
53.341 62.2313
53.7696 62.7313
53.7696 62.7313
54.1982 63.2313
54.1982 63.2313
54.1982 63.2313
54.6267 63.7313
55.0553 64.2313
55.0553 64.2313
55.0553 64.2313
55.0553 64.2313
55.4839 64.7313
55.9124 65.2313
55.9124 65.2313
56.341 65.7313
56.7696 66.2313
56.7696 66.2313
56.7696 66.2313
56.7696 66.2313
57.1982 66.7313
57.1982 66.7313
57.6267 67.2313
57.6267 67.2313
57.6267 67.2313
57.6267 67.2313
57.6267 67.2313
58.4839 68.2313
58.4839 68.2313
58.4839 68.2313
58.4839 68.2313
59.341 69.2313
59.341 69.2313
59.341 69.2313
59.341 69.2313
60.1982 70.2313
60.1982 70.2313
60.1982 70.2313
60.6267 70.7313
60.6267 70.7313
60.841 70.9813
61.0553 71.2313
61.0553 71.2313
61.4839 71.7313
61.4839 71.7313
61.9124 72.2313
61.9124 72.2313
61.9124 72.2313
62.341 72.7313
62.341 72.7313
62.7696 73.2313
63.1982 73.7313
63.1982 73.7313
63.6267 74.2313
63.6267 74.2313
63.6267 74.2313
64.0553 74.7313
64.0553 74.7313
64.4839 75.2313
64.9124 75.7313
64.9124 75.7313
65.341 76.2313
65.341 76.2313
65.7696 76.7313
65.7696 76.7313
66.1981 77.2313
66.1981 77.2313
66.1981 77.2313
66.6267 77.7313
66.6267 77.7313
67.0553 78.2312
67.0553 78.2312
67.4839 78.7313
67.4839 78.7313
67.9124 79.2313
68.341 79.7313
68.341 79.7313
68.7696 80.2313
68.7696 80.2313
69.1981 80.7313
69.1981 80.7313
69.6267 81.2313
69.6267 81.2313
70.0553 81.7313
70.0553 81.7313
70.4839 82.2313
70.4839 82.2313
70.9124 82.7313
71.1803 83.0438
71.2624 83.1396
71.341 83.2313
71.3606 83.2542
71.7696 83.7312
71.7696 83.7312
71.7821 83.7458
72.1981 84.2313
72.1981 84.2313
72.6267 84.7313
72.6303 84.7354
73.0553 85.2313
73.0553 85.2313
73.3303 85.5521
73.4839 85.7313
73.6339 85.9062
73.8678 86.1792
73.9124 86.2313
74.116 86.4688
74.341 86.7313
74.4231 86.8271
74.6999 87.15
74.7696 87.2313
74.7696 87.2313
74.7696 87.2313
74.7696 87.2313
74.7696 87.2313
76.0553 88.7313
76.4839 89.2313
76.9124 89.7313
77.341 90.2313
77.7696 90.7313
78.1981 91.2313
78.1981 91.2313
78.1981 91.2313
78.1981 91.2313
78.1981 91.2313
78.1981 91.2313
79.0553 92.2313
79.0553 92.2313
79.0553 92.2313
79.0553 92.2313
79.4838 92.7313
79.9124 93.2313
79.9124 93.2313
79.9124 93.2313
79.9124 93.2313
79.9124 93.2313
79.9124 93.2313
80.341 93.7313
80.7696 94.2313
80.7696 94.2313
80.7696 94.2313
80.7696 94.2313
81.1981 94.7313
81.1981 94.7313
81.6106 95.2125
81.6267 95.2313
81.6267 95.2313
81.6267 95.2313
81.6267 95.2313
81.6267 95.2313
82.0606 95.7375
82.4678 96.2125
82.4838 96.2312
82.4838 96.2312
82.4838 96.2312
82.9035 96.7208
82.9124 96.7313
83.1267 96.9813
83.341 97.2313
83.341 97.2313
83.341 97.2313
83.341 97.2313
83.341 97.2313
83.341 97.2313
83.341 97.2313
83.7696 97.7313
83.7696 97.7313
84.1981 98.2313
84.2017 98.2354
84.2017 98.2354
84.2017 98.2354
84.6267 98.7313
84.6267 98.7313
84.841 98.9812
85.0553 99.2313
85.0553 99.2313
85.0553 99.2313
85.0553 99.2313
85.0553 99.2313
85.0553 99.2313
85.9124 100.231
85.9124 100.231
85.9124 100.231
85.9124 100.231
86.341 100.731
86.341 100.731
86.7696 101.231
86.7696 101.231
86.7696 101.231
86.7696 101.231
86.7696 101.231
86.7696 101.231
87.1981 101.731
87.6267 102.231
87.6267 102.231
87.6267 102.231
87.6267 102.231
87.6267 102.231
88.0553 102.731
88.0553 102.731
88.2696 102.981
88.4838 103.231
88.4838 103.231
88.4838 103.231
88.4838 103.231
88.4838 103.231
88.4838 103.231
89.341 104.231
89.341 104.231
89.341 104.231
89.5553 104.481
89.7696 104.731
89.9838 104.981
90.1981 105.231
90.1981 105.231
90.1981 105.231
90.2035 105.237
90.2035 105.237
90.2035 105.237
90.6267 105.731
91.0553 106.231
91.0553 106.231
91.0553 106.231
91.0553 106.231
91.2696 106.481
91.4838 106.731
91.4838 106.731
91.6981 106.981
91.9124 107.231
91.9124 107.231
91.9124 107.231
91.9124 107.231
91.9124 107.231
91.9124 107.231
92.7696 108.231
92.7696 108.231
92.7696 108.231
92.7696 108.231
93.1981 108.731
93.1981 108.731
93.4124 108.981
93.6267 109.231
93.6267 109.231
93.6267 109.231
93.6267 109.231
93.6267 109.231
93.6267 109.231
94.0553 109.731
94.4838 110.231
94.4838 110.231
94.4838 110.231
94.4838 110.231
94.6981 110.481
94.9124 110.731
94.9124 110.731
95.1267 110.981
95.3088 111.194
95.341 111.231
95.341 111.231
95.341 111.231
95.341 111.231
95.341 111.231
95.7695 111.731
96.1928 112.225
96.1981 112.231
96.1981 112.231
96.1981 112.231
96.6267 112.731
97.0392 113.213
97.0553 113.231
97.0553 113.231
97.0553 113.231
97.0553 113.231
97.0553 113.231
97.0553 113.231
97.4838 113.731
97.9124 114.231
97.9124 114.231
97.9124 114.231
97.9124 114.231
98.341 114.731
98.7695 115.231
98.7695 115.231
98.7695 115.231
98.7695 115.231
98.7695 115.231
99.6267 116.231
99.6267 116.231
99.6267 116.231
99.6267 116.231
100.055 116.731
100.055 116.731
100.484 117.231
100.484 117.231
100.484 117.231
100.484 117.231
100.484 117.231
101.341 118.231
101.341 118.231
101.341 118.231
101.341 118.231
101.555 118.481
101.77 118.731
101.984 118.981
101.984 118.981
102.198 119.231
102.198 119.231
102.198 119.231
102.198 119.231
102.198 119.231
103.055 120.231
103.055 120.231
103.055 120.231
103.27 120.481
103.484 120.731
103.912 121.231
103.934 121.256
104.337 121.727
104.341 121.731
104.75 122.208
104.77 122.231
105.17 122.698
105.573 123.169
105.627 123.231
106.055 123.731
106.473 124.219
106.484 124.231
106.484 124.231
106.484 124.231
106.9 124.717
106.912 124.731
107.341 125.231
107.348 125.24
107.753 125.713
107.77 125.731
108.198 126.231
108.198 126.231
108.614 126.717
108.627 126.731
109.043 127.217
109.055 127.231
109.484 127.731
109.912 128.231
109.912 128.231
109.912 128.231
110.341 128.731
110.77 129.231
111.166 129.694
111.198 129.731
111.611 130.213
111.627 130.231
111.627 130.231
112.012 130.681
112.055 130.731
112.464 131.208
112.484 131.231
112.912 131.731
113.341 132.231
113.341 132.231
113.341 132.231
113.748 132.706
113.77 132.731
114.161 133.188
114.198 133.231
114.6 133.7
114.627 133.731
115.003 134.171
115.055 134.231
115.055 134.231
115.484 134.731
115.486 134.733
115.912 135.231
115.918 135.238
116.341 135.731
116.77 136.231
116.77 136.231
116.77 136.231
117.198 136.731
117.216 136.752
117.627 137.231
117.628 137.233
118.055 137.731
118.061 137.738
118.484 138.231
118.484 138.231
118.5 138.25
118.795 138.594
118.912 138.731
119.103 138.954
119.341 139.231
119.366 139.26
119.77 139.731
120.198 140.231
120.198 140.231
120.198 140.231
121.046 141.221
121.055 141.231
121.484 141.731
121.634 141.906
121.912 142.231
121.912 142.231
121.912 142.231
122.178 142.542
122.503 142.921
122.766 143.227
122.77 143.231
123.198 143.731
123.627 144.231
123.627 144.231
124.055 144.731
124.464 145.208
124.484 145.231
124.912 145.731
125.13 145.985
125.341 146.231
125.341 146.231
125.755 146.715
125.77 146.731
126.198 147.231
126.211 147.246
126.412 147.481
126.627 147.731
126.841 147.981
127.055 148.231
127.068 148.246
127.484 148.731
127.912 149.231
127.925 149.246
128.341 149.731
128.77 150.231
128.77 150.231
129.398 150.965
129.62 151.223
129.627 151.231
130.055 151.731
130.484 152.231
130.484 152.231
130.912 152.731
131.341 153.231
131.341 153.231
131.341 153.231
133.055 155.231
133.484 155.731
133.484 155.731
133.912 156.231
133.912 156.231
133.912 156.231
134.341 156.731
134.341 156.731
134.77 157.231
134.77 157.231
135.198 157.731
135.198 157.731
135.627 158.231
135.627 158.231
136.055 158.731
136.055 158.731
136.484 159.231
136.912 159.731
136.912 159.731
137.341 160.231
137.341 160.231
137.77 160.731
137.77 160.731
138.198 161.231
138.198 161.231
138.627 161.731
138.627 161.731
139.055 162.231
139.055 162.231
139.484 162.731
139.484 162.731
139.912 163.231
140.127 163.481
140.341 163.731
140.341 163.731
140.555 163.981
140.77 164.231
141.198 164.731
141.627 165.231
141.627 165.231
141.627 165.231
142.055 165.731
142.484 166.231
142.698 166.481
142.912 166.731
142.912 166.731
143.127 166.981
143.341 167.231
143.341 167.231
143.769 167.731
143.769 167.731
144.198 168.231
144.198 168.231
144.198 168.231
144.627 168.731
144.627 168.731
145.055 169.231
145.484 169.731
145.484 169.731
145.912 170.231
145.912 170.231
146.341 170.731
146.341 170.731
146.769 171.231
147.198 171.731
147.198 171.731
147.627 172.231
147.627 172.231
147.627 172.231
148.055 172.731
148.055 172.731
148.484 173.231
148.484 173.231
148.912 173.731
148.912 173.731
149.341 174.231
149.341 174.231
149.341 174.231
149.769 174.731
149.769 174.731
150.198 175.231
150.627 175.731
150.627 175.731
151.055 176.231
151.055 176.231
151.484 176.731
151.484 176.731
151.912 177.231
151.912 177.231
152.341 177.731
152.341 177.731
152.769 178.231
152.769 178.231
152.984 178.481
153.198 178.731
153.198 178.731
153.412 178.981
153.627 179.231
153.628 179.233
153.744 179.369
153.878 179.525
154.055 179.731
154.055 179.731
154.087 179.769
154.268 179.979
154.478 180.225
154.484 180.231
154.484 180.231
154.778 180.575
154.912 180.731
155.032 180.871
155.341 181.231
155.677 181.623
155.769 181.731
155.769 181.731
156.198 182.231
156.198 182.231
156.198 182.231
156.284 182.331
156.407 182.475
156.412 182.481
156.514 182.6
156.627 182.731
156.627 182.731
157.055 183.231
157.055 183.231
157.055 183.231
157.484 183.731
157.484 183.731
157.912 184.231
157.912 184.231
157.912 184.231
158.341 184.731
158.769 185.231
158.769 185.231
158.769 185.231
158.769 185.231
158.769 185.231
159.198 185.731
159.627 186.231
159.627 186.231
159.627 186.231
159.627 186.231
159.627 186.231
160.055 186.731
160.055 186.731
160.484 187.231
160.484 187.231
160.484 187.231
160.698 187.481
160.912 187.731
161.127 187.981
161.341 188.231
161.341 188.231
161.555 188.481
161.769 188.731
161.984 188.981
162.198 189.231
162.198 189.231
162.412 189.481
162.627 189.731
162.627 189.731
162.841 189.981
163.055 190.231
163.055 190.231
163.055 190.231
163.269 190.481
163.484 190.731
163.484 190.731
163.698 190.981
163.912 191.231
163.912 191.231
164.127 191.481
164.341 191.731
164.555 191.981
164.769 192.231
164.984 192.481
165.198 192.731
165.412 192.981
165.627 193.231
165.627 193.231
165.841 193.481
166.055 193.731
166.055 193.731
166.269 193.981
166.484 194.231
166.484 194.231
166.698 194.481
166.912 194.731
166.912 194.731
167.127 194.981
167.341 195.231
167.341 195.231
167.341 195.231
167.555 195.481
167.769 195.731
167.984 195.981
168.198 196.231
168.198 196.231
168.412 196.481
168.627 196.731
168.627 196.731
168.841 196.981
169.055 197.231
169.055 197.231
169.055 197.231
169.269 197.481
169.484 197.731
169.484 197.731
169.698 197.981
169.912 198.231
169.912 198.231
169.912 198.231
170.127 198.481
170.341 198.731
170.341 198.731
170.555 198.981
170.769 199.231
170.769 199.231
170.769 199.231
170.984 199.481
171.198 199.731
171.412 199.981
171.627 200.231
171.627 200.231
171.841 200.481
172.055 200.731
172.269 200.981
172.484 201.231
172.484 201.231
172.484 201.231
172.698 201.481
172.912 201.731
172.912 201.731
173.127 201.981
173.341 202.231
173.341 202.231
173.341 202.231
173.555 202.481
173.769 202.731
173.769 202.731
173.984 202.981
174.198 203.231
174.198 203.231
174.198 203.231
174.412 203.481
174.627 203.731
174.841 203.981
175.055 204.231
175.055 204.231
175.269 204.481
175.484 204.731
175.484 204.731
175.698 204.981
175.912 205.231
175.912 205.231
176.127 205.481
176.341 205.731
176.341 205.731
176.555 205.981
176.769 206.231
176.769 206.231
176.769 206.231
176.984 206.481
177.198 206.731
177.198 206.731
177.412 206.981
177.627 207.231
177.627 207.231
177.841 207.481
178.055 207.731
178.055 207.731
178.269 207.981
178.484 208.231
178.698 208.481
178.912 208.731
179.127 208.981
179.341 209.231
179.341 209.231
179.555 209.481
179.769 209.731
179.769 209.731
179.984 209.981
180.198 210.231
180.198 210.231
180.412 210.481
180.627 210.731
180.627 210.731
180.841 210.981
181.055 211.231
181.055 211.231
181.269 211.481
181.484 211.731
181.698 211.981
181.912 212.231
181.912 212.231
182.127 212.481
182.341 212.731
182.341 212.731
182.341 212.731
182.555 212.981
182.769 213.231
182.769 213.231
182.984 213.481
183.198 213.731
183.412 213.981
183.627 214.231
183.627 214.231
183.627 214.231
183.841 214.481
184.055 214.731
184.055 214.731
184.269 214.981
184.462 215.206
184.484 215.231
184.484 215.231
184.484 215.231
184.484 215.231
184.484 215.231
184.884 215.698
184.912 215.731
184.912 215.731
184.912 215.731
184.912 215.731
184.912 215.731
184.912 215.731
185.312 216.198
185.341 216.231
185.341 216.231
185.341 216.231
185.341 216.231
185.341 216.231
185.341 216.231
185.341 216.231
185.734 216.69
185.769 216.731
185.769 216.731
185.769 216.731
185.769 216.731
185.769 216.731
185.769 216.731
185.769 216.731
186.169 217.198
186.198 217.231
186.198 217.231
186.198 217.231
186.198 217.231
186.198 217.231
186.198 217.231
186.198 217.231
186.198 217.231
186.627 217.731
187.055 218.231
187.055 218.231
187.055 218.231
187.055 218.231
187.269 218.481
187.484 218.731
187.484 218.731
187.668 218.946
187.698 218.981
187.762 219.056
187.912 219.231
187.912 219.231
187.914 219.233
188.127 219.481
188.341 219.731
188.555 219.981
188.769 220.231
188.769 220.231
188.984 220.481
189.198 220.731
189.412 220.981
189.627 221.231
189.627 221.231
189.627 221.231
189.841 221.481
190.055 221.731
190.055 221.731
190.269 221.981
190.484 222.231
190.484 222.231
190.698 222.481
190.912 222.731
190.912 222.731
191.127 222.981
191.33 223.219
191.341 223.231
191.555 223.481
191.769 223.731
191.984 223.981
192.198 224.231
192.212 224.248
192.412 224.481
192.627 224.731
192.841 224.981
193.055 225.231
193.055 225.231
193.062 225.24
193.269 225.481
193.484 225.731
193.484 225.731
193.698 225.981
193.912 226.231
193.912 226.231
194.127 226.481
194.275 226.654
194.341 226.731
194.341 226.731
194.555 226.981
194.739 227.196
194.769 227.231
194.769 227.231
194.984 227.481
195.198 227.731
195.412 227.981
195.627 228.231
195.627 228.231
195.841 228.481
196.055 228.731
196.055 228.731
196.269 228.981
196.484 229.231
196.484 229.231
196.5 229.25
196.698 229.481
196.912 229.731
196.912 229.731
197.127 229.981
197.341 230.231
197.341 230.231
197.555 230.481
197.769 230.731
197.769 230.731
197.791 230.756
197.984 230.981
198.198 231.231
198.2 231.233
198.412 231.481
198.627 231.731
198.627 231.731
198.841 231.981
199.055 232.231
199.269 232.481
199.461 232.704
199.484 232.731
199.698 232.981
199.912 233.231
199.912 233.231
199.916 233.235
200.127 233.481
200.302 233.685
200.341 233.731
200.341 233.731
200.555 233.981
200.727 234.181
200.769 234.231
200.769 234.231
200.984 234.481
201.162 234.69
201.198 234.731
201.198 234.731
201.412 234.981
201.619 235.223
201.627 235.231
201.627 235.231
201.841 235.481
202.055 235.731
202.269 235.981
202.484 236.231
202.484 236.231
202.698 236.481
202.912 236.731
202.912 236.731
203.127 236.981
203.341 237.231
203.341 237.231
203.555 237.481
203.769 237.731
203.769 237.731
203.984 237.981
204.178 238.208
204.198 238.231
204.198 238.231
204.412 238.481
204.627 238.731
204.627 238.731
204.841 238.981
205.05 239.225
205.055 239.231
205.269 239.481
205.484 239.731
205.484 239.731
205.698 239.981
205.864 240.175
205.912 240.231
206.127 240.481
206.33 240.719
206.341 240.731
206.341 240.731
206.555 240.981
206.755 241.215
206.769 241.231
206.769 241.231
206.984 241.481
207.198 241.731
207.198 241.731
207.412 241.981
207.627 242.231
207.627 242.231
207.652 242.26
207.841 242.481
208.055 242.731
208.055 242.731
208.269 242.981
208.477 243.223
208.484 243.231
208.698 243.481
208.912 243.731
209.127 243.981
209.341 244.231
209.341 244.231
209.555 244.481
209.769 244.731
209.769 244.731
209.769 244.731
209.984 244.981
210.171 245.2
210.198 245.231
210.412 245.481
210.627 245.731
210.841 245.981
211.055 246.231
211.055 246.231
211.269 246.481
211.484 246.731
211.484 246.731
211.698 246.981
211.889 247.204
211.912 247.231
211.912 247.231
211.912 247.231
211.912 247.231
211.912 247.231
212.318 247.704
212.341 247.731
212.341 247.731
212.341 247.731
212.341 247.731
212.341 247.731
212.757 248.217
212.769 248.231
212.769 248.231
212.769 248.231
212.769 248.231
212.769 248.231
213.194 248.727
213.198 248.731
213.198 248.731
213.198 248.731
213.198 248.731
213.198 248.731
215.341 251.231
215.352 251.244
215.769 251.731
216.198 252.231
216.219 252.256
216.602 252.702
216.627 252.731
217.039 253.213
217.055 253.231
217.45 253.692
217.484 253.731
217.896 254.213
217.912 254.231
218.318 254.704
218.341 254.731
218.744 255.202
218.769 255.231
219.198 255.731
219.627 256.231
220.055 256.731
220.484 257.231
220.887 257.702
220.912 257.731
221.325 258.212
221.341 258.231
221.766 258.727
221.769 258.731
222.193 259.225
222.198 259.231
222.627 259.731
223.055 260.231
223.464 260.708
223.484 260.731
223.884 261.198
223.912 261.231
224.314 261.7
224.341 261.731
224.743 262.2
224.769 262.231
225.16 262.688
225.198 262.731
225.603 263.204
225.627 263.231
226.055 263.731
226.484 264.231
226.912 264.731
226.914 264.733
227.337 265.227
227.341 265.231
227.764 265.725
227.769 265.731
228.198 266.231
228.223 266.26
228.509 266.594
228.627 266.731
228.803 266.938
229.055 267.231
229.073 267.252
229.484 267.731
229.912 268.231
230.341 268.731
230.759 269.219
230.769 269.231
230.769 269.231
230.769 269.231
230.769 269.231
231.382 269.946
231.923 270.577
232.271 270.983
232.484 271.231
232.505 271.256
232.912 271.731
233.341 272.231
233.341 272.231
233.769 272.731
234.198 273.231
234.225 273.262
234.627 273.731
234.843 273.983
234.857 274
235.055 274.231
235.055 274.231
235.446 274.688
235.468 274.712
235.484 274.731
235.898 275.215
235.912 275.231
235.925 275.246
236.341 275.731
236.769 276.231
236.769 276.231
236.769 276.231
237.198 276.731
237.619 277.223
237.621 277.225
237.623 277.227
237.623 277.227
237.625 277.229
238.498 278.248
238.503 278.254
238.505 278.256
239.11 278.962
239.316 279.202
239.319 279.206
239.321 279.208
239.33 279.219
239.33 279.219
240.175 280.204
241.039 281.212
241.041 281.215
241.043 281.217
241.062 281.24
242.937 283.427
242.973 283.469
243.021 283.525
243.057 283.567
243.082 283.596
243.11 283.629
243.144 283.669
243.187 283.719
243.321 283.875
