0.347917 0.347917
0.347917 0.347917
0.347917 0.347917
0.347917 0.347917
0.347917 0.347917
0.847917 0.847917
1.09792 1.09792
1.34792 1.34792
1.34792 1.34792
1.59792 1.59792
1.84792 1.84792
1.84792 1.84792
1.84792 1.84792
2.34792 2.34792
2.34792 2.34792
2.34792 2.34792
2.34792 2.34792
2.34792 2.34792
3.34792 3.34792
3.84792 3.84792
4.09792 4.09792
4.34792 4.34792
4.34792 4.34792
4.34792 4.34792
4.34792 4.34792
4.34792 4.34792
4.84792 4.84792
4.84792 4.84792
5.09792 5.09792
5.34792 5.34792
5.34792 5.34792
5.34792 5.34792
5.34792 5.34792
5.84792 5.84792
5.84792 5.84792
5.84792 5.84792
6.34792 6.34792
6.34792 6.34792
6.34792 6.34792
6.34792 6.34792
6.34792 6.34792
7.09792 7.09792
7.09792 7.09792
7.34792 7.34792
7.34792 7.34792
7.34792 7.34792
7.34792 7.34792
7.34792 7.34792
7.59792 7.59792
7.59792 7.59792
7.84792 7.84792
7.84792 7.84792
7.84792 7.84792
8.09792 8.09792
8.34792 8.34792
8.34792 8.34792
8.34792 8.34792
8.34792 8.34792
8.34792 8.34792
8.84792 8.84792
8.84792 8.84792
9.09792 9.09792
9.34792 9.34792
9.34792 9.34792
9.34792 9.34792
9.84792 9.84792
10.0979 10.0979
10.3479 10.3479
10.3479 10.3479
10.3479 10.3479
10.3479 10.3479
10.3479 10.3479
10.8479 10.8479
11.3479 11.3479
11.3479 11.3479
11.3479 11.3479
11.3479 11.3479
11.8479 11.8479
11.8479 11.8479
12.0979 12.0979
12.3479 12.3479
12.3479 12.3479
12.3479 12.3479
12.3479 12.3479
12.8479 12.8479
12.8479 12.8479
12.8479 12.8479
13.0979 13.0979
13.3479 13.3479
13.3479 13.3479
13.3479 13.3479
13.8479 13.8479
13.8479 13.8479
13.8479 13.8479
14.3479 14.3479
14.3479 14.3479
14.3479 14.3479
14.3479 14.3479
14.8479 14.8479
14.8479 14.8479
14.8479 14.8479
15.3479 15.3479
15.8479 15.8479
15.8479 15.8479
16.0979 16.0979
16.0979 16.0979
16.3479 16.3479
16.3479 16.3479
16.3479 16.3479
16.3479 16.3479
16.8479 16.8479
16.8479 16.8479
16.8479 16.8479
17.3479 17.3479
17.3479 17.3479
17.3479 17.3479
17.3479 17.3479
17.8479 17.8479
17.8479 17.8479
17.8479 17.8479
18.3479 18.3479
18.3479 18.3479
18.3479 18.3479
18.3479 18.3479
18.8479 18.8479
18.8479 18.8479
18.8479 18.8479
19.3479 19.3479
19.8479 19.8479
20.0979 20.0979
20.3479 20.3479
20.3479 20.3479
20.3479 20.3479
20.3479 20.3479
20.3479 20.3479
20.8479 20.8479
20.8479 20.8479
21.0979 21.0979
21.3479 21.3479
21.3479 21.3479
21.5979 21.5979
21.8479 21.8479
21.8479 21.8479
21.8479 21.8479
22.3479 22.3479
22.3479 22.3479
22.3479 22.3479
22.3479 22.3479
22.3479 22.3479
22.8479 22.8479
22.8479 22.8479
22.8479 22.8479
23.0979 23.0979
23.0979 23.0979
23.3479 23.3479
24.0979 24.0979
24.3479 24.3479
24.3479 24.3479
24.3479 24.3479
24.3479 24.3479
24.3479 24.3479
24.8479 24.8479
24.8479 24.8479
24.8479 24.8479
25.0979 25.0979
25.0979 25.0979
25.3479 25.3479
25.3479 25.3479
25.3479 25.3479
25.8479 25.8479
25.8479 25.8479
25.8479 25.8479
26.3479 26.3479
26.3479 26.3479
26.3479 26.3479
26.3479 26.3479
26.3479 26.3479
26.8479 26.8479
26.8479 26.8479
26.8479 26.8479
27.3479 27.3479
27.8479 27.8479
27.8479 27.8479
28.0979 28.0979
28.3479 28.3479
28.3479 28.3479
28.3479 28.3479
28.3479 28.3479
28.5979 28.5979
28.8479 28.8479
28.8479 28.8479
29.0979 29.0979
29.3479 29.3479
29.3479 29.3479
29.3479 29.3479
29.3479 29.3479
29.5979 29.5979
29.8479 29.8479
29.8479 29.8479
30.0979 30.0979
30.3479 30.3479
30.3479 30.3479
30.3479 30.3479
30.3479 30.3479
30.5979 30.5979
30.8479 30.8479
30.8479 30.8479
30.8479 30.8479
30.8479 30.8479
31.0979 31.0979
31.3479 31.3479
31.8479 31.8479
32.0979 32.0979
32.3479 32.3479
32.3479 32.3479
32.3479 32.3479
32.3479 32.3479
32.5979 32.5979
32.8479 32.8479
32.8479 32.8479
33.0979 33.0979
33.3479 33.3479
33.3479 33.3479
33.3479 33.3479
33.3479 33.3479
33.5979 33.5979
33.8479 33.8479
33.8479 33.8479
34.3479 34.3479
34.3479 34.3479
34.3479 34.3479
34.3479 34.3479
34.3479 34.3479
34.8479 34.8479
34.8479 34.8479
34.8479 34.8479
34.8479 34.8479
35.3479 35.3479
35.3479 35.3479
35.8479 35.8479
36.0979 36.0979
36.3479 36.3479
36.3479 36.3479
36.3479 36.3479
36.5979 36.5979
36.5979 36.5979
36.8479 36.8479
36.8479 36.8479
37.0979 37.0979
37.0979 37.0979
37.3479 37.3479
37.3479 37.3479
37.5979 37.5979
37.8479 37.8479
37.8479 37.8479
37.8479 37.8479
38.3479 38.3479
38.3479 38.3479
38.3479 38.3479
38.3479 38.3479
38.3479 38.3479
38.5979 38.5979
38.5979 38.5979
38.8479 38.8479
38.8479 38.8479
39.0979 39.0979
39.0979 39.0979
39.3479 39.3479
39.5979 39.5979
39.8479 39.8479
39.8479 39.8479
40.0979 40.0979
40.3479 40.3479
40.3479 40.3479
40.3479 40.3479
40.3479 40.3479
40.3479 40.3479
40.5979 40.5979
40.8479 40.8479
40.8479 40.8479
40.8479 40.8479
41.0979 41.0979
41.3479 41.3479
41.3479 41.3479
41.3479 41.3479
41.5979 41.5979
41.8479 41.8479
41.8479 41.8479
41.8479 41.8479
42.0979 42.0979
42.3479 42.3479
42.3479 42.3479
42.3479 42.3479
42.5979 42.5979
42.8479 42.8479
42.8479 42.8479
43.0979 43.0979
43.3479 43.3479
43.3479 43.3479
43.3479 43.3479
43.5979 43.5979
43.8479 43.8479
43.8479 43.8479
44.3479 44.3479
44.3479 44.3479
44.3479 44.3479
44.3479 44.3479
44.3479 44.3479
44.5979 44.5979
44.8479 44.8479
44.8479 44.8479
45.0979 45.0979
45.3479 45.3479
45.3479 45.3479
45.5979 45.5979
45.8479 45.8479
45.8479 45.8479
46.0979 46.0979
46.0979 46.0979
46.3479 46.3479
46.3479 46.3479
46.3479 46.3479
46.3479 46.3479
46.5979 46.5979
46.8479 46.8479
46.8479 46.8479
47.0979 47.0979
47.3479 47.3479
47.3479 47.3479
47.5979 47.5979
47.8479 47.8479
48.0979 48.0979
48.0979 48.0979
48.3479 48.3479
48.3479 48.3479
48.3479 48.3479
48.3479 48.3479
48.5979 48.5979
48.8479 48.8479
48.8479 48.8479
49.0979 49.0979
49.0979 49.0979
49.3479 49.3479
49.3479 49.3479
49.5979 49.5979
49.5979 49.5979
49.8479 49.8479
49.8479 49.8479
49.8479 49.8479
50.0979 50.0979
50.0979 50.0979
50.3479 50.3479
50.3479 50.3479
50.3479 50.3479
50.3479 50.3479
50.5979 50.5979
50.8479 50.8479
50.8479 50.8479
51.0979 51.0979
51.3479 51.3479
51.3479 51.3479
51.3479 51.3479
51.3479 51.3479
51.8479 51.8479
51.8479 51.8479
52.0979 52.0979
52.3479 52.3479
52.3479 52.3479
52.3479 52.3479
52.3479 52.3479
52.3479 52.3479
52.5979 52.5979
52.5979 52.5979
52.8479 52.8479
52.8479 52.8479
52.8479 52.8479
53.0979 53.0979
53.0979 53.0979
53.3479 53.3479
53.3479 53.3479
53.3479 53.3479
53.5979 53.5979
53.5979 53.5979
53.8479 53.8479
53.8479 53.8479
53.8479 53.8479
54.0979 54.0979
54.0979 54.0979
54.3479 54.3479
54.3479 54.3479
54.3479 54.3479
54.3479 54.3479
54.5979 54.5979
54.5979 54.5979
54.8479 54.8479
54.8479 54.8479
55.0979 55.0979
55.0979 55.0979
55.3479 55.3479
55.3479 55.3479
55.3479 55.3479
55.3479 55.3479
55.5979 55.5979
55.8479 55.8479
56.0979 56.0979
56.3479 56.3479
56.3479 56.3479
56.3479 56.3479
56.3479 56.3479
56.3479 56.3479
56.5979 56.5979
56.5979 56.5979
56.5979 56.5979
56.8479 56.8479
56.8479 56.8479
56.8479 56.8479
57.0979 57.0979
57.0979 57.0979
57.0979 57.0979
57.3479 57.3479
57.3479 57.3479
57.3479 57.3479
57.5979 57.5979
57.8479 57.8479
58.0979 58.0979
58.0979 58.0979
58.3479 58.3479
58.3479 58.3479
58.3479 58.3479
58.3479 58.3479
58.3479 58.3479
58.5979 58.5979
58.5979 58.5979
58.5979 58.5979
58.8479 58.8479
58.8479 58.8479
58.8479 58.8479
59.0979 59.0979
59.0979 59.0979
59.0979 59.0979
59.3479 59.3479
59.3479 59.3479
59.3479 59.3479
59.5979 59.5979
59.8479 59.8479
59.8479 59.8479
60.0979 60.0979
60.3479 60.3479
60.3479 60.3479
60.3479 60.3479
60.3479 60.3479
60.5979 60.5979
60.8479 60.8479
60.8479 60.8479
60.8479 60.8479
61.0979 61.0979
61.3479 61.3479
61.3479 61.3479
61.3479 61.3479
61.5979 61.5979
61.5979 61.5979
61.8479 61.8479
61.8479 61.8479
61.8479 61.8479
62.0979 62.0979
62.0979 62.0979
62.3479 62.3479
62.3479 62.3479
62.3479 62.3479
62.3479 62.3479
62.5979 62.5979
62.8479 62.8479
62.8479 62.8479
63.0979 63.0979
63.3479 63.3479
63.3479 63.3479
63.3479 63.3479
63.5979 63.5979
63.8479 63.8479
64.0979 64.0979
64.3479 64.3479
64.3479 64.3479
64.3479 64.3479
64.5979 64.5979
64.8479 64.8479
64.8479 64.8479
64.8479 64.8479
65.0979 65.0979
65.0979 65.0979
65.3479 65.3479
65.3479 65.3479
65.3479 65.3479
65.5979 65.5979
65.5979 65.5979
65.8479 65.8479
65.8479 65.8479
65.8479 65.8479
66.0979 66.0979
66.0979 66.0979
66.3479 66.3479
66.3479 66.3479
66.3479 66.3479
66.3479 66.3479
66.5979 66.5979
66.8479 66.8479
66.8479 66.8479
66.8479 66.8479
67.0979 67.0979
67.3479 67.3479
67.3479 67.3479
67.3479 67.3479
67.3479 67.3479
67.8479 67.8479
68.3479 68.3479
68.3479 68.3479
68.3479 68.3479
68.3479 68.3479
68.5979 68.5979
68.5979 68.5979
68.8479 68.8479
68.8479 68.8479
68.8479 68.8479
69.0979 69.0979
69.0979 69.0979
69.3479 69.3479
69.3479 69.3479
69.3479 69.3479
69.5979 69.5979
69.5979 69.5979
69.8479 69.8479
69.8479 69.8479
69.8479 69.8479
70.0979 70.0979
70.0979 70.0979
70.3479 70.3479
70.3479 70.3479
70.3479 70.3479
70.3479 70.3479
70.5979 70.5979
70.8479 70.8479
70.8479 70.8479
71.0979 71.0979
71.0979 71.0979
71.3479 71.3479
71.3479 71.3479
71.3479 71.3479
71.3479 71.3479
71.5979 71.5979
71.8479 71.8479
71.8479 71.8479
72.3479 72.3479
72.3479 72.3479
72.3479 72.3479
72.5979 72.5979
72.8479 72.8479
72.8479 72.8479
73.0979 73.0979
73.3479 73.3479
73.3479 73.3479
73.5979 73.5979
73.8479 73.8479
73.8479 73.8479
73.8479 73.8479
74.0979 74.0979
74.0979 74.0979
74.3479 74.3479
74.3479 74.3479
74.3479 74.3479
74.5979 74.5979
74.8479 74.8479
74.8479 74.8479
75.0979 75.0979
75.3479 75.3479
75.3479 75.3479
75.5979 75.5979
75.8479 75.8479
75.8479 75.8479
76.2229 76.2229
76.2958 76.2958
76.2979 76.2979
76.3479 76.3479
76.3479 76.3479
76.375 76.375
76.5979 76.5979
76.8479 76.8479
76.8479 76.8479
77.0979 77.0979
77.2104 77.2104
77.3125 77.3125
77.3125 77.3125
77.3479 77.3479
77.3958 77.3958
77.5979 77.5979
77.8479 77.8479
78.0979 78.0979
78.2 78.2
78.2667 78.2667
78.3042 78.3042
78.3458 78.3458
78.3479 78.3479
78.5979 78.5979
78.8479 78.8479
78.9708 78.9708
79.0229 79.0229
79.0458 79.0458
79.0521 79.0521
79.0979 79.0979
79.5979 79.5979
79.8479 79.8479
80.0979 80.0979
80.3479 80.3479
80.3479 80.3479
80.5979 80.5979
80.5979 80.5979
80.8479 80.8479
80.8479 80.8479
81.0979 81.0979
81.0979 81.0979
81.3479 81.3479
81.3479 81.3479
81.5979 81.5979
81.5979 81.5979
81.8479 81.8479
81.8479 81.8479
82.0979 82.0979
82.0979 82.0979
82.3479 82.3479
82.3479 82.3479
82.3479 82.3479
82.3479 82.3479
82.5979 82.5979
82.5979 82.5979
82.7229 82.7229
82.8479 82.8479
82.8479 82.8479
83.0979 83.0979
83.0979 83.0979
83.3479 83.3479
83.3479 83.3479
83.3479 83.3479
83.3479 83.3479
83.5979 83.5979
83.8479 83.8479
83.8479 83.8479
84.0979 84.0979
84.2229 84.2229
84.3479 84.3479
84.3479 84.3479
84.3479 84.3479
84.3479 84.3479
84.3479 84.3479
84.5979 84.5979
84.8479 84.8479
84.8479 84.8479
85.0979 85.0979
85.0979 85.0979
85.2229 85.2229
85.3479 85.3479
85.3479 85.3479
85.5979 85.5979
85.5979 85.5979
85.8479 85.8479
85.8479 85.8479
85.8479 85.8479
86.0979 86.0979
86.0979 86.0979
86.3479 86.3479
86.3479 86.3479
86.3479 86.3479
86.3479 86.3479
86.5979 86.5979
86.8479 86.8479
86.8479 86.8479
87.0979 87.0979
87.0979 87.0979
87.3479 87.3479
87.3479 87.3479
87.5979 87.5979
87.8479 87.8479
87.8479 87.8479
87.8479 87.8479
88.0979 88.0979
88.0979 88.0979
88.3479 88.3479
88.3479 88.3479
88.3479 88.3479
88.3479 88.3479
88.8479 88.8479
88.8479 88.8479
88.8479 88.8479
89.0979 89.0979
89.3479 89.3479
89.3479 89.3479
89.3479 89.3479
89.8479 89.8479
89.8479 89.8479
89.8479 89.8479
90.3479 90.3479
90.3479 90.3479
90.3479 90.3479
90.3479 90.3479
90.8479 90.8479
90.8479 90.8479
90.8479 90.8479
91.3479 91.3479
91.8479 91.8479
91.8479 91.8479
92.0979 92.0979
92.0979 92.0979
92.3479 92.3479
92.3479 92.3479
92.3479 92.3479
92.3479 92.3479
92.8479 92.8479
92.8479 92.8479
92.8479 92.8479
93.3479 93.3479
93.3479 93.3479
93.3479 93.3479
93.3479 93.3479
93.8479 93.8479
93.8479 93.8479
93.8479 93.8479
94.3479 94.3479
94.3479 94.3479
94.3479 94.3479
94.3479 94.3479
94.8479 94.8479
94.8479 94.8479
94.8479 94.8479
95.3479 95.3479
95.8479 95.8479
96.0979 96.0979
96.3479 96.3479
96.3479 96.3479
96.3479 96.3479
96.3479 96.3479
96.3479 96.3479
96.8479 96.8479
96.8479 96.8479
97.0979 97.0979
97.3479 97.3479
97.3479 97.3479
97.5979 97.5979
97.8479 97.8479
97.8479 97.8479
97.8479 97.8479
98.3479 98.3479
98.3479 98.3479
98.3479 98.3479
98.3479 98.3479
98.3479 98.3479
98.8479 98.8479
98.8479 98.8479
98.8479 98.8479
99.0979 99.0979
99.0979 99.0979
99.3479 99.3479
100.098 100.098
100.348 100.348
100.348 100.348
100.348 100.348
100.348 100.348
100.348 100.348
100.848 100.848
100.848 100.848
100.848 100.848
101.098 101.098
101.098 101.098
101.348 101.348
101.348 101.348
101.348 101.348
101.848 101.848
101.848 101.848
101.848 101.848
102.348 102.348
102.348 102.348
102.348 102.348
102.348 102.348
102.348 102.348
102.848 102.848
102.848 102.848
102.848 102.848
103.348 103.348
103.848 103.848
103.848 103.848
104.098 104.098
104.348 104.348
104.348 104.348
104.348 104.348
104.348 104.348
104.598 104.598
104.848 104.848
104.848 104.848
105.098 105.098
105.348 105.348
105.348 105.348
105.348 105.348
105.348 105.348
105.598 105.598
105.848 105.848
105.848 105.848
106.098 106.098
106.348 106.348
106.348 106.348
106.348 106.348
106.348 106.348
106.598 106.598
106.848 106.848
106.848 106.848
106.848 106.848
106.848 106.848
107.098 107.098
107.348 107.348
107.848 107.848
108.098 108.098
108.348 108.348
108.348 108.348
108.348 108.348
108.348 108.348
108.598 108.598
108.848 108.848
108.848 108.848
109.098 109.098
109.348 109.348
109.348 109.348
109.348 109.348
109.348 109.348
109.598 109.598
109.848 109.848
109.848 109.848
110.348 110.348
110.348 110.348
110.348 110.348
110.348 110.348
110.348 110.348
110.848 110.848
110.848 110.848
110.848 110.848
110.848 110.848
111.348 111.348
111.348 111.348
111.848 111.848
112.098 112.098
112.348 112.348
112.348 112.348
112.348 112.348
112.598 112.598
112.598 112.598
112.848 112.848
112.848 112.848
113.098 113.098
113.098 113.098
113.348 113.348
113.348 113.348
113.598 113.598
113.848 113.848
113.848 113.848
113.848 113.848
114.348 114.348
114.348 114.348
114.348 114.348
114.348 114.348
114.348 114.348
114.598 114.598
114.598 114.598
114.848 114.848
114.848 114.848
115.098 115.098
115.098 115.098
115.348 115.348
115.598 115.598
115.848 115.848
115.848 115.848
116.098 116.098
116.348 116.348
116.348 116.348
116.348 116.348
116.348 116.348
116.348 116.348
116.598 116.598
116.848 116.848
116.848 116.848
116.848 116.848
117.098 117.098
117.348 117.348
117.348 117.348
117.348 117.348
117.598 117.598
117.848 117.848
117.848 117.848
117.848 117.848
118.098 118.098
118.348 118.348
118.348 118.348
118.348 118.348
118.598 118.598
118.848 118.848
118.848 118.848
119.098 119.098
119.348 119.348
119.348 119.348
119.348 119.348
119.598 119.598
119.848 119.848
119.848 119.848
120.348 120.348
120.348 120.348
120.348 120.348
120.348 120.348
120.348 120.348
120.598 120.598
120.848 120.848
120.848 120.848
121.098 121.098
121.348 121.348
121.348 121.348
121.598 121.598
121.848 121.848
121.848 121.848
122.098 122.098
122.098 122.098
122.348 122.348
122.348 122.348
122.348 122.348
122.348 122.348
122.598 122.598
122.848 122.848
122.848 122.848
123.098 123.098
123.348 123.348
123.348 123.348
123.598 123.598
123.848 123.848
124.098 124.098
124.098 124.098
124.348 124.348
124.348 124.348
124.348 124.348
124.348 124.348
124.598 124.598
124.848 124.848
124.848 124.848
125.098 125.098
125.098 125.098
125.348 125.348
125.348 125.348
125.598 125.598
125.598 125.598
125.848 125.848
125.848 125.848
125.848 125.848
126.098 126.098
126.098 126.098
126.348 126.348
126.348 126.348
126.348 126.348
126.348 126.348
126.598 126.598
126.848 126.848
126.848 126.848
127.098 127.098
127.348 127.348
127.348 127.348
127.348 127.348
127.348 127.348
127.848 127.848
127.848 127.848
128.098 128.098
128.348 128.348
128.348 128.348
128.348 128.348
128.348 128.348
128.348 128.348
128.598 128.598
128.598 128.598
128.848 128.848
128.848 128.848
128.848 128.848
129.098 129.098
129.098 129.098
129.348 129.348
129.348 129.348
129.348 129.348
129.598 129.598
129.598 129.598
129.848 129.848
129.848 129.848
129.848 129.848
130.098 130.098
130.098 130.098
130.348 130.348
130.348 130.348
130.348 130.348
130.348 130.348
130.598 130.598
130.598 130.598
130.848 130.848
130.848 130.848
131.098 131.098
131.098 131.098
131.348 131.348
131.348 131.348
131.348 131.348
131.348 131.348
131.598 131.598
131.848 131.848
132.098 132.098
132.348 132.348
132.348 132.348
132.348 132.348
132.348 132.348
132.348 132.348
132.598 132.598
132.598 132.598
132.598 132.598
132.848 132.848
132.848 132.848
132.848 132.848
133.098 133.098
133.098 133.098
133.098 133.098
133.348 133.348
133.348 133.348
133.348 133.348
133.598 133.598
133.848 133.848
134.098 134.098
134.098 134.098
134.348 134.348
134.348 134.348
134.348 134.348
134.348 134.348
134.348 134.348
134.598 134.598
134.598 134.598
134.598 134.598
134.848 134.848
134.848 134.848
134.848 134.848
135.098 135.098
135.098 135.098
135.098 135.098
135.348 135.348
135.348 135.348
135.348 135.348
135.598 135.598
135.848 135.848
135.848 135.848
136.098 136.098
136.348 136.348
136.348 136.348
136.348 136.348
136.348 136.348
136.598 136.598
136.848 136.848
136.848 136.848
136.848 136.848
137.098 137.098
137.348 137.348
137.348 137.348
137.348 137.348
137.598 137.598
137.598 137.598
137.848 137.848
137.848 137.848
137.848 137.848
138.098 138.098
138.098 138.098
138.348 138.348
138.348 138.348
138.348 138.348
138.348 138.348
138.598 138.598
138.848 138.848
138.848 138.848
139.098 139.098
139.348 139.348
139.348 139.348
139.348 139.348
139.598 139.598
139.848 139.848
140.098 140.098
140.348 140.348
140.348 140.348
140.348 140.348
140.598 140.598
140.848 140.848
140.848 140.848
140.848 140.848
141.098 141.098
141.098 141.098
141.348 141.348
141.348 141.348
141.348 141.348
141.598 141.598
141.598 141.598
141.848 141.848
141.848 141.848
141.848 141.848
142.098 142.098
142.098 142.098
142.348 142.348
142.348 142.348
142.348 142.348
142.348 142.348
142.598 142.598
142.848 142.848
142.848 142.848
142.848 142.848
143.098 143.098
143.348 143.348
143.348 143.348
143.348 143.348
143.348 143.348
143.848 143.848
144.348 144.348
144.348 144.348
144.348 144.348
144.348 144.348
144.598 144.598
144.598 144.598
144.848 144.848
144.848 144.848
144.848 144.848
145.098 145.098
145.098 145.098
145.348 145.348
145.348 145.348
145.348 145.348
145.598 145.598
145.598 145.598
145.848 145.848
145.848 145.848
145.848 145.848
146.098 146.098
146.098 146.098
146.348 146.348
146.348 146.348
146.348 146.348
146.348 146.348
146.598 146.598
146.848 146.848
146.848 146.848
147.098 147.098
147.098 147.098
147.348 147.348
147.348 147.348
147.348 147.348
147.348 147.348
147.598 147.598
147.848 147.848
147.848 147.848
148.348 148.348
148.348 148.348
148.348 148.348
148.598 148.598
148.848 148.848
148.848 148.848
149.098 149.098
149.348 149.348
149.348 149.348
149.598 149.598
149.848 149.848
149.848 149.848
149.848 149.848
150.098 150.098
150.098 150.098
150.348 150.348
150.348 150.348
150.348 150.348
150.598 150.598
150.848 150.848
150.848 150.848
151.098 151.098
151.348 151.348
151.348 151.348
151.598 151.598
151.848 151.848
151.848 151.848
151.848 151.848
151.848 151.848
152.348 152.348
152.348 152.348
152.348 152.348
152.348 152.348
152.348 152.348
152.348 152.348
152.598 152.598
152.848 152.848
152.848 152.848
152.848 152.848
152.848 152.848
153.098 153.098
153.348 153.348
153.598 153.598
153.598 153.598
153.598 153.598
153.598 153.598
153.598 153.598
153.848 153.848
154.098 154.098
154.098 154.098
154.348 154.348
154.348 154.348
154.348 154.348
154.348 154.348
154.348 154.348
154.598 154.598
154.848 154.848
155.098 155.098
155.098 155.098
155.348 155.348
155.598 155.598
155.598 155.598
155.598 155.598
155.848 155.848
156.098 156.098
156.098 156.098
156.223 156.223
156.223 156.223
156.348 156.348
156.348 156.348
156.348 156.348
156.348 156.348
156.348 156.348
156.598 156.598
156.848 156.848
156.848 156.848
156.848 156.848
157.098 157.098
157.098 157.098
157.098 157.098
157.098 157.098
157.348 157.348
157.598 157.598
157.598 157.598
157.598 157.598
157.848 157.848
157.848 157.848
157.848 157.848
158.098 158.098
158.098 158.098
158.098 158.098
158.348 158.348
158.348 158.348
158.348 158.348
158.348 158.348
158.598 158.598
158.848 158.848
159.098 159.098
159.098 159.098
159.098 159.098
159.098 159.098
159.223 159.223
159.223 159.223
159.348 159.348
159.348 159.348
159.348 159.348
159.598 159.598
159.598 159.598
159.598 159.598
159.848 159.848
159.848 159.848
159.848 159.848
160.098 160.098
160.348 160.348
160.348 160.348
160.348 160.348
160.348 160.348
160.348 160.348
160.348 160.348
160.598 160.598
160.848 160.848
160.848 160.848
160.848 160.848
161.098 161.098
161.098 161.098
161.098 161.098
161.098 161.098
161.098 161.098
161.598 161.598
161.848 161.848
161.848 161.848
161.848 161.848
162.098 162.098
162.348 162.348
162.348 162.348
162.348 162.348
162.598 162.598
162.848 162.848
162.848 162.848
162.848 162.848
163.098 163.098
163.098 163.098
163.098 163.098
163.098 163.098
163.098 163.098
163.598 163.598
163.598 163.598
163.598 163.598
163.848 163.848
163.848 163.848
163.848 163.848
164.348 164.348
164.348 164.348
164.348 164.348
164.348 164.348
164.348 164.348
164.598 164.598
164.598 164.598
164.598 164.598
164.848 164.848
164.848 164.848
164.848 164.848
165.098 165.098
165.098 165.098
165.098 165.098
165.098 165.098
165.348 165.348
165.348 165.348
165.598 165.598
165.598 165.598
165.848 165.848
165.848 165.848
165.848 165.848
166.098 166.098
166.098 166.098
166.348 166.348
166.348 166.348
166.348 166.348
166.348 166.348
166.348 166.348
166.598 166.598
166.598 166.598
166.848 166.848
166.848 166.848
166.848 166.848
167.348 167.348
167.348 167.348
167.348 167.348
167.348 167.348
167.848 167.848
167.848 167.848
168.098 168.098
168.348 168.348
168.348 168.348
168.348 168.348
168.348 168.348
168.348 168.348
168.598 168.598
168.848 168.848
168.848 168.848
169.098 169.098
169.348 169.348
169.348 169.348
169.598 169.598
169.848 169.848
169.848 169.848
170.098 170.098
170.098 170.098
170.348 170.348
170.348 170.348
170.348 170.348
170.348 170.348
170.598 170.598
170.848 170.848
170.848 170.848
171.098 171.098
171.348 171.348
171.348 171.348
171.598 171.598
171.848 171.848
172.098 172.098
172.098 172.098
172.348 172.348
172.348 172.348
172.348 172.348
172.348 172.348
172.598 172.598
172.848 172.848
172.848 172.848
173.098 173.098
173.098 173.098
173.348 173.348
173.348 173.348
173.598 173.598
173.598 173.598
173.848 173.848
173.848 173.848
173.848 173.848
174.098 174.098
174.098 174.098
174.348 174.348
174.348 174.348
174.348 174.348
174.348 174.348
174.598 174.598
174.848 174.848
174.848 174.848
175.098 175.098
175.348 175.348
175.348 175.348
175.348 175.348
175.348 175.348
175.848 175.848
175.848 175.848
176.098 176.098
176.348 176.348
176.348 176.348
176.348 176.348
176.348 176.348
176.348 176.348
176.598 176.598
176.598 176.598
176.848 176.848
176.848 176.848
176.848 176.848
177.098 177.098
177.098 177.098
177.348 177.348
177.348 177.348
177.348 177.348
177.598 177.598
177.598 177.598
177.848 177.848
177.848 177.848
177.848 177.848
178.098 178.098
178.098 178.098
178.348 178.348
178.348 178.348
178.348 178.348
178.348 178.348
178.598 178.598
178.598 178.598
178.848 178.848
178.848 178.848
179.098 179.098
179.098 179.098
179.348 179.348
179.348 179.348
179.348 179.348
179.348 179.348
179.598 179.598
179.848 179.848
180.098 180.098
180.348 180.348
180.348 180.348
180.348 180.348
180.348 180.348
180.348 180.348
180.598 180.598
180.598 180.598
180.598 180.598
180.848 180.848
180.848 180.848
180.848 180.848
181.098 181.098
181.098 181.098
181.098 181.098
181.348 181.348
181.348 181.348
181.348 181.348
181.598 181.598
181.848 181.848
182.098 182.098
182.098 182.098
182.348 182.348
182.348 182.348
182.348 182.348
182.348 182.348
182.348 182.348
182.598 182.598
182.598 182.598
182.598 182.598
182.848 182.848
182.848 182.848
182.848 182.848
183.098 183.098
183.098 183.098
183.098 183.098
183.348 183.348
183.348 183.348
183.348 183.348
183.598 183.598
183.848 183.848
183.848 183.848
184.098 184.098
184.348 184.348
184.348 184.348
184.348 184.348
184.348 184.348
184.598 184.598
184.848 184.848
184.848 184.848
184.848 184.848
185.098 185.098
185.348 185.348
185.348 185.348
185.348 185.348
185.598 185.598
185.598 185.598
185.848 185.848
185.848 185.848
185.848 185.848
186.098 186.098
186.098 186.098
186.348 186.348
186.348 186.348
186.348 186.348
186.348 186.348
186.598 186.598
186.848 186.848
186.848 186.848
187.098 187.098
187.348 187.348
187.348 187.348
187.348 187.348
187.598 187.598
187.848 187.848
188.098 188.098
188.348 188.348
188.348 188.348
188.348 188.348
188.598 188.598
188.848 188.848
188.848 188.848
188.848 188.848
189.098 189.098
189.098 189.098
189.348 189.348
189.348 189.348
189.348 189.348
189.598 189.598
189.598 189.598
189.848 189.848
189.848 189.848
189.848 189.848
190.098 190.098
190.098 190.098
190.348 190.348
190.348 190.348
190.348 190.348
190.348 190.348
190.598 190.598
190.848 190.848
190.848 190.848
190.848 190.848
191.098 191.098
191.348 191.348
191.348 191.348
191.348 191.348
191.348 191.348
191.848 191.848
192.348 192.348
192.348 192.348
192.348 192.348
192.348 192.348
192.598 192.598
192.598 192.598
192.848 192.848
192.848 192.848
192.848 192.848
193.098 193.098
193.098 193.098
193.348 193.348
193.348 193.348
193.348 193.348
193.598 193.598
193.598 193.598
193.848 193.848
193.848 193.848
193.848 193.848
194.098 194.098
194.098 194.098
194.348 194.348
194.348 194.348
194.348 194.348
194.348 194.348
194.598 194.598
194.848 194.848
194.848 194.848
195.098 195.098
195.098 195.098
195.348 195.348
195.348 195.348
195.348 195.348
195.348 195.348
195.598 195.598
195.848 195.848
195.848 195.848
196.348 196.348
196.348 196.348
196.348 196.348
196.598 196.598
196.848 196.848
196.848 196.848
197.098 197.098
197.348 197.348
197.348 197.348
197.598 197.598
197.848 197.848
197.848 197.848
197.848 197.848
198.098 198.098
198.098 198.098
198.348 198.348
198.348 198.348
198.348 198.348
198.598 198.598
198.848 198.848
198.848 198.848
199.098 199.098
199.348 199.348
199.348 199.348
199.598 199.598
199.848 199.848
199.848 199.848
200.348 200.348
200.348 200.348
200.348 200.348
200.348 200.348
200.348 200.348
200.348 200.348
200.848 200.848
200.848 200.848
201.098 201.098
201.348 201.348
201.348 201.348
201.598 201.598
201.848 201.848
201.848 201.848
201.848 201.848
202.348 202.348
202.348 202.348
202.348 202.348
202.348 202.348
202.348 202.348
203.348 203.348
203.848 203.848
204.098 204.098
204.348 204.348
204.348 204.348
204.348 204.348
204.348 204.348
204.348 204.348
204.848 204.848
204.848 204.848
205.098 205.098
205.348 205.348
205.348 205.348
205.348 205.348
205.348 205.348
205.848 205.848
205.848 205.848
205.848 205.848
206.348 206.348
206.348 206.348
206.348 206.348
206.348 206.348
206.348 206.348
207.098 207.098
207.098 207.098
207.348 207.348
207.348 207.348
207.348 207.348
207.348 207.348
207.348 207.348
207.598 207.598
207.598 207.598
207.848 207.848
207.848 207.848
207.848 207.848
208.098 208.098
208.348 208.348
208.348 208.348
208.348 208.348
208.348 208.348
208.348 208.348
208.848 208.848
208.848 208.848
209.098 209.098
209.348 209.348
209.348 209.348
209.348 209.348
209.848 209.848
210.098 210.098
210.348 210.348
210.348 210.348
210.348 210.348
210.348 210.348
210.348 210.348
210.869 210.848
211.459 211.348
211.459 211.348
211.459 211.348
211.459 211.348
212.142 211.848
212.929 212.385
212.953 212.402
212.963 212.408
213.289 212.631
213.539 212.802
213.767 212.958
214.008 213.123
214.264 213.298
214.575 213.51
214.92 213.746
