3.68928 4.30417
3.68928 4.30417
3.90357 4.55417
3.90357 4.55417
3.90357 4.55417
3.90357 4.55417
4.11785 4.80417
4.33214 5.05417
4.54642 5.30417
4.975 5.80417
5.40357 6.30417
5.83214 6.80417
6.26071 7.30417
6.68928 7.80417
7.11785 8.30417
7.11785 8.30417
7.11785 8.30417
7.11785 8.30417
10.5464 12.3042
10.5464 12.3042
10.5464 12.3042
10.5464 12.3042
10.5464 12.3042
10.5464 12.3042
10.975 12.8042
11.1893 13.0542
11.4036 13.3042
11.8321 13.8042
12.2607 14.3042
12.6893 14.8042
13.1178 15.3042
13.5464 15.8042
13.975 16.3042
13.975 16.3042
13.975 16.3042
13.975 16.3042
13.975 16.3042
13.975 16.3042
16.5464 19.3042
16.975 19.8042
17.4036 20.3042
17.4036 20.3042
17.4036 20.3042
17.4036 20.3042
17.4036 20.3042
17.4036 20.3042
18.6893 21.8042
19.1178 22.3042
19.1178 22.3042
19.1178 22.3042
19.1178 22.3042
19.1178 22.3042
19.1178 22.3042
19.975 23.3042
20.4036 23.8042
20.8321 24.3042
20.8321 24.3042
20.8321 24.3042
20.8321 24.3042
20.8321 24.3042
20.8321 24.3042
22.1178 25.8042
22.5464 26.3042
22.5464 26.3042
22.5464 26.3042
22.5464 26.3042
22.5464 26.3042
23.4035 27.3042
23.8321 27.8042
24.2607 28.3042
24.2607 28.3042
24.2607 28.3042
24.2607 28.3042
24.2607 28.3042
25.5464 29.8042
25.975 30.3042
25.975 30.3042
25.975 30.3042
25.975 30.3042
25.975 30.3042
25.975 30.3042
26.4035 30.8042
26.8321 31.3042
27.2607 31.8042
27.6893 32.3042
27.6893 32.3042
27.6893 32.3042
27.6893 32.3042
27.6893 32.3042
27.6893 32.3042
28.1178 32.8042
28.5464 33.3042
28.975 33.8042
29.4035 34.3042
30.2607 35.3042
30.6893 35.8042
31.1178 36.3042
31.1178 36.3042
31.5464 36.8042
31.975 37.3042
32.4035 37.8042
32.4035 37.8042
32.8321 38.3042
32.8321 38.3042
33.2607 38.8042
33.2607 38.8042
33.6893 39.3042
33.6893 39.3042
33.9035 39.5542
34.1178 39.8042
34.5464 40.3042
34.5464 40.3042
34.975 40.8042
34.975 40.8042
35.4035 41.3042
35.4035 41.3042
35.8321 41.8042
35.8321 41.8042
36.2607 42.3042
36.2607 42.3042
37.1178 43.3042
37.5464 43.8042
37.975 44.3042
37.975 44.3042
38.4035 44.8042
38.8321 45.3042
39.2607 45.8042
39.2607 45.8042
39.6892 46.3042
39.6892 46.3042
40.1178 46.8042
40.5464 47.3042
40.5464 47.3042
40.7607 47.5542
40.7607 47.5542
40.7607 47.5542
40.975 47.8042
41.4035 48.3042
41.4035 48.3042
41.4035 48.3042
41.4035 48.3042
41.8321 48.8042
41.8321 48.8042
42.2607 49.3042
42.2607 49.3042
42.6892 49.8042
42.6892 49.8042
43.1178 50.3042
43.1178 50.3042
43.7607 51.0542
43.975 51.3042
43.975 51.3042
44.4035 51.8042
44.4035 51.8042
44.8321 52.3042
44.8321 52.3042
45.0464 52.5542
45.2607 52.8042
45.6892 53.3042
46.1178 53.8042
46.1178 53.8042
46.5464 54.3042
46.5464 54.3042
47.4035 55.3042
47.8321 55.8042
48.2607 56.3042
48.2607 56.3042
48.2607 56.3042
48.6892 56.8042
49.1178 57.3042
49.5464 57.8042
49.5464 57.8042
49.975 58.3042
49.975 58.3042
50.8321 59.3042
50.8321 59.3042
51.2607 59.8042
51.2607 59.8042
51.6892 60.3042
51.6892 60.3042
51.6892 60.3042
52.1178 60.8042
52.5464 61.3042
52.9749 61.8042
52.9749 61.8042
53.4035 62.3042
53.4035 62.3042
53.4035 62.3042
53.8321 62.8042
54.2607 63.3042
54.4749 63.5542
54.6892 63.8042
54.6892 63.8042
55.1178 64.3042
55.1178 64.3042
55.1178 64.3042
55.5464 64.8042
55.9749 65.3042
56.1892 65.5542
56.4035 65.8042
56.8321 66.3042
56.8321 66.3042
56.8321 66.3042
57.6892 67.3042
58.5464 68.3042
58.5464 68.3042
58.9749 68.8042
58.9749 68.8042
59.4035 69.3042
59.4035 69.3042
59.8321 69.8042
60.2607 70.3042
60.2607 70.3042
60.2607 70.3042
60.6892 70.8042
61.3321 71.5542
61.7607 72.0542
61.9749 72.3042
61.9749 72.3042
61.9749 72.3042
61.9749 72.3042
62.4035 72.8042
62.4035 72.8042
62.8321 73.3042
62.8321 73.3042
63.2607 73.8042
63.6892 74.3042
63.6892 74.3042
63.6892 74.3042
63.6892 74.3042
64.1178 74.8042
64.5464 75.3042
64.5464 75.3042
64.9749 75.8042
65.4035 76.3042
65.4035 76.3042
65.4035 76.3042
65.4035 76.3042
65.4035 76.3042
65.8321 76.8042
65.8321 76.8042
66.2606 77.3042
66.2606 77.3042
66.6892 77.8042
66.6892 77.8042
67.1178 78.3042
67.1178 78.3042
67.1178 78.3042
67.1178 78.3042
67.5464 78.8042
68.4035 79.8042
68.6178 80.0542
68.8321 80.3042
69.2606 80.8042
69.2606 80.8042
69.2606 80.8042
69.6892 81.3042
69.6892 81.3042
70.1178 81.8042
70.1178 81.8042
70.5464 82.3042
70.5464 82.3042
70.9749 82.8042
71.4035 83.3042
71.8321 83.8042
72.2606 84.3042
72.2606 84.3042
72.6892 84.8042
73.1178 85.3042
73.5464 85.8042
73.5464 85.8042
73.9749 86.3042
73.9749 86.3042
74.4035 86.8042
74.4035 86.8042
74.8321 87.3042
74.8321 87.3042
75.0464 87.5542
75.2606 87.8042
75.2606 87.8042
75.6892 88.3042
75.6892 88.3042
75.6892 88.3042
76.1178 88.8042
76.1178 88.8042
76.5464 89.3042
76.5464 89.3042
76.9749 89.8042
76.9749 89.8042
77.4035 90.3042
77.4035 90.3042
78.2606 91.3042
78.2606 91.3042
78.6892 91.8042
79.1178 92.3042
79.1178 92.3042
79.1178 92.3042
79.1178 92.3042
79.5463 92.8042
79.9749 93.3042
80.4035 93.8042
80.8321 94.3042
80.8321 94.3042
80.8321 94.3042
80.8321 94.3042
80.8321 94.3042
81.2606 94.8042
81.6892 95.3042
81.6892 95.3042
81.6892 95.3042
81.6892 95.3042
81.6892 95.3042
81.9035 95.5542
82.1178 95.8042
82.5463 96.3042
82.5463 96.3042
82.5463 96.3042
82.5463 96.3042
82.9749 96.8042
82.9749 96.8042
83.4035 97.3042
83.4035 97.3042
83.8321 97.8042
83.8321 97.8042
84.2606 98.3042
84.2606 98.3042
85.1178 99.3042
85.1178 99.3042
85.5463 99.8042
85.9749 100.304
85.9749 100.304
86.4035 100.804
86.8321 101.304
87.2606 101.804
87.2606 101.804
87.6892 102.304
87.6892 102.304
88.5463 103.304
88.9749 103.804
89.4035 104.304
89.4035 104.304
89.4035 104.304
89.8321 104.804
90.2606 105.304
90.6892 105.804
90.6892 105.804
91.1178 106.304
91.1178 106.304
91.5463 106.804
91.9749 107.304
91.9749 107.304
92.4035 107.804
92.4035 107.804
92.8321 108.304
92.8321 108.304
92.8321 108.304
93.2606 108.804
93.6892 109.304
94.1178 109.804
94.1178 109.804
94.5463 110.304
94.5463 110.304
94.5463 110.304
94.9749 110.804
95.4035 111.304
95.4035 111.304
95.832 111.804
96.2606 112.304
96.2606 112.304
96.2606 112.304
96.2606 112.304
96.2606 112.304
96.6892 112.804
97.1178 113.304
97.5463 113.804
97.9749 114.304
99.6892 116.304
99.6892 116.304
99.6892 116.304
99.6892 116.304
99.6892 116.304
100.118 116.804
100.332 117.054
100.546 117.304
100.975 117.804
101.403 118.304
101.832 118.804
102.261 119.304
102.689 119.804
103.118 120.304
103.118 120.304
103.118 120.304
103.118 120.304
103.118 120.304
104.403 121.804
104.832 122.304
106.546 124.304
106.546 124.304
106.546 124.304
106.546 124.304
106.546 124.304
106.975 124.804
107.189 125.054
107.403 125.304
107.832 125.804
108.261 126.304
108.689 126.804
109.118 127.304
109.546 127.804
109.975 128.304
109.975 128.304
109.975 128.304
109.975 128.304
109.975 128.304
111.261 129.804
111.689 130.304
111.689 130.304
112.546 131.304
112.975 131.804
113.403 132.304
113.403 132.304
113.403 132.304
113.403 132.304
113.403 132.304
114.689 133.804
115.118 134.304
115.118 134.304
115.118 134.304
115.118 134.304
115.118 134.304
115.975 135.304
116.403 135.804
116.832 136.304
116.832 136.304
116.832 136.304
116.832 136.304
116.832 136.304
118.118 137.804
118.546 138.304
118.546 138.304
118.546 138.304
118.546 138.304
118.546 138.304
119.403 139.304
119.832 139.804
120.261 140.304
120.261 140.304
120.261 140.304
120.261 140.304
120.261 140.304
121.546 141.804
121.975 142.304
121.975 142.304
121.975 142.304
121.975 142.304
121.975 142.304
122.403 142.804
122.832 143.304
122.832 143.304
123.261 143.804
123.689 144.304
123.689 144.304
123.689 144.304
123.689 144.304
123.689 144.304
124.118 144.804
124.546 145.304
124.975 145.804
125.403 146.304
126.261 147.304
126.689 147.804
127.118 148.304
127.118 148.304
127.546 148.804
127.975 149.304
128.403 149.804
128.403 149.804
128.832 150.304
128.832 150.304
129.261 150.804
129.261 150.804
129.689 151.304
129.689 151.304
129.903 151.554
130.118 151.804
130.546 152.304
130.546 152.304
130.975 152.804
130.975 152.804
131.403 153.304
131.403 153.304
131.832 153.804
131.832 153.804
132.261 154.304
132.261 154.304
133.118 155.304
133.546 155.804
133.975 156.304
133.975 156.304
134.403 156.804
134.832 157.304
135.261 157.804
135.261 157.804
135.689 158.304
135.689 158.304
136.118 158.804
136.546 159.304
136.546 159.304
136.761 159.554
136.761 159.554
136.761 159.554
136.975 159.804
137.403 160.304
137.403 160.304
137.403 160.304
137.403 160.304
137.832 160.804
137.832 160.804
138.261 161.304
138.261 161.304
138.689 161.804
138.689 161.804
139.118 162.304
139.118 162.304
139.761 163.054
139.975 163.304
139.975 163.304
140.403 163.804
140.403 163.804
140.832 164.304
140.832 164.304
141.046 164.554
141.261 164.804
141.689 165.304
142.118 165.804
142.118 165.804
142.546 166.304
142.546 166.304
143.403 167.304
143.832 167.804
144.261 168.304
144.261 168.304
144.261 168.304
144.689 168.804
145.118 169.304
145.546 169.804
145.546 169.804
145.975 170.304
145.975 170.304
146.832 171.304
146.832 171.304
147.261 171.804
147.261 171.804
147.689 172.304
147.689 172.304
147.689 172.304
148.118 172.804
148.546 173.304
148.975 173.804
148.975 173.804
149.403 174.304
149.403 174.304
149.403 174.304
149.832 174.804
150.261 175.304
150.475 175.554
150.689 175.804
150.689 175.804
151.118 176.304
151.118 176.304
151.118 176.304
151.546 176.804
151.975 177.304
152.189 177.554
152.403 177.804
152.618 178.054
152.832 178.304
152.832 178.304
153.689 179.304
154.546 180.304
154.546 180.304
154.975 180.804
154.975 180.804
155.403 181.304
155.403 181.304
155.832 181.804
156.261 182.304
156.261 182.304
156.261 182.304
156.689 182.804
157.546 183.804
157.761 184.054
157.975 184.304
157.975 184.304
157.975 184.304
157.975 184.304
158.403 184.804
158.403 184.804
158.832 185.304
158.832 185.304
159.261 185.804
159.689 186.304
159.689 186.304
159.689 186.304
159.689 186.304
160.118 186.804
160.546 187.304
160.546 187.304
160.975 187.804
161.403 188.304
161.403 188.304
161.403 188.304
161.403 188.304
161.403 188.304
161.832 188.804
161.832 188.804
162.261 189.304
162.261 189.304
162.689 189.804
162.689 189.804
163.118 190.304
163.118 190.304
163.118 190.304
163.118 190.304
163.546 190.804
164.403 191.804
164.618 192.054
164.832 192.304
165.261 192.804
165.261 192.804
165.261 192.804
165.689 193.304
165.689 193.304
166.118 193.804
166.118 193.804
166.546 194.304
166.546 194.304
166.975 194.804
167.403 195.304
167.832 195.804
168.261 196.304
168.261 196.304
168.689 196.804
169.118 197.304
169.546 197.804
169.546 197.804
169.975 198.304
169.975 198.304
170.403 198.804
170.403 198.804
170.832 199.304
170.832 199.304
171.046 199.554
171.261 199.804
171.261 199.804
171.689 200.304
171.689 200.304
171.689 200.304
172.118 200.804
172.118 200.804
172.546 201.304
172.546 201.304
172.975 201.804
172.975 201.804
173.403 202.304
173.403 202.304
174.261 203.304
174.261 203.304
174.689 203.804
175.118 204.304
175.118 204.304
175.118 204.304
175.118 204.304
175.546 204.804
175.975 205.304
176.403 205.804
176.832 206.304
176.832 206.304
176.832 206.304
176.832 206.304
176.832 206.304
177.261 206.804
177.689 207.304
177.689 207.304
177.689 207.304
177.689 207.304
177.689 207.304
177.903 207.554
178.118 207.804
178.546 208.304
178.546 208.304
178.546 208.304
178.546 208.304
178.975 208.804
178.975 208.804
179.403 209.304
179.403 209.304
179.832 209.804
179.832 209.804
180.261 210.304
180.261 210.304
181.118 211.304
181.118 211.304
181.546 211.804
181.975 212.304
181.975 212.304
182.403 212.804
182.832 213.304
183.261 213.804
183.261 213.804
183.689 214.304
183.689 214.304
184.546 215.304
184.975 215.804
185.403 216.304
185.403 216.304
185.403 216.304
185.832 216.804
186.261 217.304
186.689 217.804
186.689 217.804
187.118 218.304
187.118 218.304
187.546 218.804
187.975 219.304
187.975 219.304
188.403 219.804
188.403 219.804
188.832 220.304
188.832 220.304
188.832 220.304
189.261 220.804
189.689 221.304
190.118 221.804
190.118 221.804
190.546 222.304
190.546 222.304
190.546 222.304
190.975 222.804
191.403 223.304
191.403 223.304
191.832 223.804
192.261 224.304
192.261 224.304
192.261 224.304
192.261 224.304
192.261 224.304
192.689 224.804
193.118 225.304
193.332 225.554
193.546 225.804
193.761 226.054
193.975 226.304
194.832 227.304
195.689 228.304
195.689 228.304
196.118 228.804
196.186 228.883
196.546 229.304
196.614 229.383
197.043 229.883
197.403 230.304
197.403 230.304
197.471 230.383
197.9 230.883
198.543 231.633
198.971 232.133
199.118 232.304
199.118 232.304
199.118 232.304
199.186 232.383
199.546 232.804
199.55 232.808
199.975 233.304
199.978 233.308
200.407 233.808
200.832 234.304
200.832 234.304
200.832 234.304
200.836 234.308
201.264 234.808
201.689 235.304
201.693 235.308
202.121 235.808
202.546 236.304
202.546 236.304
202.546 236.304
202.546 236.304
202.55 236.308
202.975 236.804
203.043 236.883
203.403 237.304
203.471 237.383
203.832 237.804
203.9 237.883
204.261 238.304
204.261 238.304
204.261 238.304
204.328 238.383
204.757 238.883
205.614 239.883
205.828 240.133
205.975 240.304
206.403 240.804
206.407 240.808
206.471 240.883
206.832 241.304
206.836 241.308
207.261 241.804
207.264 241.808
207.689 242.304
207.693 242.308
208.118 242.804
208.614 243.383
209.043 243.883
209.403 244.304
209.471 244.383
209.832 244.804
210.261 245.304
210.689 245.804
210.757 245.883
211.118 246.304
211.186 246.383
211.546 246.804
211.614 246.883
211.975 247.304
212.043 247.383
212.257 247.633
212.403 247.804
212.471 247.883
212.832 248.304
212.832 248.304
212.9 248.383
213.261 248.804
213.264 248.808
213.689 249.304
213.693 249.308
214.118 249.804
214.121 249.808
214.546 250.304
214.55 250.308
215.403 251.304
215.471 251.383
215.9 251.883
216.26 252.304
216.26 252.304
216.26 252.304
216.328 252.383
216.689 252.804
217.118 253.304
217.614 253.883
217.975 254.304
217.975 254.304
217.975 254.304
217.975 254.304
218.043 254.383
218.471 254.883
218.832 255.304
218.832 255.304
218.832 255.304
218.832 255.304
218.9 255.383
219.114 255.633
219.328 255.883
219.689 256.304
219.689 256.304
219.689 256.304
219.757 256.383
220.118 256.804
220.121 256.808
220.546 257.304
220.55 257.308
220.975 257.804
220.978 257.808
221.403 258.304
221.407 258.308
222.26 259.304
222.328 259.383
222.757 259.883
223.118 260.304
223.185 260.383
223.546 260.804
223.975 261.304
224.403 261.804
224.471 261.883
224.832 262.304
224.9 262.383
225.757 263.383
226.185 263.883
226.546 264.304
226.546 264.304
226.614 264.383
226.975 264.804
227.403 265.304
227.832 265.804
227.9 265.883
228.26 266.304
228.328 266.383
228.76 266.887
229.185 267.383
229.189 267.387
229.614 267.883
229.618 267.887
229.975 268.304
230.043 268.383
230.046 268.387
230.403 268.804
230.832 269.304
231.26 269.804
231.328 269.883
231.689 270.304
231.757 270.383
231.76 270.387
232.185 270.883
232.614 271.383
232.618 271.387
233.043 271.883
233.403 272.304
233.403 272.304
233.403 272.304
233.407 272.308
233.471 272.383
233.832 272.804
234.26 273.304
234.689 273.804
235.118 274.304
236.169 275.531
236.937 276.427
237.046 276.554
237.046 276.554
237.046 276.554
237.046 276.554
238.203 277.904
238.628 278.4
239.062 278.906
239.485 279.4
239.93 279.919
240.26 280.304
240.26 280.304
240.26 280.304
240.36 280.421
240.475 280.554
243.752 284.377
243.903 284.554
243.903 284.554
243.903 284.554
245.391 286.29
247.235 288.442
247.332 288.554
247.332 288.554
247.332 288.554
247.332 288.554
247.48 288.727
247.546 288.804
247.664 288.942
247.878 289.192
248.093 289.442
248.521 289.942
248.95 290.442
249.378 290.942
249.807 291.442
250.235 291.942
250.664 292.442
250.694 292.477
250.694 292.477
250.694 292.477
254.093 296.442
254.123 296.477
254.123 296.477
254.123 296.477
254.123 296.477
254.123 296.477
254.521 296.942
254.735 297.192
254.95 297.442
255.378 297.942
255.782 298.413
256.235 298.942
256.664 299.442
257.093 299.942
257.521 300.442
257.552 300.477
257.552 300.477
257.552 300.477
257.552 300.477
257.552 300.477
259.659 302.935
260.087 303.435
260.516 303.935
260.898 304.381
260.902 304.385
260.903 304.387
260.903 304.387
260.919 304.406
260.944 304.435
