0.620968 0.641667
1.10484 1.14167
1.58871 1.64167
1.83065 1.89167
2.03629 2.10417
2.49194 2.575
2.79839 2.89167
3.03024 3.13125
3.04032 3.14167
3.52419 3.64167
3.5504 3.66875
3.76613 3.89167
4.02419 4.15833
4.49597 4.64583
4.73387 4.89167
4.99194 5.15833
5.4496 5.63125
5.45968 5.64167
5.70161 5.89167
5.92137 6.11875
6.40524 6.61875
6.85484 7.08333
6.88508 7.11458
7.35081 7.59583
7.83266 8.09375
8.31653 8.59375
8.3629 8.64167
8.84073 9.13542
8.84677 9.14167
9.08065 9.38333
9.32258 9.63333
9.33065 9.64167
9.79234 10.1188
9.81452 10.1417
10.2601 10.6021
10.2984 10.6417
10.5403 10.8917
10.756 11.1146
10.7661 11.125
11.2298 11.6042
11.2661 11.6417
11.5081 11.8917
11.7077 12.0979
11.75 12.1417
12.2056 12.6125
12.2339 12.6417
12.4597 12.875
12.4758 12.8917
12.6815 13.1042
12.7177 13.1417
13.1835 13.6229
13.2016 13.6417
13.4435 13.8917
13.6714 14.1271
13.6855 14.1417
13.6855 14.1417
13.8911 14.3542
14.1492 14.6208
14.4032 14.8833
14.6431 15.1312
14.881 15.3771
15.1331 15.6375
15.1371 15.6417
15.3589 15.8708
15.379 15.8917
15.5786 16.0979
15.6109 16.1313
16.0847 16.6208
16.1048 16.6417
16.1048 16.6417
16.5383 17.0896
16.5887 17.1417
17.0625 17.6313
17.0726 17.6417
17.5423 18.1271
17.5565 18.1417
17.998 18.5979
18.0403 18.6417
18.2823 18.8917
18.4899 19.1062
18.5242 19.1417
18.998 19.6313
19.0081 19.6417
19.25 19.8917
19.4677 20.1167
19.9677 20.6333
19.9758 20.6417
20.2177 20.8917
20.4577 21.1396
20.4597 21.1417
20.9375 21.6354
20.9435 21.6417
21.3911 22.1042
21.4113 22.125
21.4274 22.1417
21.8669 22.5958
21.9113 22.6417
22.1532 22.8917
22.3629 23.1083
22.377 23.1229
22.8569 23.6187
22.879 23.6417
23.3488 24.1271
23.3629 24.1417
23.3629 24.1417
23.8468 24.6417
24.3266 25.1375
24.3306 25.1417
24.8004 25.6271
24.8145 25.6417
25.2944 26.1375
25.2984 26.1417
25.2984 26.1417
25.7581 26.6167
25.7823 26.6417
26.0242 26.8917
26.2258 27.1
26.2359 27.1104
26.7177 27.6083
26.75 27.6417
27.1976 28.1042
27.1996 28.1062
27.2339 28.1417
27.6794 28.6021
28.1532 29.0917
28.623 29.5771
28.6855 29.6417
28.9274 29.8917
29.123 30.0938
29.1593 30.1313
29.1694 30.1417
29.629 30.6167
30.129 31.1333
30.1371 31.1417
30.5968 31.6167
31.1169 32.1542
31.125 32.1625
31.1311 32.1688
31.1331 32.1708
32.5565 33.6417
32.7984 33.8917
33.0403 34.1417
33.0403 34.1417
33.0423 34.1437
33.5222 34.6396
33.5242 34.6417
33.5242 34.6417
33.7661 34.8917
33.9859 35.1187
33.9879 35.1208
34.0081 35.1417
34.0081 35.1417
34.0081 35.1417
34.4879 35.6375
34.4919 35.6417
34.4919 35.6417
34.7339 35.8917
34.9758 36.1417
35.2177 36.3917
35.4597 36.6417
35.9436 37.1417
36.4274 37.6417
36.4274 37.6417
36.6694 37.8917
36.9113 38.1417
36.9113 38.1417
37.3952 38.6417
37.3952 38.6417
37.6371 38.8917
37.879 39.1417
37.879 39.1417
38.3629 39.6417
38.3629 39.6417
38.6048 39.8917
38.8468 40.1417
39.0887 40.3917
39.3306 40.6417
39.8145 41.1417
40.2984 41.6417
40.2984 41.6417
40.7823 42.1417
40.7823 42.1417
41.2661 42.6417
41.2661 42.6417
41.5081 42.8917
41.75 43.1417
41.75 43.1417
42.2339 43.6417
42.2339 43.6417
42.4758 43.8917
42.7177 44.1417
43.2016 44.6417
43.2016 44.6417
43.4436 44.8917
43.6855 45.1417
44.1694 45.6417
44.1694 45.6417
44.4113 45.8917
44.6532 46.1417
44.6532 46.1417
45.1371 46.6417
45.1371 46.6417
45.621 47.1417
45.621 47.1417
46.1048 47.6417
46.1048 47.6417
46.5887 48.1417
46.5887 48.1417
46.5887 48.1417
47.0726 48.6417
47.5565 49.1417
47.5565 49.1417
47.7984 49.3917
48.0403 49.6417
48.0403 49.6417
48.2823 49.8917
48.5242 50.1417
48.5242 50.1417
49.0081 50.6417
49.0081 50.6417
49.25 50.8917
49.4919 51.1417
49.4919 51.1417
49.4919 51.1417
49.9758 51.6417
49.9758 51.6417
50.2177 51.8917
50.4597 52.1417
50.7016 52.3917
50.9436 52.6417
51.4274 53.1417
51.4274 53.1417
51.9113 53.6417
51.9113 53.6417
52.1532 53.8917
52.3952 54.1417
52.3952 54.1417
52.879 54.6417
52.879 54.6417
53.121 54.8917
53.3629 55.1417
53.3629 55.1417
53.3629 55.1417
53.3629 55.1417
53.8468 55.6417
53.8468 55.6417
54.3306 56.1417
54.3306 56.1417
54.8145 56.6417
55.2984 57.1417
55.2984 57.1417
55.5403 57.3917
55.5403 57.3917
55.7823 57.6417
55.7823 57.6417
56.0242 57.8917
56.2661 58.1417
56.2661 58.1417
56.75 58.6417
56.75 58.6417
56.9919 58.8917
57.2339 59.1417
57.2339 59.1417
57.2339 59.1417
57.7177 59.6417
57.7177 59.6417
57.9597 59.8917
58.2016 60.1417
58.6855 60.6417
59.1694 61.1417
59.1694 61.1417
59.1694 61.1417
59.4113 61.3917
59.6532 61.6417
59.6532 61.6417
60.1371 62.1417
60.1371 62.1417
60.1371 62.1417
60.1371 62.1417
60.1371 62.1417
60.621 62.6417
60.621 62.6417
60.8629 62.8917
61.1048 63.1417
61.5887 63.6417
61.5887 63.6417
61.8306 63.8917
62.0726 64.1417
62.0726 64.1417
62.0726 64.1417
62.0726 64.1417
62.0726 64.1417
62.5565 64.6417
63.0403 65.1417
63.0403 65.1417
63.0403 65.1417
63.0403 65.1417
63.0403 65.1417
63.0403 65.1417
63.5242 65.6417
63.7661 65.8917
64.0081 66.1417
64.0081 66.1417
64.4919 66.6417
64.4919 66.6417
64.7339 66.8917
64.9758 67.1417
65.2177 67.3917
65.4597 67.6417
65.4597 67.6417
65.7016 67.8917
65.7016 67.8917
65.9436 68.1417
66.1855 68.3917
66.4274 68.6417
66.4274 68.6417
66.6694 68.8917
66.6694 68.8917
66.9113 69.1417
67.1532 69.3917
67.3952 69.6417
67.3952 69.6417
67.6371 69.8917
67.6371 69.8917
67.879 70.1417
68.121 70.3917
68.3629 70.6417
68.3629 70.6417
68.6048 70.8917
68.8468 71.1417
69.0887 71.3917
69.3306 71.6417
69.5726 71.8917
69.8145 72.1417
70.0565 72.3917
70.2984 72.6417
70.2984 72.6417
70.5403 72.8917
70.7823 73.1417
70.7823 73.1417
71.0242 73.3917
71.2661 73.6417
71.2661 73.6417
71.5081 73.8917
71.5081 73.8917
71.75 74.1417
71.75 74.1417
71.9919 74.3917
72.2339 74.6417
72.2339 74.6417
72.4758 74.8917
72.4758 74.8917
72.7177 75.1417
72.9597 75.3917
73.2016 75.6417
73.2016 75.6417
73.4436 75.8917
73.4436 75.8917
73.6855 76.1417
73.9274 76.3917
74.1694 76.6417
74.1694 76.6417
74.4113 76.8917
74.4113 76.8917
74.6532 77.1417
74.8952 77.3917
75.1371 77.6417
75.1371 77.6417
75.379 77.8917
75.621 78.1417
75.621 78.1417
75.8629 78.3917
76.1048 78.6417
76.1048 78.6417
76.3468 78.8917
76.5887 79.1417
76.5887 79.1417
76.8307 79.3917
77.0726 79.6417
77.0726 79.6417
77.3145 79.8917
77.5565 80.1417
77.5565 80.1417
77.5565 80.1417
77.5565 80.1417
77.5565 80.1417
78.0403 80.6417
78.5242 81.1417
78.5242 81.1417
78.5242 81.1417
79.0081 81.6417
79.4919 82.1417
79.4919 82.1417
79.7339 82.3917
79.9758 82.6417
80.2177 82.8917
80.4597 83.1417
80.4597 83.1417
80.7016 83.3917
80.9436 83.6417
80.9436 83.6417
81.1855 83.8917
81.4274 84.1417
81.4274 84.1417
81.6694 84.3917
81.9113 84.6417
82.1532 84.8917
82.3952 85.1417
82.6371 85.3917
82.879 85.6417
83.121 85.8917
83.121 85.8917
83.3629 86.1417
83.3629 86.1417
83.6048 86.3917
83.8468 86.6417
83.8468 86.6417
84.0887 86.8917
84.0887 86.8917
84.3307 87.1417
84.5726 87.3917
84.8145 87.6417
84.8145 87.6417
85.0565 87.8917
85.0565 87.8917
85.2984 88.1417
85.5403 88.3917
85.7823 88.6417
85.7823 88.6417
86.0242 88.8917
86.2661 89.1417
86.2661 89.1417
86.5081 89.3917
86.75 89.6417
86.75 89.6417
86.9919 89.8917
86.9919 89.8917
87.2339 90.1417
87.2339 90.1417
87.2339 90.1417
87.4758 90.3917
87.7177 90.6417
87.7177 90.6417
87.9597 90.8917
87.9597 90.8917
88.2016 91.1417
88.4436 91.3917
88.4436 91.3917
88.6855 91.6417
88.9274 91.8917
89.1694 92.1417
89.1694 92.1417
89.4113 92.3917
89.6532 92.6417
89.6532 92.6417
89.8952 92.8917
89.8952 92.8917
90.1371 93.1417
90.379 93.3917
90.621 93.6417
90.621 93.6417
90.8629 93.8917
91.1048 94.1417
91.1048 94.1417
91.1048 94.1417
91.3468 94.3917
91.5887 94.6417
91.5887 94.6417
91.8307 94.8917
92.0726 95.1417
92.0726 95.1417
92.3145 95.3917
92.3145 95.3917
92.5565 95.6417
92.5565 95.6417
92.7984 95.8917
92.7984 95.8917
93.0403 96.1417
93.0403 96.1417
93.2823 96.3917
93.5242 96.6417
93.5242 96.6417
93.5242 96.6417
93.7661 96.8917
94.0081 97.1417
94.0081 97.1417
94.0081 97.1417
94.0081 97.1417
94.0081 97.1417
94.0081 97.1417
94.4919 97.6417
94.7339 97.8917
94.9758 98.1417
95.2177 98.3917
95.4597 98.6417
95.4597 98.6417
95.7016 98.8917
95.7016 98.8917
95.9436 99.1417
96.1855 99.3917
96.4274 99.6417
96.4274 99.6417
96.6694 99.8917
96.6694 99.8917
96.9113 100.142
97.1532 100.392
97.3952 100.642
97.3952 100.642
97.6371 100.892
97.6371 100.892
97.879 101.142
98.121 101.392
98.3629 101.642
98.3629 101.642
98.6048 101.892
98.6048 101.892
98.8468 102.142
99.0887 102.392
99.3307 102.642
99.3307 102.642
99.3307 102.642
99.5726 102.892
99.8145 103.142
99.8145 103.142
100.056 103.392
100.298 103.642
100.298 103.642
100.54 103.892
100.782 104.142
100.782 104.142
101.024 104.392
101.266 104.642
101.266 104.642
101.508 104.892
101.75 105.142
101.75 105.142
101.992 105.392
102.234 105.642
102.234 105.642
102.476 105.892
102.476 105.892
102.718 106.142
102.718 106.142
102.96 106.392
103.202 106.642
103.202 106.642
103.444 106.892
103.444 106.892
103.685 107.142
103.927 107.392
104.169 107.642
104.169 107.642
104.411 107.892
104.411 107.892
104.653 108.142
104.895 108.392
105.137 108.642
105.137 108.642
105.379 108.892
105.379 108.892
105.621 109.142
105.863 109.392
106.105 109.642
106.105 109.642
106.347 109.892
106.347 109.892
106.589 110.142
106.831 110.392
106.871 110.433
107.073 110.642
107.073 110.642
107.315 110.892
107.556 111.142
107.556 111.142
107.798 111.392
108.04 111.642
108.04 111.642
108.282 111.892
108.524 112.142
108.524 112.142
108.524 112.142
108.524 112.142
108.524 112.142
109.008 112.642
109.492 113.142
109.492 113.142
109.492 113.142
109.492 113.142
109.976 113.642
110.46 114.142
110.46 114.142
110.702 114.392
110.944 114.642
111.185 114.892
111.427 115.142
111.427 115.142
111.669 115.392
111.911 115.642
111.911 115.642
112.395 116.142
112.395 116.142
112.637 116.392
112.879 116.642
113.121 116.892
113.363 117.142
113.605 117.392
113.847 117.642
114.089 117.892
114.089 117.892
114.331 118.142
114.331 118.142
114.573 118.392
114.815 118.642
114.815 118.642
115.056 118.892
115.056 118.892
115.298 119.142
115.54 119.392
115.782 119.642
115.782 119.642
116.024 119.892
116.024 119.892
116.266 120.142
116.508 120.392
116.508 120.392
116.75 120.642
116.75 120.642
116.992 120.892
117.234 121.142
117.234 121.142
117.476 121.392
117.718 121.642
117.718 121.642
117.96 121.892
117.96 121.892
118.202 122.142
118.202 122.142
118.202 122.142
118.444 122.392
118.685 122.642
118.685 122.642
118.927 122.892
118.927 122.892
119.169 123.142
119.411 123.392
119.653 123.642
119.653 123.642
119.895 123.892
119.895 123.892
120.137 124.142
120.379 124.392
120.621 124.642
120.621 124.642
120.863 124.892
120.863 124.892
121.105 125.142
121.105 125.142
121.589 125.642
121.589 125.642
121.831 125.892
122.073 126.142
122.315 126.392
122.556 126.642
122.556 126.642
122.798 126.892
123.04 127.142
123.282 127.392
123.524 127.642
124.008 128.142
124.008 128.142
125.947 130.142
125.947 130.142
126.189 130.392
126.189 130.392
126.431 130.642
126.431 130.642
126.674 130.892
126.916 131.142
126.916 131.142
127.158 131.392
127.158 131.392
127.401 131.642
127.401 131.642
127.643 131.892
127.643 131.892
127.885 132.142
127.885 132.142
128.128 132.392
128.128 132.392
128.37 132.642
128.37 132.642
128.612 132.892
128.612 132.892
128.855 133.142
128.855 133.142
128.855 133.142
129.097 133.392
129.097 133.392
129.339 133.642
129.339 133.642
129.582 133.892
129.582 133.892
129.824 134.142
129.824 134.142
130.066 134.392
130.066 134.392
130.309 134.642
130.309 134.642
130.551 134.892
130.551 134.892
130.793 135.142
130.793 135.142
131.036 135.392
131.036 135.392
131.278 135.642
131.278 135.642
131.52 135.892
131.52 135.892
131.763 136.142
131.763 136.142
132.005 136.392
132.005 136.392
132.247 136.642
132.247 136.642
132.489 136.892
132.489 136.892
132.732 137.142
132.732 137.142
132.974 137.392
132.974 137.392
133.216 137.642
133.216 137.642
133.459 137.892
133.459 137.892
133.701 138.142
133.701 138.142
133.943 138.392
133.943 138.392
134.186 138.642
134.186 138.642
134.428 138.892
134.428 138.892
134.67 139.142
134.67 139.142
134.913 139.392
134.913 139.392
135.155 139.642
135.155 139.642
135.397 139.892
135.397 139.892
135.64 140.142
135.64 140.142
135.882 140.392
135.882 140.392
136.124 140.642
136.124 140.642
136.367 140.892
136.367 140.892
136.609 141.142
136.609 141.142
136.851 141.392
136.851 141.392
137.094 141.642
137.094 141.642
137.336 141.892
137.336 141.892
137.578 142.142
137.578 142.142
137.578 142.142
137.578 142.142
137.578 142.142
137.578 142.142
138.063 142.642
138.063 142.642
138.063 142.642
138.063 142.642
138.063 142.642
138.063 142.642
138.548 143.142
138.548 143.142
138.548 143.142
138.548 143.142
138.548 143.142
139.032 143.642
139.032 143.642
139.032 143.642
139.032 143.642
139.032 143.642
139.032 143.642
140.486 145.142
140.486 145.142
140.486 145.142
140.486 145.142
140.486 145.142
140.486 145.142
140.486 145.142
140.971 145.642
141.213 145.892
141.456 146.142
141.456 146.142
141.458 146.144
141.938 146.64
141.94 146.642
141.94 146.642
142.183 146.892
142.403 147.119
142.405 147.121
142.425 147.142
142.425 147.142
142.425 147.142
142.905 147.637
142.91 147.642
142.91 147.642
143.152 147.892
143.394 148.142
143.636 148.392
143.879 148.642
144.363 149.142
144.848 149.642
144.848 149.642
145.09 149.892
145.333 150.142
145.333 150.142
145.817 150.642
145.817 150.642
146.06 150.892
146.302 151.142
146.302 151.142
146.787 151.642
146.787 151.642
147.029 151.892
147.271 152.142
147.514 152.392
147.756 152.642
148.241 153.142
148.725 153.642
148.725 153.642
149.21 154.142
149.21 154.142
149.695 154.642
149.695 154.642
149.937 154.892
150.179 155.142
150.179 155.142
150.664 155.642
150.664 155.642
150.906 155.892
151.149 156.142
151.633 156.642
151.633 156.642
151.876 156.892
152.118 157.142
152.603 157.642
152.603 157.642
152.845 157.892
153.087 158.142
153.087 158.142
153.572 158.642
153.572 158.642
154.057 159.142
154.057 159.142
154.541 159.642
154.541 159.642
155.026 160.142
155.026 160.142
155.026 160.142
155.51 160.642
155.995 161.142
155.995 161.142
155.995 161.142
155.995 161.142
156.237 161.392
156.48 161.642
156.48 161.642
156.722 161.892
156.964 162.142
156.964 162.142
157.449 162.642
157.449 162.642
157.691 162.892
157.934 163.142
157.934 163.142
157.934 163.142
158.418 163.642
158.418 163.642
158.661 163.892
158.903 164.142
159.145 164.392
159.388 164.642
159.872 165.142
159.872 165.142
160.357 165.642
160.357 165.642
160.599 165.892
160.842 166.142
160.842 166.142
161.326 166.642
161.326 166.642
161.569 166.892
161.811 167.142
161.811 167.142
161.811 167.142
161.811 167.142
162.296 167.642
162.296 167.642
162.78 168.142
162.78 168.142
163.265 168.642
163.75 169.142
163.75 169.142
163.992 169.392
163.992 169.392
164.234 169.642
164.234 169.642
164.477 169.892
164.719 170.142
164.719 170.142
165.204 170.642
165.204 170.642
165.446 170.892
165.688 171.142
165.688 171.142
165.688 171.142
166.173 171.642
166.173 171.642
166.415 171.892
166.657 172.142
167.142 172.642
167.627 173.142
167.627 173.142
167.627 173.142
167.869 173.392
168.111 173.642
168.111 173.642
168.596 174.142
168.596 174.142
168.596 174.142
168.596 174.142
168.596 174.142
169.081 174.642
169.081 174.642
169.323 174.892
169.565 175.142
170.05 175.642
170.05 175.642
170.292 175.892
170.535 176.142
170.535 176.142
170.535 176.142
170.535 176.142
171.019 176.642
171.504 177.142
171.504 177.142
171.504 177.142
171.504 177.142
171.504 177.142
171.989 177.642
172.231 177.892
172.473 178.142
172.958 178.642
172.958 178.642
173.2 178.892
173.443 179.142
173.685 179.392
173.927 179.642
173.927 179.642
174.17 179.892
174.17 179.892
174.412 180.142
174.654 180.392
174.897 180.642
174.897 180.642
175.139 180.892
175.139 180.892
175.381 181.142
175.624 181.392
175.866 181.642
175.866 181.642
176.108 181.892
176.108 181.892
176.351 182.142
176.593 182.392
176.835 182.642
176.835 182.642
176.835 182.642
177.078 182.892
177.078 182.892
177.32 183.142
177.32 183.142
177.562 183.392
177.805 183.642
177.805 183.642
178.047 183.892
178.289 184.142
178.289 184.142
178.531 184.392
178.774 184.642
178.774 184.642
179.016 184.892
179.258 185.142
179.258 185.142
179.501 185.392
179.743 185.642
179.743 185.642
179.985 185.892
179.985 185.892
180.228 186.142
180.228 186.142
180.47 186.392
180.712 186.642
180.712 186.642
180.955 186.892
180.955 186.892
181.197 187.142
181.439 187.392
181.682 187.642
181.682 187.642
181.924 187.892
181.924 187.892
182.166 188.142
182.409 188.392
182.651 188.642
182.651 188.642
182.893 188.892
182.893 188.892
183.136 189.142
183.378 189.392
183.62 189.642
183.62 189.642
183.863 189.892
184.105 190.142
184.105 190.142
184.347 190.392
184.59 190.642
184.59 190.642
184.59 190.642
184.832 190.892
185.074 191.142
185.074 191.142
185.074 191.142
185.317 191.392
185.559 191.642
185.559 191.642
185.559 191.642
185.801 191.892
186.044 192.142
186.044 192.142
186.044 192.142
186.044 192.142
186.044 192.142
186.044 192.142
186.527 192.642
187.011 193.142
187.011 193.142
187.011 193.142
187.495 193.642
187.979 194.142
187.979 194.142
188.221 194.392
188.463 194.642
188.705 194.892
188.947 195.142
188.947 195.142
189.189 195.392
189.431 195.642
189.431 195.642
189.673 195.892
189.915 196.142
189.915 196.142
190.156 196.392
190.398 196.642
190.64 196.892
190.882 197.142
191.124 197.392
191.366 197.642
191.608 197.892
191.608 197.892
191.85 198.142
191.85 198.142
192.092 198.392
192.334 198.642
192.334 198.642
192.576 198.892
192.576 198.892
192.818 199.142
193.06 199.392
193.302 199.642
193.302 199.642
193.544 199.892
193.544 199.892
193.786 200.142
194.027 200.392
194.027 200.392
194.269 200.642
194.269 200.642
194.511 200.892
194.753 201.142
194.753 201.142
194.995 201.392
195.237 201.642
195.237 201.642
195.479 201.892
195.479 201.892
195.721 202.142
195.721 202.142
195.721 202.142
195.963 202.392
196.205 202.642
196.205 202.642
196.447 202.892
196.447 202.892
196.689 203.142
196.931 203.392
196.931 203.392
197.173 203.642
197.656 204.142
197.656 204.142
197.898 204.392
198.14 204.642
198.14 204.642
198.382 204.892
198.382 204.892
198.624 205.142
198.866 205.392
199.108 205.642
199.35 205.892
199.592 206.142
199.592 206.142
199.834 206.392
200.076 206.642
200.076 206.642
200.318 206.892
200.318 206.892
200.56 207.142
200.56 207.142
200.802 207.392
201.044 207.642
201.044 207.642
201.286 207.892
201.286 207.892
201.527 208.142
201.527 208.142
201.769 208.392
202.011 208.642
202.011 208.642
202.253 208.892
202.253 208.892
202.495 209.142
202.495 209.142
202.495 209.142
202.495 209.142
202.495 209.142
202.737 209.392
202.737 209.392
202.979 209.642
203.463 210.142
203.463 210.142
203.705 210.392
203.705 210.392
203.826 210.517
203.947 210.642
203.947 210.642
204.189 210.892
204.189 210.892
204.31 211.017
204.431 211.142
204.431 211.142
204.431 211.142
204.673 211.392
204.673 211.392
204.673 211.392
204.915 211.642
204.915 211.642
204.915 211.642
205.156 211.892
205.156 211.892
205.398 212.142
205.398 212.142
205.64 212.392
205.64 212.392
205.761 212.517
205.882 212.642
205.882 212.642
206.124 212.892
206.124 212.892
206.245 213.017
206.366 213.142
206.366 213.142
206.366 213.142
206.608 213.392
206.608 213.392
206.608 213.392
206.85 213.642
206.85 213.642
206.85 213.642
207.092 213.892
207.092 213.892
207.334 214.142
207.334 214.142
207.576 214.392
207.576 214.392
207.697 214.517
207.818 214.642
207.818 214.642
208.06 214.892
208.06 214.892
208.181 215.017
208.302 215.142
208.302 215.142
208.302 215.142
208.544 215.392
208.544 215.392
208.544 215.392
208.665 215.517
208.786 215.642
208.786 215.642
208.786 215.642
209.027 215.892
209.027 215.892
209.148 216.017
209.269 216.142
209.269 216.142
209.511 216.392
209.511 216.392
209.632 216.517
209.753 216.642
209.753 216.642
209.995 216.892
209.995 216.892
209.995 216.892
210.116 217.017
210.237 217.142
210.237 217.142
210.237 217.142
210.479 217.392
210.479 217.392
210.479 217.392
210.6 217.517
210.721 217.642
210.721 217.642
210.721 217.642
210.963 217.892
210.963 217.892
211.084 218.017
211.205 218.142
211.205 218.142
211.447 218.392
211.447 218.392
211.568 218.517
211.689 218.642
211.689 218.642
211.81 218.767
211.931 218.892
211.931 218.892
212.173 219.142
212.173 219.142
212.415 219.392
212.415 219.392
212.415 219.392
212.536 219.517
212.656 219.642
212.656 219.642
212.656 219.642
212.777 219.767
212.898 219.892
212.898 219.892
213.14 220.142
213.382 220.392
213.382 220.392
213.503 220.517
213.624 220.642
213.624 220.642
213.745 220.767
213.866 220.892
213.866 220.892
213.866 220.892
214.108 221.142
214.108 221.142
214.229 221.267
214.35 221.392
214.35 221.392
214.35 221.392
214.471 221.517
214.592 221.642
214.592 221.642
214.592 221.642
214.713 221.767
214.834 221.892
215.076 222.142
215.076 222.142
215.076 222.142
215.318 222.392
215.318 222.392
215.439 222.517
215.56 222.642
215.56 222.642
215.802 222.892
215.802 222.892
215.802 222.892
215.923 223.017
216.044 223.142
216.044 223.142
216.044 223.142
216.286 223.392
216.286 223.392
216.406 223.517
216.527 223.642
216.527 223.642
216.527 223.642
216.769 223.892
216.769 223.892
216.89 224.017
217.011 224.142
217.011 224.142
217.253 224.392
217.374 224.517
217.495 224.642
217.495 224.642
217.495 224.642
217.737 224.892
217.737 224.892
217.858 225.017
217.979 225.142
217.979 225.142
218.221 225.392
218.221 225.392
218.342 225.517
218.463 225.642
218.463 225.642
218.584 225.767
218.705 225.892
218.705 225.892
218.826 226.017
218.947 226.142
218.947 226.142
218.947 226.142
219.189 226.392
219.431 226.642
219.431 226.642
219.673 226.892
219.673 226.892
219.915 227.142
220.156 227.392
220.398 227.642
220.398 227.642
220.64 227.892
220.64 227.892
220.872 228.131
220.882 228.142
221.124 228.392
221.366 228.642
221.366 228.642
221.368 228.644
221.608 228.892
221.608 228.892
221.608 228.892
221.85 229.142
222.044 229.342
222.092 229.392
222.092 229.392
222.334 229.642
222.576 229.892
222.763 230.085
222.818 230.142
222.818 230.142
223.06 230.392
223.302 230.642
223.302 230.642
223.544 230.892
223.544 230.892
223.786 231.142
224.027 231.392
224.269 231.642
224.269 231.642
224.511 231.892
224.511 231.892
224.753 232.142
224.753 232.142
224.995 232.392
224.995 232.392
225.237 232.642
225.237 232.642
225.479 232.892
225.479 232.892
225.721 233.142
225.721 233.142
225.963 233.392
225.963 233.392
226.205 233.642
226.447 233.892
226.689 234.142
226.689 234.142
226.689 234.142
226.931 234.392
227.173 234.642
227.173 234.642
227.173 234.642
227.415 234.892
227.415 234.892
227.415 234.892
227.656 235.142
227.898 235.392
228.14 235.642
228.14 235.642
228.14 235.642
228.382 235.892
228.382 235.892
228.624 236.142
228.624 236.142
228.866 236.392
229.108 236.642
229.108 236.642
229.35 236.892
229.35 236.892
229.592 237.142
229.592 237.142
229.834 237.392
229.834 237.392
230.076 237.642
230.076 237.642
230.318 237.892
230.318 237.892
230.56 238.142
230.56 238.142
230.802 238.392
231.044 238.642
231.286 238.892
231.527 239.142
231.527 239.142
231.527 239.142
231.527 239.142
231.527 239.142
231.769 239.392
232.011 239.642
232.495 240.142
232.495 240.142
232.495 240.142
232.495 240.142
232.495 240.142
232.495 240.142
232.913 240.573
232.979 240.642
232.979 240.642
232.979 240.642
232.979 240.642
232.979 240.642
233.015 240.679
233.136 240.804
233.247 240.919
233.34 241.015
233.463 241.142
233.463 241.142
233.463 241.142
233.463 241.142
233.463 241.142
233.463 241.142
233.947 241.642
234.189 241.892
234.431 242.142
234.431 242.142
234.915 242.642
234.915 242.642
235.156 242.892
235.398 243.142
235.64 243.392
235.882 243.642
235.882 243.642
235.882 243.642
236.124 243.892
236.124 243.892
236.366 244.142
236.366 244.142
236.608 244.392
236.85 244.642
236.85 244.642
237.092 244.892
237.092 244.892
237.334 245.142
237.576 245.392
237.818 245.642
237.818 245.642
238.06 245.892
238.06 245.892
238.302 246.142
238.544 246.392
238.544 246.392
238.786 246.642
239.027 246.892
239.269 247.142
239.511 247.392
239.753 247.642
239.753 247.642
239.995 247.892
240.237 248.142
240.237 248.142
240.479 248.392
240.721 248.642
240.721 248.642
240.721 248.642
240.963 248.892
241.205 249.142
241.205 249.142
241.205 249.142
241.447 249.392
241.689 249.642
241.689 249.642
241.689 249.642
241.931 249.892
241.931 249.892
242.173 250.142
242.173 250.142
242.173 250.142
242.415 250.392
242.656 250.642
242.656 250.642
242.898 250.892
242.898 250.892
243.14 251.142
243.14 251.142
243.382 251.392
243.624 251.642
243.624 251.642
243.866 251.892
243.866 251.892
244.108 252.142
244.108 252.142
244.108 252.142
244.35 252.392
244.592 252.642
244.592 252.642
244.834 252.892
244.834 252.892
245.076 253.142
245.076 253.142
245.318 253.392
245.56 253.642
245.56 253.642
245.802 253.892
245.802 253.892
246.044 254.142
246.044 254.142
246.286 254.392
246.286 254.392
246.527 254.642
246.527 254.642
246.769 254.892
247.011 255.142
247.011 255.142
247.253 255.392
247.495 255.642
247.495 255.642
247.737 255.892
247.979 256.142
247.979 256.142
247.979 256.142
247.979 256.142
247.979 256.142
248.463 256.642
248.947 257.142
248.947 257.142
248.947 257.142
249.431 257.642
249.915 258.142
249.915 258.142
249.915 258.142
250.157 258.392
250.398 258.642
250.64 258.892
250.882 259.142
250.882 259.142
251.124 259.392
251.366 259.642
251.366 259.642
251.608 259.892
251.85 260.142
251.85 260.142
252.092 260.392
252.334 260.642
252.576 260.892
252.818 261.142
253.06 261.392
253.302 261.642
253.302 261.642
253.544 261.892
253.544 261.892
253.544 261.892
253.786 262.142
253.786 262.142
253.786 262.142
254.027 262.392
254.269 262.642
254.269 262.642
254.511 262.892
254.511 262.892
254.753 263.142
254.995 263.392
255.237 263.642
255.237 263.642
255.479 263.892
255.479 263.892
255.721 264.142
255.963 264.392
255.963 264.392
256.205 264.642
256.205 264.642
256.447 264.892
256.447 264.892
256.689 265.142
256.689 265.142
256.931 265.392
256.931 265.392
257.173 265.642
257.173 265.642
257.415 265.892
257.415 265.892
257.415 265.892
257.657 266.142
257.657 266.142
257.657 266.142
257.657 266.142
257.657 266.142
257.657 266.142
258.14 266.642
258.14 266.642
258.382 266.892
258.624 267.142
258.624 267.142
259.108 267.642
259.108 267.642
259.35 267.892
259.592 268.142
259.592 268.142
259.592 268.142
259.592 268.142
260.076 268.642
260.318 268.892
261.044 269.642
261.286 269.892
261.527 270.142
261.769 270.392
262.011 270.642
262.495 271.142
262.495 271.142
262.495 271.142
262.737 271.392
262.979 271.642
262.979 271.642
263.463 272.142
263.463 272.142
263.947 272.642
264.431 273.142
264.431 273.142
264.431 273.142
264.915 273.642
265.398 274.142
265.409 274.152
265.89 274.65
266.368 275.144
266.872 275.665
267.489 276.302
267.505 276.319
267.62 276.438
267.669 276.488
267.689 276.508
267.79 276.613
267.816 276.64
267.902 276.729
271.374 280.317
271.709 280.663
271.953 280.915
272.189 281.158
272.417 281.394
272.663 281.648
273.007 282.004
273.302 282.308
274.154 283.19
274.279 283.319
274.33 283.371
274.554 283.602
