1.0819 1.04583
2.11638 2.04583
2.63362 2.54583
3.15086 3.04583
3.15086 3.04583
3.15086 3.04583
3.15086 3.04583
3.15086 3.04583
7.28879 7.04583
7.80603 7.54583
8.32327 8.04583
8.84051 8.54583
9.35775 9.04583
9.35775 9.04583
9.35775 9.04583
9.35775 9.04583
9.35775 9.04583
9.35775 9.04583
13.4957 13.0458
13.4957 13.0458
14.0129 13.5458
14.0129 13.5458
14.0129 13.5458
14.0129 13.5458
14.2715 13.7958
14.2715 13.7958
14.2715 13.7958
14.2715 13.7958
14.5302 14.0458
14.5302 14.0458
15.0474 14.5458
15.0474 14.5458
15.0474 14.5458
15.0474 14.5458
15.306 14.7958
15.5646 15.0458
15.5646 15.0458
15.8233 15.2958
16.0819 15.5458
16.0819 15.5458
16.0819 15.5458
16.0819 15.5458
16.3405 15.7958
16.3405 15.7958
16.3405 15.7958
16.3405 15.7958
16.5991 16.0458
16.5991 16.0458
17.1164 16.5458
17.1164 16.5458
17.1164 16.5458
17.1164 16.5458
17.6336 17.0458
17.6336 17.0458
18.1508 17.5458
18.1508 17.5458
18.1508 17.5458
18.1508 17.5458
18.4095 17.7958
18.4095 17.7958
18.6681 18.0458
18.6681 18.0458
19.1853 18.5458
19.1853 18.5458
19.1853 18.5458
19.1853 18.5458
19.7026 19.0458
19.7026 19.0458
20.2198 19.5458
20.2198 19.5458
20.2198 19.5458
20.2198 19.5458
20.4784 19.7958
20.4784 19.7958
20.7371 20.0458
20.7371 20.0458
20.9957 20.2958
20.9957 20.2958
21.2543 20.5458
21.2543 20.5458
21.2543 20.5458
21.2543 20.5458
21.2543 20.5458
21.7715 21.0458
21.7715 21.0458
22.2888 21.5458
22.2888 21.5458
22.2888 21.5458
22.2888 21.5458
22.5474 21.7958
22.5474 21.7958
22.806 22.0458
22.806 22.0458
23.3233 22.5458
23.3233 22.5458
23.3233 22.5458
23.3233 22.5458
23.5819 22.7958
23.8405 23.0458
23.8405 23.0458
24.0991 23.2958
24.3577 23.5458
24.3577 23.5458
24.3577 23.5458
24.3577 23.5458
24.6164 23.7958
24.6164 23.7958
24.875 24.0458
24.875 24.0458
25.3922 24.5458
25.3922 24.5458
25.3922 24.5458
25.3922 24.5458
25.6508 24.7958
25.9095 25.0458
25.9095 25.0458
26.4267 25.5458
26.4267 25.5458
26.4267 25.5458
26.4267 25.5458
26.6853 25.7958
26.6853 25.7958
26.9439 26.0458
26.9439 26.0458
27.4612 26.5458
27.4612 26.5458
27.4612 26.5458
27.4612 26.5458
27.7198 26.7958
27.9784 27.0458
27.9784 27.0458
28.4957 27.5458
28.4957 27.5458
28.4957 27.5458
28.4957 27.5458
28.7543 27.7958
28.7543 27.7958
29.0129 28.0458
29.0129 28.0458
29.5302 28.5458
29.5302 28.5458
29.5302 28.5458
29.5302 28.5458
29.5302 28.5458
30.0151 29.0146
30.0151 29.0146
30.0151 29.0146
30.0151 29.0146
30.0151 29.0146
30.0151 29.0146
30.5323 29.5146
30.5323 29.5146
30.5323 29.5146
30.5323 29.5146
30.5323 29.5146
30.5323 29.5146
31.0495 30.0146
31.0495 30.0146
31.0495 30.0146
31.0495 30.0146
31.0495 30.0146
31.0495 30.0146
31.5668 30.5146
31.5668 30.5146
31.5668 30.5146
31.5668 30.5146
31.5668 30.5146
31.5668 30.5146
32.084 31.0146
32.084 31.0146
32.084 31.0146
32.084 31.0146
32.084 31.0146
32.084 31.0146
32.6013 31.5146
32.6013 31.5146
32.6013 31.5146
32.6013 31.5146
32.8599 31.7646
33.1185 32.0146
33.1185 32.0146
33.1185 32.0146
33.1185 32.0146
33.1185 32.0146
33.8944 32.7646
33.8944 32.7646
33.8944 32.7646
33.8944 32.7646
34.153 33.0146
34.153 33.0146
34.4116 33.2646
34.6702 33.5146
34.6702 33.5146
34.6702 33.5146
34.6702 33.5146
34.9289 33.7646
34.9289 33.7646
35.1875 34.0146
35.1875 34.0146
35.7047 34.5146
35.7047 34.5146
35.7047 34.5146
35.9633 34.7646
36.222 35.0146
36.222 35.0146
36.4806 35.2646
36.7392 35.5146
36.7392 35.5146
36.7392 35.5146
36.7392 35.5146
36.9978 35.7646
36.9978 35.7646
37.2564 36.0146
37.2564 36.0146
37.7414 36.4833
37.7737 36.5146
37.7737 36.5146
37.7737 36.5146
37.8707 36.6083
38 36.7333
38.1293 36.8583
38.2586 36.9833
38.2586 36.9833
38.7758 37.4833
38.7758 37.4833
38.7758 37.4833
38.7758 37.4833
39.0345 37.7333
39.0345 37.7333
39.0345 37.7333
39.0345 37.7333
39.2931 37.9833
39.2931 37.9833
39.8103 38.4833
39.8103 38.4833
39.8103 38.4833
39.8103 38.4833
40.0689 38.7333
40.3276 38.9833
40.3276 38.9833
40.5862 39.2333
40.8448 39.4833
40.8448 39.4833
40.8448 39.4833
40.8448 39.4833
41.1034 39.7333
41.1034 39.7333
41.1034 39.7333
41.1034 39.7333
41.362 39.9833
41.362 39.9833
41.8793 40.4833
41.8793 40.4833
41.8793 40.4833
41.8793 40.4833
42.3965 40.9833
42.3965 40.9833
42.9138 41.4833
42.9138 41.4833
42.9138 41.4833
42.9138 41.4833
43.1724 41.7333
43.1724 41.7333
43.431 41.9833
43.431 41.9833
43.9482 42.4833
43.9482 42.4833
43.9482 42.4833
43.9482 42.4833
44.4655 42.9833
44.4655 42.9833
44.9827 43.4833
44.9827 43.4833
44.9827 43.4833
44.9827 43.4833
45.2413 43.7333
45.2413 43.7333
45.5 43.9833
45.5 43.9833
45.7586 44.2333
45.7586 44.2333
46.0172 44.4833
46.0172 44.4833
46.0172 44.4833
46.0172 44.4833
46.0172 44.4833
46.4698 44.9208
46.4698 44.9208
46.987 45.4208
46.987 45.4208
46.987 45.4208
46.987 45.4208
47.2457 45.6708
47.2457 45.6708
47.5043 45.9208
47.5043 45.9208
48.0215 46.4208
48.0215 46.4208
48.0215 46.4208
48.0215 46.4208
48.2801 46.6708
48.5388 46.9208
48.5388 46.9208
48.7974 47.1708
49.056 47.4208
49.056 47.4208
49.056 47.4208
49.056 47.4208
49.3146 47.6708
49.3146 47.6708
49.5732 47.9208
49.5732 47.9208
50.0905 48.4208
50.0905 48.4208
50.0905 48.4208
50.0905 48.4208
50.3491 48.6708
50.6077 48.9208
50.6077 48.9208
51.125 49.4208
51.125 49.4208
51.125 49.4208
51.125 49.4208
51.3836 49.6708
51.3836 49.6708
51.6422 49.9208
51.6422 49.9208
52.1594 50.4208
52.1594 50.4208
52.1594 50.4208
52.1594 50.4208
52.4181 50.6708
52.6767 50.9208
52.6767 50.9208
53.1939 51.4208
53.1939 51.4208
53.1939 51.4208
53.1939 51.4208
53.4525 51.6708
53.4525 51.6708
53.7112 51.9208
53.7112 51.9208
54.2284 52.4208
54.2284 52.4208
54.2284 52.4208
54.2284 52.4208
54.2284 52.4208
54.7456 52.9208
54.7456 52.9208
54.7456 52.9208
54.7456 52.9208
54.7456 52.9208
54.7456 52.9208
55.2629 53.4208
55.2629 53.4208
55.2629 53.4208
55.2629 53.4208
55.2629 53.4208
55.2629 53.4208
55.7801 53.9208
55.7801 53.9208
55.7801 53.9208
55.7801 53.9208
55.7801 53.9208
55.7801 53.9208
56.2974 54.4208
56.2974 54.4208
56.2974 54.4208
56.2974 54.4208
56.2974 54.4208
56.2974 54.4208
56.8146 54.9208
56.8146 54.9208
56.8146 54.9208
56.8146 54.9208
56.8146 54.9208
56.8146 54.9208
57.3319 55.4208
57.3319 55.4208
57.3319 55.4208
57.3319 55.4208
57.5905 55.6708
57.8491 55.9208
57.8491 55.9208
57.8491 55.9208
57.8491 55.9208
57.8491 55.9208
58.625 56.6708
58.625 56.6708
58.625 56.6708
58.625 56.6708
58.8836 56.9208
58.8836 56.9208
59.1422 57.1708
59.4008 57.4208
59.4008 57.4208
59.4008 57.4208
59.4008 57.4208
59.6594 57.6708
59.6594 57.6708
59.9181 57.9208
59.9181 57.9208
60.4353 58.4208
60.4353 58.4208
60.4353 58.4208
60.6939 58.6708
60.9525 58.9208
60.9525 58.9208
61.2112 59.1708
61.4698 59.4208
61.4698 59.4208
61.4698 59.4208
61.4698 59.4208
61.7284 59.6708
61.7284 59.6708
61.987 59.9208
61.987 59.9208
62.4396 60.3583
62.5043 60.4208
62.5043 60.4208
62.5043 60.4208
62.5689 60.4833
62.6982 60.6083
62.8275 60.7333
62.9569 60.8583
62.9569 60.8583
63.4741 61.3583
63.4741 61.3583
63.4741 61.3583
63.4741 61.3583
63.7327 61.6083
63.7327 61.6083
63.7327 61.6083
63.7327 61.6083
63.9913 61.8583
63.9913 61.8583
64.5086 62.3583
64.5086 62.3583
64.5086 62.3583
64.5086 62.3583
64.7672 62.6083
65.0258 62.8583
65.0258 62.8583
65.2844 63.1083
65.5431 63.3583
65.5431 63.3583
65.5431 63.3583
65.5431 63.3583
65.8017 63.6083
65.8017 63.6083
65.8017 63.6083
65.8017 63.6083
66.0603 63.8583
66.0603 63.8583
66.5775 64.3583
66.5775 64.3583
66.5775 64.3583
66.5775 64.3583
67.0948 64.8583
67.0948 64.8583
67.612 65.3583
67.612 65.3583
67.612 65.3583
67.612 65.3583
67.8706 65.6083
67.8706 65.6083
68.1293 65.8583
68.1293 65.8583
68.6465 66.3583
68.6465 66.3583
68.6465 66.3583
68.6465 66.3583
69.1637 66.8583
69.1637 66.8583
69.681 67.3583
69.681 67.3583
69.681 67.3583
69.681 67.3583
69.9396 67.6083
69.9396 67.6083
70.1982 67.8583
70.1982 67.8583
70.4568 68.1083
70.4568 68.1083
70.7155 68.3583
70.7155 68.3583
70.7155 68.3583
70.7155 68.3583
70.7155 68.3583
71.2974 68.9208
71.2974 68.9208
71.8146 69.4208
71.8146 69.4208
71.8146 69.4208
71.8146 69.4208
72.0732 69.6708
72.0732 69.6708
72.3318 69.9208
72.3318 69.9208
72.8491 70.4208
72.8491 70.4208
72.8491 70.4208
72.8491 70.4208
73.1077 70.6708
73.3663 70.9208
73.3663 70.9208
73.6249 71.1708
73.8836 71.4208
73.8836 71.4208
73.8836 71.4208
73.8836 71.4208
74.1422 71.6708
74.1422 71.6708
74.4008 71.9208
74.4008 71.9208
74.918 72.4208
74.918 72.4208
74.918 72.4208
74.918 72.4208
75.1767 72.6708
75.4353 72.9208
75.4353 72.9208
75.9525 73.4208
75.9525 73.4208
75.9525 73.4208
75.9525 73.4208
76.2112 73.6708
76.2112 73.6708
76.4698 73.9208
76.4698 73.9208
76.987 74.4208
76.987 74.4208
76.987 74.4208
76.987 74.4208
77.2456 74.6708
77.5043 74.9208
77.5043 74.9208
78.0215 75.4208
78.0215 75.4208
78.0215 75.4208
78.0215 75.4208
78.2801 75.6708
78.2801 75.6708
78.5387 75.9208
78.5387 75.9208
79.056 76.4208
79.056 76.4208
79.056 76.4208
79.056 76.4208
79.056 76.4208
79.6379 76.9833
79.6379 76.9833
79.6379 76.9833
79.6379 76.9833
79.6379 76.9833
79.6379 76.9833
80.1551 77.4833
80.1551 77.4833
80.1551 77.4833
80.1551 77.4833
80.1551 77.4833
80.1551 77.4833
80.6724 77.9833
80.6724 77.9833
80.6724 77.9833
80.6724 77.9833
80.6724 77.9833
80.6724 77.9833
81.1896 78.4833
81.1896 78.4833
81.1896 78.4833
81.1896 78.4833
81.1896 78.4833
81.1896 78.4833
81.7068 78.9833
81.7068 78.9833
81.7068 78.9833
81.7068 78.9833
81.7068 78.9833
81.7068 78.9833
82.2241 79.4833
82.2241 79.4833
82.2241 79.4833
82.2241 79.4833
82.4827 79.7333
82.7413 79.9833
82.7413 79.9833
82.7413 79.9833
82.7413 79.9833
82.7413 79.9833
83.5172 80.7333
83.5172 80.7333
83.5172 80.7333
83.5172 80.7333
83.7758 80.9833
83.7758 80.9833
84.0344 81.2333
84.293 81.4833
84.293 81.4833
84.293 81.4833
84.293 81.4833
84.5517 81.7333
84.5517 81.7333
84.8103 81.9833
84.8103 81.9833
85.3275 82.4833
85.3275 82.4833
85.3275 82.4833
85.5861 82.7333
85.8448 82.9833
85.8448 82.9833
86.1034 83.2333
86.362 83.4833
86.362 83.4833
86.362 83.4833
86.362 83.4833
86.6206 83.7333
86.6206 83.7333
86.8792 83.9833
86.8792 83.9833
87.3965 84.4833
87.3965 84.4833
87.3965 84.4833
87.3965 84.4833
87.5258 84.6083
87.6551 84.7333
87.7844 84.8583
87.9137 84.9833
87.9137 84.9833
88.431 85.4833
88.431 85.4833
88.431 85.4833
88.431 85.4833
88.6896 85.7333
88.6896 85.7333
88.6896 85.7333
88.6896 85.7333
88.9482 85.9833
88.9482 85.9833
89.4655 86.4833
89.4655 86.4833
89.4655 86.4833
89.4655 86.4833
89.7241 86.7333
89.9827 86.9833
89.9827 86.9833
90.2413 87.2333
90.4999 87.4833
90.4999 87.4833
90.4999 87.4833
90.4999 87.4833
90.7586 87.7333
90.7586 87.7333
90.7586 87.7333
90.7586 87.7333
91.0172 87.9833
91.0172 87.9833
91.5344 88.4833
91.5344 88.4833
91.5344 88.4833
91.5344 88.4833
92.0517 88.9833
92.0517 88.9833
92.5689 89.4833
92.5689 89.4833
92.5689 89.4833
92.5689 89.4833
92.8275 89.7333
92.8275 89.7333
93.0861 89.9833
93.0861 89.9833
93.6034 90.4833
93.6034 90.4833
93.6034 90.4833
93.6034 90.4833
94.1206 90.9833
94.1206 90.9833
94.6379 91.4833
94.6379 91.4833
94.6379 91.4833
94.6379 91.4833
94.8965 91.7333
94.8965 91.7333
95.1551 91.9833
95.1551 91.9833
95.4137 92.2333
95.4137 92.2333
95.6723 92.4833
95.6723 92.4833
95.6723 92.4833
95.6723 92.4833
95.6723 92.4833
96.2542 93.0458
96.2542 93.0458
96.7715 93.5458
96.7715 93.5458
96.7715 93.5458
96.7715 93.5458
97.0301 93.7958
97.0301 93.7958
97.2887 94.0458
97.2887 94.0458
97.806 94.5458
97.806 94.5458
97.806 94.5458
97.806 94.5458
98.0646 94.7958
98.3232 95.0458
98.3232 95.0458
98.5818 95.2958
98.8404 95.5458
98.8404 95.5458
98.8404 95.5458
98.8404 95.5458
99.0991 95.7958
99.0991 95.7958
99.3577 96.0458
99.3577 96.0458
99.8749 96.5458
99.8749 96.5458
99.8749 96.5458
99.8749 96.5458
100.134 96.7958
100.392 97.0458
100.392 97.0458
100.909 97.5458
100.909 97.5458
100.909 97.5458
100.909 97.5458
101.168 97.7958
101.168 97.7958
101.427 98.0458
101.427 98.0458
101.944 98.5458
101.944 98.5458
101.944 98.5458
101.944 98.5458
102.203 98.7958
102.461 99.0458
102.461 99.0458
102.978 99.5458
102.978 99.5458
102.978 99.5458
102.978 99.5458
103.237 99.7958
103.237 99.7958
103.496 100.046
103.496 100.046
104.013 100.546
104.013 100.546
104.013 100.546
104.013 100.546
104.013 100.546
104.562 101.077
104.562 101.077
104.562 101.077
104.562 101.077
104.562 101.077
104.562 101.077
105.08 101.577
105.08 101.577
105.08 101.577
105.08 101.577
105.08 101.577
105.08 101.577
105.597 102.077
105.597 102.077
105.597 102.077
105.597 102.077
105.597 102.077
105.597 102.077
106.114 102.577
106.114 102.577
106.114 102.577
106.114 102.577
106.114 102.577
106.114 102.577
106.631 103.077
106.631 103.077
106.631 103.077
106.631 103.077
106.631 103.077
106.631 103.077
107.149 103.577
107.149 103.577
107.149 103.577
107.149 103.577
107.407 103.827
107.666 104.077
107.666 104.077
107.666 104.077
107.666 104.077
107.666 104.077
108.442 104.827
108.442 104.827
108.442 104.827
108.442 104.827
108.7 105.077
108.7 105.077
108.959 105.327
109.218 105.577
109.218 105.577
109.218 105.577
109.218 105.577
109.476 105.827
109.476 105.827
109.735 106.077
109.735 106.077
110.252 106.577
110.252 106.577
110.252 106.577
110.511 106.827
110.834 107.14
110.834 107.14
111.093 107.39
111.351 107.64
111.351 107.64
111.351 107.64
111.351 107.64
111.61 107.89
111.61 107.89
111.868 108.14
111.868 108.14
112.353 108.608
112.386 108.64
112.386 108.64
112.386 108.64
112.483 108.733
112.612 108.858
112.741 108.983
112.871 109.108
112.903 109.14
112.903 109.14
112.903 109.14
112.903 109.14
112.903 109.14
113.646 109.858
113.679 109.89
113.679 109.89
113.679 109.89
113.679 109.89
113.905 110.108
113.937 110.14
113.937 110.14
113.937 110.14
113.937 110.14
113.937 110.14
114.422 110.608
114.681 110.858
114.713 110.89
114.713 110.89
114.713 110.89
114.713 110.89
114.713 110.89
114.94 111.108
114.972 111.14
114.972 111.14
114.972 111.14
114.972 111.14
