5.3752 8.41667
5.3752 8.41667
5.3752 8.41667
5.3752 8.41667
6.02036 9.41667
6.02036 9.41667
6.02036 9.41667
6.02036 9.41667
6.02036 9.41667
6.64923 10.4167
6.64923 10.4167
6.64923 10.4167
6.64923 10.4167
7.26872 11.4167
7.26872 11.4167
7.26872 11.4167
7.26872 11.4167
7.26872 11.4167
7.58787 11.9167
7.58787 11.9167
7.90988 12.4167
7.90988 12.4167
7.90988 12.4167
7.90988 12.4167
8.55504 13.4167
8.55504 13.4167
8.55504 13.4167
8.87762 13.9167
8.87762 13.9167
8.87762 13.9167
9.2002 14.4167
9.2002 14.4167
9.52278 14.9167
9.52278 14.9167
9.52278 14.9167
9.84536 15.4167
9.84536 15.4167
9.84536 15.4167
10.1679 15.9167
10.4849 16.4167
10.4849 16.4167
10.4849 16.4167
10.4849 16.4167
11.1192 17.4167
11.1192 17.4167
11.1192 17.4167
11.1192 17.4167
11.1192 17.4167
11.7575 18.4167
11.7575 18.4167
11.7575 18.4167
11.7575 18.4167
12.3958 19.4167
12.3958 19.4167
12.3958 19.4167
12.3958 19.4167
12.3958 19.4167
12.715 19.9167
12.715 19.9167
12.715 19.9167
12.715 19.9167
13.0301 20.4104
13.0341 20.4167
13.0341 20.4167
13.0341 20.4167
13.1485 20.5958
13.2323 20.7271
13.3573 20.9229
13.4317 21.0396
13.5594 21.2396
13.6339 21.3562
13.6724 21.4167
13.6724 21.4167
13.6724 21.4167
13.7509 21.5396
13.8254 21.6562
13.9211 21.8062
13.9916 21.9167
13.9916 21.9167
13.9916 21.9167
14.0062 21.9396
14.1113 22.1042
14.1751 22.2042
14.2801 22.3687
14.3107 22.4167
14.3107 22.4167
14.3586 22.4917
14.6299 22.9167
14.6299 22.9167
14.6299 22.9167
14.949 23.4167
14.949 23.4167
14.949 23.4167
14.949 23.4167
15.1086 23.6667
15.2682 23.9167
15.4278 24.1667
15.5873 24.4167
15.5873 24.4167
15.5873 24.4167
15.5873 24.4167
15.5873 24.4167
15.5873 24.4167
15.5873 24.4167
15.9065 24.9167
15.9065 24.9167
16.2256 25.4167
16.2256 25.4167
16.5448 25.9167
16.5448 25.9167
16.8639 26.4167
16.8639 26.4167
17.1831 26.9167
17.1831 26.9167
17.5022 27.4167
17.5022 27.4167
17.8214 27.9167
17.8214 27.9167
17.8214 27.9167
17.8214 27.9167
17.8214 27.9167
18.1405 28.4167
18.1405 28.4167
18.1405 28.4167
18.1405 28.4167
18.1405 28.4167
18.1405 28.4167
18.1405 28.4167
18.7788 29.4167
18.7788 29.4167
19.098 29.9167
19.098 29.9167
19.4171 30.4167
19.4171 30.4167
19.4171 30.4167
19.4171 30.4167
19.4171 30.4167
19.4171 30.4167
19.4171 30.4167
20.0554 31.4167
20.0554 31.4167
20.3746 31.9167
20.3746 31.9167
20.6937 32.4167
20.6937 32.4167
20.6937 32.4167
20.6937 32.4167
20.6937 32.4167
20.6937 32.4167
20.6937 32.4167
21.332 33.4167
21.332 33.4167
21.6512 33.9167
21.6512 33.9167
21.9703 34.4167
21.9703 34.4167
21.9703 34.4167
21.9703 34.4167
21.9703 34.4167
21.9703 34.4167
23.2469 36.4167
23.2469 36.4167
23.2469 36.4167
23.2469 36.4167
23.8852 37.4167
23.8852 37.4167
23.8852 37.4167
23.8852 37.4167
23.8852 37.4167
24.2043 37.9167
24.2043 37.9167
24.2043 37.9167
24.2043 37.9167
24.2043 37.9167
24.5235 38.4167
24.5235 38.4167
24.5235 38.4167
24.8426 38.9167
24.8426 38.9167
24.8426 38.9167
24.8426 38.9167
24.8426 38.9167
25.1618 39.4167
25.1618 39.4167
25.1618 39.4167
25.1618 39.4167
25.1618 39.4167
25.8001 40.4167
25.8001 40.4167
25.8001 40.4167
25.8001 40.4167
25.8001 40.4167
25.8001 40.4167
25.8001 40.4167
26.4384 41.4167
26.4384 41.4167
26.4384 41.4167
26.4384 41.4167
26.4384 41.4167
26.4384 41.4167
26.4384 41.4167
27.0767 42.4167
27.715 43.4167
28.3533 44.4167
28.3533 44.4167
28.3533 44.4167
28.9916 45.4167
28.9916 45.4167
28.9916 45.4167
28.9916 45.4167
29.3107 45.9167
29.3107 45.9167
29.3107 45.9167
29.3107 45.9167
29.6299 46.4167
29.6299 46.4167
30.2682 47.4167
30.2682 47.4167
30.2682 47.4167
30.2682 47.4167
30.5873 47.9167
30.9065 48.4167
30.9065 48.4167
30.9065 48.4167
31.5448 49.4167
31.5448 49.4167
31.5448 49.4167
31.8639 49.9167
31.8639 49.9167
31.8639 49.9167
32.1831 50.4167
32.5022 50.9167
32.5022 50.9167
32.5022 50.9167
32.8214 51.4167
32.8214 51.4167
32.8214 51.4167
32.8214 51.4167
33.1405 51.9167
33.4597 52.4167
33.4597 52.4167
33.4597 52.4167
34.098 53.4167
34.098 53.4167
34.098 53.4167
34.098 53.4167
34.4171 53.9167
34.4171 53.9167
34.4171 53.9167
34.7363 54.4167
34.7363 54.4167
35.3746 55.4167
35.3746 55.4167
35.3746 55.4167
35.3746 55.4167
35.6937 55.9167
35.6937 55.9167
35.6937 55.9167
36.0129 56.4167
36.0129 56.4167
36.0129 56.4167
36.6512 57.4167
36.6512 57.4167
36.6512 57.4167
36.6512 57.4167
36.9703 57.9167
36.9703 57.9167
36.9703 57.9167
36.9703 57.9167
37.2895 58.4167
37.2895 58.4167
37.6086 58.9167
37.6086 58.9167
37.6086 58.9167
37.6086 58.9167
37.9278 59.4167
37.9278 59.4167
37.9278 59.4167
37.9278 59.4167
38.2469 59.9167
38.5661 60.4167
38.5661 60.4167
39.2044 61.4167
39.2044 61.4167
39.2044 61.4167
39.2044 61.4167
39.5235 61.9167
39.5235 61.9167
39.5235 61.9167
39.8426 62.4167
39.8426 62.4167
40.4809 63.4167
40.4809 63.4167
40.4809 63.4167
40.4809 63.4167
40.8001 63.9167
40.8001 63.9167
41.1192 64.4167
41.1192 64.4167
41.1192 64.4167
41.7575 65.4167
41.7575 65.4167
41.7575 65.4167
41.7575 65.4167
42.0767 65.9167
42.0767 65.9167
42.0767 65.9167
42.3958 66.4167
42.3958 66.4167
43.0341 67.4167
43.0341 67.4167
43.0341 67.4167
43.0341 67.4167
43.6724 68.4167
43.6724 68.4167
43.6724 68.4167
44.3107 69.4167
44.3107 69.4167
44.3107 69.4167
44.3107 69.4167
44.6299 69.9167
44.6299 69.9167
44.6299 69.9167
44.949 70.4167
44.949 70.4167
45.5873 71.4167
45.5873 71.4167
45.5873 71.4167
45.5873 71.4167
46.2256 72.4167
46.2256 72.4167
46.2256 72.4167
46.8639 73.4167
46.8639 73.4167
46.8639 73.4167
46.8639 73.4167
47.1831 73.9167
47.1831 73.9167
47.1831 73.9167
47.1831 73.9167
47.5022 74.4167
47.5022 74.4167
48.1405 75.4167
48.1405 75.4167
48.1405 75.4167
48.7788 76.4167
48.7788 76.4167
48.7788 76.4167
48.7788 76.4167
48.7788 76.4167
49.4171 77.4167
49.4171 77.4167
49.4171 77.4167
49.4171 77.4167
49.4171 77.4167
49.7363 77.9167
49.7363 77.9167
49.7363 77.9167
50.0554 78.4167
50.0554 78.4167
50.0554 78.4167
50.3746 78.9167
50.3746 78.9167
50.3746 78.9167
50.3746 78.9167
50.3746 78.9167
50.6937 79.4167
50.6937 79.4167
50.6937 79.4167
50.6937 79.4167
50.6937 79.4167
51.332 80.4167
51.332 80.4167
51.332 80.4167
51.332 80.4167
51.9703 81.4167
51.9703 81.4167
51.9703 81.4167
51.9703 81.4167
51.9703 81.4167
51.9703 81.4167
51.9703 81.4167
52.6086 82.4167
53.2469 83.4167
53.8852 84.4167
53.8852 84.4167
53.8852 84.4167
54.5235 85.4167
54.5235 85.4167
54.5235 85.4167
54.5235 85.4167
54.8427 85.9167
54.8427 85.9167
54.8427 85.9167
54.8427 85.9167
55.1618 86.4167
55.1618 86.4167
55.8001 87.4167
55.8001 87.4167
55.8001 87.4167
55.8001 87.4167
56.4384 88.4167
56.4384 88.4167
56.4384 88.4167
57.0767 89.4167
57.0767 89.4167
57.0767 89.4167
57.3958 89.9167
57.3958 89.9167
57.3958 89.9167
57.715 90.4167
57.715 90.4167
58.3533 91.4167
58.3533 91.4167
58.3533 91.4167
58.3533 91.4167
58.6724 91.9167
58.9916 92.4167
58.9916 92.4167
58.9916 92.4167
59.6299 93.4167
59.6299 93.4167
59.6299 93.4167
59.6299 93.4167
59.949 93.9167
59.949 93.9167
59.949 93.9167
60.2682 94.4167
60.2682 94.4167
60.9065 95.4167
60.9065 95.4167
60.9065 95.4167
60.9065 95.4167
61.5448 96.4167
61.5448 96.4167
61.5448 96.4167
62.1831 97.4167
62.1831 97.4167
62.1831 97.4167
62.1831 97.4167
62.5022 97.9167
62.5022 97.9167
62.5022 97.9167
62.5022 97.9167
62.8214 98.4167
62.8214 98.4167
63.1405 98.9167
63.1405 98.9167
63.1405 98.9167
63.1405 98.9167
63.4597 99.4167
63.4597 99.4167
63.4597 99.4167
63.4597 99.4167
63.7788 99.9167
64.098 100.417
64.098 100.417
64.098 100.417
64.098 100.417
64.7363 101.417
64.7363 101.417
64.7363 101.417
64.7363 101.417
65.0554 101.917
65.0554 101.917
65.0554 101.917
65.3746 102.417
65.3746 102.417
66.0129 103.417
66.0129 103.417
66.0129 103.417
66.0129 103.417
66.0129 103.417
66.332 103.917
66.332 103.917
66.6512 104.417
66.6512 104.417
66.6512 104.417
66.6512 104.417
67.2895 105.417
67.2895 105.417
67.2895 105.417
67.2895 105.417
67.6086 105.917
67.6086 105.917
67.6086 105.917
67.9278 106.417
67.9278 106.417
68.5661 107.417
68.5661 107.417
68.5661 107.417
68.5661 107.417
68.5661 107.417
68.8852 107.917
69.2044 108.417
69.2044 108.417
69.2044 108.417
69.2044 108.417
69.8427 109.417
69.8427 109.417
69.8427 109.417
69.8427 109.417
70.1618 109.917
70.1618 109.917
70.1618 109.917
70.481 110.417
70.481 110.417
71.1193 111.417
71.1193 111.417
71.1193 111.417
71.1193 111.417
71.7575 112.417
71.7575 112.417
71.7575 112.417
71.7575 112.417
72.3958 113.417
72.3958 113.417
72.3958 113.417
72.3958 113.417
72.715 113.917
72.715 113.917
72.715 113.917
72.715 113.917
73.0341 114.417
73.0341 114.417
73.6724 115.417
73.6724 115.417
73.6724 115.417
74.3079 116.417
74.3079 116.417
74.3079 116.417
74.9395 117.417
74.9395 117.417
74.9395 117.417
75.2553 117.917
75.2553 117.917
75.2553 117.917
75.5711 118.417
76.2027 119.417
76.2027 119.417
76.2027 119.417
76.2027 119.417
76.3606 119.667
76.5185 119.917
76.6764 120.167
76.8343 120.417
76.8343 120.417
76.8343 120.417
77.4658 121.417
77.4658 121.417
77.4658 121.417
77.4658 121.417
77.4658 121.417
77.7816 121.917
77.7816 121.917
77.7816 121.917
78.0974 122.417
78.4132 122.917
78.4132 122.917
78.4132 122.917
78.729 123.417
78.729 123.417
78.729 123.417
79.3606 124.417
79.3606 124.417
79.3606 124.417
79.3606 124.417
79.9922 125.417
79.9922 125.417
79.9922 125.417
79.9922 125.417
79.9922 125.417
80.6237 126.417
80.6237 126.417
80.6237 126.417
80.6237 126.417
81.2553 127.417
81.2553 127.417
81.2553 127.417
81.2553 127.417
81.2553 127.417
81.5711 127.917
81.5711 127.917
81.8869 128.417
81.8869 128.417
81.8869 128.417
81.8869 128.417
82.5185 129.417
82.5185 129.417
82.5185 129.417
82.8343 129.917
82.8343 129.917
82.8343 129.917
83.15 130.417
83.15 130.417
83.4658 130.917
83.4658 130.917
83.4658 130.917
83.7816 131.417
83.7816 131.417
83.7816 131.417
84.0974 131.917
84.4218 132.417
84.4218 132.417
84.4218 132.417
84.4218 132.417
85.074 133.417
85.074 133.417
85.074 133.417
85.074 133.417
85.074 133.417
85.7261 134.417
85.7261 134.417
85.7261 134.417
85.7261 134.417
86.3783 135.417
86.3783 135.417
86.3783 135.417
86.3783 135.417
86.3783 135.417
86.7044 135.917
86.7044 135.917
86.7044 135.917
86.7044 135.917
87.0305 136.417
87.0305 136.417
87.0305 136.417
87.0305 136.417
87.6827 137.417
87.6827 137.417
87.6827 137.417
88.0087 137.917
88.0087 137.917
88.0087 137.917
88.3348 138.417
88.3348 138.417
88.6609 138.917
88.6609 138.917
88.6609 138.917
88.987 139.417
88.987 139.417
88.987 139.417
88.987 139.417
89.15 139.667
89.3131 139.917
89.4738 140.167
89.6334 140.417
89.6334 140.417
89.6334 140.417
89.6334 140.417
89.6334 140.417
89.6334 140.417
89.6334 140.417
89.9525 140.917
89.9525 140.917
90.2689 141.417
90.2689 141.417
90.5847 141.917
90.5847 141.917
90.9005 142.417
90.9005 142.417
91.2163 142.917
91.2163 142.917
91.5293 143.417
91.5293 143.417
91.8418 143.917
91.8418 143.917
91.8418 143.917
91.8418 143.917
91.8418 143.917
92.1599 144.417
92.1599 144.417
92.1599 144.417
92.1599 144.417
92.1599 144.417
92.1599 144.417
92.1599 144.417
92.7982 145.417
92.7982 145.417
93.1173 145.917
93.1173 145.917
93.4364 146.417
93.4364 146.417
93.4364 146.417
93.4364 146.417
93.4364 146.417
93.4364 146.417
93.4364 146.417
94.0747 147.417
94.0747 147.417
94.3939 147.917
94.3939 147.917
94.713 148.417
94.713 148.417
94.713 148.417
94.713 148.417
94.713 148.417
94.713 148.417
94.713 148.417
95.3513 149.417
95.3513 149.417
95.6705 149.917
95.6705 149.917
95.9896 150.417
95.9896 150.417
95.9896 150.417
95.9896 150.417
95.9896 150.417
95.9896 150.417
97.2662 152.417
97.2662 152.417
97.2662 152.417
97.2662 152.417
97.9045 153.417
97.9045 153.417
97.9045 153.417
97.9045 153.417
97.9045 153.417
98.2237 153.917
98.2237 153.917
98.2237 153.917
98.2237 153.917
98.2237 153.917
98.5428 154.417
98.5428 154.417
98.5428 154.417
98.862 154.917
98.862 154.917
98.862 154.917
98.862 154.917
98.862 154.917
99.1811 155.417
99.1811 155.417
99.1811 155.417
99.1811 155.417
99.1811 155.417
99.8194 156.417
99.8194 156.417
99.8194 156.417
99.8194 156.417
99.8194 156.417
99.8194 156.417
99.8194 156.417
100.458 157.417
100.458 157.417
100.458 157.417
100.458 157.417
100.458 157.417
100.458 157.417
100.458 157.417
101.096 158.417
101.734 159.417
102.373 160.417
102.373 160.417
102.373 160.417
103.011 161.417
103.011 161.417
103.011 161.417
103.011 161.417
103.33 161.917
103.33 161.917
103.33 161.917
103.33 161.917
103.649 162.417
103.649 162.417
104.288 163.417
104.288 163.417
104.288 163.417
104.288 163.417
104.607 163.917
104.926 164.417
104.926 164.417
104.926 164.417
105.564 165.417
105.564 165.417
105.564 165.417
105.883 165.917
105.883 165.917
105.883 165.917
106.202 166.417
106.522 166.917
106.522 166.917
106.522 166.917
106.841 167.417
106.841 167.417
106.841 167.417
106.841 167.417
107.16 167.917
107.479 168.417
107.479 168.417
107.479 168.417
108.117 169.417
108.117 169.417
108.117 169.417
108.117 169.417
108.436 169.917
108.436 169.917
108.436 169.917
108.756 170.417
108.756 170.417
109.394 171.417
109.394 171.417
109.394 171.417
109.394 171.417
109.713 171.917
109.713 171.917
109.713 171.917
110.032 172.417
110.032 172.417
110.032 172.417
110.67 173.417
110.67 173.417
110.67 173.417
110.67 173.417
110.99 173.917
110.99 173.917
110.99 173.917
110.99 173.917
111.309 174.417
111.309 174.417
111.628 174.917
111.628 174.917
111.628 174.917
111.628 174.917
111.947 175.417
111.947 175.417
111.947 175.417
111.947 175.417
112.266 175.917
112.585 176.417
112.585 176.417
113.224 177.417
113.224 177.417
113.224 177.417
113.224 177.417
113.543 177.917
113.543 177.917
113.543 177.917
113.862 178.417
113.862 178.417
114.5 179.417
114.5 179.417
114.5 179.417
114.5 179.417
114.819 179.917
114.819 179.917
115.139 180.417
115.139 180.417
115.139 180.417
115.777 181.417
115.777 181.417
115.777 181.417
115.777 181.417
116.096 181.917
116.096 181.917
116.096 181.917
116.415 182.417
116.415 182.417
117.053 183.417
117.053 183.417
117.053 183.417
117.053 183.417
117.692 184.417
117.692 184.417
117.692 184.417
118.33 185.417
118.33 185.417
118.33 185.417
118.33 185.417
118.649 185.917
118.649 185.917
118.649 185.917
118.968 186.417
118.968 186.417
119.607 187.417
119.607 187.417
119.607 187.417
119.607 187.417
120.245 188.417
120.245 188.417
120.245 188.417
120.883 189.417
120.883 189.417
120.883 189.417
120.883 189.417
121.202 189.917
121.202 189.917
121.202 189.917
121.202 189.917
121.522 190.417
121.522 190.417
122.16 191.417
122.16 191.417
122.16 191.417
122.798 192.417
122.798 192.417
122.798 192.417
122.798 192.417
122.798 192.417
123.436 193.417
123.436 193.417
123.436 193.417
123.436 193.417
123.436 193.417
123.756 193.917
123.756 193.917
123.756 193.917
124.075 194.417
124.075 194.417
124.075 194.417
124.394 194.917
124.394 194.917
124.394 194.917
124.394 194.917
124.394 194.917
124.713 195.417
124.713 195.417
124.713 195.417
124.713 195.417
124.713 195.417
125.351 196.417
125.351 196.417
125.351 196.417
125.351 196.417
125.99 197.417
125.99 197.417
125.99 197.417
125.99 197.417
125.99 197.417
125.99 197.417
125.99 197.417
126.628 198.417
127.266 199.417
127.905 200.417
127.905 200.417
127.905 200.417
128.543 201.417
128.543 201.417
128.543 201.417
128.543 201.417
128.862 201.917
128.862 201.917
128.862 201.917
128.862 201.917
129.181 202.417
129.181 202.417
129.819 203.417
129.819 203.417
129.819 203.417
129.819 203.417
130.458 204.417
130.458 204.417
130.458 204.417
131.096 205.417
131.096 205.417
131.096 205.417
131.415 205.917
131.415 205.917
131.415 205.917
131.734 206.417
131.734 206.417
132.373 207.417
132.373 207.417
132.373 207.417
132.373 207.417
132.692 207.917
133.011 208.417
133.011 208.417
133.011 208.417
133.649 209.417
133.649 209.417
133.649 209.417
133.649 209.417
133.968 209.917
133.968 209.917
133.968 209.917
134.288 210.417
134.288 210.417
134.926 211.417
134.926 211.417
134.926 211.417
134.926 211.417
135.564 212.417
135.564 212.417
135.564 212.417
136.202 213.417
136.202 213.417
136.202 213.417
136.202 213.417
136.522 213.917
136.522 213.917
136.522 213.917
136.522 213.917
136.841 214.417
136.841 214.417
137.16 214.917
137.16 214.917
137.16 214.917
137.16 214.917
137.479 215.417
137.479 215.417
137.479 215.417
137.479 215.417
137.798 215.917
138.117 216.417
138.117 216.417
138.117 216.417
138.117 216.417
138.756 217.417
138.756 217.417
138.756 217.417
138.756 217.417
139.075 217.917
139.075 217.917
139.075 217.917
139.394 218.417
139.394 218.417
140.032 219.417
140.032 219.417
140.032 219.417
140.032 219.417
140.032 219.417
140.351 219.917
140.351 219.917
140.671 220.417
140.671 220.417
140.671 220.417
140.671 220.417
141.309 221.417
141.309 221.417
141.309 221.417
141.309 221.417
141.628 221.917
141.628 221.917
141.628 221.917
141.947 222.417
141.947 222.417
142.585 223.417
142.585 223.417
142.585 223.417
142.585 223.417
142.585 223.417
142.905 223.917
143.224 224.417
143.224 224.417
143.224 224.417
143.224 224.417
143.862 225.417
143.862 225.417
143.862 225.417
143.862 225.417
144.181 225.917
144.181 225.917
144.181 225.917
144.5 226.417
144.5 226.417
145.139 227.417
145.139 227.417
145.139 227.417
145.139 227.417
145.766 228.417
145.766 228.417
145.766 228.417
145.766 228.417
146.389 229.417
146.389 229.417
146.389 229.417
146.389 229.417
146.708 229.917
146.708 229.917
146.708 229.917
146.708 229.917
147.027 230.417
147.027 230.417
147.666 231.417
147.666 231.417
147.666 231.417
148.304 232.417
148.304 232.417
148.304 232.417
148.304 232.417
148.942 233.417
148.942 233.417
148.942 233.417
148.942 233.417
149.261 233.917
149.261 233.917
149.261 233.917
149.581 234.417
149.581 234.417
149.9 234.917
150.219 235.417
150.219 235.417
150.219 235.417
150.219 235.417
150.857 236.417
151.496 237.417
152.134 238.417
152.772 239.417
153.41 240.417
153.41 240.417
153.41 240.417
153.41 240.417
154.049 241.417
154.049 241.417
154.049 241.417
154.049 241.417
154.368 241.917
154.368 241.917
154.368 241.917
154.368 241.917
154.687 242.417
154.687 242.417
155.325 243.417
155.325 243.417
155.325 243.417
155.325 243.417
155.964 244.417
155.964 244.417
155.964 244.417
156.602 245.417
156.602 245.417
156.602 245.417
156.921 245.917
156.921 245.917
156.921 245.917
157.24 246.417
157.878 247.417
157.878 247.417
157.878 247.417
157.878 247.417
158.198 247.917
158.517 248.417
158.517 248.417
158.517 248.417
159.155 249.417
159.155 249.417
159.155 249.417
159.155 249.417
159.474 249.917
159.474 249.917
159.474 249.917
159.793 250.417
159.793 250.417
160.432 251.417
160.432 251.417
160.432 251.417
160.432 251.417
161.07 252.417
161.07 252.417
161.07 252.417
161.708 253.417
161.708 253.417
161.708 253.417
161.708 253.417
162.027 253.917
162.027 253.917
162.027 253.917
162.027 253.917
162.347 254.417
162.347 254.417
162.347 254.417
162.347 254.417
162.506 254.667
162.666 254.917
162.666 254.917
162.666 254.917
162.666 254.917
162.666 254.917
162.825 255.167
162.985 255.417
162.985 255.417
162.985 255.417
162.985 255.417
162.985 255.417
163.144 255.667
163.304 255.917
163.304 255.917
163.464 256.167
163.623 256.417
163.623 256.417
163.623 256.417
164.261 257.417
164.261 257.417
164.261 257.417
164.261 257.417
164.581 257.917
164.581 257.917
164.581 257.917
164.9 258.417
164.9 258.417
165.538 259.417
165.538 259.417
165.538 259.417
165.538 259.417
165.857 259.917
166.176 260.417
166.176 260.417
166.815 261.417
166.815 261.417
166.815 261.417
166.815 261.417
167.134 261.917
167.134 261.917
167.134 261.917
167.453 262.417
167.453 262.417
168.091 263.417
168.091 263.417
168.091 263.417
168.091 263.417
168.73 264.417
168.73 264.417
169.368 265.417
169.368 265.417
169.368 265.417
169.368 265.417
169.687 265.917
169.687 265.917
169.687 265.917
170.006 266.417
170.006 266.417
170.644 267.417
170.644 267.417
170.644 267.417
170.644 267.417
170.644 267.417
171.283 268.417
171.283 268.417
171.921 269.417
171.921 269.417
171.921 269.417
171.921 269.417
172.24 269.917
172.24 269.917
172.24 269.917
172.24 269.917
172.559 270.417
172.559 270.417
173.198 271.417
173.198 271.417
173.198 271.417
173.836 272.417
173.836 272.417
173.836 272.417
173.836 272.417
173.836 272.417
173.836 272.417
173.836 272.417
173.836 272.417
174.474 273.417
174.474 273.417
174.474 273.417
174.474 273.417
174.474 273.417
174.474 273.417
174.474 273.417
174.793 273.917
174.793 273.917
174.793 273.917
174.793 273.917
174.793 273.917
175.11 274.417
175.11 274.417
175.11 274.417
175.11 274.417
175.426 274.917
175.426 274.917
175.426 274.917
175.426 274.917
175.426 274.917
175.741 275.417
175.741 275.417
175.741 275.417
175.741 275.417
175.741 275.417
176.057 275.917
176.376 276.417
176.376 276.417
176.376 276.417
176.376 276.417
177.014 277.417
177.014 277.417
177.014 277.417
177.014 277.417
177.014 277.417
177.014 277.417
177.014 277.417
177.652 278.417
178.291 279.417
178.929 280.417
178.929 280.417
178.929 280.417
179.567 281.417
179.567 281.417
179.567 281.417
179.567 281.417
179.886 281.917
179.886 281.917
179.886 281.917
179.886 281.917
180.205 282.417
180.205 282.417
180.844 283.417
180.844 283.417
180.844 283.417
180.844 283.417
181.482 284.417
181.482 284.417
181.482 284.417
182.12 285.417
182.12 285.417
182.12 285.417
182.44 285.917
182.44 285.917
182.44 285.917
182.759 286.417
182.759 286.417
183.397 287.417
183.397 287.417
183.397 287.417
183.397 287.417
183.716 287.917
184.035 288.417
184.035 288.417
184.035 288.417
184.674 289.417
184.674 289.417
184.674 289.417
184.674 289.417
184.993 289.917
184.993 289.917
184.993 289.917
185.312 290.417
185.312 290.417
185.95 291.417
185.95 291.417
185.95 291.417
185.95 291.417
186.588 292.417
186.588 292.417
186.588 292.417
187.227 293.417
187.227 293.417
187.227 293.417
187.227 293.417
187.546 293.917
187.546 293.917
187.546 293.917
187.546 293.917
187.865 294.417
187.865 294.417
188.184 294.917
188.184 294.917
188.184 294.917
188.184 294.917
188.503 295.417
188.503 295.417
188.503 295.417
188.503 295.417
188.823 295.917
189.142 296.417
189.142 296.417
189.142 296.417
189.142 296.417
189.78 297.417
189.78 297.417
189.78 297.417
189.78 297.417
190.099 297.917
190.099 297.917
190.099 297.917
190.418 298.417
190.418 298.417
191.057 299.417
191.057 299.417
191.057 299.417
191.057 299.417
191.057 299.417
191.376 299.917
191.376 299.917
191.695 300.417
191.695 300.417
191.695 300.417
191.695 300.417
192.328 301.417
192.328 301.417
192.328 301.417
192.328 301.417
192.64 301.917
192.64 301.917
192.64 301.917
192.953 302.417
192.953 302.417
193.578 303.417
193.578 303.417
193.578 303.417
193.578 303.417
193.578 303.417
193.89 303.917
194.208 304.417
194.208 304.417
194.208 304.417
194.208 304.417
194.846 305.417
194.846 305.417
194.846 305.417
194.846 305.417
195.166 305.917
195.166 305.917
195.166 305.917
195.485 306.417
195.485 306.417
196.123 307.417
196.123 307.417
196.123 307.417
196.123 307.417
196.761 308.417
196.761 308.417
196.761 308.417
196.761 308.417
197.4 309.417
197.4 309.417
197.4 309.417
197.4 309.417
197.719 309.917
197.719 309.917
197.719 309.917
197.719 309.917
198.038 310.417
198.038 310.417
198.676 311.417
198.676 311.417
198.676 311.417
199.315 312.417
199.315 312.417
199.315 312.417
199.315 312.417
199.953 313.417
199.953 313.417
199.953 313.417
199.953 313.417
200.272 313.917
200.272 313.917
200.272 313.917
200.591 314.417
200.591 314.417
200.91 314.917
201.229 315.417
201.229 315.417
201.229 315.417
201.229 315.417
201.229 315.417
201.389 315.667
201.549 315.917
201.708 316.167
201.868 316.417
201.868 316.417
201.868 316.417
201.868 316.417
202.506 317.417
202.506 317.417
202.506 317.417
202.506 317.417
202.506 317.417
202.506 317.417
202.825 317.917
202.825 317.917
202.825 317.917
202.825 317.917
203.144 318.417
203.144 318.417
203.463 318.917
203.463 318.917
203.463 318.917
203.463 318.917
203.463 318.917
203.623 319.167
203.783 319.417
203.783 319.417
203.783 319.417
203.783 319.417
203.783 319.417
203.942 319.667
204.102 319.917
204.261 320.167
204.421 320.417
204.421 320.417
204.421 320.417
204.421 320.417
204.421 320.417
205.059 321.417
205.059 321.417
205.059 321.417
205.059 321.417
205.378 321.917
205.378 321.917
205.378 321.917
205.698 322.417
205.698 322.417
206.336 323.417
206.336 323.417
206.336 323.417
206.336 323.417
206.655 323.917
206.974 324.417
206.974 324.417
206.974 324.417
206.974 324.417
207.612 325.417
207.612 325.417
207.612 325.417
207.612 325.417
207.932 325.917
207.932 325.917
207.932 325.917
208.251 326.417
208.251 326.417
208.889 327.417
208.889 327.417
208.889 327.417
208.889 327.417
209.527 328.417
209.527 328.417
209.527 328.417
209.527 328.417
210.166 329.417
210.166 329.417
210.166 329.417
210.166 329.417
210.485 329.917
210.485 329.917
210.485 329.917
210.804 330.417
210.804 330.417
211.442 331.417
211.442 331.417
211.442 331.417
211.442 331.417
212.08 332.417
212.08 332.417
212.08 332.417
212.08 332.417
212.719 333.417
212.719 333.417
212.719 333.417
212.719 333.417
213.038 333.917
213.038 333.917
213.038 333.917
213.038 333.917
213.357 334.417
213.357 334.417
213.995 335.417
213.995 335.417
213.995 335.417
214.634 336.417
214.634 336.417
214.634 336.417
214.634 336.417
215.272 337.417
215.272 337.417
215.272 337.417
215.272 337.417
215.591 337.917
215.591 337.917
215.591 337.917
215.91 338.417
215.91 338.417
216.229 338.917
216.549 339.417
216.549 339.417
216.549 339.417
216.549 339.417
216.549 339.417
216.708 339.667
216.868 339.917
217.027 340.167
217.187 340.417
217.187 340.417
217.187 340.417
217.187 340.417
217.825 341.417
217.825 341.417
217.825 341.417
217.825 341.417
217.825 341.417
217.825 341.417
218.144 341.917
218.144 341.917
218.144 341.917
218.144 341.917
218.463 342.417
218.463 342.417
218.783 342.917
218.783 342.917
218.783 342.917
218.783 342.917
218.783 342.917
218.942 343.167
219.102 343.417
219.102 343.417
219.102 343.417
219.102 343.417
219.102 343.417
219.261 343.667
219.421 343.917
219.58 344.167
219.74 344.417
219.74 344.417
219.74 344.417
219.74 344.417
219.74 344.417
220.378 345.417
220.378 345.417
220.378 345.417
220.378 345.417
220.698 345.917
220.698 345.917
220.698 345.917
221.017 346.417
221.017 346.417
221.655 347.417
221.655 347.417
221.655 347.417
221.655 347.417
221.974 347.917
222.293 348.417
222.293 348.417
222.293 348.417
222.293 348.417
222.932 349.417
222.932 349.417
222.932 349.417
222.932 349.417
223.251 349.917
223.251 349.917
223.251 349.917
223.57 350.417
223.57 350.417
224.208 351.417
224.208 351.417
224.208 351.417
224.208 351.417
224.846 352.417
224.846 352.417
224.846 352.417
224.846 352.417
225.485 353.417
225.485 353.417
225.485 353.417
225.485 353.417
225.804 353.917
225.804 353.917
225.804 353.917
226.123 354.417
226.123 354.417
226.761 355.417
226.761 355.417
226.761 355.417
226.761 355.417
227.4 356.417
227.4 356.417
227.4 356.417
227.4 356.417
228.038 357.417
228.038 357.417
228.038 357.417
228.038 357.417
228.357 357.917
228.357 357.917
228.357 357.917
228.357 357.917
228.676 358.417
228.676 358.417
229.315 359.417
229.315 359.417
229.315 359.417
229.953 360.417
229.953 360.417
229.953 360.417
229.953 360.417
230.591 361.417
230.591 361.417
230.591 361.417
230.591 361.417
230.91 361.917
230.91 361.917
230.91 361.917
231.229 362.417
231.229 362.417
231.549 362.917
231.868 363.417
231.868 363.417
231.868 363.417
231.868 363.417
231.868 363.417
232.027 363.667
232.187 363.917
232.346 364.167
232.506 364.417
232.506 364.417
232.506 364.417
232.506 364.417
233.144 365.417
233.144 365.417
233.144 365.417
233.144 365.417
233.144 365.417
233.144 365.417
233.463 365.917
233.463 365.917
233.463 365.917
233.463 365.917
233.783 366.417
233.783 366.417
234.102 366.917
234.102 366.917
234.102 366.917
234.102 366.917
234.102 366.917
234.261 367.167
234.421 367.417
234.421 367.417
234.421 367.417
234.421 367.417
234.421 367.417
234.58 367.667
234.74 367.917
234.9 368.167
235.059 368.417
235.059 368.417
235.059 368.417
235.059 368.417
235.059 368.417
235.698 369.417
235.698 369.417
235.698 369.417
235.698 369.417
236.017 369.917
236.017 369.917
236.017 369.917
236.336 370.417
236.336 370.417
236.974 371.417
236.974 371.417
236.974 371.417
236.974 371.417
237.293 371.917
237.612 372.417
237.612 372.417
237.612 372.417
237.612 372.417
238.251 373.417
238.251 373.417
238.251 373.417
238.251 373.417
238.57 373.917
238.57 373.917
238.57 373.917
238.889 374.417
238.889 374.417
239.527 375.417
239.527 375.417
239.527 375.417
239.527 375.417
240.166 376.417
240.166 376.417
240.166 376.417
240.166 376.417
240.804 377.417
240.804 377.417
240.804 377.417
240.804 377.417
241.123 377.917
241.123 377.917
241.123 377.917
241.442 378.417
241.442 378.417
242.08 379.417
242.08 379.417
242.08 379.417
242.08 379.417
242.719 380.417
242.719 380.417
242.719 380.417
242.719 380.417
243.357 381.417
243.357 381.417
243.357 381.417
243.357 381.417
243.676 381.917
243.676 381.917
243.676 381.917
243.676 381.917
243.995 382.417
243.995 382.417
244.634 383.417
244.634 383.417
244.634 383.417
245.272 384.417
245.272 384.417
245.272 384.417
245.272 384.417
245.91 385.417
245.91 385.417
245.91 385.417
245.91 385.417
246.229 385.917
246.229 385.917
246.229 385.917
246.549 386.417
246.549 386.417
246.868 386.917
247.187 387.417
247.187 387.417
247.187 387.417
247.187 387.417
247.187 387.417
247.346 387.667
247.506 387.917
247.666 388.167
247.825 388.417
247.825 388.417
247.825 388.417
247.825 388.417
248.463 389.417
248.463 389.417
248.463 389.417
248.463 389.417
248.463 389.417
248.463 389.417
248.783 389.917
248.783 389.917
248.783 389.917
248.783 389.917
249.102 390.417
249.102 390.417
249.421 390.917
249.421 390.917
249.421 390.917
249.421 390.917
249.421 390.917
249.581 391.167
249.74 391.417
249.74 391.417
249.74 391.417
249.74 391.417
249.74 391.417
249.9 391.667
250.059 391.917
250.219 392.167
250.378 392.417
250.378 392.417
250.378 392.417
250.378 392.417
250.378 392.417
250.378 392.417
250.378 392.417
252.932 396.417
