4.95485 5.94583
4.95485 5.94583
5.16319 6.19583
5.37152 6.44583
5.37152 6.44583
5.57985 6.69583
5.78819 6.94583
5.78819 6.94583
6.20485 7.44583
6.62152 7.94583
7.03818 8.44583
7.45485 8.94583
8.28818 9.94583
8.28818 9.94583
8.49651 10.1958
8.70485 10.4458
8.70485 10.4458
8.91318 10.6958
9.12151 10.9458
9.12151 10.9458
9.53818 11.4458
9.95485 11.9458
10.3715 12.4458
10.7882 12.9458
11.2048 13.4458
11.6215 13.9458
11.6215 13.9458
11.6215 13.9458
11.8298 14.1958
11.8298 14.1958
12.0382 14.4458
12.0382 14.4458
12.0382 14.4458
12.2465 14.6958
12.2465 14.6958
12.4548 14.9458
12.4548 14.9458
12.4548 14.9458
12.6632 15.1958
12.6632 15.1958
12.8715 15.4458
12.8715 15.4458
12.8715 15.4458
13.2882 15.9458
13.7048 16.4458
14.1215 16.9458
14.5382 17.4458
14.5382 17.4458
14.7465 17.6958
14.9548 17.9458
14.9548 17.9458
15.3715 18.4458
15.5798 18.6958
15.7882 18.9458
15.9965 19.1958
16.2048 19.4458
16.2048 19.4458
16.4132 19.6958
16.6215 19.9458
16.6215 19.9458
16.6215 19.9458
16.8298 20.1958
17.0382 20.4458
17.0382 20.4458
17.0382 20.4458
17.2465 20.6958
17.4548 20.9458
17.4548 20.9458
17.4548 20.9458
17.6632 21.1958
17.8715 21.4458
17.8715 21.4458
17.8715 21.4458
18.0798 21.6958
18.2882 21.9458
18.2882 21.9458
18.2882 21.9458
18.7048 22.4458
19.1215 22.9458
19.5382 23.4458
19.5382 23.4458
19.7465 23.6958
19.9548 23.9458
19.9548 23.9458
20.3715 24.4458
20.5798 24.6958
20.7882 24.9458
20.7882 24.9458
20.7882 24.9458
20.9965 25.1958
21.2048 25.4458
21.4132 25.6958
21.6215 25.9458
21.6215 25.9458
22.0382 26.4458
22.4548 26.9458
22.8715 27.4458
23.2882 27.9458
23.2882 27.9458
23.2882 27.9458
23.7048 28.4458
23.7048 28.4458
23.9132 28.6958
24.1215 28.9458
24.1215 28.9458
24.3298 29.1958
24.5382 29.4458
24.5382 29.4458
24.7465 29.6958
24.9548 29.9458
24.9548 29.9458
25.3715 30.4458
25.7882 30.9458
26.2048 31.4458
26.6215 31.9458
27.0382 32.4458
27.4548 32.9458
27.4548 32.9458
27.8715 33.4458
28.2881 33.9458
28.7048 34.4458
29.1215 34.9458
29.5381 35.4458
29.9548 35.9458
29.9548 35.9458
29.9548 35.9458
30.1631 36.1958
30.3715 36.4458
30.3715 36.4458
30.5798 36.6958
30.7881 36.9458
30.7881 36.9458
30.7881 36.9458
30.9965 37.1958
31.2048 37.4458
31.2048 37.4458
31.6215 37.9458
31.6215 37.9458
31.6215 37.9458
31.6215 37.9458
32.0381 38.4458
32.4548 38.9458
32.4548 38.9458
32.4548 38.9458
32.8715 39.4458
33.2881 39.9458
33.2881 39.9458
33.7048 40.4458
33.7048 40.4458
34.1215 40.9458
34.5381 41.4458
34.7465 41.6958
34.9548 41.9458
34.9548 41.9458
34.9548 41.9458
34.9548 41.9458
35.3715 42.4458
35.7881 42.9458
36.2048 43.4458
36.4131 43.6958
36.6215 43.9458
36.6215 43.9458
36.6215 43.9458
36.6215 43.9458
38.2881 45.9458
38.2881 45.9458
38.2881 45.9458
38.7048 46.4458
39.1215 46.9458
39.1215 46.9458
39.5381 47.4458
39.9548 47.9458
39.9548 47.9458
39.9548 47.9458
40.3715 48.4458
40.3715 48.4458
40.7881 48.9458
40.7881 48.9458
41.2048 49.4458
41.4131 49.6958
41.6215 49.9458
41.6215 49.9458
41.6215 49.9458
41.6215 49.9458
42.0381 50.4458
42.4548 50.9458
42.4548 50.9458
42.8715 51.4458
43.2881 51.9458
43.2881 51.9458
43.7031 52.4438
43.7048 52.4458
44.1058 52.9271
44.1215 52.9458
44.5381 53.4458
44.5433 53.4521
44.9478 53.9375
44.9548 53.9458
44.9548 53.9458
45.3715 54.4458
45.7881 54.9458
45.7881 54.9458
46.2048 55.4458
46.2048 55.4458
46.6215 55.9458
46.6215 55.9458
46.6215 55.9458
46.6215 55.9458
47.0381 56.4458
47.4548 56.9458
47.4548 56.9458
47.8715 57.4458
48.2881 57.9458
48.2881 57.9458
48.2881 57.9458
48.7048 58.4458
48.7048 58.4458
49.1214 58.9458
49.5381 59.4458
49.7464 59.6958
49.9548 59.9458
50.3714 60.4458
50.7881 60.9458
50.7881 60.9458
50.7881 60.9458
51.2048 61.4458
51.2048 61.4458
51.6214 61.9458
51.6214 61.9458
51.6214 61.9458
52.0381 62.4458
52.0381 62.4458
52.4548 62.9458
52.4548 62.9458
52.8714 63.4458
52.8714 63.4458
53.2881 63.9458
53.2881 63.9458
53.7048 64.4458
54.1214 64.9458
54.1214 64.9458
54.1214 64.9458
54.9548 65.9458
54.9548 65.9458
54.9548 65.9458
54.9548 65.9458
55.3714 66.4458
55.3714 66.4458
55.7881 66.9458
55.7881 66.9458
56.1961 67.4354
56.2048 67.4458
56.5971 67.9167
56.6214 67.9458
57.0381 68.4458
57.4062 68.8875
57.4548 68.9458
58.2759 69.9313
58.2881 69.9458
58.2881 69.9458
58.2881 69.9458
58.7048 70.4458
59.1214 70.9458
59.1214 70.9458
59.1214 70.9458
59.5381 71.4458
59.9548 71.9458
59.9548 71.9458
59.9548 71.9458
59.9548 71.9458
60.3714 72.4458
60.3714 72.4458
60.7881 72.9458
61.2048 73.4458
61.4131 73.6958
61.6214 73.9458
61.6214 73.9458
61.6214 73.9458
61.6214 73.9458
62.4548 74.9458
62.8714 75.4458
62.8714 75.4458
63.0798 75.6958
63.2881 75.9458
63.2881 75.9458
63.2881 75.9458
63.2881 75.9458
63.7048 76.4458
64.1214 76.9458
64.5381 77.4458
64.9548 77.9458
64.9548 77.9458
65.3714 78.4458
65.7881 78.9458
65.7881 78.9458
66.2048 79.4458
66.2048 79.4458
66.6214 79.9458
66.6214 79.9458
66.6214 79.9458
67.0381 80.4458
67.0381 80.4458
67.4548 80.9458
67.8714 81.4458
67.8714 81.4458
68.0798 81.6958
68.2881 81.9458
68.2881 81.9458
68.2881 81.9458
68.7048 82.4458
69.1214 82.9458
69.1648 82.9979
69.5381 83.4458
69.545 83.4542
69.9513 83.9417
69.9547 83.9458
70.3645 84.4375
70.3714 84.4458
70.7603 84.9125
70.7881 84.9458
71.1787 85.4146
71.2047 85.4458
71.5971 85.9167
71.6214 85.9458
71.6214 85.9458
72.0381 86.4458
72.4547 86.9458
72.4547 86.9458
72.8714 87.4458
72.8714 87.4458
73.2881 87.9458
73.2881 87.9458
73.2881 87.9458
73.2881 87.9458
73.7047 88.4458
74.1214 88.9458
74.1214 88.9458
74.1214 88.9458
74.5381 89.4458
74.5381 89.4458
74.9547 89.9458
74.9547 89.9458
74.9547 89.9458
75.3714 90.4458
75.3714 90.4458
75.7881 90.9458
76.2047 91.4458
76.6214 91.9458
76.9929 92.3917
77.0381 92.4458
77.4183 92.9021
77.4547 92.9458
77.4547 92.9458
77.4547 92.9458
77.8228 93.3875
77.8714 93.4458
77.8714 93.4458
78.2655 93.9188
78.269 93.9229
78.2881 93.9458
78.2881 93.9458
78.2881 93.9458
78.7047 94.4458
78.7047 94.4458
79.1214 94.9458
79.1214 94.9458
79.5381 95.4458
79.5381 95.4458
79.9547 95.9458
79.9547 95.9458
80.3714 96.4458
80.7881 96.9458
80.7881 96.9458
80.7881 96.9458
81.1613 97.3937
81.1856 97.4229
81.6092 97.9313
81.6214 97.9458
81.6214 97.9458
81.6214 97.9458
81.894 98.2729
82.0381 98.4458
82.1648 98.5979
82.4547 98.9458
82.5676 99.0812
82.8714 99.4458
83.2881 99.9458
83.2985 99.9583
83.6822 100.419
83.7047 100.446
84.1127 100.935
84.1214 100.946
84.5294 101.435
84.5381 101.446
84.9547 101.946
84.9547 101.946
84.9547 101.946
84.9634 101.956
85.3714 102.446
85.7881 102.946
85.9964 103.196
86.2047 103.446
86.2047 103.446
86.3888 103.667
86.4131 103.696
86.6309 103.946
86.6309 103.946
87.054 104.404
87.0925 104.446
87.554 104.946
87.554 104.946
87.554 104.946
87.554 104.946
87.554 104.946
88.0155 105.446
88.0155 105.446
88.4771 105.946
88.4771 105.946
88.4771 105.946
88.4771 105.946
88.4771 105.946
88.4771 105.946
88.8993 106.446
88.8993 106.446
89.316 106.946
89.316 106.946
89.316 106.946
89.7327 107.446
89.7327 107.446
90.1493 107.946
90.1493 107.946
90.1493 107.946
90.566 108.446
90.9827 108.946
90.9827 108.946
90.9827 108.946
91.3993 109.446
91.816 109.946
91.816 109.946
91.816 109.946
92.2327 110.446
92.6493 110.946
92.6493 110.946
93.066 111.446
93.4445 111.9
93.4827 111.946
93.4827 111.946
93.4827 111.946
93.4827 111.946
93.8403 112.375
93.8993 112.446
93.8993 112.446
94.2674 112.888
94.316 112.946
94.316 112.946
94.4688 113.129
94.6893 113.394
94.7327 113.446
94.7327 113.446
94.9063 113.654
95.132 113.925
95.1493 113.946
95.1493 113.946
95.1493 113.946
95.566 114.446
95.9827 114.946
95.9827 114.946
95.9827 114.946
96.3993 115.446
96.3993 115.446
96.816 115.946
96.816 115.946
96.816 115.946
97.2327 116.446
97.2327 116.446
97.6493 116.946
97.6493 116.946
97.6493 116.946
98.066 117.446
98.066 117.446
98.4827 117.946
98.4827 117.946
98.4827 117.946
98.4827 117.946
98.4827 117.946
99.3038 118.931
99.316 118.946
99.316 118.946
99.316 118.946
99.5104 119.179
99.7292 119.442
99.7327 119.446
99.9236 119.675
100.149 119.946
100.149 119.946
100.566 120.446
100.566 120.446
100.957 120.915
100.983 120.946
100.983 120.946
100.983 120.946
101.155 121.152
101.384 121.427
101.399 121.446
101.399 121.446
101.569 121.65
101.771 121.892
101.816 121.946
101.816 121.946
101.816 121.946
101.816 121.946
102.649 122.946
102.649 122.946
103.066 123.446
103.483 123.946
103.483 123.946
103.483 123.946
103.899 124.446
103.899 124.446
104.316 124.946
104.316 124.946
104.316 124.946
104.316 124.946
104.733 125.446
105.149 125.946
105.149 125.946
105.149 125.946
105.149 125.946
105.566 126.446
105.983 126.946
106.384 127.427
106.399 127.446
106.793 127.919
106.816 127.946
106.816 127.946
106.816 127.946
106.983 128.146
107.198 128.404
107.233 128.446
107.408 128.656
107.413 128.662
107.608 128.896
107.649 128.946
107.649 128.946
107.665 128.965
107.823 129.154
108.054 129.431
108.063 129.442
108.066 129.446
108.288 129.713
108.483 129.946
108.483 129.946
108.483 129.946
108.483 129.946
108.516 129.985
108.899 130.446
108.899 130.446
109.316 130.946
109.316 130.946
109.316 130.946
109.733 131.446
109.733 131.446
110.149 131.946
110.149 131.946
110.149 131.946
110.528 132.4
110.566 132.446
110.92 132.871
110.983 132.946
110.983 132.946
110.983 132.946
110.983 132.946
111.356 133.394
111.399 133.446
111.79 133.915
111.816 133.946
111.816 133.946
111.816 133.946
111.816 133.946
112.233 134.446
112.233 134.446
112.649 134.946
112.649 134.946
112.649 134.946
113.05 135.427
113.066 135.446
113.434 135.887
113.483 135.946
113.483 135.946
113.483 135.946
113.899 136.446
113.899 136.446
114.316 136.946
114.316 136.946
114.316 136.946
114.733 137.446
114.733 137.446
115.149 137.946
115.149 137.946
115.149 137.946
115.149 137.946
115.566 138.446
115.983 138.946
115.983 138.946
115.983 138.946
116.399 139.446
116.399 139.446
116.816 139.946
116.816 139.946
116.816 139.946
117.233 140.446
117.233 140.446
117.649 140.946
117.649 140.946
117.649 140.946
117.649 140.946
118.066 141.446
118.066 141.446
118.483 141.946
118.483 141.946
118.483 141.946
118.483 141.946
118.899 142.446
119.316 142.946
119.316 142.946
119.733 143.446
120.149 143.946
120.149 143.946
120.149 143.946
120.566 144.446
120.566 144.446
120.983 144.946
120.983 144.946
120.983 144.946
120.983 144.946
121.399 145.446
121.399 145.446
121.816 145.946
121.816 145.946
121.816 145.946
121.816 145.946
122.233 146.446
122.649 146.946
123.066 147.446
123.066 147.446
123.483 147.946
123.483 147.946
123.899 148.446
123.899 148.446
124.316 148.946
124.316 148.946
124.316 148.946
124.733 149.446
124.733 149.446
125.149 149.946
125.149 149.946
125.149 149.946
125.149 149.946
125.566 150.446
125.983 150.946
126.399 151.446
126.816 151.946
126.816 151.946
126.816 151.946
127.592 152.877
128.026 153.398
128.483 153.946
128.483 153.946
128.483 153.946
128.483 153.946
128.529 154.002
128.899 154.446
128.899 154.446
129.316 154.946
129.316 154.946
129.733 155.446
130.149 155.946
130.149 155.946
130.149 155.946
130.566 156.446
130.566 156.446
130.983 156.946
130.983 156.946
131.399 157.446
131.816 157.946
131.816 157.946
131.816 157.946
132.233 158.446
132.233 158.446
132.649 158.946
132.649 158.946
133.066 159.446
133.483 159.946
133.483 159.946
133.483 159.946
133.899 160.446
134.316 160.946
134.524 161.196
134.733 161.446
134.733 161.446
134.941 161.696
135.149 161.946
135.149 161.946
135.149 161.946
135.149 161.946
135.983 162.946
136.399 163.446
136.816 163.946
136.816 163.946
136.816 163.946
137.233 164.446
137.233 164.446
137.649 164.946
137.649 164.946
138.066 165.446
138.066 165.446
138.483 165.946
138.483 165.946
138.899 166.446
138.899 166.446
139.108 166.696
139.316 166.946
139.316 166.946
139.733 167.446
139.733 167.446
140.146 167.946
140.146 167.946
140.146 167.946
140.146 167.946
140.557 168.446
140.968 168.946
141.379 169.446
141.79 169.946
141.79 169.946
141.79 169.946
142.201 170.446
142.612 170.946
142.612 170.946
142.612 170.946
143.027 171.446
143.444 171.946
143.444 171.946
143.861 172.446
143.861 172.446
144.277 172.946
144.694 173.446
144.694 173.446
144.902 173.696
145.111 173.946
145.111 173.946
145.111 173.946
145.111 173.946
145.527 174.446
145.944 174.946
146.361 175.446
146.569 175.696
146.777 175.946
146.777 175.946
146.777 175.946
146.777 175.946
148.444 177.946
148.444 177.946
148.444 177.946
148.861 178.446
149.277 178.946
149.277 178.946
149.694 179.446
150.111 179.946
150.111 179.946
150.111 179.946
150.527 180.446
150.527 180.446
150.944 180.946
150.944 180.946
151.361 181.446
151.569 181.696
151.777 181.946
151.777 181.946
151.777 181.946
151.777 181.946
152.194 182.446
152.611 182.946
152.611 182.946
153.027 183.446
153.444 183.946
153.444 183.946
153.859 184.444
153.861 184.446
154.262 184.927
154.277 184.946
154.694 185.446
154.699 185.452
155.104 185.937
155.111 185.946
155.111 185.946
155.527 186.446
155.944 186.946
155.944 186.946
156.361 187.446
156.361 187.446
156.777 187.946
156.777 187.946
156.777 187.946
156.777 187.946
157.194 188.446
157.611 188.946
157.611 188.946
158.027 189.446
158.444 189.946
158.444 189.946
158.444 189.946
158.861 190.446
158.861 190.446
159.277 190.946
159.694 191.446
159.902 191.696
160.11 191.946
160.527 192.446
160.944 192.946
160.944 192.946
160.944 192.946
161.36 193.446
161.36 193.446
161.777 193.946
161.777 193.946
161.777 193.946
162.194 194.446
162.194 194.446
162.61 194.946
162.61 194.946
163.027 195.446
163.027 195.446
163.444 195.946
163.444 195.946
163.86 196.446
164.277 196.946
164.277 196.946
164.277 196.946
165.11 197.946
165.11 197.946
165.11 197.946
165.11 197.946
165.527 198.446
165.527 198.446
165.944 198.946
165.944 198.946
166.352 199.435
166.36 199.446
166.753 199.917
166.777 199.946
167.194 200.446
167.562 200.887
167.61 200.946
168.432 201.931
168.444 201.946
168.444 201.946
168.444 201.946
168.86 202.446
169.277 202.946
169.277 202.946
169.277 202.946
169.694 203.446
170.11 203.946
170.11 203.946
170.11 203.946
170.11 203.946
170.527 204.446
170.527 204.446
170.944 204.946
171.36 205.446
171.569 205.696
171.777 205.946
171.777 205.946
171.777 205.946
171.777 205.946
172.61 206.946
173.027 207.446
173.027 207.446
173.235 207.696
173.444 207.946
173.444 207.946
173.444 207.946
173.444 207.946
173.86 208.446
174.277 208.946
174.694 209.446
175.11 209.946
175.11 209.946
175.527 210.446
175.944 210.946
175.944 210.946
176.36 211.446
176.36 211.446
176.777 211.946
176.777 211.946
176.777 211.946
177.194 212.446
177.194 212.446
177.61 212.946
178.027 213.446
178.027 213.446
178.235 213.696
178.444 213.946
178.444 213.946
178.444 213.946
178.86 214.446
179.277 214.946
179.321 214.998
179.694 215.446
179.701 215.454
180.107 215.942
180.11 215.946
180.52 216.438
180.527 216.446
180.916 216.912
180.944 216.946
181.334 217.415
181.36 217.446
181.753 217.917
181.777 217.946
181.777 217.946
182.194 218.446
182.61 218.946
182.61 218.946
183.027 219.446
183.027 219.446
183.444 219.946
183.444 219.946
183.444 219.946
183.444 219.946
183.86 220.446
184.277 220.946
184.277 220.946
184.277 220.946
184.694 221.446
184.694 221.446
185.11 221.946
185.11 221.946
185.11 221.946
185.527 222.446
185.527 222.446
185.944 222.946
186.36 223.446
186.777 223.946
187.149 224.392
187.194 224.446
187.574 224.902
187.61 224.946
187.61 224.946
187.61 224.946
187.979 225.387
188.027 225.446
188.027 225.446
188.421 225.919
188.425 225.923
188.444 225.946
188.444 225.946
188.444 225.946
188.86 226.446
188.86 226.446
189.277 226.946
189.277 226.946
189.694 227.446
189.694 227.446
190.11 227.946
190.11 227.946
190.527 228.446
190.944 228.946
190.944 228.946
190.944 228.946
190.944 228.946
191.341 229.423
191.36 229.446
191.765 229.931
191.777 229.946
191.777 229.946
191.777 229.946
191.777 229.946
192.194 230.446
192.194 230.446
192.606 230.946
193.017 231.446
193.428 231.946
193.82 232.423
193.839 232.446
193.839 232.446
194.224 232.915
194.25 232.946
194.25 232.946
194.462 233.204
194.661 233.446
194.661 233.446
194.666 233.452
194.866 233.696
195.071 233.946
195.071 233.946
195.071 233.946
195.071 233.946
195.087 233.965
195.482 234.446
195.482 234.446
195.898 234.946
195.898 234.946
195.898 234.946
196.314 235.446
196.314 235.446
196.731 235.946
196.731 235.946
196.731 235.946
197.142 236.44
197.148 236.446
197.333 236.669
197.54 236.917
197.564 236.946
197.564 236.946
197.564 236.946
197.957 237.417
197.981 237.446
198.34 237.877
198.398 237.946
198.398 237.946
198.398 237.946
198.814 238.446
199.231 238.946
199.231 238.946
199.648 239.446
200.026 239.9
200.064 239.946
200.064 239.946
200.064 239.946
200.064 239.946
200.422 240.375
200.481 240.446
200.481 240.446
200.849 240.887
200.898 240.946
200.898 240.946
201.05 241.129
201.271 241.394
201.314 241.446
201.314 241.446
201.488 241.654
201.714 241.925
201.731 241.946
201.731 241.946
201.731 241.946
202.148 242.446
202.564 242.946
202.564 242.946
202.564 242.946
202.981 243.446
202.981 243.446
203.398 243.946
203.398 243.946
203.398 243.946
203.814 244.446
203.814 244.446
204.231 244.946
204.231 244.946
204.231 244.946
204.648 245.446
204.648 245.446
205.064 245.946
205.064 245.946
205.064 245.946
205.064 245.946
205.064 245.946
205.885 246.931
205.898 246.946
205.898 246.946
205.898 246.946
206.092 247.179
206.311 247.442
206.314 247.446
206.505 247.675
206.731 247.946
206.731 247.946
207.148 248.446
207.148 248.446
207.538 248.915
207.564 248.946
207.564 248.946
207.564 248.946
207.736 249.152
207.965 249.427
207.981 249.446
207.981 249.446
208.151 249.65
208.352 249.892
208.398 249.946
208.398 249.946
208.398 249.946
208.398 249.946
209.231 250.946
209.231 250.946
209.648 251.446
210.064 251.946
210.064 251.946
210.064 251.946
210.481 252.446
210.481 252.446
210.898 252.946
210.898 252.946
210.898 252.946
210.898 252.946
211.314 253.446
211.731 253.946
211.731 253.946
211.731 253.946
211.731 253.946
212.148 254.446
212.564 254.946
212.965 255.427
212.981 255.446
213.375 255.919
213.398 255.946
213.398 255.946
213.398 255.946
213.564 256.146
213.779 256.404
213.814 256.446
213.99 256.656
213.995 256.663
214.189 256.896
214.231 256.946
214.231 256.946
214.246 256.965
214.404 257.154
214.635 257.431
214.644 257.442
214.648 257.446
214.87 257.712
215.064 257.946
215.064 257.946
215.064 257.946
215.064 257.946
215.097 257.985
215.481 258.446
215.481 258.446
215.898 258.946
215.898 258.946
215.898 258.946
216.314 259.446
216.314 259.446
216.731 259.946
216.731 259.946
216.731 259.946
217.109 260.4
217.148 260.446
217.502 260.871
217.564 260.946
217.564 260.946
217.564 260.946
217.564 260.946
217.937 261.394
217.981 261.446
218.371 261.915
218.398 261.946
218.398 261.946
218.398 261.946
218.398 261.946
218.814 262.446
218.814 262.446
219.231 262.946
219.231 262.946
219.231 262.946
219.632 263.427
219.648 263.446
220.016 263.887
220.064 263.946
220.064 263.946
220.064 263.946
220.481 264.446
220.481 264.446
220.898 264.946
220.898 264.946
220.898 264.946
221.314 265.446
221.314 265.446
221.731 265.946
221.731 265.946
221.731 265.946
221.731 265.946
222.148 266.446
222.564 266.946
222.564 266.946
222.564 266.946
222.981 267.446
222.981 267.446
223.398 267.946
223.398 267.946
223.398 267.946
223.814 268.446
223.814 268.446
224.231 268.946
224.231 268.946
224.231 268.946
224.231 268.946
224.648 269.446
224.648 269.446
225.064 269.946
225.064 269.946
225.064 269.946
225.064 269.946
225.481 270.446
225.898 270.946
225.898 270.946
226.314 271.446
226.731 271.946
226.731 271.946
226.731 271.946
227.148 272.446
227.148 272.446
227.564 272.946
227.564 272.946
227.564 272.946
227.564 272.946
227.981 273.446
227.981 273.446
228.398 273.946
228.398 273.946
228.398 273.946
228.398 273.946
228.814 274.446
229.231 274.946
229.648 275.446
229.648 275.446
230.064 275.946
230.064 275.946
230.481 276.446
230.481 276.446
230.898 276.946
230.898 276.946
230.898 276.946
231.314 277.446
231.314 277.446
231.731 277.946
231.731 277.946
231.731 277.946
231.731 277.946
232.148 278.446
232.564 278.946
232.981 279.446
233.398 279.946
233.398 279.946
233.398 279.946
234.174 280.877
234.608 281.398
235.064 281.946
235.064 281.946
235.064 281.946
235.111 282.002
235.481 282.446
235.898 282.946
235.898 282.946
235.898 282.946
236.314 283.446
236.314 283.446
236.731 283.946
236.731 283.946
236.731 283.946
237.148 284.446
237.148 284.446
237.564 284.946
237.564 284.946
237.981 285.446
237.981 285.446
238.029 285.504
238.219 285.731
238.397 285.946
238.397 285.946
238.397 285.946
238.432 285.988
238.87 286.512
239.075 286.758
239.231 286.946
239.231 286.946
239.292 287.019
239.496 287.265
239.647 287.446
239.647 287.446
239.663 287.465
239.877 287.721
240.065 287.946
240.065 287.946
240.065 287.946
240.065 287.946
240.353 288.262
240.501 288.423
240.522 288.446
240.522 288.446
240.524 288.448
240.538 288.462
240.755 288.698
240.955 288.915
240.984 288.946
240.984 288.946
240.984 288.946
240.986 288.948
241.222 289.204
241.445 289.446
241.447 289.448
241.451 289.452
241.676 289.696
241.903 289.946
241.903 289.946
241.903 289.946
241.903 289.946
241.919 289.965
242.332 290.446
242.332 290.446
242.76 290.946
242.76 290.946
242.76 290.946
243.189 291.446
243.189 291.446
243.617 291.946
243.617 291.946
243.617 291.946
244.041 292.44
244.046 292.446
244.237 292.669
244.45 292.917
244.475 292.946
244.475 292.946
244.475 292.946
244.863 293.417
244.887 293.446
245.242 293.877
245.298 293.946
245.298 293.946
245.298 293.946
245.709 294.446
246.12 294.946
246.12 294.946
246.531 295.446
246.905 295.9
246.942 295.946
246.942 295.946
246.942 295.946
246.942 295.946
247.304 296.375
247.363 296.446
247.363 296.446
247.737 296.887
247.786 296.946
247.786 296.946
247.941 297.129
248.165 297.394
248.209 297.446
248.209 297.446
248.385 297.654
248.613 297.925
248.631 297.946
248.631 297.946
248.631 297.946
249.054 298.446
249.476 298.946
249.476 298.946
249.476 298.946
249.899 299.446
249.899 299.446
250.321 299.946
250.321 299.946
250.321 299.946
250.744 300.446
250.744 300.446
251.166 300.946
251.166 300.946
251.166 300.946
251.589 301.446
251.589 301.446
252.011 301.946
252.011 301.946
252.011 301.946
252.011 301.946
252.011 301.946
252.844 302.931
252.856 302.946
252.856 302.946
252.856 302.946
253.054 303.179
253.272 303.442
253.275 303.446
253.463 303.675
253.686 303.946
253.686 303.946
254.097 304.446
254.097 304.446
254.482 304.915
254.508 304.946
254.508 304.946
254.508 304.946
254.677 305.152
254.904 305.427
254.919 305.446
254.919 305.446
255.087 305.65
255.285 305.892
255.33 305.946
255.33 305.946
255.33 305.946
255.33 305.946
256.152 306.946
256.152 306.946
256.563 307.446
256.974 307.946
256.974 307.946
256.974 307.946
257.385 308.446
257.385 308.446
257.796 308.946
257.796 308.946
257.796 308.946
257.796 308.946
258.207 309.446
258.618 309.946
258.618 309.946
258.618 309.946
258.618 309.946
259.029 310.446
259.439 310.946
259.835 311.427
259.85 311.446
260.239 311.919
260.261 311.946
260.261 311.946
260.261 311.946
260.426 312.146
260.638 312.404
260.672 312.446
260.851 312.656
260.857 312.663
261.057 312.896
261.099 312.946
261.099 312.946
261.116 312.965
261.278 313.154
261.516 313.431
261.524 313.442
261.528 313.446
261.757 313.712
261.957 313.946
261.957 313.946
261.957 313.946
261.957 313.946
261.991 313.985
262.385 314.446
262.385 314.446
262.804 314.946
262.804 314.946
262.804 314.946
263.221 315.446
263.221 315.446
263.638 315.946
263.638 315.946
263.638 315.946
264.016 316.4
264.054 316.446
264.409 316.871
264.471 316.946
264.471 316.946
264.471 316.946
264.471 316.946
264.844 317.394
264.888 317.446
265.278 317.915
265.304 317.946
265.304 317.946
265.304 317.946
265.304 317.946
265.721 318.446
265.721 318.446
266.138 318.946
266.138 318.946
266.138 318.946
266.539 319.427
266.554 319.446
266.922 319.887
266.971 319.946
266.971 319.946
266.971 319.946
267.388 320.446
267.388 320.446
267.804 320.946
267.804 320.946
267.804 320.946
268.221 321.446
268.221 321.446
268.638 321.946
268.638 321.946
268.638 321.946
268.638 321.946
269.054 322.446
269.471 322.946
269.471 322.946
269.471 322.946
269.888 323.446
269.888 323.446
270.304 323.946
270.304 323.946
270.304 323.946
270.721 324.446
270.721 324.446
271.138 324.946
271.138 324.946
271.138 324.946
271.138 324.946
271.554 325.446
271.554 325.446
271.971 325.946
271.971 325.946
271.971 325.946
271.971 325.946
272.388 326.446
272.804 326.946
272.804 326.946
273.221 327.446
273.638 327.946
273.638 327.946
273.638 327.946
274.054 328.446
274.054 328.446
274.471 328.946
274.471 328.946
274.471 328.946
274.471 328.946
274.888 329.446
274.888 329.446
275.304 329.946
275.304 329.946
275.304 329.946
275.304 329.946
275.721 330.446
276.138 330.946
276.554 331.446
276.554 331.446
276.971 331.946
276.971 331.946
277.388 332.446
277.388 332.446
277.804 332.946
277.804 332.946
277.804 332.946
278.221 333.446
278.221 333.446
278.638 333.946
278.638 333.946
278.638 333.946
278.638 333.946
279.054 334.446
279.471 334.946
279.888 335.446
280.304 335.946
280.304 335.946
280.304 335.946
281.08 336.877
281.514 337.398
281.936 337.904
281.971 337.946
282.018 338.002
282.134 338.142
282.344 338.394
282.388 338.446
282.551 338.642
282.766 338.9
282.804 338.946
282.804 338.946
283.221 339.446
283.638 339.946
284.054 340.446
284.471 340.946
284.888 341.446
285.299 341.94
285.304 341.946
285.49 342.169
285.688 342.406
285.721 342.446
285.896 342.656
286.138 342.946
286.143 342.952
286.554 343.446
286.971 343.946
287.388 344.446
287.804 344.946
288.061 345.254
288.523 345.808
288.61 345.913
288.638 345.946
288.638 345.946
288.834 346.181
289.032 346.419
289.054 346.446
289.054 346.446
289.1 346.5
289.225 346.65
289.436 346.904
289.471 346.946
289.645 347.154
289.846 347.396
289.888 347.446
289.935 347.502
290.304 347.946
290.721 348.446
291.138 348.946
291.534 349.421
291.731 349.658
291.954 349.925
291.971 349.946
291.971 349.946
292.388 350.446
292.596 350.696
292.804 350.946
293.216 351.44
293.221 351.446
293.626 351.931
293.638 351.946
293.822 352.167
294.023 352.408
294.054 352.446
294.209 352.631
294.424 352.89
294.471 352.946
294.61 353.113
294.841 353.39
294.888 353.446
295.028 353.615
295.251 353.881
295.256 353.887
295.277 353.913
295.296 353.935
295.698 354.419
296.094 354.894
296.516 355.4
296.56 355.452
296.751 355.681
296.957 355.929
296.971 355.946
296.985 355.962
297.355 356.406
297.61 356.712
297.759 356.892
297.82 356.965
297.99 357.169
298.183 357.4
298.218 357.442
298.415 357.679
298.556 357.848
298.615 357.919
298.672 357.988
298.719 358.044
299.165 358.579
299.395 358.854
299.615 359.119
299.869 359.423
300.192 359.81
300.594 360.294
301.424 361.29
301.669 361.583
301.945 361.9
302.226 362.223
302.51 362.55
302.89 362.969
302.907 362.987
303.106 363.206
303.31 363.431
303.496 363.635
303.498 363.637
303.718 363.879
303.917 364.098
303.945 364.129
304.159 364.365
304.427 364.656
304.565 364.804
305.061 365.333
305.229 365.512
305.331 365.621
305.47 365.769
305.604 365.913
305.653 365.965
305.878 366.204
306.175 366.521
