0.34375 0.458333
0.34375 0.458333
0.34375 0.458333
0.34375 0.458333
0.34375 0.458333
0.71875 0.958333
1.09375 1.45833
1.09375 1.45833
1.09375 1.45833
1.09375 1.45833
1.46875 1.95833
1.84375 2.45833
1.84375 2.45833
1.84375 2.45833
1.84375 2.45833
1.84375 2.45833
2.21875 2.95833
2.59375 3.45833
2.59375 3.45833
2.59375 3.45833
2.96875 3.95833
3.34375 4.45833
3.34375 4.45833
3.34375 4.45833
3.34375 4.45833
3.34375 4.45833
3.71875 4.95833
4.09375 5.45833
4.09375 5.45833
4.09375 5.45833
4.09375 5.45833
4.46875 5.95833
4.84375 6.45833
4.84375 6.45833
4.84375 6.45833
4.84375 6.45833
4.84375 6.45833
6.34375 8.45833
6.34375 8.45833
6.34375 8.45833
6.34375 8.45833
6.34375 8.45833
6.71875 8.95833
7.09375 9.45833
7.09375 9.45833
7.09375 9.45833
7.09375 9.45833
7.46875 9.95833
7.84375 10.4583
7.84375 10.4583
7.84375 10.4583
7.84375 10.4583
7.84375 10.4583
8.21875 10.9583
8.59375 11.4583
9.34375 12.4583
9.34375 12.4583
9.34375 12.4583
9.34375 12.4583
9.34375 12.4583
10.0938 13.4583
10.8438 14.4583
10.8438 14.4583
10.8438 14.4583
10.8438 14.4583
10.8438 14.4583
10.8438 14.4583
10.8438 14.4583
11.9297 15.9062
12.1156 16.1542
12.2969 16.3958
12.3438 16.4583
12.3438 16.4583
12.3438 16.4583
12.3438 16.4583
12.7188 16.9583
13.0938 17.4583
13.0938 17.4583
13.0938 17.4583
13.4688 17.9583
13.4688 17.9583
13.6562 18.2083
13.8438 18.4583
13.8438 18.4583
14.2188 18.9583
14.5938 19.4583
14.9688 19.9583
15.1562 20.2083
15.3438 20.4583
15.3438 20.4583
15.7188 20.9583
16.0938 21.4583
16.4688 21.9583
16.8438 22.4583
16.8438 22.4583
17.2188 22.9583
17.5938 23.4583
17.9688 23.9583
18.1562 24.2083
18.3438 24.4583
18.3438 24.4583
18.3438 24.4583
18.3438 24.4583
19.4688 25.9583
19.6562 26.2083
19.8438 26.4583
19.8438 26.4583
19.8438 26.4583
19.8438 26.4583
19.8438 26.4583
20.2188 26.9583
20.5938 27.4583
20.9688 27.9583
21.1562 28.2083
21.3438 28.4583
21.3438 28.4583
21.3438 28.4583
21.3438 28.4583
21.7188 28.9583
22.0938 29.4583
22.0938 29.4583
22.4688 29.9583
22.8438 30.4583
22.8438 30.4583
23.5938 31.4583
23.5938 31.4583
24.3438 32.4583
24.3438 32.4583
24.7188 32.9583
25.0938 33.4583
25.0938 33.4583
25.4688 33.9583
25.8438 34.4583
25.8438 34.4583
26.2188 34.9583
26.5938 35.4583
26.5938 35.4583
27.3438 36.4583
27.3438 36.4583
27.3438 36.4583
27.3438 36.4583
27.3438 36.4583
28.4688 37.9583
28.4688 37.9583
28.8438 38.4583
28.8438 38.4583
28.8438 38.4583
29.2188 38.9583
30.3438 40.4583
30.3438 40.4583
30.3438 40.4583
30.3438 40.4583
30.7188 40.9583
31.0938 41.4583
31.0938 41.4583
31.0938 41.4583
31.4688 41.9583
31.8438 42.4583
31.8438 42.4583
31.8438 42.4583
32.2188 42.9583
32.5938 43.4583
32.5938 43.4583
32.5938 43.4583
33.3438 44.4583
33.3438 44.4583
33.3438 44.4583
33.3438 44.4583
33.7188 44.9583
33.7188 44.9583
34.0938 45.4583
34.0938 45.4583
34.4688 45.9583
34.4688 45.9583
34.4688 45.9583
34.8438 46.4583
34.8438 46.4583
34.8438 46.4583
34.8438 46.4583
35.2188 46.9583
35.5938 47.4583
36.3438 48.4583
36.3438 48.4583
36.3438 48.4583
36.3438 48.4583
36.7188 48.9583
36.7188 48.9583
37.0938 49.4583
37.8438 50.4583
37.8438 50.4583
38.5938 51.4583
38.9688 51.9583
39.1563 52.2083
39.3438 52.4583
39.3438 52.4583
39.3438 52.4583
39.3438 52.4583
39.7188 52.9583
39.7188 52.9583
40.0938 53.4583
40.0938 53.4583
40.4688 53.9583
40.8438 54.4583
40.8438 54.4583
40.8438 54.4583
40.8438 54.4583
41.2188 54.9583
41.5938 55.4583
42.3438 56.4583
42.3438 56.4583
42.3438 56.4583
42.3438 56.4583
42.3438 56.4583
42.7188 56.9583
43.0938 57.4583
43.4688 57.9583
43.8438 58.4583
43.8438 58.4583
43.8438 58.4583
43.8438 58.4583
43.8438 58.4583
44.2188 58.9583
44.5938 59.4583
44.9688 59.9583
45.3438 60.4583
45.3438 60.4583
45.3438 60.4583
45.3438 60.4583
45.3438 60.4583
46.0938 61.4583
46.8438 62.4583
46.8438 62.4583
46.8438 62.4583
46.8438 62.4583
46.8438 62.4583
47.2188 62.9583
47.5938 63.4583
47.9688 63.9583
48.3438 64.4583
48.3438 64.4583
48.7188 64.9583
49.0938 65.4583
49.0938 65.4583
49.0938 65.4583
49.4688 65.9583
49.8438 66.4583
49.8438 66.4583
49.8438 66.4583
50.2188 66.9583
50.5938 67.4583
50.5938 67.4583
50.5938 67.4583
50.5938 67.4583
50.9688 67.9583
51.3438 68.4583
51.3438 68.4583
51.3438 68.4583
51.3438 68.4583
51.7188 68.9583
51.7188 68.9583
52.0938 69.4583
52.0938 69.4583
52.4688 69.9583
52.4688 69.9583
52.4688 69.9583
52.8438 70.4583
52.8438 70.4583
53.2188 70.9583
53.5938 71.4583
53.5938 71.4583
53.9688 71.9583
53.9688 71.9583
54.3438 72.4583
54.3438 72.4583
54.7188 72.9583
54.7188 72.9583
55.0938 73.4583
55.0938 73.4583
55.4688 73.9583
55.4688 73.9583
55.8438 74.4583
55.8438 74.4583
56.2188 74.9583
56.5938 75.4583
56.5938 75.4583
56.5938 75.4583
56.9688 75.9583
57.1562 76.2083
57.3438 76.4583
57.7188 76.9583
57.7188 76.9583
58.0938 77.4583
58.0938 77.4583
58.4688 77.9583
58.8438 78.4583
58.8438 78.4583
58.8438 78.4583
60.3438 80.4583
60.3438 80.4583
60.3438 80.4583
60.3438 80.4583
60.3438 80.4583
60.7188 80.9583
61.0938 81.4583
61.4688 81.9583
61.6562 82.2083
61.8438 82.4583
61.8438 82.4583
61.8438 82.4583
61.8438 82.4583
61.8438 82.4583
62.2188 82.9583
62.5938 83.4583
63.3438 84.4583
63.3438 84.4583
63.3438 84.4583
63.3438 84.4583
63.3438 84.4583
63.7188 84.9583
63.7188 84.9583
63.9062 85.2083
64.0938 85.4583
64.0938 85.4583
64.0938 85.4583
64.4688 85.9583
64.8438 86.4583
64.8438 86.4583
64.8438 86.4583
64.8438 86.4583
64.8438 86.4583
65.2188 86.9583
65.2188 86.9583
65.4062 87.2083
65.5938 87.4583
65.5938 87.4583
65.5938 87.4583
65.9688 87.9583
65.9688 87.9583
66.3438 88.4583
66.3438 88.4583
66.3438 88.4583
66.3438 88.4583
66.3438 88.4583
66.7188 88.9583
66.7188 88.9583
67.0938 89.4583
67.0938 89.4583
67.0938 89.4583
67.0938 89.4583
67.4688 89.9583
67.8438 90.4583
67.8438 90.4583
67.8438 90.4583
68.2188 90.9583
68.2188 90.9583
68.5938 91.4583
68.5938 91.4583
68.5938 91.4583
68.9688 91.9583
69.3438 92.4583
69.3438 92.4583
69.3438 92.4583
69.3438 92.4583
69.3438 92.4583
69.7188 92.9583
69.7188 92.9583
69.9062 93.2083
70.0938 93.4583
70.0938 93.4583
70.0938 93.4583
70.4688 93.9583
70.8438 94.4583
70.8438 94.4583
70.8438 94.4583
70.8438 94.4583
70.8438 94.4583
71.2188 94.9583
71.2188 94.9583
71.4062 95.2083
71.5938 95.4583
71.5938 95.4583
71.5938 95.4583
71.9688 95.9583
72.3438 96.4583
72.3438 96.4583
72.3438 96.4583
72.3438 96.4583
72.3438 96.4583
72.7188 96.9583
72.7188 96.9583
73.0938 97.4583
73.0938 97.4583
73.0938 97.4583
73.0938 97.4583
73.4688 97.9583
73.4688 97.9583
73.8438 98.4583
73.8438 98.4583
73.8438 98.4583
73.8438 98.4583
73.8438 98.4583
74.2188 98.9583
74.5938 99.4583
74.5938 99.4583
74.5938 99.4583
74.5938 99.4583
74.9688 99.9583
75.3438 100.458
75.3438 100.458
75.3438 100.458
75.3438 100.458
75.3438 100.458
75.3438 100.458
75.7188 100.958
76.0938 101.458
76.0938 101.458
76.0938 101.458
76.0938 101.458
76.8438 102.458
76.8438 102.458
76.8438 102.458
76.8438 102.458
76.8438 102.458
77.2188 102.958
77.5938 103.458
77.5938 103.458
77.5938 103.458
77.5938 103.458
77.9688 103.958
78.3438 104.458
78.3438 104.458
78.3438 104.458
78.3438 104.458
78.3438 104.458
78.7188 104.958
78.7188 104.958
79.0938 105.458
79.0938 105.458
79.0938 105.458
79.0938 105.458
79.4688 105.958
79.8438 106.458
79.8438 106.458
79.8438 106.458
79.8438 106.458
79.8438 106.458
79.8438 106.458
79.8438 106.458
79.8438 106.458
80.5938 107.458
81.3438 108.458
81.3438 108.458
81.3438 108.458
81.3438 108.458
81.3438 108.458
81.7188 108.958
81.7188 108.958
81.9062 109.208
82.0938 109.458
82.0938 109.458
82.0938 109.458
82.4688 109.958
82.8438 110.458
82.8438 110.458
82.8438 110.458
82.8438 110.458
82.8438 110.458
83.2188 110.958
83.2188 110.958
83.4062 111.208
83.5938 111.458
83.5938 111.458
83.5938 111.458
83.9688 111.958
84.3438 112.458
84.3438 112.458
84.3438 112.458
84.3438 112.458
84.3438 112.458
84.7188 112.958
84.7188 112.958
85.0938 113.458
85.0938 113.458
85.0938 113.458
85.0938 113.458
85.4688 113.958
85.4688 113.958
85.8438 114.458
85.8438 114.458
85.8438 114.458
85.8438 114.458
85.8438 114.458
86.2188 114.958
86.5938 115.458
86.5938 115.458
86.5938 115.458
87.3438 116.458
87.3438 116.458
87.3438 116.458
87.3438 116.458
87.3438 116.458
87.7188 116.958
87.7188 116.958
87.9062 117.208
88.0938 117.458
88.0938 117.458
88.0938 117.458
88.4688 117.958
88.8438 118.458
88.8438 118.458
89.2188 118.958
89.2188 118.958
89.4062 119.208
89.5938 119.458
89.5938 119.458
89.5938 119.458
89.9688 119.958
90.3438 120.458
90.3438 120.458
90.3438 120.458
90.3438 120.458
90.3438 120.458
90.7188 120.958
90.7188 120.958
91.0938 121.458
91.0938 121.458
91.0938 121.458
91.4688 121.958
91.8438 122.458
91.8438 122.458
91.8438 122.458
91.8438 122.458
91.8438 122.458
92.2188 122.958
92.5938 123.458
92.5938 123.458
92.5938 123.458
92.5938 123.458
92.9688 123.958
93.3438 124.458
93.3438 124.458
93.3438 124.458
93.3438 124.458
93.3438 124.458
93.7188 124.958
93.7188 124.958
93.9062 125.208
94.0938 125.458
94.0938 125.458
94.0938 125.458
94.4688 125.958
94.8438 126.458
94.8438 126.458
94.8438 126.458
94.8438 126.458
94.8438 126.458
95.2188 126.958
95.2188 126.958
95.4062 127.208
95.5938 127.458
95.5938 127.458
95.5938 127.458
95.9688 127.958
96.3438 128.458
96.3438 128.458
96.3438 128.458
96.3438 128.458
96.3438 128.458
96.7188 128.958
97.0938 129.458
97.0938 129.458
97.0938 129.458
97.0938 129.458
97.2813 129.708
97.4688 129.958
97.4688 129.958
97.8438 130.458
97.8438 130.458
97.8438 130.458
97.8438 130.458
97.8438 130.458
98.2188 130.958
98.5938 131.458
98.5938 131.458
98.5938 131.458
98.5938 131.458
98.9688 131.958
99.3438 132.458
99.3438 132.458
99.3438 132.458
99.3438 132.458
99.3438 132.458
99.7188 132.958
100.094 133.458
100.094 133.458
100.094 133.458
100.094 133.458
100.844 134.458
100.844 134.458
100.844 134.458
100.844 134.458
100.844 134.458
101.219 134.958
101.594 135.458
101.594 135.458
101.594 135.458
101.594 135.458
101.969 135.958
102.344 136.458
102.344 136.458
102.344 136.458
102.344 136.458
102.344 136.458
102.719 136.958
102.719 136.958
103.094 137.458
103.094 137.458
103.094 137.458
103.094 137.458
103.469 137.958
103.844 138.458
103.844 138.458
103.844 138.458
103.844 138.458
103.844 138.458
103.844 138.458
105.344 140.458
106.844 142.458
106.844 142.458
106.844 142.458
106.844 142.458
106.861 142.481
107.219 142.958
107.236 142.981
107.423 143.231
107.594 143.458
107.594 143.458
107.594 143.458
107.986 143.981
108.344 144.458
108.344 144.458
108.344 144.458
108.344 144.458
108.361 144.481
108.719 144.958
108.736 144.981
108.923 145.231
109.094 145.458
109.094 145.458
109.094 145.458
109.486 145.981
109.844 146.458
109.844 146.458
109.844 146.458
109.844 146.458
109.844 146.458
110.219 146.958
110.594 147.458
110.594 147.458
110.594 147.458
110.969 147.958
111.344 148.458
111.344 148.458
111.344 148.458
111.344 148.458
111.719 148.958
111.719 148.958
112.094 149.458
112.094 149.458
112.094 149.458
112.094 149.458
112.469 149.958
112.844 150.458
112.844 150.458
113.219 150.958
113.594 151.458
113.969 151.958
113.969 151.958
113.969 151.958
114.344 152.458
114.344 152.458
114.344 152.458
114.344 152.458
114.719 152.958
115.094 153.458
115.469 153.958
115.469 153.958
115.844 154.458
115.844 154.458
115.844 154.458
116.219 154.958
116.594 155.458
116.969 155.958
116.969 155.958
116.969 155.958
117.344 156.458
117.344 156.458
117.344 156.458
117.344 156.458
117.344 156.458
117.344 156.458
117.344 156.458
118.469 157.958
118.844 158.458
118.844 158.458
119.219 158.958
119.594 159.458
119.594 159.458
119.969 159.958
119.969 159.958
120.344 160.458
120.344 160.458
120.719 160.958
121.094 161.458
121.469 161.958
121.469 161.958
121.844 162.458
121.844 162.458
122.219 162.958
122.594 163.458
122.594 163.458
122.594 163.458
122.969 163.958
123.344 164.458
123.344 164.458
123.719 164.958
123.719 164.958
124.094 165.458
124.094 165.458
124.469 165.958
124.469 165.958
124.844 166.458
124.844 166.458
124.844 166.458
124.844 166.458
125.219 166.958
125.594 167.458
125.594 167.458
125.969 167.958
125.969 167.958
125.969 167.958
126.719 168.958
127.094 169.458
127.469 169.958
127.844 170.458
127.844 170.458
127.844 170.458
127.844 170.458
128.969 171.958
129.344 172.458
129.719 172.958
130.094 173.458
130.469 173.958
130.844 174.458
130.844 174.458
130.844 174.458
130.844 174.458
130.844 174.458
130.844 174.458
131.219 174.958
131.594 175.458
131.594 175.458
131.594 175.458
131.594 175.458
131.969 175.958
131.969 175.958
132.344 176.458
132.344 176.458
133.094 177.458
133.469 177.958
133.656 178.208
133.844 178.458
133.844 178.458
133.844 178.458
133.844 178.458
133.844 178.458
133.844 178.458
133.844 178.458
134.594 179.458
134.969 179.958
134.969 179.958
134.969 179.958
134.969 179.958
135.156 180.208
135.344 180.458
135.344 180.458
135.344 180.458
136.469 181.958
136.469 181.958
136.469 181.958
136.656 182.208
136.844 182.458
136.844 182.458
136.844 182.458
136.844 182.458
136.844 182.458
137.219 182.958
137.594 183.458
137.969 183.958
137.969 183.958
137.969 183.958
138.344 184.458
138.344 184.458
139.469 185.958
139.656 186.208
139.844 186.458
139.844 186.458
139.844 186.458
139.844 186.458
139.844 186.458
140.031 186.708
140.219 186.958
140.594 187.458
140.969 187.958
140.969 187.958
140.969 187.958
141.719 188.958
141.719 188.958
142.469 189.958
142.469 189.958
142.656 190.208
142.656 190.208
142.844 190.458
142.844 190.458
142.844 190.458
142.844 190.458
142.844 190.458
143.219 190.958
143.219 190.958
143.406 191.208
143.594 191.458
143.969 191.958
143.969 191.958
143.969 191.958
144.156 192.208
144.344 192.458
144.344 192.458
144.719 192.958
145.094 193.458
145.469 193.958
145.469 193.958
145.469 193.958
145.844 194.458
145.844 194.458
145.844 194.458
145.844 194.458
145.844 194.458
146.031 194.708
146.219 194.958
146.406 195.208
146.594 195.458
146.969 195.958
147.156 196.208
147.344 196.458
147.531 196.708
147.719 196.958
147.906 197.208
148.094 197.458
148.844 198.458
148.844 198.458
149.219 198.958
149.594 199.458
149.594 199.458
149.594 199.458
149.969 199.958
150.344 200.458
150.344 200.458
150.344 200.458
150.719 200.958
151.094 201.458
151.094 201.458
151.094 201.458
151.094 201.458
151.469 201.958
151.844 202.458
151.844 202.458
151.844 202.458
151.844 202.458
152.219 202.958
152.219 202.958
152.594 203.458
152.594 203.458
152.969 203.958
152.969 203.958
152.969 203.958
153.344 204.458
153.344 204.458
153.719 204.958
154.094 205.458
154.094 205.458
154.469 205.958
154.469 205.958
154.844 206.458
154.844 206.458
155.219 206.958
155.219 206.958
155.594 207.458
155.594 207.458
155.969 207.958
155.969 207.958
156.344 208.458
156.344 208.458
156.719 208.958
157.094 209.458
157.094 209.458
157.094 209.458
157.469 209.958
157.656 210.208
157.844 210.458
158.219 210.958
158.219 210.958
158.594 211.458
158.594 211.458
158.969 211.958
159.344 212.458
159.344 212.458
159.344 212.458
160.844 214.458
160.844 214.458
160.844 214.458
160.844 214.458
160.844 214.458
161.219 214.958
161.594 215.458
161.969 215.958
162.156 216.208
162.344 216.458
162.344 216.458
162.344 216.458
162.344 216.458
162.344 216.458
162.719 216.958
163.094 217.458
163.844 218.458
163.844 218.458
163.844 218.458
163.844 218.458
163.844 218.458
164.219 218.958
164.219 218.958
164.406 219.208
164.594 219.458
164.594 219.458
164.594 219.458
164.969 219.958
165.344 220.458
165.344 220.458
165.344 220.458
165.344 220.458
165.344 220.458
165.719 220.958
165.719 220.958
165.906 221.208
166.094 221.458
166.094 221.458
166.094 221.458
166.469 221.958
166.469 221.958
166.844 222.458
166.844 222.458
166.844 222.458
166.844 222.458
166.844 222.458
167.219 222.958
167.219 222.958
167.594 223.458
167.594 223.458
167.594 223.458
167.594 223.458
167.969 223.958
168.344 224.458
168.344 224.458
168.344 224.458
168.719 224.958
168.719 224.958
169.094 225.458
169.094 225.458
169.094 225.458
169.469 225.958
169.844 226.458
169.844 226.458
169.844 226.458
169.844 226.458
169.844 226.458
170.219 226.958
170.219 226.958
170.406 227.208
170.594 227.458
170.594 227.458
170.594 227.458
170.969 227.958
171.344 228.458
171.344 228.458
171.344 228.458
171.344 228.458
171.344 228.458
171.719 228.958
171.719 228.958
171.906 229.208
172.094 229.458
172.094 229.458
172.094 229.458
172.469 229.958
172.844 230.458
172.844 230.458
172.844 230.458
172.844 230.458
172.844 230.458
173.219 230.958
173.219 230.958
173.594 231.458
173.594 231.458
173.594 231.458
173.594 231.458
173.969 231.958
173.969 231.958
174.344 232.458
174.344 232.458
174.344 232.458
174.344 232.458
174.344 232.458
174.719 232.958
175.094 233.458
175.094 233.458
175.094 233.458
175.094 233.458
175.469 233.958
175.844 234.458
175.844 234.458
175.844 234.458
175.844 234.458
175.844 234.458
175.844 234.458
176.219 234.958
176.594 235.458
176.594 235.458
176.594 235.458
176.594 235.458
177.344 236.458
177.344 236.458
177.344 236.458
177.344 236.458
177.344 236.458
177.719 236.958
178.094 237.458
178.094 237.458
178.094 237.458
178.094 237.458
178.469 237.958
178.844 238.458
178.844 238.458
178.844 238.458
178.844 238.458
178.844 238.458
179.219 238.958
179.219 238.958
179.594 239.458
179.594 239.458
179.594 239.458
179.594 239.458
179.969 239.958
180.344 240.458
180.344 240.458
180.344 240.458
180.344 240.458
180.344 240.458
180.344 240.458
180.344 240.458
180.344 240.458
181.094 241.458
181.844 242.458
181.844 242.458
181.844 242.458
181.844 242.458
181.844 242.458
182.219 242.958
182.219 242.958
182.406 243.208
182.594 243.458
182.594 243.458
182.594 243.458
182.969 243.958
183.344 244.458
183.344 244.458
183.344 244.458
183.344 244.458
183.344 244.458
183.719 244.958
183.719 244.958
183.906 245.208
184.094 245.458
184.094 245.458
184.094 245.458
184.469 245.958
184.844 246.458
184.844 246.458
184.844 246.458
184.844 246.458
184.844 246.458
185.219 246.958
185.219 246.958
185.594 247.458
185.594 247.458
185.594 247.458
185.594 247.458
185.969 247.958
185.969 247.958
186.344 248.458
186.344 248.458
186.344 248.458
186.344 248.458
186.344 248.458
186.719 248.958
187.094 249.458
187.094 249.458
187.094 249.458
187.844 250.458
187.844 250.458
187.844 250.458
187.844 250.458
187.844 250.458
188.219 250.958
188.219 250.958
188.406 251.208
188.594 251.458
188.594 251.458
188.594 251.458
188.969 251.958
189.344 252.458
189.344 252.458
189.719 252.958
189.719 252.958
189.906 253.208
190.094 253.458
190.094 253.458
190.094 253.458
190.469 253.958
190.844 254.458
190.844 254.458
190.844 254.458
190.844 254.458
190.844 254.458
191.219 254.958
191.219 254.958
191.594 255.458
191.594 255.458
191.594 255.458
191.969 255.958
192.344 256.458
192.344 256.458
192.344 256.458
192.344 256.458
192.344 256.458
192.719 256.958
193.094 257.458
193.094 257.458
193.094 257.458
193.094 257.458
193.469 257.958
193.844 258.458
193.844 258.458
193.844 258.458
193.844 258.458
193.844 258.458
194.219 258.958
194.219 258.958
194.406 259.208
194.594 259.458
194.594 259.458
194.594 259.458
194.969 259.958
195.344 260.458
195.344 260.458
195.344 260.458
195.344 260.458
195.344 260.458
195.719 260.958
195.719 260.958
195.906 261.208
196.094 261.458
196.094 261.458
196.094 261.458
196.469 261.958
196.844 262.458
196.844 262.458
196.844 262.458
196.844 262.458
196.844 262.458
197.219 262.958
197.594 263.458
197.594 263.458
197.594 263.458
197.594 263.458
197.781 263.708
197.969 263.958
197.969 263.958
198.344 264.458
198.344 264.458
198.344 264.458
198.344 264.458
198.344 264.458
198.719 264.958
199.094 265.458
199.094 265.458
199.094 265.458
199.094 265.458
199.469 265.958
199.844 266.458
199.844 266.458
199.844 266.458
199.844 266.458
199.844 266.458
200.219 266.958
200.594 267.458
200.594 267.458
200.594 267.458
200.594 267.458
201.344 268.458
201.344 268.458
201.344 268.458
201.344 268.458
201.344 268.458
201.719 268.958
202.094 269.458
202.094 269.458
202.094 269.458
202.094 269.458
202.469 269.958
202.844 270.458
202.844 270.458
202.844 270.458
202.844 270.458
202.844 270.458
203.219 270.958
203.219 270.958
203.594 271.458
203.594 271.458
203.594 271.458
203.594 271.458
203.969 271.958
204.344 272.458
204.344 272.458
204.344 272.458
204.344 272.458
204.344 272.458
204.344 272.458
205.844 274.458
207.344 276.458
207.344 276.458
207.344 276.458
207.344 276.458
207.361 276.481
207.719 276.958
207.736 276.981
207.923 277.231
208.094 277.458
208.094 277.458
208.094 277.458
208.486 277.981
208.844 278.458
208.844 278.458
208.844 278.458
208.844 278.458
208.861 278.481
209.219 278.958
209.236 278.981
209.423 279.231
209.594 279.458
209.594 279.458
209.594 279.458
209.986 279.981
210.344 280.458
210.344 280.458
210.344 280.458
210.344 280.458
210.344 280.458
210.719 280.958
211.094 281.458
211.094 281.458
211.094 281.458
211.469 281.958
211.844 282.458
211.844 282.458
211.844 282.458
211.844 282.458
212.219 282.958
212.219 282.958
212.594 283.458
212.594 283.458
212.594 283.458
212.594 283.458
212.969 283.958
213.344 284.458
213.344 284.458
213.719 284.958
214.094 285.458
214.469 285.958
214.469 285.958
214.469 285.958
214.844 286.458
214.844 286.458
214.844 286.458
214.844 286.458
215.219 286.958
215.594 287.458
215.969 287.958
215.969 287.958
216.344 288.458
216.344 288.458
216.344 288.458
216.719 288.958
217.094 289.458
217.469 289.958
217.469 289.958
217.469 289.958
217.844 290.458
217.844 290.458
217.844 290.458
217.844 290.458
217.844 290.458
217.844 290.458
217.844 290.458
220.844 294.458
220.844 294.458
221.219 294.958
221.594 295.458
221.594 295.458
221.969 295.958
222.344 296.458
222.344 296.458
222.719 296.958
223.094 297.458
223.094 297.458
223.844 298.458
223.844 298.458
223.844 298.458
223.844 298.458
223.844 298.458
224.969 299.958
224.969 299.958
225.344 300.458
225.344 300.458
225.344 300.458
225.719 300.958
226.844 302.458
226.844 302.458
226.844 302.458
226.844 302.458
227.219 302.958
227.594 303.458
227.594 303.458
227.594 303.458
227.969 303.958
228.344 304.458
228.344 304.458
228.344 304.458
228.719 304.958
229.094 305.458
229.094 305.458
229.094 305.458
229.844 306.458
229.844 306.458
229.844 306.458
229.844 306.458
230.219 306.958
230.219 306.958
230.594 307.458
230.594 307.458
230.969 307.958
230.969 307.958
230.969 307.958
231.344 308.458
231.344 308.458
231.344 308.458
231.344 308.458
231.719 308.958
232.094 309.458
232.844 310.458
232.844 310.458
232.844 310.458
232.844 310.458
233.219 310.958
233.219 310.958
233.594 311.458
234.344 312.458
234.344 312.458
235.094 313.458
235.469 313.958
235.656 314.208
235.844 314.458
235.844 314.458
235.844 314.458
235.844 314.458
236.219 314.958
236.219 314.958
236.594 315.458
236.594 315.458
236.969 315.958
237.344 316.458
237.344 316.458
237.344 316.458
237.344 316.458
237.719 316.958
238.094 317.458
238.844 318.458
238.844 318.458
238.844 318.458
238.844 318.458
238.844 318.458
239.219 318.958
239.594 319.458
239.969 319.958
240.344 320.458
240.344 320.458
240.344 320.458
240.344 320.458
240.344 320.458
240.719 320.958
241.094 321.458
241.469 321.958
241.844 322.458
241.844 322.458
241.844 322.458
241.844 322.458
241.844 322.458
242.594 323.458
243.344 324.458
243.344 324.458
243.344 324.458
243.344 324.458
243.344 324.458
243.719 324.958
244.094 325.458
244.469 325.958
244.844 326.458
244.844 326.458
245.219 326.958
245.594 327.458
245.594 327.458
245.594 327.458
245.969 327.958
246.344 328.458
246.344 328.458
246.344 328.458
246.719 328.958
247.094 329.458
247.094 329.458
247.094 329.458
247.094 329.458
247.469 329.958
247.844 330.458
247.844 330.458
247.844 330.458
247.844 330.458
248.219 330.958
248.219 330.958
248.594 331.458
248.594 331.458
248.969 331.958
248.969 331.958
248.969 331.958
249.344 332.458
249.719 332.958
249.719 332.958
250.094 333.458
250.094 333.458
250.469 333.958
250.469 333.958
250.844 334.458
250.844 334.458
250.844 334.458
250.844 334.458
251.219 334.958
251.594 335.458
251.594 335.458
251.969 335.958
251.969 335.958
251.969 335.958
253.844 338.458
253.844 338.458
253.844 338.458
253.844 338.458
254.219 338.958
254.594 339.458
254.969 339.958
254.969 339.958
255.344 340.458
255.719 340.958
256.094 341.458
256.469 341.958
256.844 342.458
256.844 342.458
256.844 342.458
257.219 342.958
257.594 343.458
257.594 343.458
257.594 343.458
257.969 343.958
257.969 343.958
258.156 344.208
258.719 344.958
259.094 345.458
259.094 345.458
259.844 346.458
259.844 346.458
260.219 346.958
260.594 347.458
260.594 347.458
260.594 347.458
260.969 347.958
260.969 347.958
261.344 348.458
261.344 348.458
261.344 348.458
261.344 348.458
261.719 348.958
262.094 349.458
262.094 349.458
262.469 349.958
262.469 349.958
262.844 350.458
262.844 350.458
263.219 350.958
263.594 351.458
263.594 351.458
263.594 351.458
263.969 351.958
263.969 351.958
263.969 351.958
264.344 352.458
264.344 352.458
264.344 352.458
264.344 352.458
264.719 352.958
265.094 353.458
265.844 354.458
265.844 354.458
265.844 354.458
265.844 354.458
265.844 354.458
266.219 354.958
266.406 355.208
266.594 355.458
266.781 355.708
266.969 355.958
267.156 356.208
267.531 356.708
267.531 356.708
267.531 356.708
267.531 356.708
267.719 356.958
268.094 357.458
268.469 357.958
269.031 358.708
270.344 360.458
270.344 360.458
270.531 360.708
270.531 360.708
270.906 361.208
271.469 361.958
272.798 363.731
272.986 363.981
