3.525 4.1125
3.95357 4.6125
4.38214 5.1125
4.38214 5.1125
4.38214 5.1125
4.81071 5.6125
5.23928 6.1125
5.66785 6.6125
6.09642 7.1125
6.09642 7.1125
6.09642 7.1125
6.52499 7.6125
6.95356 8.1125
7.38214 8.6125
7.81071 9.1125
7.81071 9.1125
8.23928 9.6125
8.66785 10.1125
9.09642 10.6125
9.52499 11.1125
9.52499 11.1125
10.3821 12.1125
10.8107 12.6125
11.2393 13.1125
11.2393 13.1125
11.6678 13.6125
12.0964 14.1125
12.525 14.6125
12.9536 15.1125
12.9536 15.1125
13.3821 15.6125
13.8107 16.1125
14.2393 16.6125
14.6678 17.1125
14.6678 17.1125
15.0964 17.6125
15.525 18.1125
15.9536 18.6125
16.3821 19.1125
16.3821 19.1125
17.2393 20.1125
17.2393 20.1125
17.6678 20.6125
17.6678 20.6125
18.0964 21.1125
18.0964 21.1125
18.0964 21.1125
18.0964 21.1125
18.525 21.6125
18.525 21.6125
18.9536 22.1125
18.9536 22.1125
19.3821 22.6125
19.3821 22.6125
19.8107 23.1125
19.8107 23.1125
19.8107 23.1125
19.8107 23.1125
20.2393 23.6125
20.2393 23.6125
20.6678 24.1125
20.6678 24.1125
21.0964 24.6125
21.0964 24.6125
21.525 25.1125
21.525 25.1125
21.525 25.1125
21.7393 25.3625
21.9535 25.6125
22.1678 25.8625
22.3821 26.1125
22.3821 26.1125
22.8107 26.6125
23.2393 27.1125
23.2393 27.1125
24.0964 28.1125
24.0964 28.1125
24.525 28.6125
24.525 28.6125
24.9535 29.1125
24.9535 29.1125
24.9535 29.1125
25.3821 29.6125
25.3821 29.6125
25.8107 30.1125
25.8107 30.1125
26.2393 30.6125
26.2393 30.6125
26.6678 31.1125
26.6678 31.1125
26.6678 31.1125
27.0964 31.6125
27.0964 31.6125
27.525 32.1125
27.525 32.1125
27.9535 32.6125
27.9535 32.6125
28.3821 33.1125
28.3821 33.1125
28.3821 33.1125
28.5964 33.3625
28.8107 33.6125
29.2393 34.1125
29.2393 34.1125
29.6678 34.6125
30.0964 35.1125
30.0964 35.1125
30.9535 36.1125
30.9535 36.1125
31.3821 36.6125
31.3821 36.6125
31.8107 37.1125
31.8107 37.1125
31.8107 37.1125
31.8107 37.1125
32.2393 37.6125
32.2393 37.6125
32.6678 38.1125
32.6678 38.1125
33.0964 38.6125
33.0964 38.6125
33.3107 38.8625
33.525 39.1125
33.525 39.1125
33.525 39.1125
33.9535 39.6125
34.1678 39.8625
34.3821 40.1125
34.3821 40.1125
34.8107 40.6125
34.8107 40.6125
35.2393 41.1125
35.2393 41.1125
35.2393 41.1125
35.6678 41.6125
35.6678 41.6125
35.8821 41.8625
36.0964 42.1125
36.525 42.6125
36.9535 43.1125
36.9535 43.1125
37.8107 44.1125
37.8107 44.1125
38.2392 44.6125
38.2392 44.6125
38.6678 45.1125
38.6678 45.1125
38.6678 45.1125
39.0964 45.6125
39.0964 45.6125
39.525 46.1125
39.525 46.1125
39.9535 46.6125
39.9535 46.6125
40.3821 47.1125
40.3821 47.1125
40.3821 47.1125
40.8107 47.6125
40.8107 47.6125
41.2392 48.1125
41.2392 48.1125
41.6678 48.6125
41.6678 48.6125
42.0964 49.1125
42.0964 49.1125
42.0964 49.1125
42.525 49.6125
42.525 49.6125
42.7392 49.8625
42.9535 50.1125
43.3821 50.6125
43.8107 51.1125
43.8107 51.1125
44.4535 51.8625
44.6678 52.1125
44.6678 52.1125
45.0964 52.6125
45.0964 52.6125
45.525 53.1125
45.525 53.1125
45.525 53.1125
45.525 53.1125
45.9535 53.6125
45.9535 53.6125
46.3821 54.1125
46.3821 54.1125
46.8107 54.6125
46.8107 54.6125
47.2392 55.1125
47.2392 55.1125
47.2392 55.1125
47.2392 55.1125
47.2392 55.1125
47.6678 55.6125
47.6678 55.6125
47.6678 55.6125
48.0964 56.1125
48.0964 56.1125
48.0964 56.1125
48.525 56.6125
48.525 56.6125
48.525 56.6125
48.9535 57.1125
48.9535 57.1125
48.9535 57.1125
48.9535 57.1125
49.3821 57.6125
49.3821 57.6125
49.3821 57.6125
49.5964 57.8625
49.5964 57.8625
49.8107 58.1125
49.8107 58.1125
49.8107 58.1125
50.2392 58.6125
50.6678 59.1125
50.6678 59.1125
51.0964 59.6125
51.3107 59.8625
51.5249 60.1125
51.5249 60.1125
51.9535 60.6125
51.9535 60.6125
52.3821 61.1125
52.3821 61.1125
52.3821 61.1125
52.8107 61.6125
52.8107 61.6125
53.2392 62.1125
53.2392 62.1125
53.6678 62.6125
53.6678 62.6125
54.0964 63.1125
54.0964 63.1125
54.0964 63.1125
54.0964 63.1125
54.5249 63.6125
54.5249 63.6125
54.5249 63.6125
54.9535 64.1125
54.9535 64.1125
54.9535 64.1125
55.3821 64.6125
55.3821 64.6125
55.3821 64.6125
55.8107 65.1125
55.8107 65.1125
55.8107 65.1125
55.8107 65.1125
56.2392 65.6125
56.2392 65.6125
56.2392 65.6125
56.4535 65.8625
56.4535 65.8625
56.6678 66.1125
56.6678 66.1125
56.6678 66.1125
57.0964 66.6125
57.5249 67.1125
57.5249 67.1125
58.3821 68.1125
58.3821 68.1125
58.3821 68.1125
58.3821 68.1125
58.8107 68.6125
58.8107 68.6125
59.2392 69.1125
59.2392 69.1125
59.4535 69.3625
59.6678 69.6125
59.6678 69.6125
60.0964 70.1125
60.0964 70.1125
60.0964 70.1125
60.0964 70.1125
60.5249 70.6125
60.5249 70.6125
60.9535 71.1125
60.9535 71.1125
61.1678 71.3625
61.3821 71.6125
61.3821 71.6125
61.8107 72.1125
61.8107 72.1125
61.8107 72.1125
61.8107 72.1125
62.2392 72.6125
62.2392 72.6125
62.6678 73.1125
62.6678 73.1125
62.8821 73.3625
62.8821 73.3625
63.0964 73.6125
63.3107 73.8625
63.5249 74.1125
63.5249 74.1125
63.5249 74.1125
63.9535 74.6125
64.3821 75.1125
64.3821 75.1125
64.8106 75.6125
65.0249 75.8625
65.2392 76.1125
65.2392 76.1125
65.2392 76.1125
65.6678 76.6125
65.6678 76.6125
66.0964 77.1125
66.0964 77.1125
66.3106 77.3625
66.5249 77.6125
66.5249 77.6125
66.9535 78.1125
66.9535 78.1125
66.9535 78.1125
66.9535 78.1125
67.3821 78.6125
67.3821 78.6125
67.8106 79.1125
67.8106 79.1125
68.0249 79.3625
68.2392 79.6125
68.2392 79.6125
68.6678 80.1125
68.6678 80.1125
68.6678 80.1125
68.6678 80.1125
69.0964 80.6125
69.0964 80.6125
69.5249 81.1125
69.5249 81.1125
69.5249 81.1125
69.7392 81.3625
69.9535 81.6125
70.3821 82.1125
70.3821 82.1125
70.3821 82.1125
70.8106 82.6125
71.2392 83.1125
71.4535 83.3625
71.6678 83.6125
72.0964 84.1125
72.0964 84.1125
72.0964 84.1125
72.0964 84.1125
72.5249 84.6125
72.5249 84.6125
72.9535 85.1125
72.9535 85.1125
73.1678 85.3625
73.3821 85.6125
73.3821 85.6125
73.8106 86.1125
73.8106 86.1125
73.8106 86.1125
73.8106 86.1125
74.2392 86.6125
74.2392 86.6125
74.4535 86.8625
74.6678 87.1125
74.8821 87.3625
75.0964 87.6125
75.3106 87.8625
75.5249 88.1125
75.5249 88.1125
75.5249 88.1125
75.5249 88.1125
75.9535 88.6125
75.9535 88.6125
76.3821 89.1125
76.3821 89.1125
76.5964 89.3625
76.8106 89.6125
76.8106 89.6125
77.0249 89.8625
77.2392 90.1125
77.2392 90.1125
77.6678 90.6125
78.0964 91.1125
78.0964 91.1125
78.5249 91.6125
78.7392 91.8625
78.9535 92.1125
78.9535 92.1125
78.9535 92.1125
79.3821 92.6125
79.3821 92.6125
79.8106 93.1125
79.8106 93.1125
80.0249 93.3625
80.2392 93.6125
80.2392 93.6125
80.6678 94.1125
80.6678 94.1125
80.6678 94.1125
80.6678 94.1125
81.0963 94.6125
81.0963 94.6125
81.5249 95.1125
81.5249 95.1125
81.7392 95.3625
81.9535 95.6125
81.9535 95.6125
82.3821 96.1125
82.3821 96.1125
82.3821 96.1125
82.3821 96.1125
82.8106 96.6125
82.8106 96.6125
83.2392 97.1125
83.2392 97.1125
83.2392 97.1125
83.6678 97.6125
83.6678 97.6125
83.8821 97.8625
84.0963 98.1125
84.0963 98.1125
84.5249 98.6125
84.9535 99.1125
85.1678 99.3625
85.3821 99.6125
85.8106 100.112
85.8106 100.112
85.8106 100.112
85.8106 100.112
86.2392 100.613
86.2392 100.613
86.6678 101.112
86.6678 101.112
86.8821 101.362
87.0963 101.612
87.0963 101.612
87.5249 102.112
87.5249 102.112
87.5249 102.112
87.5249 102.112
87.9535 102.612
87.9535 102.612
88.3821 103.112
88.3821 103.112
88.5963 103.363
88.8106 103.612
88.8106 103.612
89.2392 104.112
89.2392 104.112
89.2392 104.112
89.2392 104.112
89.6678 104.612
89.6678 104.612
90.0963 105.112
90.0963 105.112
90.3106 105.362
90.5249 105.612
90.5249 105.612
90.7392 105.862
90.9535 106.113
90.9535 106.113
91.3821 106.612
91.8106 107.112
91.8106 107.112
92.2392 107.612
92.4535 107.862
92.6678 108.112
92.6678 108.112
92.6678 108.112
92.6678 108.112
93.0963 108.612
93.0963 108.612
93.5249 109.112
93.5249 109.112
93.5249 109.112
93.7392 109.362
93.9535 109.612
93.9535 109.612
94.382 110.112
94.382 110.112
94.382 110.112
94.382 110.112
94.8106 110.612
94.8106 110.612
95.2392 111.112
95.2392 111.112
95.2392 111.112
95.6678 111.612
95.6678 111.612
95.882 111.862
96.0963 112.112
96.0963 112.112
96.5249 112.612
96.5249 112.612
96.9535 113.112
96.9535 113.112
96.9535 113.112
96.9535 113.112
97.1678 113.362
97.1678 113.362
97.382 113.612
97.8106 114.112
97.8106 114.112
97.8106 114.112
97.8106 114.112
98.2392 114.612
98.6678 115.112
98.882 115.362
99.0963 115.612
99.3106 115.863
99.5249 116.112
99.5249 116.112
99.5249 116.112
99.5249 116.112
99.9535 116.612
99.9535 116.612
100.382 117.112
100.382 117.112
100.596 117.362
100.811 117.612
100.811 117.612
101.239 118.112
101.239 118.112
101.239 118.112
101.239 118.112
101.668 118.613
101.668 118.613
102.096 119.112
102.096 119.112
102.311 119.362
102.525 119.612
102.525 119.612
102.953 120.112
102.953 120.112
102.953 120.112
102.953 120.112
103.382 120.612
103.382 120.612
103.811 121.112
103.811 121.112
104.025 121.363
104.239 121.612
104.239 121.612
104.453 121.862
104.668 122.112
104.668 122.112
104.668 122.112
105.096 122.612
105.525 123.112
105.525 123.112
105.739 123.362
105.953 123.612
106.168 123.862
106.382 124.113
106.382 124.113
106.382 124.113
106.382 124.113
106.811 124.612
106.811 124.612
107.239 125.112
107.239 125.112
107.239 125.112
107.453 125.362
107.668 125.612
107.668 125.612
108.096 126.112
108.096 126.112
108.096 126.112
108.096 126.112
108.525 126.612
108.525 126.612
108.953 127.112
108.953 127.112
108.953 127.112
109.382 127.612
109.382 127.612
109.596 127.862
109.811 128.113
109.811 128.113
110.239 128.613
110.239 128.613
110.668 129.113
110.668 129.113
110.668 129.113
110.668 129.113
110.882 129.363
110.882 129.363
111.096 129.613
111.525 130.113
111.525 130.113
111.525 130.113
111.525 130.113
111.953 130.613
112.382 131.113
112.596 131.363
112.811 131.613
113.025 131.863
113.239 132.113
113.239 132.113
113.239 132.113
113.239 132.113
113.668 132.613
113.668 132.613
114.096 133.113
114.096 133.113
114.311 133.363
114.525 133.613
114.525 133.613
114.953 134.113
114.953 134.113
114.953 134.113
114.953 134.113
115.382 134.613
115.382 134.613
115.811 135.113
115.811 135.113
116.025 135.363
116.239 135.613
116.239 135.613
116.668 136.113
116.668 136.113
116.668 136.113
116.668 136.113
117.096 136.613
117.096 136.613
117.525 137.113
117.525 137.113
117.739 137.363
117.953 137.613
117.953 137.613
118.168 137.863
118.382 138.113
118.382 138.113
118.811 138.613
119.239 139.113
119.239 139.113
119.668 139.613
119.882 139.863
120.096 140.113
120.096 140.113
120.096 140.113
120.096 140.113
120.525 140.613
120.525 140.613
120.953 141.113
120.953 141.113
120.953 141.113
121.168 141.363
121.382 141.613
121.382 141.613
121.811 142.113
121.811 142.113
121.811 142.113
121.811 142.113
122.239 142.613
122.239 142.613
122.668 143.113
122.668 143.113
122.668 143.113
123.096 143.613
123.096 143.613
123.311 143.863
123.525 144.113
123.525 144.113
123.953 144.613
123.953 144.613
124.382 145.113
124.382 145.113
124.382 145.113
124.382 145.113
124.596 145.363
124.596 145.363
124.811 145.613
125.239 146.113
125.239 146.113
125.239 146.113
125.239 146.113
125.668 146.613
126.096 147.113
126.311 147.363
126.525 147.613
126.739 147.863
126.953 148.113
126.953 148.113
126.953 148.113
126.953 148.113
127.382 148.613
127.382 148.613
127.811 149.113
127.811 149.113
128.025 149.363
128.239 149.613
128.239 149.613
128.668 150.113
128.668 150.113
128.668 150.113
128.668 150.113
129.096 150.613
129.096 150.613
129.525 151.112
129.525 151.112
129.739 151.363
129.953 151.613
129.953 151.613
130.382 152.113
130.382 152.113
130.382 152.113
130.382 152.113
130.811 152.613
130.811 152.613
131.239 153.113
131.239 153.113
131.453 153.363
131.668 153.613
131.668 153.613
131.882 153.863
132.096 154.113
132.096 154.113
132.096 154.113
132.525 154.613
132.953 155.113
132.953 155.113
133.168 155.363
133.382 155.613
133.596 155.863
133.811 156.113
133.811 156.113
133.811 156.113
133.811 156.113
134.239 156.612
134.239 156.612
134.668 157.113
134.668 157.113
134.668 157.113
134.882 157.363
135.096 157.613
135.096 157.613
135.525 158.113
135.525 158.113
135.525 158.113
135.525 158.113
135.953 158.613
135.953 158.613
136.382 159.113
136.382 159.113
136.382 159.113
136.811 159.613
136.811 159.613
137.025 159.863
137.239 160.113
137.239 160.113
137.668 160.613
137.668 160.613
138.096 161.113
138.096 161.113
138.096 161.113
138.096 161.113
138.311 161.363
138.311 161.363
138.525 161.613
138.953 162.112
138.953 162.112
138.953 162.112
138.953 162.112
139.382 162.613
139.811 163.113
140.025 163.363
140.239 163.613
140.453 163.863
140.668 164.113
140.668 164.113
140.668 164.113
140.668 164.113
140.668 164.113
141.096 164.613
141.096 164.613
141.525 165.113
141.525 165.113
141.525 165.113
141.525 165.113
141.739 165.363
141.953 165.613
141.953 165.613
142.382 166.113
142.382 166.113
142.382 166.113
142.382 166.113
142.382 166.113
142.811 166.613
142.811 166.613
143.239 167.113
143.239 167.113
143.239 167.113
143.239 167.113
143.668 167.612
143.668 167.612
143.882 167.863
144.096 168.113
144.096 168.113
144.096 168.113
144.525 168.613
144.525 168.613
144.953 169.113
144.953 169.113
144.953 169.113
144.953 169.113
144.953 169.113
145.168 169.363
145.168 169.363
145.382 169.613
145.382 169.613
145.811 170.113
145.811 170.113
145.811 170.113
145.811 170.113
145.811 170.113
146.239 170.613
146.668 171.113
146.882 171.363
147.096 171.613
147.311 171.862
147.525 172.113
147.525 172.113
147.525 172.113
147.525 172.113
147.525 172.113
147.953 172.613
147.953 172.613
148.382 173.113
148.382 173.113
148.382 173.113
148.596 173.363
148.811 173.613
148.811 173.613
148.811 173.613
149.239 174.113
149.239 174.113
149.239 174.113
149.239 174.113
149.239 174.113
149.668 174.613
149.668 174.613
150.096 175.113
150.096 175.113
150.096 175.113
150.096 175.113
150.525 175.613
150.525 175.613
150.739 175.863
150.953 176.112
150.953 176.112
150.953 176.112
151.382 176.613
151.382 176.613
151.811 177.113
151.811 177.113
151.811 177.113
151.811 177.113
152.025 177.362
152.025 177.362
152.239 177.613
152.668 178.113
152.668 178.113
152.668 178.113
152.668 178.113
152.668 178.113
153.096 178.613
153.525 179.113
153.739 179.363
153.927 179.581
153.953 179.613
154.136 179.825
154.168 179.863
154.371 180.1
154.382 180.113
154.382 180.113
154.382 180.113
154.768 180.562
154.811 180.613
155.219 181.09
155.239 181.113
155.239 181.113
155.453 181.363
155.648 181.59
155.668 181.612
156.053 182.062
156.096 182.113
156.096 182.113
156.096 182.113
156.475 182.554
156.525 182.613
156.903 183.054
156.953 183.113
156.953 183.113
157.311 183.529
157.382 183.613
157.596 183.863
157.73 184.019
157.811 184.113
158.184 184.548
158.239 184.613
158.639 185.079
158.668 185.113
158.668 185.113
158.668 185.113
158.882 185.363
159.069 185.581
159.096 185.613
159.503 186.088
159.525 186.113
159.525 186.113
159.525 186.113
159.953 186.613
160.382 187.112
160.596 187.363
160.769 187.565
160.811 187.613
160.989 187.821
161.025 187.863
161.209 188.077
161.239 188.113
161.239 188.113
161.239 188.113
161.609 188.544
161.668 188.613
162.021 189.025
162.096 189.113
162.096 189.113
162.311 189.363
162.475 189.554
162.525 189.613
162.916 190.069
162.953 190.113
162.953 190.113
162.953 190.113
163.35 190.575
163.382 190.613
163.778 191.075
163.811 191.113
163.811 191.113
164.232 191.604
164.239 191.613
164.453 191.863
164.63 192.069
164.63 192.069
164.659 192.102
165.089 192.604
165.107 192.625
165.314 192.867
165.552 193.144
165.586 193.183
165.807 193.442
165.812 193.448
166.082 193.762
166.094 193.777
166.537 194.294
166.611 194.379
166.652 194.427
166.727 194.515
166.762 194.556
166.878 194.692
