0.573958 1.14792
0.575 1.15
0.825 1.65
1.075 2.15
1.325 2.65
1.575 3.15
1.825 3.65
2.07396 4.14792
2.075 4.15
2.325 4.65
2.575 5.15
2.82396 5.64792
2.825 5.65
3.075 6.15
3.325 6.65
3.57396 7.14792
3.575 7.15
3.825 7.65
4.075 8.15
4.325 8.65
4.575 9.15
4.825 9.65
5.07396 10.1479
5.075 10.15
5.325 10.65
5.575 11.15
5.82396 11.6479
5.825 11.65
6.075 12.15
6.325 12.65
6.57396 13.1479
6.575 13.15
6.825 13.65
7.075 14.15
7.325 14.65
7.57396 15.1479
7.575 15.15
7.825 15.65
8.07396 16.1479
8.075 16.15
8.325 16.65
8.575 17.15
8.825 17.65
9.075 18.15
9.325 18.65
9.57396 19.1479
9.575 19.15
9.825 19.65
10.075 20.15
10.324 20.6479
10.325 20.65
10.574 21.1479
10.575 21.15
10.824 21.6479
10.825 21.65
11.074 22.1479
11.075 22.15
11.325 22.65
11.575 23.15
11.825 23.65
11.825 23.65
11.825 23.65
12.074 24.1479
12.075 24.15
12.075 24.15
12.075 24.15
12.324 24.6479
12.325 24.65
12.325 24.65
12.325 24.65
12.574 25.1479
12.574 25.1479
12.575 25.15
12.575 25.15
12.575 25.15
12.825 25.65
13.075 26.15
13.325 26.65
13.325 26.65
13.575 27.15
13.825 27.65
14.074 28.1479
14.074 28.1479
14.075 28.15
14.075 28.15
14.075 28.15
14.325 28.65
14.575 29.15
14.824 29.6479
14.824 29.6479
14.824 29.6479
14.825 29.65
14.825 29.65
15.075 30.15
15.325 30.65
15.574 31.1479
15.574 31.1479
15.574 31.1479
15.575 31.15
15.575 31.15
15.575 31.15
15.825 31.65
16.075 32.15
16.325 32.65
16.575 33.15
16.825 33.65
17.074 34.1479
17.074 34.1479
17.074 34.1479
17.075 34.15
17.075 34.15
17.325 34.65
17.574 35.1479
17.575 35.15
17.575 35.15
17.824 35.6479
17.824 35.6479
17.825 35.65
18.075 36.15
18.075 36.15
18.325 36.65
18.574 37.1479
18.574 37.1479
18.575 37.15
18.575 37.15
18.575 37.15
18.575 37.15
18.825 37.65
19.075 38.15
19.325 38.65
19.325 38.65
19.574 39.1479
19.574 39.1479
19.575 39.15
19.825 39.65
19.825 39.65
20.074 40.1479
20.074 40.1479
20.075 40.15
20.075 40.15
20.075 40.15
20.075 40.15
20.325 40.65
20.575 41.15
20.825 41.65
21.075 42.15
21.325 42.65
21.574 43.1479
21.574 43.1479
21.575 43.15
21.575 43.15
21.575 43.15
21.575 43.15
21.825 43.65
22.075 44.15
22.324 44.6479
22.324 44.6479
22.325 44.65
22.325 44.65
22.325 44.65
22.574 45.1479
22.574 45.1479
22.575 45.15
22.824 45.6479
22.824 45.6479
22.825 45.65
23.074 46.1479
23.074 46.1479
23.075 46.15
23.075 46.15
23.075 46.15
23.075 46.15
23.075 46.15
24.5698 49.1396
24.574 49.1479
24.574 49.1479
24.8198 49.6396
24.824 49.6479
25.0698 50.1396
25.074 50.1479
25.3198 50.6396
25.324 50.6479
25.574 51.1479
25.824 51.6479
26.0698 52.1396
26.074 52.1479
26.074 52.1479
26.3198 52.6396
26.324 52.6479
26.5698 53.1396
26.574 53.1479
26.8198 53.6396
26.824 53.6479
27.0698 54.1396
27.074 54.1479
27.3198 54.6396
27.324 54.6479
27.5698 55.1396
27.574 55.1479
27.574 55.1479
27.824 55.6479
28.0698 56.1396
28.074 56.1479
28.3198 56.6396
28.324 56.6479
28.574 57.1479
28.8198 57.6396
28.824 57.6479
28.949 57.8979
29.0698 58.1396
29.074 58.1479
29.324 58.6479
29.574 59.1479
29.824 59.6479
30.074 60.1479
30.324 60.6479
30.5698 61.1396
30.574 61.1479
30.574 61.1479
30.574 61.1479
30.8198 61.6396
30.824 61.6479
30.824 61.6479
31.0698 62.1396
31.074 62.1479
31.3198 62.6396
31.324 62.6479
31.574 63.1479
31.824 63.6479
32.0698 64.1396
32.074 64.1479
32.074 64.1479
32.3198 64.6396
32.324 64.6479
32.5698 65.1396
32.574 65.1479
32.8198 65.6396
32.824 65.6479
33.0698 66.1396
33.074 66.1479
33.3198 66.6396
33.324 66.6479
33.324 66.6479
33.5698 67.1396
33.574 67.1479
33.574 67.1479
33.824 67.6479
34.0698 68.1396
34.074 68.1479
34.3198 68.6396
34.324 68.6479
34.574 69.1479
34.8198 69.6396
34.824 69.6479
35.0698 70.1396
35.074 70.1479
35.074 70.1479
35.324 70.6479
35.324 70.6479
35.574 71.1479
35.574 71.1479
35.824 71.6479
35.824 71.6479
36.074 72.1479
36.074 72.1479
36.324 72.6479
36.5698 73.1396
36.574 73.1479
36.574 73.1479
36.8198 73.6396
36.824 73.6479
37.0698 74.1396
37.074 74.1479
37.3198 74.6396
37.324 74.6479
37.574 75.1479
37.824 75.6479
38.0698 76.1396
38.074 76.1479
38.074 76.1479
38.3198 76.6396
38.324 76.6479
38.5698 77.1396
38.574 77.1479
38.8198 77.6396
38.824 77.6479
39.0698 78.1396
39.074 78.1479
39.3198 78.6396
39.324 78.6479
39.5698 79.1396
39.574 79.1479
39.574 79.1479
39.824 79.6479
40.0698 80.1396
40.074 80.1479
40.3198 80.6396
40.324 80.6479
40.574 81.1479
40.8198 81.6396
40.824 81.6479
41.0698 82.1396
41.074 82.1479
41.074 82.1479
41.324 82.6479
41.574 83.1479
41.824 83.6479
42.074 84.1479
42.324 84.6479
42.324 84.6479
42.5698 85.1396
42.574 85.1479
42.574 85.1479
42.699 85.3979
42.8198 85.6396
42.824 85.6479
43.0698 86.1396
43.074 86.1479
43.3198 86.6396
43.324 86.6479
43.574 87.1479
43.824 87.6479
44.0698 88.1396
44.074 88.1479
44.074 88.1479
44.3198 88.6396
44.324 88.6479
44.5698 89.1396
44.574 89.1479
44.8198 89.6396
44.824 89.6479
45.074 90.1479
45.324 90.6479
45.5698 91.1396
45.574 91.1479
45.574 91.1479
45.824 91.6479
46.0698 92.1396
46.074 92.1479
46.324 92.6479
46.574 93.1479
46.574 93.1479
46.824 93.6479
46.824 93.6479
47.074 94.1479
47.074 94.1479
47.074 94.1479
47.074 94.1479
47.074 94.1479
47.824 95.6479
47.824 95.6479
47.824 95.6479
47.824 95.6479
48.0698 96.1396
48.074 96.1479
48.3198 96.6396
48.324 96.6479
48.5698 97.1396
48.574 97.1479
48.574 97.1479
48.574 97.1479
48.824 97.6479
49.0698 98.1396
49.074 98.1479
49.3198 98.6396
49.324 98.6479
49.324 98.6479
49.324 98.6479
49.5698 99.1396
49.574 99.1479
49.8198 99.6396
49.824 99.6479
50.0698 100.14
50.074 100.148
50.074 100.148
50.074 100.148
50.324 100.648
50.5698 101.14
50.574 101.148
50.824 101.648
51.074 102.148
51.199 102.398
51.3198 102.64
51.324 102.648
51.5698 103.14
51.574 103.148
51.574 103.148
51.574 103.148
51.574 103.148
51.824 103.648
52.0698 104.14
52.074 104.148
52.3198 104.64
52.324 104.648
52.324 104.648
52.324 104.648
52.5698 105.14
52.574 105.148
52.574 105.148
52.8198 105.64
52.824 105.648
53.0698 106.14
53.074 106.148
53.074 106.148
53.074 106.148
53.074 106.148
53.324 106.648
53.574 107.148
53.824 107.648
54.074 108.148
54.074 108.148
54.324 108.648
54.324 108.648
54.324 108.648
54.5698 109.14
54.574 109.148
54.574 109.148
54.574 109.148
54.574 109.148
54.824 109.648
55.0698 110.14
55.074 110.148
55.3198 110.64
55.324 110.648
55.5698 111.14
55.574 111.148
55.574 111.148
55.8198 111.64
55.824 111.648
56.0698 112.14
56.074 112.148
56.074 112.148
56.074 112.148
56.324 112.648
56.5698 113.14
56.574 113.148
56.8198 113.64
56.824 113.648
56.824 113.648
56.824 113.648
56.824 113.648
57.074 114.148
57.3198 114.64
57.324 114.648
57.5698 115.14
57.574 115.148
57.574 115.148
57.574 115.148
57.574 115.148
57.824 115.648
58.074 116.148
58.3198 116.64
58.324 116.648
58.5698 117.14
58.574 117.148
58.574 117.148
58.8198 117.64
58.824 117.648
58.824 117.648
58.824 117.648
58.824 117.648
59.0698 118.14
59.074 118.148
59.074 118.148
59.074 118.148
59.074 118.148
59.324 118.648
59.574 119.148
59.8198 119.64
59.824 119.648
60.0698 120.14
60.074 120.148
60.3198 120.64
60.324 120.648
60.5698 121.14
60.574 121.148
60.574 121.148
60.574 121.148
60.574 121.148
60.8198 121.64
60.824 121.648
60.824 121.648
60.824 121.648
61.0698 122.14
61.074 122.148
61.074 122.148
61.074 122.148
61.3198 122.64
61.324 122.648
61.324 122.648
61.324 122.648
61.5698 123.14
61.574 123.148
61.574 123.148
61.574 123.148
61.8198 123.64
61.824 123.648
61.824 123.648
61.824 123.648
61.824 123.648
61.824 123.648
62.0698 124.14
62.074 124.148
62.074 124.148
62.074 124.148
62.074 124.148
62.074 124.148
62.074 124.148
62.074 124.148
62.8198 125.64
62.824 125.648
62.824 125.648
62.824 125.648
62.949 125.898
63.0698 126.14
63.074 126.148
63.074 126.148
63.3198 126.64
63.324 126.648
63.5698 127.14
63.574 127.148
63.574 127.148
63.574 127.148
63.574 127.148
63.824 127.648
64.074 128.148
64.3198 128.64
64.324 128.648
64.324 128.648
64.574 129.148
64.824 129.648
65.0698 130.14
65.074 130.148
65.074 130.148
65.074 130.148
65.3198 130.64
65.324 130.648
65.5698 131.14
65.574 131.148
65.8198 131.64
65.824 131.648
65.824 131.648
66.0698 132.14
66.074 132.148
66.3198 132.64
66.324 132.648
66.5698 133.14
66.574 133.148
66.574 133.148
66.574 133.148
66.574 133.148
66.824 133.648
67.074 134.148
67.3198 134.64
67.324 134.648
67.324 134.648
67.574 135.148
67.824 135.648
68.0698 136.14
68.0729 136.146
68.0729 136.146
68.074 136.148
68.324 136.648
68.5729 137.146
68.5729 137.146
68.8198 137.64
68.824 137.648
69.0729 138.146
69.0729 138.146
69.3198 138.64
69.3229 138.646
69.3229 138.646
69.324 138.648
69.5698 139.14
69.5729 139.146
69.5729 139.146
69.574 139.148
69.824 139.648
70.074 140.148
70.3198 140.64
70.324 140.648
70.324 140.648
70.574 141.148
70.574 141.148
70.824 141.648
70.824 141.648
71.0698 142.14
71.074 142.148
71.074 142.148
71.074 142.148
71.3198 142.64
71.324 142.648
71.5698 143.14
71.574 143.148
71.8198 143.64
71.824 143.648
72.0698 144.14
72.074 144.148
72.3198 144.64
72.324 144.648
72.324 144.648
72.5698 145.14
72.574 145.148
72.574 145.148
72.574 145.148
72.574 145.148
72.824 145.648
73.074 146.148
73.3198 146.64
73.324 146.648
73.324 146.648
73.574 147.148
73.8198 147.64
73.824 147.648
73.824 147.648
74.0698 148.14
74.074 148.148
74.074 148.148
74.074 148.148
74.074 148.148
74.324 148.648
74.574 149.148
74.8198 149.64
74.824 149.648
74.824 149.648
74.824 149.648
75.074 150.148
75.3198 150.64
75.324 150.648
75.324 150.648
75.449 150.898
75.5698 151.14
75.574 151.148
75.574 151.148
75.574 151.148
75.574 151.148
75.824 151.648
76.0698 152.14
76.074 152.148
76.3198 152.64
76.324 152.648
76.5698 153.14
76.574 153.148
76.8198 153.64
76.824 153.648
77.0698 154.14
77.074 154.148
77.074 154.148
77.074 154.148
77.074 154.148
77.324 154.648
77.324 154.648
77.5698 155.14
77.574 155.148
77.574 155.148
77.574 155.148
77.8198 155.64
77.824 155.648
78.074 156.148
78.074 156.148
78.074 156.148
78.074 156.148
78.074 156.148
78.324 156.648
78.324 156.648
78.324 156.648
78.5698 157.14
78.574 157.148
78.574 157.148
78.574 157.148
78.574 157.148
78.574 157.148
78.574 157.148
78.824 157.648
79.0698 158.14
79.074 158.148
79.3198 158.64
79.324 158.648
79.5698 159.14
79.574 159.148
79.574 159.148
79.8198 159.64
79.824 159.648
80.0698 160.14
80.074 160.148
80.074 160.148
80.074 160.148
80.074 160.148
80.324 160.648
80.574 161.148
80.574 161.148
80.8198 161.64
80.824 161.648
81.074 162.148
81.074 162.148
81.3198 162.64
81.324 162.648
81.324 162.648
81.5698 163.14
81.574 163.148
81.574 163.148
81.574 163.148
81.574 163.148
81.8198 163.64
81.824 163.648
82.0698 164.14
82.074 164.148
82.3198 164.64
82.324 164.648
82.324 164.648
82.324 164.648
82.574 165.148
82.824 165.648
83.0698 166.14
83.074 166.148
83.074 166.148
83.074 166.148
83.074 166.148
83.3198 166.64
83.324 166.648
83.5698 167.14
83.574 167.148
83.8198 167.64
83.824 167.648
83.824 167.648
83.824 167.648
83.824 167.648
83.824 167.648
84.074 168.148
84.3198 168.64
84.324 168.648
84.324 168.648
84.5698 169.14
84.574 169.148
84.574 169.148
84.574 169.148
84.574 169.148
84.8198 169.64
84.824 169.648
85.0698 170.14
85.074 170.148
85.3198 170.64
85.324 170.648
85.324 170.648
85.324 170.648
85.5698 171.14
85.574 171.148
85.8198 171.64
85.824 171.648
85.824 171.648
85.824 171.648
86.0698 172.14
86.074 172.148
86.074 172.148
86.074 172.148
86.074 172.148
86.324 172.648
86.574 173.148
86.574 173.148
86.8198 173.64
86.824 173.648
86.824 173.648
87.0698 174.14
87.074 174.148
87.074 174.148
87.3198 174.64
87.324 174.648
87.324 174.648
87.324 174.648
87.5698 175.14
87.5698 175.14
87.574 175.148
87.574 175.148
87.574 175.148
87.574 175.148
87.824 175.648
88.074 176.148
88.324 176.648
88.5698 177.14
88.574 177.148
88.574 177.148
88.574 177.148
88.824 177.648
88.824 177.648
89.0698 178.14
89.074 178.148
89.074 178.148
89.074 178.148
89.3198 178.64
89.324 178.648
89.5698 179.14
89.574 179.148
89.574 179.148
89.8198 179.64
89.824 179.648
90.0698 180.14
90.074 180.148
90.074 180.148
90.3198 180.64
90.324 180.648
90.324 180.648
90.5698 181.14
90.5698 181.14
90.574 181.148
90.574 181.148
90.574 181.148
90.574 181.148
90.574 181.148
90.824 181.648
91.074 182.148
91.3198 182.64
91.324 182.648
91.324 182.648
91.574 183.148
91.824 183.648
91.949 183.898
91.949 183.898
92.0698 184.14
92.074 184.148
92.074 184.148
92.074 184.148
92.074 184.148
92.324 184.648
92.574 185.148
92.574 185.148
92.8198 185.64
92.824 185.648
92.824 185.648
92.824 185.648
92.824 185.648
93.0698 186.14
93.074 186.148
93.074 186.148
93.074 186.148
93.074 186.148
93.3198 186.64
93.3198 186.64
93.324 186.648
93.324 186.648
93.324 186.648
93.324 186.648
93.324 186.648
93.5698 187.14
93.5698 187.14
93.574 187.148
93.574 187.148
93.574 187.148
93.574 187.148
93.824 187.648
94.074 188.148
94.3198 188.64
94.324 188.648
94.574 189.148
94.824 189.648
94.949 189.898
94.949 189.898
95.0698 190.14
95.074 190.148
95.074 190.148
95.074 190.148
95.3198 190.64
95.324 190.648
95.5698 191.14
95.574 191.148
95.574 191.148
95.8198 191.64
95.8198 191.64
95.824 191.648
95.824 191.648
95.824 191.648
96.0698 192.14
96.0698 192.14
96.074 192.148
96.074 192.148
96.074 192.148
96.3198 192.64
96.3198 192.64
96.324 192.648
96.5698 193.14
96.5698 193.14
96.574 193.148
96.574 193.148
96.574 193.148
96.574 193.148
96.824 193.648
97.074 194.148
97.3198 194.64
97.324 194.648
97.574 195.148
97.8198 195.64
97.8198 195.64
97.824 195.648
98.0698 196.14
98.0698 196.14
98.074 196.148
98.074 196.148
98.074 196.148
98.074 196.148
98.324 196.648
98.324 196.648
98.574 197.148
98.574 197.148
98.574 197.148
98.8198 197.64
98.824 197.648
99.074 198.148
99.074 198.148
99.3198 198.64
99.324 198.648
99.324 198.648
99.5698 199.14
99.5698 199.14
99.574 199.148
99.574 199.148
99.574 199.148
99.574 199.148
99.8198 199.64
99.824 199.648
100.07 200.14
100.074 200.148
100.32 200.64
100.324 200.648
100.324 200.648
100.324 200.648
100.57 201.14
100.574 201.148
100.82 201.64
100.824 201.648
101.07 202.14
101.07 202.14
101.074 202.148
101.074 202.148
101.074 202.148
101.074 202.148
101.324 202.648
101.574 203.148
101.82 203.64
101.824 203.648
101.824 203.648
102.074 204.148
102.074 204.148
102.32 204.64
102.324 204.648
102.57 205.14
102.57 205.14
102.574 205.148
102.574 205.148
102.574 205.148
102.824 205.648
103.07 206.14
103.074 206.148
103.32 206.64
103.324 206.648
103.57 207.14
103.574 207.148
103.82 207.64
103.824 207.648
103.824 207.648
103.824 207.648
104.07 208.14
104.07 208.14
104.074 208.148
104.074 208.148
104.074 208.148
104.324 208.648
104.574 209.148
104.82 209.64
104.824 209.648
104.824 209.648
105.074 210.148
105.074 210.148
105.074 210.148
105.32 210.64
105.32 210.64
105.324 210.648
105.324 210.648
105.324 210.648
105.324 210.648
105.57 211.14
105.57 211.14
105.574 211.148
105.574 211.148
105.574 211.148
105.574 211.148
105.574 211.148
105.574 211.148
105.82 211.64
106.07 212.14
106.074 212.148
106.074 212.148
106.074 212.148
106.324 212.648
106.574 213.148
106.574 213.148
106.574 213.148
106.824 213.648
106.824 213.648
107.07 214.14
107.074 214.148
107.074 214.148
107.074 214.148
107.074 214.148
107.074 214.148
107.57 215.14
107.574 215.148
107.574 215.148
107.574 215.148
107.82 215.64
107.824 215.648
107.824 215.648
108.074 216.148
108.074 216.148
108.32 216.64
108.324 216.648
108.574 217.148
108.574 217.148
108.574 217.148
108.574 217.148
108.82 217.64
109.074 218.148
109.324 218.648
109.574 219.148
109.574 219.148
109.824 219.648
109.824 219.648
109.949 219.898
110.074 220.148
110.074 220.148
110.074 220.148
110.074 220.148
110.824 221.648
110.824 221.648
110.824 221.648
110.824 221.648
111.074 222.148
111.074 222.148
111.324 222.648
111.324 222.648
111.574 223.148
111.574 223.148
111.574 223.148
111.574 223.148
111.574 223.148
111.824 223.648
112.074 224.148
112.324 224.648
112.324 224.648
112.574 225.148
112.824 225.648
113.074 226.148
113.074 226.148
113.074 226.148
113.074 226.148
113.074 226.148
113.324 226.648
113.574 227.148
113.824 227.648
113.824 227.648
113.824 227.648
113.824 227.648
114.074 228.148
114.324 228.648
114.574 229.148
114.574 229.148
114.574 229.148
114.574 229.148
114.574 229.148
114.574 229.148
114.824 229.648
115.074 230.148
115.324 230.648
115.574 231.148
115.824 231.648
116.074 232.148
116.074 232.148
116.074 232.148
116.074 232.148
116.074 232.148
116.324 232.648
116.574 233.148
116.574 233.148
116.824 233.648
116.824 233.648
116.824 233.648
117.074 234.148
117.074 234.148
117.324 234.648
117.574 235.148
117.574 235.148
117.574 235.148
117.574 235.148
117.574 235.148
117.574 235.148
117.574 235.148
117.824 235.648
118.074 236.148
118.324 236.648
118.324 236.648
118.574 237.148
118.574 237.148
118.574 237.148
118.824 237.648
118.824 237.648
119.074 238.148
119.074 238.148
119.074 238.148
119.074 238.148
119.074 238.148
119.074 238.148
119.324 238.648
119.574 239.148
119.824 239.648
120.074 240.148
120.324 240.648
120.574 241.148
120.574 241.148
120.574 241.148
120.574 241.148
120.574 241.148
120.574 241.148
120.824 241.648
121.074 242.148
121.324 242.648
121.324 242.648
121.324 242.648
121.324 242.648
121.324 242.648
121.574 243.148
121.574 243.148
121.574 243.148
121.824 243.648
121.824 243.648
121.824 243.648
122.074 244.148
122.074 244.148
122.074 244.148
122.074 244.148
122.074 244.148
122.074 244.148
122.074 244.148
122.074 244.148
123.57 247.14
123.574 247.148
123.574 247.148
123.82 247.64
123.824 247.648
124.07 248.14
124.074 248.148
124.32 248.64
124.324 248.648
124.574 249.148
124.824 249.648
125.07 250.14
125.074 250.148
125.074 250.148
125.32 250.64
125.324 250.648
125.57 251.14
125.574 251.148
125.82 251.64
125.824 251.648
126.07 252.14
126.074 252.148
126.32 252.64
126.324 252.648
126.57 253.14
126.574 253.148
126.574 253.148
126.824 253.648
127.07 254.14
127.074 254.148
127.32 254.64
127.324 254.648
127.574 255.148
127.82 255.64
127.824 255.648
127.949 255.898
128.07 256.14
128.074 256.148
128.324 256.648
128.57 257.14
128.574 257.148
128.824 257.648
129.074 258.148
129.324 258.648
129.57 259.14
129.574 259.148
129.574 259.148
129.574 259.148
129.82 259.64
129.824 259.648
129.824 259.648
130.07 260.14
130.074 260.148
130.32 260.64
130.324 260.648
130.574 261.148
130.824 261.648
131.07 262.14
131.074 262.148
131.074 262.148
131.32 262.64
131.324 262.648
131.57 263.14
131.574 263.148
131.82 263.64
131.824 263.648
132.07 264.14
132.074 264.148
132.32 264.64
132.324 264.648
132.324 264.648
132.57 265.14
132.574 265.148
132.574 265.148
132.824 265.648
133.07 266.14
133.074 266.148
133.32 266.64
133.324 266.648
133.574 267.148
133.82 267.64
133.824 267.648
134.07 268.14
134.074 268.148
134.074 268.148
134.324 268.648
134.324 268.648
134.574 269.148
134.574 269.148
134.824 269.648
134.824 269.648
135.074 270.148
135.074 270.148
135.324 270.648
135.57 271.14
135.574 271.148
135.574 271.148
135.82 271.64
135.824 271.648
136.07 272.14
136.074 272.148
136.32 272.64
136.324 272.648
136.574 273.148
136.824 273.648
137.07 274.14
137.074 274.148
137.074 274.148
137.32 274.64
137.324 274.648
137.57 275.14
137.574 275.148
137.82 275.64
137.824 275.648
138.07 276.14
138.074 276.148
138.32 276.64
138.324 276.648
138.57 277.14
138.574 277.148
138.574 277.148
138.824 277.648
139.07 278.14
139.074 278.148
139.32 278.64
139.324 278.648
139.57 279.14
139.574 279.148
139.82 279.64
139.824 279.648
140.074 280.148
140.074 280.148
140.32 280.64
140.324 280.648
140.574 281.148
140.824 281.648
141.074 282.148
141.324 282.648
141.324 282.648
141.57 283.14
141.574 283.148
141.574 283.148
141.699 283.398
141.82 283.64
141.824 283.648
142.07 284.14
142.074 284.148
142.32 284.64
142.324 284.648
142.574 285.148
142.824 285.648
143.07 286.14
143.074 286.148
143.074 286.148
143.32 286.64
143.324 286.648
143.57 287.14
143.574 287.148
143.82 287.64
143.824 287.648
144.07 288.14
144.074 288.148
144.32 288.64
144.324 288.648
144.574 289.148
144.574 289.148
144.82 289.64
144.824 289.648
145.074 290.148
145.324 290.648
145.574 291.148
145.574 291.148
145.824 291.648
145.824 291.648
146.074 292.148
146.074 292.148
146.074 292.148
146.074 292.148
146.074 292.148
146.824 293.648
146.824 293.648
146.824 293.648
146.824 293.648
147.07 294.14
147.074 294.148
147.32 294.64
147.324 294.648
147.57 295.14
147.574 295.148
147.574 295.148
147.574 295.148
147.824 295.648
148.07 296.14
148.074 296.148
148.32 296.64
148.324 296.648
148.324 296.648
148.324 296.648
148.57 297.14
148.574 297.148
148.82 297.64
148.824 297.648
149.07 298.14
149.074 298.148
149.074 298.148
149.074 298.148
149.324 298.648
149.57 299.14
149.574 299.148
149.824 299.648
150.074 300.148
150.199 300.398
150.32 300.64
150.324 300.648
150.57 301.14
150.574 301.148
150.574 301.148
150.574 301.148
150.574 301.148
150.824 301.648
151.07 302.14
151.074 302.148
151.32 302.64
151.324 302.648
151.324 302.648
151.324 302.648
151.57 303.14
151.574 303.148
151.574 303.148
151.82 303.64
151.824 303.648
152.07 304.14
152.074 304.148
152.074 304.148
152.074 304.148
152.074 304.148
152.324 304.648
152.574 305.148
152.824 305.648
153.074 306.148
153.074 306.148
153.324 306.648
153.324 306.648
153.324 306.648
153.57 307.14
153.574 307.148
153.574 307.148
153.574 307.148
153.574 307.148
153.824 307.648
154.07 308.14
154.074 308.148
154.32 308.64
154.324 308.648
154.57 309.14
154.574 309.148
154.574 309.148
154.82 309.64
154.824 309.648
155.07 310.14
155.074 310.148
155.074 310.148
155.074 310.148
155.324 310.648
155.57 311.14
155.574 311.148
155.82 311.64
155.824 311.648
155.824 311.648
155.824 311.648
155.824 311.648
156.074 312.148
156.32 312.64
156.324 312.648
156.57 313.14
156.574 313.148
156.574 313.148
156.574 313.148
156.574 313.148
156.824 313.648
157.074 314.148
157.32 314.64
157.324 314.648
157.57 315.14
157.574 315.148
157.574 315.148
157.82 315.64
157.824 315.648
157.824 315.648
157.824 315.648
157.824 315.648
158.07 316.14
158.074 316.148
158.074 316.148
158.074 316.148
158.074 316.148
158.324 316.648
158.574 317.148
158.82 317.64
158.824 317.648
159.07 318.14
159.074 318.148
159.32 318.64
159.324 318.648
159.57 319.14
159.574 319.148
159.574 319.148
159.574 319.148
159.574 319.148
159.82 319.64
159.824 319.648
159.824 319.648
159.824 319.648
160.07 320.14
160.074 320.148
160.074 320.148
160.074 320.148
160.32 320.64
160.324 320.648
160.324 320.648
160.324 320.648
160.57 321.14
160.574 321.148
160.574 321.148
160.574 321.148
160.82 321.64
160.824 321.648
160.824 321.648
160.824 321.648
160.824 321.648
160.824 321.648
161.07 322.14
161.074 322.148
161.074 322.148
161.074 322.148
161.074 322.148
161.074 322.148
161.074 322.148
161.074 322.148
161.82 323.64
161.824 323.648
161.824 323.648
161.824 323.648
161.949 323.898
162.07 324.14
162.074 324.148
162.074 324.148
162.32 324.64
162.324 324.648
162.57 325.14
162.574 325.148
162.574 325.148
162.574 325.148
162.574 325.148
162.824 325.648
163.074 326.148
163.32 326.64
163.324 326.648
163.324 326.648
163.574 327.148
163.824 327.648
164.07 328.14
164.074 328.148
164.074 328.148
164.074 328.148
164.32 328.64
164.324 328.648
164.57 329.14
164.574 329.148
164.82 329.64
164.824 329.648
164.824 329.648
165.07 330.14
165.074 330.148
165.32 330.64
165.324 330.648
165.57 331.14
165.574 331.148
165.574 331.148
165.574 331.148
165.574 331.148
165.824 331.648
166.074 332.148
166.32 332.64
166.324 332.648
166.324 332.648
166.574 333.148
166.824 333.648
167.07 334.14
167.074 334.148
167.074 334.148
167.074 334.148
167.324 334.648
167.574 335.148
167.574 335.148
167.82 335.64
167.824 335.648
168.074 336.148
168.074 336.148
168.32 336.64
168.324 336.648
168.324 336.648
168.324 336.648
168.57 337.14
168.574 337.148
168.574 337.148
168.574 337.148
168.824 337.648
169.074 338.148
169.32 338.64
169.324 338.648
169.324 338.648
169.574 339.148
169.574 339.148
169.824 339.648
169.824 339.648
170.07 340.14
170.074 340.148
170.074 340.148
170.074 340.148
170.32 340.64
170.324 340.648
170.57 341.14
170.574 341.148
170.82 341.64
170.824 341.648
171.07 342.14
171.074 342.148
171.32 342.64
171.324 342.648
171.324 342.648
171.57 343.14
171.574 343.148
171.574 343.148
171.574 343.148
171.574 343.148
171.824 343.648
172.074 344.148
172.32 344.64
172.324 344.648
172.324 344.648
172.574 345.148
172.82 345.64
172.824 345.648
172.824 345.648
173.07 346.14
173.074 346.148
173.074 346.148
173.074 346.148
173.074 346.148
173.324 346.648
173.574 347.148
173.82 347.64
173.824 347.648
173.824 347.648
173.824 347.648
174.074 348.148
174.32 348.64
174.324 348.648
174.324 348.648
174.449 348.898
174.57 349.14
174.574 349.148
174.574 349.148
174.574 349.148
174.574 349.148
174.824 349.648
175.07 350.14
175.074 350.148
175.32 350.64
175.324 350.648
175.57 351.14
175.574 351.148
175.82 351.64
175.824 351.648
176.07 352.14
176.074 352.148
176.074 352.148
176.074 352.148
176.074 352.148
176.324 352.648
176.324 352.648
176.57 353.14
176.574 353.148
176.574 353.148
176.574 353.148
176.82 353.64
176.824 353.648
177.074 354.148
177.074 354.148
177.074 354.148
177.074 354.148
177.074 354.148
177.324 354.648
177.324 354.648
177.324 354.648
177.57 355.14
177.574 355.148
177.574 355.148
177.574 355.148
177.574 355.148
177.574 355.148
177.574 355.148
177.824 355.648
178.07 356.14
178.074 356.148
178.32 356.64
178.324 356.648
178.57 357.14
178.574 357.148
178.574 357.148
178.82 357.64
178.824 357.648
179.07 358.14
179.074 358.148
179.074 358.148
179.074 358.148
179.074 358.148
179.324 358.648
179.574 359.148
179.574 359.148
179.82 359.64
179.824 359.648
180.074 360.148
180.074 360.148
180.32 360.64
180.324 360.648
180.324 360.648
180.57 361.14
180.574 361.148
180.574 361.148
180.574 361.148
180.574 361.148
180.82 361.64
180.824 361.648
181.07 362.14
181.074 362.148
181.32 362.64
181.324 362.648
181.324 362.648
181.324 362.648
181.574 363.148
181.824 363.648
182.07 364.14
182.074 364.148
182.074 364.148
182.074 364.148
182.074 364.148
182.32 364.64
182.324 364.648
182.57 365.14
182.574 365.148
182.82 365.64
182.824 365.648
182.824 365.648
182.824 365.648
182.824 365.648
182.824 365.648
183.074 366.148
183.32 366.64
183.324 366.648
183.324 366.648
183.57 367.14
183.574 367.148
183.574 367.148
183.574 367.148
183.574 367.148
183.82 367.64
183.824 367.648
184.07 368.14
184.074 368.148
184.32 368.64
184.324 368.648
184.324 368.648
184.324 368.648
184.57 369.14
184.574 369.148
184.82 369.64
184.824 369.648
184.824 369.648
184.824 369.648
185.07 370.14
185.074 370.148
185.074 370.148
185.074 370.148
185.074 370.148
185.324 370.648
185.574 371.148
185.574 371.148
185.82 371.64
185.824 371.648
185.824 371.648
186.07 372.14
186.074 372.148
186.074 372.148
186.32 372.64
186.324 372.648
186.324 372.648
186.324 372.648
186.57 373.14
186.57 373.14
186.574 373.148
186.574 373.148
186.574 373.148
186.574 373.148
186.824 373.648
187.074 374.148
187.32 374.64
187.324 374.648
187.574 375.148
187.574 375.148
187.574 375.148
187.824 375.648
187.824 375.648
188.07 376.14
188.074 376.148
188.074 376.148
188.074 376.148
188.32 376.64
188.324 376.648
188.57 377.14
188.574 377.148
188.574 377.148
188.82 377.64
188.824 377.648
189.07 378.14
189.074 378.148
189.074 378.148
189.32 378.64
189.324 378.648
189.324 378.648
189.57 379.14
189.57 379.14
189.574 379.148
189.574 379.148
189.574 379.148
189.574 379.148
189.574 379.148
189.824 379.648
190.074 380.148
190.32 380.64
190.324 380.648
190.324 380.648
190.574 381.148
190.824 381.648
190.949 381.898
190.949 381.898
191.07 382.14
191.074 382.148
191.074 382.148
191.074 382.148
191.074 382.148
191.324 382.648
191.574 383.148
191.574 383.148
191.82 383.64
191.824 383.648
191.824 383.648
191.824 383.648
191.824 383.648
192.07 384.14
192.074 384.148
192.074 384.148
192.074 384.148
192.074 384.148
192.32 384.64
192.32 384.64
192.324 384.648
192.324 384.648
192.324 384.648
192.324 384.648
192.324 384.648
192.57 385.14
192.57 385.14
192.574 385.148
192.574 385.148
192.574 385.148
192.574 385.148
192.824 385.648
193.074 386.148
193.32 386.64
193.324 386.648
193.574 387.148
193.824 387.648
193.949 387.898
193.949 387.898
194.07 388.14
194.074 388.148
194.074 388.148
194.074 388.148
194.32 388.64
194.324 388.648
194.57 389.14
194.574 389.148
194.574 389.148
194.82 389.64
194.82 389.64
194.824 389.648
194.824 389.648
194.824 389.648
195.07 390.14
195.07 390.14
195.074 390.148
195.074 390.148
195.074 390.148
195.32 390.64
195.32 390.64
195.324 390.648
195.57 391.14
195.57 391.14
195.574 391.148
195.574 391.148
195.574 391.148
195.574 391.148
195.824 391.648
196.074 392.148
196.32 392.64
196.324 392.648
196.574 393.148
196.82 393.64
196.82 393.64
196.824 393.648
197.07 394.14
197.07 394.14
197.074 394.148
197.074 394.148
197.074 394.148
197.074 394.148
197.324 394.648
197.324 394.648
197.574 395.148
197.574 395.148
197.574 395.148
197.82 395.64
197.824 395.648
198.074 396.148
198.074 396.148
198.32 396.64
198.324 396.648
198.324 396.648
198.57 397.14
198.57 397.14
198.574 397.148
198.574 397.148
198.574 397.148
198.574 397.148
198.82 397.64
198.824 397.648
199.07 398.14
199.074 398.148
199.32 398.64
199.324 398.648
199.324 398.648
199.324 398.648
199.57 399.14
199.574 399.148
199.82 399.64
199.824 399.648
200.07 400.14
200.07 400.14
200.074 400.148
200.074 400.148
200.074 400.148
200.074 400.148
200.324 400.648
200.574 401.148
200.82 401.64
200.824 401.648
200.824 401.648
201.074 402.148
201.074 402.148
201.32 402.64
201.324 402.648
201.57 403.14
201.57 403.14
201.574 403.148
201.574 403.148
201.574 403.148
201.824 403.648
202.07 404.14
202.074 404.148
202.32 404.64
202.324 404.648
202.57 405.14
202.574 405.148
202.82 405.64
202.824 405.648
202.824 405.648
202.824 405.648
203.07 406.14
203.07 406.14
203.074 406.148
203.074 406.148
203.074 406.148
203.324 406.648
203.574 407.148
203.82 407.64
203.824 407.648
203.824 407.648
204.074 408.148
204.074 408.148
204.074 408.148
204.32 408.64
204.32 408.64
204.324 408.648
204.324 408.648
204.324 408.648
204.324 408.648
204.57 409.14
204.57 409.14
204.574 409.148
204.574 409.148
204.574 409.148
204.574 409.148
204.82 409.64
204.824 409.648
204.824 409.648
204.824 409.648
204.824 409.648
205.07 410.14
205.074 410.148
205.074 410.148
205.074 410.148
205.074 410.148
205.324 410.648
205.324 410.648
205.324 410.648
205.324 410.648
206.07 412.14
206.449 412.898
206.449 412.898
206.449 412.898
206.449 412.898
206.449 412.898
206.57 413.14
206.949 413.898
206.949 413.898
206.949 413.898
206.949 413.898
206.949 413.898
206.949 413.898
206.949 413.898
207.07 414.14
207.324 414.648
207.57 415.14
207.574 415.148
207.574 415.148
207.574 415.148
207.699 415.398
207.824 415.648
208.07 416.14
208.199 416.398
208.199 416.398
208.324 416.648
208.324 416.648
208.574 417.148
208.824 417.648
208.824 417.648
208.824 417.648
209.074 418.148
209.074 418.148
209.074 418.148
209.199 418.398
209.324 418.648
209.574 419.148
209.574 419.148
209.824 419.648
209.824 419.648
210.07 420.14
210.074 420.148
210.074 420.148
210.32 420.64
210.324 420.648
210.57 421.14
210.574 421.148
210.574 421.148
210.574 421.148
210.574 421.148
210.574 421.148
210.82 421.64
210.824 421.648
210.824 421.648
210.824 421.648
210.824 421.648
210.824 421.648
211.07 422.14
211.074 422.148
211.074 422.148
211.074 422.148
211.074 422.148
211.074 422.148
211.324 422.648
211.324 422.648
211.324 422.648
211.324 422.648
211.324 422.648
212.07 424.14
212.07 424.14
212.07 424.14
212.07 424.14
212.07 424.14
212.07 424.14
212.57 425.14
212.82 425.64
212.824 425.648
212.824 425.648
212.824 425.648
212.824 425.648
212.824 425.648
213.57 427.14
213.574 427.148
213.574 427.148
213.574 427.148
213.574 427.148
213.574 427.148
213.824 427.648
214.074 428.148
214.32 428.64
214.324 428.648
214.324 428.648
214.574 429.148
214.824 429.648
215.074 430.148
215.074 430.148
215.074 430.148
215.074 430.148
215.074 430.148
215.324 430.648
215.574 431.148
215.824 431.648
215.824 431.648
215.824 431.648
215.824 431.648
216.074 432.148
216.324 432.648
216.574 433.148
216.574 433.148
216.574 433.148
216.574 433.148
216.574 433.148
216.574 433.148
216.824 433.648
217.074 434.148
217.324 434.648
217.574 435.148
217.824 435.648
218.074 436.148
218.074 436.148
218.074 436.148
218.074 436.148
218.074 436.148
218.324 436.648
218.574 437.148
218.574 437.148
218.824 437.648
218.824 437.648
218.824 437.648
219.074 438.148
219.074 438.148
219.324 438.648
219.574 439.148
219.574 439.148
219.574 439.148
219.574 439.148
219.574 439.148
219.574 439.148
219.574 439.148
219.824 439.648
220.074 440.148
220.324 440.648
220.324 440.648
220.574 441.148
220.574 441.148
220.574 441.148
220.824 441.648
220.824 441.648
221.074 442.148
221.074 442.148
221.074 442.148
221.074 442.148
221.074 442.148
221.074 442.148
221.324 442.648
221.574 443.148
221.824 443.648
222.074 444.148
222.324 444.648
222.574 445.148
222.574 445.148
222.574 445.148
222.574 445.148
222.574 445.148
222.574 445.148
222.824 445.648
223.074 446.148
223.324 446.648
223.324 446.648
223.324 446.648
223.324 446.648
223.324 446.648
223.574 447.148
223.574 447.148
223.574 447.148
223.824 447.648
223.824 447.648
223.824 447.648
224.074 448.148
224.074 448.148
224.074 448.148
224.074 448.148
224.074 448.148
224.074 448.148
224.074 448.148
