9.7275 16.2125
9.7275 16.2125
10.0275 16.7125
10.3275 17.2125
10.6275 17.7125
10.9275 18.2125
11.2275 18.7125
11.5275 19.2125
11.8275 19.7125
12.1275 20.2125
12.1275 20.2125
12.1275 20.2125
12.4275 20.7125
12.7275 21.2125
13.0275 21.7125
13.3275 22.2125
13.6275 22.7125
13.9275 23.2125
14.2275 23.7125
14.5275 24.2125
14.5275 24.2125
14.5275 24.2125
14.8275 24.7125
15.1275 25.2125
15.4275 25.7125
15.7275 26.2125
16.0275 26.7125
16.3275 27.2125
16.6275 27.7125
16.9275 28.2125
16.9275 28.2125
17.2275 28.7125
17.5275 29.2125
17.8275 29.7125
18.1275 30.2125
18.4275 30.7125
18.7275 31.2125
18.7275 31.2125
19.0275 31.7125
19.3275 32.2125
19.3275 32.2125
19.6275 32.7125
19.9275 33.2125
20.2275 33.7125
20.5275 34.2125
20.8275 34.7125
21.1275 35.2125
21.4275 35.7125
21.7275 36.2125
21.7275 36.2125
21.7275 36.2125
22.0275 36.7125
22.3275 37.2125
22.6275 37.7125
22.9275 38.2125
23.2275 38.7125
23.5275 39.2125
23.8275 39.7125
24.1275 40.2125
24.1275 40.2125
24.1275 40.2125
24.4275 40.7125
24.7275 41.2125
25.0275 41.7125
25.3275 42.2125
25.6275 42.7125
25.9275 43.2125
26.2275 43.7125
26.5275 44.2125
26.5275 44.2125
26.8275 44.7125
27.1275 45.2125
27.4275 45.7125
27.7275 46.2125
28.0275 46.7125
28.3275 47.2125
28.6275 47.7125
28.9275 48.2125
28.9275 48.2125
29.2275 48.7125
29.5275 49.2125
29.8275 49.7125
29.8275 49.7125
30.1275 50.2125
30.1275 50.2125
30.4275 50.7125
30.4275 50.7125
30.7275 51.2125
30.7275 51.2125
31.0275 51.7125
31.0275 51.7125
31.3275 52.2125
31.3275 52.2125
31.3275 52.2125
31.6275 52.7125
31.9275 53.2125
32.2275 53.7125
32.2275 53.7125
32.5275 54.2125
32.5275 54.2125
32.8275 54.7125
32.8275 54.7125
33.1275 55.2125
33.1275 55.2125
33.4275 55.7125
33.4275 55.7125
33.7275 56.2125
33.7275 56.2125
33.7275 56.2125
34.0275 56.7125
34.3275 57.2125
34.6275 57.7125
34.6275 57.7125
34.9275 58.2125
34.9275 58.2125
35.2275 58.7125
35.2275 58.7125
35.5275 59.2125
35.5275 59.2125
35.8275 59.7125
35.8275 59.7125
36.1275 60.2125
36.1275 60.2125
36.4275 60.7125
36.7275 61.2125
37.0275 61.7125
37.0275 61.7125
37.3275 62.2125
37.3275 62.2125
37.6275 62.7125
37.6275 62.7125
37.9275 63.2125
37.9275 63.2125
38.2275 63.7125
38.2275 63.7125
38.5275 64.2125
38.5275 64.2125
38.8275 64.7125
39.1275 65.2125
39.4275 65.7125
39.4275 65.7125
39.7275 66.2125
39.7275 66.2125
40.0275 66.7125
40.0275 66.7125
40.3275 67.2125
40.3275 67.2125
40.6275 67.7125
40.6275 67.7125
40.9275 68.2125
40.9275 68.2125
40.9275 68.2125
41.2275 68.7125
41.5275 69.2125
41.8275 69.7125
41.8275 69.7125
42.1275 70.2125
42.1275 70.2125
42.4275 70.7125
42.4275 70.7125
42.7275 71.2125
42.7275 71.2125
43.0275 71.7125
43.0275 71.7125
43.3275 72.2125
43.3275 72.2125
43.3275 72.2125
43.6275 72.7125
43.9275 73.2125
44.2275 73.7125
44.2275 73.7125
44.5275 74.2125
44.5275 74.2125
44.8275 74.7125
44.8275 74.7125
45.1275 75.2125
45.1275 75.2125
45.4275 75.7125
45.4275 75.7125
45.7275 76.2125
45.7275 76.2125
46.0275 76.7125
46.3275 77.2125
46.6275 77.7125
46.6275 77.7125
46.9275 78.2125
46.9275 78.2125
47.2275 78.7125
47.2275 78.7125
47.5275 79.2125
47.5275 79.2125
47.8275 79.7125
47.8275 79.7125
48.1275 80.2125
48.1275 80.2125
48.4275 80.7125
48.4275 80.7125
48.7275 81.2125
49.0275 81.7125
49.3275 82.2125
49.6275 82.7125
49.9275 83.2125
50.2275 83.7125
50.5275 84.2125
50.8275 84.7125
50.8275 84.7125
51.1275 85.2125
51.4275 85.7125
51.7275 86.2125
51.7275 86.2125
52.0275 86.7125
52.3275 87.2125
52.3275 87.2125
52.6275 87.7125
52.6275 87.7125
52.9275 88.2125
52.9275 88.2125
53.2275 88.7125
53.2275 88.7125
53.5275 89.2125
53.5275 89.2125
53.8275 89.7125
53.8275 89.7125
54.1275 90.2125
54.4275 90.7125
54.7275 91.2125
55.0275 91.7125
55.3275 92.2125
55.6275 92.7125
55.9275 93.2125
56.2275 93.7125
56.5275 94.2125
56.8275 94.7125
57.1275 95.2125
57.1275 95.2125
57.4275 95.7125
57.4275 95.7125
57.7275 96.2125
57.7275 96.2125
58.0275 96.7125
58.0275 96.7125
58.3275 97.2125
58.6275 97.7125
58.9275 98.2125
59.2275 98.7125
59.5275 99.2125
59.8275 99.7125
60.1275 100.213
60.4275 100.713
60.7275 101.213
60.7275 101.213
61.0275 101.713
61.0275 101.713
61.3275 102.213
61.3275 102.213
61.6275 102.713
61.9275 103.213
61.9275 103.213
62.2275 103.713
62.2275 103.713
62.5275 104.213
62.8275 104.713
62.8275 104.713
63.1275 105.213
63.4275 105.713
63.7275 106.213
64.0275 106.713
64.3275 107.213
64.6275 107.713
64.9275 108.212
65.2275 108.713
65.5275 109.213
65.8275 109.713
66.1275 110.213
66.4275 110.712
66.7275 111.213
67.0275 111.713
67.3275 112.213
67.3275 112.213
67.3275 112.213
67.3275 112.213
67.6275 112.713
67.6275 112.713
67.9275 113.212
68.2275 113.713
68.5275 114.213
68.8275 114.713
69.1275 115.213
69.4275 115.712
69.7275 116.213
70.0275 116.713
70.0275 116.713
70.3275 117.213
70.6275 117.713
70.9275 118.212
70.9275 118.212
71.2275 118.713
71.5275 119.213
71.5275 119.213
71.8275 119.713
72.1275 120.213
72.1275 120.213
72.1275 120.213
72.4275 120.712
72.4275 120.712
72.7275 121.213
72.7275 121.213
73.0275 121.713
73.0275 121.713
73.3275 122.213
73.6275 122.713
73.9275 123.212
74.2275 123.713
74.5275 124.213
74.8275 124.713
75.1275 125.213
75.4275 125.712
75.7275 126.213
76.0275 126.713
76.0275 126.713
76.3275 127.213
76.3275 127.213
76.3275 127.213
76.6275 127.713
76.6275 127.713
76.9275 128.213
76.9275 128.213
76.9275 128.213
77.2275 128.713
77.2275 128.713
77.5275 129.213
77.8275 129.713
78.1275 130.213
78.4275 130.713
78.7275 131.213
79.0275 131.713
79.3275 132.213
79.6275 132.713
79.9275 133.213
79.9275 133.213
80.2275 133.713
80.2275 133.713
80.5275 134.213
80.5275 134.213
80.8275 134.713
81.1275 135.213
81.1275 135.213
81.4275 135.713
81.4275 135.713
81.7275 136.213
81.7275 136.213
82.0275 136.713
82.0275 136.713
82.3275 137.213
82.6275 137.713
82.9275 138.213
83.2275 138.713
83.5275 139.213
83.8275 139.713
84.1275 140.213
84.1275 140.213
84.4275 140.713
84.7275 141.213
85.0275 141.713
85.3275 142.213
85.6275 142.713
85.9275 143.213
85.9275 143.213
86.2275 143.713
86.5275 144.213
86.5275 144.213
86.5275 144.213
86.8275 144.713
87.1275 145.213
87.4275 145.713
87.4275 145.713
87.7275 146.213
87.7275 146.213
88.0275 146.713
88.0275 146.713
88.3275 147.213
88.3275 147.213
88.3275 147.213
88.6275 147.713
88.6275 147.713
88.9275 148.213
88.9275 148.213
88.9275 148.213
89.2275 148.713
89.5275 149.213
89.8275 149.713
89.8275 149.713
90.1275 150.213
90.1275 150.213
90.1275 150.213
90.4275 150.713
90.4275 150.713
90.7275 151.213
90.7275 151.213
91.0275 151.713
91.0275 151.713
91.3275 152.213
91.3275 152.213
91.3275 152.213
91.6275 152.713
91.9275 153.213
92.2275 153.713
92.2275 153.713
92.5275 154.213
92.5275 154.213
92.5275 154.213
92.8275 154.713
92.8275 154.713
93.1275 155.213
93.1275 155.213
93.1275 155.213
93.4275 155.713
93.4275 155.713
93.7275 156.213
93.7275 156.213
93.7275 156.213
94.0275 156.713
94.3275 157.213
94.6275 157.713
94.6275 157.713
94.9275 158.213
94.9275 158.213
95.2275 158.713
95.2275 158.713
95.5275 159.213
95.5275 159.213
95.8275 159.713
95.8275 159.713
96.1275 160.213
96.1275 160.213
96.1275 160.213
96.4275 160.713
96.7275 161.213
97.0275 161.713
97.0275 161.713
97.3275 162.213
97.3275 162.213
97.6275 162.713
97.6275 162.713
97.9275 163.213
97.9275 163.213
97.9275 163.213
98.2275 163.713
98.2275 163.713
98.5275 164.213
98.5275 164.213
98.5275 164.213
98.8275 164.713
99.1275 165.213
99.4275 165.713
99.4275 165.713
99.7275 166.213
99.7275 166.213
99.7275 166.213
100.028 166.713
100.028 166.713
100.328 167.213
100.328 167.213
100.627 167.713
100.627 167.713
100.927 168.213
100.927 168.213
100.927 168.213
101.227 168.713
101.528 169.213
101.828 169.713
101.828 169.713
102.127 170.213
102.127 170.213
102.127 170.213
102.427 170.713
102.427 170.713
102.727 171.213
102.727 171.213
103.028 171.713
103.028 171.713
103.328 172.213
103.328 172.213
103.328 172.213
103.627 172.713
103.927 173.213
104.227 173.713
104.227 173.713
104.528 174.213
104.528 174.213
104.828 174.713
104.828 174.713
105.127 175.213
105.127 175.213
105.427 175.713
105.427 175.713
105.727 176.213
105.727 176.213
106.028 176.713
106.028 176.713
106.328 177.213
106.627 177.713
106.927 178.213
107.227 178.713
107.528 179.213
107.828 179.713
108.127 180.213
108.427 180.713
108.427 180.713
108.727 181.213
109.028 181.713
109.328 182.213
109.328 182.213
109.627 182.713
109.927 183.213
109.927 183.213
110.227 183.713
110.528 184.213
110.528 184.213
110.828 184.713
110.828 184.713
111.127 185.213
111.127 185.213
111.427 185.713
111.427 185.713
111.727 186.213
112.028 186.713
112.328 187.213
112.627 187.713
112.927 188.213
113.227 188.713
113.528 189.213
113.828 189.713
114.127 190.213
114.427 190.713
114.427 190.713
114.727 191.213
114.727 191.213
115.028 191.713
115.028 191.713
115.328 192.213
115.328 192.213
115.627 192.713
115.627 192.713
115.927 193.213
116.227 193.713
116.528 194.213
116.828 194.713
117.127 195.213
117.427 195.713
117.727 196.213
118.028 196.713
118.328 197.213
118.328 197.213
118.627 197.713
118.627 197.713
118.927 198.213
118.927 198.213
119.227 198.713
119.528 199.213
119.528 199.213
119.828 199.713
119.828 199.713
120.127 200.213
120.127 200.213
120.427 200.713
120.427 200.713
120.727 201.213
121.028 201.713
121.328 202.213
121.627 202.713
121.927 203.213
122.227 203.713
122.528 204.213
122.828 204.713
123.127 205.213
123.427 205.713
123.727 206.213
124.028 206.713
124.328 207.213
124.627 207.713
124.927 208.213
124.927 208.213
124.927 208.213
124.927 208.213
125.227 208.713
125.227 208.713
125.528 209.213
125.828 209.713
126.127 210.213
126.427 210.713
126.727 211.213
127.028 211.713
127.328 212.213
127.627 212.713
127.627 212.713
127.927 213.213
128.227 213.713
128.528 214.213
128.528 214.213
128.827 214.712
129.127 215.213
129.127 215.213
129.428 215.713
129.727 216.213
129.727 216.213
129.727 216.213
130.028 216.713
130.028 216.713
130.327 217.212
130.327 217.212
130.627 217.713
130.627 217.713
130.928 218.213
131.227 218.713
131.227 218.713
131.528 219.213
131.827 219.712
132.127 220.213
132.428 220.713
132.727 221.213
133.028 221.713
133.327 222.212
133.627 222.713
133.627 222.713
133.928 223.213
133.928 223.213
133.928 223.213
134.227 223.713
134.227 223.713
134.528 224.213
134.528 224.213
134.528 224.213
134.827 224.712
134.827 224.712
135.127 225.213
135.428 225.713
135.727 226.213
136.028 226.713
136.327 227.212
136.627 227.713
136.928 228.213
137.227 228.713
137.528 229.213
137.528 229.213
137.827 229.712
137.827 229.712
138.127 230.213
138.127 230.213
138.428 230.713
138.727 231.213
138.727 231.213
139.028 231.713
139.028 231.713
139.327 232.212
139.327 232.212
139.327 232.212
139.627 232.713
139.627 232.713
139.928 233.213
140.227 233.713
140.528 234.213
140.827 234.712
141.127 235.213
141.428 235.713
141.727 236.213
141.727 236.213
142.028 236.713
142.327 237.212
142.627 237.713
142.928 238.213
143.227 238.713
143.227 238.713
143.528 239.213
143.528 239.213
143.827 239.712
143.827 239.712
144.127 240.213
144.127 240.213
144.127 240.213
144.127 240.213
144.127 240.213
144.428 240.713
144.428 240.713
144.727 241.213
145.028 241.713
145.327 242.212
145.327 242.212
145.627 242.713
145.627 242.713
145.928 243.213
145.928 243.213
145.928 243.213
145.928 243.213
146.227 243.713
146.227 243.713
146.528 244.213
146.528 244.213
146.528 244.213
146.528 244.213
146.528 244.213
146.827 244.712
146.827 244.712
147.127 245.213
147.428 245.713
147.727 246.213
147.727 246.213
148.028 246.713
148.028 246.713
148.327 247.212
148.327 247.212
148.327 247.212
148.627 247.713
148.627 247.713
148.627 247.713
148.928 248.213
148.928 248.213
148.928 248.213
148.928 248.213
149.227 248.713
149.227 248.713
149.528 249.213
149.827 249.712
150.127 250.213
150.127 250.213
150.428 250.713
150.428 250.713
150.727 251.213
150.727 251.213
151.028 251.713
151.028 251.713
151.327 252.212
151.327 252.212
151.327 252.212
151.327 252.212
151.327 252.212
151.627 252.713
151.627 252.713
151.928 253.213
152.227 253.713
152.528 254.213
152.528 254.213
152.827 254.712
152.827 254.712
153.127 255.213
153.127 255.213
153.127 255.213
153.428 255.713
153.428 255.713
153.727 256.212
153.727 256.212
153.727 256.212
153.727 256.212
154.027 256.712
154.027 256.712
154.327 257.212
154.627 257.712
154.927 258.212
154.927 258.212
155.227 258.712
155.227 258.712
155.527 259.212
155.527 259.212
155.827 259.712
155.827 259.712
156.127 260.212
156.127 260.212
156.127 260.212
156.127 260.212
156.427 260.712
156.427 260.712
156.727 261.212
156.727 261.212
157.027 261.712
157.327 262.212
157.327 262.212
157.327 262.212
157.627 262.712
157.627 262.712
157.927 263.212
157.927 263.212
157.927 263.212
157.927 263.212
158.227 263.712
158.227 263.712
158.527 264.212
158.527 264.212
158.527 264.212
158.527 264.212
158.527 264.212
158.827 264.712
159.127 265.212
159.127 265.212
159.427 265.712
159.727 266.212
159.727 266.212
160.027 266.712
160.327 267.212
160.327 267.212
160.627 267.712
160.927 268.212
160.927 268.212
160.927 268.212
160.927 268.212
160.927 268.212
161.227 268.712
161.527 269.212
162.127 270.212
162.127 270.212
162.127 270.212
162.427 270.712
162.727 271.212
163.327 272.212
163.327 272.212
163.327 272.212
163.477 272.462
163.627 272.712
163.627 272.712
163.777 272.962
163.927 273.212
163.927 273.212
164.077 273.462
164.227 273.712
164.227 273.712
164.377 273.962
164.527 274.212
164.527 274.212
164.677 274.462
164.827 274.712
164.827 274.712
164.977 274.962
165.127 275.212
165.127 275.212
165.277 275.462
165.427 275.712
165.427 275.712
165.577 275.962
165.727 276.212
165.727 276.212
165.727 276.212
165.877 276.462
166.027 276.712
166.027 276.712
166.177 276.962
166.327 277.212
166.327 277.212
166.477 277.462
166.627 277.712
166.627 277.712
166.777 277.962
166.927 278.212
166.927 278.212
167.077 278.462
167.227 278.712
167.227 278.712
167.377 278.962
167.527 279.212
167.527 279.212
167.677 279.462
167.827 279.712
167.827 279.712
167.977 279.962
168.127 280.212
168.127 280.212
168.127 280.212
168.127 280.212
168.277 280.462
168.427 280.712
168.427 280.712
168.577 280.962
168.727 281.212
168.727 281.212
168.877 281.462
169.027 281.712
169.027 281.712
169.177 281.962
169.327 282.212
169.327 282.212
169.477 282.462
169.627 282.712
169.627 282.712
169.777 282.962
169.927 283.212
169.927 283.212
170.077 283.462
170.227 283.712
170.227 283.712
170.377 283.962
170.527 284.212
170.527 284.212
170.677 284.462
170.827 284.712
170.827 284.712
170.977 284.962
171.127 285.212
171.127 285.212
171.277 285.462
171.427 285.712
171.427 285.712
171.577 285.962
171.727 286.212
171.727 286.212
171.727 286.212
171.877 286.462
172.027 286.712
172.027 286.712
172.177 286.962
172.327 287.212
172.327 287.212
172.477 287.462
172.627 287.712
172.627 287.712
172.777 287.962
172.927 288.212
172.927 288.212
172.927 288.212
173.077 288.462
173.227 288.712
173.227 288.712
173.377 288.962
173.527 289.212
173.527 289.212
173.677 289.462
173.827 289.712
173.827 289.712
173.977 289.962
174.127 290.212
174.127 290.212
174.277 290.462
174.427 290.712
174.427 290.712
174.577 290.962
174.727 291.212
174.727 291.212
174.877 291.462
175.027 291.712
175.027 291.712
175.177 291.962
175.327 292.212
175.327 292.212
175.327 292.212
175.477 292.462
175.627 292.712
175.627 292.712
175.777 292.962
175.927 293.212
175.927 293.212
176.077 293.462
176.227 293.712
176.227 293.712
176.377 293.962
176.527 294.212
176.527 294.212
176.677 294.462
176.827 294.712
176.827 294.712
176.977 294.962
177.127 295.212
177.127 295.212
177.277 295.462
177.427 295.712
177.427 295.712
177.577 295.962
177.727 296.212
177.727 296.212
177.727 296.212
177.727 296.212
177.877 296.462
178.027 296.712
178.027 296.712
178.177 296.962
178.327 297.212
178.327 297.212
178.477 297.462
178.627 297.712
178.627 297.712
178.777 297.962
178.927 298.212
178.927 298.212
179.077 298.462
179.227 298.712
179.227 298.712
179.377 298.962
179.527 299.212
179.527 299.212
179.677 299.462
179.827 299.712
179.827 299.712
179.977 299.962
180.127 300.212
180.127 300.212
180.277 300.462
180.427 300.712
180.427 300.712
180.577 300.962
180.727 301.212
180.727 301.212
180.877 301.462
181.027 301.712
181.027 301.712
181.177 301.962
181.327 302.212
181.327 302.212
181.477 302.462
181.627 302.712
181.627 302.712
181.777 302.962
181.927 303.212
181.927 303.212
182.077 303.462
182.227 303.712
182.227 303.712
182.377 303.962
182.527 304.212
182.527 304.212
182.527 304.212
182.677 304.462
182.827 304.712
182.827 304.712
182.977 304.962
183.127 305.212
183.127 305.212
183.277 305.462
183.427 305.712
183.427 305.712
183.577 305.962
183.727 306.212
183.727 306.212
183.877 306.462
184.027 306.712
184.027 306.712
184.177 306.962
184.327 307.212
184.327 307.212
184.477 307.462
184.627 307.712
184.627 307.712
184.777 307.962
184.927 308.212
184.927 308.212
184.927 308.212
184.927 308.212
185.077 308.462
185.227 308.712
185.227 308.712
185.377 308.962
185.527 309.212
185.527 309.212
185.677 309.462
185.827 309.712
185.827 309.712
185.977 309.962
186.127 310.212
186.127 310.212
186.277 310.462
186.427 310.712
186.427 310.712
186.577 310.962
186.727 311.212
186.727 311.212
186.727 311.212
186.877 311.462
187.027 311.712
187.027 311.712
187.177 311.962
187.327 312.212
187.327 312.212
187.327 312.212
187.327 312.212
187.477 312.462
187.627 312.712
187.627 312.712
187.777 312.962
187.927 313.212
187.927 313.212
188.077 313.462
188.227 313.712
188.227 313.712
188.227 313.712
188.377 313.962
188.527 314.212
188.527 314.212
188.677 314.462
188.827 314.712
188.827 314.712
188.977 314.962
189.127 315.212
189.127 315.212
189.277 315.462
189.427 315.712
189.427 315.712
189.577 315.962
189.727 316.212
189.727 316.212
189.727 316.212
189.877 316.462
190.027 316.712
190.027 316.712
190.177 316.962
190.327 317.212
190.327 317.212
190.477 317.462
190.627 317.712
190.627 317.712
190.777 317.962
190.927 318.212
190.927 318.212
190.927 318.212
191.077 318.462
191.227 318.712
191.227 318.712
191.377 318.962
191.527 319.212
191.527 319.212
191.527 319.212
191.677 319.462
191.827 319.712
191.827 319.712
191.977 319.962
192.127 320.212
192.127 320.212
192.127 320.212
192.277 320.462
192.427 320.712
192.427 320.712
192.577 320.962
192.727 321.212
192.727 321.212
192.877 321.462
193.027 321.712
193.027 321.712
193.177 321.962
193.327 322.212
193.327 322.212
193.477 322.462
193.627 322.712
193.627 322.712
193.777 322.962
193.927 323.212
193.927 323.212
194.077 323.462
194.227 323.712
194.227 323.712
194.377 323.962
194.527 324.212
194.527 324.212
194.527 324.212
194.527 324.212
194.677 324.462
194.827 324.712
194.827 324.712
194.977 324.962
195.127 325.212
195.127 325.212
195.277 325.462
195.427 325.712
195.427 325.712
195.427 325.712
195.577 325.962
195.727 326.212
195.727 326.212
195.877 326.462
196.027 326.712
196.027 326.712
196.027 326.712
196.177 326.962
196.327 327.212
196.327 327.212
196.477 327.462
196.627 327.712
196.627 327.712
196.777 327.962
196.927 328.212
196.927 328.212
196.927 328.212
196.927 328.212
197.077 328.462
197.227 328.712
197.227 328.712
197.377 328.962
197.527 329.212
197.527 329.212
197.677 329.462
197.827 329.712
197.827 329.712
197.977 329.962
198.127 330.212
198.127 330.212
198.277 330.462
198.427 330.712
198.427 330.712
198.577 330.962
198.727 331.212
198.727 331.212
198.727 331.212
198.877 331.462
199.027 331.712
199.027 331.712
199.177 331.962
199.327 332.212
199.327 332.212
199.327 332.212
199.477 332.462
199.627 332.712
199.627 332.712
199.777 332.962
199.927 333.212
199.927 333.212
200.077 333.462
200.227 333.712
200.227 333.712
200.377 333.962
200.527 334.212
200.527 334.212
200.677 334.462
200.827 334.712
200.827 334.712
200.977 334.962
201.127 335.212
201.127 335.212
201.277 335.462
201.427 335.712
201.427 335.712
201.577 335.962
201.727 336.212
201.727 336.212
202.027 336.712
202.027 336.712
202.327 337.212
202.627 337.712
202.927 338.212
203.227 338.712
203.527 339.212
203.827 339.712
204.127 340.212
204.427 340.712
204.427 340.712
204.727 341.212
205.027 341.712
205.327 342.212
205.327 342.212
205.627 342.712
205.927 343.212
205.927 343.212
206.227 343.712
206.527 344.212
206.527 344.212
206.827 344.712
206.827 344.712
207.127 345.212
207.127 345.212
207.427 345.712
207.427 345.712
207.727 346.212
208.027 346.712
208.327 347.212
208.627 347.712
208.927 348.212
209.227 348.712
209.527 349.212
209.827 349.712
210.127 350.212
210.427 350.712
210.727 351.212
210.727 351.212
211.027 351.712
211.327 352.212
211.327 352.212
211.627 352.712
211.627 352.712
211.927 353.212
212.227 353.712
212.227 353.712
212.527 354.212
212.827 354.712
213.127 355.212
213.427 355.712
213.727 356.212
214.027 356.712
214.327 357.212
214.327 357.212
214.627 357.712
214.627 357.712
214.927 358.212
214.927 358.212
215.227 358.712
215.527 359.212
215.527 359.212
215.827 359.712
215.827 359.712
216.127 360.212
216.127 360.212
216.427 360.712
216.427 360.712
216.727 361.212
217.027 361.712
217.327 362.212
217.627 362.712
217.927 363.212
218.227 363.712
218.527 364.212
218.827 364.712
219.127 365.212
219.427 365.712
219.727 366.212
220.027 366.712
220.327 367.212
220.627 367.712
220.927 368.212
220.927 368.212
220.927 368.212
220.927 368.212
221.227 368.712
221.227 368.712
221.527 369.212
221.827 369.712
222.127 370.212
222.427 370.712
222.727 371.212
223.027 371.712
223.327 372.212
223.627 372.712
223.627 372.712
223.927 373.212
224.227 373.712
224.527 374.212
224.527 374.212
224.827 374.712
225.127 375.212
225.127 375.212
225.427 375.712
225.727 376.212
225.727 376.212
225.727 376.212
226.027 376.712
226.027 376.712
226.327 377.212
226.327 377.212
226.627 377.712
226.627 377.712
226.927 378.212
227.227 378.712
227.227 378.712
227.527 379.212
227.827 379.712
228.127 380.212
228.427 380.712
228.727 381.212
229.027 381.712
229.327 382.212
229.627 382.712
229.627 382.712
229.927 383.212
229.927 383.212
229.927 383.212
230.227 383.712
230.227 383.712
230.527 384.212
230.527 384.212
230.527 384.212
230.827 384.712
230.827 384.712
231.127 385.212
231.127 385.212
231.427 385.712
231.427 385.712
231.727 386.212
232.027 386.712
232.327 387.212
232.627 387.712
232.927 388.212
233.227 388.712
233.227 388.712
233.527 389.212
233.527 389.212
233.827 389.712
233.827 389.712
234.127 390.212
234.127 390.212
234.427 390.712
234.727 391.212
234.727 391.212
235.027 391.712
235.027 391.712
235.327 392.212
235.327 392.212
235.627 392.712
235.627 392.712
235.927 393.212
235.927 393.212
236.227 393.712
236.527 394.212
236.827 394.712
237.127 395.212
237.427 395.712
237.727 396.212
237.727 396.212
238.027 396.712
238.327 397.212
238.627 397.712
238.927 398.212
239.227 398.712
239.527 399.212
239.527 399.212
239.827 399.712
239.827 399.712
240.127 400.212
240.127 400.212
240.127 400.212
240.127 400.212
240.127 400.212
240.427 400.712
240.427 400.712
240.727 401.212
241.027 401.712
241.327 402.212
241.327 402.212
241.627 402.712
241.627 402.712
241.927 403.212
241.927 403.212
241.927 403.212
241.927 403.212
242.227 403.712
242.227 403.712
242.527 404.212
242.527 404.212
242.527 404.212
242.527 404.212
242.527 404.212
242.827 404.712
242.827 404.712
243.127 405.212
243.427 405.712
243.727 406.212
243.727 406.212
244.027 406.712
244.027 406.712
244.327 407.212
244.327 407.212
244.327 407.212
244.627 407.712
244.627 407.712
244.627 407.712
244.927 408.212
244.927 408.212
244.927 408.212
244.927 408.212
245.227 408.712
245.227 408.712
245.527 409.212
245.827 409.712
246.127 410.212
246.127 410.212
246.427 410.712
246.427 410.712
246.727 411.212
246.727 411.212
247.027 411.712
247.027 411.712
247.327 412.212
247.327 412.212
247.327 412.212
247.327 412.212
247.327 412.212
247.627 412.712
247.627 412.712
247.927 413.212
248.227 413.712
248.527 414.212
248.527 414.212
248.827 414.712
248.827 414.712
249.127 415.212
249.127 415.212
249.127 415.212
249.427 415.712
249.427 415.712
249.577 415.962
249.727 416.212
249.727 416.212
249.727 416.212
249.727 416.212
250.027 416.712
250.027 416.712
250.327 417.212
250.627 417.712
250.927 418.212
250.927 418.212
251.227 418.712
251.227 418.712
251.527 419.212
251.527 419.212
251.827 419.712
251.827 419.712
252.127 420.212
252.127 420.212
252.127 420.212
252.127 420.212
252.427 420.712
252.427 420.712
252.727 421.212
252.727 421.212
253.027 421.712
253.327 422.212
253.327 422.212
253.327 422.212
253.627 422.712
253.627 422.712
253.927 423.212
253.927 423.212
253.927 423.212
254.227 423.712
254.227 423.712
254.527 424.212
254.527 424.212
254.527 424.212
254.527 424.212
254.527 424.212
254.827 424.712
255.127 425.212
255.127 425.212
255.427 425.712
255.727 426.212
255.727 426.212
256.027 426.712
256.327 427.212
256.327 427.212
256.627 427.713
256.927 428.212
256.927 428.212
256.927 428.212
256.927 428.212
256.927 428.212
257.227 428.712
257.527 429.212
257.527 429.212
257.827 429.712
258.127 430.213
258.127 430.213
258.127 430.213
258.127 430.213
258.427 430.712
258.427 430.712
258.727 431.212
259.027 431.712
259.048 431.746
259.151 431.919
259.257 432.096
259.327 432.212
259.327 432.212
259.327 432.212
259.327 432.212
259.627 432.713
259.627 432.713
259.927 433.212
259.927 433.212
260.227 433.712
260.227 433.712
260.827 434.712
260.827 434.712
261.127 435.213
261.127 435.213
261.127 435.213
261.427 435.712
261.695 436.158
261.727 436.212
261.727 436.212
261.727 436.212
262.027 436.712
262.027 436.712
262.327 437.212
262.327 437.212
262.627 437.713
262.627 437.713
263.227 438.712
263.227 438.712
263.527 439.212
263.527 439.212
263.866 439.777
263.976 439.96
264.08 440.133
264.127 440.213
264.127 440.213
264.127 440.213
264.427 440.712
264.727 441.212
264.727 441.212
265.027 441.712
265.027 441.712
265.327 442.212
265.627 442.713
265.627 442.713
265.896 443.16
266.227 443.712
266.227 443.712
266.492 444.154
266.527 444.212
266.527 444.212
266.527 444.212
266.827 444.712
267.127 445.213
267.127 445.213
267.427 445.712
267.427 445.712
267.727 446.212
268.027 446.712
268.027 446.712
268.327 447.212
268.627 447.713
268.627 447.713
268.751 447.919
268.809 448.015
268.873 448.121
268.927 448.212
268.927 448.212
268.927 448.212
269.227 448.712
269.227 448.712
269.527 449.212
269.527 449.212
269.827 449.712
269.827 449.712
270.427 450.712
270.427 450.712
270.66 451.1
270.727 451.212
270.727 451.212
270.727 451.212
271.027 451.712
271.244 452.073
271.327 452.212
271.327 452.212
271.327 452.212
271.56 452.6
271.627 452.713
271.627 452.713
271.927 453.212
271.927 453.212
272.214 453.69
272.227 453.712
272.227 453.712
272.827 454.712
272.827 454.712
273.127 455.213
273.127 455.213
273.135 455.225
273.666 456.11
273.727 456.212
273.727 456.212
273.727 456.212
274.027 456.712
274.327 457.212
274.327 457.212
274.599 457.665
274.627 457.713
274.627 457.713
274.927 458.212
275.227 458.712
275.227 458.712
275.475 459.125
275.827 459.712
275.827 459.712
276.127 460.213
276.127 460.213
276.127 460.213
276.127 460.213
276.277 460.462
276.427 460.712
276.427 460.712
276.577 460.962
276.727 461.212
276.727 461.212
276.727 461.212
276.877 461.463
277.027 461.712
277.027 461.712
277.027 461.712
277.177 461.962
277.327 462.212
277.327 462.212
277.477 462.462
277.627 462.713
277.627 462.713
277.627 462.713
277.627 462.713
277.777 462.962
277.927 463.212
277.927 463.212
277.927 463.212
278.077 463.462
278.227 463.712
278.227 463.712
278.227 463.712
278.227 463.712
278.377 463.963
278.527 464.212
278.527 464.212
278.527 464.212
278.527 464.212
278.527 464.212
278.527 464.212
278.827 464.712
278.827 464.712
279.127 465.213
279.427 465.712
279.427 465.712
279.427 465.712
280.027 466.712
280.027 466.712
280.327 467.212
280.327 467.212
280.327 467.212
280.327 467.212
280.327 467.212
280.627 467.713
280.627 467.713
280.927 468.212
280.927 468.212
280.927 468.212
280.927 468.212
280.927 468.212
281.227 468.712
281.227 468.712
281.527 469.212
281.827 469.712
281.827 469.712
281.827 469.712
282.427 470.712
282.427 470.712
282.727 471.212
282.727 471.212
282.727 471.212
282.727 471.212
282.727 471.212
283.027 471.712
283.327 472.212
283.327 472.212
283.327 472.212
283.327 472.212
283.327 472.212
283.627 472.713
283.627 472.713
283.927 473.212
284.227 473.712
284.227 473.712
284.227 473.712
284.827 474.712
284.827 474.712
285.127 475.213
285.127 475.213
285.127 475.213
285.127 475.213
285.427 475.712
285.727 476.212
285.727 476.212
285.727 476.212
285.727 476.212
285.727 476.212
286.027 476.712
286.027 476.712
286.327 477.212
286.627 477.713
286.627 477.713
286.627 477.713
287.227 478.712
287.227 478.712
287.227 478.712
287.527 479.212
287.527 479.212
287.827 479.712
287.827 479.712
287.977 479.962
288.127 480.213
288.127 480.213
288.127 480.213
288.127 480.213
288.127 480.213
288.427 480.712
288.427 480.712
288.727 481.212
289.027 481.712
289.027 481.712
289.027 481.712
289.627 482.713
289.627 482.713
289.927 483.212
289.927 483.212
289.927 483.212
289.927 483.212
289.927 483.212
290.227 483.712
290.227 483.712
290.527 484.212
290.527 484.212
290.527 484.212
290.527 484.212
290.527 484.212
290.827 484.712
290.827 484.712
291.127 485.213
291.127 485.213
291.427 485.712
291.427 485.712
292.027 486.712
292.027 486.712
292.327 487.212
292.327 487.212
292.327 487.212
292.327 487.212
292.627 487.713
292.627 487.713
292.927 488.212
292.927 488.212
292.927 488.212
292.927 488.212
292.927 488.212
293.227 488.712
293.227 488.712
293.527 489.212
293.527 489.212
293.827 489.712
293.827 489.712
294.427 490.712
294.427 490.712
294.727 491.212
295.327 492.212
295.327 492.212
295.327 492.212
295.327 492.212
295.327 492.212
295.627 492.713
295.927 493.212
295.927 493.212
296.227 493.712
296.227 493.712
296.527 494.212
296.827 494.712
296.827 494.712
296.827 494.712
297.127 495.213
297.127 495.213
297.427 495.712
297.427 495.712
297.727 496.212
297.727 496.212
297.727 496.212
297.727 496.212
297.727 496.212
297.727 496.212
298.027 496.712
298.027 496.712
298.627 497.713
298.627 497.713
299.227 498.712
299.227 498.712
299.527 499.212
299.527 499.212
299.527 499.212
299.527 499.212
299.827 499.712
299.827 499.712
300.127 500.213
300.127 500.213
300.127 500.213
300.127 500.213
300.127 500.213
300.727 501.212
300.727 501.212
300.727 501.212
300.727 501.212
301.027 501.712
301.027 501.712
301.027 501.712
301.327 502.212
301.327 502.212
301.627 502.713
301.627 502.713
301.927 503.212
301.927 503.212
301.927 503.212
301.927 503.212
302.227 503.712
302.527 504.212
302.527 504.212
302.527 504.212
302.527 504.212
302.527 504.212
302.827 504.712
303.127 505.213
303.127 505.213
303.427 505.712
303.427 505.712
304.027 506.712
304.027 506.712
304.327 507.212
304.327 507.212
304.327 507.212
304.327 507.212
304.327 507.212
304.627 507.713
304.927 508.212
304.927 508.212
304.927 508.212
304.927 508.212
304.927 508.212
305.227 508.712
305.227 508.712
305.527 509.212
305.527 509.212
305.827 509.712
305.827 509.712
306.127 510.213
306.427 510.712
306.427 510.712
306.727 511.212
306.727 511.212
306.727 511.212
306.727 511.212
306.727 511.212
307.027 511.712
307.177 511.962
307.327 512.212
307.327 512.212
307.327 512.212
307.327 512.212
307.327 512.212
307.627 512.712
307.627 512.712
307.927 513.212
307.927 513.212
308.227 513.712
308.227 513.712
308.527 514.212
308.527 514.212
308.827 514.712
308.827 514.712
309.127 515.212
309.127 515.212
309.127 515.212
309.127 515.212
309.127 515.212
309.127 515.212
309.427 515.712
309.727 516.212
309.727 516.212
309.727 516.212
309.727 516.212
309.727 516.212
310.027 516.712
310.027 516.712
310.327 517.212
310.327 517.212
310.327 517.212
310.627 517.712
310.627 517.712
310.927 518.212
311.227 518.712
311.227 518.712
311.527 519.212
311.527 519.212
311.527 519.212
311.527 519.212
311.527 519.212
311.827 519.712
311.827 519.712
312.127 520.212
312.127 520.212
312.127 520.212
312.127 520.212
312.127 520.212
312.127 520.212
312.427 520.712
312.727 521.212
312.727 521.212
312.727 521.212
313.027 521.712
313.327 522.212
313.327 522.212
313.327 522.212
313.327 522.212
313.627 522.712
313.927 523.212
313.927 523.212
314.227 523.712
314.527 524.212
314.527 524.212
314.527 524.212
314.527 524.212
314.527 524.212
314.827 524.712
315.127 525.212
315.427 525.712
315.427 525.712
315.427 525.712
315.727 526.212
316.027 526.712
316.327 527.212
316.327 527.212
316.327 527.212
316.627 527.712
316.927 528.212
316.927 528.212
316.927 528.212
316.927 528.212
316.927 528.212
326.527 544.212
326.527 544.212
326.827 544.712
327.127 545.212
327.427 545.712
327.427 545.712
327.727 546.212
327.727 546.212
328.027 546.712
328.027 546.712
328.327 547.212
328.327 547.212
328.627 547.712
328.627 547.712
328.927 548.212
328.927 548.212
328.927 548.212
329.227 548.712
329.527 549.212
329.827 549.712
329.827 549.712
330.127 550.212
330.127 550.212
330.427 550.712
330.427 550.712
330.727 551.212
330.727 551.212
331.027 551.712
331.027 551.712
331.327 552.212
331.327 552.212
331.327 552.212
331.627 552.712
331.927 553.212
332.227 553.712
332.227 553.712
332.527 554.212
332.527 554.212
332.827 554.712
332.827 554.712
333.127 555.212
333.127 555.212
333.427 555.712
333.427 555.712
333.727 556.212
333.727 556.212
334.027 556.712
334.327 557.212
334.627 557.712
334.627 557.712
334.927 558.212
334.927 558.212
335.227 558.712
335.227 558.712
335.527 559.212
335.527 559.212
335.827 559.712
335.827 559.712
336.127 560.212
336.127 560.212
336.427 560.712
336.727 561.212
337.027 561.712
337.027 561.712
337.327 562.212
337.327 562.212
337.627 562.712
337.627 562.712
337.927 563.212
337.927 563.212
338.227 563.712
338.227 563.712
338.527 564.212
338.527 564.212
338.527 564.212
338.827 564.712
339.127 565.212
339.427 565.712
339.427 565.712
339.727 566.212
339.727 566.212
340.027 566.712
340.027 566.712
340.327 567.212
340.327 567.212
340.627 567.712
340.627 567.712
340.927 568.212
340.927 568.212
340.927 568.212
341.227 568.712
341.527 569.212
341.827 569.712
341.827 569.712
342.127 570.212
342.127 570.212
342.427 570.712
342.427 570.712
342.727 571.212
342.727 571.212
343.027 571.712
343.027 571.712
343.327 572.212
343.327 572.212
343.627 572.712
343.927 573.212
344.227 573.712
344.227 573.712
344.527 574.212
344.527 574.212
344.827 574.712
344.827 574.712
345.127 575.212
345.127 575.212
345.427 575.712
345.427 575.712
345.727 576.212
345.727 576.212
346.027 576.712
346.027 576.712
346.327 577.212
346.627 577.712
346.927 578.212
347.227 578.712
347.527 579.212
347.827 579.712
348.127 580.212
348.427 580.712
348.427 580.712
348.727 581.212
349.027 581.712
349.327 582.212
349.327 582.212
349.627 582.712
349.927 583.212
349.927 583.212
350.227 583.712
350.527 584.212
350.527 584.212
350.827 584.712
350.827 584.712
351.127 585.212
351.127 585.212
351.427 585.712
351.427 585.712
351.727 586.212
352.027 586.712
352.327 587.212
352.627 587.712
352.927 588.212
353.227 588.712
353.527 589.212
353.827 589.712
354.127 590.212
354.427 590.712
354.427 590.712
354.727 591.212
354.727 591.212
355.027 591.712
355.027 591.712
355.327 592.212
355.327 592.212
355.627 592.712
355.627 592.712
355.927 593.212
356.227 593.712
356.527 594.212
356.827 594.712
357.127 595.212
357.427 595.712
357.714 596.19
358 596.667
358.316 597.194
358.327 597.212
358.626 597.71
358.627 597.712
358.927 598.212
358.955 598.258
359.257 598.763
359.527 599.212
359.585 599.308
359.827 599.712
359.86 599.767
360.149 600.248
360.427 600.712
360.49 600.817
360.801 601.335
361.152 601.921
361.539 602.565
362.04 603.4
362.493 604.154
362.696 604.494
362.708 604.513
362.78 604.633
362.891 604.819
