0.872126 1.26458
0.872126 1.26458
0.872126 1.26458
1.21695 1.76458
1.56178 2.26458
1.90661 2.76458
2.25144 3.26458
2.59626 3.76458
2.94109 4.26458
3.28592 4.76458
3.63075 5.26458
3.63075 5.26458
3.63075 5.26458
3.97557 5.76458
4.3204 6.26458
4.66523 6.76458
5.01006 7.26458
5.35488 7.76458
5.69971 8.26458
6.04454 8.76458
6.38937 9.26458
6.38937 9.26458
6.38937 9.26458
6.73419 9.76458
7.07902 10.2646
7.07902 10.2646
7.42385 10.7646
7.42385 10.7646
7.76868 11.2646
7.76868 11.2646
8.1135 11.7646
8.45833 12.2646
8.45833 12.2646
8.80316 12.7646
8.80316 12.7646
9.14799 13.2646
9.14799 13.2646
9.14799 13.2646
9.49281 13.7646
9.83764 14.2646
9.83764 14.2646
10.1825 14.7646
10.1825 14.7646
10.5273 15.2646
10.8721 15.7646
11.217 16.2646
11.5618 16.7646
11.9066 17.2646
11.9066 17.2646
11.9066 17.2646
12.2514 17.7646
12.5963 18.2646
12.5963 18.2646
12.9411 18.7646
12.9411 18.7646
13.2859 19.2646
13.2859 19.2646
13.6307 19.7646
13.9756 20.2646
13.9756 20.2646
14.3204 20.7646
14.3204 20.7646
14.6652 21.2646
14.6652 21.2646
14.6652 21.2646
14.6652 21.2646
15.0101 21.7646
15.3549 22.2646
15.6997 22.7646
16.0445 23.2646
16.3894 23.7646
16.7342 24.2646
17.079 24.7646
17.4238 25.2646
17.4238 25.2646
17.4238 25.2646
17.7687 25.7646
18.1135 26.2646
18.1135 26.2646
18.4583 26.7646
18.4583 26.7646
18.8032 27.2646
18.8032 27.2646
19.148 27.7646
19.4928 28.2646
19.4928 28.2646
19.8376 28.7646
19.8376 28.7646
20.1825 29.2646
20.1825 29.2646
20.1825 29.2646
20.5273 29.7646
20.5273 29.7646
20.8721 30.2646
20.8721 30.2646
21.2169 30.7646
21.5618 31.2646
21.9066 31.7646
22.2514 32.2646
22.5963 32.7646
22.9411 33.2646
22.9411 33.2646
22.9411 33.2646
23.2859 33.7646
23.2859 33.7646
23.6307 34.2646
23.6307 34.2646
23.9756 34.7646
23.9756 34.7646
24.3204 35.2646
24.6652 35.7646
24.6652 35.7646
25.0101 36.2646
25.0101 36.2646
25.3549 36.7646
25.3549 36.7646
25.6997 37.2646
25.6997 37.2646
25.6997 37.2646
25.6997 37.2646
26.0445 37.7646
26.3894 38.2646
26.7342 38.7646
27.079 39.2646
27.4238 39.7646
27.7687 40.2646
28.1135 40.7646
28.4583 41.2646
28.4583 41.2646
28.4583 41.2646
28.4583 41.2646
28.4583 41.2646
28.8032 41.7646
28.8032 41.7646
29.148 42.2646
29.4928 42.7646
29.4928 42.7646
29.8376 43.2646
30.1825 43.7646
30.5273 44.2646
30.5273 44.2646
30.8721 44.7646
30.8721 44.7646
31.2169 45.2646
31.2169 45.2646
31.2169 45.2646
31.2169 45.2646
31.2169 45.2646
31.5618 45.7646
31.8951 46.2479
31.9066 46.2646
32.2514 46.7646
32.2744 46.7979
32.5963 47.2646
32.9411 47.7646
32.9756 47.8146
33.2859 48.2646
33.6307 48.7646
33.9756 49.2646
33.9756 49.2646
33.9756 49.2646
33.9756 49.2646
33.9756 49.2646
34.3204 49.7646
34.3204 49.7646
34.6652 50.2646
35.01 50.7646
35.01 50.7646
35.3549 51.2646
35.6997 51.7646
36.0445 52.2646
36.0445 52.2646
36.3894 52.7646
36.3894 52.7646
36.7342 53.2646
36.7342 53.2646
36.7342 53.2646
36.7342 53.2646
36.7342 53.2646
37.079 53.7646
37.4238 54.2646
37.4238 54.2646
37.7687 54.7646
37.7687 54.7646
37.7687 54.7646
37.7687 54.7646
37.7687 54.7646
38.1135 55.2646
38.4583 55.7646
38.8032 56.2646
39.148 56.7646
39.4928 57.2646
39.4928 57.2646
39.4928 57.2646
39.4928 57.2646
39.4928 57.2646
39.8376 57.7646
39.8376 57.7646
40.1825 58.2646
40.5273 58.7646
40.5273 58.7646
40.8721 59.2646
41.2169 59.7646
41.5618 60.2646
41.9066 60.7646
41.9066 60.7646
42.2514 61.2646
42.2514 61.2646
42.2514 61.2646
42.2514 61.2646
42.2514 61.2646
42.5963 61.7646
42.9411 62.2646
42.9411 62.2646
42.9411 62.2646
43.2859 62.7646
43.2859 62.7646
43.6307 63.2646
43.9756 63.7646
43.9756 63.7646
44.3204 64.2646
44.3204 64.2646
44.3204 64.2646
44.6652 64.7646
44.6652 64.7646
45.01 65.2646
45.01 65.2646
45.01 65.2646
45.3549 65.7646
45.6997 66.2646
46.0445 66.7646
46.0445 66.7646
46.3894 67.2646
46.3894 67.2646
46.7342 67.7646
46.7342 67.7646
47.079 68.2646
47.079 68.2646
47.4238 68.7646
47.7687 69.2646
47.7687 69.2646
47.7687 69.2646
47.7687 69.2646
48.4583 70.2646
48.8031 70.7646
48.8031 70.7646
48.8031 70.7646
49.148 71.2646
49.148 71.2646
49.148 71.2646
49.148 71.2646
49.148 71.2646
49.148 71.2646
49.4928 71.7646
49.4928 71.7646
49.8376 72.2646
49.8376 72.2646
49.8376 72.2646
49.8376 72.2646
50.1825 72.7646
50.1825 72.7646
50.5273 73.2646
50.5273 73.2646
50.5273 73.2646
50.5273 73.2646
50.5273 73.2646
50.8721 73.7646
51.2169 74.2646
51.2169 74.2646
51.5618 74.7646
51.5618 74.7646
51.9066 75.2646
52.2514 75.7646
52.5963 76.2646
52.5963 76.2646
52.9411 76.7646
52.9411 76.7646
53.2859 77.2646
53.2859 77.2646
53.2859 77.2646
53.6307 77.7646
53.6307 77.7646
53.9756 78.2646
54.3204 78.7646
54.3204 78.7646
54.3204 78.7646
54.3204 78.7646
54.6652 79.2646
54.6652 79.2646
54.6652 79.2646
55.01 79.7646
55.01 79.7646
55.01 79.7646
55.3549 80.2646
55.3549 80.2646
55.3549 80.2646
55.6997 80.7646
55.6997 80.7646
56.0445 81.2646
56.0445 81.2646
56.0445 81.2646
56.0445 81.2646
56.0445 81.2646
56.3894 81.7646
56.7342 82.2646
56.7342 82.2646
57.079 82.7646
57.079 82.7646
57.079 82.7646
57.7687 83.7646
57.7687 83.7646
57.7687 83.7646
58.1135 84.2646
58.4583 84.7646
58.4583 84.7646
58.8031 85.2646
58.8031 85.2646
58.8031 85.2646
59.148 85.7646
59.148 85.7646
59.148 85.7646
59.4928 86.2646
59.4928 86.2646
59.8376 86.7646
59.8376 86.7646
59.8376 86.7646
60.1825 87.2646
60.1825 87.2646
60.1825 87.2646
60.5273 87.7646
60.5273 87.7646
60.5273 87.7646
60.8721 88.2646
60.8721 88.2646
60.8721 88.2646
61.2169 88.7646
61.2169 88.7646
61.5618 89.2646
61.5618 89.2646
61.5618 89.2646
61.5618 89.2646
61.5618 89.2646
61.5618 89.2646
61.9066 89.7646
62.2514 90.2646
62.2514 90.2646
62.5962 90.7646
62.5962 90.7646
62.5962 90.7646
62.9411 91.2646
63.2859 91.7646
63.2859 91.7646
63.6307 92.2646
64.3218 93.2646
64.3218 93.2646
64.3218 93.2646
64.3218 93.2646
64.6706 93.7646
65.0194 94.2646
65.0194 94.2646
65.3683 94.7646
65.3683 94.7646
66.0659 95.7646
66.0659 95.7646
66.4148 96.2646
66.4148 96.2646
66.4148 96.2646
66.4148 96.2646
66.7636 96.7646
67.1125 97.2646
67.1125 97.2646
67.1125 97.2646
67.1125 97.2646
67.4613 97.7646
67.8101 98.2646
67.8101 98.2646
68.159 98.7646
68.159 98.7646
68.159 98.7646
68.159 98.7646
68.5078 99.2646
68.8566 99.7646
68.8566 99.7646
69.2055 100.265
69.5543 100.765
69.5543 100.765
69.9031 101.265
69.9031 101.265
69.9031 101.265
69.9031 101.265
69.9031 101.265
70.252 101.765
70.6008 102.265
70.9478 102.765
70.9478 102.765
70.9478 102.765
71.2926 103.265
71.2926 103.265
71.2926 103.265
71.2926 103.265
71.2926 103.265
71.6374 103.765
71.6374 103.765
71.6374 103.765
71.9822 104.265
71.9822 104.265
71.9822 104.265
72.3271 104.765
72.3271 104.765
72.3271 104.765
72.6719 105.265
72.6719 105.265
72.6719 105.265
72.6719 105.265
73.0167 105.765
73.3615 106.265
73.3615 106.265
73.7064 106.765
73.7064 106.765
74.0512 107.265
74.396 107.765
74.7409 108.265
74.7409 108.265
74.7409 108.265
75.0857 108.765
75.0857 108.765
75.0857 108.765
75.4305 109.265
75.4305 109.265
75.4305 109.265
75.4305 109.265
75.7753 109.765
75.7753 109.765
76.1202 110.265
76.465 110.765
76.465 110.765
76.465 110.765
76.465 110.765
76.8098 111.265
76.8098 111.265
76.8098 111.265
77.1546 111.765
77.1546 111.765
77.1546 111.765
77.4995 112.265
77.4995 112.265
77.4995 112.265
77.8443 112.765
77.8443 112.765
78.1891 113.265
78.1891 113.265
78.1891 113.265
78.1891 113.265
78.1891 113.265
78.534 113.765
78.8788 114.265
78.8788 114.265
79.2236 114.765
79.2236 114.765
79.2236 114.765
79.9133 115.765
79.9133 115.765
79.9133 115.765
79.9133 115.765
80.2581 116.265
80.2581 116.265
80.2581 116.265
80.6029 116.765
80.6029 116.765
80.6029 116.765
80.9478 117.265
80.9478 117.265
80.9478 117.265
80.9478 117.265
80.9478 117.265
81.2926 117.765
81.2926 117.765
81.6374 118.265
81.9822 118.765
82.3271 119.265
82.6719 119.765
83.0167 120.265
83.7064 121.265
83.7064 121.265
83.7064 121.265
83.7064 121.265
84.0512 121.765
84.396 122.265
84.396 122.265
84.7409 122.765
84.7409 122.765
84.7409 122.765
85.0857 123.265
85.4305 123.765
85.7753 124.265
86.1202 124.765
86.465 125.265
86.465 125.265
86.465 125.265
86.465 125.265
86.8072 125.765
87.1481 126.265
87.1481 126.265
87.4891 126.765
87.4891 126.765
88.1709 127.765
88.1709 127.765
88.5118 128.265
88.5118 128.265
88.5118 128.265
88.5118 128.265
89.1936 129.265
89.1936 129.265
89.1936 129.265
89.1936 129.265
89.5345 129.765
89.8772 130.265
90.2221 130.765
90.5669 131.265
90.9117 131.765
91.2565 132.265
91.6014 132.765
91.9462 133.265
91.9462 133.265
91.9462 133.265
92.291 133.765
92.6359 134.265
92.9807 134.765
93.3255 135.265
93.6703 135.765
94.0152 136.265
94.36 136.765
94.7048 137.265
94.7048 137.265
94.7048 137.265
95.0496 137.765
95.3945 138.265
95.7393 138.765
96.0841 139.265
96.429 139.765
96.7738 140.265
97.1186 140.765
97.4634 141.265
97.4634 141.265
97.4634 141.265
97.8083 141.765
98.1531 142.265
98.4979 142.765
98.8427 143.265
99.1876 143.765
99.5324 144.265
99.8772 144.765
100.222 145.265
100.222 145.265
100.222 145.265
100.567 145.765
100.912 146.265
100.912 146.265
101.257 146.765
101.257 146.765
101.601 147.265
101.601 147.265
101.946 147.765
102.291 148.265
102.291 148.265
102.636 148.765
102.636 148.765
102.981 149.265
102.981 149.265
102.981 149.265
103.326 149.765
103.67 150.265
103.67 150.265
104.015 150.765
104.015 150.765
104.36 151.265
104.705 151.765
105.05 152.265
105.394 152.765
105.739 153.265
105.739 153.265
105.739 153.265
106.084 153.765
106.429 154.265
106.429 154.265
106.774 154.765
106.774 154.765
107.119 155.265
107.119 155.265
107.463 155.765
107.808 156.265
107.808 156.265
108.153 156.765
108.153 156.765
108.498 157.265
108.498 157.265
108.498 157.265
108.498 157.265
108.843 157.765
109.188 158.265
109.532 158.765
109.877 159.265
110.222 159.765
110.567 160.265
110.912 160.765
111.257 161.265
111.257 161.265
111.257 161.265
111.601 161.765
111.946 162.265
111.946 162.265
112.291 162.765
112.291 162.765
112.636 163.265
112.636 163.265
112.981 163.765
113.326 164.265
113.326 164.265
113.67 164.765
113.67 164.765
114.015 165.265
114.015 165.265
114.015 165.265
114.36 165.765
114.36 165.765
114.705 166.265
114.705 166.265
115.05 166.765
115.394 167.265
115.739 167.765
116.084 168.265
116.429 168.765
116.774 169.265
116.774 169.265
116.774 169.265
117.119 169.765
117.119 169.765
117.463 170.265
117.463 170.265
117.808 170.765
117.808 170.765
118.153 171.265
118.498 171.765
118.498 171.765
118.843 172.265
118.843 172.265
119.188 172.765
119.188 172.765
119.532 173.265
119.532 173.265
119.532 173.265
119.532 173.265
119.877 173.765
120.222 174.265
120.567 174.765
120.912 175.265
121.257 175.765
121.601 176.265
121.946 176.765
122.291 177.265
122.291 177.265
122.291 177.265
122.291 177.265
122.291 177.265
122.636 177.765
122.636 177.765
122.981 178.265
123.326 178.765
123.326 178.765
123.67 179.265
124.015 179.765
124.36 180.265
124.36 180.265
124.705 180.765
124.705 180.765
125.05 181.265
125.05 181.265
125.05 181.265
125.05 181.265
125.05 181.265
125.394 181.765
125.728 182.248
125.739 182.265
126.084 182.765
126.107 182.798
126.429 183.265
126.774 183.765
126.808 183.815
127.119 184.265
127.463 184.765
127.808 185.265
127.808 185.265
127.808 185.265
127.808 185.265
127.808 185.265
128.153 185.765
128.153 185.765
128.498 186.265
128.843 186.765
128.843 186.765
129.188 187.265
129.532 187.765
129.877 188.265
129.877 188.265
130.222 188.765
130.222 188.765
130.567 189.265
130.567 189.265
130.567 189.265
130.567 189.265
130.567 189.265
130.912 189.765
131.257 190.265
131.257 190.265
131.601 190.765
131.601 190.765
131.601 190.765
131.601 190.765
131.601 190.765
131.946 191.265
132.291 191.765
132.636 192.265
132.981 192.765
133.325 193.265
133.325 193.265
133.325 193.265
133.325 193.265
133.325 193.265
133.67 193.765
133.67 193.765
134.015 194.265
134.36 194.765
134.36 194.765
134.705 195.265
135.05 195.765
135.394 196.265
135.739 196.765
135.739 196.765
136.084 197.265
136.084 197.265
136.084 197.265
136.084 197.265
136.084 197.265
136.429 197.765
136.774 198.265
136.774 198.265
136.774 198.265
137.119 198.765
137.119 198.765
137.463 199.265
137.808 199.765
137.808 199.765
138.153 200.265
138.153 200.265
138.153 200.265
138.498 200.765
138.498 200.765
138.843 201.265
138.843 201.265
138.843 201.265
139.188 201.765
139.532 202.265
139.877 202.765
139.877 202.765
140.222 203.265
140.222 203.265
140.567 203.765
140.567 203.765
140.912 204.265
140.912 204.265
141.257 204.765
141.601 205.265
141.601 205.265
141.601 205.265
141.601 205.265
142.291 206.265
142.636 206.765
142.636 206.765
142.636 206.765
142.981 207.265
142.981 207.265
142.981 207.265
142.981 207.265
142.981 207.265
142.981 207.265
143.325 207.765
143.325 207.765
143.67 208.265
143.67 208.265
143.67 208.265
143.67 208.265
144.015 208.765
144.015 208.765
144.36 209.265
144.36 209.265
144.36 209.265
144.36 209.265
144.36 209.265
144.705 209.765
145.05 210.265
145.05 210.265
145.394 210.765
145.394 210.765
145.739 211.265
146.084 211.765
146.429 212.265
146.429 212.265
146.774 212.765
146.774 212.765
147.119 213.265
147.119 213.265
147.119 213.265
147.463 213.765
147.463 213.765
147.808 214.265
148.153 214.765
148.153 214.765
148.153 214.765
148.153 214.765
148.498 215.265
148.498 215.265
148.498 215.265
148.843 215.765
148.843 215.765
148.843 215.765
149.188 216.265
149.188 216.265
149.188 216.265
149.532 216.765
149.532 216.765
149.877 217.265
149.877 217.265
149.877 217.265
149.877 217.265
149.877 217.265
150.222 217.765
150.567 218.265
150.567 218.265
150.912 218.765
150.912 218.765
150.912 218.765
151.601 219.765
151.601 219.765
151.601 219.765
151.946 220.265
152.291 220.765
152.291 220.765
152.636 221.265
152.636 221.265
152.636 221.265
152.981 221.765
152.981 221.765
152.981 221.765
153.325 222.265
153.325 222.265
153.67 222.765
153.67 222.765
153.67 222.765
154.015 223.265
154.015 223.265
154.015 223.265
154.36 223.765
154.36 223.765
154.36 223.765
154.705 224.265
154.705 224.265
154.705 224.265
155.05 224.765
155.05 224.765
155.394 225.265
155.394 225.265
155.394 225.265
155.394 225.265
155.394 225.265
155.394 225.265
155.739 225.765
156.084 226.265
156.084 226.265
156.429 226.765
156.429 226.765
156.429 226.765
156.774 227.265
157.119 227.765
157.119 227.765
157.463 228.265
158.153 229.265
158.153 229.265
158.153 229.265
158.153 229.265
158.498 229.765
158.843 230.265
158.843 230.265
159.188 230.765
159.188 230.765
159.877 231.765
159.877 231.765
160.222 232.265
160.222 232.265
160.222 232.265
160.222 232.265
160.567 232.765
160.912 233.265
160.912 233.265
160.912 233.265
160.912 233.265
161.257 233.765
161.601 234.265
161.601 234.265
161.946 234.765
161.946 234.765
161.946 234.765
161.946 234.765
162.291 235.265
162.637 235.765
162.637 235.765
162.99 236.265
163.347 236.765
163.347 236.765
163.704 237.265
163.704 237.265
163.704 237.265
163.704 237.265
163.704 237.265
164.061 237.765
164.418 238.265
164.775 238.765
164.775 238.765
164.775 238.765
165.132 239.265
165.132 239.265
165.132 239.265
165.132 239.265
165.132 239.265
165.49 239.765
165.49 239.765
165.49 239.765
165.847 240.265
165.847 240.265
165.847 240.265
166.204 240.765
166.204 240.765
166.204 240.765
166.552 241.265
166.552 241.265
166.552 241.265
166.552 241.265
166.897 241.765
167.242 242.265
167.242 242.265
167.587 242.765
167.587 242.765
167.932 243.265
168.276 243.765
168.621 244.265
168.621 244.265
168.621 244.265
168.966 244.765
168.966 244.765
168.966 244.765
169.311 245.265
169.311 245.265
169.311 245.265
169.311 245.265
169.656 245.765
169.656 245.765
170.001 246.265
170.345 246.765
170.345 246.765
170.345 246.765
170.345 246.765
170.69 247.265
170.69 247.265
170.69 247.265
171.035 247.765
171.035 247.765
171.035 247.765
171.38 248.265
171.38 248.265
171.38 248.265
171.725 248.765
171.725 248.765
172.069 249.265
172.069 249.265
172.069 249.265
172.069 249.265
172.069 249.265
172.414 249.765
172.759 250.265
172.759 250.265
173.104 250.765
173.104 250.765
173.104 250.765
173.794 251.765
173.794 251.765
173.794 251.765
173.794 251.765
174.138 252.265
174.138 252.265
174.138 252.265
174.483 252.765
174.483 252.765
174.483 252.765
174.828 253.265
174.828 253.265
174.828 253.265
174.828 253.265
174.828 253.265
175.173 253.765
175.173 253.765
175.518 254.265
175.874 254.765
176.235 255.265
176.597 255.765
176.958 256.265
177.655 257.229
177.662 257.238
177.668 257.246
177.681 257.265
178.017 257.729
178.384 258.238
178.404 258.265
178.746 258.738
178.765 258.765
180.211 260.765
180.421 261.054
180.496 261.158
180.538 261.217
180.573 261.265
180.573 261.265
180.889 261.702
181.241 262.19
181.296 262.265
181.62 262.717
181.654 262.765
182.331 263.723
182.36 263.765
182.676 264.215
183.041 264.744
183.4 265.265
183.4 265.265
183.745 265.765
184.089 266.265
184.089 266.265
184.089 266.265
184.434 266.765
184.434 266.765
184.434 266.765
184.779 267.265
184.779 267.265
185.124 267.765
185.124 267.765
185.124 267.765
185.469 268.265
186.158 269.265
186.503 269.765
186.848 270.265
187.193 270.765
187.193 270.765
187.193 270.765
187.193 270.765
187.883 271.765
188.227 272.265
188.572 272.765
188.917 273.265
188.917 273.265
188.917 273.265
188.917 273.265
189.262 273.765
189.262 273.765
189.607 274.265
189.607 274.265
189.607 274.265
189.951 274.765
189.951 274.765
189.951 274.765
189.951 274.765
190.296 275.265
190.296 275.265
190.641 275.765
190.641 275.765
191.676 277.265
191.676 277.265
191.676 277.265
191.676 277.265
191.676 277.265
192.02 277.765
192.365 278.265
192.71 278.765
192.71 278.765
192.71 278.765
192.71 278.765
192.71 278.765
193.4 279.765
193.745 280.265
194.089 280.765
194.434 281.265
194.434 281.265
194.434 281.265
194.434 281.265
194.779 281.765
194.779 281.765
195.124 282.265
195.124 282.265
195.469 282.765
195.469 282.765
195.469 282.765
196.158 283.765
196.158 283.765
196.503 284.265
196.503 284.265
196.848 284.765
196.848 284.765
197.193 285.265
197.193 285.265
197.193 285.265
197.538 285.765
197.883 286.265
197.883 286.265
198.227 286.765
198.227 286.765
198.227 286.765
198.917 287.765
198.917 287.765
199.262 288.265
199.262 288.265
199.607 288.765
199.607 288.765
199.951 289.265
199.951 289.265
199.951 289.265
200.296 289.765
200.641 290.265
200.963 290.731
200.986 290.765
200.986 290.765
201.134 290.979
201.296 291.215
201.306 291.229
201.634 291.704
201.666 291.75
201.676 291.765
201.982 292.208
202.005 292.242
202.02 292.265
202.308 292.681
202.339 292.727
202.365 292.765
202.676 293.215
202.681 293.223
202.71 293.265
202.71 293.265
202.71 293.265
203.055 293.765
203.4 294.265
203.745 294.765
203.745 294.765
204.066 295.231
204.428 295.756
204.434 295.765
204.76 296.238
204.779 296.265
205.098 296.727
205.124 296.765
205.443 297.227
205.469 297.265
205.469 297.265
205.469 297.265
205.469 297.265
205.469 297.265
205.814 297.765
205.814 297.765
206.158 298.265
206.503 298.765
206.503 298.765
206.848 299.265
207.193 299.765
207.526 300.248
207.538 300.265
207.88 300.76
207.883 300.765
208.224 301.26
208.227 301.265
208.227 301.265
208.227 301.265
208.227 301.265
208.572 301.765
208.881 302.212
208.917 302.265
208.917 302.265
209.24 302.733
209.262 302.765
209.607 303.265
209.951 303.765
209.951 303.765
209.959 303.775
210.296 304.265
210.296 304.265
210.641 304.765
210.986 305.265
210.986 305.265
210.986 305.265
211.331 305.765
211.676 306.265
212.02 306.765
212.02 306.765
212.344 307.233
212.365 307.265
212.365 307.265
212.71 307.765
212.71 307.765
213.055 308.265
213.055 308.265
213.4 308.765
213.722 309.231
213.745 309.265
213.745 309.265
213.745 309.265
213.745 309.265
214.434 310.265
214.779 310.765
214.779 310.765
214.779 310.765
215.084 311.206
215.124 311.265
215.124 311.265
215.124 311.265
215.124 311.265
215.124 311.265
215.124 311.265
215.469 311.765
215.469 311.765
215.814 312.265
215.814 312.265
215.814 312.265
215.814 312.265
216.158 312.765
216.158 312.765
216.503 313.265
216.503 313.265
216.503 313.265
216.503 313.265
216.503 313.265
216.848 313.765
217.193 314.265
217.193 314.265
217.538 314.765
217.538 314.765
217.883 315.265
218.227 315.765
218.572 316.265
218.572 316.265
218.917 316.765
218.917 316.765
219.262 317.265
219.262 317.265
219.262 317.265
219.607 317.765
219.607 317.765
219.951 318.265
220.296 318.765
220.296 318.765
220.296 318.765
220.296 318.765
220.641 319.265
220.641 319.265
220.641 319.265
220.986 319.765
220.986 319.765
220.986 319.765
221.331 320.265
221.331 320.265
221.331 320.265
221.676 320.765
221.676 320.765
222.02 321.265
222.02 321.265
222.02 321.265
222.02 321.265
222.02 321.265
222.365 321.765
222.71 322.265
222.71 322.265
223.055 322.765
223.055 322.765
223.055 322.765
223.745 323.765
223.745 323.765
223.745 323.765
224.089 324.265
224.434 324.765
224.434 324.765
224.779 325.265
224.779 325.265
224.779 325.265
225.124 325.765
225.124 325.765
225.124 325.765
225.469 326.265
225.469 326.265
225.814 326.765
225.814 326.765
225.814 326.765
226.158 327.265
226.158 327.265
226.158 327.265
226.503 327.765
226.503 327.765
226.503 327.765
226.848 328.265
226.848 328.265
226.848 328.265
227.193 328.765
227.193 328.765
227.538 329.265
227.538 329.265
227.538 329.265
227.538 329.265
227.538 329.265
227.538 329.265
227.883 329.765
228.227 330.265
228.227 330.265
228.572 330.765
228.572 330.765
228.572 330.765
228.917 331.265
229.262 331.765
229.262 331.765
229.607 332.265
230.296 333.265
230.296 333.265
230.296 333.265
230.296 333.265
230.641 333.765
230.986 334.265
230.986 334.265
231.331 334.765
231.331 334.765
232.02 335.765
232.02 335.765
232.365 336.265
232.365 336.265
232.365 336.265
232.365 336.265
232.71 336.765
233.055 337.265
233.055 337.265
233.055 337.265
233.055 337.265
233.4 337.765
233.745 338.265
233.745 338.265
234.089 338.765
234.089 338.765
234.089 338.765
234.089 338.765
234.434 339.265
234.779 339.765
234.779 339.765
235.124 340.265
235.469 340.765
235.469 340.765
235.815 341.265
235.815 341.265
235.815 341.265
235.815 341.265
235.815 341.265
236.173 341.765
236.53 342.265
236.887 342.765
236.887 342.765
236.887 342.765
237.244 343.265
237.244 343.265
237.244 343.265
237.244 343.265
237.244 343.265
237.601 343.765
237.601 343.765
237.601 343.765
237.958 344.265
237.958 344.265
237.958 344.265
238.315 344.765
238.315 344.765
238.315 344.765
238.673 345.265
238.673 345.265
238.673 345.265
238.673 345.265
239.027 345.765
239.372 346.265
239.372 346.265
239.717 346.765
239.717 346.765
240.062 347.265
240.407 347.765
240.751 348.265
240.751 348.265
240.751 348.265
241.096 348.765
241.096 348.765
241.096 348.765
241.441 349.265
241.441 349.265
241.441 349.265
241.441 349.265
241.786 349.765
241.786 349.765
242.131 350.265
242.475 350.765
242.475 350.765
242.475 350.765
242.475 350.765
242.82 351.265
242.82 351.265
242.82 351.265
243.165 351.765
243.165 351.765
243.165 351.765
243.51 352.265
243.51 352.265
243.51 352.265
243.855 352.765
243.855 352.765
244.2 353.265
244.2 353.265
244.2 353.265
244.2 353.265
244.2 353.265
244.544 353.765
244.889 354.265
244.889 354.265
245.234 354.765
245.234 354.765
245.234 354.765
245.924 355.765
245.924 355.765
245.924 355.765
245.924 355.765
246.269 356.265
246.269 356.265
246.269 356.265
246.613 356.765
246.613 356.765
246.613 356.765
246.958 357.265
246.958 357.265
246.958 357.265
246.958 357.265
246.958 357.265
247.31 357.765
247.31 357.765
247.667 358.265
248.024 358.765
248.381 359.265
248.738 359.765
249.095 360.265
249.784 361.229
249.79 361.238
249.796 361.246
249.81 361.265
250.138 361.729
250.497 362.238
250.516 362.265
250.849 362.738
250.869 362.765
252.28 364.765
252.485 365.054
252.558 365.158
252.599 365.217
252.633 365.265
252.633 365.265
252.942 365.702
253.286 366.19
253.339 366.265
253.658 366.717
253.692 366.765
254.369 367.723
254.398 367.765
254.716 368.215
255.089 368.744
255.457 369.265
255.457 369.265
255.81 369.765
256.152 370.265
256.152 370.265
256.152 370.265
256.493 370.765
256.493 370.765
256.493 370.765
256.834 371.265
256.834 371.265
257.175 371.765
257.175 371.765
257.175 371.765
257.516 372.265
258.197 373.265
258.538 373.765
258.879 374.265
259.22 374.765
259.22 374.765
259.22 374.765
259.22 374.765
259.902 375.765
260.243 376.265
260.584 376.765
260.925 377.265
260.925 377.265
260.925 377.265
260.925 377.265
261.266 377.765
261.266 377.765
261.606 378.265
261.606 378.265
261.606 378.265
261.947 378.765
261.947 378.765
261.947 378.765
261.947 378.765
262.288 379.265
262.288 379.265
262.629 379.765
262.629 379.765
263.652 381.265
263.652 381.265
263.652 381.265
263.652 381.265
263.652 381.265
263.993 381.765
264.341 382.265
264.693 382.765
264.693 382.765
264.693 382.765
264.693 382.765
264.693 382.765
265.407 383.765
265.774 384.265
266.145 384.765
266.482 385.208
266.525 385.265
266.737 385.54
266.947 385.812
267.15 386.077
267.368 386.36
267.613 386.679
267.879 387.025
269.355 388.944
269.512 389.148
269.623 389.292
269.644 389.319
269.713 389.408
