2.19758 4.54167
2.22177 4.59167
2.25101 4.65208
2.3256 4.80625
4.125 8.525
4.125 8.525
4.24597 8.775
4.24597 8.775
4.24597 8.775
6.0625 12.5292
6.0625 12.5292
6.0625 12.5292
6.18145 12.775
6.18347 12.7792
8.11895 16.7792
8.11895 16.7792
8.11895 16.7792
8.11895 16.7792
9.93347 20.5292
9.93347 20.5292
10.0444 20.7583
10.0544 20.7792
10.0544 20.7792
10.5383 21.7792
11.0222 22.7792
11.506 23.7792
11.869 24.5292
11.9899 24.7792
11.9899 24.7792
11.9899 24.7792
11.9899 24.7792
12.4738 25.7792
12.9577 26.7792
13.4415 27.7792
13.8044 28.5292
13.8044 28.5292
13.9254 28.7792
13.9254 28.7792
13.9254 28.7792
14.4093 29.7792
14.8931 30.7792
15.377 31.7792
15.7399 32.5292
15.7399 32.5292
15.8609 32.7792
15.8609 32.7792
15.8609 32.7792
16.3448 33.7792
16.8286 34.7792
17.3125 35.7792
17.5544 36.2792
17.6754 36.5292
17.751 36.6854
17.7621 36.7083
17.7621 36.7083
17.7621 36.7083
17.7621 36.7083
17.7964 36.7792
18.0383 37.2792
18.2601 37.7375
18.2802 37.7792
18.5222 38.2792
18.7591 38.7687
18.7641 38.7792
19.2288 39.7396
19.2308 39.7437
19.2389 39.7604
19.2409 39.7646
19.248 39.7792
19.4264 40.1479
19.4899 40.2792
19.7188 40.7521
19.7248 40.7646
19.7308 40.7771
19.7308 40.7771
19.7329 40.7812
19.7359 40.7875
19.9738 41.2792
20.2157 41.7792
20.255 41.8604
20.4577 42.2792
20.6885 42.7563
20.6996 42.7792
20.9415 43.2792
21.1542 43.7188
21.1542 43.7188
21.1542 43.7188
21.1542 43.7188
21.1593 43.7292
21.1835 43.7792
21.3861 44.1979
21.626 44.6938
21.6331 44.7083
21.6391 44.7208
21.6421 44.7271
21.6462 44.7354
21.6542 44.7521
21.6673 44.7792
21.9093 45.2792
22.12 45.7146
22.1512 45.7792
22.3931 46.2792
22.62 46.7479
22.6351 46.7792
23.1058 47.7521
23.1058 47.7521
23.1058 47.7521
23.119 47.7792
23.12 47.7812
23.2863 48.125
23.3609 48.2792
23.5827 48.7375
23.5857 48.7437
23.5857 48.7437
23.5877 48.7479
23.6028 48.7792
23.6028 48.7792
23.8448 49.2792
24.0625 49.7292
24.0867 49.7792
24.3286 50.2792
24.5413 50.7188
24.5706 50.7792
25.0272 51.7229
25.2419 52.1667
25.5101 52.7208
25.5101 52.7208
25.5101 52.7208
25.5141 52.7292
25.5141 52.7292
25.5212 52.7437
25.5383 52.7792
25.7802 53.2792
26.0111 53.7563
26.0222 53.7792
26.2641 54.2792
26.4718 54.7083
26.5061 54.7792
26.9587 55.7146
26.9899 55.7792
27.1552 56.1208
27.2319 56.2792
27.4355 56.7
27.4466 56.7229
27.4466 56.7229
27.4466 56.7229
27.4466 56.7229
27.4546 56.7396
27.7157 57.2792
27.9052 57.6708
27.9183 57.6979
27.9224 57.7062
27.9577 57.7792
28.1996 58.2792
28.4123 58.7188
28.4123 58.7188
28.4194 58.7333
28.6371 59.1833
28.6835 59.2792
28.8931 59.7125
28.8962 59.7188
28.8962 59.7188
28.8982 59.7229
28.9254 59.7792
29.128 60.1979
29.1673 60.2792
29.3851 60.7292
29.4012 60.7625
29.4012 60.7625
29.4012 60.7625
29.4012 60.7625
29.4012 60.7625
29.4093 60.7792
29.8851 61.7625
29.8931 61.7792
29.8952 61.7833
29.9103 61.8146
30.1351 62.2792
30.3589 62.7417
30.377 62.7792
30.3831 62.7917
30.3911 62.8083
30.8478 63.7521
30.8528 63.7625
30.8558 63.7687
30.8609 63.7792
31.0726 64.2167
31.1028 64.2792
31.3226 64.7333
31.3317 64.7521
31.3317 64.7521
31.3397 64.7687
31.3478 64.7854
31.3589 64.8083
31.5867 65.2792
31.8286 65.7792
31.8317 65.7854
31.8317 65.7854
31.8468 65.8167
32.0706 66.2792
32.2964 66.7458
32.2964 66.7458
32.3065 66.7667
32.3125 66.7792
32.5292 67.2271
32.7782 67.7417
32.7802 67.7458
32.7863 67.7583
32.9183 68.0312
33.244 68.7042
33.244 68.7042
33.244 68.7042
33.244 68.7042
33.249 68.7146
33.249 68.7146
33.2631 68.7438
33.2802 68.7792
33.503 69.2396
33.7329 69.7146
33.748 69.7458
33.9889 70.2438
34.2147 70.7104
34.2712 70.8271
34.3438 70.9771
34.7067 71.7271
34.9204 72.1688
35.1865 72.7188
35.1986 72.7438
35.1986 72.7438
35.1986 72.7438
35.1986 72.7438
35.2016 72.75
35.2127 72.7729
35.2157 72.7792
35.4516 73.2667
35.6522 73.6813
35.6563 73.6896
35.6804 73.7396
35.6895 73.7583
35.9315 74.2583
36.1734 74.7583
36.1734 74.7583
36.1754 74.7625
36.1865 74.7854
36.1936 74.8
36.62 75.6813
36.624 75.6896
36.626 75.6937
36.6663 75.7771
36.6673 75.7792
36.871 76.2
37.1109 76.6958
37.1149 76.7042
37.122 76.7188
37.1341 76.7438
37.1452 76.7667
37.1472 76.7708
37.1512 76.7792
37.1714 76.8208
37.38 77.2521
37.5867 77.6792
37.6089 77.725
37.62 77.7479
37.623 77.7542
37.6351 77.7792
37.8639 78.2521
38.0827 78.7042
38.0927 78.725
38.0927 78.725
38.0948 78.7292
38.1159 78.7729
38.5413 79.6521
38.5413 79.6521
38.5413 79.6521
38.5474 79.6646
38.7923 80.1708
39.0373 80.6771
39.0373 80.6771
39.0413 80.6854
39.0444 80.6917
39.0464 80.6958
39.0524 80.7083
39.0867 80.7792
39.5192 81.6729
39.5242 81.6833
39.5403 81.7167
39.5565 81.75
39.8246 82.3042
39.9294 82.5208
40.0081 82.6833
40.0212 82.7104
40.0282 82.725
40.0292 82.7271
40.0353 82.7396
40.2571 83.1979
40.3861 83.4646
40.4909 83.6813
40.4909 83.6813
40.497 83.6937
40.497 83.6937
40.5363 83.775
40.7329 84.1813
40.754 84.225
40.9798 84.6917
40.9798 84.6917
40.9869 84.7062
40.9929 84.7188
40.9929 84.7188
40.9929 84.7188
41.0222 84.7792
41.2641 85.2792
41.4688 85.7021
41.4778 85.7208
41.4829 85.7313
41.5061 85.7792
41.5071 85.7812
41.748 86.2792
41.9496 86.6958
41.9506 86.6979
41.9556 86.7083
41.9667 86.7313
41.9899 86.7792
42.4103 87.6479
42.4173 87.6625
42.4173 87.6625
42.4194 87.6667
42.4738 87.7792
42.6673 88.1792
42.7157 88.2792
42.9284 88.7188
42.9284 88.7188
42.9365 88.7354
42.9365 88.7354
42.9385 88.7396
42.9446 88.7521
43.1996 89.2792
43.4204 89.7354
43.4264 89.7479
43.4294 89.7542
43.4335 89.7625
43.4415 89.7792
43.6835 90.2792
43.9234 90.775
43.9234 90.775
43.9254 90.7792
43.9284 90.7854
43.9385 90.8063
44.1673 91.2792
44.4002 91.7604
44.4042 91.7687
44.4093 91.7792
44.4093 91.7792
44.4415 91.8458
44.621 92.2167
44.879 92.75
44.879 92.75
44.879 92.75
44.8861 92.7646
44.8911 92.775
44.8931 92.7792
44.8931 92.7792
45.1351 93.2792
45.3599 93.7438
45.3649 93.7542
45.3669 93.7583
45.377 93.7792
45.3841 93.7938
45.619 94.2792
45.8377 94.7313
45.8377 94.7313
45.8387 94.7333
45.8569 94.7708
45.8609 94.7792
46.3075 95.7021
46.3145 95.7167
46.3186 95.725
46.3186 95.725
46.3448 95.7792
46.5504 96.2042
46.5867 96.2792
46.7883 96.6958
46.7883 96.6958
46.7964 96.7125
46.7964 96.7125
46.8034 96.7271
46.8085 96.7375
47.0706 97.2792
47.2833 97.7188
47.2853 97.7229
47.2893 97.7313
47.3125 97.7792
47.3387 97.8333
47.5544 98.2792
47.7651 98.7146
47.7752 98.7354
47.7752 98.7354
47.7823 98.75
47.7964 98.7792
48.2419 99.7
48.251 99.7188
48.251 99.7188
48.4708 100.173
48.7208 100.69
48.7228 100.694
48.7278 100.704
48.7278 100.704
48.7339 100.717
48.746 100.742
48.7641 100.779
49.0061 101.279
49.2117 101.704
49.2137 101.708
49.2188 101.719
49.2248 101.731
49.248 101.779
49.4899 102.279
49.6925 102.698
49.6925 102.698
49.6925 102.698
49.7036 102.721
49.7319 102.779
50.1825 103.71
50.1865 103.719
50.1946 103.735
50.1946 103.735
50.2157 103.779
50.4224 104.206
50.4577 104.279
50.6835 104.746
50.6835 104.746
50.6835 104.746
50.6895 104.758
50.6895 104.758
50.6895 104.758
50.9415 105.279
51.1532 105.717
51.1573 105.725
51.1663 105.744
51.1734 105.758
51.1835 105.779
51.4254 106.279
51.6593 106.763
51.6593 106.763
51.6593 106.763
51.6633 106.771
51.9093 107.279
52.1442 107.765
52.1442 107.765
52.1442 107.765
52.1472 107.771
52.1512 107.779
52.3669 108.225
52.3931 108.279
52.627 108.763
52.627 108.763
52.6351 108.779
52.6381 108.785
52.6381 108.785
52.6381 108.785
52.6431 108.796
53.1008 109.742
53.1179 109.777
53.119 109.779
53.13 109.802
53.3609 110.279
53.5837 110.74
53.5857 110.744
53.5887 110.75
53.5988 110.771
53.6028 110.779
54.0484 111.7
54.0605 111.725
54.0665 111.737
54.0726 111.75
54.0867 111.779
54.2843 112.188
54.3286 112.279
54.5423 112.721
54.5454 112.727
54.5494 112.735
54.5534 112.744
54.5645 112.767
54.5696 112.777
54.8125 113.279
55.0212 113.71
55.0242 113.717
55.0262 113.721
55.0544 113.779
55.0776 113.827
55.2964 114.279
55.504 114.708
55.5181 114.737
55.5181 114.737
55.5212 114.744
55.5383 114.779
55.7339 115.183
55.9667 115.665
55.997 115.727
56.003 115.74
56.0081 115.75
56.2319 116.213
56.4879 116.742
56.495 116.756
56.495 116.756
56.498 116.763
56.501 116.769
56.501 116.769
56.9647 117.727
56.9667 117.731
56.9829 117.765
56.9899 117.779
56.999 117.798
57.2319 118.279
57.4385 118.706
57.4436 118.717
57.4536 118.737
57.4536 118.737
57.4738 118.779
57.7157 119.279
57.9032 119.667
57.9052 119.671
57.9103 119.681
57.9173 119.696
58.1351 120.146
58.1996 120.279
58.4052 120.704
58.4052 120.704
58.4052 120.704
58.4093 120.713
58.4133 120.721
58.4133 120.721
58.6835 121.279
58.8851 121.696
58.8851 121.696
58.8851 121.696
58.8851 121.696
59.1673 122.279
59.3679 122.694
59.3679 122.694
59.3679 122.694
59.369 122.696
59.8559 123.702
59.8609 123.713
59.8659 123.723
60.0867 124.179
60.3427 124.708
60.3427 124.708
60.3427 124.708
60.3468 124.717
60.3538 124.731
60.3538 124.731
60.8044 125.662
60.8246 125.704
60.8387 125.733
60.8609 125.779
60.8619 125.781
61.1028 126.279
61.3145 126.717
61.3175 126.723
61.3367 126.763
61.3448 126.779
61.5867 127.279
61.8024 127.725
61.8024 127.725
61.8125 127.746
61.8175 127.756
62.0192 128.173
62.0706 128.279
62.2903 128.733
62.2903 128.733
62.2903 128.733
62.2984 128.75
62.2984 128.75
62.3065 128.767
62.5544 129.279
62.7863 129.758
62.7954 129.777
62.7974 129.781
62.8175 129.823
63.0383 130.279
63.2601 130.738
63.2661 130.75
63.2752 130.769
63.495 131.223
63.7409 131.731
63.7409 131.731
63.745 131.74
63.749 131.748
63.8165 131.887
63.9476 132.158
64.0323 132.333
64.2238 132.729
64.2268 132.735
64.2329 132.748
64.2389 132.76
64.2389 132.76
64.2389 132.76
64.248 132.779
65.9415 136.279
66.1835 136.779
66.1835 136.779
66.1835 136.779
66.1835 136.779
66.1835 136.779
67.6351 139.779
68.119 140.779
68.119 140.779
68.119 140.779
68.119 140.779
68.119 140.779
69.5706 143.779
69.8125 144.279
70.0544 144.779
70.0544 144.779
70.0544 144.779
70.0544 144.779
70.2964 145.279
70.2964 145.279
70.2964 145.279
70.2964 145.279
70.5383 145.779
70.5383 145.779
70.5383 145.779
70.5383 145.779
70.7802 146.279
70.7802 146.279
70.7802 146.279
70.7802 146.279
71.0222 146.779
71.0222 146.779
71.0222 146.779
71.0222 146.779
71.2641 147.279
71.2641 147.279
71.2641 147.279
71.2641 147.279
71.2641 147.279
71.5061 147.779
71.5061 147.779
71.5061 147.779
71.5061 147.779
71.5061 147.779
71.748 148.279
71.748 148.279
71.748 148.279
71.748 148.279
71.748 148.279
71.9587 148.715
71.9587 148.715
71.9587 148.715
71.9587 148.715
71.9647 148.727
71.9899 148.779
72.4738 149.779
72.4748 149.781
72.4778 149.787
72.4839 149.8
72.5171 149.869
72.5232 149.881
72.5333 149.902
72.9436 150.75
72.9496 150.762
72.9496 150.762
72.9496 150.762
72.9496 150.762
73.1865 151.252
73.1996 151.279
73.4345 151.765
73.4345 151.765
73.4375 151.771
73.4415 151.779
73.5292 151.96
73.6542 152.219
73.6835 152.279
73.9143 152.756
73.9204 152.769
73.9204 152.769
73.9254 152.779
73.9254 152.779
73.9254 152.779
74.1673 153.279
74.3921 153.744
74.3921 153.744
74.3921 153.744
74.4093 153.779
74.63 154.235
74.873 154.738
74.873 154.738
74.873 154.738
75.1059 155.219
75.1351 155.279
75.3468 155.717
75.3518 155.727
75.3518 155.727
75.377 155.779
75.4496 155.929
75.5706 156.179
75.619 156.279
75.8135 156.681
75.8186 156.692
75.8206 156.696
75.8307 156.717
75.8307 156.717
75.8609 156.779
76.3155 157.719
76.3175 157.723
76.3196 157.727
76.3448 157.779
76.8226 158.767
76.8226 158.767
76.8226 158.767
77.0343 159.204
77.0706 159.279
77.2883 159.729
77.2903 159.733
77.2964 159.746
77.3125 159.779
77.3901 159.94
77.5081 160.183
77.5544 160.279
77.7742 160.733
77.7742 160.733
77.7762 160.738
77.7802 160.746
77.7893 160.765
77.7964 160.779
78.1119 161.431
78.2762 161.771
78.2802 161.779
78.2802 161.779
78.2823 161.783
78.7329 162.715
78.7329 162.715
78.7379 162.725
78.9718 163.208
79.0061 163.279
79.2147 163.71
79.2147 163.71
79.2147 163.71
79.248 163.779
79.3105 163.908
79.4234 164.142
79.4899 164.279
79.6764 164.665
79.6784 164.669
79.6804 164.673
79.6845 164.681
79.6845 164.681
79.7319 164.779
80.1936 165.733
80.1936 165.733
80.1946 165.735
80.2157 165.779
80.4315 166.225
80.6946 166.769
80.6966 166.773
80.6986 166.777
80.9184 167.231
80.9415 167.279
81.1633 167.738
81.1663 167.744
81.1724 167.756
81.1835 167.779
81.2621 167.942
81.3851 168.196
81.4254 168.279
81.6391 168.721
81.6391 168.721
81.6391 168.721
81.6391 168.721
81.6391 168.721
81.6673 168.779
82.1169 169.708
82.13 169.735
82.13 169.735
82.13 169.735
82.1351 169.746
82.1512 169.779
82.6159 170.74
82.621 170.75
82.626 170.76
82.626 170.76
82.8478 171.219
82.877 171.279
83.0847 171.708
83.0867 171.713
83.0867 171.713
83.119 171.779
83.1825 171.91
83.3145 172.183
83.3609 172.279
83.6008 172.775
83.6028 172.779
83.6089 172.792
83.6089 172.792
83.6119 172.798
83.6331 172.842
84.0625 173.729
84.0625 173.729
84.0706 173.746
84.0756 173.756
84.0756 173.756
84.0867 173.779
84.5434 174.723
84.5474 174.731
84.5534 174.744
84.5534 174.744
84.5706 174.779
84.7873 175.227
85.0313 175.731
85.0343 175.738
85.0393 175.748
85.0413 175.752
85.0544 175.779
85.1321 175.94
85.2692 176.223
85.2964 176.279
85.5403 176.783
85.5403 176.783
85.5504 176.804
85.5504 176.804
85.5504 176.804
85.5524 176.808
85.7802 177.279
86.0202 177.775
86.0202 177.775
86.0202 177.775
86.0222 177.779
86.0242 177.783
86.0242 177.783
86.2641 178.279
86.4728 178.71
86.4809 178.727
86.4809 178.727
86.4889 178.744
86.4889 178.744
86.5061 178.779
86.7016 179.183
86.9647 179.727
86.9647 179.727
86.9647 179.727
86.9667 179.731
87.1048 180.017
87.1986 180.21
87.4738 180.779
87.4738 180.779
87.4738 180.779
87.7157 181.279
87.9577 181.779
88.0786 182.029
88.4415 182.779
88.6835 183.279
89.4093 184.779
89.4093 184.779
89.6512 185.279
89.8932 185.779
90.1351 186.279
90.377 186.779
90.619 187.279
90.619 187.279
90.8609 187.779
91.1028 188.279
91.3448 188.779
91.3448 188.779
91.5867 189.279
91.8286 189.779
92.0706 190.279
92.3125 190.779
92.3125 190.779
92.5544 191.279
92.5544 191.279
92.5544 191.279
92.6754 191.529
92.7964 191.779
92.9173 192.029
93.0383 192.279
93.1472 192.504
93.1593 192.529
93.2682 192.754
93.2802 192.779
93.2802 192.779
93.2802 192.779
93.3891 193.004
93.5101 193.254
93.6311 193.504
93.752 193.754
93.873 194.004
94.0212 194.31
94.1421 194.56
94.2631 194.81
94.3841 195.06
94.505 195.31
94.626 195.56
94.7319 195.779
94.747 195.81
95.1583 196.66
95.1643 196.673
95.1643 196.673
95.1684 196.681
95.1684 196.681
95.1895 196.725
95.2157 196.779
95.4577 197.279
95.6432 197.662
95.6472 197.671
95.6583 197.694
95.6976 197.775
95.6996 197.779
95.9415 198.279
96.1432 198.696
96.1432 198.696
96.1502 198.71
96.1754 198.762
96.1835 198.779
96.6391 199.721
96.6482 199.74
96.6502 199.744
96.6633 199.771
96.6673 199.779
96.871 200.2
96.9093 200.279
97.1472 200.771
97.1472 200.771
97.1563 200.79
97.1563 200.79
97.1563 200.79
97.1563 200.79
97.3932 201.279
97.621 201.75
97.6321 201.773
97.6351 201.779
97.6371 201.783
97.6371 201.783
97.877 202.279
98.1099 202.76
98.118 202.777
98.118 202.777
98.119 202.779
98.124 202.79
98.3609 203.279
98.5887 203.75
98.5968 203.767
98.5968 203.767
98.6018 203.777
98.6028 203.779
98.8125 204.213
99.0625 204.729
99.0675 204.74
99.0675 204.74
99.0746 204.754
99.0817 204.769
99.0817 204.769
99.0867 204.779
99.3286 205.279
99.5534 205.744
99.5534 205.744
99.5534 205.744
99.5706 205.779
99.5786 205.796
99.8125 206.279
100.017 206.702
100.017 206.702
100.027 206.723
100.044 206.758
100.054 206.779
100.282 207.25
100.504 207.708
100.508 207.717
100.508 207.717
100.516 207.733
100.538 207.779
100.74 208.196
100.78 208.279
100.99 208.713
100.991 208.715
101.003 208.74
101.003 208.74
101.003 208.74
101.014 208.762
101.264 209.279
101.498 209.762
101.502 209.771
101.506 209.779
101.508 209.783
101.516 209.8
101.748 210.279
101.951 210.698
101.962 210.721
101.964 210.725
101.987 210.773
101.99 210.779
102.201 211.215
102.413 211.654
102.42 211.669
102.425 211.679
102.446 211.721
102.56 211.958
102.644 212.131
102.673 212.192
102.91 212.681
102.914 212.69
102.914 212.69
102.916 212.694
102.919 212.7
102.928 212.719
102.958 212.779
103.2 213.279
103.375 213.642
103.381 213.654
103.392 213.677
103.415 213.725
103.442 213.779
103.683 214.279
103.876 214.677
103.884 214.694
103.888 214.702
103.909 214.746
103.925 214.779
104.116 215.173
104.355 215.667
104.362 215.681
104.362 215.681
104.369 215.696
104.409 215.779
104.576 216.123
104.651 216.279
104.853 216.696
104.853 216.696
104.855 216.7
104.855 216.7
104.859 216.708
104.861 216.713
105.135 217.279
105.349 217.721
105.349 217.721
105.349 217.721
105.377 217.779
105.619 218.279
105.842 218.74
105.85 218.756
105.85 218.756
106.083 219.238
106.103 219.279
106.328 219.744
106.328 219.744
106.328 219.744
106.328 219.744
106.339 219.767
106.345 219.779
106.546 220.196
106.587 220.279
106.804 220.729
106.815 220.75
106.815 220.75
106.815 220.75
106.815 220.75
106.821 220.762
106.829 220.779
107.285 221.723
107.291 221.735
107.313 221.779
107.32 221.794
107.554 222.279
107.767 222.719
107.771 222.727
107.784 222.754
107.796 222.779
107.809 222.806
108.018 223.238
108.249 223.715
108.251 223.719
108.253 223.723
108.259 223.735
108.28 223.779
108.427 224.083
108.522 224.279
108.745 224.74
108.749 224.748
108.751 224.752
108.758 224.767
108.76 224.771
108.764 224.779
109.006 225.279
109.22 225.721
109.23 225.742
109.23 225.742
109.248 225.779
109.248 225.779
109.49 226.279
109.704 226.721
109.704 226.721
109.713 226.74
109.732 226.779
109.928 227.185
110.175 227.696
110.175 227.696
110.186 227.719
110.186 227.719
110.255 227.86
110.381 228.121
110.647 228.671
110.65 228.677
110.659 228.696
110.659 228.696
110.659 228.696
110.683 228.746
110.7 228.779
111.105 229.617
111.115 229.637
111.13 229.669
111.139 229.688
111.621 230.683
111.631 230.704
111.64 230.723
111.653 230.75
111.848 231.152
112.094 231.66
112.107 231.688
112.109 231.692
112.118 231.71
112.118 231.71
112.356 232.202
112.613 232.733
112.615 232.738
112.621 232.75
112.621 232.75
112.621 232.75
112.628 232.765
112.635 232.779
113.088 233.715
113.096 233.731
113.103 233.746
113.106 233.752
113.559 234.69
113.563 234.696
113.566 234.702
113.566 234.702
113.795 235.177
113.966 235.529
114.044 235.692
114.05 235.704
114.05 235.704
114.05 235.704
114.053 235.71
114.159 235.929
114.276 236.171
114.524 236.683
114.528 236.692
114.528 236.692
114.53 236.696
114.539 236.715
114.539 236.715
114.571 236.779
115.005 237.677
115.012 237.692
115.02 237.708
115.023 237.715
115.5 238.7
115.5 238.7
115.507 238.715
115.507 238.715
115.732 239.179
115.981 239.694
115.985 239.702
115.992 239.717
116.096 239.931
116.464 240.692
116.464 240.692
116.467 240.698
116.48 240.725
116.48 240.725
116.487 240.74
116.506 240.779
116.948 241.692
116.954 241.704
116.96 241.717
116.969 241.735
117.443 242.715
117.449 242.727
117.454 242.738
117.661 243.167
117.911 243.683
117.911 243.683
117.914 243.69
117.919 243.7
117.921 243.704
118.166 244.21
118.442 244.779
118.442 244.779
118.442 244.779
118.442 244.779
118.442 244.779
118.683 245.279
118.925 245.779
119.167 246.279
119.409 246.779
119.651 247.279
119.893 247.779
120.135 248.279
120.135 248.279
120.377 248.779
120.377 248.779
120.377 248.779
120.377 248.779
120.377 248.779
120.619 249.279
120.861 249.779
121.103 250.279
121.345 250.779
121.587 251.279
121.829 251.779
121.829 251.779
122.071 252.279
122.313 252.779
122.313 252.779
122.313 252.779
122.313 252.779
122.313 252.779
122.554 253.279
122.796 253.779
123.038 254.279
123.28 254.779
123.522 255.279
123.764 255.779
123.764 255.779
124.006 256.279
124.006 256.279
124.248 256.779
124.248 256.779
124.248 256.779
124.248 256.779
124.49 257.279
124.732 257.779
124.974 258.279
125.216 258.779
125.458 259.279
125.458 259.279
125.7 259.779
125.7 259.779
125.942 260.279
125.942 260.279
126.143 260.696
126.149 260.708
126.149 260.708
126.153 260.717
126.153 260.717
126.174 260.76
126.183 260.779
126.628 261.698
126.632 261.706
126.643 261.729
126.667 261.779
126.682 261.81
127.128 262.731
127.128 262.731
127.135 262.746
127.16 262.798
127.393 263.279
127.624 263.756
127.633 263.775
127.635 263.779
127.635 263.779
127.648 263.806
127.856 264.235
127.877 264.279
128.119 264.779
128.132 264.806
128.132 264.806
128.141 264.825
128.141 264.825
128.141 264.825
128.141 264.825
128.361 265.279
128.603 265.779
128.606 265.785
128.617 265.808
128.622 265.819
128.622 265.819
129.095 266.796
129.103 266.812
129.103 266.812
129.109 266.825
129.329 267.279
129.571 267.779
129.574 267.785
129.582 267.802
129.582 267.802
129.587 267.812
129.797 268.248
129.813 268.279
130.047 268.765
130.052 268.775
130.052 268.775
130.054 268.779
130.059 268.79
130.067 268.804
130.067 268.804
130.538 269.779
130.538 269.779
130.538 269.779
130.538 269.779
130.564 269.831
131.002 270.738
131.002 270.738
131.012 270.758
131.029 270.794
131.264 271.279
131.267 271.285
131.489 271.744
131.493 271.752
131.493 271.752
131.501 271.769
131.506 271.779
131.725 272.231
131.748 272.279
131.975 272.748
131.976 272.75
131.988 272.775
131.988 272.775
131.988 272.775
131.99 272.779
131.999 272.798
132.474 273.779
132.483 273.798
132.487 273.806
132.493 273.819
132.501 273.835
132.935 274.733
132.947 274.756
132.949 274.76
132.972 274.808
133.185 275.25
133.2 275.279
133.398 275.69
133.405 275.704
133.41 275.715
133.43 275.756
133.442 275.779
133.545 275.994
133.629 276.167
133.658 276.227
133.683 276.279
133.895 276.717
133.899 276.725
133.899 276.725
133.901 276.729
133.904 276.735
133.913 276.754
133.925 276.779
134.36 277.677
134.366 277.69
134.377 277.712
134.4 277.76
134.409 277.779
134.861 278.712
134.869 278.729
134.873 278.738
134.894 278.781
135.101 279.208
135.135 279.279
135.34 279.702
135.347 279.717
135.347 279.717
135.354 279.731
135.377 279.779
135.56 280.158
135.619 280.279
135.838 280.731
135.838 280.731
135.84 280.735
135.84 280.735
135.844 280.744
135.846 280.748
135.861 280.779
136.334 281.756
136.334 281.756
136.334 281.756
136.345 281.779
136.827 282.775
136.835 282.792
136.835 282.792
137.068 283.273
137.071 283.279
137.313 283.779
137.313 283.779
137.313 283.779
137.313 283.779
137.313 283.779
137.324 283.802
137.531 284.231
137.554 284.279
137.789 284.765
137.796 284.779
137.799 284.785
137.799 284.785
137.799 284.785
137.799 284.785
137.805 284.798
138.27 285.758
138.276 285.771
138.28 285.779
138.304 285.829
138.752 286.754
138.756 286.762
138.764 286.779
138.769 286.79
138.794 286.842
139.003 287.273
139.234 287.75
139.236 287.754
139.238 287.758
139.244 287.771
139.248 287.779
139.412 288.119
139.49 288.279
139.73 288.775
139.734 288.783
139.736 288.788
139.743 288.802
139.745 288.806
139.749 288.815
139.974 289.279
140.205 289.756
140.215 289.777
140.215 289.777
140.216 289.779
140.233 289.815
140.458 290.279
140.689 290.756
140.689 290.756
140.698 290.775
140.7 290.779
140.913 291.221
140.942 291.279
141.16 291.731
141.16 291.731
141.171 291.754
141.171 291.754
141.183 291.779
141.24 291.896
141.366 292.156
141.425 292.279
141.632 292.706
141.635 292.712
141.644 292.731
141.644 292.731
141.644 292.731
141.667 292.779
141.668 292.781
142.09 293.652
142.1 293.673
142.115 293.704
142.124 293.723
142.151 293.779
142.606 294.719
142.616 294.74
142.625 294.758
142.638 294.785
142.833 295.188
142.877 295.279
143.079 295.696
143.092 295.723
143.094 295.727
143.103 295.746
143.103 295.746
143.119 295.779
143.341 296.238
143.361 296.279
143.598 296.769
143.6 296.773
143.603 296.779
143.606 296.785
143.606 296.785
143.606 296.785
143.613 296.8
143.845 297.279
144.073 297.75
144.081 297.767
144.087 297.779
144.088 297.781
144.091 297.788
144.544 298.725
144.547 298.731
144.55 298.738
144.55 298.738
144.78 299.212
144.813 299.279
145.029 299.727
145.035 299.74
145.035 299.74
145.035 299.74
145.038 299.746
145.054 299.779
145.144 299.965
145.261 300.206
145.296 300.279
145.509 300.719
145.513 300.727
145.513 300.727
145.515 300.731
145.524 300.75
145.524 300.75
145.538 300.779
145.99 301.712
145.997 301.727
146.005 301.744
146.008 301.75
146.022 301.779
146.485 302.735
146.485 302.735
146.492 302.75
146.492 302.75
146.717 303.215
146.748 303.279
146.966 303.729
146.97 303.738
146.977 303.752
146.99 303.779
147.081 303.967
147.232 304.279
147.449 304.727
147.449 304.727
147.452 304.733
147.465 304.76
147.465 304.76
147.472 304.775
147.474 304.779
147.932 305.727
147.939 305.74
147.945 305.752
147.954 305.771
147.958 305.779
148.427 306.75
148.433 306.763
148.439 306.773
148.646 307.202
148.683 307.279
148.896 307.719
148.896 307.719
148.899 307.725
148.904 307.735
148.906 307.74
148.925 307.779
149.151 308.246
149.167 308.279
149.376 308.71
149.376 308.71
149.379 308.717
149.379 308.717
149.381 308.721
149.385 308.729
149.409 308.779
149.867 309.725
149.871 309.733
149.875 309.742
149.884 309.76
149.893 309.779
150.082 310.169
150.32 310.66
150.327 310.675
150.332 310.685
150.335 310.692
150.339 310.7
150.559 311.156
150.619 311.279
150.816 311.685
150.822 311.698
150.822 311.698
150.825 311.704
150.832 311.719
150.835 311.725
150.861 311.779
151.034 312.137
151.103 312.279
151.312 312.71
151.312 312.71
151.313 312.712
151.317 312.721
151.317 312.721
151.345 312.779
151.761 313.64
151.778 313.675
151.786 313.692
151.786 313.692
151.829 313.779
152.021 314.177
152.268 314.688
152.273 314.698
152.276 314.704
152.276 314.704
152.278 314.708
152.5 315.167
152.513 315.194
152.554 315.279
152.746 315.675
152.761 315.706
152.768 315.721
152.771 315.727
152.796 315.779
152.851 315.892
152.96 316.117
153.038 316.279
153.237 316.69
153.238 316.692
153.251 316.719
153.255 316.727
153.277 316.773
153.28 316.779
153.295 316.81
153.418 317.065
153.453 317.135
153.723 317.694
153.727 317.702
153.727 317.702
153.732 317.712
153.734 317.717
153.764 317.779
153.972 318.208
154.21 318.7
154.21 318.7
154.213 318.706
154.216 318.712
154.219 318.719
154.248 318.779
154.425 319.146
154.688 319.688
154.692 319.696
154.695 319.702
154.697 319.706
154.702 319.717
154.732 319.779
154.78 319.879
154.897 320.121
154.974 320.279
155.156 320.656
155.158 320.66
155.161 320.667
155.161 320.667
155.168 320.681
155.168 320.681
155.458 321.279
155.459 321.281
155.675 321.729
155.682 321.744
155.687 321.752
155.694 321.767
155.7 321.779
155.917 322.229
155.942 322.279
156.138 322.685
156.138 322.685
156.138 322.685
156.141 322.692
156.146 322.702
156.183 322.779
156.383 323.192
156.633 323.708
156.636 323.715
156.641 323.725
156.647 323.738
156.647 323.738
156.748 323.946
156.784 324.021
156.869 324.196
157.134 324.744
157.143 324.762
157.143 324.762
157.145 324.767
157.15 324.777
157.156 324.79
157.635 325.779
157.877 326.279
158.119 326.779
158.603 327.779
158.845 328.279
159.087 328.779
159.571 329.779
159.571 329.779
160.054 330.779
160.054 330.779
160.054 330.779
160.054 330.779
160.296 331.279
160.78 332.279
161.022 332.779
161.022 332.779
161.022 332.779
161.022 332.779
161.99 334.779
161.99 334.779
161.99 334.779
162.958 336.779
162.958 336.779
162.958 336.779
162.958 336.779
164.893 340.779
164.893 340.779
164.893 340.779
164.893 340.779
165.377 341.779
165.619 342.279
165.861 342.779
165.861 342.779
165.861 342.779
165.861 342.779
166.103 343.279
166.587 344.279
166.829 344.779
166.829 344.779
166.829 344.779
166.829 344.779
167.319 345.792
167.796 346.779
167.796 346.779
167.796 346.779
167.807 346.802
168.059 347.323
168.573 348.383
168.764 348.779
168.764 348.779
168.764 348.779
168.77 348.792
168.79 348.833
168.954 349.171
169.201 349.681
169.425 350.146
169.674 350.66
169.732 350.779
169.974 351.279
170.216 351.779
170.458 352.279
170.7 352.779
170.942 353.279
171.183 353.779
171.425 354.279
171.667 354.779
171.909 355.279
171.909 355.279
172.151 355.779
172.151 355.779
172.393 356.279
172.393 356.279
172.621 356.75
172.621 356.75
172.621 356.75
172.621 356.75
172.621 356.75
172.621 356.75
172.635 356.779
172.863 357.25
172.863 357.25
172.863 357.25
172.863 357.25
173.105 357.75
173.105 357.75
173.105 357.75
173.119 357.779
173.347 358.25
173.347 358.25
173.347 358.25
173.347 358.25
173.589 358.75
173.589 358.75
173.589 358.75
173.589 358.75
173.831 359.25
173.831 359.25
173.831 359.25
173.831 359.25
173.845 359.279
174.073 359.75
174.073 359.75
174.073 359.75
174.073 359.75
174.073 359.75
174.087 359.779
174.315 360.25
174.329 360.279
174.556 360.75
174.556 360.75
174.556 360.75
174.556 360.75
174.556 360.75
174.571 360.779
174.798 361.25
174.798 361.25
174.798 361.25
174.813 361.279
175.04 361.75
175.04 361.75
175.04 361.75
175.04 361.75
175.04 361.75
175.054 361.779
175.282 362.25
175.282 362.25
175.282 362.25
175.282 362.25
175.524 362.75
175.524 362.75
175.524 362.75
175.524 362.75
175.524 362.75
175.766 363.25
175.766 363.25
175.766 363.25
175.766 363.25
175.78 363.279
176.008 363.75
176.008 363.75
176.008 363.75
176.008 363.75
176.022 363.779
176.25 364.25
176.25 364.25
176.25 364.25
176.25 364.25
176.25 364.25
176.264 364.279
176.492 364.75
176.492 364.75
176.492 364.75
176.492 364.75
176.492 364.75
176.506 364.779
176.734 365.25
176.734 365.25
176.734 365.25
176.976 365.75
176.976 365.75
176.976 365.75
176.976 365.75
176.99 365.779
177.218 366.25
177.218 366.25
177.218 366.25
177.218 366.25
177.46 366.75
177.46 366.75
177.46 366.75
177.46 366.75
177.702 367.25
177.702 367.25
177.702 367.25
177.702 367.25
177.716 367.279
177.944 367.75
177.944 367.75
177.944 367.75
177.944 367.75
177.958 367.779
178.185 368.25
178.185 368.25
178.185 368.25
178.185 368.25
178.185 368.25
178.2 368.279
178.427 368.75
178.427 368.75
178.427 368.75
178.427 368.75
178.427 368.75
178.442 368.779
178.669 369.25
178.669 369.25
178.669 369.25
178.911 369.75
178.911 369.75
178.911 369.75
178.911 369.75
178.911 369.75
178.925 369.779
179.153 370.25
179.153 370.25
179.153 370.25
179.153 370.25
179.395 370.75
179.395 370.75
179.395 370.75
179.395 370.75
179.637 371.25
179.637 371.25
179.637 371.25
179.637 371.25
179.651 371.279
179.879 371.75
179.879 371.75
179.879 371.75
179.879 371.75
179.893 371.779
180.121 372.25
180.121 372.25
180.121 372.25
180.121 372.25
180.121 372.25
180.135 372.279
180.363 372.75
180.363 372.75
180.363 372.75
180.363 372.75
180.363 372.75
180.363 372.75
180.377 372.779
180.605 373.25
180.605 373.25
180.605 373.25
180.605 373.25
180.847 373.75
180.847 373.75
180.847 373.75
180.861 373.779
181.089 374.25
181.089 374.25
181.089 374.25
181.089 374.25
181.331 374.75
181.331 374.75
181.331 374.75
181.331 374.75
181.573 375.25
181.573 375.25
181.573 375.25
181.573 375.25
181.587 375.279
181.815 375.75
181.815 375.75
181.815 375.75
181.815 375.75
181.815 375.75
181.829 375.779
182.056 376.25
182.071 376.279
182.298 376.75
182.298 376.75
182.298 376.75
182.298 376.75
182.298 376.75
182.313 376.779
182.54 377.25
182.54 377.25
182.54 377.25
182.782 377.75
182.782 377.75
182.782 377.75
182.782 377.75
182.782 377.75
182.796 377.779
183.024 378.25
183.024 378.25
183.024 378.25
183.024 378.25
183.266 378.75
183.266 378.75
183.266 378.75
183.266 378.75
183.266 378.75
183.508 379.25
183.508 379.25
183.508 379.25
183.508 379.25
183.522 379.279
183.75 379.75
183.75 379.75
183.75 379.75
183.75 379.75
183.764 379.779
183.992 380.25
183.992 380.25
183.992 380.25
183.992 380.25
183.992 380.25
184.006 380.279
184.234 380.75
184.234 380.75
184.234 380.75
184.234 380.75
184.234 380.75
184.248 380.779
184.476 381.25
184.476 381.25
184.476 381.25
184.718 381.75
184.718 381.75
184.718 381.75
184.718 381.75
184.732 381.779
184.96 382.25
184.96 382.25
184.96 382.25
184.96 382.25
185.202 382.75
185.202 382.75
185.202 382.75
185.202 382.75
185.216 382.779
185.444 383.25
185.444 383.25
185.444 383.25
185.444 383.25
185.685 383.75
185.685 383.75
185.685 383.75
185.685 383.75
185.7 383.779
185.927 384.25
185.927 384.25
185.927 384.25
185.927 384.25
185.927 384.25
185.942 384.279
186.169 384.75
186.169 384.75
186.169 384.75
186.169 384.75
186.169 384.75
186.425 385.279
186.667 385.779
186.909 386.279
187.379 387.25
187.379 387.25
187.379 387.25
187.379 387.25
187.379 387.25
187.384 387.26
187.621 387.75
187.621 387.75
187.621 387.75
187.621 387.75
187.635 387.779
187.863 388.25
187.863 388.25
187.863 388.25
187.863 388.25
187.863 388.25
187.877 388.279
188.105 388.75
188.105 388.75
188.105 388.75
188.105 388.75
188.105 388.75
188.105 388.75
188.119 388.779
188.347 389.25
188.347 389.25
188.347 389.25
188.347 389.25
188.347 389.25
188.589 389.75
188.589 389.75
188.589 389.75
188.589 389.75
188.603 389.779
188.831 390.25
188.831 390.25
188.831 390.25
188.831 390.25
189.073 390.75
189.073 390.75
189.315 391.25
189.315 391.25
189.315 391.25
189.315 391.25
189.327 391.275
189.556 391.75
189.556 391.75
189.556 391.75
189.556 391.75
189.556 391.75
189.556 391.75
189.571 391.779
189.798 392.25
189.798 392.25
189.813 392.279
190.04 392.75
190.04 392.75
190.04 392.75
190.04 392.75
190.04 392.75
190.04 392.75
190.054 392.779
190.282 393.25
190.282 393.25
190.282 393.25
190.282 393.25
190.296 393.279
190.524 393.75
190.524 393.75
190.524 393.75
190.524 393.75
190.538 393.779
190.766 394.25
190.766 394.25
190.766 394.25
190.766 394.25
191.008 394.75
191.008 394.75
191.008 394.75
191.008 394.75
191.25 395.25
191.25 395.25
191.25 395.25
191.25 395.25
191.264 395.279
191.492 395.75
191.492 395.75
191.492 395.75
191.492 395.75
191.492 395.75
191.506 395.779
191.734 396.25
191.748 396.279
191.976 396.75
191.976 396.75
191.976 396.75
191.976 396.75
191.976 396.75
191.976 396.75
191.99 396.779
192.218 397.25
192.218 397.25
192.218 397.25
192.218 397.25
192.46 397.75
192.46 397.75
192.46 397.75
192.46 397.75
192.474 397.779
192.702 398.25
192.702 398.25
192.702 398.25
192.702 398.25
192.944 398.75
192.944 398.75
192.944 398.75
193.185 399.25
193.185 399.25
193.185 399.25
193.185 399.25
193.185 399.25
193.2 399.279
193.427 399.75
193.427 399.75
193.427 399.75
193.427 399.75
193.427 399.75
193.427 399.75
193.442 399.779
193.669 400.25
193.683 400.279
193.911 400.75
193.911 400.75
193.911 400.75
193.911 400.75
193.911 400.75
193.911 400.75
193.925 400.779
194.153 401.25
194.153 401.25
194.153 401.25
194.153 401.25
194.395 401.75
194.395 401.75
194.395 401.75
194.409 401.779
194.637 402.25
194.637 402.25
194.637 402.25
194.879 402.75
194.879 402.75
194.879 402.75
194.879 402.75
195 403
195 403
195 403
195 403
195.135 403.279
195.242 403.5
195.242 403.5
195.242 403.5
195.242 403.5
195.242 403.5
195.363 403.75
195.377 403.779
195.484 404
195.619 404.279
195.847 404.75
195.847 404.75
195.847 404.75
195.847 404.75
195.847 404.75
195.847 404.75
195.861 404.779
196.089 405.25
196.089 405.25
196.089 405.25
196.331 405.75
196.331 405.75
196.331 405.75
196.345 405.779
196.573 406.25
196.573 406.25
196.573 406.25
196.573 406.25
196.815 406.75
196.815 406.75
196.815 406.75
196.815 406.75
197.056 407.25
197.056 407.25
197.056 407.25
197.056 407.25
197.071 407.279
197.298 407.75
197.298 407.75
197.298 407.75
197.298 407.75
197.298 407.75
197.313 407.779
197.54 408.25
197.554 408.279
197.782 408.75
197.782 408.75
197.782 408.75
197.782 408.75
197.782 408.75
197.782 408.75
197.796 408.779
198.024 409.25
198.024 409.25
198.024 409.25
198.024 409.25
198.266 409.75
198.266 409.75
198.266 409.75
198.266 409.75
198.28 409.779
198.508 410.25
198.508 410.25
198.508 410.25
198.508 410.25
198.75 410.75
198.75 410.75
198.75 410.75
198.75 410.75
198.992 411.25
198.992 411.25
198.992 411.25
198.992 411.25
199.006 411.279
199.234 411.75
199.234 411.75
199.234 411.75
199.234 411.75
199.248 411.779
199.476 412.25
199.476 412.25
199.476 412.25
199.476 412.25
199.49 412.279
199.718 412.75
199.718 412.75
199.718 412.75
199.718 412.75
199.718 412.75
199.718 412.75
199.732 412.779
199.96 413.25
199.96 413.25
199.96 413.25
199.96 413.25
200.202 413.75
200.202 413.75
200.202 413.75
200.202 413.75
200.216 413.779
200.444 414.25
200.444 414.25
200.444 414.25
200.444 414.25
200.685 414.75
200.685 414.75
200.685 414.75
200.685 414.75
200.7 414.779
200.927 415.25
200.927 415.25
200.927 415.25
200.927 415.25
201.169 415.75
201.169 415.75
201.169 415.75
201.169 415.75
201.183 415.779
201.29 416
201.425 416.279
201.653 416.75
201.653 416.75
201.653 416.75
201.653 416.75
201.653 416.75
201.653 416.75
201.895 417.25
201.895 417.25
201.909 417.279
202.137 417.75
202.137 417.75
202.137 417.75
202.137 417.75
202.151 417.779
202.379 418.25
202.379 418.25
202.379 418.25
202.393 418.279
202.621 418.75
202.621 418.75
202.621 418.75
202.621 418.75
202.635 418.779
202.863 419.25
202.863 419.25
202.863 419.25
203.105 419.75
203.105 419.75
203.105 419.75
203.105 419.75
203.105 419.75
203.226 420
203.347 420.25
203.589 420.75
203.589 420.75
203.589 420.75
203.589 420.75
203.589 420.75
203.589 420.75
203.603 420.779
203.831 421.25
203.831 421.25
204.073 421.75
204.073 421.75
204.073 421.75
204.073 421.75
204.073 421.75
204.073 421.75
204.315 422.25
204.315 422.25
204.556 422.75
204.556 422.75
204.556 422.75
204.556 422.75
204.556 422.75
204.556 422.75
204.798 423.25
204.798 423.25
205.04 423.75
205.04 423.75
205.04 423.75
205.04 423.75
205.04 423.75
205.04 423.75
205.282 424.25
205.282 424.25
205.524 424.75
205.524 424.75
205.524 424.75
205.524 424.75
205.524 424.75
205.538 424.779
205.766 425.25
205.766 425.25
206.008 425.75
206.008 425.75
206.008 425.75
206.008 425.75
206.008 425.75
206.25 426.25
206.25 426.25
206.25 426.25
206.25 426.25
206.492 426.75
206.492 426.75
206.492 426.75
206.492 426.75
206.492 426.75
206.734 427.25
206.734 427.25
206.976 427.75
206.976 427.75
206.976 427.75
206.976 427.75
206.976 427.75
206.99 427.779
207.218 428.25
207.218 428.25
207.46 428.75
207.46 428.75
207.46 428.75
207.46 428.75
207.46 428.75
207.46 428.75
207.474 428.779
207.702 429.25
207.702 429.25
207.944 429.75
207.944 429.75
207.944 429.75
207.944 429.75
207.944 429.75
207.944 429.75
208.185 430.25
208.185 430.25
208.427 430.75
208.427 430.75
208.427 430.75
208.427 430.75
208.427 430.75
208.427 430.75
208.669 431.25
208.669 431.25
208.911 431.75
208.911 431.75
208.911 431.75
208.911 431.75
208.911 431.75
209.032 432
209.153 432.25
209.395 432.75
209.395 432.75
209.395 432.75
209.395 432.75
209.395 432.75
209.395 432.75
209.409 432.779
209.637 433.25
209.637 433.25
209.879 433.75
209.879 433.75
209.879 433.75
209.879 433.75
209.879 433.75
209.879 433.75
210.121 434.25
210.121 434.25
210.363 434.75
210.363 434.75
210.363 434.75
210.363 434.75
210.363 434.75
210.363 434.75
210.484 435
210.605 435.25
210.605 435.25
210.847 435.75
210.847 435.75
210.847 435.75
210.847 435.75
210.847 435.75
210.968 436
211.089 436.25
211.331 436.75
211.331 436.75
211.331 436.75
211.331 436.75
211.331 436.75
211.331 436.75
211.345 436.779
211.573 437.25
211.573 437.25
211.815 437.75
211.815 437.75
211.815 437.75
211.815 437.75
211.815 437.75
211.815 437.75
212.056 438.25
212.056 438.25
212.298 438.75
212.298 438.75
212.298 438.75
212.298 438.75
212.298 438.75
212.298 438.75
212.54 439.25
212.54 439.25
212.782 439.75
212.782 439.75
212.782 439.75
212.782 439.75
212.782 439.75
212.782 439.75
213.024 440.25
213.024 440.25
213.266 440.75
213.266 440.75
213.266 440.75
213.266 440.75
213.266 440.75
213.28 440.779
213.508 441.25
213.508 441.25
213.75 441.75
213.75 441.75
213.75 441.75
213.75 441.75
213.75 441.75
213.992 442.25
213.992 442.25
214.234 442.75
214.234 442.75
214.234 442.75
214.234 442.75
214.234 442.75
214.476 443.25
214.476 443.25
214.611 443.529
214.718 443.75
214.718 443.75
214.718 443.75
214.718 443.75
214.839 444
214.96 444.25
215.202 444.75
215.202 444.75
215.202 444.75
215.202 444.75
215.202 444.75
215.202 444.75
215.216 444.779
215.685 445.75
215.685 445.75
215.685 445.75
215.685 445.75
215.685 445.75
215.685 445.75
215.927 446.25
215.927 446.25
216.169 446.75
216.169 446.75
216.169 446.75
216.169 446.75
216.169 446.75
216.169 446.75
216.411 447.25
216.411 447.25
216.653 447.75
216.653 447.75
216.653 447.75
216.653 447.75
216.653 447.75
216.653 447.75
216.895 448.25
216.895 448.25
217.137 448.75
217.137 448.75
217.137 448.75
217.137 448.75
217.137 448.75
217.137 448.75
217.151 448.779
217.379 449.25
217.379 449.25
217.621 449.75
217.621 449.75
217.621 449.75
217.621 449.75
217.621 449.75
217.621 449.75
217.863 450.25
217.863 450.25
218.105 450.75
218.105 450.75
218.105 450.75
218.105 450.75
218.105 450.75
218.105 450.75
218.347 451.25
218.347 451.25
218.589 451.75
218.589 451.75
218.589 451.75
218.589 451.75
218.589 451.75
218.71 452
218.831 452.25
219.073 452.75
219.073 452.75
219.073 452.75
219.073 452.75
219.073 452.75
219.073 452.75
219.087 452.779
221.022 456.779
222.474 459.779
222.958 460.779
224.893 464.779
