0.126645 0.160417
0.159539 0.202083
0.366776 0.464583
0.513157 0.65
0.544407 0.689583
0.779605 0.9875
0.904604 1.14583
1.32237 1.675
1.61677 2.04792
1.71052 2.16667
1.71546 2.17292
1.72697 2.1875
1.78454 2.26042
1.91447 2.425
2.94408 3.72917
3.15296 3.99375
3.27302 4.14583
3.34046 4.23125
3.37171 4.27083
3.37335 4.27292
3.42269 4.33542
3.54769 4.49375
3.72533 4.71875
3.81743 4.83542
3.96052 5.01667
4.19408 5.3125
4.57565 5.79583
5.00657 6.34167
5.69243 7.21042
6.41282 8.12292
6.44407 8.1625
6.50164 8.23542
6.5148 8.25208
6.54276 8.2875
6.67434 8.45417
6.7023 8.48958
6.89473 8.73333
6.90295 8.74375
7.12993 9.03125
7.25986 9.19583
7.65953 9.70208
8.1069 10.2688
9.28453 11.7604
9.62499 12.1917
9.67762 12.2583
9.69078 12.275
9.699 12.2854
9.72532 12.3187
10.0756 12.7625
10.5016 13.3021
10.8832 13.7854
11.2418 14.2396
12.0444 15.2563
12.0576 15.2729
12.2368 15.5
12.4293 15.7438
12.6283 15.9958
12.6875 16.0708
12.801 16.2146
12.8158 16.2333
12.8273 16.2479
12.8651 16.2958
12.8766 16.3104
12.9079 16.35
13.2323 16.7583
13.6073 17.2271
14.2714 18.05
14.3576 18.1562
14.4505 18.2708
14.4538 18.275
14.464 18.2875
14.4826 18.3104
14.8238 18.7312
15.2123 19.2104
15.6988 19.8104
15.719 19.8354
15.9859 20.1646
16.1042 20.3104
16.1042 20.3104
16.1042 20.3104
16.1363 20.35
16.5028 20.8021
16.9217 21.3188
17.2663 21.7437
17.6903 22.2667
18.4843 23.2542
18.5293 23.3104
19.0559 23.9688
19.2193 24.1729
19.2409 24.2
19.2976 24.2708
19.2976 24.2708
19.2993 24.2729
19.3293 24.3104
19.6443 24.7042
20.0559 25.2188
20.3959 25.6438
20.7626 26.1021
20.8659 26.2312
20.8959 26.2688
20.9009 26.275
20.9209 26.3
20.9293 26.3104
21.2543 26.7167
21.6676 27.2333
22.3709 28.1125
22.4726 28.2396
22.4809 28.25
22.4876 28.2583
22.5293 28.3104
22.8826 28.7521
23.3043 29.2792
23.6743 29.7417
24.0509 30.2125
24.4659 30.7312
24.8693 31.2354
25.6726 32.2396
26.0459 32.7062
26.4309 33.1875
26.8059 33.6562
27.2643 34.2292
27.2809 34.25
28.9293 36.3104
28.9293 36.3104
28.9293 36.3104
29.3293 36.8104
29.3293 36.8104
29.7293 37.3104
29.7293 37.3104
30.1293 37.8104
30.1293 37.8104
30.5293 38.3104
30.9293 38.8104
31.3293 39.3104
31.3293 39.3104
31.7293 39.8104
32.1293 40.3104
32.1293 40.3104
32.1293 40.3104
32.1293 40.3104
32.5293 40.8104
32.9293 41.3104
33.3293 41.8104
33.7293 42.3104
35.3293 44.3104
35.3293 44.3104
35.3293 44.3104
35.7293 44.8104
35.7293 44.8104
36.1293 45.3104
36.1293 45.3104
36.5293 45.8104
36.5293 45.8104
36.9293 46.3104
36.9293 46.3104
36.9293 46.3104
37.3293 46.8104
37.3293 46.8104
37.7293 47.3104
37.7293 47.3104
37.7293 47.3104
38.1293 47.8104
38.5293 48.3104
38.5293 48.3104
38.9293 48.8104
38.9293 48.8104
39.3293 49.3104
39.7293 49.8104
40.1293 50.3104
41.7293 52.3104
41.7293 52.3104
41.7293 52.3104
41.7293 52.3104
41.7293 52.3104
42.1293 52.8104
42.1293 52.8104
42.5293 53.3104
42.5293 53.3104
42.9293 53.8104
42.9293 53.8104
43.3293 54.3104
43.3293 54.3104
43.3293 54.3104
44.1293 55.3104
44.5293 55.8104
44.9293 56.3104
44.9293 56.3104
44.9293 56.3104
44.9293 56.3104
45.3293 56.8104
45.3293 56.8104
45.7293 57.3104
45.7293 57.3104
46.1293 57.8104
46.1293 57.8104
46.5293 58.3104
46.9293 58.8104
47.3293 59.3104
47.3293 59.3104
47.7293 59.8104
48.1293 60.3104
48.1293 60.3104
48.1293 60.3104
48.1293 60.3104
48.1293 60.3104
48.5293 60.8104
48.5293 60.8104
48.9293 61.3104
49.3293 61.8104
49.7293 62.3104
49.7293 62.3104
49.7293 62.3104
49.7293 62.3104
49.7293 62.3104
50.1293 62.8104
50.5293 63.3104
50.5293 63.3104
50.9293 63.8104
51.3293 64.3104
51.3293 64.3104
51.3293 64.3104
51.7293 64.8104
51.7293 64.8104
52.1293 65.3104
52.5293 65.8104
52.9293 66.3104
53.7293 67.3104
53.7293 67.3104
54.5293 68.3104
54.5293 68.3104
54.5293 68.3104
54.9293 68.8104
54.9293 68.8104
55.3293 69.3104
55.3293 69.3104
55.7293 69.8104
55.7293 69.8104
56.1293 70.3104
56.5293 70.8104
56.9293 71.3104
56.9293 71.3104
57.3293 71.8104
57.7293 72.3104
57.7293 72.3104
57.7293 72.3104
57.7293 72.3104
58.1293 72.8104
58.1293 72.8104
58.5293 73.3104
58.5293 73.3104
58.9293 73.8104
58.9293 73.8104
59.3293 74.3104
59.3293 74.3104
60.9293 76.3104
60.9293 76.3104
60.9293 76.3104
61.3293 76.8104
61.3293 76.8104
61.7293 77.3104
61.7293 77.3104
62.1293 77.8104
62.1293 77.8104
62.5293 78.3104
62.5293 78.3104
62.5293 78.3104
62.9293 78.8104
62.9293 78.8104
63.3293 79.3104
63.3293 79.3104
63.3293 79.3104
63.7293 79.8104
64.1293 80.3104
64.1293 80.3104
64.1293 80.3104
64.5293 80.8104
64.5293 80.8104
64.9293 81.3104
64.9293 81.3104
65.3293 81.8104
65.3293 81.8104
65.7293 82.3104
67.3293 84.3104
67.3293 84.3104
67.3293 84.3104
67.3293 84.3104
67.3293 84.3104
67.7293 84.8104
67.7293 84.8104
68.1293 85.3104
68.1293 85.3104
68.5293 85.8104
68.5293 85.8104
68.5293 85.8104
68.9293 86.3104
68.9293 86.3104
68.9293 86.3104
68.9293 86.3104
70.5293 88.3104
70.5293 88.3104
70.5293 88.3104
70.5293 88.3104
70.9293 88.8104
70.9293 88.8104
71.3293 89.3104
71.3293 89.3104
71.7293 89.8104
71.7293 89.8104
71.7293 89.8104
72.1293 90.3104
72.1293 90.3104
72.9293 91.3104
73.7293 92.3104
73.7293 92.3104
73.7293 92.3104
73.7293 92.3104
73.7293 92.3104
74.1293 92.8104
74.1293 92.8104
74.5293 93.3104
74.9293 93.8104
75.3293 94.3104
75.3293 94.3104
75.3293 94.3104
75.3293 94.3104
75.3293 94.3104
75.7293 94.8104
76.1293 95.3104
76.5293 95.8104
76.5293 95.8104
76.9293 96.3104
76.9293 96.3104
76.9293 96.3104
77.3293 96.8104
77.3293 96.8104
77.7293 97.3104
78.1293 97.8104
78.5293 98.3104
79.3293 99.3104
79.3293 99.3104
80.1293 100.31
80.1293 100.31
80.1293 100.31
80.1293 100.31
80.5293 100.81
80.9293 101.31
80.9293 101.31
80.9293 101.31
80.9293 101.31
81.7293 102.31
81.7293 102.31
81.7293 102.31
81.7293 102.31
81.7293 102.31
81.7293 102.31
82.1293 102.81
82.5293 103.31
82.5293 103.31
82.7293 103.56
82.9293 103.81
82.9293 103.81
83.3293 104.31
83.3293 104.31
83.3293 104.31
83.3293 104.31
83.3293 104.31
83.7293 104.81
83.7293 104.81
84.1293 105.31
84.1293 105.31
84.1293 105.31
84.5293 105.81
84.9293 106.31
84.9293 106.31
84.9293 106.31
84.9293 106.31
85.3293 106.81
85.3293 106.81
85.7293 107.31
85.7293 107.31
86.1293 107.81
86.3293 108.06
86.5293 108.31
86.5293 108.31
86.5293 108.31
86.5293 108.31
86.9293 108.81
86.9293 108.81
87.1293 109.06
87.3293 109.31
87.3293 109.31
87.7293 109.81
88.1293 110.31
88.1293 110.31
88.1293 110.31
88.1293 110.31
88.5293 110.81
88.5293 110.81
88.5293 110.81
88.9293 111.31
88.9293 111.31
89.3293 111.81
89.3293 111.81
89.3293 111.81
89.5293 112.06
89.5293 112.06
89.7293 112.31
89.7293 112.31
89.7293 112.31
89.7293 112.31
90.1293 112.81
90.1293 112.81
90.5293 113.31
90.5293 113.31
90.5293 113.31
90.9293 113.81
90.9293 113.81
91.3293 114.31
91.3293 114.31
91.3293 114.31
91.3293 114.31
91.7293 114.81
91.7293 114.81
91.7293 114.81
92.1293 115.31
92.1293 115.31
92.1293 115.31
92.1293 115.31
92.1293 115.31
92.5293 115.81
92.5293 115.81
92.9293 116.31
92.9293 116.31
92.9293 116.31
92.9293 116.31
92.9293 116.31
93.3293 116.81
93.7293 117.31
93.7293 117.31
93.7293 117.31
94.5293 118.31
94.5293 118.31
94.5293 118.31
94.5293 118.31
94.5293 118.31
94.5293 118.31
94.9293 118.81
95.3293 119.31
95.3293 119.31
95.3293 119.31
95.7293 119.81
95.7293 119.81
95.7293 119.81
96.1293 120.31
96.1293 120.31
96.1293 120.31
96.1293 120.31
96.5293 120.81
96.5293 120.81
96.9293 121.31
96.9293 121.31
96.9293 121.31
97.3293 121.81
97.3293 121.81
97.5293 122.06
97.7293 122.31
97.7293 122.31
97.7293 122.31
97.7293 122.31
98.1293 122.81
98.1293 122.81
98.1293 122.81
98.5293 123.31
98.5293 123.31
98.5293 123.31
98.5293 123.31
98.9543 123.842
99.3293 124.31
99.3293 124.31
99.3293 124.31
99.3293 124.31
99.7293 124.81
99.7293 124.81
100.129 125.31
100.129 125.31
100.129 125.31
100.129 125.31
100.529 125.81
100.529 125.81
100.929 126.31
100.929 126.31
100.929 126.31
100.929 126.31
100.929 126.31
100.929 126.31
101.329 126.81
101.729 127.31
101.729 127.31
101.729 127.31
102.129 127.81
102.529 128.31
102.529 128.31
102.529 128.31
102.529 128.31
102.529 128.31
102.929 128.81
102.929 128.81
103.329 129.31
103.729 129.81
104.129 130.31
104.129 130.31
104.529 130.81
104.929 131.31
104.929 131.31
104.929 131.31
105.613 132.165
105.676 132.244
105.723 132.302
105.728 132.308
105.729 132.31
106.108 132.783
106.129 132.81
106.496 133.269
106.529 133.31
106.901 133.775
106.929 133.81
107.314 134.292
107.316 134.294
107.321 134.3
107.729 134.81
107.734 134.817
108.129 135.31
108.134 135.317
108.139 135.323
108.141 135.325
108.529 135.81
108.929 136.31
108.929 136.31
108.929 136.31
108.929 136.31
109.329 136.81
109.329 136.81
109.729 137.31
109.729 137.31
109.729 137.31
109.729 137.31
110.129 137.81
110.129 137.81
110.529 138.31
110.529 138.31
110.529 138.31
110.529 138.31
110.929 138.81
110.929 138.81
111.329 139.31
111.329 139.31
111.329 139.31
111.329 139.31
111.729 139.81
112.129 140.31
112.129 140.31
112.129 140.31
112.129 140.31
112.529 140.81
112.529 140.81
112.929 141.31
112.929 141.31
112.929 141.31
113.329 141.81
113.329 141.81
113.729 142.31
113.729 142.31
114.129 142.81
114.529 143.31
114.529 143.31
114.529 143.31
114.929 143.81
115.329 144.31
115.329 144.31
115.329 144.31
115.729 144.81
115.729 144.81
116.129 145.31
116.129 145.31
116.129 145.31
116.529 145.81
116.929 146.31
116.929 146.31
116.929 146.31
116.929 146.31
117.329 146.81
117.329 146.81
117.729 147.31
117.729 147.31
118.129 147.81
118.129 147.81
118.529 148.31
118.529 148.31
118.529 148.31
118.929 148.81
118.929 148.81
119.329 149.31
119.329 149.31
119.329 149.31
119.729 149.81
119.729 149.81
120.129 150.31
120.529 150.81
120.529 150.81
120.929 151.31
120.929 151.31
120.929 151.31
120.929 151.31
120.929 151.31
121.729 152.31
121.729 152.31
121.729 152.31
121.729 152.31
121.729 152.31
121.729 152.31
122.129 152.81
122.129 152.81
122.529 153.31
122.529 153.31
122.929 153.81
122.929 153.81
122.929 153.81
123.329 154.31
123.329 154.31
123.729 154.81
124.129 155.31
124.129 155.31
124.529 155.81
124.929 156.31
124.929 156.31
124.929 156.31
124.929 156.31
124.929 156.31
125.329 156.81
125.329 156.81
125.729 157.31
125.729 157.31
125.729 157.31
126.129 157.81
126.129 157.81
126.129 157.81
126.529 158.31
126.529 158.31
126.529 158.31
126.529 158.31
126.929 158.81
127.329 159.31
127.329 159.31
127.729 159.81
127.729 159.81
128.129 160.31
128.129 160.31
128.129 160.31
128.129 160.31
128.129 160.31
128.529 160.81
128.529 160.81
128.929 161.31
128.929 161.31
128.929 161.31
129.329 161.81
129.729 162.31
129.729 162.31
129.729 162.31
129.729 162.31
129.729 162.31
129.729 162.31
130.129 162.81
130.529 163.31
130.929 163.81
130.929 163.81
130.929 163.81
131.329 164.31
131.329 164.31
131.329 164.31
131.329 164.31
131.729 164.81
131.729 164.81
132.129 165.31
132.129 165.31
132.529 165.81
132.529 165.81
132.929 166.31
132.929 166.31
132.929 166.31
132.929 166.31
132.929 166.31
133.329 166.81
133.329 166.81
133.729 167.31
133.729 167.31
133.729 167.31
133.929 167.56
134.129 167.81
134.129 167.81
134.329 168.06
134.529 168.31
134.529 168.31
134.529 168.31
134.529 168.31
134.929 168.81
135.329 169.31
135.329 169.31
135.329 169.31
135.329 169.31
136.129 170.31
136.129 170.31
136.129 170.31
136.129 170.31
136.129 170.31
136.129 170.31
136.529 170.81
136.929 171.31
136.929 171.31
137.129 171.56
137.329 171.81
137.329 171.81
137.729 172.31
137.729 172.31
137.729 172.31
137.729 172.31
137.729 172.31
138.129 172.81
138.129 172.81
138.529 173.31
138.529 173.31
138.529 173.31
138.929 173.81
139.329 174.31
139.329 174.31
139.329 174.31
139.329 174.31
139.729 174.81
139.729 174.81
140.129 175.31
140.129 175.31
140.529 175.81
140.729 176.06
140.929 176.31
140.929 176.31
140.929 176.31
140.929 176.31
141.329 176.81
141.329 176.81
141.529 177.06
141.729 177.31
141.729 177.31
142.129 177.81
142.529 178.31
142.529 178.31
142.529 178.31
142.529 178.31
142.929 178.81
142.929 178.81
142.929 178.81
143.329 179.31
143.329 179.31
143.729 179.81
143.729 179.81
143.729 179.81
143.929 180.06
143.929 180.06
144.129 180.31
144.129 180.31
144.129 180.31
144.129 180.31
144.529 180.81
144.529 180.81
144.929 181.31
144.929 181.31
144.929 181.31
145.329 181.81
145.329 181.81
145.729 182.31
145.729 182.31
145.729 182.31
145.729 182.31
146.129 182.81
146.129 182.81
146.129 182.81
146.529 183.31
146.529 183.31
146.529 183.31
146.529 183.31
146.529 183.31
146.929 183.81
146.929 183.81
147.329 184.31
147.329 184.31
147.329 184.31
147.329 184.31
147.329 184.31
147.729 184.81
148.129 185.31
148.129 185.31
148.129 185.31
148.929 186.31
148.929 186.31
148.929 186.31
148.929 186.31
148.929 186.31
148.929 186.31
149.329 186.81
149.729 187.31
149.729 187.31
149.729 187.31
150.129 187.81
150.129 187.81
150.129 187.81
150.529 188.31
150.529 188.31
150.529 188.31
150.529 188.31
150.929 188.81
150.929 188.81
151.329 189.31
151.329 189.31
151.329 189.31
151.729 189.81
151.729 189.81
151.929 190.06
152.129 190.31
152.129 190.31
152.129 190.31
152.129 190.31
152.529 190.81
152.529 190.81
152.529 190.81
152.929 191.31
152.929 191.31
152.929 191.31
152.929 191.31
153.354 191.842
153.729 192.31
153.729 192.31
153.729 192.31
153.729 192.31
154.129 192.81
154.129 192.81
154.529 193.31
154.529 193.31
154.529 193.31
154.529 193.31
154.929 193.81
154.929 193.81
155.329 194.31
155.329 194.31
155.329 194.31
155.329 194.31
155.329 194.31
155.329 194.31
155.729 194.81
156.129 195.31
156.129 195.31
156.129 195.31
156.529 195.81
156.929 196.31
156.929 196.31
156.929 196.31
156.929 196.31
156.929 196.31
157.329 196.81
157.329 196.81
157.729 197.31
158.129 197.81
158.529 198.31
158.529 198.31
158.929 198.81
159.329 199.31
159.329 199.31
159.329 199.31
160.129 200.31
160.129 200.31
160.129 200.31
160.129 200.31
160.129 200.31
160.529 200.81
160.929 201.31
160.929 201.31
161.729 202.31
161.729 202.31
161.729 202.31
161.729 202.31
161.729 202.31
162.129 202.81
162.529 203.31
162.529 203.31
162.729 203.56
162.929 203.81
162.929 203.81
162.929 203.81
163.329 204.31
163.329 204.31
163.329 204.31
163.329 204.31
163.329 204.31
163.329 204.31
163.729 204.81
163.729 204.81
164.129 205.31
164.529 205.81
164.929 206.31
164.929 206.31
165.329 206.81
165.329 206.81
165.729 207.31
165.729 207.31
165.729 207.31
166.129 207.81
166.129 207.81
166.329 208.06
166.529 208.31
166.529 208.31
166.529 208.31
166.529 208.31
166.929 208.81
166.929 208.81
167.129 209.06
167.329 209.31
167.329 209.31
167.729 209.81
168.129 210.31
168.129 210.31
168.129 210.31
168.129 210.31
168.129 210.31
168.529 210.81
168.529 210.81
168.929 211.31
168.929 211.31
169.329 211.81
169.329 211.81
169.529 212.06
169.529 212.06
169.729 212.31
169.729 212.31
169.729 212.31
169.729 212.31
169.729 212.31
170.129 212.81
170.129 212.81
170.529 213.31
170.529 213.31
170.529 213.31
170.929 213.81
170.929 213.81
171.329 214.31
171.329 214.31
171.329 214.31
171.329 214.31
171.729 214.81
171.729 214.81
171.729 214.81
172.129 215.31
172.129 215.31
172.129 215.31
172.129 215.31
172.129 215.31
172.529 215.81
172.529 215.81
172.929 216.31
172.929 216.31
172.929 216.31
172.929 216.31
172.929 216.31
173.329 216.81
173.729 217.31
173.729 217.31
173.729 217.31
174.529 218.31
174.529 218.31
174.529 218.31
174.529 218.31
174.529 218.31
174.529 218.31
174.929 218.81
175.329 219.31
175.329 219.31
175.329 219.31
175.329 219.31
175.729 219.81
175.729 219.81
175.729 219.81
176.129 220.31
176.129 220.31
176.129 220.31
176.129 220.31
176.529 220.81
176.529 220.81
176.929 221.31
176.929 221.31
176.929 221.31
177.329 221.81
177.329 221.81
177.529 222.06
177.729 222.31
177.729 222.31
177.729 222.31
178.129 222.81
178.129 222.81
178.129 222.81
178.529 223.31
178.529 223.31
178.529 223.31
178.529 223.31
179.329 224.31
179.329 224.31
179.329 224.31
179.729 224.81
179.729 224.81
180.129 225.31
180.129 225.31
180.129 225.31
180.129 225.31
180.529 225.81
180.529 225.81
180.929 226.31
180.929 226.31
180.929 226.31
180.929 226.31
180.929 226.31
181.329 226.81
181.329 226.81
181.729 227.31
181.729 227.31
181.729 227.31
182.129 227.81
182.129 227.81
182.529 228.31
182.529 228.31
182.529 228.31
182.529 228.31
182.929 228.81
182.929 228.81
183.329 229.31
183.729 229.81
184.129 230.31
184.129 230.31
184.529 230.81
184.929 231.31
184.929 231.31
184.929 231.31
185.729 232.31
185.729 232.31
185.729 232.31
185.729 232.31
185.729 232.31
186.129 232.81
186.129 232.81
186.529 233.31
186.529 233.31
186.929 233.81
186.929 233.81
187.329 234.31
187.329 234.31
187.329 234.31
187.329 234.31
187.729 234.81
187.729 234.81
188.129 235.31
188.129 235.31
188.529 235.81
188.929 236.31
188.929 236.31
188.929 236.31
188.929 236.31
189.329 236.81
189.329 236.81
189.729 237.31
190.129 237.81
190.529 238.31
190.929 238.81
191.234 239.192
191.238 239.196
191.241 239.2
192.069 240.235
192.071 240.238
192.081 240.25
192.129 240.31
192.129 240.31
192.129 240.31
192.464 240.729
192.529 240.81
192.929 241.31
192.929 241.31
192.939 241.323
193.329 241.81
193.359 241.848
193.729 242.31
193.774 242.367
194.129 242.81
194.139 242.823
194.589 243.385
195.024 243.929
195.661 244.725
195.798 244.896
195.909 245.035
196.051 245.213
196.821 246.175
196.909 246.285
196.929 246.31
196.929 246.31
196.973 246.365
197.323 246.802
197.719 247.298
198.108 247.783
198.129 247.81
198.489 248.26
198.888 248.758
199.301 249.275
199.329 249.31
199.729 249.81
200.129 250.31
200.129 250.31
200.529 250.81
200.929 251.31
201.729 252.31
201.729 252.31
201.729 252.31
201.729 252.31
202.129 252.81
202.529 253.31
202.929 253.81
203.129 254.06
203.329 254.31
203.329 254.31
203.329 254.31
203.729 254.81
204.129 255.31
204.529 255.81
204.929 256.31
205.329 256.81
205.729 257.31
206.529 258.31
206.529 258.31
206.529 258.31
206.529 258.31
206.929 258.81
207.329 259.31
208.129 260.31
208.129 260.31
208.129 260.31
208.129 260.31
208.529 260.81
208.929 261.31
209.329 261.81
209.729 262.31
209.729 262.31
209.729 262.31
210.129 262.81
210.529 263.31
210.929 263.81
211.329 264.31
212.061 265.225
212.918 266.296
212.919 266.298
212.921 266.3
213.306 266.781
213.734 267.317
214.138 267.821
214.556 268.344
215.023 268.927
215.913 270.04
216.111 270.288
216.174 270.367
216.268 270.483
216.378 270.621
