0.33912 0.610417
0.33912 0.610417
0.616898 1.11042
0.616898 1.11042
0.616898 1.11042
0.894675 1.61042
1.17245 2.11042
1.17245 2.11042
1.17245 2.11042
1.45023 2.61042
1.72801 3.11042
1.72801 3.11042
2.00579 3.61042
2.00579 3.61042
2.00579 3.61042
2.00579 3.61042
2.28356 4.11042
2.28356 4.11042
2.56134 4.61042
2.83912 5.11042
2.83912 5.11042
2.83912 5.11042
3.1169 5.61042
3.1169 5.61042
3.39467 6.11042
3.39467 6.11042
3.39467 6.11042
3.39467 6.11042
3.95023 7.11042
3.95023 7.11042
4.22801 7.61042
4.22801 7.61042
4.22801 7.61042
4.78356 8.61042
4.78356 8.61042
5.06134 9.11042
5.06134 9.11042
5.33912 9.61042
5.61689 10.1104
5.61689 10.1104
5.89467 10.6104
6.17245 11.1104
6.45023 11.6104
6.45023 11.6104
6.45023 11.6104
7.00578 12.6104
7.00578 12.6104
7.28356 13.1104
7.28356 13.1104
7.28356 13.1104
7.28356 13.1104
7.56134 13.6104
7.56134 13.6104
7.83911 14.1104
7.83911 14.1104
7.83911 14.1104
7.83911 14.1104
8.39467 15.1104
8.67245 15.6104
8.67245 15.6104
8.67245 15.6104
8.67245 15.6104
8.95022 16.1104
9.228 16.6104
9.228 16.6104
9.228 16.6104
9.228 16.6104
9.228 16.6104
9.50578 17.1104
9.78356 17.6104
9.78356 17.6104
10.0613 18.1104
10.0613 18.1104
10.0613 18.1104
10.0613 18.1104
10.6169 19.1104
10.6169 19.1104
10.6169 19.1104
10.8947 19.6104
10.8947 19.6104
10.8947 19.6104
11.1724 20.1104
11.1724 20.1104
11.4502 20.6104
11.4502 20.6104
11.728 21.1104
11.728 21.1104
11.728 21.1104
12.0058 21.6104
12.0058 21.6104
12.2836 22.1104
12.2836 22.1104
12.2836 22.1104
12.2836 22.1104
12.2836 22.1104
12.8391 23.1104
12.8391 23.1104
13.1169 23.6104
13.1169 23.6104
13.1169 23.6104
13.1169 23.6104
13.3947 24.1104
13.3947 24.1104
13.6724 24.6104
13.6724 24.6104
14.228 25.6104
14.228 25.6104
14.5058 26.1104
14.7836 26.6104
15.0613 27.1104
15.0613 27.1104
15.0613 27.1104
15.6169 28.1104
15.8947 28.6104
15.8947 28.6104
15.8947 28.6104
15.8947 28.6104
17.2835 31.1104
17.5613 31.6104
17.8391 32.1104
18.1169 32.6104
18.1169 32.6104
18.3947 33.1104
18.3947 33.1104
18.3947 33.1104
18.3947 33.1104
18.6724 33.6104
18.9502 34.1104
18.9502 34.1104
18.9502 34.1104
18.9502 34.1104
19.228 34.6104
19.5058 35.1104
19.5058 35.1104
19.7835 35.6104
19.7835 35.6104
19.7835 35.6104
19.7835 35.6104
20.0613 36.1104
20.0613 36.1104
20.3391 36.6104
20.3391 36.6104
20.6169 37.1104
20.6169 37.1104
20.6169 37.1104
20.6169 37.1104
20.8947 37.6104
21.1724 38.1104
21.1724 38.1104
21.1724 38.1104
21.1724 38.1104
21.1724 38.1104
21.728 39.1104
21.728 39.1104
22.0058 39.6104
22.0058 39.6104
22.0058 39.6104
22.0058 39.6104
22.0058 39.6104
22.2835 40.1104
22.2835 40.1104
22.5613 40.6104
22.5613 40.6104
22.8391 41.1104
22.8391 41.1104
22.8391 41.1104
22.8391 41.1104
23.1169 41.6104
23.3947 42.1104
23.3947 42.1104
23.3947 42.1104
23.3947 42.1104
23.6724 42.6104
23.9502 43.1104
23.9502 43.1104
24.228 43.6104
24.228 43.6104
24.228 43.6104
24.228 43.6104
24.5058 44.1104
24.5058 44.1104
24.7835 44.6104
24.7835 44.6104
25.0613 45.1104
25.0613 45.1104
25.0613 45.1104
25.0613 45.1104
25.3391 45.6104
25.6169 46.1104
25.6169 46.1104
25.6169 46.1104
25.6169 46.1104
25.6169 46.1104
26.1724 47.1104
26.1724 47.1104
26.1724 47.1104
26.4502 47.6104
26.4502 47.6104
26.4502 47.6104
26.4502 47.6104
26.4502 47.6104
26.728 48.1104
26.728 48.1104
27.0058 48.6104
27.0058 48.6104
27.2835 49.1104
27.2835 49.1104
27.2835 49.1104
27.8391 50.1104
27.8391 50.1104
27.8391 50.1104
28.3946 51.1104
28.3946 51.1104
28.6724 51.6104
28.6724 51.6104
28.6724 51.6104
28.9502 52.1104
28.9502 52.1104
29.228 52.6104
29.228 52.6104
29.5058 53.1104
29.5058 53.1104
29.5058 53.1104
29.5058 53.1104
30.0613 54.1104
30.0613 54.1104
30.0613 54.1104
30.0613 54.1104
30.0613 54.1104
30.6169 55.1104
30.6169 55.1104
30.8946 55.6104
30.8946 55.6104
30.8946 55.6104
30.8946 55.6104
30.8946 55.6104
31.1724 56.1104
31.4502 56.6104
31.4502 56.6104
31.4502 56.6104
31.4502 56.6104
31.728 57.1104
32.0058 57.6104
32.0058 57.6104
32.2835 58.1104
32.2835 58.1104
32.2835 58.1104
32.2835 58.1104
32.8391 59.1104
32.8391 59.1104
33.1169 59.6104
33.1169 59.6104
33.1169 59.6104
33.1169 59.6104
33.3946 60.1104
33.3946 60.1104
33.6724 60.6104
33.6724 60.6104
33.9502 61.1104
33.9502 61.1104
33.9502 61.1104
34.228 61.6104
34.228 61.6104
34.5058 62.1104
34.5058 62.1104
34.5058 62.1104
34.5058 62.1104
34.5058 62.1104
35.0613 63.1104
35.0613 63.1104
35.3391 63.6104
35.3391 63.6104
35.3391 63.6104
35.3391 63.6104
35.6169 64.1104
35.6169 64.1104
35.8946 64.6104
35.8946 64.6104
36.1724 65.1104
36.1724 65.1104
36.1724 65.1104
36.1724 65.1104
36.1724 65.1104
36.4502 65.6104
36.4502 65.6104
36.728 66.1104
36.728 66.1104
36.728 66.1104
36.728 66.1104
36.728 66.1104
36.728 66.1104
37.0058 66.6104
37.2835 67.1104
37.2835 67.1104
37.5613 67.6104
37.5613 67.6104
37.5613 67.6104
37.5613 67.6104
37.8391 68.1104
37.8391 68.1104
38.1169 68.6104
38.1169 68.6104
38.3946 69.1104
38.3946 69.1104
38.3946 69.1104
38.3946 69.1104
38.3946 69.1104
38.6724 69.6104
38.6724 69.6104
38.9502 70.1104
38.9502 70.1104
38.9502 70.1104
38.9502 70.1104
38.9502 70.1104
38.9502 70.1104
39.5057 71.1104
39.5057 71.1104
39.7835 71.6104
39.7835 71.6104
39.7835 71.6104
39.7835 71.6104
39.7835 71.6104
40.0613 72.1104
40.0613 72.1104
40.3391 72.6104
40.3391 72.6104
40.6169 73.1104
40.6169 73.1104
40.6169 73.1104
40.6169 73.1104
40.6169 73.1104
40.8946 73.6104
41.1724 74.1104
41.1724 74.1104
41.1724 74.1104
41.1724 74.1104
41.1724 74.1104
41.4502 74.6104
41.728 75.1104
41.728 75.1104
42.0057 75.6104
42.0057 75.6104
42.0057 75.6104
42.0057 75.6104
42.2835 76.1104
42.2835 76.1104
42.5613 76.6104
42.5613 76.6104
42.8391 77.1104
42.8391 77.1104
42.8391 77.1104
42.8391 77.1104
42.8391 77.1104
43.1169 77.6104
43.1169 77.6104
43.3946 78.1104
43.3946 78.1104
43.3946 78.1104
43.3946 78.1104
43.3946 78.1104
43.3946 78.1104
43.9502 79.1104
43.9502 79.1104
43.9502 79.1104
44.228 79.6104
44.228 79.6104
44.228 79.6104
44.228 79.6104
44.228 79.6104
44.5057 80.1104
44.5057 80.1104
44.7835 80.6104
44.7835 80.6104
45.0613 81.1104
45.0613 81.1104
45.0613 81.1104
45.0613 81.1104
45.3391 81.6104
45.6169 82.1104
45.6169 82.1104
45.6169 82.1104
45.6169 82.1104
46.1724 83.1104
46.1724 83.1104
46.4502 83.6104
46.4502 83.6104
46.4502 83.6104
46.728 84.1104
46.728 84.1104
47.0057 84.6104
47.0057 84.6104
47.0057 84.6104
47.2835 85.1104
47.2835 85.1104
47.2835 85.1104
47.2835 85.1104
47.5613 85.6104
47.8391 86.1104
47.8391 86.1104
47.8391 86.1104
47.8391 86.1104
47.8391 86.1104
47.8391 86.1104
47.8391 86.1104
48.3946 87.1104
48.3946 87.1104
48.6724 87.6104
48.6724 87.6104
48.6724 87.6104
48.6724 87.6104
48.6724 87.6104
48.9502 88.1104
48.9502 88.1104
49.228 88.6104
49.228 88.6104
49.228 88.6104
49.228 88.6104
49.5057 89.1104
49.5057 89.1104
49.7835 89.6104
49.7835 89.6104
50.0613 90.1104
50.0613 90.1104
50.0613 90.1104
50.0613 90.1104
50.0613 90.1104
50.6168 91.1104
50.6168 91.1104
50.8946 91.6104
50.8946 91.6104
50.8946 91.6104
50.8946 91.6104
51.1724 92.1104
51.1724 92.1104
51.4502 92.6104
51.4502 92.6104
51.728 93.1104
51.728 93.1104
51.728 93.1104
52.0057 93.6104
52.0057 93.6104
52.2835 94.1104
52.2835 94.1104
52.2835 94.1104
52.2835 94.1104
52.2835 94.1104
52.2835 94.1104
52.2835 94.1104
52.8391 95.1104
53.1168 95.6104
53.1168 95.6104
53.1168 95.6104
53.3946 96.1104
53.6724 96.6104
53.6724 96.6104
53.6724 96.6104
53.9502 97.1104
54.0891 97.3604
54.228 97.6104
54.228 97.6104
54.228 97.6104
54.228 97.6104
54.5057 98.1104
54.5057 98.1104
54.6446 98.3604
54.7835 98.6104
54.7835 98.6104
55.0613 99.1104
55.0613 99.1104
55.3391 99.6104
55.3391 99.6104
55.3391 99.6104
55.6168 100.11
55.6168 100.11
55.8946 100.61
55.8946 100.61
56.1724 101.11
56.4502 101.61
56.4502 101.61
56.4502 101.61
56.4502 101.61
56.728 102.11
56.728 102.11
57.0057 102.61
57.2835 103.11
57.2835 103.11
57.2835 103.11
57.5613 103.61
57.5613 103.61
57.5613 103.61
57.8391 104.11
58.1168 104.61
58.1168 104.61
58.1168 104.61
58.3946 105.11
58.5335 105.36
58.6724 105.61
58.6724 105.61
58.6724 105.61
58.6724 105.61
58.9502 106.11
59.0891 106.36
59.228 106.61
59.228 106.61
59.5057 107.11
59.5057 107.11
59.7835 107.61
59.7835 107.61
59.7835 107.61
60.0613 108.11
60.0613 108.11
60.0613 108.11
60.3391 108.61
60.3391 108.61
60.6168 109.11
60.8946 109.61
60.8946 109.61
60.8946 109.61
61.1724 110.11
61.1724 110.11
61.4502 110.61
61.7279 111.11
61.7279 111.11
61.7279 111.11
62.0057 111.61
62.0057 111.61
62.0057 111.61
62.2835 112.11
62.5613 112.61
62.5613 112.61
62.5613 112.61
62.5613 112.61
62.8391 113.11
62.9779 113.36
63.1168 113.61
63.1168 113.61
63.1168 113.61
63.3946 114.11
63.5335 114.36
63.6724 114.61
63.6724 114.61
63.9502 115.11
63.9502 115.11
63.9502 115.11
64.2279 115.61
64.2279 115.61
64.2279 115.61
64.2279 115.61
64.5057 116.11
64.5057 116.11
64.5057 116.11
64.7835 116.61
64.7835 116.61
65.0613 117.11
65.0613 117.11
65.3391 117.61
65.3391 117.61
65.3391 117.61
65.3391 117.61
65.6168 118.11
65.6168 118.11
65.8946 118.61
66.1724 119.11
66.1724 119.11
66.1724 119.11
66.4502 119.61
66.4502 119.61
66.4502 119.61
66.4502 119.61
66.4502 119.61
66.7279 120.11
67.0057 120.61
67.0057 120.61
67.0057 120.61
67.2835 121.11
67.2835 121.11
67.5613 121.61
67.5613 121.61
67.5613 121.61
67.8391 122.11
67.8391 122.11
67.8391 122.11
68.1168 122.61
68.3946 123.11
68.3946 123.11
68.6724 123.61
68.6724 123.61
68.6724 123.61
68.9502 124.11
68.9502 124.11
69.2279 124.61
69.2279 124.61
69.5057 125.11
69.5057 125.11
69.5057 125.11
69.7835 125.61
69.7835 125.61
69.7835 125.61
69.7835 125.61
70.0613 126.11
70.0613 126.11
70.0613 126.11
70.3391 126.61
70.3391 126.61
70.3391 126.61
70.3391 126.61
70.6168 127.11
70.6168 127.11
70.8946 127.61
70.8946 127.61
70.8946 127.61
70.8946 127.61
71.1724 128.11
71.1724 128.11
71.4502 128.61
71.4502 128.61
71.4502 128.61
71.7279 129.11
71.8668 129.36
72.0057 129.61
72.0057 129.61
72.0057 129.61
72.0057 129.61
72.2835 130.11
72.2835 130.11
72.4224 130.36
72.5613 130.61
72.5613 130.61
72.839 131.11
72.839 131.11
73.1168 131.61
73.1168 131.61
73.1168 131.61
73.3946 132.11
73.3946 132.11
73.6724 132.61
73.6724 132.61
73.9502 133.11
74.2279 133.61
74.2279 133.61
74.2279 133.61
74.2279 133.61
74.5057 134.11
74.5057 134.11
74.7835 134.61
75.0613 135.11
75.0613 135.11
75.0613 135.11
75.339 135.61
75.339 135.61
75.339 135.61
75.6168 136.11
75.8946 136.61
75.8946 136.61
75.8946 136.61
76.1724 137.11
76.3113 137.36
76.4502 137.61
76.4502 137.61
76.4502 137.61
76.4502 137.61
76.7279 138.11
76.8668 138.36
77.0057 138.61
77.0057 138.61
77.2835 139.11
77.2835 139.11
77.5613 139.61
77.5613 139.61
77.5613 139.61
77.839 140.11
77.839 140.11
77.839 140.11
78.1168 140.61
78.1168 140.61
78.3946 141.11
78.6724 141.61
78.6724 141.61
78.6724 141.61
78.9502 142.11
78.9502 142.11
79.2279 142.61
79.5057 143.11
79.5057 143.11
79.5057 143.11
79.7835 143.61
79.7835 143.61
79.7835 143.61
80.0613 144.11
80.339 144.61
80.339 144.61
80.339 144.61
80.339 144.61
80.6168 145.11
80.7557 145.36
80.8946 145.61
80.8946 145.61
80.8946 145.61
81.1724 146.11
81.3113 146.36
81.4502 146.61
81.4502 146.61
81.7279 147.11
81.7279 147.11
81.7279 147.11
82.0057 147.61
82.0057 147.61
82.0057 147.61
82.0057 147.61
82.2835 148.11
82.2835 148.11
82.2835 148.11
82.5613 148.61
82.5613 148.61
82.839 149.11
82.839 149.11
83.1168 149.61
83.1168 149.61
83.1168 149.61
83.1168 149.61
83.3946 150.11
83.3946 150.11
83.6724 150.61
83.9501 151.11
83.9501 151.11
83.9501 151.11
84.2279 151.61
84.2279 151.61
84.2279 151.61
84.2279 151.61
84.2279 151.61
84.5057 152.11
84.7835 152.61
84.7835 152.61
84.7835 152.61
85.0613 153.11
85.0613 153.11
85.339 153.61
85.339 153.61
85.339 153.61
85.6168 154.11
85.6168 154.11
85.6168 154.11
85.8946 154.61
86.1724 155.11
86.1724 155.11
86.4501 155.61
86.4501 155.61
86.4501 155.61
86.7279 156.11
86.7279 156.11
87.0057 156.61
87.0057 156.61
87.2835 157.11
87.2835 157.11
87.5613 157.61
87.5613 157.61
87.5613 157.61
87.5613 157.61
87.839 158.11
87.839 158.11
87.839 158.11
88.1168 158.61
88.1168 158.61
88.1168 158.61
88.3946 159.11
88.3946 159.11
88.6724 159.61
88.6724 159.61
88.6724 159.61
88.6724 159.61
88.6724 159.61
88.9501 160.11
88.9501 160.11
88.9501 160.11
88.9501 160.11
89.089 160.36
89.2279 160.61
89.2279 160.61
89.2279 160.61
89.2279 160.61
89.7835 161.61
89.7835 161.61
89.7835 161.61
89.7835 161.61
90.339 162.61
90.339 162.61
90.6168 163.11
90.6168 163.11
90.8946 163.61
90.8946 163.61
90.8946 163.61
90.8946 163.61
91.1724 164.11
91.1724 164.11
91.1724 164.11
91.4501 164.61
91.4501 164.61
91.7279 165.11
92.0057 165.61
92.0057 165.61
92.0057 165.61
92.0057 165.61
92.5613 166.61
92.5613 166.61
92.839 167.11
93.1168 167.61
93.1168 167.61
93.1168 167.61
93.1168 167.61
93.1168 167.61
93.3946 168.11
93.6724 168.61
93.6724 168.61
93.6724 168.61
93.6724 168.61
93.6724 168.61
94.2279 169.61
94.2279 169.61
94.2279 169.61
94.7835 170.61
94.7835 170.61
95.0612 171.11
95.0612 171.11
95.0612 171.11
95.0612 171.11
95.0612 171.11
95.339 171.61
95.339 171.61
95.6168 172.11
95.6168 172.11
95.8946 172.61
95.8946 172.61
95.8946 172.61
95.8946 172.61
96.1724 173.11
96.4501 173.61
96.4501 173.61
96.4501 173.61
96.4501 173.61
96.7279 174.11
96.7279 174.11
96.7279 174.11
97.0057 174.61
97.2835 175.11
97.2835 175.11
97.2835 175.11
97.2835 175.11
97.5612 175.61
97.839 176.11
98.1168 176.61
98.1168 176.61
98.1168 176.61
98.1168 176.61
98.6724 177.61
98.6724 177.61
98.6724 177.61
98.9501 178.11
98.9501 178.11
99.2279 178.61
99.5057 179.11
99.5057 179.11
99.5057 179.11
99.7835 179.61
99.7835 179.61
100.061 180.11
100.061 180.11
100.061 180.11
100.061 180.11
100.339 180.61
100.339 180.61
100.339 180.61
100.895 181.61
100.895 181.61
100.895 181.61
100.895 181.61
101.172 182.11
101.172 182.11
101.172 182.11
101.45 182.61
101.728 183.11
101.728 183.11
101.728 183.11
101.728 183.11
102.006 183.61
102.283 184.11
102.561 184.61
102.561 184.61
102.561 184.61
102.561 184.61
103.117 185.61
103.117 185.61
103.117 185.61
103.395 186.11
103.395 186.11
103.395 186.11
103.95 187.11
104.228 187.61
104.228 187.61
104.228 187.61
104.506 188.11
104.783 188.61
104.783 188.61
104.783 188.61
104.783 188.61
104.783 188.61
105.061 189.11
105.339 189.61
105.339 189.61
105.339 189.61
105.617 190.11
105.617 190.11
105.617 190.11
105.617 190.11
106.172 191.11
106.172 191.11
106.172 191.11
106.172 191.11
106.45 191.61
106.728 192.11
107.006 192.61
107.006 192.61
107.283 193.11
107.283 193.11
107.283 193.11
107.283 193.11
107.283 193.11
107.561 193.61
107.561 193.61
107.839 194.11
107.839 194.11
107.839 194.11
107.839 194.11
107.839 194.11
107.839 194.11
108.117 194.61
108.395 195.11
108.395 195.11
108.672 195.61
108.672 195.61
108.672 195.61
108.672 195.61
108.95 196.11
108.95 196.11
109.228 196.61
109.228 196.61
109.506 197.11
109.506 197.11
109.506 197.11
109.506 197.11
109.506 197.11
109.783 197.61
109.783 197.61
110.061 198.11
110.061 198.11
110.061 198.11
110.061 198.11
110.061 198.11
110.061 198.11
110.617 199.11
110.617 199.11
110.895 199.61
110.895 199.61
110.895 199.61
110.895 199.61
110.895 199.61
111.172 200.11
111.172 200.11
111.45 200.61
111.45 200.61
111.728 201.11
111.728 201.11
111.728 201.11
111.728 201.11
111.728 201.11
112.006 201.61
112.283 202.11
112.283 202.11
112.283 202.11
112.283 202.11
112.283 202.11
112.561 202.61
112.839 203.11
112.839 203.11
113.117 203.61
113.117 203.61
113.117 203.61
113.117 203.61
113.395 204.11
113.395 204.11
113.672 204.61
113.672 204.61
113.95 205.11
113.95 205.11
113.95 205.11
113.95 205.11
113.95 205.11
114.228 205.61
114.228 205.61
114.506 206.11
114.506 206.11
114.506 206.11
114.506 206.11
114.506 206.11
114.506 206.11
115.061 207.11
115.061 207.11
115.061 207.11
115.339 207.61
115.339 207.61
115.339 207.61
115.339 207.61
115.339 207.61
115.617 208.11
115.617 208.11
115.895 208.61
115.895 208.61
116.172 209.11
116.172 209.11
116.172 209.11
116.172 209.11
116.45 209.61
116.728 210.11
116.728 210.11
116.728 210.11
116.728 210.11
117.283 211.11
117.283 211.11
117.561 211.61
117.561 211.61
117.561 211.61
117.839 212.11
117.839 212.11
118.117 212.61
118.117 212.61
118.117 212.61
118.395 213.11
118.395 213.11
118.395 213.11
118.395 213.11
118.672 213.61
118.95 214.11
118.95 214.11
118.95 214.11
118.95 214.11
118.95 214.11
118.95 214.11
118.95 214.11
119.506 215.11
119.506 215.11
119.783 215.61
119.783 215.61
119.783 215.61
119.783 215.61
119.783 215.61
120.061 216.11
120.061 216.11
120.339 216.61
120.339 216.61
120.339 216.61
120.339 216.61
120.617 217.11
120.617 217.11
120.895 217.61
120.895 217.61
121.172 218.11
121.172 218.11
121.172 218.11
121.172 218.11
121.172 218.11
121.728 219.11
121.728 219.11
122.006 219.61
122.006 219.61
122.006 219.61
122.006 219.61
122.283 220.11
122.283 220.11
122.561 220.61
122.561 220.61
122.839 221.11
122.839 221.11
122.839 221.11
123.117 221.61
123.117 221.61
123.395 222.11
123.395 222.11
123.395 222.11
123.395 222.11
123.395 222.11
123.395 222.11
123.395 222.11
123.95 223.11
124.228 223.61
124.228 223.61
124.228 223.61
124.506 224.11
124.634 224.342
124.701 224.463
124.749 224.548
124.759 224.567
124.783 224.61
125.005 225.008
125.292 225.525
125.339 225.61
125.57 226.027
125.576 226.037
125.577 226.04
125.617 226.11
125.895 226.61
125.895 226.61
126.172 227.11
126.864 228.356
126.918 228.452
126.981 228.567
126.988 228.579
127.005 228.608
127.006 228.61
127.006 228.61
127.006 228.61
127.246 229.044
127.503 229.506
127.561 229.61
127.774 229.994
127.78 230.004
127.786 230.015
127.839 230.11
128.395 231.11
129.058 232.304
129.13 232.433
129.193 232.548
129.209 232.577
129.228 232.61
129.228 232.61
129.231 232.617
129.467 233.042
129.738 233.529
129.783 233.61
130.031 234.056
130.031 234.056
130.038 234.069
130.061 234.11
130.339 234.61
130.617 235.11
131.172 236.11
131.419 236.554
131.42 236.556
131.425 236.565
131.45 236.61
131.45 236.61
131.691 237.044
131.962 237.531
132.006 237.61
132.006 237.61
132.238 238.029
132.25 238.05
132.283 238.11
132.48 238.465
132.561 238.61
132.561 238.61
132.803 239.046
132.805 239.05
132.808 239.054
132.812 239.063
132.839 239.11
133.117 239.61
133.117 239.61
133.375 240.075
133.395 240.11
133.395 240.11
133.396 240.113
133.618 240.513
133.672 240.61
133.672 240.61
133.672 240.61
133.891 241.004
134.157 241.483
134.228 241.61
134.457 242.023
134.459 242.027
134.462 242.031
134.506 242.11
135.01 243.019
135.016 243.029
135.617 244.11
135.709 244.277
135.767 244.381
135.858 244.544
135.862 244.552
135.895 244.61
135.895 244.61
136.125 245.025
136.382 245.488
136.45 245.61
136.661 245.99
136.667 246
136.728 246.11
136.935 246.483
137.006 246.61
137.006 246.61
137.253 247.056
137.256 247.06
137.561 247.61
138.07 248.527
138.075 248.535
138.081 248.546
138.104 248.588
138.117 248.61
138.117 248.61
138.369 249.065
138.629 249.533
138.907 250.033
138.908 250.035
138.914 250.046
138.92 250.056
139.161 250.49
139.228 250.61
139.465 251.037
139.466 251.04
139.469 251.044
139.471 251.048
139.745 251.542
140.048 252.088
140.312 252.562
140.315 252.567
140.316 252.569
140.318 252.573
140.32 252.577
140.322 252.579
140.339 252.61
140.339 252.61
140.575 253.035
140.577 253.04
140.58 253.044
140.582 253.048
140.583 253.05
140.586 253.054
140.617 253.11
140.617 253.11
140.852 253.533
140.854 253.538
140.855 253.54
140.857 253.544
140.862 253.552
140.864 253.556
140.895 253.61
140.895 253.61
141.95 255.51
141.984 255.571
142.014 255.625
142.016 255.629
142.018 255.633
142.026 255.648
142.043 255.677
142.058 255.704
142.075 255.735
142.098 255.777
142.124 255.823
142.146 255.863
142.168 255.902
142.19 255.942
142.214 255.985
142.237 256.027
142.259 256.067
142.285 256.113
142.311 256.16
142.344 256.219
142.371 256.269
142.407 256.333
142.561 256.61
142.561 256.61
142.561 256.61
142.561 256.61
142.561 256.61
142.561 256.61
142.978 257.36
143.117 257.61
143.117 257.61
143.117 257.61
143.117 257.61
143.395 258.11
143.533 258.36
143.533 258.36
143.533 258.36
143.533 258.36
143.672 258.61
143.672 258.61
143.95 259.11
143.95 259.11
143.95 259.11
143.95 259.11
144.506 260.11
144.506 260.11
144.506 260.11
144.506 260.11
144.783 260.61
144.783 260.61
144.783 260.61
144.783 260.61
144.783 260.61
145.339 261.61
145.339 261.61
145.339 261.61
145.339 261.61
145.617 262.11
145.756 262.36
145.756 262.36
145.756 262.36
145.756 262.36
145.895 262.61
146.172 263.11
146.172 263.11
146.172 263.11
146.172 263.11
146.172 263.11
146.172 263.11
146.45 263.61
146.45 263.61
146.728 264.11
146.728 264.11
147.006 264.61
147.006 264.61
147.006 264.61
147.006 264.61
147.006 264.61
147.422 265.36
147.561 265.61
147.561 265.61
147.561 265.61
147.561 265.61
147.978 266.36
147.978 266.36
147.978 266.36
147.978 266.36
148.117 266.61
148.117 266.61
148.395 267.11
148.395 267.11
148.395 267.11
148.395 267.11
148.672 267.61
148.95 268.11
148.95 268.11
148.95 268.11
149.228 268.61
149.228 268.61
149.228 268.61
149.228 268.61
149.228 268.61
149.783 269.61
149.783 269.61
149.783 269.61
149.783 269.61
150.061 270.11
150.2 270.36
150.2 270.36
150.2 270.36
150.2 270.36
150.339 270.61
150.617 271.11
150.617 271.11
150.617 271.11
150.617 271.11
150.617 271.11
150.895 271.61
150.895 271.61
151.172 272.11
151.45 272.61
151.45 272.61
151.45 272.61
151.45 272.61
151.45 272.61
151.45 272.61
151.867 273.36
152.006 273.61
152.006 273.61
152.006 273.61
152.006 273.61
152.422 274.36
152.422 274.36
152.422 274.36
152.422 274.36
152.422 274.36
152.561 274.61
152.561 274.61
152.839 275.11
152.839 275.11
152.839 275.11
152.839 275.11
152.839 275.11
152.839 275.11
153.117 275.61
153.117 275.61
153.395 276.11
153.395 276.11
153.395 276.11
153.395 276.11
153.395 276.11
153.395 276.11
153.672 276.61
153.672 276.61
153.95 277.11
154.228 277.61
154.228 277.61
154.228 277.61
154.228 277.61
154.506 278.11
154.645 278.36
154.645 278.36
154.645 278.36
154.783 278.61
155.061 279.11
155.061 279.11
155.061 279.11
155.061 279.11
155.061 279.11
155.339 279.61
155.339 279.61
155.339 279.61
155.617 280.11
155.617 280.11
155.895 280.61
155.895 280.61
155.895 280.61
155.895 280.61
155.895 280.61
155.895 280.61
156.172 281.11
156.45 281.61
156.45 281.61
156.45 281.61
156.45 281.61
156.45 281.61
156.728 282.11
156.728 282.11
156.867 282.36
156.867 282.36
156.867 282.36
156.867 282.36
157.006 282.61
157.283 283.11
157.283 283.11
157.283 283.11
157.283 283.11
157.283 283.11
157.561 283.61
157.839 284.11
157.839 284.11
157.839 284.11
157.839 284.11
157.839 284.11
158.117 284.61
158.117 284.61
158.117 284.61
158.117 284.61
158.117 284.61
158.395 285.11
158.395 285.11
158.672 285.61
158.672 285.61
158.672 285.61
158.672 285.61
158.672 285.61
158.95 286.11
158.95 286.11
159.089 286.36
159.089 286.36
159.089 286.36
159.089 286.36
159.228 286.61
159.228 286.61
159.506 287.11
159.506 287.11
159.506 287.11
159.506 287.11
159.506 287.11
159.783 287.61
159.783 287.61
160.061 288.11
160.061 288.11
160.061 288.11
160.061 288.11
160.061 288.11
160.339 288.61
160.339 288.61
160.339 288.61
160.339 288.61
160.339 288.61
160.339 288.61
160.756 289.36
160.895 289.61
160.895 289.61
160.895 289.61
160.895 289.61
161.172 290.11
161.311 290.36
161.311 290.36
161.311 290.36
161.311 290.36
161.45 290.61
161.45 290.61
161.728 291.11
161.728 291.11
161.728 291.11
161.728 291.11
162.283 292.11
162.283 292.11
162.283 292.11
162.283 292.11
162.561 292.61
162.561 292.61
162.561 292.61
162.561 292.61
162.561 292.61
163.117 293.61
163.117 293.61
163.117 293.61
163.117 293.61
163.395 294.11
163.533 294.36
163.533 294.36
163.533 294.36
163.533 294.36
163.672 294.61
163.95 295.11
163.95 295.11
163.95 295.11
163.95 295.11
163.95 295.11
163.95 295.11
164.228 295.61
164.228 295.61
164.506 296.11
164.506 296.11
164.783 296.61
164.783 296.61
164.783 296.61
164.783 296.61
164.783 296.61
165.2 297.36
165.339 297.61
165.339 297.61
165.339 297.61
165.339 297.61
165.756 298.36
165.756 298.36
165.756 298.36
165.756 298.36
165.895 298.61
165.895 298.61
166.172 299.11
166.172 299.11
166.172 299.11
166.172 299.11
166.45 299.61
166.728 300.11
166.728 300.11
166.728 300.11
167.006 300.61
167.006 300.61
167.006 300.61
167.006 300.61
167.006 300.61
167.561 301.61
167.561 301.61
167.561 301.61
167.561 301.61
167.839 302.11
167.978 302.36
167.978 302.36
167.978 302.36
167.978 302.36
168.117 302.61
168.395 303.11
168.395 303.11
168.395 303.11
168.395 303.11
168.395 303.11
168.672 303.61
168.672 303.61
168.95 304.11
169.228 304.61
169.228 304.61
169.228 304.61
169.228 304.61
169.228 304.61
169.228 304.61
169.645 305.36
169.783 305.61
169.783 305.61
169.783 305.61
169.783 305.61
170.2 306.36
170.2 306.36
170.2 306.36
170.2 306.36
170.2 306.36
170.339 306.61
170.339 306.61
170.617 307.11
170.617 307.11
170.617 307.11
170.617 307.11
170.617 307.11
170.617 307.11
170.895 307.61
170.895 307.61
171.172 308.11
171.172 308.11
171.172 308.11
171.172 308.11
171.172 308.11
171.172 308.11
171.45 308.61
171.45 308.61
171.728 309.11
172.006 309.61
172.006 309.61
172.006 309.61
172.006 309.61
172.283 310.11
172.422 310.36
172.422 310.36
172.422 310.36
172.561 310.61
172.839 311.11
172.839 311.11
172.839 311.11
172.839 311.11
172.839 311.11
173.117 311.61
173.117 311.61
173.117 311.61
173.395 312.11
173.395 312.11
173.672 312.61
173.672 312.61
173.672 312.61
173.672 312.61
173.672 312.61
173.672 312.61
173.95 313.11
174.228 313.61
174.228 313.61
174.228 313.61
174.228 313.61
174.228 313.61
174.506 314.11
174.506 314.11
174.645 314.36
174.645 314.36
174.645 314.36
174.645 314.36
174.783 314.61
175.061 315.11
175.061 315.11
175.061 315.11
175.061 315.11
175.061 315.11
175.339 315.61
175.617 316.11
175.617 316.11
175.617 316.11
175.617 316.11
175.617 316.11
175.895 316.61
175.895 316.61
175.895 316.61
175.895 316.61
175.895 316.61
176.172 317.11
176.45 317.61
176.45 317.61
176.45 317.61
176.45 317.61
176.45 317.61
176.728 318.11
176.728 318.11
176.867 318.36
176.867 318.36
176.867 318.36
176.867 318.36
177.006 318.61
177.283 319.11
177.283 319.11
177.283 319.11
177.283 319.11
177.283 319.11
177.561 319.61
177.561 319.61
177.561 319.61
177.839 320.11
177.839 320.11
177.839 320.11
177.839 320.11
177.839 320.11
177.839 320.11
178.043 320.477
178.045 320.481
178.047 320.485
178.091 320.565
178.096 320.573
178.346 321.023
178.651 321.573
178.904 322.027
179.207 322.573
179.216 322.59
179.89 323.802
180.075 324.135
180.326 324.587
180.327 324.59
180.339 324.61
182.386 328.296
182.435 328.383
182.494 328.49
182.499 328.498
182.521 328.538
182.536 328.565
182.552 328.594
182.573 328.631
183.109 329.596
183.405 330.129
183.903 331.025
183.942 331.096
184.179 331.523
184.498 332.096
184.581 332.246
184.66 332.387
184.704 332.467
184.715 332.488
184.724 332.504
184.73 332.515
184.734 332.521
184.767 332.581
186.743 336.137
186.959 336.527
186.987 336.577
187.928 338.271
188.648 339.567
189.543 341.177
190.04 342.073
190.113 342.204
190.161 342.29
190.214 342.385
190.251 342.452
190.352 342.633
190.359 342.646
190.462 342.831
190.603 343.085
190.853 343.535
191.075 343.935
191.296 344.333
191.522 344.74
191.767 345.181
192.07 345.727
192.478 346.46
192.479 346.462
193.136 347.646
193.201 347.762
194.143 349.458
194.18 349.525
