1.63651 2.07292
1.64144 2.07917
2.03124 2.57292
2.42598 3.07292
2.42598 3.07292
2.43091 3.07917
2.82071 3.57292
2.82565 3.57917
3.21545 4.07292
3.21545 4.07292
3.61019 4.57292
4.00492 5.07292
4.00492 5.07292
4.39966 5.57292
4.79439 6.07292
4.79933 6.07917
5.18913 6.57292
5.58386 7.07292
5.5888 7.07917
5.9786 7.57292
5.98353 7.57917
6.37333 8.07292
6.76807 8.57292
7.1628 9.07292
7.55754 9.57292
7.95721 10.0792
7.95721 10.0792
7.95721 10.0792
7.95721 10.0792
8.35195 10.5792
8.35195 10.5792
8.74668 11.0792
8.74668 11.0792
8.74668 11.0792
9.14142 11.5792
9.14142 11.5792
9.14142 11.5792
9.93089 12.5792
9.93089 12.5792
10.3256 13.0792
10.3256 13.0792
10.7204 13.5792
10.7204 13.5792
11.1151 14.0792
11.1151 14.0792
11.1151 14.0792
11.1151 14.0792
11.5098 14.5792
11.9046 15.0792
11.9046 15.0792
12.2993 15.5792
12.2993 15.5792
12.2993 15.5792
12.694 16.0792
13.0888 16.5792
13.0888 16.5792
13.4835 17.0792
13.4835 17.0792
13.8782 17.5792
14.273 18.0792
14.273 18.0792
14.6677 18.5792
14.6677 18.5792
15.0624 19.0792
15.0624 19.0792
15.4572 19.5792
15.4572 19.5792
15.8519 20.0792
16.2467 20.5792
16.2467 20.5792
16.6414 21.0792
17.0361 21.5792
17.0361 21.5792
17.2335 21.8292
17.4309 22.0792
17.4309 22.0792
17.4309 22.0792
17.8256 22.5792
18.2203 23.0792
18.2203 23.0792
18.6151 23.5792
18.6151 23.5792
19.4045 24.5792
19.7993 25.0792
20.194 25.5792
20.5887 26.0792
20.5887 26.0792
20.5887 26.0792
20.9835 26.5792
21.3782 27.0792
21.3782 27.0792
21.773 27.5792
21.773 27.5792
21.773 27.5792
22.1677 28.0792
22.5624 28.5792
22.5624 28.5792
22.9572 29.0792
23.3519 29.5792
23.3519 29.5792
23.5493 29.8292
23.7466 30.0792
23.7466 30.0792
23.7466 30.0792
23.7466 30.0792
24.1414 30.5792
24.1414 30.5792
24.3387 30.8292
24.5361 31.0792
24.5361 31.0792
24.9308 31.5792
24.9308 31.5792
25.1282 31.8292
25.3256 32.0792
25.7203 32.5792
25.7203 32.5792
25.9177 32.8292
26.115 33.0792
26.115 33.0792
26.5098 33.5792
26.7071 33.8292
26.9045 34.0792
26.9045 34.0792
26.9045 34.0792
26.9045 34.0792
27.2992 34.5792
27.694 35.0792
27.694 35.0792
28.0887 35.5792
28.4835 36.0792
28.8782 36.5792
29.2729 37.0792
29.2729 37.0792
29.2729 37.0792
29.6677 37.5792
30.0624 38.0792
30.0624 38.0792
30.0624 38.0792
30.0624 38.0792
30.0624 38.0792
30.4571 38.5792
30.4571 38.5792
30.4571 38.5792
30.4571 38.5792
30.8519 39.0792
30.8519 39.0792
30.8519 39.0792
30.8519 39.0792
30.8519 39.0792
30.8519 39.0792
31.2466 39.5792
31.2466 39.5792
31.2466 39.5792
31.2466 39.5792
31.2466 39.5792
31.2466 39.5792
31.6413 40.0792
31.6413 40.0792
31.6413 40.0792
31.6413 40.0792
31.6413 40.0792
32.0361 40.5792
32.2334 40.8292
32.4308 41.0792
32.4308 41.0792
32.4308 41.0792
32.8255 41.5792
33.0229 41.8292
33.0229 41.8292
33.0229 41.8292
33.2203 42.0792
33.4176 42.3292
33.615 42.5792
33.8124 42.8292
34.0098 43.0792
34.0098 43.0792
34.0098 43.0792
34.0098 43.0792
34.2071 43.3292
34.2071 43.3292
34.4045 43.5792
34.7992 44.0792
34.7992 44.0792
34.7992 44.0792
34.7992 44.0792
35.194 44.5792
35.5887 45.0792
35.5887 45.0792
35.9834 45.5792
36.1808 45.8292
36.1808 45.8292
36.3782 46.0792
36.5755 46.3292
36.7729 46.5792
36.9703 46.8292
37.1676 47.0792
37.1676 47.0792
37.1676 47.0792
37.1676 47.0792
37.365 47.3292
37.365 47.3292
37.5624 47.5792
37.7597 47.8292
37.9571 48.0792
37.9571 48.0792
37.9571 48.0792
37.9571 48.0792
37.9571 48.0792
38.3518 48.5792
38.3518 48.5792
38.5492 48.8292
38.7466 49.0792
38.7466 49.0792
38.7466 49.0792
39.1413 49.5792
39.1413 49.5792
39.3387 49.8292
39.536 50.0792
39.536 50.0792
39.9308 50.5792
39.9308 50.5792
40.1282 50.8292
40.3255 51.0792
40.3255 51.0792
40.3255 51.0792
40.7203 51.5792
40.7203 51.5792
41.115 52.0792
41.115 52.0792
41.115 52.0792
41.115 52.0792
41.5097 52.5792
41.5097 52.5792
41.7071 52.8292
41.9045 53.0792
41.9045 53.0792
41.9045 53.0792
42.2992 53.5792
42.2992 53.5792
42.4966 53.8292
42.6939 54.0792
42.6939 54.0792
42.8913 54.3292
43.0887 54.5792
43.0887 54.5792
43.4834 55.0792
43.4834 55.0792
43.4834 55.0792
43.8781 55.5792
43.8781 55.5792
44.2729 56.0792
44.2729 56.0792
44.2729 56.0792
44.2729 56.0792
44.6676 56.5792
44.6676 56.5792
44.865 56.8292
45.0623 57.0792
45.0623 57.0792
45.0623 57.0792
45.4571 57.5792
45.4571 57.5792
45.8518 58.0792
45.8518 58.0792
45.8518 58.0792
46.2466 58.5792
46.2466 58.5792
46.4439 58.8292
46.6413 59.0792
46.6413 59.0792
46.6413 59.0792
46.6413 59.0792
47.036 59.5792
47.036 59.5792
47.4308 60.0792
47.4308 60.0792
47.4308 60.0792
47.8255 60.5792
47.8255 60.5792
48.0229 60.8292
48.2202 61.0792
48.2202 61.0792
48.2202 61.0792
48.2202 61.0792
48.615 61.5792
48.615 61.5792
49.0097 62.0792
49.0097 62.0792
49.0097 62.0792
49.0097 62.0792
49.4044 62.5792
49.4044 62.5792
49.6018 62.8292
49.6018 62.8292
49.7992 63.0792
49.7992 63.0792
49.9965 63.3292
50.1939 63.5792
50.1939 63.5792
50.5886 64.0792
50.5886 64.0792
50.5886 64.0792
50.5886 64.0792
50.5886 64.0792
50.9834 64.5792
51.1807 64.8292
51.3781 65.0792
51.3781 65.0792
51.3781 65.0792
51.7729 65.5792
51.7729 65.5792
52.1676 66.0792
52.1676 66.0792
52.1676 66.0792
52.5623 66.5792
52.9571 67.0792
53.1544 67.3292
53.3518 67.5792
53.7465 68.0792
53.7465 68.0792
53.7465 68.0792
53.7465 68.0792
54.1413 68.5792
54.3386 68.8292
54.536 69.0792
54.536 69.0792
54.536 69.0792
54.9307 69.5792
54.9307 69.5792
55.3255 70.0792
55.3255 70.0792
55.3255 70.0792
55.3255 70.0792
55.7202 70.5792
55.7202 70.5792
55.9176 70.8292
56.1149 71.0792
56.1149 71.0792
56.1149 71.0792
56.3123 71.3292
56.5097 71.5792
56.5097 71.5792
56.9044 72.0792
56.9044 72.0792
56.9044 72.0792
57.2991 72.5792
57.4965 72.8292
57.6939 73.0792
57.6939 73.0792
57.6939 73.0792
58.0886 73.5792
58.0886 73.5792
58.4834 74.0792
58.4834 74.0792
58.4834 74.0792
58.4834 74.0792
58.8781 74.5792
59.2728 75.0792
59.2728 75.0792
60.0623 76.0792
60.0623 76.0792
60.0623 76.0792
60.0623 76.0792
60.457 76.5792
60.6544 76.8292
60.8518 77.0792
60.8518 77.0792
60.8518 77.0792
60.8518 77.0792
61.2465 77.5792
61.2465 77.5792
61.6412 78.0792
61.6412 78.0792
61.6412 78.0792
62.036 78.5792
62.2333 78.8292
62.4307 79.0792
62.6281 79.3292
62.8254 79.5792
63.0228 79.8292
63.2202 80.0792
63.4175 80.3292
63.6149 80.5792
63.8123 80.8292
64.0097 81.0792
64.0097 81.0792
64.0097 81.0792
64.4044 81.5792
64.7991 82.0792
64.7991 82.0792
64.7991 82.0792
64.7991 82.0792
65.1939 82.5792
65.1939 82.5792
65.3912 82.8292
65.5886 83.0792
65.5886 83.0792
65.5886 83.0792
65.9833 83.5792
65.9833 83.5792
66.1807 83.8292
66.3781 84.0792
66.3781 84.0792
66.7728 84.5792
66.7728 84.5792
66.9702 84.8292
67.1675 85.0792
67.1675 85.0792
67.1675 85.0792
67.5623 85.5792
67.5623 85.5792
67.957 86.0792
67.957 86.0792
67.957 86.0792
67.957 86.0792
68.3517 86.5792
68.3517 86.5792
68.5491 86.8292
68.7465 87.0792
68.7465 87.0792
68.7465 87.0792
69.1412 87.5792
69.1412 87.5792
69.3386 87.8292
69.5359 88.0792
69.5359 88.0792
69.7333 88.3292
69.7333 88.3292
69.9307 88.5792
70.1281 88.8292
70.3254 89.0792
70.3254 89.0792
70.3254 89.0792
70.5228 89.3292
70.7202 89.5792
70.7202 89.5792
70.9175 89.8292
71.1149 90.0792
71.1149 90.0792
71.1149 90.0792
71.1149 90.0792
71.5096 90.5792
71.5096 90.5792
71.707 90.8292
71.9044 91.0792
71.9044 91.0792
71.9044 91.0792
72.2991 91.5792
72.2991 91.5792
72.6938 92.0792
72.6938 92.0792
72.6938 92.0792
73.0886 92.5792
73.0886 92.5792
73.2859 92.8292
73.4833 93.0792
73.4833 93.0792
73.4833 93.0792
73.4833 93.0792
73.878 93.5792
73.878 93.5792
74.2728 94.0792
74.2728 94.0792
74.2728 94.0792
74.6675 94.5792
74.6675 94.5792
74.8649 94.8292
75.0622 95.0792
75.0622 95.0792
75.0622 95.0792
75.0622 95.0792
75.457 95.5792
75.457 95.5792
75.8517 96.0792
75.8517 96.0792
75.8517 96.0792
75.8517 96.0792
76.2465 96.5792
76.2465 96.5792
76.4438 96.8292
76.4438 96.8292
76.6412 97.0792
76.6412 97.0792
76.8386 97.3292
77.0359 97.5792
77.0359 97.5792
77.4307 98.0792
77.4307 98.0792
77.4307 98.0792
77.4307 98.0792
77.4307 98.0792
77.8254 98.5792
78.0228 98.8292
78.2201 99.0792
78.2201 99.0792
78.2201 99.0792
78.6149 99.5792
78.6149 99.5792
79.0096 100.079
79.0096 100.079
79.0096 100.079
79.4043 100.579
79.7991 101.079
79.9964 101.329
80.1938 101.579
80.1938 101.579
80.3912 101.829
80.5885 102.079
80.5885 102.079
80.5885 102.079
80.5885 102.079
80.9833 102.579
80.9833 102.579
81.1806 102.829
81.378 103.079
81.378 103.079
81.378 103.079
81.7727 103.579
81.7727 103.579
82.1675 104.079
82.1675 104.079
82.1675 104.079
82.1675 104.079
82.5622 104.579
82.5622 104.579
82.7596 104.829
82.957 105.079
82.957 105.079
82.957 105.079
83.1543 105.329
83.3517 105.579
83.3517 105.579
83.7464 106.079
83.7464 106.079
83.7464 106.079
84.1412 106.579
84.3385 106.829
84.5359 107.079
84.5359 107.079
84.5359 107.079
84.9306 107.579
84.9306 107.579
85.3254 108.079
85.3254 108.079
85.3254 108.079
85.3254 108.079
85.7201 108.579
86.1148 109.079
86.1148 109.079
86.9043 110.079
86.9043 110.079
86.9043 110.079
86.9043 110.079
87.299 110.579
87.299 110.579
87.6938 111.079
87.6938 111.079
87.6938 111.079
87.6938 111.079
88.0885 111.579
88.0885 111.579
88.4833 112.079
88.4833 112.079
88.4833 112.079
88.878 112.579
89.0754 112.829
89.2727 113.079
89.4701 113.329
89.6675 113.579
89.6675 113.579
89.8648 113.829
90.0622 114.079
90.0622 114.079
90.2596 114.329
90.4569 114.579
90.4569 114.579
90.6543 114.829
90.8517 115.079
90.8517 115.079
90.8517 115.079
90.8517 115.079
91.2464 115.579
91.6411 116.079
91.6411 116.079
91.6411 116.079
91.6411 116.079
91.8385 116.329
92.0359 116.579
92.0359 116.579
92.2332 116.829
92.4306 117.079
92.4306 117.079
92.4306 117.079
92.628 117.329
92.8253 117.579
93.0227 117.829
93.2201 118.079
93.2201 118.079
93.2201 118.079
93.2201 118.079
93.4174 118.329
93.6148 118.579
93.6148 118.579
93.8122 118.829
94.0095 119.079
94.0095 119.079
94.2069 119.329
94.4043 119.579
94.4043 119.579
94.6017 119.829
94.799 120.079
94.799 120.079
94.799 120.079
94.799 120.079
94.799 120.079
94.9964 120.329
95.1938 120.579
95.1938 120.579
95.3911 120.829
95.3911 120.829
95.5885 121.079
95.5885 121.079
95.7859 121.329
95.9832 121.579
95.9832 121.579
96.1806 121.829
96.378 122.079
96.378 122.079
96.378 122.079
96.378 122.079
96.5753 122.329
96.7727 122.579
96.9701 122.829
97.1674 123.079
97.1674 123.079
97.3648 123.329
97.5622 123.579
97.7595 123.829
97.9569 124.079
97.9569 124.079
97.9569 124.079
97.9569 124.079
98.1543 124.329
98.3516 124.579
98.3516 124.579
98.549 124.829
98.7464 125.079
98.7464 125.079
98.7464 125.079
98.9437 125.329
99.1411 125.579
99.3385 125.829
99.5358 126.079
99.5358 126.079
99.5358 126.079
99.5358 126.079
99.7332 126.329
99.7332 126.329
99.9306 126.579
99.9306 126.579
100.128 126.829
100.325 127.079
100.325 127.079
100.523 127.329
100.72 127.579
100.72 127.579
100.917 127.829
100.917 127.829
101.115 128.079
101.115 128.079
101.115 128.079
101.115 128.079
101.115 128.079
101.312 128.329
101.51 128.579
101.51 128.579
101.707 128.829
101.707 128.829
101.904 129.079
101.904 129.079
101.904 129.079
102.102 129.329
102.299 129.579
102.299 129.579
102.496 129.829
102.694 130.079
102.694 130.079
102.694 130.079
102.694 130.079
102.694 130.079
102.891 130.329
103.088 130.579
103.286 130.829
103.483 131.079
103.681 131.329
103.878 131.579
104.075 131.829
104.273 132.079
104.273 132.079
104.273 132.079
104.273 132.079
104.47 132.329
104.667 132.579
104.667 132.579
104.865 132.829
105.062 133.079
105.062 133.079
105.062 133.079
105.26 133.329
105.457 133.579
105.457 133.579
105.654 133.829
105.852 134.079
105.852 134.079
105.852 134.079
106.049 134.329
106.246 134.579
106.444 134.829
106.641 135.079
106.838 135.329
107.036 135.579
107.036 135.579
107.036 135.579
107.233 135.829
107.233 135.829
107.431 136.079
107.431 136.079
107.431 136.079
107.431 136.079
107.628 136.329
107.825 136.579
107.825 136.579
108.023 136.829
108.22 137.079
108.22 137.079
108.22 137.079
108.417 137.329
108.615 137.579
108.615 137.579
108.812 137.829
109.009 138.079
109.009 138.079
109.009 138.079
109.009 138.079
109.009 138.079
109.404 138.579
109.404 138.579
109.404 138.579
109.602 138.829
109.799 139.079
109.799 139.079
109.799 139.079
109.799 139.079
110.194 139.579
110.194 139.579
110.588 140.079
110.588 140.079
110.588 140.079
110.588 140.079
110.588 140.079
110.983 140.579
110.983 140.579
111.378 141.079
111.378 141.079
111.378 141.079
111.378 141.079
111.378 141.079
111.773 141.579
112.167 142.079
112.167 142.079
112.167 142.079
112.167 142.079
112.167 142.079
112.562 142.579
112.562 142.579
112.759 142.829
112.759 142.829
112.957 143.079
112.957 143.079
113.154 143.329
113.352 143.579
113.352 143.579
113.746 144.079
113.746 144.079
113.746 144.079
113.746 144.079
113.746 144.079
114.141 144.579
114.536 145.079
114.536 145.079
114.536 145.079
114.931 145.579
114.931 145.579
115.128 145.829
115.128 145.829
115.325 146.079
115.325 146.079
115.523 146.329
115.523 146.329
115.72 146.579
115.72 146.579
115.917 146.829
115.917 146.829
116.115 147.079
116.115 147.079
116.312 147.329
116.312 147.329
116.509 147.579
116.509 147.579
116.707 147.829
116.904 148.079
116.904 148.079
116.904 148.079
116.904 148.079
117.102 148.329
117.299 148.579
117.299 148.579
117.496 148.829
117.694 149.079
117.694 149.079
117.891 149.329
117.891 149.329
118.088 149.579
118.088 149.579
118.286 149.829
118.286 149.829
118.483 150.079
118.483 150.079
118.483 150.079
118.681 150.329
118.681 150.329
118.878 150.579
118.878 150.579
119.075 150.829
119.075 150.829
119.273 151.079
119.273 151.079
119.273 151.079
119.273 151.079
119.47 151.329
119.47 151.329
119.667 151.579
119.667 151.579
119.865 151.829
119.865 151.829
120.062 152.079
120.062 152.079
120.062 152.079
120.259 152.329
120.259 152.329
120.457 152.579
120.457 152.579
120.654 152.829
120.654 152.829
120.852 153.079
120.852 153.079
120.852 153.079
121.049 153.329
121.049 153.329
121.246 153.579
121.246 153.579
121.444 153.829
121.444 153.829
121.641 154.079
121.641 154.079
121.641 154.079
121.838 154.329
121.838 154.329
122.036 154.579
122.036 154.579
122.233 154.829
122.233 154.829
122.431 155.079
122.431 155.079
122.431 155.079
122.628 155.329
122.628 155.329
122.825 155.579
122.825 155.579
123.023 155.829
123.023 155.829
123.22 156.079
123.22 156.079
123.22 156.079
123.22 156.079
123.417 156.329
123.417 156.329
123.615 156.579
123.615 156.579
123.812 156.829
123.812 156.829
124.009 157.079
124.009 157.079
124.009 157.079
124.009 157.079
124.207 157.329
124.207 157.329
124.404 157.579
124.404 157.579
124.602 157.829
124.602 157.829
124.799 158.079
124.799 158.079
124.799 158.079
124.799 158.079
124.996 158.329
124.996 158.329
125.194 158.579
125.194 158.579
125.391 158.829
125.391 158.829
125.588 159.079
125.588 159.079
125.588 159.079
125.588 159.079
125.786 159.329
125.786 159.329
125.983 159.579
125.983 159.579
126.18 159.829
126.18 159.829
126.378 160.079
126.378 160.079
126.378 160.079
126.575 160.329
126.575 160.329
126.773 160.579
126.773 160.579
126.97 160.829
126.97 160.829
127.167 161.079
127.167 161.079
127.167 161.079
127.167 161.079
127.365 161.329
127.365 161.329
127.562 161.579
127.562 161.579
127.759 161.829
127.759 161.829
127.957 162.079
127.957 162.079
127.957 162.079
128.154 162.329
128.154 162.329
128.352 162.579
128.549 162.829
128.549 162.829
128.746 163.079
128.746 163.079
128.746 163.079
128.944 163.329
128.944 163.329
129.141 163.579
129.141 163.579
129.338 163.829
129.536 164.079
129.536 164.079
129.536 164.079
129.733 164.329
129.733 164.329
129.93 164.579
129.93 164.579
130.128 164.829
130.128 164.829
130.325 165.079
130.325 165.079
130.325 165.079
130.523 165.329
130.523 165.329
130.72 165.579
130.72 165.579
130.917 165.829
130.917 165.829
131.115 166.079
131.115 166.079
131.115 166.079
131.115 166.079
131.312 166.329
131.312 166.329
131.509 166.579
131.509 166.579
131.707 166.829
131.707 166.829
131.904 167.079
131.904 167.079
131.904 167.079
131.904 167.079
132.102 167.329
132.102 167.329
132.299 167.579
132.299 167.579
132.496 167.829
132.496 167.829
132.694 168.079
132.694 168.079
132.694 168.079
132.694 168.079
133.088 168.579
133.286 168.829
133.483 169.079
133.483 169.079
133.483 169.079
133.878 169.579
134.075 169.829
134.273 170.079
134.273 170.079
134.273 170.079
134.273 170.079
134.667 170.579
134.865 170.829
135.062 171.079
135.062 171.079
135.062 171.079
135.457 171.579
135.852 172.079
135.852 172.079
135.852 172.079
135.852 172.079
136.246 172.579
136.246 172.579
136.444 172.829
136.641 173.079
136.641 173.079
136.641 173.079
137.036 173.579
137.036 173.579
137.233 173.829
137.43 174.079
137.43 174.079
137.825 174.579
137.825 174.579
138.023 174.829
138.22 175.079
138.22 175.079
138.22 175.079
138.615 175.579
138.615 175.579
139.009 176.079
139.009 176.079
139.009 176.079
139.009 176.079
139.404 176.579
139.404 176.579
139.601 176.829
139.799 177.079
139.799 177.079
139.799 177.079
140.194 177.579
140.194 177.579
140.391 177.829
140.588 178.079
140.588 178.079
140.786 178.329
140.983 178.579
140.983 178.579
141.378 179.079
141.378 179.079
141.378 179.079
141.773 179.579
141.773 179.579
142.167 180.079
142.167 180.079
142.167 180.079
142.167 180.079
142.562 180.579
142.562 180.579
142.759 180.829
142.957 181.079
142.957 181.079
142.957 181.079
143.351 181.579
143.351 181.579
143.746 182.079
143.746 182.079
143.746 182.079
144.141 182.579
144.141 182.579
144.338 182.829
144.536 183.079
144.536 183.079
144.536 183.079
144.536 183.079
144.93 183.579
144.93 183.579
145.325 184.079
145.325 184.079
145.325 184.079
145.72 184.579
145.72 184.579
145.917 184.829
146.115 185.079
146.115 185.079
146.115 185.079
146.115 185.079
146.509 185.579
146.509 185.579
146.904 186.079
146.904 186.079
146.904 186.079
146.904 186.079
147.299 186.579
147.299 186.579
147.496 186.829
147.496 186.829
147.694 187.079
147.694 187.079
147.891 187.329
148.088 187.579
148.088 187.579
148.483 188.079
148.483 188.079
148.483 188.079
148.483 188.079
148.483 188.079
148.878 188.579
149.075 188.829
149.273 189.079
149.273 189.079
149.273 189.079
149.667 189.579
149.667 189.579
150.062 190.079
150.062 190.079
150.062 190.079
150.457 190.579
150.851 191.079
151.049 191.329
151.246 191.579
151.641 192.079
151.641 192.079
151.641 192.079
151.641 192.079
152.036 192.579
152.233 192.829
152.43 193.079
152.43 193.079
152.43 193.079
152.825 193.579
152.825 193.579
153.22 194.079
153.22 194.079
153.22 194.079
153.22 194.079
153.615 194.579
153.615 194.579
153.812 194.829
154.009 195.079
154.009 195.079
154.009 195.079
154.207 195.329
154.404 195.579
154.404 195.579
154.799 196.079
154.799 196.079
154.799 196.079
155.194 196.579
155.391 196.829
155.588 197.079
155.588 197.079
155.588 197.079
155.983 197.579
155.983 197.579
156.378 198.079
156.378 198.079
156.378 198.079
156.378 198.079
156.772 198.579
157.167 199.079
157.167 199.079
157.957 200.079
157.957 200.079
157.957 200.079
157.957 200.079
158.351 200.579
158.549 200.829
158.746 201.079
158.746 201.079
158.746 201.079
158.746 201.079
159.141 201.579
159.141 201.579
159.536 202.079
159.536 202.079
159.536 202.079
159.93 202.579
160.128 202.829
160.325 203.079
160.522 203.329
160.72 203.579
160.917 203.829
161.115 204.079
161.312 204.329
161.509 204.579
161.707 204.829
161.904 205.079
161.904 205.079
161.904 205.079
162.299 205.579
162.694 206.079
162.694 206.079
162.694 206.079
162.694 206.079
163.088 206.579
163.088 206.579
163.286 206.829
163.483 207.079
163.483 207.079
163.483 207.079
163.878 207.579
163.878 207.579
164.075 207.829
164.272 208.079
164.272 208.079
164.667 208.579
164.667 208.579
164.865 208.829
165.062 209.079
165.062 209.079
165.062 209.079
165.457 209.579
165.457 209.579
165.851 210.079
165.851 210.079
165.851 210.079
165.851 210.079
166.246 210.579
166.246 210.579
166.444 210.829
166.641 211.079
166.641 211.079
166.641 211.079
167.036 211.579
167.036 211.579
167.233 211.829
167.43 212.079
167.43 212.079
167.628 212.329
167.628 212.329
167.825 212.579
168.022 212.829
168.22 213.079
168.22 213.079
168.22 213.079
168.417 213.329
168.615 213.579
168.615 213.579
168.812 213.829
169.009 214.079
169.009 214.079
169.009 214.079
169.009 214.079
169.404 214.579
169.404 214.579
169.601 214.829
169.799 215.079
169.799 215.079
169.799 215.079
170.194 215.579
170.194 215.579
170.588 216.079
170.588 216.079
170.588 216.079
170.983 216.579
170.983 216.579
171.18 216.829
171.378 217.079
171.378 217.079
171.378 217.079
171.378 217.079
171.772 217.579
171.772 217.579
172.167 218.079
172.167 218.079
172.167 218.079
172.562 218.579
172.562 218.579
172.759 218.829
172.957 219.079
172.957 219.079
172.957 219.079
172.957 219.079
173.351 219.579
173.351 219.579
173.746 220.079
173.746 220.079
173.746 220.079
173.746 220.079
174.141 220.579
174.141 220.579
174.338 220.829
174.338 220.829
174.536 221.079
174.536 221.079
174.733 221.329
174.93 221.579
174.93 221.579
175.325 222.079
175.325 222.079
175.325 222.079
175.325 222.079
175.325 222.079
175.72 222.579
175.917 222.829
176.115 223.079
176.115 223.079
176.115 223.079
176.509 223.579
176.509 223.579
176.904 224.079
176.904 224.079
176.904 224.079
177.299 224.579
177.693 225.079
177.891 225.329
178.088 225.579
178.088 225.579
178.286 225.829
178.483 226.079
178.483 226.079
178.483 226.079
178.483 226.079
178.878 226.579
178.878 226.579
179.075 226.829
179.272 227.079
179.272 227.079
179.272 227.079
179.667 227.579
179.667 227.579
180.062 228.079
180.062 228.079
180.062 228.079
180.062 228.079
180.457 228.579
180.457 228.579
180.654 228.829
180.851 229.079
180.851 229.079
180.851 229.079
181.049 229.329
181.246 229.579
181.246 229.579
181.641 230.079
181.641 230.079
181.641 230.079
182.036 230.579
182.233 230.829
182.43 231.079
182.43 231.079
182.43 231.079
182.825 231.579
182.825 231.579
183.22 232.079
183.22 232.079
183.22 232.079
183.22 232.079
183.615 232.579
184.009 233.079
184.009 233.079
184.799 234.079
184.799 234.079
184.799 234.079
184.799 234.079
185.193 234.579
185.193 234.579
185.588 235.079
185.588 235.079
185.588 235.079
185.588 235.079
185.983 235.579
185.983 235.579
186.378 236.079
186.378 236.079
186.378 236.079
186.772 236.579
186.97 236.829
187.167 237.079
187.364 237.329
187.562 237.579
187.562 237.579
187.759 237.829
187.957 238.079
187.957 238.079
188.154 238.329
188.351 238.579
188.351 238.579
188.549 238.829
188.746 239.079
188.746 239.079
188.746 239.079
188.746 239.079
189.141 239.579
189.536 240.079
189.536 240.079
189.536 240.079
189.536 240.079
189.733 240.329
189.93 240.579
189.93 240.579
190.128 240.829
190.325 241.079
190.325 241.079
190.325 241.079
190.522 241.329
190.72 241.579
190.917 241.829
191.114 242.079
191.114 242.079
191.114 242.079
191.114 242.079
191.312 242.329
191.509 242.579
191.509 242.579
191.707 242.829
191.904 243.079
191.904 243.079
192.101 243.329
192.299 243.579
192.299 243.579
192.496 243.829
192.693 244.079
192.693 244.079
192.693 244.079
192.693 244.079
192.693 244.079
192.891 244.329
193.088 244.579
193.088 244.579
193.286 244.829
193.286 244.829
193.483 245.079
193.483 245.079
193.68 245.329
193.878 245.579
193.878 245.579
194.075 245.829
194.272 246.079
194.272 246.079
194.272 246.079
194.272 246.079
194.47 246.329
194.667 246.579
194.864 246.829
195.062 247.079
195.062 247.079
195.259 247.329
195.457 247.579
195.654 247.829
195.851 248.079
195.851 248.079
195.851 248.079
195.851 248.079
196.049 248.329
196.246 248.579
196.246 248.579
196.443 248.829
196.641 249.079
196.641 249.079
196.641 249.079
196.838 249.329
197.036 249.579
197.233 249.829
197.43 250.079
197.43 250.079
197.43 250.079
197.43 250.079
197.628 250.329
197.628 250.329
197.825 250.579
197.825 250.579
198.022 250.829
198.22 251.079
198.22 251.079
198.417 251.329
198.614 251.579
198.614 251.579
198.812 251.829
198.812 251.829
199.009 252.079
199.009 252.079
199.009 252.079
199.009 252.079
199.009 252.079
199.207 252.329
199.404 252.579
199.404 252.579
199.601 252.829
199.601 252.829
199.799 253.079
199.799 253.079
199.799 253.079
199.996 253.329
200.193 253.579
200.193 253.579
200.391 253.829
200.588 254.079
200.588 254.079
200.588 254.079
200.588 254.079
200.588 254.079
200.786 254.329
200.983 254.579
201.18 254.829
201.378 255.079
201.575 255.329
201.772 255.579
201.97 255.829
202.167 256.079
202.167 256.079
202.167 256.079
202.167 256.079
202.364 256.329
202.562 256.579
202.562 256.579
202.759 256.829
202.957 257.079
202.957 257.079
202.957 257.079
203.154 257.329
203.351 257.579
203.351 257.579
203.549 257.829
203.746 258.079
203.746 258.079
203.746 258.079
203.943 258.329
204.141 258.579
204.338 258.829
204.535 259.079
204.733 259.329
204.93 259.579
204.93 259.579
204.93 259.579
205.128 259.829
205.128 259.829
205.325 260.079
205.325 260.079
205.325 260.079
205.325 260.079
205.522 260.329
205.72 260.579
205.72 260.579
205.917 260.829
206.114 261.079
206.114 261.079
206.114 261.079
206.312 261.329
206.509 261.579
206.509 261.579
206.707 261.829
206.904 262.079
206.904 262.079
206.904 262.079
206.904 262.079
206.904 262.079
207.299 262.579
207.299 262.579
207.299 262.579
207.496 262.829
207.693 263.079
207.693 263.079
207.693 263.079
207.693 263.079
208.088 263.579
208.088 263.579
208.483 264.079
208.483 264.079
208.483 264.079
208.483 264.079
208.483 264.079
208.878 264.579
208.878 264.579
209.272 265.079
209.272 265.079
209.272 265.079
209.272 265.079
209.272 265.079
209.667 265.579
210.062 266.079
210.062 266.079
210.062 266.079
210.062 266.079
210.062 266.079
210.457 266.579
210.457 266.579
210.654 266.829
210.654 266.829
210.851 267.079
210.851 267.079
211.049 267.329
211.246 267.579
211.246 267.579
211.641 268.079
211.641 268.079
211.641 268.079
211.641 268.079
211.641 268.079
212.035 268.579
212.43 269.079
212.43 269.079
212.43 269.079
212.825 269.579
212.825 269.579
213.022 269.829
213.022 269.829
213.22 270.079
213.22 270.079
213.417 270.329
213.417 270.329
213.614 270.579
213.614 270.579
213.812 270.829
213.812 270.829
214.009 271.079
214.009 271.079
214.207 271.329
214.207 271.329
214.404 271.579
214.404 271.579
214.601 271.829
214.799 272.079
214.799 272.079
214.799 272.079
214.799 272.079
214.996 272.329
215.193 272.579
215.193 272.579
215.391 272.829
215.588 273.079
215.588 273.079
215.588 273.079
215.785 273.329
215.983 273.579
216.18 273.829
216.378 274.079
216.378 274.079
216.378 274.079
216.378 274.079
216.575 274.329
216.772 274.579
216.772 274.579
216.97 274.829
217.167 275.079
217.167 275.079
217.364 275.329
217.562 275.579
217.562 275.579
217.759 275.829
217.956 276.079
217.956 276.079
217.956 276.079
217.956 276.079
217.956 276.079
218.154 276.329
218.351 276.579
218.351 276.579
218.549 276.829
218.549 276.829
218.746 277.079
218.746 277.079
218.943 277.329
219.141 277.579
219.141 277.579
219.338 277.829
219.535 278.079
219.535 278.079
219.535 278.079
219.535 278.079
219.733 278.329
219.93 278.579
220.128 278.829
220.325 279.079
220.325 279.079
220.522 279.329
220.72 279.579
220.917 279.829
221.114 280.079
221.114 280.079
221.114 280.079
221.114 280.079
221.312 280.329
221.509 280.579
221.509 280.579
221.706 280.829
221.904 281.079
221.904 281.079
221.904 281.079
222.101 281.329
222.299 281.579
222.496 281.829
222.693 282.079
222.693 282.079
222.693 282.079
222.693 282.079
222.891 282.329
222.891 282.329
223.088 282.579
223.088 282.579
223.285 282.829
223.483 283.079
223.483 283.079
223.68 283.329
223.878 283.579
223.878 283.579
224.075 283.829
224.075 283.829
224.272 284.079
224.272 284.079
224.272 284.079
224.272 284.079
224.272 284.079
224.47 284.329
224.667 284.579
224.667 284.579
224.864 284.829
224.864 284.829
225.062 285.079
225.062 285.079
225.062 285.079
225.259 285.329
225.456 285.579
225.456 285.579
225.654 285.829
225.851 286.079
225.851 286.079
225.851 286.079
225.851 286.079
225.851 286.079
226.049 286.329
226.246 286.579
226.443 286.829
226.641 287.079
226.838 287.329
227.035 287.579
227.233 287.829
227.43 288.079
227.43 288.079
227.43 288.079
227.43 288.079
227.628 288.329
227.825 288.579
227.825 288.579
228.022 288.829
228.22 289.079
228.22 289.079
228.22 289.079
228.417 289.329
228.614 289.579
228.614 289.579
228.812 289.829
229.009 290.079
229.009 290.079
229.009 290.079
229.206 290.329
229.404 290.579
229.601 290.829
229.799 291.079
229.996 291.329
230.193 291.579
230.193 291.579
230.193 291.579
230.391 291.829
230.391 291.829
230.588 292.079
230.588 292.079
230.588 292.079
230.588 292.079
230.785 292.329
230.983 292.579
230.983 292.579
231.18 292.829
231.378 293.079
231.378 293.079
231.378 293.079
231.575 293.329
231.772 293.579
231.772 293.579
231.97 293.829
232.167 294.079
232.167 294.079
232.167 294.079
232.167 294.079
232.167 294.079
232.562 294.579
232.562 294.579
232.562 294.579
232.759 294.829
232.956 295.079
232.956 295.079
232.956 295.079
232.956 295.079
233.351 295.579
233.351 295.579
233.746 296.079
233.746 296.079
233.746 296.079
233.746 296.079
233.746 296.079
234.141 296.579
234.141 296.579
234.535 297.079
234.535 297.079
234.535 297.079
234.535 297.079
234.535 297.079
234.93 297.579
235.325 298.079
235.325 298.079
235.325 298.079
235.325 298.079
235.325 298.079
235.72 298.579
235.72 298.579
235.917 298.829
235.917 298.829
236.114 299.079
236.114 299.079
236.312 299.329
236.509 299.579
236.509 299.579
236.904 300.079
236.904 300.079
236.904 300.079
236.904 300.079
236.904 300.079
237.299 300.579
237.693 301.079
237.693 301.079
237.693 301.079
238.088 301.579
238.088 301.579
238.285 301.829
238.285 301.829
238.483 302.079
238.483 302.079
238.483 302.079
238.483 302.079
238.68 302.329
238.877 302.579
238.877 302.579
239.075 302.829
239.272 303.079
239.272 303.079
239.47 303.329
239.47 303.329
239.667 303.579
239.667 303.579
239.864 303.829
239.864 303.829
240.062 304.079
240.062 304.079
240.062 304.079
240.259 304.329
240.259 304.329
240.456 304.579
240.456 304.579
240.654 304.829
240.654 304.829
240.851 305.079
240.851 305.079
240.851 305.079
240.851 305.079
241.049 305.329
241.049 305.329
241.246 305.579
241.246 305.579
241.443 305.829
241.443 305.829
241.641 306.079
241.641 306.079
241.641 306.079
241.838 306.329
241.838 306.329
242.035 306.579
242.035 306.579
242.233 306.829
242.233 306.829
242.43 307.079
242.43 307.079
242.43 307.079
242.627 307.329
242.627 307.329
242.825 307.579
242.825 307.579
243.022 307.829
243.022 307.829
243.22 308.079
243.22 308.079
243.22 308.079
243.417 308.329
243.417 308.329
243.614 308.579
243.614 308.579
243.812 308.829
243.812 308.829
244.009 309.079
244.009 309.079
244.009 309.079
244.206 309.329
244.206 309.329
244.404 309.579
244.404 309.579
244.601 309.829
244.601 309.829
244.799 310.079
244.799 310.079
244.799 310.079
244.799 310.079
244.996 310.329
244.996 310.329
245.193 310.579
245.193 310.579
245.391 310.829
245.391 310.829
245.588 311.079
245.588 311.079
245.588 311.079
245.588 311.079
245.785 311.329
245.785 311.329
245.983 311.579
245.983 311.579
246.18 311.829
246.18 311.829
246.377 312.079
246.377 312.079
246.377 312.079
246.377 312.079
246.575 312.329
246.575 312.329
246.772 312.579
246.772 312.579
246.97 312.829
246.97 312.829
247.167 313.079
247.167 313.079
247.167 313.079
247.167 313.079
247.364 313.329
247.364 313.329
247.562 313.579
247.562 313.579
247.759 313.829
247.759 313.829
247.956 314.079
247.956 314.079
247.956 314.079
248.154 314.329
248.154 314.329
248.351 314.579
248.351 314.579
248.548 314.829
248.548 314.829
248.746 315.079
248.746 315.079
248.746 315.079
248.746 315.079
248.943 315.329
248.943 315.329
249.141 315.579
249.141 315.579
249.338 315.829
249.338 315.829
249.535 316.079
249.535 316.079
249.535 316.079
249.733 316.329
249.733 316.329
249.93 316.579
250.127 316.829
250.127 316.829
250.325 317.079
250.325 317.079
250.325 317.079
250.522 317.329
250.522 317.329
250.72 317.579
250.72 317.579
250.917 317.829
251.114 318.079
251.119 318.085
251.246 318.246
251.335 318.358
251.409 318.452
