0.896875 1.19583
1.27188 1.69583
1.64688 2.19583
1.64688 2.19583
2.02188 2.69583
2.39688 3.19583
2.58438 3.44583
2.77188 3.69583
2.77188 3.69583
2.95938 3.94583
3.14688 4.19583
3.14688 4.19583
3.52188 4.69583
3.89688 5.19583
3.89688 5.19583
4.27188 5.69583
4.27188 5.69583
4.64688 6.19583
4.64688 6.19583
5.02188 6.69583
5.39688 7.19583
5.58438 7.44583
5.77188 7.69583
5.77188 7.69583
5.95938 7.94583
5.95938 7.94583
6.14687 8.19583
6.14687 8.19583
6.33437 8.44583
6.52187 8.69583
6.70937 8.94583
6.89687 9.19583
7.08437 9.44583
7.27187 9.69583
7.45937 9.94583
7.64687 10.1958
8.02187 10.6958
8.02187 10.6958
8.39687 11.1958
8.39687 11.1958
8.77187 11.6958
8.77187 11.6958
9.14687 12.1958
9.14687 12.1958
9.52187 12.6958
9.52187 12.6958
9.89687 13.1958
9.89687 13.1958
10.2719 13.6958
10.2719 13.6958
10.6469 14.1958
10.6469 14.1958
11.0219 14.6958
11.0219 14.6958
11.3969 15.1958
11.3969 15.1958
11.7719 15.6958
11.7719 15.6958
12.1469 16.1958
12.1469 16.1958
12.5219 16.6958
12.5219 16.6958
12.8969 17.1958
12.8969 17.1958
13.2719 17.6958
13.2719 17.6958
13.6469 18.1958
13.6469 18.1958
13.6469 18.1958
13.6469 18.1958
13.6469 18.1958
14.0219 18.6958
14.3969 19.1958
14.7719 19.6958
15.1469 20.1958
15.5219 20.6958
15.8969 21.1958
16.2719 21.6958
16.6469 22.1958
17.0219 22.6958
17.0219 22.6958
17.3969 23.1958
17.7719 23.6958
18.1469 24.1958
18.5219 24.6958
18.8969 25.1958
19.2719 25.6958
19.6469 26.1958
20.0219 26.6958
20.0219 26.6958
20.3969 27.1958
20.7719 27.6958
20.7719 27.6958
21.1469 28.1958
21.1469 28.1958
21.5219 28.6958
21.5219 28.6958
21.8969 29.1958
21.8969 29.1958
22.2719 29.6958
22.2719 29.6958
22.6469 30.1958
22.6469 30.1958
23.0219 30.6958
23.0219 30.6958
23.3969 31.1958
23.7719 31.6958
24.1469 32.1958
24.5219 32.6958
24.8969 33.1958
25.2719 33.6958
25.6469 34.1958
26.0219 34.6958
26.0219 34.6958
26.3969 35.1958
26.3969 35.1958
26.7719 35.6958
26.7719 35.6958
27.1469 36.1958
27.1469 36.1958
27.5219 36.6958
27.5219 36.6958
27.8969 37.1958
27.8969 37.1958
28.2719 37.6958
28.6469 38.1958
29.0219 38.6958
29.0219 38.6958
29.3969 39.1958
29.7719 39.6958
30.1469 40.1958
30.5219 40.6958
30.8969 41.1958
31.2719 41.6958
31.6469 42.1958
32.0219 42.6958
32.0219 42.6958
32.3969 43.1958
32.3969 43.1958
32.7719 43.6958
32.7719 43.6958
33.1469 44.1958
33.1469 44.1958
33.5219 44.6958
33.5219 44.6958
33.8969 45.1958
33.8969 45.1958
34.2719 45.6958
34.2719 45.6958
34.6469 46.1958
34.6469 46.1958
34.8344 46.4458
35.0141 46.6854
35.0219 46.6958
35.0219 46.6958
35.3625 47.15
35.3969 47.1958
35.7359 47.6479
35.7719 47.6958
36.0828 48.1104
36.1469 48.1958
36.4641 48.6188
36.5219 48.6958
36.8563 49.1417
36.8969 49.1958
37.2437 49.6583
37.2719 49.6958
37.5938 50.125
37.6469 50.1958
37.6469 50.1958
37.6469 50.1958
37.6469 50.1958
37.6469 50.1958
38.0219 50.6958
38.3969 51.1958
38.7719 51.6958
39.1469 52.1958
39.5219 52.6958
39.8969 53.1958
40.2719 53.6958
40.6469 54.1958
41.0219 54.6958
41.0219 54.6958
41.0391 54.7188
41.3656 55.1542
41.3969 55.1958
41.7313 55.6417
41.7719 55.6958
42.0734 56.0979
42.1469 56.1958
42.5219 56.6958
42.8969 57.1958
43.2719 57.6958
43.6187 58.1583
43.6469 58.1958
44.0219 58.6958
44.0219 58.6958
44.3969 59.1958
44.7719 59.6958
44.7719 59.6958
45.1469 60.1958
45.1469 60.1958
45.5219 60.6958
45.5219 60.6958
45.8969 61.1958
45.8969 61.1958
46.2719 61.6958
46.2719 61.6958
46.6469 62.1958
46.6469 62.1958
46.6734 62.2313
47.0219 62.6958
47.0219 62.6958
47.3969 63.1958
47.7719 63.6958
47.7766 63.7021
48.1469 64.1958
48.5219 64.6958
48.8969 65.1958
49.2719 65.6958
49.6469 66.1958
50.0219 66.6958
50.0219 66.6958
50.3969 67.1958
50.3969 67.1958
50.7719 67.6958
50.7719 67.6958
51.1469 68.1958
51.1469 68.1958
51.5219 68.6958
51.5219 68.6958
51.8969 69.1958
51.8969 69.1958
52.2719 69.6958
52.6469 70.1958
52.9563 70.6083
53.0219 70.6958
53.0219 70.6958
53.3609 71.1479
53.3969 71.1958
53.7328 71.6437
53.7719 71.6958
54.1281 72.1708
54.1469 72.1958
54.5219 72.6958
54.8969 73.1958
55.2719 73.6958
55.6391 74.1854
55.6469 74.1958
56.0219 74.6958
56.0219 74.6958
56.3969 75.1958
56.3969 75.1958
56.7719 75.6958
56.7719 75.6958
57.1469 76.1958
57.1469 76.1958
57.5219 76.6958
57.5219 76.6958
57.8969 77.1958
57.8969 77.1958
58.2719 77.6958
58.2719 77.6958
58.6031 78.1375
58.6469 78.1958
58.6469 78.1958
58.8344 78.4458
59.0219 78.6958
59.0219 78.6958
59.3969 79.1958
59.4047 79.2062
59.4187 79.225
59.7469 79.6625
59.7484 79.6646
59.7719 79.6958
60.0969 80.1292
60.1094 80.1458
60.1469 80.1958
60.4703 80.6271
60.5219 80.6958
60.8344 81.1125
60.8687 81.1583
60.8969 81.1958
60.8969 81.1958
61.2094 81.6125
61.2719 81.6958
61.2719 81.6958
61.6469 82.1958
61.6469 82.1958
61.6516 82.2021
61.8344 82.4458
62.0219 82.6958
62.2094 82.9458
62.3969 83.1958
62.3969 83.1958
62.5844 83.4458
62.7328 83.6437
62.7719 83.6958
62.9594 83.9458
63.1078 84.1437
63.1469 84.1958
63.1547 84.2062
63.3344 84.4458
63.5219 84.6958
63.7094 84.9458
63.8969 85.1958
63.8969 85.1958
63.9109 85.2146
64.0844 85.4458
64.2719 85.6958
64.2719 85.6958
64.4594 85.9458
64.6313 86.175
64.6469 86.1958
64.6469 86.1958
64.8344 86.4458
65.0219 86.6958
65.2094 86.9458
65.3578 87.1438
65.3969 87.1958
65.5844 87.4458
65.7438 87.6583
65.7719 87.6958
65.9594 87.9458
66.1125 88.15
66.1469 88.1958
66.15 88.2
66.3344 88.4458
66.5219 88.6958
66.7094 88.9458
66.8969 89.1958
66.8969 89.1958
67.0844 89.4458
67.2719 89.6958
67.2719 89.6958
67.4594 89.9458
67.6469 90.1958
67.6469 90.1958
67.8344 90.4458
68.0219 90.6958
68.2094 90.9458
68.2984 91.0646
68.3969 91.1958
68.5844 91.4458
68.7719 91.6958
68.7719 91.6958
68.9594 91.9458
69.0984 92.1312
69.1469 92.1958
69.1469 92.1958
69.3344 92.4458
69.5219 92.6958
69.7094 92.9458
69.8234 93.0979
69.8969 93.1958
69.8969 93.1958
70.0844 93.4458
70.0844 93.4458
70.2719 93.6958
70.2719 93.6958
70.4594 93.9458
70.5922 94.1229
70.6469 94.1958
70.8344 94.4458
71.0219 94.6958
71.0219 94.6958
71.2094 94.9458
71.3438 95.125
71.3906 95.1875
71.3969 95.1958
71.5844 95.4458
71.7172 95.6229
71.7516 95.6688
71.7719 95.6958
71.9594 95.9458
72.1078 96.1438
72.1234 96.1646
72.1469 96.1958
72.3344 96.4458
72.4953 96.6604
72.5219 96.6958
72.7094 96.9458
72.8547 97.1396
72.8969 97.1958
72.8969 97.1958
73.0844 97.4458
73.2375 97.65
73.2719 97.6958
73.2719 97.6958
73.4594 97.9458
73.6344 98.1792
73.6469 98.1958
73.6469 98.1958
73.8344 98.4458
74.0219 98.6958
74.2094 98.9458
74.3969 99.1958
74.5844 99.4458
74.7719 99.6958
74.7719 99.6958
74.9594 99.9458
75.0953 100.127
75.1469 100.196
75.1469 100.196
75.3344 100.446
75.5219 100.696
75.7094 100.946
75.8656 101.154
75.8969 101.196
75.8969 101.196
76.0844 101.446
76.2719 101.696
76.2719 101.696
76.4594 101.946
76.6172 102.156
76.6469 102.196
76.6469 102.196
76.8344 102.446
77.0219 102.696
77.2094 102.946
77.3969 103.196
77.5844 103.446
77.7719 103.696
77.7719 103.696
77.9594 103.946
78.1469 104.196
78.1469 104.196
78.3344 104.446
78.4469 104.596
78.5016 104.669
78.5219 104.696
78.7094 104.946
78.8516 105.135
78.8672 105.156
78.8969 105.196
79.0844 105.446
79.1922 105.59
79.2172 105.623
79.2719 105.696
79.4594 105.946
79.6047 106.14
79.6063 106.142
79.6469 106.196
79.8344 106.446
80.0219 106.696
80.0219 106.696
80.2094 106.946
80.3969 107.196
80.3969 107.196
80.5844 107.446
80.7719 107.696
80.7719 107.696
80.9594 107.946
81.1469 108.196
81.1469 108.196
81.3344 108.446
81.5219 108.696
81.5219 108.696
81.7094 108.946
81.8453 109.127
81.8969 109.196
81.8969 109.196
82.2719 109.696
82.2719 109.696
82.4594 109.946
82.6109 110.148
82.6469 110.196
82.8344 110.446
83.0219 110.696
83.0219 110.696
83.2094 110.946
83.3266 111.102
83.3969 111.196
83.4297 111.24
83.5844 111.446
83.7297 111.64
83.7406 111.654
83.7719 111.696
83.9594 111.946
84.1141 112.152
84.1328 112.177
84.1469 112.196
84.3344 112.446
84.4984 112.665
84.5219 112.696
84.7094 112.946
84.8688 113.158
84.8969 113.196
84.8969 113.196
85.0844 113.446
85.2531 113.671
85.2719 113.696
85.2719 113.696
85.4594 113.946
85.6063 114.142
85.6469 114.196
85.6703 114.227
85.8578 114.477
86.0453 114.727
86.2328 114.977
86.3641 115.152
86.4203 115.227
86.6078 115.477
86.7406 115.654
86.7953 115.727
86.9828 115.977
87.1 116.133
87.1219 116.162
87.1703 116.227
87.3578 116.477
87.5453 116.727
87.7328 116.977
87.8969 117.196
87.9016 117.202
87.9203 117.227
88.1078 117.477
88.2719 117.696
88.2953 117.727
88.4828 117.977
88.6359 118.181
88.6469 118.196
88.6703 118.227
88.8578 118.477
89.0453 118.727
89.2328 118.977
89.3844 119.179
89.4203 119.227
89.6078 119.477
89.7313 119.642
89.7953 119.727
89.9828 119.977
90.1078 120.144
90.1531 120.204
90.1703 120.227
90.3578 120.477
90.5453 120.727
90.7328 120.977
90.8969 121.196
90.9203 121.227
91.1078 121.477
91.2719 121.696
91.2953 121.727
91.4828 121.977
91.6469 122.196
91.6703 122.227
91.8578 122.477
92.0453 122.727
92.2328 122.977
92.3547 123.14
92.4203 123.227
92.6078 123.477
92.7719 123.696
92.7953 123.727
92.9828 123.977
93.1469 124.196
93.1594 124.213
93.1703 124.227
93.3578 124.477
93.5453 124.727
93.7328 124.977
93.8516 125.135
93.8969 125.196
93.9203 125.227
94.0844 125.446
94.1078 125.477
94.2719 125.696
94.2953 125.727
94.4828 125.977
94.5859 126.115
94.6703 126.227
94.8578 126.477
95.0219 126.696
95.0453 126.727
95.2328 126.977
95.3656 127.154
95.3891 127.185
95.4203 127.227
95.6078 127.477
95.7203 127.627
95.7297 127.64
95.7953 127.727
95.9828 127.977
96.0859 128.115
96.1109 128.148
96.1703 128.227
96.3578 128.477
96.4813 128.642
96.5031 128.671
96.5453 128.727
96.7328 128.977
96.8688 129.158
96.8844 129.179
96.8969 129.196
96.9203 129.227
97.1078 129.477
97.2328 129.644
97.2359 129.648
97.2719 129.696
97.2953 129.727
97.4828 129.977
97.5906 130.121
97.6141 130.152
97.6469 130.196
97.6703 130.227
97.8578 130.477
98.0453 130.727
98.2328 130.977
98.4203 131.227
98.6078 131.477
98.7719 131.696
98.7953 131.727
98.9828 131.977
99.1266 132.169
99.1469 132.196
99.1703 132.227
99.3578 132.477
99.5453 132.727
99.7328 132.977
99.8969 133.196
99.9172 133.223
99.9203 133.227
100.108 133.477
100.272 133.696
100.295 133.727
100.483 133.977
100.625 134.167
100.647 134.196
100.67 134.227
100.858 134.477
101.045 134.727
101.233 134.977
101.42 135.227
101.608 135.477
101.772 135.696
101.795 135.727
101.983 135.977
102.147 136.196
102.17 136.227
102.358 136.477
102.469 136.625
102.491 136.654
102.545 136.727
102.733 136.977
102.848 137.131
102.853 137.137
102.92 137.227
103.108 137.477
103.192 137.59
103.228 137.637
103.295 137.727
103.483 137.977
103.572 138.096
103.605 138.14
103.67 138.227
103.858 138.477
104.022 138.696
104.045 138.727
104.233 138.977
104.397 139.196
104.42 139.227
104.608 139.477
104.772 139.696
104.795 139.727
104.983 139.977
105.147 140.196
105.17 140.227
105.358 140.477
105.522 140.696
105.545 140.727
105.733 140.977
105.87 141.16
105.897 141.196
105.92 141.227
106.272 141.696
106.295 141.727
106.483 141.977
106.65 142.2
106.67 142.227
106.858 142.477
107.022 142.696
107.045 142.727
107.233 142.977
107.42 143.227
107.608 143.477
107.795 143.727
107.983 143.977
108.17 144.227
108.358 144.477
108.545 144.727
108.733 144.977
108.897 145.196
108.92 145.227
109.108 145.477
109.272 145.696
109.295 145.727
109.483 145.977
109.647 146.196
109.647 146.196
110.022 146.696
110.397 147.196
110.584 147.446
110.772 147.696
110.772 147.696
110.959 147.946
111.147 148.196
111.147 148.196
111.522 148.696
111.897 149.196
111.897 149.196
112.272 149.696
112.272 149.696
112.647 150.196
112.647 150.196
113.022 150.696
113.397 151.196
113.584 151.446
113.772 151.696
113.772 151.696
113.959 151.946
113.959 151.946
114.147 152.196
114.147 152.196
114.334 152.446
114.522 152.696
114.709 152.946
114.897 153.196
115.084 153.446
115.272 153.696
115.459 153.946
115.647 154.196
116.022 154.696
116.022 154.696
116.397 155.196
116.397 155.196
116.772 155.696
116.772 155.696
117.147 156.196
117.147 156.196
117.522 156.696
117.522 156.696
117.897 157.196
117.897 157.196
118.272 157.696
118.272 157.696
118.647 158.196
118.647 158.196
119.022 158.696
119.022 158.696
119.397 159.196
119.397 159.196
119.772 159.696
119.772 159.696
120.147 160.196
120.147 160.196
120.522 160.696
120.522 160.696
120.897 161.196
120.897 161.196
121.272 161.696
121.272 161.696
121.647 162.196
121.647 162.196
121.647 162.196
121.647 162.196
121.647 162.196
122.022 162.696
122.397 163.196
122.772 163.696
123.147 164.196
123.522 164.696
123.897 165.196
124.272 165.696
124.647 166.196
125.022 166.696
125.022 166.696
125.397 167.196
125.772 167.696
126.147 168.196
126.522 168.696
126.897 169.196
127.272 169.696
127.647 170.196
128.022 170.696
128.022 170.696
128.397 171.196
128.772 171.696
128.772 171.696
129.147 172.196
129.147 172.196
129.522 172.696
129.522 172.696
129.897 173.196
129.897 173.196
130.272 173.696
130.272 173.696
130.647 174.196
130.647 174.196
131.022 174.696
131.022 174.696
131.397 175.196
131.772 175.696
132.147 176.196
132.522 176.696
132.897 177.196
133.272 177.696
133.647 178.196
134.022 178.696
134.022 178.696
134.397 179.196
134.397 179.196
134.772 179.696
134.772 179.696
135.147 180.196
135.147 180.196
135.522 180.696
135.522 180.696
135.897 181.196
135.897 181.196
136.272 181.696
136.647 182.196
137.022 182.696
137.022 182.696
137.397 183.196
137.772 183.696
138.147 184.196
138.522 184.696
138.897 185.196
139.272 185.696
139.647 186.196
140.022 186.696
140.022 186.696
140.397 187.196
140.397 187.196
140.772 187.696
140.772 187.696
141.147 188.196
141.147 188.196
141.522 188.696
141.522 188.696
141.897 189.196
141.897 189.196
142.272 189.696
142.272 189.696
142.647 190.196
142.647 190.196
142.834 190.446
143.014 190.685
143.022 190.696
143.022 190.696
143.363 191.15
143.397 191.196
143.736 191.648
143.772 191.696
144.083 192.11
144.147 192.196
144.464 192.619
144.522 192.696
144.856 193.142
144.897 193.196
145.244 193.658
145.272 193.696
145.594 194.125
145.647 194.196
145.647 194.196
145.647 194.196
145.647 194.196
145.647 194.196
146.022 194.696
146.397 195.196
146.772 195.696
147.147 196.196
147.522 196.696
147.897 197.196
148.272 197.696
148.647 198.196
149.022 198.696
149.022 198.696
149.397 199.196
149.772 199.696
150.147 200.196
150.522 200.696
150.897 201.196
151.272 201.696
151.647 202.196
152.022 202.696
152.022 202.696
152.397 203.196
152.772 203.696
152.772 203.696
153.147 204.196
153.147 204.196
153.522 204.696
153.522 204.696
153.897 205.196
153.897 205.196
154.272 205.696
154.272 205.696
154.647 206.196
154.647 206.196
155.022 206.696
155.022 206.696
155.397 207.196
155.772 207.696
156.147 208.196
156.522 208.696
156.897 209.196
157.272 209.696
157.647 210.196
158.022 210.696
158.022 210.696
158.397 211.196
158.397 211.196
158.772 211.696
158.772 211.696
159.147 212.196
159.147 212.196
159.522 212.696
159.522 212.696
159.897 213.196
159.897 213.196
160.272 213.696
160.647 214.196
161.022 214.696
161.022 214.696
161.397 215.196
161.772 215.696
162.147 216.196
162.522 216.696
162.897 217.196
163.272 217.696
163.647 218.196
164.022 218.696
164.022 218.696
164.397 219.196
164.397 219.196
164.772 219.696
164.772 219.696
165.147 220.196
165.147 220.196
165.522 220.696
165.522 220.696
165.897 221.196
165.897 221.196
166.272 221.696
166.272 221.696
166.647 222.196
166.647 222.196
166.834 222.446
167.022 222.696
167.022 222.696
167.384 223.179
167.397 223.196
167.405 223.206
167.713 223.617
167.747 223.663
167.772 223.696
168.063 224.083
168.109 224.146
168.147 224.196
168.436 224.581
168.522 224.696
168.8 225.067
168.869 225.158
168.897 225.196
168.897 225.196
169.175 225.567
169.272 225.696
169.272 225.696
169.616 226.154
169.647 226.196
169.647 226.196
169.834 226.446
170.022 226.696
170.209 226.946
170.397 227.196
170.397 227.196
170.584 227.446
170.733 227.644
170.772 227.696
170.959 227.946
171.108 228.144
171.12 228.16
171.147 228.196
171.334 228.446
171.522 228.696
171.709 228.946
171.877 229.169
171.897 229.196
171.897 229.196
172.084 229.446
172.272 229.696
172.272 229.696
172.459 229.946
172.597 230.129
172.647 230.196
172.647 230.196
172.834 230.446
173.022 230.696
173.209 230.946
173.358 231.144
173.397 231.196
173.584 231.446
173.744 231.658
173.772 231.696
173.959 231.946
174.113 232.15
174.114 232.152
174.147 232.196
174.334 232.446
174.522 232.696
174.709 232.946
174.897 233.196
174.897 233.196
175.084 233.446
175.272 233.696
175.272 233.696
175.459 233.946
175.647 234.196
175.647 234.196
175.834 234.446
176.022 234.696
176.209 234.946
176.264 235.019
176.397 235.196
176.584 235.446
176.772 235.696
176.772 235.696
176.959 235.946
177.064 236.085
177.147 236.196
177.147 236.196
177.334 236.446
177.522 236.696
177.709 236.946
177.789 237.052
177.897 237.196
177.897 237.196
178.084 237.446
178.084 237.446
178.272 237.696
178.272 237.696
178.459 237.946
178.558 238.077
178.647 238.196
178.834 238.446
179.022 238.696
179.022 238.696
179.209 238.946
179.344 239.125
179.355 239.14
179.397 239.196
179.584 239.446
179.716 239.621
179.717 239.623
179.772 239.696
179.959 239.946
180.088 240.117
180.108 240.144
180.147 240.196
180.334 240.446
180.461 240.615
180.522 240.696
180.709 240.946
180.82 241.094
180.897 241.196
180.897 241.196
181.084 241.446
181.203 241.604
181.272 241.696
181.272 241.696
181.459 241.946
181.598 242.131
181.647 242.196
181.647 242.196
181.834 242.446
182.022 242.696
182.209 242.946
182.397 243.196
182.584 243.446
182.772 243.696
182.772 243.696
182.959 243.946
183.059 244.079
183.147 244.196
183.147 244.196
183.334 244.446
183.522 244.696
183.709 244.946
183.83 245.106
183.897 245.196
183.897 245.196
184.084 245.446
184.272 245.696
184.272 245.696
184.459 245.946
184.581 246.108
184.647 246.196
184.647 246.196
184.834 246.446
185.022 246.696
185.209 246.946
185.397 247.196
185.584 247.446
185.772 247.696
185.772 247.696
185.959 247.946
186.147 248.196
186.147 248.196
186.334 248.446
186.411 248.548
186.502 248.669
186.522 248.696
186.709 248.946
186.817 249.09
186.867 249.156
186.897 249.196
187.084 249.446
187.158 249.544
187.217 249.623
187.272 249.696
187.459 249.946
187.57 250.094
187.606 250.142
187.647 250.196
187.834 250.446
188.022 250.696
188.022 250.696
188.209 250.946
188.397 251.196
188.397 251.196
188.584 251.446
188.772 251.696
188.772 251.696
188.959 251.946
189.147 252.196
189.147 252.196
189.334 252.446
189.522 252.696
189.522 252.696
189.709 252.946
189.811 253.081
189.897 253.196
189.897 253.196
190.272 253.696
190.272 253.696
190.459 253.946
190.577 254.102
190.647 254.196
190.834 254.446
191.022 254.696
191.022 254.696
191.209 254.946
191.327 255.102
191.395 255.194
191.397 255.196
191.584 255.446
191.706 255.608
191.73 255.64
191.772 255.696
191.959 255.946
192.08 256.106
192.133 256.177
192.147 256.196
192.334 256.446
192.464 256.619
192.522 256.696
192.709 256.946
192.834 257.113
192.897 257.196
192.897 257.196
193.084 257.446
193.219 257.625
193.272 257.696
193.272 257.696
193.459 257.946
193.57 258.094
193.647 258.196
193.67 258.227
193.858 258.477
194.045 258.727
194.233 258.977
194.364 259.152
194.42 259.227
194.608 259.477
194.741 259.654
194.795 259.727
194.983 259.977
195.066 260.087
195.122 260.163
195.17 260.227
195.358 260.477
195.545 260.727
195.733 260.977
195.866 261.154
195.897 261.196
195.92 261.227
196.108 261.477
196.272 261.696
196.295 261.727
196.483 261.977
196.602 262.135
196.647 262.196
196.67 262.227
196.858 262.477
197.045 262.727
197.233 262.977
197.384 263.179
197.42 263.227
197.608 263.477
197.731 263.642
197.795 263.727
197.983 263.977
198.108 264.144
198.117 264.156
198.17 264.227
198.358 264.477
198.545 264.727
198.733 264.977
198.897 265.196
198.92 265.227
199.108 265.477
199.272 265.696
199.295 265.727
199.483 265.977
199.647 266.196
199.67 266.227
199.858 266.477
200.045 266.727
200.233 266.977
200.32 267.094
200.42 267.227
200.608 267.477
200.772 267.696
200.795 267.727
200.983 267.977
201.125 268.167
201.147 268.196
201.17 268.227
201.358 268.477
201.545 268.727
201.733 268.977
201.816 269.087
201.897 269.196
201.92 269.227
202.084 269.446
202.108 269.477
202.272 269.696
202.295 269.727
202.483 269.977
202.55 270.067
202.67 270.227
202.858 270.477
203.022 270.696
203.045 270.727
203.233 270.977
203.33 271.106
203.389 271.185
203.42 271.227
203.608 271.477
203.694 271.592
203.72 271.627
203.795 271.727
203.983 271.977
204.077 272.102
204.086 272.115
204.17 272.227
204.358 272.477
204.469 272.625
204.481 272.642
204.545 272.727
204.733 272.977
204.834 273.113
204.884 273.179
204.897 273.196
204.92 273.227
205.108 273.477
205.197 273.596
205.236 273.648
205.272 273.696
205.295 273.727
205.483 273.977
205.578 274.104
205.591 274.121
205.647 274.196
205.67 274.227
205.858 274.477
206.045 274.727
206.233 274.977
206.42 275.227
206.608 275.477
206.772 275.696
206.795 275.727
206.983 275.977
207.091 276.121
207.147 276.196
207.17 276.227
207.358 276.477
207.545 276.727
207.733 276.977
207.883 277.177
207.897 277.196
207.92 277.227
208.108 277.477
208.272 277.696
208.295 277.727
208.483 277.977
208.591 278.121
208.647 278.196
208.67 278.227
208.858 278.477
209.045 278.727
209.233 278.977
209.42 279.227
209.608 279.477
209.772 279.696
209.795 279.727
209.983 279.977
210.147 280.196
210.17 280.227
210.358 280.477
210.434 280.579
210.491 280.654
210.545 280.727
210.733 280.977
210.819 281.092
210.848 281.131
210.92 281.227
211.108 281.477
211.192 281.59
211.194 281.592
211.295 281.727
211.483 281.977
211.57 282.094
211.572 282.096
211.67 282.227
211.858 282.477
212.022 282.696
212.045 282.727
212.233 282.977
212.397 283.196
212.42 283.227
212.608 283.477
212.772 283.696
212.795 283.727
212.983 283.977
213.147 284.196
213.17 284.227
213.358 284.477
213.522 284.696
213.545 284.727
213.733 284.977
213.836 285.115
213.842 285.123
213.897 285.196
213.92 285.227
214.272 285.696
214.295 285.727
214.483 285.977
214.583 286.11
214.614 286.152
214.67 286.227
214.858 286.477
215.022 286.696
215.045 286.727
215.233 286.977
215.42 287.227
215.608 287.477
215.795 287.727
215.983 287.977
216.17 288.227
216.358 288.477
216.545 288.727
216.733 288.977
216.845 289.127
216.897 289.196
216.92 289.227
217.108 289.477
217.227 289.635
217.272 289.696
217.295 289.727
217.483 289.977
217.642 290.19
217.647 290.196
217.647 290.196
217.834 290.446
218.022 290.696
218.209 290.946
218.397 291.196
218.584 291.446
218.745 291.66
218.772 291.696
218.772 291.696
218.959 291.946
219.109 292.146
219.147 292.196
219.147 292.196
219.334 292.446
219.522 292.696
219.709 292.946
219.883 293.177
219.897 293.196
219.897 293.196
220.084 293.446
220.234 293.646
220.272 293.696
220.272 293.696
220.459 293.946
220.63 294.173
220.647 294.196
220.647 294.196
220.834 294.446
221.022 294.696
221.209 294.946
221.397 295.196
221.584 295.446
221.772 295.696
221.772 295.696
221.777 295.702
221.925 295.9
221.959 295.946
221.959 295.946
222.127 296.169
222.147 296.196
222.334 296.446
222.461 296.615
222.522 296.696
222.709 296.946
222.848 297.131
222.897 297.196
223.084 297.446
223.22 297.627
223.272 297.696
223.459 297.946
223.588 298.117
223.6 298.133
223.603 298.137
223.605 298.14
223.608 298.144
223.611 298.148
224.022 298.696
224.397 299.196
224.772 299.696
225.147 300.196
225.72 300.96
226.261 301.681
226.827 302.435
229.444 305.925
229.542 306.056
229.638 306.183
229.706 306.275
229.725 306.3
230.17 306.894
230.397 307.196
230.491 307.321
230.572 307.429
230.775 307.7
230.786 307.715
231.006 308.008
231.027 308.035
231.236 308.315
231.309 308.413
231.48 308.64
231.723 308.965
231.736 308.981
231.986 309.315
232.264 309.685
232.617 310.156
232.958 310.61
233.053 310.738
233.656 311.542
