3.90576 4.23125
3.90576 4.23125
3.90576 4.23125
4.13653 4.48125
4.3673 4.73125
4.59807 4.98125
4.82884 5.23125
4.82884 5.23125
5.0596 5.48125
5.0596 5.48125
5.29037 5.73125
5.29037 5.73125
5.52114 5.98125
5.52114 5.98125
5.75191 6.23125
5.75191 6.23125
5.75191 6.23125
5.98268 6.48125
6.21345 6.73125
6.21345 6.73125
6.44422 6.98125
6.67499 7.23125
6.67499 7.23125
6.90575 7.48125
7.13652 7.73125
7.13652 7.73125
7.36729 7.98125
7.59806 8.23125
7.59806 8.23125
7.59998 8.23333
7.82883 8.48125
8.0596 8.73125
8.29037 8.98125
8.52114 9.23125
8.74806 9.47708
8.7519 9.48125
8.97306 9.72083
8.98267 9.73125
9.21344 9.98125
9.21921 9.9875
9.44421 10.2312
9.44421 10.2312
9.4519 10.2396
9.67498 10.4812
9.90575 10.7312
9.91536 10.7417
10.1365 10.9812
10.3596 11.2229
10.3673 11.2312
10.5981 11.4812
10.8 11.7
10.8288 11.7312
11.0596 11.9812
11.0596 11.9812
11.2904 12.2313
11.2904 12.2313
11.2904 12.2313
11.2904 12.2313
11.7519 12.7312
11.9827 12.9812
12.2134 13.2312
12.4442 13.4813
12.4442 13.4813
12.675 13.7312
12.675 13.7312
12.9057 13.9812
12.9057 13.9812
13.1365 14.2312
13.1365 14.2312
13.1365 14.2312
13.1365 14.2312
13.3673 14.4812
13.598 14.7313
13.598 14.7313
13.8288 14.9812
13.8288 14.9812
14.0596 15.2312
14.2904 15.4812
14.5211 15.7312
14.5211 15.7312
14.9827 16.2312
14.9827 16.2312
14.9827 16.2312
14.9827 16.2312
15.675 16.9812
15.675 16.9812
15.675 16.9812
15.675 16.9812
16.3673 17.7312
16.3673 17.7312
16.3673 17.7312
16.3673 17.7312
16.8288 18.2312
16.8288 18.2312
16.8288 18.2312
16.8288 18.2312
19.598 21.2312
19.598 21.2312
20.0596 21.7312
20.5211 22.2312
20.5211 22.2312
20.5211 22.2312
20.95 22.6958
20.9826 22.7312
21.175 22.9396
21.423 23.2083
21.4442 23.2313
21.4442 23.2313
21.8769 23.7
21.9057 23.7312
22.1115 23.9542
22.1365 23.9812
22.348 24.2104
22.3673 24.2312
22.598 24.4813
22.8288 24.7312
23.0596 24.9812
23.2903 25.2312
23.2903 25.2312
23.2903 25.2312
23.7519 25.7313
24.2134 26.2312
24.2134 26.2312
24.2134 26.2312
24.6557 26.7104
24.6749 26.7312
24.8865 26.9604
25.1288 27.2229
25.1365 27.2312
25.1365 27.2312
25.5499 27.6792
25.598 27.7312
25.7807 27.9292
25.8288 27.9812
26.0269 28.1958
26.0596 28.2312
26.0596 28.2312
26.0596 28.2312
26.2903 28.4812
26.5211 28.7312
26.7519 28.9812
26.9826 29.2312
26.9826 29.2312
26.9826 29.2312
27.2134 29.4812
27.4442 29.7312
27.9057 30.2312
27.9057 30.2312
27.9057 30.2312
28.3442 30.7063
28.3672 30.7312
28.5615 30.9417
28.8038 31.2042
28.8288 31.2312
28.8288 31.2312
28.8288 31.2312
29.0596 31.4812
29.2672 31.7063
29.2903 31.7312
29.5211 31.9812
29.7153 32.1917
29.7519 32.2313
30.1846 32.7
30.2134 32.7313
30.4192 32.9542
30.6749 33.2313
30.6749 33.2313
30.8365 33.4062
30.9057 33.4813
31.1365 33.7313
31.3672 33.9813
31.5807 34.2125
31.598 34.2313
31.598 34.2313
32.0269 34.6958
32.0595 34.7313
32.4942 35.2021
32.5211 35.2312
32.5211 35.2312
32.5211 35.2312
32.7326 35.4604
32.9826 35.7313
33.2134 35.9813
33.3845 36.1667
33.4442 36.2313
33.4442 36.2313
33.4442 36.2313
33.9057 36.7313
34.1365 36.9813
34.3672 37.2313
34.3672 37.2313
34.3672 37.2313
34.3672 37.2313
34.598 37.4813
34.8288 37.7312
35.2903 38.2313
35.2903 38.2313
35.2903 38.2313
35.2903 38.2313
35.2903 38.2313
35.7288 38.7062
35.7518 38.7313
35.948 38.9438
36.1768 39.1917
36.2134 39.2313
36.2134 39.2313
36.6192 39.6708
36.6749 39.7313
36.9057 39.9813
37.0999 40.1917
37.1365 40.2312
37.1365 40.2312
37.1365 40.2312
37.598 40.7313
37.8288 40.9813
38.0595 41.2313
38.0595 41.2313
38.0595 41.2313
38.2903 41.4812
38.4903 41.6979
38.5211 41.7313
38.5211 41.7313
38.7518 41.9813
38.9499 42.1958
38.9826 42.2313
38.9826 42.2313
38.9826 42.2313
38.9826 42.2313
39.4172 42.7021
39.4441 42.7312
39.873 43.1958
39.9057 43.2313
39.9057 43.2313
40.1365 43.4813
40.3461 43.7083
40.3672 43.7313
40.3672 43.7313
40.598 43.9812
40.7941 44.1938
40.8288 44.2313
40.8288 44.2313
40.8288 44.2313
40.8288 44.2313
41.2903 44.7313
41.7518 45.2312
41.7518 45.2312
41.7518 45.2312
41.7518 45.2312
42.1845 45.7
42.2134 45.7313
42.2134 45.7313
42.3941 45.9271
42.6614 46.2167
42.6749 46.2313
42.6749 46.2313
42.6749 46.2313
42.6749 46.2313
42.6749 46.2313
43.1288 46.7229
43.1364 46.7313
43.3788 46.9937
43.598 47.2313
43.598 47.2313
43.598 47.2313
43.6134 47.2479
43.8288 47.4813
44.048 47.7188
44.0595 47.7312
44.2826 47.9729
44.5211 48.2313
44.5211 48.2313
44.5211 48.2313
44.5211 48.2313
44.9826 48.7313
44.9826 48.7313
45.2057 48.9729
45.2134 48.9813
45.4441 49.2313
45.4441 49.2313
45.4538 49.2417
45.6749 49.4813
45.8941 49.7188
45.9057 49.7313
45.9057 49.7313
46.1364 49.9813
46.1518 49.9979
46.3672 50.2313
46.3672 50.2313
46.3672 50.2313
46.3672 50.2313
46.6326 50.5187
46.8287 50.7313
47.2903 51.2313
47.2903 51.2313
47.5211 51.4813
47.7307 51.7083
47.7518 51.7313
47.9249 51.9188
48.1749 52.1896
48.2134 52.2313
48.2134 52.2313
48.2134 52.2313
48.2134 52.2313
48.2134 52.2313
48.2134 52.2313
48.6537 52.7083
48.6749 52.7313
48.6749 52.7313
48.9037 52.9792
49.1364 53.2313
49.1364 53.2313
49.1364 53.2313
49.3287 53.4396
49.3672 53.4813
49.598 53.7313
49.598 53.7313
49.8287 53.9813
50.0441 54.2146
50.0595 54.2313
50.0595 54.2313
50.0595 54.2313
50.0595 54.2313
50.0595 54.2313
50.521 54.7313
50.9826 55.2313
50.9826 55.2313
51.2134 55.4813
51.4441 55.7313
51.4441 55.7313
51.6749 55.9813
51.6749 55.9813
51.9057 56.2313
51.9057 56.2313
51.9057 56.2313
51.9057 56.2313
51.9057 56.2313
52.3672 56.7313
52.598 56.9813
52.8287 57.2313
53.0595 57.4813
53.2903 57.7313
53.7518 58.2313
53.7518 58.2313
53.7518 58.2313
54.2133 58.7313
54.4441 58.9813
54.6749 59.2313
54.9057 59.4813
55.3672 59.9813
55.598 60.2313
55.598 60.2313
55.598 60.2313
55.598 60.2313
55.598 60.2313
56.0595 60.7313
56.2903 60.9813
56.521 61.2313
56.521 61.2313
56.521 61.2313
56.7518 61.4813
56.9826 61.7313
56.9826 61.7313
57.2133 61.9813
57.4441 62.2313
57.4441 62.2313
57.4441 62.2313
57.9056 62.7313
57.9056 62.7313
58.1364 62.9813
58.1364 62.9813
58.1364 62.9813
58.3672 63.2313
58.3672 63.2313
58.598 63.4813
58.598 63.4813
58.598 63.4813
58.8287 63.7313
58.8287 63.7313
59.0595 63.9813
59.2903 64.2313
59.2903 64.2313
59.2903 64.2313
59.2903 64.2313
59.2903 64.2313
59.7518 64.7313
59.9826 64.9813
60.2133 65.2313
60.2133 65.2313
60.4441 65.4813
60.6749 65.7313
60.6749 65.7313
60.9056 65.9813
60.9056 65.9813
60.9056 65.9813
60.9056 65.9813
61.3672 66.4813
61.5979 66.7313
61.5979 66.7313
61.8287 66.9813
61.9864 67.1521
62.0595 67.2313
62.0595 67.2313
62.0595 67.2313
62.2903 67.4813
62.3556 67.5521
62.521 67.7313
62.6768 67.9
62.9826 68.2313
62.9826 68.2313
62.9826 68.2313
62.9826 68.2313
62.9826 68.2313
62.9826 68.2313
62.9864 68.2354
63.421 68.7062
63.4441 68.7313
63.8979 69.2229
63.9056 69.2313
63.9056 69.2313
63.9056 69.2313
63.9056 69.2313
64.1364 69.4813
64.2403 69.5938
64.3672 69.7313
64.3672 69.7313
64.5268 69.9042
64.5979 69.9813
64.8152 70.2167
64.8287 70.2313
64.8287 70.2313
64.8287 70.2313
64.8287 70.2313
65.2749 70.7146
65.2902 70.7313
65.521 70.9813
65.521 70.9813
65.7499 71.2292
65.7518 71.2313
65.7518 71.2313
65.7518 71.2313
65.9826 71.4813
65.9826 71.4813
66.1864 71.7021
66.2133 71.7313
66.4326 71.9688
66.6749 72.2313
66.6749 72.2313
66.6749 72.2313
66.6749 72.2313
67.0979 72.6896
67.1364 72.7313
67.3672 72.9813
67.3672 72.9813
67.5979 73.2313
67.8287 73.4813
67.8287 73.4813
68.0595 73.7313
68.2902 73.9813
68.521 74.2313
68.521 74.2313
68.521 74.2313
68.521 74.2313
68.521 74.2313
68.521 74.2313
68.7518 74.4813
68.9825 74.7313
68.9825 74.7313
68.9825 74.7313
69.2133 74.9813
69.2133 74.9813
69.2133 74.9813
69.4441 75.2313
69.4441 75.2313
69.4441 75.2313
69.4441 75.2313
69.6749 75.4812
69.6749 75.4812
69.6749 75.4812
69.9056 75.7313
70.1364 75.9813
70.3672 76.2313
70.3672 76.2313
70.3672 76.2313
70.3672 76.2313
70.3672 76.2313
70.8287 76.7313
71.0595 76.9813
71.0595 76.9813
71.2902 77.2313
71.2902 77.2313
71.521 77.4813
71.7518 77.7313
72.2133 78.2313
72.2133 78.2313
72.2133 78.2313
72.4441 78.4813
72.6575 78.7125
72.6748 78.7313
72.8729 78.9458
72.9056 78.9813
72.9056 78.9813
73.1325 79.2271
73.1364 79.2313
73.1364 79.2313
73.3672 79.4813
73.3672 79.4813
73.5768 79.7083
73.5979 79.7313
73.8287 79.9813
74.0537 80.225
74.0595 80.2313
74.0595 80.2313
74.0595 80.2313
74.0595 80.2313
74.3941 80.5937
74.521 80.7313
74.7018 80.9271
74.9825 81.2313
74.9825 81.2313
74.9825 81.2313
75.0037 81.2542
75.2133 81.4813
75.3229 81.6
75.4441 81.7313
75.6152 81.9167
75.6748 81.9813
75.8979 82.2229
75.9056 82.2313
75.9056 82.2313
75.9056 82.2313
75.9056 82.2313
76.1364 82.4813
76.3671 82.7313
76.5979 82.9812
76.5979 82.9812
76.5979 82.9812
76.7556 83.1521
76.8287 83.2313
77.0595 83.4813
77.0595 83.4813
77.1248 83.5521
77.446 83.9
77.7518 84.2313
77.7518 84.2313
77.7518 84.2313
77.7518 84.2313
77.7518 84.2313
77.7556 84.2354
78.2133 84.7313
78.6671 85.2229
78.6748 85.2313
78.6748 85.2313
78.6748 85.2313
78.6748 85.2313
78.9056 85.4812
79.0095 85.5937
79.1364 85.7313
79.296 85.9042
79.5844 86.2167
79.5979 86.2313
79.5979 86.2313
79.5979 86.2313
79.5979 86.2313
80.0594 86.7313
80.2902 86.9813
80.2902 86.9813
80.5075 87.2167
80.521 87.2313
80.7518 87.4813
80.7518 87.4813
80.8479 87.5854
80.9825 87.7313
80.9825 87.7313
81.1806 87.9458
81.2133 87.9812
81.4441 88.2313
81.4441 88.2313
81.4441 88.2313
81.4441 88.2313
81.4518 88.2396
81.6748 88.4813
81.9056 88.7313
81.9056 88.7313
81.9056 88.7313
82.1364 88.9813
82.3671 89.2313
82.3671 89.2313
82.5979 89.4813
82.8287 89.7313
82.8287 89.7313
83.0594 89.9813
83.2902 90.2313
83.2902 90.2313
83.2902 90.2313
83.521 90.4812
83.7517 90.7313
83.7517 90.7313
83.9825 90.9813
84.2133 91.2313
84.2133 91.2313
84.4441 91.4813
84.6748 91.7313
84.6748 91.7313
84.9056 91.9813
85.1364 92.2313
85.1364 92.2313
85.1364 92.2313
85.1364 92.2313
85.3671 92.4813
85.5979 92.7313
85.5979 92.7313
85.8287 92.9812
86.0594 93.2313
86.0594 93.2313
86.2902 93.4813
86.521 93.7313
86.521 93.7313
86.7517 93.9813
86.9825 94.2313
86.9825 94.2313
86.9825 94.2313
86.9825 94.2313
87.2133 94.4813
87.444 94.7313
87.444 94.7313
87.6748 94.9813
87.9056 95.2313
87.9056 95.2313
87.9056 95.2313
87.9056 95.2313
88.1364 95.4812
88.3671 95.7313
88.3671 95.7313
88.3671 95.7313
88.5979 95.9813
88.5979 95.9813
88.8287 96.2313
88.8287 96.2313
88.8287 96.2313
88.8287 96.2313
89.0594 96.4813
89.2902 96.7313
89.2902 96.7313
89.521 96.9813
89.7517 97.2313
89.7517 97.2313
89.7517 97.2313
89.9825 97.4813
89.9825 97.4813
90.2133 97.7313
90.2133 97.7313
90.2133 97.7313
90.444 97.9812
90.444 97.9812
90.6748 98.2313
90.6748 98.2313
90.6748 98.2313
90.6748 98.2313
90.9056 98.4813
91.1363 98.7313
91.1363 98.7313
91.1363 98.7313
91.3671 98.9813
91.3671 98.9813
91.3671 98.9813
91.5979 99.2313
91.5979 99.2313
91.5979 99.2313
91.8287 99.4813
91.8287 99.4813
91.8287 99.4813
92.0594 99.7313
92.0594 99.7313
92.0594 99.7313
92.2902 99.9813
92.2902 99.9813
92.9825 100.731
92.9825 100.731
92.9825 100.731
92.9825 100.731
92.9825 100.731
93.6748 101.481
93.6748 101.481
93.6748 101.481
93.6748 101.481
93.6748 101.481
94.1363 101.981
94.1363 101.981
94.1363 101.981
94.1363 101.981
94.1363 101.981
94.3671 102.231
94.3671 102.231
94.3671 102.231
94.3671 102.231
94.3671 102.231
94.3671 102.231
95.2902 103.231
95.2902 103.231
96.2133 104.231
96.2133 104.231
96.2133 104.231
96.6421 104.696
96.6748 104.731
96.8671 104.94
97.1152 105.208
97.1363 105.231
97.1363 105.231
97.569 105.7
97.5979 105.731
97.8036 105.954
97.8286 105.981
98.0402 106.21
98.0594 106.231
98.2902 106.481
98.5209 106.731
98.7517 106.981
98.9825 107.231
98.9825 107.231
98.9825 107.231
99.444 107.731
99.9056 108.231
99.9056 108.231
99.9056 108.231
100.348 108.71
100.367 108.731
100.579 108.96
100.821 109.223
100.829 109.231
100.829 109.231
101.242 109.679
101.29 109.731
101.473 109.929
101.521 109.981
101.719 110.196
101.752 110.231
101.752 110.231
101.752 110.231
101.982 110.481
102.213 110.731
102.444 110.981
102.675 111.231
102.675 111.231
102.675 111.231
102.906 111.481
103.136 111.731
103.598 112.231
103.598 112.231
103.598 112.231
104.036 112.706
104.059 112.731
104.254 112.942
104.496 113.204
104.521 113.231
104.521 113.231
104.521 113.231
104.752 113.481
104.959 113.706
104.982 113.731
105.213 113.981
105.407 114.192
105.444 114.231
105.877 114.7
105.906 114.731
106.111 114.954
106.367 115.231
106.367 115.231
106.529 115.406
106.598 115.481
106.829 115.731
107.059 115.981
107.273 116.213
107.29 116.231
107.29 116.231
107.719 116.696
107.752 116.731
108.186 117.202
108.213 117.231
108.213 117.231
108.213 117.231
108.425 117.46
108.675 117.731
108.906 117.981
109.077 118.167
109.136 118.231
109.136 118.231
109.136 118.231
109.598 118.731
109.829 118.981
109.829 118.981
110.059 119.231
110.059 119.231
110.059 119.231
110.059 119.231
110.29 119.481
110.521 119.731
110.521 119.731
110.982 120.231
110.982 120.231
110.982 120.231
110.982 120.231
111.421 120.706
111.444 120.731
111.64 120.944
111.869 121.192
111.906 121.231
111.906 121.231
112.311 121.671
112.367 121.731
112.598 121.981
112.792 122.192
112.829 122.231
112.829 122.231
112.829 122.231
113.29 122.731
113.521 122.981
113.752 123.231
113.752 123.231
113.752 123.231
113.982 123.481
114.182 123.698
114.213 123.731
114.213 123.731
114.444 123.981
114.642 124.196
114.675 124.231
114.675 124.231
114.675 124.231
114.675 124.231
115.109 124.702
115.136 124.731
115.565 125.196
115.598 125.231
115.598 125.231
115.829 125.481
116.038 125.708
116.059 125.731
116.059 125.731
116.29 125.981
116.486 126.194
116.521 126.231
116.521 126.231
116.521 126.231
116.521 126.231
116.982 126.731
117.444 127.231
117.444 127.231
117.444 127.231
117.444 127.231
117.877 127.7
117.906 127.731
117.906 127.731
118.086 127.927
118.354 128.217
118.367 128.231
118.367 128.231
118.367 128.231
118.367 128.231
118.367 128.231
118.821 128.723
118.829 128.731
119.071 128.994
119.29 129.231
119.29 129.231
119.29 129.231
119.306 129.248
119.521 129.481
119.74 129.719
119.752 129.731
119.975 129.973
120.213 130.231
120.213 130.231
120.213 130.231
120.213 130.231
120.675 130.731
120.675 130.731
120.898 130.973
120.906 130.981
121.136 131.231
121.136 131.231
121.146 131.242
121.367 131.481
121.586 131.719
121.598 131.731
121.598 131.731
121.829 131.981
121.844 131.998
122.059 132.231
122.059 132.231
122.059 132.231
122.059 132.231
122.325 132.519
122.521 132.731
122.982 133.231
122.982 133.231
123.213 133.481
123.423 133.708
123.444 133.731
123.617 133.919
123.867 134.19
123.906 134.231
123.906 134.231
123.906 134.231
123.906 134.231
123.906 134.231
123.906 134.231
124.346 134.708
124.367 134.731
124.367 134.731
124.596 134.979
124.829 135.231
124.829 135.231
124.829 135.231
125.021 135.44
125.059 135.481
125.29 135.731
125.29 135.731
125.521 135.981
125.736 136.215
125.752 136.231
125.752 136.231
125.752 136.231
125.752 136.231
125.752 136.231
126.213 136.731
126.675 137.231
126.675 137.231
126.906 137.481
127.136 137.731
127.136 137.731
127.367 137.981
127.367 137.981
127.598 138.231
127.598 138.231
127.598 138.231
127.598 138.231
127.598 138.231
128.059 138.731
128.059 138.731
128.29 138.981
128.29 138.981
128.521 139.231
128.521 139.231
128.752 139.481
128.752 139.481
128.982 139.731
129.213 139.981
129.444 140.231
129.444 140.231
129.444 140.231
129.444 140.231
129.444 140.231
129.905 140.731
130.136 140.981
130.367 141.231
130.367 141.231
130.367 141.231
130.598 141.481
130.829 141.731
130.829 141.731
131.059 141.981
131.29 142.231
131.29 142.231
131.29 142.231
131.752 142.731
131.752 142.731
131.982 142.981
131.982 142.981
131.982 142.981
132.213 143.231
132.213 143.231
132.444 143.481
132.444 143.481
132.444 143.481
132.675 143.731
132.675 143.731
132.905 143.981
133.136 144.231
133.136 144.231
133.136 144.231
133.136 144.231
133.136 144.231
133.598 144.731
133.829 144.981
134.059 145.231
134.059 145.231
134.29 145.481
134.521 145.731
134.521 145.731
134.752 145.981
134.752 145.981
134.752 145.981
134.752 145.981
135.213 146.481
135.444 146.731
135.444 146.731
135.675 146.981
135.832 147.152
135.905 147.231
135.905 147.231
135.905 147.231
136.136 147.481
136.202 147.552
136.367 147.731
136.523 147.9
136.829 148.231
136.829 148.231
136.829 148.231
136.829 148.231
136.829 148.231
136.829 148.231
136.832 148.235
137.267 148.706
137.29 148.731
137.744 149.223
137.752 149.231
137.752 149.231
137.752 149.231
137.752 149.231
137.982 149.481
138.086 149.594
138.213 149.731
138.213 149.731
138.373 149.904
138.444 149.981
138.661 150.217
138.675 150.231
138.675 150.231
138.675 150.231
138.675 150.231
139.121 150.715
139.136 150.731
139.367 150.981
139.367 150.981
139.596 151.229
139.598 151.231
139.598 151.231
139.598 151.231
139.829 151.481
139.829 151.481
140.032 151.702
140.059 151.731
140.279 151.969
140.521 152.231
140.521 152.231
140.521 152.231
140.521 152.231
140.944 152.69
140.982 152.731
141.213 152.981
141.213 152.981
141.444 153.231
141.675 153.481
141.675 153.481
141.905 153.731
142.136 153.981
142.367 154.231
142.367 154.231
142.367 154.231
142.367 154.231
142.367 154.231
142.367 154.231
142.598 154.481
142.829 154.731
142.829 154.731
142.829 154.731
143.059 154.981
143.059 154.981
143.059 154.981
143.29 155.231
143.29 155.231
143.29 155.231
143.29 155.231
143.521 155.481
143.521 155.481
143.521 155.481
143.752 155.731
143.982 155.981
144.213 156.231
144.213 156.231
144.213 156.231
144.213 156.231
144.213 156.231
144.675 156.731
144.905 156.981
144.905 156.981
145.136 157.231
145.136 157.231
145.367 157.481
145.598 157.731
146.059 158.231
146.059 158.231
146.059 158.231
146.29 158.481
146.504 158.713
146.521 158.731
146.719 158.946
146.752 158.981
146.752 158.981
146.979 159.227
146.982 159.231
146.982 159.231
147.213 159.481
147.213 159.481
147.423 159.708
147.444 159.731
147.675 159.981
147.9 160.225
147.905 160.231
147.905 160.231
147.905 160.231
147.905 160.231
148.24 160.594
148.367 160.731
148.548 160.927
148.829 161.231
148.829 161.231
148.829 161.231
148.85 161.254
149.059 161.481
149.169 161.6
149.29 161.731
149.461 161.917
149.521 161.981
149.744 162.223
149.752 162.231
149.752 162.231
149.752 162.231
149.752 162.231
149.982 162.481
150.213 162.731
150.444 162.981
150.444 162.981
150.444 162.981
150.602 163.152
150.675 163.231
150.905 163.481
150.905 163.481
150.971 163.552
151.292 163.9
151.598 164.231
151.598 164.231
151.598 164.231
151.598 164.231
151.598 164.231
151.602 164.235
152.059 164.731
152.513 165.223
152.521 165.231
152.521 165.231
152.521 165.231
152.521 165.231
152.752 165.481
152.855 165.594
152.982 165.731
153.142 165.904
153.43 166.217
153.444 166.231
153.444 166.231
153.444 166.231
153.444 166.231
153.905 166.731
154.136 166.981
154.136 166.981
154.354 167.217
154.367 167.231
154.598 167.481
154.598 167.481
154.694 167.585
154.829 167.731
154.829 167.731
155.027 167.946
155.059 167.981
155.29 168.231
155.29 168.231
155.29 168.231
155.29 168.231
155.29 168.231
155.298 168.24
155.521 168.481
155.752 168.731
155.752 168.731
155.752 168.731
155.752 168.731
155.982 168.981
156.213 169.231
156.213 169.231
156.213 169.231
156.213 169.231
156.213 169.231
156.444 169.481
156.675 169.731
156.675 169.731
156.675 169.731
156.905 169.981
156.905 169.981
156.905 169.981
156.905 169.981
157.136 170.231
157.136 170.231
157.136 170.231
157.367 170.481
157.367 170.481
157.367 170.481
157.598 170.731
157.598 170.731
157.598 170.731
157.829 170.981
158.059 171.231
158.059 171.231
158.059 171.231
158.059 171.231
158.059 171.231
158.059 171.231
158.29 171.481
158.29 171.481
158.29 171.481
158.521 171.731
158.521 171.731
158.752 171.981
158.982 172.231
158.982 172.231
158.982 172.231
158.982 172.231
158.982 172.231
159.213 172.481
159.213 172.481
159.444 172.731
159.444 172.731
159.444 172.731
159.444 172.731
159.675 172.981
159.675 172.981
159.905 173.231
159.905 173.231
159.905 173.231
159.905 173.231
159.905 173.231
159.905 173.231
160.136 173.481
160.136 173.481
160.367 173.731
160.367 173.731
160.367 173.731
160.598 173.981
160.598 173.981
160.598 173.981
160.829 174.231
160.829 174.231
160.829 174.231
160.829 174.231
160.829 174.231
160.829 174.231
161.059 174.481
161.29 174.731
161.29 174.731
161.29 174.731
161.521 174.981
161.521 174.981
161.752 175.231
161.752 175.231
161.752 175.231
161.752 175.231
161.752 175.231
161.752 175.231
161.982 175.481
161.982 175.481
162.213 175.731
162.213 175.731
162.213 175.731
162.213 175.731
162.213 175.731
162.444 175.981
162.444 175.981
162.675 176.231
162.675 176.231
162.675 176.231
162.675 176.231
162.675 176.231
162.675 176.231
162.675 176.231
162.905 176.481
162.905 176.481
163.136 176.731
163.136 176.731
163.136 176.731
163.136 176.731
163.367 176.981
163.367 176.981
163.598 177.231
163.598 177.231
163.598 177.231
163.598 177.231
163.598 177.231
163.598 177.231
163.598 177.231
163.829 177.481
163.829 177.481
164.059 177.731
164.059 177.731
164.059 177.731
164.29 177.981
164.29 177.981
164.29 177.981
164.521 178.231
164.521 178.231
164.521 178.231
164.521 178.231
164.521 178.231
164.521 178.231
164.752 178.481
164.752 178.481
164.982 178.731
164.982 178.731
164.982 178.731
164.982 178.731
165.213 178.981
165.213 178.981
165.444 179.231
165.444 179.231
165.444 179.231
165.444 179.231
165.444 179.231
165.444 179.231
165.675 179.481
165.905 179.731
165.905 179.731
166.136 179.981
166.136 179.981
166.367 180.231
166.367 180.231
166.367 180.231
166.367 180.231
166.367 180.231
166.367 180.231
166.598 180.481
166.828 180.731
166.828 180.731
166.828 180.731
166.828 180.731
167.059 180.981
167.29 181.231
167.29 181.231
167.29 181.231
167.29 181.231
167.29 181.231
167.29 181.231
167.29 181.231
167.29 181.231
167.521 181.481
167.752 181.731
167.752 181.731
167.752 181.731
167.752 181.731
167.752 181.731
167.752 181.731
167.982 181.981
167.982 181.981
168.213 182.231
168.213 182.231
168.213 182.231
168.213 182.231
168.213 182.231
168.213 182.231
168.444 182.481
168.652 182.706
168.675 182.731
168.675 182.731
168.675 182.731
168.905 182.981
169.111 183.204
169.136 183.231
169.136 183.231
169.136 183.231
169.136 183.231
169.136 183.231
169.136 183.231
169.367 183.481
169.367 183.481
169.448 183.569
169.598 183.731
169.598 183.731
169.753 183.9
169.828 183.981
170.042 184.213
170.059 184.231
170.059 184.231
170.059 184.231
170.059 184.231
170.29 184.481
170.29 184.481
170.29 184.481
170.521 184.731
170.521 184.731
170.752 184.981
170.752 184.981
170.982 185.231
170.982 185.231
170.982 185.231
171.213 185.481
171.213 185.481
171.444 185.731
171.444 185.731
171.675 185.981
171.675 185.981
171.905 186.231
171.905 186.231
171.905 186.231
171.905 186.231
171.905 186.231
172.136 186.481
172.136 186.481
172.367 186.731
172.367 186.731
172.598 186.981
172.598 186.981
172.598 186.981
172.828 187.231
172.828 187.231
172.828 187.231
172.828 187.231
173.059 187.481
173.059 187.481
173.29 187.731
173.29 187.731
173.405 187.856
173.521 187.981
173.636 188.106
173.752 188.231
173.752 188.231
173.752 188.231
173.752 188.231
173.752 188.231
173.982 188.481
174.213 188.731
174.213 188.731
174.23 188.75
174.23 188.75
174.444 188.981
174.675 189.231
174.675 189.231
174.675 189.231
174.675 189.231
174.675 189.231
174.675 189.231
174.675 189.231
174.905 189.481
175.136 189.731
175.136 189.731
175.136 189.731
175.136 189.731
175.136 189.731
175.367 189.981
175.367 189.981
175.598 190.231
175.598 190.231
175.598 190.231
175.598 190.231
175.598 190.231
175.598 190.231
175.828 190.481
176.059 190.731
176.059 190.731
176.059 190.731
176.059 190.731
176.29 190.981
176.521 191.231
176.521 191.231
176.521 191.231
176.521 191.231
176.521 191.231
176.521 191.231
176.521 191.231
176.752 191.481
176.982 191.731
176.982 191.731
176.982 191.731
176.982 191.731
177.213 191.981
177.213 191.981
177.444 192.231
177.444 192.231
177.444 192.231
177.444 192.231
177.444 192.231
177.444 192.231
177.675 192.481
177.742 192.554
177.905 192.731
177.905 192.731
177.905 192.731
177.905 192.731
178.067 192.906
178.136 192.981
178.367 193.231
178.367 193.231
178.367 193.231
178.367 193.231
178.367 193.231
178.367 193.231
178.367 193.231
178.378 193.244
178.598 193.481
178.828 193.731
178.828 193.731
178.828 193.731
179.032 193.952
179.059 193.981
179.059 193.981
179.286 194.227
179.29 194.231
179.29 194.231
179.29 194.231
179.29 194.231
179.29 194.231
179.521 194.481
179.705 194.681
179.752 194.731
179.752 194.731
179.982 194.981
179.982 194.981
179.982 194.981
180.213 195.231
180.213 195.231
180.444 195.481
180.675 195.731
180.675 195.731
180.675 195.731
180.905 195.981
180.905 195.981
181.136 196.231
181.136 196.231
181.136 196.231
181.136 196.231
181.367 196.481
181.55 196.679
181.598 196.731
181.828 196.981
182.019 197.188
182.059 197.231
182.059 197.231
182.059 197.231
182.059 197.231
182.29 197.481
182.49 197.698
182.521 197.731
182.521 197.731
182.703 197.929
182.752 197.981
182.752 197.981
182.752 197.981
182.952 198.198
182.982 198.231
182.982 198.231
183.213 198.481
183.39 198.673
183.444 198.731
183.444 198.731
183.675 198.981
183.859 199.181
183.905 199.231
183.905 199.231
183.905 199.231
183.905 199.231
184.136 199.481
184.35 199.713
184.367 199.731
184.367 199.731
184.598 199.981
184.828 200.231
184.828 200.231
184.828 200.231
184.828 200.231
184.828 200.231
184.828 200.231
184.88 200.287
185.29 200.731
185.752 201.231
185.752 201.231
185.752 201.231
185.752 201.231
185.752 201.231
185.752 201.231
185.982 201.481
186.213 201.731
186.444 201.981
186.444 201.981
186.675 202.231
186.675 202.231
186.675 202.231
186.905 202.481
186.905 202.481
186.905 202.481
187.136 202.731
187.367 202.981
187.367 202.981
187.598 203.231
187.598 203.231
187.598 203.231
187.828 203.481
188.29 203.981
188.521 204.231
188.521 204.231
188.575 204.29
188.982 204.731
189.444 205.231
189.444 205.231
190.323 206.183
190.367 206.231
190.367 206.231
190.828 206.731
190.828 206.731
191.059 206.981
191.29 207.231
191.29 207.231
191.521 207.481
191.752 207.731
191.982 207.981
192.213 208.231
192.213 208.231
192.213 208.231
192.213 208.231
192.277 208.3
192.675 208.731
193.136 209.231
193.367 209.481
193.598 209.731
194.048 210.219
194.059 210.231
194.059 210.231
194.521 210.731
194.909 211.152
194.982 211.231
194.982 211.231
195.278 211.552
195.6 211.9
195.905 212.231
195.905 212.231
195.909 212.235
195.948 212.277
195.971 212.302
195.977 212.308
196.344 212.706
196.367 212.731
196.821 213.223
196.828 213.231
197.059 213.481
197.163 213.594
197.29 213.731
197.45 213.904
197.738 214.217
197.752 214.231
197.752 214.231
197.752 214.231
198.198 214.715
198.213 214.731
198.673 215.229
198.675 215.231
199.109 215.702
199.136 215.731
199.355 215.969
199.598 216.231
199.598 216.231
199.598 216.231
199.598 216.231
200.021 216.69
200.059 216.731
200.29 216.981
200.29 216.981
200.521 217.231
200.752 217.481
200.752 217.481
200.982 217.731
201.213 217.981
201.444 218.231
201.444 218.231
201.444 218.231
201.444 218.231
201.444 218.231
201.444 218.231
201.675 218.481
201.905 218.731
201.905 218.731
201.905 218.731
202.136 218.981
202.136 218.981
202.136 218.981
202.367 219.231
202.367 219.231
202.367 219.231
202.367 219.231
202.598 219.481
202.598 219.481
202.598 219.481
202.828 219.731
203.059 219.981
203.29 220.231
203.29 220.231
203.29 220.231
203.29 220.231
203.29 220.231
203.751 220.731
203.982 220.981
203.982 220.981
204.213 221.231
204.213 221.231
204.444 221.481
204.675 221.731
205.136 222.231
205.136 222.231
205.136 222.231
205.367 222.481
205.58 222.713
205.598 222.731
205.796 222.946
205.828 222.981
205.828 222.981
206.055 223.227
206.059 223.231
206.059 223.231
206.29 223.481
206.29 223.481
206.5 223.708
206.521 223.731
206.751 223.981
206.976 224.225
206.982 224.231
206.982 224.231
206.982 224.231
206.982 224.231
207.317 224.594
207.444 224.731
207.625 224.927
207.905 225.231
207.905 225.231
207.905 225.231
207.926 225.254
208.136 225.481
208.246 225.6
208.367 225.731
208.538 225.917
208.598 225.981
208.821 226.223
208.828 226.231
208.828 226.231
208.828 226.231
208.828 226.231
209.059 226.481
209.29 226.731
209.521 226.981
209.521 226.981
209.521 226.981
209.678 227.152
209.751 227.231
209.982 227.481
209.982 227.481
210.048 227.552
210.369 227.9
210.675 228.231
210.675 228.231
210.675 228.231
210.675 228.231
210.675 228.231
210.678 228.235
211.136 228.731
211.59 229.223
211.598 229.231
211.598 229.231
211.598 229.231
211.598 229.231
211.828 229.481
211.932 229.594
212.059 229.731
212.219 229.904
212.507 230.217
212.521 230.231
212.521 230.231
212.521 230.231
212.521 230.231
212.982 230.731
213.213 230.981
213.213 230.981
213.43 231.217
213.444 231.231
213.675 231.481
213.675 231.481
213.771 231.585
213.905 231.731
213.905 231.731
214.103 231.946
214.136 231.981
214.367 232.231
214.367 232.231
214.367 232.231
214.375 232.24
214.598 232.481
214.828 232.731
214.828 232.731
215.059 232.981
215.29 233.231
215.29 233.231
215.521 233.481
215.751 233.731
215.982 233.981
216.213 234.231
216.213 234.231
216.213 234.231
216.213 234.231
216.444 234.481
216.675 234.731
216.675 234.731
216.905 234.981
216.905 234.981
216.905 234.981
216.905 234.981
217.136 235.231
217.136 235.231
217.136 235.231
217.136 235.231
217.367 235.481
217.367 235.481
217.598 235.731
217.828 235.981
217.828 235.981
218.059 236.231
218.059 236.231
218.059 236.231
218.059 236.231
218.521 236.731
218.751 236.981
218.751 236.981
218.982 237.231
219.213 237.481
219.444 237.731
219.905 238.231
219.905 238.231
219.905 238.231
220.136 238.481
220.311 238.671
220.367 238.731
220.55 238.929
220.598 238.981
220.598 238.981
220.807 239.208
220.828 239.231
221.059 239.481
221.059 239.481
221.117 239.544
221.432 239.885
221.75 240.229
221.751 240.231
221.751 240.231
221.751 240.231
222.213 240.731
222.675 241.231
222.675 241.231
222.905 241.481
223.096 241.688
223.136 241.731
223.367 241.981
223.553 242.183
223.598 242.231
223.598 242.231
223.598 242.231
223.828 242.481
224.059 242.731
224.29 242.981
224.29 242.981
224.29 242.981
224.521 243.231
224.736 243.465
224.751 243.481
224.751 243.481
225.186 243.952
225.444 244.231
225.444 244.231
225.444 244.231
225.444 244.231
225.446 244.233
225.905 244.731
226.367 245.231
226.367 245.231
226.367 245.231
226.598 245.481
226.603 245.488
226.828 245.731
227.263 246.202
227.29 246.231
227.29 246.231
227.29 246.231
227.751 246.731
227.982 246.981
227.982 246.981
228.213 247.231
228.444 247.481
228.444 247.481
228.675 247.731
229.103 248.196
229.107 248.2
229.109 248.202
229.115 248.208
229.621 248.756
230.05 249.221
230.057 249.229
230.515 249.725
230.525 249.735
230.734 249.963
230.957 250.204
230.975 250.223
230.99 250.24
230.992 250.242
230.998 250.248
231.405 250.69
231.882 251.206
231.892 251.217
232.35 251.713
232.828 252.231
232.828 252.231
232.828 252.231
233.059 252.481
233.29 252.731
233.521 252.981
233.751 253.231
233.751 253.231
233.982 253.481
233.982 253.481
234.213 253.731
234.213 253.731
234.444 253.981
234.444 253.981
234.675 254.231
234.675 254.231
234.675 254.231
234.905 254.481
235.136 254.731
235.136 254.731
235.367 254.981
235.598 255.231
235.598 255.231
235.828 255.481
236.059 255.731
236.059 255.731
236.29 255.981
236.521 256.231
236.521 256.231
236.523 256.233
236.751 256.481
236.982 256.731
237.213 256.981
237.444 257.231
237.671 257.477
237.675 257.481
237.896 257.721
237.905 257.731
238.136 257.981
238.142 257.988
238.367 258.231
238.367 258.231
238.375 258.24
238.598 258.481
238.828 258.731
238.838 258.742
239.059 258.981
239.282 259.223
239.29 259.231
239.521 259.481
239.723 259.7
239.751 259.731
239.982 259.981
239.982 259.981
240.213 260.231
240.213 260.231
240.213 260.231
240.213 260.231
240.674 260.731
240.905 260.981
241.136 261.231
241.367 261.481
241.367 261.481
241.598 261.731
241.598 261.731
241.828 261.981
241.828 261.981
242.059 262.231
242.059 262.231
242.059 262.231
242.059 262.231
242.29 262.481
242.521 262.731
242.521 262.731
242.751 262.981
242.751 262.981
242.982 263.231
243.213 263.481
243.444 263.731
243.444 263.731
243.79 264.106
243.842 264.163
243.905 264.231
243.907 264.233
243.928 264.256
243.967 264.298
244.182 264.531
244.405 264.773
244.649 265.038
244.946 265.358
245.18 265.613
245.465 265.921
246.092 266.6
246.117 266.627
246.188 266.704
246.19 266.706
246.315 266.842
247.23 267.833
247.23 267.833
247.517 268.144
248.115 268.792
249.861 270.683
249.999 270.833
250.042 270.879
250.109 270.952
250.415 271.283
250.682 271.573
250.896 271.804
251.111 272.038
251.323 272.267
251.784 272.767
251.992 272.992
252.232 273.252
252.613 273.665
253.213 274.315
253.721 274.865
254.517 275.727
254.703 275.929
254.846 276.083
254.928 276.173
255.053 276.308
