0.902244 1.37292
1.5334 2.33333
1.64156 2.49792
1.74151 2.65
1.8661 2.83958
1.99616 3.0375
2.08516 3.17292
2.17962 3.31667
2.32475 3.5375
2.42059 3.68333
2.53149 3.85208
2.60131 3.95833
2.71632 4.13333
2.82174 4.29375
2.89019 4.39792
2.96139 4.50625
3.08324 4.69167
3.19824 4.86667
3.30777 5.03333
3.36664 5.12292
3.36664 5.12292
3.36664 5.12292
3.36664 5.12292
3.36938 5.12708
3.37623 5.1375
4.71932 7.18125
6.01176 9.14792
6.63745 10.1
6.9455 10.5687
7.31926 11.1375
7.96685 12.1229
8.62403 13.1229
8.62403 13.1229
8.62403 13.1229
8.62403 13.1229
8.62403 13.1229
8.62403 13.1229
8.62403 13.1229
8.78832 13.3729
8.78832 13.3729
8.95261 13.6229
8.95261 13.6229
9.60979 14.6229
9.60979 14.6229
9.77408 14.8729
9.77408 14.8729
9.93837 15.1229
9.93837 15.1229
11.2527 17.1229
11.2527 17.1229
11.417 17.3729
11.417 17.3729
11.5813 17.6229
11.5813 17.6229
12.2385 18.6229
12.2385 18.6229
12.4028 18.8729
12.4028 18.8729
12.5671 19.1229
12.5671 19.1229
13.8814 21.1229
13.8814 21.1229
13.8814 21.1229
13.8814 21.1229
13.8814 21.1229
13.8814 21.1229
15.1958 23.1229
16.5101 25.1229
17.1673 26.1229
17.4959 26.6229
17.8244 27.1229
18.4816 28.1229
19.1388 29.1229
19.1388 29.1229
19.1388 29.1229
19.1388 29.1229
19.1388 29.1229
19.1388 29.1229
19.1388 29.1229
19.3031 29.3729
19.3031 29.3729
19.4674 29.6229
19.4674 29.6229
20.1246 30.6229
20.1246 30.6229
20.2888 30.8729
20.2888 30.8729
20.4531 31.1229
20.4531 31.1229
21.7675 33.1229
21.7675 33.1229
21.9318 33.3729
21.9318 33.3729
22.0961 33.6229
22.0961 33.6229
22.7532 34.6229
22.7532 34.6229
22.9175 34.8729
22.9175 34.8729
23.0818 35.1229
23.0818 35.1229
24.3962 37.1229
24.3962 37.1229
24.7248 37.6229
25.0534 38.1229
25.3819 38.6229
25.3819 38.6229
25.7105 39.1229
26.0391 39.6229
26.0391 39.6229
26.3677 40.1229
26.3677 40.1229
26.6963 40.6229
26.6963 40.6229
27.0249 41.1229
27.0249 41.1229
27.3535 41.6229
27.682 42.1229
27.682 42.1229
27.8463 42.3729
28.0106 42.6229
28.0106 42.6229
28.6678 43.6229
28.9964 44.1229
29.325 44.6229
29.6536 45.1229
29.6536 45.1229
29.9821 45.6229
29.9821 45.6229
30.3107 46.1229
30.6393 46.6229
30.6393 46.6229
30.9679 47.1229
30.9679 47.1229
31.2965 47.6229
31.2965 47.6229
31.6251 48.1229
31.6251 48.1229
31.9537 48.6229
31.9537 48.6229
32.2823 49.1229
32.2823 49.1229
32.2823 49.1229
32.6108 49.6229
32.9394 50.1229
32.9394 50.1229
33.1037 50.3729
33.268 50.6229
33.268 50.6229
33.5966 51.1229
33.9252 51.6229
34.2538 52.1229
34.2538 52.1229
34.5824 52.6229
34.5824 52.6229
34.9109 53.1229
34.9109 53.1229
35.2395 53.6229
35.5681 54.1229
35.8967 54.6229
35.8967 54.6229
36.2253 55.1229
36.2253 55.1229
36.5539 55.6229
36.5539 55.6229
36.8825 56.1229
36.8825 56.1229
37.2111 56.6229
37.2111 56.6229
37.5396 57.1229
37.5396 57.1229
37.8682 57.6229
37.8682 57.6229
38.1968 58.1229
38.5254 58.6229
38.5254 58.6229
38.854 59.1229
38.854 59.1229
39.1826 59.6229
39.5112 60.1229
39.8397 60.6229
40.1683 61.1229
40.1683 61.1229
40.4969 61.6229
40.8255 62.1229
41.1541 62.6229
41.1541 62.6229
41.4827 63.1229
41.4827 63.1229
41.8113 63.6229
41.8113 63.6229
42.1398 64.1229
42.1398 64.1229
42.4684 64.6229
42.797 65.1229
42.797 65.1229
43.1256 65.6229
43.4542 66.1229
43.7828 66.6229
44.1114 67.1229
44.44 67.6229
44.44 67.6229
44.7685 68.1229
44.7685 68.1229
45.0971 68.6229
45.0971 68.6229
45.4257 69.1229
45.4257 69.1229
45.4257 69.1229
45.7543 69.6229
46.0829 70.1229
46.4115 70.6229
46.4115 70.6229
46.7401 71.1229
46.7401 71.1229
47.0686 71.6229
47.0686 71.6229
47.3972 72.1229
47.3972 72.1229
47.7258 72.6229
47.7258 72.6229
47.7258 72.6229
48.0544 73.1229
48.0544 73.1229
48.0544 73.1229
48.383 73.6229
48.383 73.6229
48.7116 74.1229
49.0402 74.6229
49.3688 75.1229
49.6973 75.6229
49.6973 75.6229
50.0259 76.1229
50.0259 76.1229
50.3545 76.6229
50.3545 76.6229
50.6831 77.1229
50.6831 77.1229
50.6831 77.1229
51.0117 77.6229
51.0117 77.6229
51.3403 78.1229
51.6689 78.6229
51.6689 78.6229
51.9974 79.1229
51.9974 79.1229
52.326 79.6229
52.326 79.6229
52.6546 80.1229
52.6546 80.1229
52.9832 80.6229
52.9832 80.6229
53.3118 81.1229
53.3118 81.1229
53.3118 81.1229
53.6404 81.6229
53.969 82.1229
54.2976 82.6229
54.6261 83.1229
54.9547 83.6229
55.2833 84.1229
55.2833 84.1229
55.2833 84.1229
55.6119 84.6229
55.6119 84.6229
55.6119 84.6229
55.7762 84.8729
55.9405 85.1229
55.9405 85.1229
55.9405 85.1229
56.2691 85.6229
56.5977 86.1229
56.9262 86.6229
56.9262 86.6229
57.2548 87.1229
57.2548 87.1229
57.5834 87.6229
57.5834 87.6229
57.912 88.1229
57.912 88.1229
57.912 88.1229
58.2406 88.6229
58.2406 88.6229
58.2406 88.6229
58.4049 88.8729
58.5692 89.1229
58.5692 89.1229
58.5692 89.1229
58.8978 89.6229
58.8978 89.6229
59.2263 90.1229
59.5549 90.6229
59.5549 90.6229
59.8835 91.1229
59.8835 91.1229
60.2121 91.6229
60.2121 91.6229
60.5407 92.1229
60.5407 92.1229
60.8693 92.6229
60.8693 92.6229
61.1979 93.1229
61.1979 93.1229
61.1979 93.1229
61.5265 93.6229
61.855 94.1229
62.1836 94.6229
62.1836 94.6229
62.5122 95.1229
62.5122 95.1229
62.8408 95.6229
62.8408 95.6229
62.8408 95.6229
63.1694 96.1229
63.1694 96.1229
63.1694 96.1229
63.498 96.6229
63.8266 97.1229
63.8266 97.1229
63.8266 97.1229
64.1551 97.6229
64.4837 98.1229
64.8123 98.6229
65.1409 99.1229
65.4695 99.6229
65.7981 100.123
66.1267 100.623
66.1267 100.623
66.4553 101.123
66.4553 101.123
66.4553 101.123
66.7838 101.623
67.1124 102.123
67.441 102.623
67.441 102.623
67.7696 103.123
67.7696 103.123
67.7696 103.123
67.7696 103.123
67.7696 103.123
67.7696 103.123
68.0982 103.623
68.0982 103.623
68.0982 103.623
68.0982 103.623
68.0982 103.623
68.4268 104.123
68.4268 104.123
68.4268 104.123
68.4268 104.123
68.4268 104.123
68.7554 104.623
69.0839 105.123
69.0839 105.123
69.0839 105.123
69.4125 105.623
69.7411 106.123
69.9054 106.373
70.0697 106.623
70.0697 106.623
70.3983 107.123
70.3983 107.123
70.3983 107.123
70.3983 107.123
70.3983 107.123
70.3983 107.123
70.3983 107.123
70.7269 107.623
70.7269 107.623
70.7269 107.623
70.7269 107.623
70.7269 107.623
70.7269 107.623
71.0555 108.123
71.0555 108.123
71.0555 108.123
71.0555 108.123
71.0555 108.123
71.0555 108.123
71.0555 108.123
71.384 108.623
71.7126 109.123
71.7126 109.123
72.0412 109.623
72.3698 110.123
72.3698 110.123
72.6984 110.623
73.027 111.123
73.027 111.123
73.3556 111.623
73.6842 112.123
73.6842 112.123
74.0127 112.623
74.0127 112.623
74.3413 113.123
74.3413 113.123
74.6699 113.623
74.9985 114.123
75.3271 114.623
75.3271 114.623
75.3271 114.623
75.3271 114.623
75.6557 115.123
75.6557 115.123
75.6557 115.123
75.6557 115.123
75.9843 115.623
75.9843 115.623
75.9843 115.623
75.9843 115.623
76.3128 116.123
76.3128 116.123
76.3128 116.123
76.3128 116.123
76.3128 116.123
76.3128 116.123
76.3128 116.123
76.6414 116.623
76.97 117.123
76.97 117.123
77.2986 117.623
77.6272 118.123
77.9558 118.623
77.9558 118.623
77.9558 118.623
77.9558 118.623
77.9558 118.623
78.2844 119.123
78.2844 119.123
78.2844 119.123
78.2844 119.123
78.2844 119.123
78.2844 119.123
78.613 119.623
78.613 119.623
78.613 119.623
78.613 119.623
78.613 119.623
78.9415 120.123
78.9415 120.123
78.9415 120.123
78.9415 120.123
78.9415 120.123
79.2701 120.623
79.2701 120.623
79.5987 121.123
79.5987 121.123
79.9273 121.623
80.5845 122.623
80.5845 122.623
80.5845 122.623
80.5845 122.623
80.5845 122.623
80.9131 123.123
80.9131 123.123
80.9131 123.123
80.9131 123.123
80.9131 123.123
80.9131 123.123
80.9131 123.123
82.8846 126.123
83.2132 126.623
83.5417 127.123
84.5275 128.623
84.8561 129.123
85.1847 129.623
85.1847 129.623
85.1847 129.623
85.1847 129.623
85.1847 129.623
85.349 129.873
85.5133 130.123
85.5133 130.123
85.5133 130.123
85.5133 130.123
85.5133 130.123
85.8419 130.623
85.8419 130.623
85.8419 130.623
85.8419 130.623
85.8419 130.623
86.0061 130.873
86.1704 131.123
86.1704 131.123
86.1704 131.123
86.1704 131.123
86.1704 131.123
86.499 131.623
86.499 131.623
86.499 131.623
86.499 131.623
86.8276 132.123
86.8276 132.123
86.8276 132.123
86.8276 132.123
86.8276 132.123
87.1562 132.623
87.1562 132.623
87.1562 132.623
87.1562 132.623
87.1562 132.623
87.4848 133.123
87.4848 133.123
87.4848 133.123
87.8134 133.623
88.142 134.123
88.4705 134.623
88.4705 134.623
88.7991 135.123
88.7991 135.123
89.1277 135.623
89.1277 135.623
89.4563 136.123
89.4563 136.123
89.7849 136.623
89.7849 136.623
90.1135 137.123
90.1135 137.123
90.4421 137.623
90.7707 138.123
91.0992 138.623
91.4278 139.123
91.7564 139.623
92.085 140.123
92.4136 140.623
92.7422 141.123
92.7422 141.123
93.0708 141.623
93.0708 141.623
93.3993 142.123
93.7279 142.623
93.7279 142.623
94.0565 143.123
94.0565 143.123
94.3851 143.623
94.3851 143.623
94.7137 144.123
94.7137 144.123
95.0423 144.623
95.0423 144.623
95.3709 145.123
95.3709 145.123
95.6994 145.623
95.6994 145.623
96.028 146.123
96.028 146.123
96.3566 146.623
96.3566 146.623
96.6852 147.123
96.6852 147.123
97.0138 147.623
97.3424 148.123
97.3424 148.123
97.671 148.623
97.671 148.623
97.9996 149.123
97.9996 149.123
98.3281 149.623
98.6567 150.123
98.9853 150.623
98.9853 150.623
99.3139 151.123
99.3139 151.123
99.6425 151.623
99.6425 151.623
99.9711 152.123
99.9711 152.123
100.3 152.623
100.3 152.623
100.628 153.123
100.628 153.123
100.957 153.623
100.957 153.623
101.285 154.123
101.614 154.623
101.614 154.623
101.943 155.123
101.943 155.123
102.271 155.623
102.271 155.623
102.6 156.123
102.6 156.123
102.928 156.623
102.928 156.623
103.257 157.123
103.257 157.123
103.257 157.123
103.586 157.623
103.914 158.123
104.243 158.623
104.243 158.623
104.571 159.123
104.571 159.123
104.9 159.623
104.9 159.623
104.9 159.623
105.228 160.123
105.228 160.123
105.228 160.123
105.557 160.623
105.886 161.123
105.886 161.123
105.886 161.123
105.886 161.123
105.886 161.123
105.886 161.123
105.886 161.123
108.021 164.373
108.186 164.623
108.35 164.873
108.514 165.123
108.514 165.123
108.514 165.123
108.514 165.123
108.514 165.123
108.514 165.123
108.843 165.623
108.843 165.623
108.843 165.623
108.843 165.623
108.843 165.623
109.5 166.623
109.829 167.123
110.486 168.123
110.486 168.123
110.65 168.373
110.65 168.373
110.814 168.623
110.814 168.623
110.814 168.623
110.979 168.873
110.979 168.873
111.143 169.123
111.143 169.123
111.143 169.123
111.143 169.123
111.143 169.123
111.143 169.123
111.472 169.623
111.472 169.623
111.472 169.623
111.472 169.623
111.472 169.623
112.129 170.623
112.457 171.123
113.115 172.123
113.115 172.123
113.279 172.373
113.279 172.373
113.443 172.623
113.443 172.623
113.607 172.873
113.607 172.873
113.772 173.123
113.772 173.123
113.772 173.123
113.772 173.123
113.772 173.123
113.772 173.123
114.1 173.623
114.1 173.623
114.1 173.623
114.1 173.623
114.1 173.623
114.757 174.623
115.086 175.123
115.743 176.123
115.743 176.123
115.743 176.123
115.908 176.373
115.908 176.373
116.072 176.623
116.072 176.623
116.236 176.873
116.236 176.873
116.4 177.123
116.4 177.123
116.4 177.123
116.4 177.123
116.4 177.123
116.4 177.123
116.4 177.123
116.729 177.623
116.729 177.623
116.729 177.623
116.729 177.623
116.729 177.623
116.729 177.623
117.386 178.623
117.55 178.873
117.715 179.123
118.043 179.623
118.372 180.123
118.372 180.123
118.372 180.123
118.536 180.373
118.536 180.373
118.701 180.623
118.701 180.623
118.701 180.623
118.865 180.873
118.865 180.873
119.029 181.123
119.029 181.123
119.029 181.123
119.029 181.123
119.029 181.123
119.358 181.623
119.358 181.623
119.358 181.623
119.358 181.623
120.015 182.623
120.015 182.623
120.343 183.123
120.343 183.123
120.343 183.123
120.672 183.623
121.001 184.123
121.001 184.123
121.001 184.123
121.001 184.123
121.165 184.373
121.165 184.373
121.165 184.373
121.329 184.623
121.329 184.623
121.329 184.623
121.329 184.623
121.329 184.623
121.329 184.623
121.493 184.873
121.493 184.873
121.493 184.873
121.658 185.123
121.658 185.123
121.658 185.123
121.658 185.123
121.658 185.123
121.658 185.123
121.658 185.123
121.986 185.623
121.986 185.623
121.986 185.623
121.986 185.623
121.986 185.623
121.986 185.623
121.986 185.623
122.315 186.123
122.315 186.123
123.301 187.623
123.301 187.623
123.629 188.123
123.629 188.123
123.629 188.123
123.629 188.123
123.629 188.123
123.629 188.123
123.629 188.123
123.794 188.373
123.794 188.373
123.794 188.373
123.958 188.623
123.958 188.623
123.958 188.623
123.958 188.623
124.122 188.873
124.122 188.873
124.122 188.873
124.286 189.123
124.286 189.123
124.286 189.123
124.286 189.123
124.286 189.123
124.615 189.623
124.615 189.623
124.615 189.623
124.615 189.623
124.615 189.623
124.615 189.623
124.944 190.123
125.272 190.623
125.601 191.123
126.258 192.123
126.258 192.123
126.258 192.123
126.258 192.123
126.422 192.373
126.422 192.373
126.587 192.623
126.587 192.623
126.587 192.623
126.587 192.623
126.751 192.873
126.751 192.873
126.915 193.123
126.915 193.123
126.915 193.123
126.915 193.123
126.915 193.123
126.915 193.123
127.244 193.623
127.244 193.623
127.244 193.623
127.244 193.623
127.244 193.623
129.215 196.623
129.544 197.123
129.544 197.123
129.544 197.123
129.544 197.123
129.544 197.123
129.544 197.123
129.708 197.373
129.708 197.373
129.708 197.373
129.872 197.623
129.872 197.623
129.872 197.623
129.872 197.623
130.201 198.123
130.53 198.623
130.53 198.623
130.858 199.123
130.858 199.123
130.858 199.123
130.858 199.123
130.858 199.123
130.858 199.123
130.858 199.123
130.858 199.123
131.187 199.623
131.187 199.623
131.187 199.623
131.187 199.623
131.187 199.623
131.187 199.623
131.187 199.623
131.515 200.123
131.515 200.123
131.515 200.123
131.515 200.123
131.515 200.123
131.515 200.123
131.515 200.123
131.844 200.623
132.173 201.123
132.173 201.123
132.173 201.123
132.173 201.123
132.173 201.123
132.173 201.123
132.337 201.373
132.337 201.373
132.337 201.373
132.501 201.623
132.501 201.623
132.501 201.623
132.501 201.623
132.83 202.123
132.83 202.123
132.83 202.123
132.83 202.123
132.994 202.373
133.158 202.623
133.158 202.623
133.487 203.123
133.487 203.123
133.487 203.123
133.487 203.123
133.487 203.123
133.487 203.123
133.487 203.123
133.815 203.623
133.815 203.623
133.815 203.623
133.815 203.623
133.815 203.623
133.815 203.623
134.144 204.123
134.144 204.123
134.144 204.123
134.144 204.123
134.144 204.123
134.144 204.123
134.144 204.123
134.473 204.623
134.801 205.123
134.801 205.123
134.801 205.123
134.801 205.123
134.801 205.123
134.966 205.373
134.966 205.373
134.966 205.373
135.13 205.623
135.13 205.623
135.13 205.623
135.13 205.623
135.458 206.123
135.458 206.123
135.623 206.373
135.787 206.623
135.787 206.623
136.116 207.123
136.116 207.123
136.116 207.123
136.444 207.623
136.773 208.123
136.773 208.123
137.101 208.623
137.101 208.623
137.266 208.873
137.43 209.123
137.43 209.123
137.43 209.123
137.43 209.123
137.594 209.373
137.594 209.373
137.594 209.373
137.594 209.373
137.759 209.623
137.759 209.623
137.759 209.623
137.923 209.873
137.923 209.873
138.251 210.373
138.416 210.623
138.416 210.623
138.416 210.623
138.744 211.123
138.744 211.123
138.744 211.123
138.744 211.123
138.744 211.123
138.744 211.123
138.744 211.123
138.744 211.123
138.744 211.123
139.073 211.623
139.073 211.623
139.073 211.623
139.073 211.623
139.073 211.623
139.073 211.623
139.073 211.623
139.073 211.623
139.073 211.623
139.401 212.123
139.401 212.123
139.401 212.123
139.401 212.123
139.401 212.123
139.401 212.123
139.401 212.123
139.401 212.123
139.401 212.123
139.73 212.623
140.059 213.123
140.059 213.123
140.059 213.123
140.059 213.123
140.059 213.123
140.223 213.373
140.223 213.373
140.223 213.373
140.387 213.623
140.387 213.623
140.387 213.623
140.387 213.623
140.716 214.123
141.044 214.623
141.044 214.623
141.044 214.623
141.044 214.623
141.044 214.623
141.044 214.623
141.044 214.623
141.373 215.123
141.373 215.123
141.373 215.123
141.373 215.123
141.373 215.123
141.373 215.123
141.373 215.123
141.373 215.123
141.373 215.123
141.702 215.623
141.702 215.623
141.702 215.623
141.702 215.623
141.702 215.623
141.702 215.623
141.702 215.623
141.702 215.623
142.03 216.123
142.03 216.123
142.03 216.123
142.03 216.123
142.03 216.123
142.03 216.123
142.03 216.123
142.03 216.123
142.359 216.623
142.359 216.623
142.523 216.873
142.687 217.123
142.687 217.123
142.687 217.123
142.687 217.123
143.344 218.123
143.673 218.623
143.673 218.623
143.673 218.623
143.673 218.623
143.673 218.623
144.002 219.123
144.002 219.123
144.002 219.123
144.002 219.123
144.002 219.123
145.973 222.123
146.302 222.623
146.63 223.123
147.616 224.623
147.945 225.123
148.273 225.623
148.273 225.623
148.273 225.623
148.273 225.623
148.273 225.623
148.438 225.873
148.602 226.123
148.602 226.123
148.602 226.123
148.602 226.123
148.602 226.123
148.93 226.623
148.93 226.623
148.93 226.623
148.93 226.623
148.93 226.623
149.095 226.873
149.259 227.123
149.259 227.123
149.259 227.123
149.259 227.123
149.259 227.123
149.588 227.623
149.588 227.623
149.588 227.623
149.588 227.623
149.588 227.623
149.752 227.873
149.916 228.123
149.916 228.123
149.916 228.123
149.916 228.123
149.916 228.123
150.245 228.623
150.245 228.623
150.245 228.623
150.245 228.623
150.245 228.623
150.573 229.123
150.573 229.123
150.573 229.123
150.902 229.623
151.231 230.123
151.559 230.623
151.559 230.623
151.888 231.123
151.888 231.123
152.216 231.623
152.216 231.623
152.545 232.123
152.545 232.123
152.874 232.623
152.874 232.623
153.202 233.123
153.202 233.123
153.531 233.623
153.859 234.123
154.188 234.623
154.516 235.123
154.845 235.623
155.174 236.123
155.502 236.623
155.831 237.123
155.831 237.123
156.159 237.623
156.159 237.623
156.488 238.123
156.817 238.623
156.817 238.623
157.145 239.123
157.145 239.123
157.474 239.623
157.474 239.623
157.802 240.123
157.802 240.123
158.131 240.623
158.131 240.623
158.459 241.123
158.459 241.123
158.788 241.623
158.788 241.623
159.117 242.123
159.117 242.123
159.445 242.623
159.445 242.623
159.774 243.123
159.774 243.123
160.102 243.623
160.431 244.123
160.431 244.123
160.76 244.623
160.76 244.623
161.088 245.123
161.088 245.123
161.417 245.623
161.745 246.123
162.074 246.623
162.074 246.623
162.403 247.123
162.403 247.123
162.731 247.623
162.731 247.623
163.06 248.123
163.06 248.123
163.388 248.623
163.388 248.623
163.717 249.123
163.717 249.123
164.045 249.623
164.045 249.623
164.374 250.123
164.703 250.623
164.703 250.623
165.031 251.123
165.031 251.123
165.36 251.623
165.36 251.623
165.688 252.123
165.688 252.123
166.017 252.623
166.017 252.623
166.346 253.123
166.346 253.123
166.346 253.123
166.674 253.623
167.003 254.123
167.331 254.623
167.331 254.623
167.66 255.123
167.66 255.123
167.988 255.623
167.988 255.623
167.988 255.623
168.317 256.123
168.317 256.123
168.317 256.123
168.646 256.623
168.974 257.123
168.974 257.123
168.974 257.123
168.974 257.123
168.974 257.123
168.974 257.123
168.974 257.123
170.936 260.108
171.083 260.331
171.189 260.494
171.343 260.727
171.444 260.881
171.585 261.096
171.603 261.123
171.603 261.123
171.603 261.123
171.603 261.123
172.589 262.623
172.917 263.123
173.574 264.123
174.232 265.123
175.546 267.123
175.546 267.123
175.875 267.623
175.875 267.623
176.203 268.123
176.203 268.123
176.532 268.623
176.532 268.623
176.86 269.123
176.86 269.123
176.86 269.123
176.86 269.123
176.86 269.123
176.86 269.123
177.846 270.623
178.175 271.123
178.832 272.123
178.832 272.123
179.489 273.123
179.489 273.123
180.803 275.123
180.803 275.123
181.132 275.623
181.132 275.623
181.461 276.123
181.461 276.123
181.789 276.623
181.789 276.623
182.118 277.123
182.118 277.123
182.118 277.123
182.118 277.123
182.118 277.123
182.118 277.123
182.118 277.123
182.118 277.123
186.389 283.623
186.389 283.623
186.554 283.873
186.554 283.873
186.718 284.123
186.718 284.123
