6.58589 12.7438
6.58589 12.7438
6.81953 13.1958
7.07577 13.6917
7.10269 13.7438
7.34278 14.2083
7.34816 14.2188
7.35462 14.2312
7.36108 14.2438
7.8402 15.1708
7.8445 15.1792
7.87788 15.2438
8.39467 16.2437
8.66168 16.7604
8.89316 17.2083
9.12141 17.65
9.38627 18.1625
9.3895 18.1687
10.6836 20.6729
10.7202 20.7437
10.9216 21.1333
10.9786 21.2437
11.1821 21.6375
11.1854 21.6438
11.237 21.7437
11.7538 22.7437
12.0122 23.2437
12.2319 23.6687
12.2362 23.6771
12.2405 23.6854
12.2706 23.7437
14.8546 28.7437
14.8546 28.7437
15.1141 29.2458
15.3714 29.7437
15.3714 29.7437
15.6298 30.2437
15.6298 30.2437
16.1466 31.2437
16.1466 31.2437
16.405 31.7437
16.9218 32.7437
16.9218 32.7437
16.9218 32.7437
16.9218 32.7437
16.9218 32.7437
16.9218 32.7437
17.4386 33.7437
17.697 34.2437
17.697 34.2437
17.697 34.2437
17.697 34.2437
17.9554 34.7437
18.2138 35.2437
18.2138 35.2437
18.2138 35.2437
18.2138 35.2437
18.9889 36.7437
18.9889 36.7437
18.9889 36.7437
18.9889 36.7437
18.9889 36.7437
18.9889 36.7437
20.0225 38.7437
20.0225 38.7437
20.0225 38.7437
20.0225 38.7437
20.0225 38.7437
20.0225 38.7437
20.5393 39.7437
20.5393 39.7437
20.5393 39.7437
20.5393 39.7437
20.5393 39.7437
20.5393 39.7437
25.4532 49.2521
25.6911 49.7125
25.9431 50.2
25.9764 50.2646
26.1875 50.6729
26.4825 51.2437
27.2577 52.7437
27.7777 53.75
28.0156 54.2104
28.2837 54.7292
28.808 55.7437
28.8662 55.8563
29.1009 56.3104
29.3108 56.7167
29.3442 56.7812
29.5832 57.2437
29.8556 57.7708
30.1 58.2437
30.1248 58.2917
30.6297 59.2687
30.8752 59.7437
31.392 60.7437
31.392 60.7437
31.6558 61.2542
31.9206 61.7667
32.1672 62.2437
32.1812 62.2708
32.3879 62.6708
32.4256 62.7438
32.6269 63.1333
32.684 63.2438
32.9133 63.6875
32.9424 63.7438
33.1394 64.125
33.2008 64.2438
33.4161 64.6604
33.4226 64.6729
33.4592 64.7438
33.6756 65.1625
33.934 65.6625
34.1967 66.1708
34.2182 66.2125
34.4928 66.7438
34.7189 67.1813
34.7587 67.2583
35.5264 68.7438
36.0432 69.7438
36.0647 69.7854
36.2972 70.2354
36.3015 70.2438
36.5599 70.7438
36.5718 70.7667
36.8183 71.2438
37.08 71.75
37.1058 71.8
37.3868 72.3438
37.5935 72.7438
37.6409 72.8354
37.8907 73.3187
38.1512 73.8229
38.3687 74.2438
38.3999 74.3042
38.8952 75.2625
39.1428 75.7417
39.6682 76.7583
39.9159 77.2375
40.1872 77.7625
40.4359 78.2438
40.6943 78.7438
40.9527 79.2438
40.9796 79.2958
41.2111 79.7438
41.4695 80.2438
41.4695 80.2438
41.7279 80.7438
41.7279 80.7438
41.7279 80.7438
41.7322 80.7521
41.7376 80.7625
41.7419 80.7708
41.9863 81.2438
42.2447 81.7438
42.4815 82.2021
42.4977 82.2333
42.502 82.2417
42.5031 82.2438
42.5031 82.2438
42.5095 82.2562
42.7615 82.7438
43.274 83.7354
43.2783 83.7438
43.2783 83.7438
43.2858 83.7583
43.2912 83.7687
43.3009 83.7875
43.5367 84.2438
44.0244 85.1875
44.0276 85.1937
44.0319 85.2021
44.0405 85.2188
44.0535 85.2438
44.0535 85.2438
44.8211 86.7292
44.8286 86.7438
44.8319 86.75
44.8362 86.7583
44.8437 86.7729
45.6038 88.2438
45.7869 88.5979
45.7944 88.6125
45.7987 88.6208
45.803 88.6292
45.8622 88.7438
45.8622 88.7438
46.1206 89.2438
46.379 89.7438
46.5351 90.0458
46.5395 90.0542
46.5438 90.0625
46.5578 90.0896
46.6374 90.2438
46.6374 90.2438
46.8958 90.7438
47.4126 91.7438
47.671 92.2438
47.7593 92.4146
47.9951 92.8708
48.1878 93.2438
48.2449 93.3542
48.4462 93.7438
49.7382 96.2438
49.9966 96.7438
49.9966 96.7438
50.2345 97.2042
50.255 97.2438
50.4811 97.6813
50.5134 97.7438
50.7718 98.2438
50.8019 98.3021
50.8364 98.3688
51.2886 99.2438
51.2886 99.2438
51.2929 99.2521
51.8021 100.237
51.8151 100.263
52.0465 100.71
52.0638 100.744
52.3006 101.202
52.4514 101.494
52.5806 101.744
52.839 102.244
52.8443 102.254
53.0661 102.683
53.345 103.223
53.3558 103.244
53.5797 103.677
54.1234 104.729
54.1266 104.735
54.1309 104.744
54.1309 104.744
54.1352 104.752
54.6477 105.744
58.2653 112.744
58.7821 113.744
59.0405 114.244
59.2989 114.744
59.2989 114.744
59.2989 114.744
59.2989 114.744
59.5573 115.244
59.8157 115.744
60.0741 116.244
60.0741 116.244
60.0741 116.244
60.3325 116.744
60.8493 117.744
60.8493 117.744
61.3661 118.744
61.3661 118.744
61.3661 118.744
61.6245 119.244
61.8829 119.744
61.8829 119.744
62.1412 120.244
62.3996 120.744
62.3996 120.744
62.658 121.244
62.9164 121.744
63.1748 122.244
63.1748 122.244
63.1748 122.244
63.1748 122.244
63.6916 123.244
63.95 123.744
64.2084 124.244
64.7252 125.244
64.7252 125.244
64.7252 125.244
65.242 126.244
65.5004 126.744
65.5004 126.744
65.7588 127.244
66.0172 127.744
66.2756 128.244
66.534 128.744
66.7924 129.244
67.0508 129.744
67.3092 130.244
67.3092 130.244
67.3092 130.244
67.5676 130.744
67.826 131.244
68.0844 131.744
68.3428 132.244
68.3428 132.244
68.3428 132.244
68.6012 132.744
68.6012 132.744
68.8596 133.244
69.118 133.744
69.118 133.744
69.118 133.744
69.118 133.744
69.3764 134.244
69.3764 134.244
69.6348 134.744
69.6348 134.744
69.6348 134.744
69.6348 134.744
69.8932 135.244
70.1516 135.744
70.1516 135.744
70.41 136.244
70.6683 136.744
70.6683 136.744
70.9267 137.244
71.1851 137.744
71.1851 137.744
71.4435 138.244
71.4435 138.244
71.4435 138.244
71.9603 139.244
71.9603 139.244
72.2187 139.744
72.2187 139.744
72.4771 140.244
72.4771 140.244
72.7194 140.713
72.9595 141.177
73.2523 141.744
73.5107 142.244
73.5107 142.244
73.5312 142.283
73.5344 142.29
74.0092 143.208
74.0135 143.217
74.0275 143.244
74.0275 143.244
74.5443 144.244
74.8027 144.744
74.8027 144.744
75.0611 145.244
75.0611 145.244
75.3195 145.744
75.3195 145.744
75.5779 146.244
75.8363 146.744
75.8363 146.744
75.8363 146.744
75.8363 146.744
76.3531 147.744
76.3531 147.744
76.6115 148.244
76.6115 148.244
76.6115 148.244
76.6115 148.244
77.1283 149.244
77.1283 149.244
77.6451 150.244
77.6451 150.244
77.6451 150.244
77.6451 150.244
77.9035 150.744
77.9035 150.744
77.9035 150.744
77.9035 150.744
78.1619 151.244
78.1619 151.244
78.4203 151.744
78.4203 151.744
78.4203 151.744
78.6787 152.244
78.9371 152.744
78.9371 152.744
79.1955 153.244
79.1955 153.244
79.4538 153.744
79.7122 154.244
79.9706 154.744
79.9706 154.744
79.9706 154.744
79.9706 154.744
80.4874 155.744
80.7458 156.244
80.7458 156.244
80.7458 156.244
80.7458 156.244
81.2626 157.244
81.7794 158.244
82.0378 158.744
82.0378 158.744
82.0378 158.744
82.2962 159.244
82.5546 159.744
82.5546 159.744
82.813 160.244
82.813 160.244
83.0714 160.744
83.0714 160.744
83.3298 161.244
83.3298 161.244
83.5882 161.744
83.8466 162.244
83.8466 162.244
83.8466 162.244
83.8466 162.244
84.105 162.744
84.6218 163.744
84.8802 164.244
84.8802 164.244
84.8802 164.244
84.8802 164.244
85.1386 164.744
85.1386 164.744
85.397 165.244
85.397 165.244
85.6554 165.744
85.9138 166.244
85.9138 166.244
85.9138 166.244
85.9138 166.244
86.1722 166.744
86.4306 167.244
86.689 167.744
86.689 167.744
86.689 167.744
86.689 167.744
87.2058 168.744
87.2058 168.744
87.4642 169.244
87.9809 170.244
87.9809 170.244
87.9809 170.244
88.7561 171.744
89.0145 172.244
89.0145 172.244
89.0145 172.244
89.2729 172.744
89.5313 173.244
89.7897 173.744
89.7897 173.744
89.7897 173.744
90.0481 174.244
90.0481 174.244
90.0481 174.244
90.5649 175.244
90.8233 175.744
90.8233 175.744
90.8233 175.744
91.0817 176.244
91.3401 176.744
91.3401 176.744
91.3401 176.744
91.3401 176.744
91.3401 176.744
91.5985 177.244
91.8569 177.744
91.8569 177.744
92.1153 178.244
92.3737 178.744
92.3737 178.744
92.3737 178.744
92.3737 178.744
92.6321 179.244
92.8905 179.744
92.8905 179.744
93.1489 180.244
93.1489 180.244
93.1489 180.244
93.1489 180.244
93.4073 180.744
93.4073 180.744
93.6657 181.244
93.9241 181.744
93.9241 181.744
94.1825 182.244
94.1825 182.244
94.1825 182.244
94.1825 182.244
94.6993 183.244
94.6993 183.244
94.9577 183.744
94.9577 183.744
94.9577 183.744
95.2161 184.244
95.2161 184.244
95.4745 184.744
95.4745 184.744
95.7329 185.244
95.7329 185.244
95.9913 185.744
96.2497 186.244
96.508 186.744
96.508 186.744
96.508 186.744
96.508 186.744
96.7664 187.244
97.0248 187.744
97.0248 187.744
97.2832 188.244
97.2832 188.244
97.2832 188.244
97.2832 188.244
97.5416 188.744
97.8 189.244
98.0584 189.744
98.3168 190.244
98.3168 190.244
98.3168 190.244
98.8336 191.244
99.092 191.744
99.092 191.744
99.3504 192.244
99.3504 192.244
99.6088 192.744
99.6088 192.744
99.8672 193.244
99.8672 193.244
100.126 193.744
100.384 194.244
100.642 194.744
100.642 194.744
100.642 194.744
100.642 194.744
101.159 195.744
101.418 196.244
101.418 196.244
101.418 196.244
101.418 196.244
101.676 196.744
101.676 196.744
101.934 197.244
101.934 197.244
102.193 197.744
102.193 197.744
102.451 198.244
102.451 198.244
102.451 198.244
102.451 198.244
102.968 199.244
102.968 199.244
103.485 200.244
103.485 200.244
103.485 200.244
103.485 200.244
103.743 200.744
103.743 200.744
104.002 201.244
104.002 201.244
104.26 201.744
104.26 201.744
104.518 202.244
104.518 202.244
104.777 202.744
104.777 202.744
104.777 202.744
104.777 202.744
105.164 203.494
105.294 203.744
105.552 204.244
105.552 204.244
105.552 204.244
105.81 204.744
105.81 204.744
106.198 205.494
106.327 205.744
106.586 206.244
106.586 206.244
106.586 206.244
107.102 207.244
107.361 207.744
107.361 207.744
107.361 207.744
107.619 208.244
107.878 208.744
107.878 208.744
108.136 209.244
108.136 209.244
108.394 209.744
108.653 210.244
108.911 210.744
108.911 210.744
108.911 210.744
108.911 210.744
109.17 211.244
109.17 211.244
109.428 211.744
109.428 211.744
109.428 211.744
109.686 212.244
109.686 212.244
109.686 212.244
109.945 212.744
109.945 212.744
110.203 213.244
110.461 213.744
110.461 213.744
110.72 214.244
110.72 214.244
110.72 214.244
110.72 214.244
111.237 215.244
111.237 215.244
111.495 215.744
111.495 215.744
111.495 215.744
111.753 216.244
112.012 216.744
112.012 216.744
112.012 216.744
112.012 216.744
112.012 216.744
112.27 217.244
112.529 217.744
112.529 217.744
112.787 218.244
113.045 218.744
113.045 218.744
113.045 218.744
113.045 218.744
113.304 219.244
113.304 219.244
113.562 219.744
113.562 219.744
113.821 220.244
113.821 220.244
113.821 220.244
114.079 220.744
114.337 221.244
114.596 221.744
114.854 222.244
114.854 222.244
114.854 222.244
115.371 223.244
115.629 223.744
115.629 223.744
115.629 223.744
115.888 224.244
116.146 224.744
116.146 224.744
116.405 225.244
116.405 225.244
116.663 225.744
116.921 226.244
117.18 226.744
117.18 226.744
117.18 226.744
117.18 226.744
117.697 227.744
117.955 228.244
117.955 228.244
117.955 228.244
117.955 228.244
118.213 228.744
118.213 228.744
118.472 229.244
118.472 229.244
118.73 229.744
118.989 230.244
118.989 230.244
118.989 230.244
118.989 230.244
119.505 231.244
119.505 231.244
120.022 232.244
120.022 232.244
120.022 232.244
120.281 232.744
120.281 232.744
120.539 233.244
120.539 233.244
120.797 233.744
120.797 233.744
121.056 234.244
121.314 234.744
121.314 234.744
121.314 234.744
121.314 234.744
121.702 235.494
121.831 235.744
122.348 236.744
122.348 236.744
122.348 236.744
122.348 236.744
122.348 236.744
122.735 237.494
123.511 238.994
124.286 240.494
124.803 241.494
125.707 243.244
127.774 247.244
128.032 247.744
128.291 248.244
128.535 248.717
128.549 248.744
128.781 249.192
129.05 249.713
129.324 250.244
129.331 250.256
129.879 251.317
130.145 251.831
130.149 251.84
130.155 251.85
132.167 255.744
132.425 256.244
132.675 256.727
132.684 256.744
132.921 257.202
133.184 257.71
133.201 257.744
133.436 258.198
133.443 258.212
133.449 258.223
133.459 258.244
133.977 259.244
134.235 259.744
134.235 259.744
134.235 259.744
134.235 259.744
134.24 259.752
135.528 262.244
135.787 262.744
136.046 263.244
136.06 263.271
136.304 263.744
136.323 263.779
136.559 264.235
136.563 264.244
136.821 264.744
136.821 264.744
136.832 264.765
137.094 265.271
137.339 265.744
137.597 266.244
137.619 266.285
137.624 266.296
138.103 267.221
138.107 267.229
138.111 267.238
138.115 267.244
138.632 268.244
138.64 268.26
138.645 268.269
138.649 268.277
139.34 269.613
139.345 269.623
139.353 269.637
139.408 269.744
139.666 270.244
139.69 270.29
139.694 270.298
139.703 270.315
140.313 271.494
140.959 272.744
140.994 272.81
140.997 272.817
141 272.823
141.005 272.831
141.01 272.842
142.025 274.804
142.03 274.815
142.034 274.821
142.038 274.829
142.042 274.837
142.577 275.871
142.58 275.877
142.59 275.896
142.594 275.904
142.597 275.91
147.166 284.744
147.172 284.754
147.176 284.762
147.179 284.769
147.185 284.779
147.942 286.244
148.201 286.744
148.258 286.854
148.262 286.863
148.268 286.873
148.459 287.244
149.206 288.688
149.209 288.694
149.214 288.702
149.235 288.744
149.752 289.744
150.011 290.244
150.27 290.744
150.288 290.779
150.291 290.785
150.294 290.792
150.787 291.744
151.304 292.744
151.304 292.744
151.304 292.744
151.951 293.994
152.339 294.744
152.339 294.744
152.339 294.744
152.856 295.744
152.985 295.994
153.115 296.244
153.373 296.744
153.373 296.744
153.373 296.744
154.02 297.994
154.408 298.744
154.408 298.744
154.408 298.744
154.666 299.244
154.925 299.744
155.054 299.994
155.054 299.994
155.463 300.783
155.985 301.794
156.218 302.244
156.469 302.729
156.473 302.738
156.477 302.744
156.479 302.748
156.735 303.244
157.029 303.812
157.511 304.744
157.55 304.819
157.553 304.825
157.557 304.833
158.028 305.744
158.09 305.863
158.287 306.244
158.546 306.744
158.573 306.796
158.577 306.804
158.581 306.812
159.063 307.744
159.132 307.877
159.321 308.244
159.58 308.744
160.097 309.744
160.097 309.744
160.615 310.744
160.615 310.744
160.615 310.744
161.132 311.744
161.649 312.744
161.649 312.744
161.649 312.744
161.908 313.244
161.908 313.244
161.908 313.244
162.425 314.244
162.683 314.744
162.683 314.744
162.683 314.744
162.942 315.244
163.201 315.744
163.201 315.744
163.201 315.744
163.459 316.244
163.718 316.744
163.718 316.744
163.977 317.244
163.977 317.244
164.235 317.744
164.494 318.244
164.752 318.744
164.752 318.744
164.752 318.744
164.752 318.744
165.27 319.744
165.27 319.744
165.528 320.244
165.528 320.244
165.528 320.244
165.528 320.244
166.046 321.244
166.046 321.244
166.821 322.744
166.821 322.744
166.821 322.744
167.08 323.244
167.339 323.744
167.339 323.744
167.339 323.744
167.597 324.244
167.856 324.744
167.856 324.744
168.115 325.244
168.115 325.244
168.373 325.744
168.632 326.244
168.89 326.744
168.89 326.744
168.89 326.744
168.89 326.744
169.408 327.744
169.408 327.744
169.666 328.244
169.666 328.244
169.666 328.244
169.666 328.244
170.183 329.244
170.183 329.244
170.959 330.744
170.959 330.744
170.959 330.744
171.218 331.244
171.477 331.744
171.477 331.744
171.477 331.744
171.735 332.244
171.994 332.744
171.994 332.744
172.252 333.244
172.252 333.244
172.511 333.744
172.511 333.744
172.77 334.244
173.028 334.744
173.028 334.744
173.028 334.744
173.028 334.744
173.546 335.744
173.804 336.244
173.804 336.244
173.804 336.244
173.804 336.244
174.063 336.744
174.063 336.744
174.321 337.244
174.321 337.244
174.451 337.494
174.58 337.744
174.839 338.244
174.839 338.244
174.839 338.244
174.839 338.244
175.097 338.744
175.097 338.744
175.615 339.744
175.615 339.744
175.615 339.744
175.615 339.744
176.132 340.744
176.132 340.744
176.132 340.744
176.132 340.744
176.132 340.744
176.132 340.744
176.649 341.744
177.166 342.744
177.166 342.744
177.166 342.744
177.683 343.744
177.942 344.244
177.942 344.244
177.942 344.244
178.459 345.244
178.718 345.744
178.718 345.744
178.718 345.744
178.977 346.244
178.977 346.244
178.977 346.244
179.235 346.744
179.235 346.744
179.235 346.744
179.235 346.744
179.494 347.244
179.752 347.744
179.752 347.744
179.752 347.744
180.011 348.244
180.27 348.744
180.27 348.744
180.27 348.744
180.27 348.744
180.27 348.744
180.528 349.244
180.787 349.744
180.787 349.744
181.046 350.244
181.304 350.744
181.304 350.744
181.304 350.744
181.304 350.744
181.563 351.244
181.821 351.744
181.821 351.744
182.08 352.244
182.08 352.244
182.08 352.244
182.08 352.244
182.339 352.744
182.339 352.744
182.597 353.244
182.856 353.744
182.856 353.744
183.115 354.244
183.115 354.244
183.115 354.244
183.115 354.244
183.632 355.244
183.632 355.244
183.89 355.744
183.89 355.744
183.89 355.744
184.149 356.244
184.149 356.244
184.408 356.744
184.408 356.744
184.666 357.244
184.666 357.244
184.925 357.744
185.183 358.244
185.442 358.744
185.442 358.744
185.442 358.744
185.442 358.744
185.701 359.244
185.959 359.744
185.959 359.744
186.218 360.244
186.218 360.244
186.218 360.244
186.218 360.244
186.477 360.744
186.735 361.244
186.994 361.744
187.252 362.244
187.252 362.244
187.252 362.244
187.77 363.244
188.028 363.744
188.028 363.744
188.287 364.244
188.287 364.244
188.546 364.744
188.546 364.744
188.804 365.244
188.804 365.244
189.063 365.744
189.321 366.244
189.58 366.744
189.58 366.744
189.58 366.744
189.709 366.994
190.097 367.744
190.356 368.244
190.356 368.244
190.356 368.244
190.356 368.244
190.615 368.744
190.615 368.744
190.873 369.244
190.873 369.244
191.132 369.744
191.132 369.744
191.39 370.244
191.39 370.244
191.39 370.244
191.39 370.244
191.908 371.244
191.908 371.244
192.425 372.244
192.425 372.244
192.425 372.244
192.425 372.244
192.683 372.744
192.683 372.744
192.942 373.244
192.942 373.244
193.201 373.744
193.201 373.744
193.459 374.244
193.459 374.244
193.718 374.744
193.718 374.744
193.718 374.744
193.718 374.744
194.106 375.494
194.235 375.744
194.494 376.244
194.494 376.244
194.494 376.244
194.752 376.744
194.752 376.744
195.14 377.494
195.27 377.744
195.528 378.244
195.528 378.244
195.528 378.244
196.046 379.244
196.304 379.744
196.304 379.744
196.304 379.744
196.563 380.244
196.821 380.744
196.821 380.744
197.08 381.244
197.08 381.244
197.339 381.744
197.597 382.244
197.856 382.744
197.856 382.744
197.856 382.744
197.856 382.744
198.115 383.244
198.115 383.244
198.373 383.744
198.373 383.744
198.373 383.744
198.632 384.244
198.632 384.244
198.632 384.244
198.89 384.744
198.89 384.744
199.149 385.244
199.408 385.744
199.408 385.744
199.666 386.244
199.666 386.244
199.666 386.244
199.666 386.244
200.183 387.244
200.183 387.244
200.442 387.744
200.442 387.744
200.442 387.744
200.701 388.244
200.959 388.744
200.959 388.744
200.959 388.744
200.959 388.744
200.959 388.744
201.218 389.244
201.477 389.744
201.477 389.744
201.735 390.244
201.994 390.744
201.994 390.744
201.994 390.744
201.994 390.744
202.252 391.244
202.252 391.244
202.511 391.744
202.511 391.744
202.77 392.244
202.77 392.244
202.77 392.244
203.028 392.744
203.287 393.244
203.546 393.744
203.804 394.244
203.804 394.244
203.804 394.244
204.321 395.244
204.58 395.744
204.58 395.744
204.58 395.744
204.839 396.244
205.097 396.744
205.097 396.744
205.356 397.244
205.356 397.244
205.614 397.744
205.873 398.244
206.132 398.744
206.132 398.744
206.132 398.744
206.261 398.994
206.649 399.744
206.908 400.244
206.908 400.244
206.908 400.244
206.908 400.244
207.166 400.744
207.166 400.744
207.425 401.244
207.425 401.244
207.683 401.744
207.942 402.244
207.942 402.244
207.942 402.244
207.942 402.244
208.459 403.244
208.459 403.244
208.977 404.244
208.977 404.244
208.977 404.244
209.235 404.744
209.235 404.744
209.494 405.244
209.494 405.244
209.752 405.744
209.752 405.744
210.011 406.244
210.27 406.744
210.27 406.744
210.27 406.744
210.27 406.744
210.658 407.494
210.787 407.744
211.304 408.744
211.304 408.744
211.304 408.744
211.304 408.744
211.304 408.744
211.304 408.744
211.692 409.494
212.339 410.744
212.339 410.744
212.339 410.744
212.468 410.994
212.856 411.744
213.244 412.494
213.373 412.744
213.373 412.744
213.373 412.744
213.373 412.744
213.373 412.744
213.761 413.494
214.408 414.744
214.408 414.744
214.408 414.744
214.408 414.744
214.666 415.244
215.183 416.244
215.442 416.744
215.442 416.744
215.442 416.744
215.442 416.744
215.442 416.744
215.442 416.744
215.701 417.244
216.218 418.244
216.477 418.744
216.477 418.744
216.477 418.744
216.477 418.744
216.477 418.744
216.477 418.744
216.735 419.244
216.994 419.744
217.252 420.244
217.511 420.744
217.511 420.744
217.511 420.744
217.511 420.744
217.511 420.744
217.511 420.744
218.028 421.744
218.028 421.744
218.546 422.744
218.546 422.744
218.546 422.744
218.546 422.744
218.933 423.494
219.063 423.744
219.321 424.244
219.321 424.244
219.321 424.244
219.321 424.244
219.839 425.244
219.839 425.244
220.356 426.244
220.614 426.744
220.614 426.744
220.614 426.744
220.614 426.744
220.614 426.744
221.132 427.744
221.649 428.744
221.649 428.744
221.649 428.744
221.649 428.744
222.166 429.744
222.166 429.744
222.425 430.244
222.683 430.744
222.683 430.744
222.683 430.744
222.683 430.744
222.683 430.744
222.683 430.744
223.071 431.494
223.718 432.744
223.718 432.744
223.718 432.744
223.718 432.744
223.718 432.744
223.977 433.244
224.235 433.744
224.752 434.744
224.752 434.744
224.752 434.744
224.752 434.744
224.752 434.744
225.27 435.744
225.27 435.744
225.27 435.744
225.27 435.744
225.27 435.744
225.27 435.744
225.787 436.744
225.787 436.744
225.787 436.744
225.787 436.744
226.304 437.744
226.304 437.744
226.563 438.244
226.821 438.744
226.821 438.744
226.821 438.744
226.821 438.744
227.209 439.494
227.339 439.744
227.597 440.244
227.597 440.244
227.597 440.244
227.597 440.244
227.856 440.744
228.373 441.744
228.373 441.744
228.632 442.244
228.89 442.744
228.89 442.744
228.89 442.744
228.89 442.744
229.149 443.244
229.408 443.744
229.408 443.744
229.408 443.744
229.408 443.744
229.925 444.744
229.925 444.744
229.925 444.744
229.925 444.744
229.925 444.744
230.442 445.744
230.959 446.744
230.959 446.744
230.959 446.744
231.477 447.744
231.735 448.244
231.994 448.744
231.994 448.744
231.994 448.744
231.994 448.744
231.994 448.744
231.994 448.744
232.511 449.744
232.511 449.744
232.77 450.244
233.028 450.744
233.028 450.744
233.028 450.744
233.287 451.244
234.321 453.244
234.709 453.994
234.709 453.994
234.709 453.994
235.614 455.744
235.614 455.744
235.614 455.744
236.39 457.244
236.39 457.244
236.39 457.244
237.166 458.744
237.166 458.744
237.166 458.744
237.166 458.744
237.166 458.744
237.683 459.744
237.683 459.744
237.683 459.744
237.683 459.744
237.683 459.744
237.683 459.744
238.201 460.744
238.201 460.744
238.201 460.744
238.201 460.744
238.201 460.744
238.718 461.744
238.718 461.744
238.718 461.744
238.718 461.744
238.718 461.744
242.08 468.244
242.339 468.744
242.339 468.744
242.339 468.744
242.339 468.744
242.339 468.744
242.339 468.744
242.597 469.244
242.856 469.744
242.856 469.744
243.114 470.244
243.373 470.744
243.373 470.744
243.373 470.744
243.373 470.744
243.632 471.244
243.89 471.744
243.89 471.744
244.149 472.244
244.408 472.744
244.408 472.744
244.408 472.744
244.408 472.744
244.666 473.244
244.925 473.744
245.183 474.244
245.442 474.744
245.442 474.744
245.442 474.744
245.701 475.244
245.701 475.244
245.959 475.744
245.959 475.744
245.959 475.744
246.218 476.244
246.477 476.744
246.477 476.744
246.735 477.244
246.994 477.744
246.994 477.744
247.252 478.244
247.511 478.744
247.511 478.744
247.511 478.744
247.511 478.744
247.77 479.244
248.028 479.744
248.028 479.744
248.287 480.244
248.287 480.244
248.287 480.244
248.287 480.244
249.063 481.744
249.58 482.744
249.58 482.744
249.58 482.744
249.839 483.244
250.097 483.744
250.097 483.744
250.097 483.744
250.356 484.244
250.614 484.744
250.614 484.744
250.614 484.744
250.614 484.744
250.614 484.744
250.873 485.244
251.132 485.744
251.132 485.744
251.39 486.244
251.649 486.744
251.649 486.744
251.649 486.744
252.037 487.494
252.166 487.744
252.425 488.244
252.425 488.244
252.425 488.244
252.425 488.244
252.683 488.744
252.683 488.744
252.942 489.244
252.942 489.244
253.201 489.744
253.201 489.744
253.201 489.744
253.201 489.744
253.459 490.244
253.718 490.744
253.718 490.744
253.718 490.744
253.977 491.244
253.977 491.244
254.235 491.744
254.235 491.744
254.235 491.744
254.494 492.244
254.752 492.744
254.752 492.744
254.752 492.744
254.752 492.744
254.752 492.744
254.752 492.744
255.011 493.244
255.27 493.744
255.528 494.244
255.528 494.244
255.787 494.744
255.787 494.744
255.787 494.744
255.787 494.744
256.045 495.244
256.304 495.744
256.563 496.244
256.563 496.244
256.821 496.744
256.821 496.744
256.821 496.744
256.821 496.744
256.821 496.744
257.08 497.244
257.339 497.744
257.856 498.744
257.856 498.744
257.856 498.744
257.985 498.994
258.373 499.744
258.373 499.744
258.373 499.744
258.632 500.244
258.89 500.744
258.89 500.744
258.89 500.744
258.89 500.744
258.89 500.744
258.89 500.744
259.149 501.244
259.408 501.744
259.408 501.744
259.666 502.244
259.925 502.744
259.925 502.744
259.925 502.744
259.925 502.744
260.183 503.244
260.442 503.744
260.442 503.744
260.701 504.244
260.959 504.744
260.959 504.744
260.959 504.744
260.959 504.744
261.218 505.244
261.477 505.744
261.735 506.244
261.994 506.744
261.994 506.744
261.994 506.744
262.252 507.244
262.252 507.244
262.511 507.744
262.511 507.744
262.511 507.744
262.77 508.244
263.028 508.744
263.028 508.744
263.287 509.244
263.545 509.744
263.545 509.744
263.804 510.244
264.063 510.744
264.063 510.744
264.063 510.744
264.063 510.744
264.321 511.244
264.58 511.744
264.58 511.744
264.839 512.244
264.839 512.244
264.839 512.244
264.839 512.244
265.614 513.744
266.132 514.744
266.132 514.744
266.132 514.744
266.39 515.244
266.649 515.744
266.649 515.744
266.649 515.744
266.908 516.244
267.166 516.744
267.166 516.744
267.166 516.744
267.166 516.744
267.166 516.744
267.425 517.244
267.683 517.744
267.683 517.744
267.942 518.244
268.201 518.744
268.201 518.744
268.201 518.744
268.589 519.494
268.718 519.744
268.977 520.244
268.977 520.244
268.977 520.244
268.977 520.244
269.235 520.744
269.235 520.744
269.494 521.244
269.494 521.244
269.752 521.744
269.752 521.744
269.752 521.744
269.752 521.744
270.011 522.244
270.27 522.744
270.27 522.744
270.27 522.744
270.528 523.244
270.528 523.244
270.787 523.744
270.787 523.744
270.787 523.744
271.304 524.744
271.304 524.744
271.304 524.744
271.304 524.744
271.304 524.744
271.304 524.744
271.563 525.244
271.821 525.744
272.08 526.244
272.08 526.244
272.339 526.744
272.339 526.744
272.339 526.744
272.339 526.744
272.597 527.244
272.856 527.744
273.114 528.244
273.114 528.244
273.373 528.744
273.373 528.744
273.373 528.744
273.373 528.744
273.373 528.744
273.373 528.744
273.632 529.244
274.647 531.206
275.321 532.51
275.883 533.596
276.429 534.652
279.58 540.744
279.58 540.744
279.814 541.196
280.07 541.692
280.097 541.744
280.338 542.208
280.343 542.219
280.349 542.231
280.356 542.244
280.835 543.171
280.84 543.179
280.873 543.244
281.649 544.744
281.658 544.76
281.889 545.208
282.118 545.65
282.383 546.163
282.386 546.169
283.681 548.673
283.718 548.744
283.919 549.133
283.977 549.244
284.18 549.638
284.183 549.644
284.235 549.744
284.752 550.744
285.011 551.244
285.231 551.669
285.235 551.677
285.239 551.685
285.27 551.744
287.856 556.744
287.856 556.744
288.116 557.246
288.373 557.744
288.373 557.744
288.632 558.244
288.632 558.244
289.149 559.244
289.149 559.244
289.408 559.744
289.925 560.744
289.925 560.744
289.925 560.744
289.925 560.744
289.925 560.744
289.925 560.744
290.442 561.744
290.442 561.744
290.701 562.244
290.701 562.244
290.701 562.244
290.701 562.244
290.959 562.744
291.218 563.244
291.218 563.244
291.218 563.244
291.218 563.244
291.994 564.744
291.994 564.744
291.994 564.744
291.994 564.744
291.994 564.744
291.994 564.744
293.028 566.744
293.028 566.744
293.028 566.744
293.028 566.744
293.028 566.744
293.545 567.744
293.545 567.744
293.545 567.744
293.545 567.744
293.545 567.744
293.545 567.744
