0.464286 0.4875
0.845238 0.8875
1.24206 1.30417
1.55754 1.63542
2.50595 2.63125
2.75397 2.89167
3.00794 3.15833
3.23016 3.39167
3.48611 3.66042
3.73413 3.92083
3.96627 4.16458
4.20833 4.41875
4.42659 4.64792
4.73413 4.97083
5.03373 5.28542
5.33135 5.59792
5.92857 6.225
8.70635 9.14167
8.8373 9.27917
8.97421 9.42292
11.4802 12.0542
11.4802 12.0542
11.9563 12.5542
12.4325 13.0542
12.4325 13.0542
12.9087 13.5542
13.3849 14.0542
13.3849 14.0542
13.8611 14.5542
14.3373 15.0542
14.3373 15.0542
14.3373 15.0542
14.5754 15.3042
14.8135 15.5542
15.2897 16.0542
15.2897 16.0542
15.2897 16.0542
15.7659 16.5542
16.2421 17.0542
16.2421 17.0542
16.2421 17.0542
16.7183 17.5542
17.1944 18.0542
17.1944 18.0542
17.1944 18.0542
17.6706 18.5542
18.1468 19.0542
18.1468 19.0542
18.1468 19.0542
18.1468 19.0542
18.3849 19.3042
18.623 19.5542
18.623 19.5542
19.0992 20.0542
19.0992 20.0542
19.0992 20.0542
19.0992 20.0542
19.5754 20.5542
20.0516 21.0542
20.0516 21.0542
20.0516 21.0542
20.5278 21.5542
21.004 22.0542
21.004 22.0542
21.004 22.0542
21.4802 22.5542
21.9564 23.0542
21.9564 23.0542
21.9564 23.0542
21.9564 23.0542
22.1944 23.3042
22.4325 23.5542
22.4325 23.5542
22.9087 24.0542
22.9087 24.0542
22.9087 24.0542
22.9087 24.0542
23.3849 24.5542
23.8611 25.0542
23.8611 25.0542
23.8611 25.0542
24.3373 25.5542
24.8135 26.0542
24.8135 26.0542
24.8135 26.0542
25.2897 26.5542
26.2083 27.5188
26.2083 27.5188
26.2421 27.5542
26.2421 27.5542
26.2421 27.5542
29.0259 31.0542
29.5021 31.5542
29.5021 31.5542
29.9783 32.0542
29.9783 32.0542
29.9783 32.0542
30.4545 32.5542
30.4545 32.5542
30.9307 33.0542
30.9307 33.0542
31.4069 33.5542
31.4069 33.5542
31.645 33.8042
31.8831 34.0542
31.8831 34.0542
32.1212 34.3042
32.3593 34.5542
32.8355 35.0542
33.3117 35.5542
33.3117 35.5542
33.7879 36.0542
33.7879 36.0542
33.7879 36.0542
34.264 36.5542
34.264 36.5542
34.7402 37.0542
34.7402 37.0542
34.7402 37.0542
35.2164 37.5542
35.2164 37.5542
35.6926 38.0542
35.6926 38.0542
35.6926 38.0542
35.6926 38.0542
35.9307 38.3042
36.1688 38.5542
36.1688 38.5542
36.1688 38.5542
36.645 39.0542
37.1212 39.5542
37.1212 39.5542
37.5974 40.0542
37.5974 40.0542
37.5974 40.0542
37.5974 40.0542
38.0736 40.5542
38.0736 40.5542
38.5498 41.0542
38.5498 41.0542
38.7879 41.3042
39.0259 41.5542
39.0259 41.5542
39.5021 42.0542
39.5021 42.0542
39.5021 42.0542
39.7402 42.3042
39.9783 42.5542
39.9783 42.5542
39.9783 42.5542
40.4545 43.0542
40.4545 43.0542
40.4545 43.0542
40.4545 43.0542
40.9307 43.5542
40.9307 43.5542
41.4069 44.0542
41.4069 44.0542
41.8831 44.5542
41.8831 44.5542
42.3593 45.0542
42.3593 45.0542
42.8355 45.5542
42.8355 45.5542
43.3117 46.0542
43.3117 46.0542
43.7879 46.5542
43.7879 46.5542
44.264 47.0542
44.7402 47.5542
44.7402 47.5542
45.2164 48.0542
45.2164 48.0542
45.6926 48.5542
45.6926 48.5542
46.1688 49.0542
46.1688 49.0542
46.645 49.5542
46.645 49.5542
46.8831 49.8042
47.1212 50.0542
47.1212 50.0542
47.3593 50.3042
47.3593 50.3042
47.5974 50.5542
47.5974 50.5542
48.0736 51.0542
48.5498 51.5542
48.5498 51.5542
49.0259 52.0542
49.0259 52.0542
49.5021 52.5542
49.5021 52.5542
49.9783 53.0542
49.9783 53.0542
50.4545 53.5542
50.4545 53.5542
50.6926 53.8042
50.9307 54.0542
50.9307 54.0542
51.1688 54.3042
51.1688 54.3042
51.4069 54.5542
51.4069 54.5542
51.8831 55.0542
51.8831 55.0542
51.8831 55.0542
51.8831 55.0542
52.3593 55.5542
52.3593 55.5542
52.8355 56.0542
52.8355 56.0542
53.3117 56.5542
53.3117 56.5542
53.7879 57.0542
53.7879 57.0542
54.0259 57.3042
54.264 57.5542
54.264 57.5542
54.7402 58.0542
54.7402 58.0542
55.2164 58.5542
55.2164 58.5542
55.6926 59.0542
56.1688 59.5542
56.1688 59.5542
56.645 60.0542
56.645 60.0542
57.1212 60.5542
57.1212 60.5542
57.5974 61.0542
57.5974 61.0542
58.0736 61.5542
58.0736 61.5542
58.5498 62.0542
58.5498 62.0542
59.0259 62.5542
59.264 62.8042
59.5021 63.0542
59.5021 63.0542
59.9783 63.5542
60.4545 64.0542
60.4545 64.0542
60.9307 64.5542
61.4069 65.0542
61.4069 65.0542
61.8831 65.5542
61.8831 65.5542
62.3593 66.0542
62.3593 66.0542
62.3593 66.0542
62.8355 66.5542
62.8355 66.5542
63.3117 67.0542
63.3117 67.0542
63.7879 67.5542
63.7879 67.5542
64.264 68.0542
64.264 68.0542
64.7402 68.5542
64.7402 68.5542
65.2164 69.0542
65.6926 69.5542
65.6926 69.5542
66.1688 70.0542
66.1688 70.0542
66.645 70.5542
66.645 70.5542
67.1212 71.0542
67.1212 71.0542
67.5974 71.5542
67.5974 71.5542
68.0736 72.0542
68.0736 72.0542
68.5498 72.5542
68.5498 72.5542
69.0259 73.0542
69.5021 73.5542
69.5021 73.5542
69.9783 74.0542
69.9783 74.0542
70.4545 74.5542
70.4545 74.5542
70.9307 75.0542
70.9307 75.0542
71.4069 75.5542
71.4069 75.5542
71.8831 76.0542
71.8831 76.0542
71.8831 76.0542
72.3593 76.5542
72.3593 76.5542
72.8355 77.0542
72.8355 77.0542
72.8355 77.0542
73.3117 77.5542
73.7879 78.0542
73.7879 78.0542
73.7879 78.0542
74.0259 78.3042
74.264 78.5542
74.264 78.5542
74.5021 78.8042
74.7402 79.0542
74.7402 79.0542
74.9783 79.3042
75.2164 79.5542
75.2164 79.5542
75.4545 79.8042
75.4545 79.8042
75.6926 80.0542
75.6926 80.0542
75.9307 80.3042
76.1688 80.5542
76.1688 80.5542
76.4069 80.8042
76.4069 80.8042
76.645 81.0542
76.645 81.0542
76.8831 81.3042
77.1212 81.5542
77.1212 81.5542
77.3593 81.8042
77.3593 81.8042
77.5974 82.0542
77.8355 82.3042
78.0736 82.5542
78.0736 82.5542
78.3117 82.8042
78.3117 82.8042
78.5498 83.0542
78.5498 83.0542
78.7879 83.3042
79.0259 83.5542
79.0259 83.5542
79.264 83.8042
79.5021 84.0542
79.5021 84.0542
79.7402 84.3042
79.7402 84.3042
79.9783 84.5542
80.2164 84.8042
80.2164 84.8042
80.4545 85.0542
80.4545 85.0542
80.6926 85.3042
80.9307 85.5542
81.1688 85.8042
81.4069 86.0542
81.4069 86.0542
81.645 86.3042
81.8831 86.5542
81.8831 86.5542
82.1212 86.8042
82.3593 87.0542
82.3593 87.0542
82.5974 87.3042
82.8355 87.5542
82.8355 87.5542
83.0736 87.8042
83.3117 88.0542
83.3117 88.0542
83.5498 88.3042
83.7879 88.5542
84.0259 88.8042
84.0259 88.8042
84.264 89.0542
84.5021 89.3042
84.7402 89.5542
84.9783 89.8042
85.2164 90.0542
85.2164 90.0542
85.4545 90.3042
85.6926 90.5542
85.6926 90.5542
85.9307 90.8042
86.1688 91.0542
86.1688 91.0542
86.4069 91.3042
86.645 91.5542
86.645 91.5542
86.8831 91.8042
87.1212 92.0542
87.1212 92.0542
87.3593 92.3042
87.5974 92.5542
87.5974 92.5542
87.8355 92.8042
87.8355 92.8042
88.0736 93.0542
88.3117 93.3042
88.5498 93.5542
88.5498 93.5542
88.7879 93.8042
88.7879 93.8042
89.0259 94.0542
89.264 94.3042
89.264 94.3042
89.5021 94.5542
89.7402 94.8042
89.7402 94.8042
89.9783 95.0542
89.9783 95.0542
90.2164 95.3042
90.4545 95.5542
90.4545 95.5542
90.6926 95.8042
90.9307 96.0542
90.9307 96.0542
91.1688 96.3042
91.4069 96.5542
91.4069 96.5542
91.645 96.8042
91.8831 97.0542
91.8831 97.0542
92.1212 97.3042
92.1212 97.3042
92.3593 97.5542
92.5974 97.8042
92.5974 97.8042
92.5974 97.8042
92.8355 98.0542
93.0736 98.3042
93.3117 98.5542
93.3117 98.5542
93.5498 98.8042
93.5498 98.8042
93.7879 99.0542
93.7879 99.0542
94.0259 99.3042
94.264 99.5542
94.264 99.5542
94.5021 99.8042
94.7402 100.054
94.7402 100.054
94.9783 100.304
94.9783 100.304
95.2164 100.554
95.4545 100.804
95.4545 100.804
95.6926 101.054
95.6926 101.054
95.9307 101.304
96.1688 101.554
96.1688 101.554
96.4069 101.804
96.645 102.054
96.8831 102.304
97.1212 102.554
97.1212 102.554
97.3593 102.804
97.3593 102.804
97.5974 103.054
97.5974 103.054
97.8355 103.304
98.0736 103.554
98.0736 103.554
98.3117 103.804
98.5498 104.054
98.5498 104.054
98.7879 104.304
99.0259 104.554
99.0259 104.554
99.264 104.804
99.5021 105.054
99.7402 105.304
99.9783 105.554
100.216 105.804
100.455 106.054
100.455 106.054
100.693 106.304
100.931 106.554
100.931 106.554
101.169 106.804
101.407 107.054
101.407 107.054
101.645 107.304
101.883 107.554
101.883 107.554
102.121 107.804
102.359 108.054
102.359 108.054
102.597 108.304
102.835 108.554
102.835 108.554
103.074 108.804
103.074 108.804
103.312 109.054
103.55 109.304
103.788 109.554
103.788 109.554
104.026 109.804
104.264 110.054
104.264 110.054
104.502 110.304
104.74 110.554
104.74 110.554
104.978 110.804
105.216 111.054
105.216 111.054
105.216 111.054
105.455 111.304
105.693 111.554
105.693 111.554
105.931 111.804
106.169 112.054
106.169 112.054
106.407 112.304
106.645 112.554
106.645 112.554
106.883 112.804
107.121 113.054
107.121 113.054
107.359 113.304
107.597 113.554
107.597 113.554
107.835 113.804
108.074 114.054
108.074 114.054
108.312 114.304
108.55 114.554
108.55 114.554
108.788 114.804
109.026 115.054
109.026 115.054
109.264 115.304
109.502 115.554
109.502 115.554
109.74 115.804
109.978 116.054
109.978 116.054
110.216 116.304
110.455 116.554
110.455 116.554
110.693 116.804
110.931 117.054
110.931 117.054
111.169 117.304
111.407 117.554
111.407 117.554
111.645 117.804
111.883 118.054
111.883 118.054
112.121 118.304
112.359 118.554
112.359 118.554
112.597 118.804
112.835 119.054
112.835 119.054
113.074 119.304
113.312 119.554
113.312 119.554
113.55 119.804
113.788 120.054
113.788 120.054
114.026 120.304
114.264 120.554
114.264 120.554
114.502 120.804
114.74 121.054
114.74 121.054
114.978 121.304
115.216 121.554
115.216 121.554
115.455 121.804
115.693 122.054
115.693 122.054
115.931 122.304
116.169 122.554
116.169 122.554
116.407 122.804
116.645 123.054
116.645 123.054
116.883 123.304
116.883 123.304
117.121 123.554
117.121 123.554
117.359 123.804
117.597 124.054
117.597 124.054
117.835 124.304
118.074 124.554
118.074 124.554
118.312 124.804
118.55 125.054
118.55 125.054
118.788 125.304
119.026 125.554
119.026 125.554
119.264 125.804
119.502 126.054
119.502 126.054
119.502 126.054
119.74 126.304
119.978 126.554
119.978 126.554
120.216 126.804
120.455 127.054
120.455 127.054
120.931 127.554
120.931 127.554
121.407 128.054
121.407 128.054
121.407 128.054
121.883 128.554
121.883 128.554
122.359 129.054
122.359 129.054
122.835 129.554
122.835 129.554
123.074 129.804
123.312 130.054
123.312 130.054
123.55 130.304
123.788 130.554
124.264 131.054
124.74 131.554
124.74 131.554
125.216 132.054
125.216 132.054
125.216 132.054
125.693 132.554
125.693 132.554
126.169 133.054
126.169 133.054
126.169 133.054
126.645 133.554
126.645 133.554
127.121 134.054
127.121 134.054
127.121 134.054
127.121 134.054
127.359 134.304
127.597 134.554
127.597 134.554
127.597 134.554
128.074 135.054
128.55 135.554
128.55 135.554
129.026 136.054
129.026 136.054
129.026 136.054
129.026 136.054
129.502 136.554
129.502 136.554
129.978 137.054
129.978 137.054
130.216 137.304
130.455 137.554
130.455 137.554
130.931 138.054
130.931 138.054
130.931 138.054
131.169 138.304
131.407 138.554
131.407 138.554
131.407 138.554
131.883 139.054
131.883 139.054
131.883 139.054
131.883 139.054
132.359 139.554
132.359 139.554
132.835 140.054
132.835 140.054
133.312 140.554
133.312 140.554
133.788 141.054
133.788 141.054
134.264 141.554
134.264 141.554
134.74 142.054
134.74 142.054
135.216 142.554
135.216 142.554
135.693 143.054
136.169 143.554
136.169 143.554
136.645 144.054
136.645 144.054
137.121 144.554
137.121 144.554
137.597 145.054
137.597 145.054
138.074 145.554
138.074 145.554
138.312 145.804
138.55 146.054
138.55 146.054
138.788 146.304
138.788 146.304
139.026 146.554
139.026 146.554
139.502 147.054
139.978 147.554
139.978 147.554
140.455 148.054
140.455 148.054
140.931 148.554
140.931 148.554
141.407 149.054
141.407 149.054
141.883 149.554
141.883 149.554
142.121 149.804
142.359 150.054
142.359 150.054
142.597 150.304
142.597 150.304
142.835 150.554
142.835 150.554
143.312 151.054
143.312 151.054
143.312 151.054
143.312 151.054
143.788 151.554
143.788 151.554
144.264 152.054
144.264 152.054
144.74 152.554
144.74 152.554
145.216 153.054
145.216 153.054
145.455 153.304
145.693 153.554
145.693 153.554
146.169 154.054
146.169 154.054
146.645 154.554
146.645 154.554
147.121 155.054
147.597 155.554
147.597 155.554
148.074 156.054
148.074 156.054
148.55 156.554
148.55 156.554
149.026 157.054
149.026 157.054
149.502 157.554
149.502 157.554
149.978 158.054
149.978 158.054
150.455 158.554
150.693 158.804
150.931 159.054
150.931 159.054
151.407 159.554
151.883 160.054
151.883 160.054
152.359 160.554
152.835 161.054
152.835 161.054
153.312 161.554
153.312 161.554
153.788 162.054
153.788 162.054
153.788 162.054
154.264 162.554
154.264 162.554
154.74 163.054
154.74 163.054
155.216 163.554
155.216 163.554
155.693 164.054
155.693 164.054
156.169 164.554
156.169 164.554
156.645 165.054
157.121 165.554
157.121 165.554
157.597 166.054
157.597 166.054
158.074 166.554
158.074 166.554
158.55 167.054
158.55 167.054
159.026 167.554
159.026 167.554
159.502 168.054
159.502 168.054
159.978 168.554
159.978 168.554
160.455 169.054
160.931 169.554
160.931 169.554
161.407 170.054
161.407 170.054
161.883 170.554
161.883 170.554
162.359 171.054
162.359 171.054
162.835 171.554
162.835 171.554
163.312 172.054
163.312 172.054
163.312 172.054
163.788 172.554
163.788 172.554
164.264 173.054
164.264 173.054
164.264 173.054
164.74 173.554
165.216 174.054
165.216 174.054
165.216 174.054
165.455 174.304
165.693 174.554
165.693 174.554
165.931 174.804
166.169 175.054
166.169 175.054
166.407 175.304
166.645 175.554
166.645 175.554
166.883 175.804
166.883 175.804
167.121 176.054
167.121 176.054
167.359 176.304
167.597 176.554
167.597 176.554
167.835 176.804
167.835 176.804
168.074 177.054
168.074 177.054
168.312 177.304
168.55 177.554
168.55 177.554
168.55 177.554
168.788 177.804
168.788 177.804
169.026 178.054
169.026 178.054
169.264 178.304
169.502 178.554
169.502 178.554
169.74 178.804
169.74 178.804
169.978 179.054
169.978 179.054
170.216 179.304
170.455 179.554
170.455 179.554
170.693 179.804
170.931 180.054
170.931 180.054
171.169 180.304
171.169 180.304
171.407 180.554
171.645 180.804
171.645 180.804
171.883 181.054
171.883 181.054
172.121 181.304
172.359 181.554
172.597 181.804
172.835 182.054
172.835 182.054
173.074 182.304
173.312 182.554
173.312 182.554
173.55 182.804
173.788 183.054
173.788 183.054
174.026 183.304
174.264 183.554
174.264 183.554
174.502 183.804
174.74 184.054
174.74 184.054
174.978 184.304
175.216 184.554
175.455 184.804
175.455 184.804
175.693 185.054
175.693 185.054
175.931 185.304
176.169 185.554
176.407 185.804
176.645 186.054
176.645 186.054
176.645 186.054
176.883 186.304
177.121 186.554
177.121 186.554
177.359 186.804
177.597 187.054
177.597 187.054
177.597 187.054
177.835 187.304
178.074 187.554
178.074 187.554
178.312 187.804
178.55 188.054
178.55 188.054
178.788 188.304
179.026 188.554
179.026 188.554
179.264 188.804
179.264 188.804
179.502 189.054
179.502 189.054
179.74 189.304
179.978 189.554
179.978 189.554
179.978 189.554
180.216 189.804
180.216 189.804
180.216 189.804
180.455 190.054
180.693 190.304
180.693 190.304
180.693 190.304
180.931 190.554
180.931 190.554
181.169 190.804
181.169 190.804
181.169 190.804
181.407 191.054
181.407 191.054
181.407 191.054
181.645 191.304
181.883 191.554
181.883 191.554
182.121 191.804
182.359 192.054
182.359 192.054
182.597 192.304
182.835 192.554
182.835 192.554
183.074 192.804
183.312 193.054
183.312 193.054
183.55 193.304
183.55 193.304
183.788 193.554
184.026 193.804
184.026 193.804
184.026 193.804
184.264 194.054
184.502 194.304
184.74 194.554
184.74 194.554
184.978 194.804
184.978 194.804
185.216 195.054
185.216 195.054
185.455 195.304
185.693 195.554
185.693 195.554
185.931 195.804
186.169 196.054
186.169 196.054
186.407 196.304
186.407 196.304
186.645 196.554
186.883 196.804
186.883 196.804
187.121 197.054
187.121 197.054
187.359 197.304
187.597 197.554
187.597 197.554
187.835 197.804
188.074 198.054
188.312 198.304
188.55 198.554
188.55 198.554
188.788 198.804
188.788 198.804
189.026 199.054
189.026 199.054
189.264 199.304
189.502 199.554
189.502 199.554
189.74 199.804
189.978 200.054
189.978 200.054
190.216 200.304
190.455 200.554
190.455 200.554
190.693 200.804
190.931 201.054
191.169 201.304
191.407 201.554
191.645 201.804
191.883 202.054
191.883 202.054
192.121 202.304
192.359 202.554
192.359 202.554
192.597 202.804
192.835 203.054
192.835 203.054
193.074 203.304
193.312 203.554
193.312 203.554
193.55 203.804
193.788 204.054
193.788 204.054
194.026 204.304
194.264 204.554
194.264 204.554
194.502 204.804
194.502 204.804
194.74 205.054
194.978 205.304
195.216 205.554
195.216 205.554
195.455 205.804
195.693 206.054
195.693 206.054
195.931 206.304
196.169 206.554
196.169 206.554
196.407 206.804
196.645 207.054
196.645 207.054
196.645 207.054
196.883 207.304
197.121 207.554
197.121 207.554
197.359 207.804
197.597 208.054
197.597 208.054
197.835 208.304
198.074 208.554
198.074 208.554
198.312 208.804
198.55 209.054
198.55 209.054
198.788 209.304
199.026 209.554
199.026 209.554
199.264 209.804
199.502 210.054
199.502 210.054
199.74 210.304
199.978 210.554
199.978 210.554
200.216 210.804
200.455 211.054
200.455 211.054
200.693 211.304
200.931 211.554
200.931 211.554
201.169 211.804
201.407 212.054
201.407 212.054
201.645 212.304
201.883 212.554
201.883 212.554
202.121 212.804
202.359 213.054
202.359 213.054
202.597 213.304
202.835 213.554
202.835 213.554
202.835 213.554
203.074 213.804
203.312 214.054
203.312 214.054
203.312 214.054
203.55 214.304
203.788 214.554
203.788 214.554
203.788 214.554
204.026 214.804
204.026 214.804
204.264 215.054
204.264 215.054
204.502 215.304
204.74 215.554
204.74 215.554
204.978 215.804
205.216 216.054
205.216 216.054
205.455 216.304
205.693 216.554
205.693 216.554
205.931 216.804
206.169 217.054
206.169 217.054
206.169 217.054
206.645 217.554
206.645 217.554
206.883 217.804
207.121 218.054
207.121 218.054
207.359 218.304
207.597 218.554
207.597 218.554
207.835 218.804
208.074 219.054
208.074 219.054
208.074 219.054
208.312 219.304
208.55 219.554
208.55 219.554
208.788 219.804
209.026 220.054
209.026 220.054
209.264 220.304
209.502 220.554
209.502 220.554
209.74 220.804
209.978 221.054
209.978 221.054
210.216 221.304
210.455 221.554
210.455 221.554
210.693 221.804
210.931 222.054
210.931 222.054
210.931 222.054
210.931 222.054
211.407 222.554
211.407 222.554
211.407 222.554
211.645 222.804
211.883 223.054
211.883 223.054
212.359 223.554
212.359 223.554
212.835 224.054
212.835 224.054
213.074 224.304
213.312 224.554
213.55 224.804
213.788 225.054
213.788 225.054
214.264 225.554
214.264 225.554
214.74 226.054
215.216 226.554
215.216 226.554
215.455 226.804
215.693 227.054
215.693 227.054
216.169 227.554
216.169 227.554
216.645 228.054
216.645 228.054
216.883 228.304
217.121 228.554
217.359 228.804
217.597 229.054
217.597 229.054
218.074 229.554
218.55 230.054
218.55 230.054
219.026 230.554
219.026 230.554
219.502 231.054
219.502 231.054
219.978 231.554
219.978 231.554
220.455 232.054
220.455 232.054
220.931 232.554
220.931 232.554
221.407 233.054
221.883 233.554
222.359 234.054
222.359 234.054
222.835 234.554
222.835 234.554
223.312 235.054
223.312 235.054
223.788 235.554
223.788 235.554
224.264 236.054
224.264 236.054
224.74 236.554
224.74 236.554
224.978 236.804
225.216 237.054
225.693 237.554
225.693 237.554
225.931 237.804
226.169 238.054
226.169 238.054
226.407 238.304
226.407 238.304
226.645 238.554
226.883 238.804
226.883 238.804
227.121 239.054
227.121 239.054
227.359 239.304
227.597 239.554
227.597 239.554
227.835 239.804
228.074 240.054
228.074 240.054
228.312 240.304
228.55 240.554
228.55 240.554
228.788 240.804
229.026 241.054
229.026 241.054
229.264 241.304
229.264 241.304
229.502 241.554
229.74 241.804
229.74 241.804
229.74 241.804
229.978 242.054
230.216 242.304
230.455 242.554
230.455 242.554
230.693 242.804
230.693 242.804
230.931 243.054
230.931 243.054
231.169 243.304
231.407 243.554
231.407 243.554
231.645 243.804
231.883 244.054
231.883 244.054
232.121 244.304
232.121 244.304
232.359 244.554
232.597 244.804
232.597 244.804
232.835 245.054
232.835 245.054
233.074 245.304
233.312 245.554
233.312 245.554
233.55 245.804
233.788 246.054
234.026 246.304
234.264 246.554
234.264 246.554
234.502 246.804
234.502 246.804
234.74 247.054
234.74 247.054
234.978 247.304
235.216 247.554
235.216 247.554
235.455 247.804
235.693 248.054
235.693 248.054
235.931 248.304
236.169 248.554
236.169 248.554
236.407 248.804
236.645 249.054
236.883 249.304
237.121 249.554
237.359 249.804
237.597 250.054
237.597 250.054
237.597 250.054
237.835 250.304
238.074 250.554
238.074 250.554
238.312 250.804
238.55 251.054
238.55 251.054
238.788 251.304
239.026 251.554
239.026 251.554
239.264 251.804
239.502 252.054
239.502 252.054
239.74 252.304
239.978 252.554
239.978 252.554
240.216 252.804
240.216 252.804
240.455 253.054
240.693 253.304
240.931 253.554
240.931 253.554
241.169 253.804
241.407 254.054
241.407 254.054
241.407 254.054
241.645 254.304
241.883 254.554
241.883 254.554
241.883 254.554
242.121 254.804
242.359 255.054
242.359 255.054
242.359 255.054
242.597 255.304
242.835 255.554
242.835 255.554
243.074 255.804
243.312 256.054
243.312 256.054
243.55 256.304
243.788 256.554
243.788 256.554
244.026 256.804
244.026 256.804
244.264 257.054
244.264 257.054
244.502 257.304
244.74 257.554
244.74 257.554
244.978 257.804
244.978 257.804
245.216 258.054
245.455 258.304
245.693 258.554
245.693 258.554
245.931 258.804
245.931 258.804
246.169 259.054
246.169 259.054
246.407 259.304
246.645 259.554
246.645 259.554
246.883 259.804
247.121 260.054
247.121 260.054
247.359 260.304
247.597 260.554
247.597 260.554
247.835 260.804
247.835 260.804
248.074 261.054
248.074 261.054
248.312 261.304
248.55 261.554
248.788 261.804
249.026 262.054
249.264 262.304
249.502 262.554
249.74 262.804
249.978 263.054
249.978 263.054
250.216 263.304
250.455 263.554
250.693 263.804
250.931 264.054
250.931 264.054
251.169 264.304
251.407 264.554
251.645 264.804
251.883 265.054
251.883 265.054
252.121 265.304
252.359 265.554
252.597 265.804
252.835 266.054
253.074 266.304
253.312 266.554
253.55 266.804
253.788 267.054
253.788 267.054
254.026 267.304
254.264 267.554
254.502 267.804
254.74 268.054
254.74 268.054
254.978 268.304
254.978 268.304
255.455 268.804
255.455 268.804
255.693 269.054
255.693 269.054
255.931 269.304
256.407 269.804
256.645 270.054
256.883 270.304
257.121 270.554
257.121 270.554
257.359 270.804
257.597 271.054
257.597 271.054
258.074 271.554
258.074 271.554
258.55 272.054
258.55 272.054
259.026 272.554
259.026 272.554
259.502 273.054
259.502 273.054
259.74 273.304
259.978 273.554
260.216 273.804
260.455 274.054
260.931 274.554
260.931 274.554
261.169 274.804
261.407 275.054
261.407 275.054
261.883 275.554
261.883 275.554
262.359 276.054
262.359 276.054
262.835 276.554
262.835 276.554
263.074 276.804
263.312 277.054
263.312 277.054
263.788 277.554
263.788 277.554
263.788 277.554
264.026 277.804
264.264 278.054
264.264 278.054
264.264 278.054
264.74 278.554
264.74 278.554
265.216 279.054
265.216 279.054
265.693 279.554
266.169 280.054
266.169 280.054
266.645 280.554
267.121 281.054
267.121 281.054
267.597 281.554
268.074 282.054
268.074 282.054
268.312 282.304
268.55 282.554
268.55 282.554
269.026 283.054
269.026 283.054
269.026 283.054
269.502 283.554
269.978 284.054
269.978 284.054
269.978 284.054
269.978 284.054
270.455 284.554
270.931 285.054
270.931 285.054
271.407 285.554
271.883 286.054
271.883 286.054
272.359 286.554
