0.381579 0.483333
0.381579 0.483333
0.381579 0.483333
0.381579 0.483333
0.776315 0.983333
1.17105 1.48333
1.56579 1.98333
1.56579 1.98333
1.96052 2.48333
1.96052 2.48333
2.35526 2.98333
2.75 3.48333
3.14473 3.98333
3.53947 4.48333
3.53947 4.48333
3.53947 4.48333
3.93421 4.98333
3.93421 4.98333
4.32894 5.48333
4.32894 5.48333
5.11842 6.48333
5.11842 6.48333
5.11842 6.48333
5.11842 6.48333
5.51315 6.98333
5.90789 7.48333
5.90789 7.48333
6.30263 7.98333
6.69736 8.48333
6.69736 8.48333
6.69736 8.48333
6.69736 8.48333
7.0921 8.98333
7.0921 8.98333
7.48684 9.48333
7.48684 9.48333
7.48684 9.48333
8.27631 10.4833
8.27631 10.4833
8.27631 10.4833
8.27631 10.4833
9.06578 11.4833
9.06578 11.4833
9.06578 11.4833
9.06578 11.4833
9.85525 12.4833
9.85525 12.4833
9.85525 12.4833
9.85525 12.4833
10.25 12.9833
10.6447 13.4833
10.6447 13.4833
11.0395 13.9833
11.4342 14.4833
11.4342 14.4833
11.4342 14.4833
11.8289 14.9833
12.2237 15.4833
12.2237 15.4833
12.2237 15.4833
12.2237 15.4833
12.6184 15.9833
12.6184 15.9833
12.6793 16.0604
12.7993 16.2125
12.9178 16.3625
13.0131 16.4833
13.0131 16.4833
13.0131 16.4833
13.0296 16.5042
13.4079 16.9833
13.8026 17.4833
13.8026 17.4833
13.8026 17.4833
14.1974 17.9833
14.1974 17.9833
14.5921 18.4833
14.5921 18.4833
14.5921 18.4833
14.5921 18.4833
14.9868 18.9833
15.3668 19.4646
15.3816 19.4833
15.3816 19.4833
15.3816 19.4833
15.7763 19.9833
15.7763 19.9833
16.1562 20.4646
16.171 20.4833
16.171 20.4833
16.171 20.4833
16.5658 20.9833
16.9605 21.4833
16.9605 21.4833
17.3552 21.9833
17.3552 21.9833
17.75 22.4833
17.75 22.4833
17.75 22.4833
17.75 22.4833
18.1447 22.9833
18.1447 22.9833
18.5395 23.4833
18.5395 23.4833
18.5395 23.4833
18.9342 23.9833
18.9342 23.9833
19.3289 24.4833
19.3289 24.4833
19.3289 24.4833
19.3289 24.4833
19.3289 24.4833
19.7237 24.9833
20.1184 25.4833
20.1184 25.4833
20.1184 25.4833
20.5131 25.9833
20.5131 25.9833
20.9079 26.4833
20.9079 26.4833
20.9079 26.4833
21.3026 26.9833
21.3026 26.9833
21.6973 27.4833
21.6973 27.4833
21.6973 27.4833
22.0921 27.9833
22.4868 28.4833
22.4868 28.4833
22.4868 28.4833
22.4868 28.4833
22.8816 28.9833
23.2763 29.4833
23.671 29.9833
23.671 29.9833
24.0658 30.4833
24.0658 30.4833
24.0658 30.4833
24.0658 30.4833
24.8552 31.4833
24.8552 31.4833
24.8552 31.4833
25.25 31.9833
25.25 31.9833
25.6447 32.4833
25.6447 32.4833
25.6447 32.4833
26.0395 32.9833
26.4342 33.4833
26.8289 33.9833
26.8289 33.9833
27.2237 34.4833
27.2237 34.4833
27.2237 34.4833
28.0131 35.4833
28.0131 35.4833
28.4079 35.9833
28.4079 35.9833
28.8026 36.4833
28.8026 36.4833
28.8026 36.4833
29.1973 36.9833
29.5921 37.4833
29.5921 37.4833
29.5921 37.4833
29.7894 37.7333
30.3816 38.4833
30.3816 38.4833
30.7763 38.9833
31.171 39.4833
31.171 39.4833
31.3684 39.7333
31.5658 39.9833
31.9605 40.4833
31.9605 40.4833
32.3552 40.9833
32.75 41.4833
32.75 41.4833
32.75 41.4833
33.1447 41.9833
33.1447 41.9833
33.5394 42.4833
33.5394 42.4833
33.9342 42.9833
34.3289 43.4833
34.7237 43.9833
35.1184 44.4833
35.1184 44.4833
35.5131 44.9833
35.9079 45.4833
35.9079 45.4833
36.1052 45.7333
36.3026 45.9833
36.6973 46.4833
36.6973 46.4833
36.6973 46.4833
36.6973 46.4833
37.4868 47.4833
37.4868 47.4833
37.4868 47.4833
37.4868 47.4833
37.8815 47.9833
38.2763 48.4833
38.2763 48.4833
38.2763 48.4833
38.671 48.9833
38.671 48.9833
39.0658 49.4833
39.0658 49.4833
39.4605 49.9833
39.4605 49.9833
39.8552 50.4833
39.8552 50.4833
40.25 50.9833
40.6447 51.4833
41.0394 51.9833
41.4342 52.4833
41.4342 52.4833
41.4342 52.4833
41.8289 52.9833
42.2236 53.4833
42.2236 53.4833
42.2236 53.4833
42.421 53.7333
42.6184 53.9833
43.0131 54.4833
43.0131 54.4833
43.0131 54.4833
43.4079 54.9833
43.8026 55.4833
43.8026 55.4833
43.8026 55.4833
44 55.7333
44.1973 55.9833
44.5921 56.4833
44.5921 56.4833
44.5921 56.4833
44.9868 56.9833
45.1842 57.2333
45.3815 57.4833
45.3815 57.4833
45.7763 57.9833
45.7763 57.9833
46.171 58.4833
46.171 58.4833
46.171 58.4833
46.5657 58.9833
46.9605 59.4833
47.3552 59.9833
47.75 60.4833
47.75 60.4833
47.75 60.4833
47.75 60.4833
48.1447 60.9833
48.5394 61.4833
48.5394 61.4833
48.7368 61.7333
49.3289 62.4833
49.3289 62.4833
49.3289 62.4833
49.3289 62.4833
49.3289 62.4833
49.7236 62.9833
50.1184 63.4833
50.1184 63.4833
50.1184 63.4833
50.5131 63.9833
50.5131 63.9833
50.9079 64.4833
50.9079 64.4833
50.9079 64.4833
50.9079 64.4833
50.9079 64.4833
51.3026 64.9833
51.3026 64.9833
51.3026 64.9833
51.6973 65.4833
51.6973 65.4833
51.6973 65.4833
51.6973 65.4833
51.6973 65.4833
52.0921 65.9833
52.4868 66.4833
52.4868 66.4833
52.4868 66.4833
52.4868 66.4833
52.4868 66.4833
52.8815 66.9833
53.2763 67.4833
53.2763 67.4833
53.671 67.9833
54.0657 68.4833
54.0657 68.4833
54.4605 68.9833
54.4605 68.9833
54.8552 69.4833
54.8552 69.4833
54.8552 69.4833
54.8552 69.4833
55.0526 69.7333
55.25 69.9833
55.25 69.9833
55.25 69.9833
55.4473 70.2333
55.6447 70.4833
55.6447 70.4833
55.6447 70.4833
55.6447 70.4833
55.6447 70.4833
56.0394 70.9833
56.4342 71.4833
56.4342 71.4833
56.8289 71.9833
56.8289 71.9833
57.2236 72.4833
57.2236 72.4833
57.2236 72.4833
57.2236 72.4833
57.6184 72.9833
58.0131 73.4833
58.0131 73.4833
58.0131 73.4833
58.0131 73.4833
58.4078 73.9833
58.4078 73.9833
58.8026 74.4833
58.8026 74.4833
58.8026 74.4833
58.8026 74.4833
58.8026 74.4833
59.1973 74.9833
59.5921 75.4833
59.5921 75.4833
59.5921 75.4833
59.5921 75.4833
59.5921 75.4833
59.9868 75.9833
59.9868 75.9833
60.3815 76.4833
60.3815 76.4833
60.3815 76.4833
60.3815 76.4833
60.3815 76.4833
60.7763 76.9833
60.7763 76.9833
61.171 77.4833
61.171 77.4833
61.171 77.4833
61.5657 77.9833
61.5657 77.9833
61.9605 78.4833
61.9605 78.4833
61.9605 78.4833
62.3552 78.9833
62.3552 78.9833
62.7499 79.4833
62.7499 79.4833
62.7499 79.4833
63.1447 79.9833
63.1447 79.9833
63.5394 80.4833
63.5394 80.4833
63.5394 80.4833
63.9342 80.9833
63.9342 80.9833
64.3289 81.4833
64.3289 81.4833
64.3289 81.4833
64.7236 81.9833
64.7236 81.9833
65.1184 82.4833
65.1184 82.4833
65.1184 82.4833
65.1184 82.4833
65.1184 82.4833
65.1184 82.4833
65.5131 82.9833
65.9078 83.4833
65.9078 83.4833
65.9078 83.4833
66.3026 83.9833
66.6973 84.4833
66.6973 84.4833
66.6973 84.4833
66.6973 84.4833
66.6973 84.4833
67.092 84.9833
67.092 84.9833
67.4868 85.4833
67.4868 85.4833
67.4868 85.4833
67.4868 85.4833
67.4868 85.4833
67.8815 85.9833
67.8815 85.9833
68.2763 86.4833
68.2763 86.4833
68.2763 86.4833
68.2763 86.4833
68.2763 86.4833
68.2763 86.4833
68.671 86.9833
69.0657 87.4833
69.0657 87.4833
69.4605 87.9833
69.4605 87.9833
69.8552 88.4833
69.8552 88.4833
69.8552 88.4833
69.8552 88.4833
70.2499 88.9833
70.6447 89.4833
70.6447 89.4833
70.6447 89.4833
71.0394 89.9833
71.0394 89.9833
71.4341 90.4833
71.4341 90.4833
71.4341 90.4833
71.4341 90.4833
71.4341 90.4833
71.8289 90.9833
72.2236 91.4833
72.2236 91.4833
72.2236 91.4833
72.6184 91.9833
72.6184 91.9833
73.0131 92.4833
73.0131 92.4833
73.0131 92.4833
73.0131 92.4833
73.4078 92.9833
73.8026 93.4833
73.8026 93.4833
73.8026 93.4833
74.1973 93.9833
74.1973 93.9833
74.592 94.4833
74.592 94.4833
74.592 94.4833
74.592 94.4833
74.592 94.4833
74.9868 94.9833
75.3815 95.4833
75.3815 95.4833
75.7763 95.9833
75.7763 95.9833
76.171 96.4833
76.171 96.4833
76.171 96.4833
76.171 96.4833
76.5657 96.9833
76.5657 96.9833
76.9605 97.4833
76.9605 97.4833
77.3552 97.9833
77.3552 97.9833
77.7499 98.4833
77.7499 98.4833
77.7499 98.4833
77.7499 98.4833
77.7499 98.4833
77.7499 98.4833
78.1447 98.9833
78.5394 99.4833
78.5394 99.4833
78.5394 99.4833
78.9341 99.9833
78.9341 99.9833
79.3289 100.483
79.3289 100.483
79.3289 100.483
79.7236 100.983
79.7236 100.983
80.1184 101.483
80.1184 101.483
80.1184 101.483
80.5131 101.983
80.5131 101.983
80.9078 102.483
80.9078 102.483
80.9078 102.483
80.9078 102.483
80.9078 102.483
81.3026 102.983
81.6973 103.483
81.6973 103.483
81.6973 103.483
81.6973 103.483
81.8947 103.733
82.092 103.983
82.092 103.983
82.4868 104.483
82.4868 104.483
82.4868 104.483
82.4868 104.483
82.8815 104.983
83.0789 105.233
83.2762 105.483
83.2762 105.483
83.2762 105.483
83.2762 105.483
83.671 105.983
83.671 105.983
84.0657 106.483
84.0657 106.483
84.0657 106.483
84.0657 106.483
84.0657 106.483
84.4605 106.983
84.4605 106.983
84.8552 107.483
84.8552 107.483
84.8552 107.483
84.8552 107.483
84.8552 107.483
84.8552 107.483
85.0526 107.733
85.2499 107.983
85.6447 108.483
85.6447 108.483
85.6447 108.483
85.6447 108.483
85.6447 108.483
85.6447 108.483
86.0394 108.983
86.4341 109.483
86.8289 109.983
86.8289 109.983
87.2236 110.483
87.2236 110.483
87.2236 110.483
87.6183 110.983
88.0131 111.483
88.0131 111.483
88.4078 111.983
88.4078 111.983
88.8026 112.483
88.8026 112.483
88.8026 112.483
88.8026 112.483
89.1973 112.983
89.592 113.483
89.592 113.483
89.592 113.483
89.9868 113.983
89.9868 113.983
90.3815 114.483
90.3815 114.483
90.7762 114.983
91.171 115.483
91.171 115.483
91.171 115.483
91.5657 115.983
91.5657 115.983
91.9604 116.483
91.9604 116.483
91.9604 116.483
92.3552 116.983
92.7499 117.483
92.7499 117.483
92.7499 117.483
92.9473 117.733
93.5394 118.483
93.5394 118.483
93.9341 118.983
94.3289 119.483
94.3289 119.483
94.5262 119.733
94.7236 119.983
95.1183 120.483
95.1183 120.483
95.5131 120.983
95.9078 121.483
95.9078 121.483
95.9078 121.483
96.3025 121.983
96.3025 121.983
96.6973 122.483
96.6973 122.483
96.6973 122.483
97.092 122.983
97.092 122.983
97.4868 123.483
97.4868 123.483
97.8815 123.983
97.8815 123.983
98.2762 124.483
98.2762 124.483
98.2762 124.483
98.671 124.983
99.0657 125.483
99.0657 125.483
99.2631 125.733
99.4604 125.983
99.8552 126.483
99.8552 126.483
99.8552 126.483
99.8552 126.483
100.645 127.483
100.645 127.483
100.645 127.483
100.645 127.483
101.039 127.983
101.434 128.483
101.434 128.483
101.434 128.483
101.829 128.983
101.829 128.983
102.224 129.483
102.224 129.483
102.618 129.983
102.618 129.983
103.013 130.483
103.013 130.483
103.408 130.983
103.408 130.983
103.803 131.483
103.803 131.483
104.197 131.983
104.197 131.983
104.592 132.483
104.592 132.483
104.592 132.483
104.592 132.483
104.987 132.983
105.381 133.483
105.381 133.483
105.381 133.483
105.579 133.733
105.776 133.983
106.171 134.483
106.171 134.483
106.171 134.483
106.171 134.483
106.566 134.983
106.96 135.483
106.96 135.483
106.96 135.483
107.158 135.733
107.355 135.983
107.75 136.483
107.75 136.483
107.75 136.483
107.75 136.483
108.145 136.983
108.342 137.233
108.539 137.483
108.539 137.483
108.539 137.483
108.934 137.983
108.934 137.983
109.329 138.483
109.329 138.483
109.329 138.483
109.329 138.483
109.724 138.983
110.118 139.483
110.513 139.983
110.908 140.483
110.908 140.483
110.908 140.483
110.908 140.483
111.303 140.983
111.697 141.483
111.697 141.483
111.895 141.733
112.487 142.483
112.487 142.483
112.487 142.483
112.487 142.483
112.487 142.483
112.881 142.983
113.276 143.483
113.276 143.483
113.276 143.483
113.671 143.983
113.671 143.983
114.066 144.483
114.066 144.483
114.066 144.483
114.066 144.483
114.066 144.483
114.46 144.983
114.46 144.983
114.46 144.983
114.855 145.483
114.855 145.483
114.855 145.483
114.855 145.483
114.855 145.483
115.25 145.983
115.645 146.483
115.645 146.483
115.645 146.483
115.645 146.483
115.645 146.483
116.039 146.983
116.039 146.983
116.434 147.483
116.434 147.483
116.434 147.483
116.829 147.983
116.829 147.983
117.224 148.483
117.224 148.483
117.224 148.483
117.618 148.983
117.618 148.983
118.013 149.483
118.013 149.483
118.013 149.483
118.013 149.483
118.21 149.733
118.408 149.983
118.408 149.983
118.408 149.983
118.605 150.233
118.803 150.483
118.803 150.483
118.803 150.483
118.803 150.483
118.803 150.483
119.197 150.983
119.592 151.483
119.592 151.483
119.987 151.983
119.987 151.983
120.381 152.483
120.381 152.483
120.381 152.483
120.381 152.483
120.776 152.983
121.171 153.483
121.171 153.483
121.171 153.483
121.171 153.483
121.566 153.983
121.566 153.983
121.96 154.483
121.96 154.483
121.96 154.483
121.96 154.483
121.96 154.483
122.355 154.983
122.75 155.483
122.75 155.483
122.75 155.483
122.75 155.483
122.75 155.483
123.145 155.983
123.145 155.983
123.539 156.483
123.539 156.483
123.539 156.483
123.539 156.483
123.539 156.483
123.934 156.983
123.934 156.983
124.329 157.483
124.329 157.483
124.329 157.483
124.724 157.983
124.724 157.983
125.118 158.483
125.118 158.483
125.118 158.483
125.513 158.983
125.513 158.983
125.908 159.483
125.908 159.483
125.908 159.483
126.303 159.983
126.303 159.983
126.697 160.483
126.697 160.483
126.697 160.483
127.092 160.983
127.092 160.983
127.487 161.483
127.487 161.483
127.487 161.483
127.881 161.983
127.881 161.983
128.276 162.483
128.276 162.483
128.276 162.483
128.276 162.483
128.276 162.483
128.276 162.483
128.671 162.983
129.066 163.483
129.066 163.483
129.066 163.483
129.46 163.983
129.855 164.483
129.855 164.483
129.855 164.483
129.855 164.483
129.855 164.483
130.25 164.983
130.25 164.983
130.645 165.483
130.645 165.483
130.645 165.483
130.645 165.483
130.645 165.483
131.039 165.983
131.039 165.983
131.434 166.483
131.434 166.483
131.434 166.483
131.434 166.483
131.434 166.483
131.434 166.483
131.829 166.983
132.224 167.483
132.224 167.483
132.618 167.983
132.618 167.983
133.013 168.483
133.013 168.483
133.013 168.483
133.013 168.483
133.408 168.983
133.803 169.483
133.803 169.483
133.803 169.483
134.197 169.983
134.197 169.983
134.592 170.483
134.592 170.483
134.592 170.483
134.592 170.483
134.592 170.483
134.987 170.983
135.381 171.483
135.381 171.483
135.381 171.483
135.776 171.983
135.776 171.983
136.171 172.483
136.171 172.483
136.171 172.483
136.171 172.483
136.566 172.983
136.96 173.483
136.96 173.483
136.96 173.483
137.355 173.983
137.355 173.983
137.75 174.483
137.75 174.483
137.75 174.483
137.75 174.483
137.75 174.483
138.145 174.983
138.539 175.483
138.539 175.483
138.934 175.983
138.934 175.983
139.329 176.483
139.329 176.483
139.329 176.483
139.329 176.483
139.724 176.983
139.724 176.983
140.118 177.483
140.118 177.483
140.513 177.983
140.513 177.983
140.908 178.483
140.908 178.483
140.908 178.483
140.908 178.483
140.908 178.483
140.908 178.483
141.303 178.983
141.697 179.483
141.697 179.483
141.697 179.483
142.092 179.983
142.092 179.983
142.487 180.483
142.487 180.483
142.487 180.483
142.881 180.983
142.881 180.983
143.276 181.483
143.276 181.483
143.276 181.483
143.671 181.983
143.671 181.983
144.066 182.483
144.066 182.483
144.066 182.483
144.066 182.483
144.066 182.483
144.46 182.983
144.855 183.483
144.855 183.483
144.855 183.483
144.855 183.483
145.053 183.733
145.25 183.983
145.25 183.983
145.645 184.483
145.645 184.483
145.645 184.483
145.645 184.483
146.039 184.983
146.237 185.233
146.434 185.483
146.434 185.483
146.434 185.483
146.434 185.483
146.829 185.983
146.829 185.983
147.224 186.483
147.224 186.483
147.224 186.483
147.224 186.483
147.224 186.483
147.618 186.983
147.618 186.983
148.013 187.483
148.013 187.483
148.013 187.483
148.013 187.483
148.013 187.483
148.013 187.483
148.21 187.733
148.408 187.983
148.803 188.483
148.803 188.483
148.803 188.483
148.803 188.483
148.803 188.483
148.803 188.483
149.197 188.983
149.592 189.483
149.987 189.983
149.987 189.983
150.381 190.483
150.381 190.483
150.381 190.483
150.776 190.983
151.171 191.483
151.171 191.483
151.566 191.983
151.566 191.983
151.96 192.483
151.96 192.483
151.96 192.483
151.96 192.483
151.96 192.483
152.355 192.983
152.355 192.983
152.355 192.983
152.75 193.483
152.75 193.483
152.75 193.483
153.145 193.983
153.145 193.983
153.145 193.983
153.145 193.983
153.145 193.983
153.934 194.983
154.329 195.483
154.724 195.983
154.724 195.983
154.724 195.983
154.724 195.983
154.724 195.983
155.513 196.983
155.908 197.483
156.302 197.983
156.697 198.483
156.697 198.483
156.697 198.483
158.276 200.483
158.671 200.983
158.671 200.983
159.066 201.483
159.066 201.483
159.46 201.983
159.46 201.983
159.658 202.233
159.855 202.483
159.855 202.483
159.855 202.483
160.25 202.983
160.645 203.483
160.645 203.483
160.645 203.483
161.039 203.983
161.039 203.983
161.434 204.483
161.434 204.483
161.434 204.483
161.434 204.483
161.434 204.483
161.434 204.483
161.829 204.983
162.224 205.483
162.224 205.483
162.224 205.483
162.228 205.49
162.421 205.733
162.618 205.983
162.816 206.233
163.013 206.483
163.013 206.483
163.013 206.483
163.013 206.483
163.408 206.983
163.802 207.483
163.802 207.483
164.197 207.983
164.592 208.483
164.592 208.483
164.592 208.483
164.592 208.483
164.592 208.483
164.987 208.983
165.381 209.483
165.381 209.483
165.381 209.483
165.579 209.733
165.776 209.983
165.974 210.233
166.171 210.483
166.171 210.483
166.171 210.483
166.171 210.483
166.171 210.483
166.566 210.983
166.96 211.483
166.96 211.483
166.96 211.483
166.96 211.483
167.355 211.983
167.75 212.483
167.75 212.483
167.75 212.483
167.75 212.483
167.75 212.483
168.145 212.983
168.145 212.983
168.539 213.483
168.539 213.483
168.934 213.983
168.934 213.983
168.934 213.983
168.934 213.983
169.329 214.483
169.329 214.483
169.329 214.483
169.329 214.483
169.329 214.483
169.329 214.483
169.724 214.983
169.724 214.983
170.118 215.483
170.118 215.483
170.118 215.483
170.513 215.983
170.513 215.983
170.513 215.983
170.574 216.06
170.694 216.213
170.812 216.363
170.908 216.483
170.908 216.483
170.908 216.483
170.924 216.504
171.302 216.983
171.697 217.483
171.697 217.483
171.697 217.483
172.092 217.983
172.092 217.983
172.487 218.483
172.487 218.483
172.487 218.483
172.487 218.483
172.881 218.983
173.261 219.465
173.276 219.483
173.276 219.483
173.276 219.483
173.671 219.983
173.671 219.983
174.051 220.465
174.066 220.483
174.066 220.483
174.066 220.483
174.46 220.983
174.855 221.483
174.855 221.483
175.25 221.983
175.25 221.983
175.645 222.483
175.645 222.483
175.645 222.483
175.645 222.483
176.039 222.983
176.039 222.983
176.434 223.483
176.434 223.483
176.434 223.483
176.829 223.983
176.829 223.983
177.224 224.483
177.224 224.483
177.224 224.483
177.224 224.483
177.224 224.483
177.618 224.983
178.013 225.483
178.013 225.483
178.013 225.483
178.408 225.983
178.408 225.983
178.802 226.483
178.802 226.483
178.802 226.483
179.197 226.983
179.197 226.983
179.592 227.483
179.592 227.483
179.592 227.483
179.987 227.983
180.381 228.483
180.381 228.483
180.381 228.483
180.381 228.483
180.381 228.483
180.776 228.983
181.171 229.483
181.566 229.983
181.566 229.983
181.96 230.483
181.96 230.483
181.96 230.483
181.96 230.483
181.96 230.483
182.355 230.983
182.355 230.983
182.552 231.233
182.75 231.483
182.75 231.483
182.75 231.483
182.75 231.483
182.947 231.733
182.947 231.733
183.145 231.983
183.145 231.983
183.145 231.983
183.145 231.983
183.342 232.233
183.539 232.483
183.539 232.483
183.539 232.483
183.539 232.483
183.539 232.483
183.934 232.983
184.329 233.483
184.329 233.483
184.724 233.983
184.724 233.983
185.118 234.483
185.118 234.483
185.118 234.483
185.118 234.483
185.513 234.983
185.908 235.483
185.908 235.483
185.908 235.483
185.908 235.483
186.302 235.983
186.302 235.983
186.697 236.483
186.697 236.483
186.697 236.483
186.697 236.483
186.697 236.483
187.092 236.983
187.487 237.483
187.487 237.483
187.487 237.483
187.487 237.483
187.487 237.483
187.881 237.983
187.881 237.983
188.276 238.483
188.276 238.483
188.276 238.483
188.276 238.483
188.276 238.483
188.671 238.983
188.671 238.983
189.066 239.483
189.066 239.483
189.066 239.483
189.46 239.983
189.46 239.983
189.855 240.483
189.855 240.483
189.855 240.483
190.25 240.983
190.25 240.983
190.645 241.483
190.645 241.483
190.645 241.483
191.039 241.983
191.039 241.983
191.434 242.483
191.434 242.483
191.434 242.483
191.829 242.983
191.829 242.983
192.224 243.483
192.224 243.483
192.224 243.483
192.618 243.983
192.618 243.983
193.013 244.483
193.013 244.483
193.013 244.483
193.013 244.483
193.013 244.483
193.013 244.483
193.408 244.983
193.802 245.483
193.802 245.483
193.802 245.483
194.197 245.983
194.592 246.483
194.592 246.483
194.592 246.483
194.592 246.483
194.592 246.483
194.987 246.983
194.987 246.983
195.381 247.483
195.381 247.483
195.381 247.483
195.381 247.483
195.381 247.483
195.776 247.983
195.776 247.983
196.171 248.483
196.171 248.483
196.171 248.483
196.171 248.483
196.171 248.483
196.171 248.483
196.566 248.983
196.96 249.483
196.96 249.483
197.355 249.983
197.355 249.983
197.75 250.483
197.75 250.483
197.75 250.483
197.75 250.483
198.145 250.983
198.539 251.483
198.539 251.483
198.539 251.483
198.934 251.983
198.934 251.983
199.329 252.483
199.329 252.483
199.329 252.483
199.329 252.483
199.329 252.483
199.724 252.983
200.118 253.483
200.118 253.483
200.118 253.483
200.513 253.983
200.513 253.983
200.908 254.483
200.908 254.483
200.908 254.483
200.908 254.483
201.302 254.983
201.697 255.483
201.697 255.483
201.697 255.483
202.092 255.983
202.092 255.983
202.487 256.483
202.487 256.483
202.487 256.483
202.487 256.483
202.487 256.483
202.881 256.983
203.276 257.483
203.276 257.483
203.671 257.983
203.671 257.983
204.066 258.483
204.066 258.483
204.066 258.483
204.066 258.483
204.46 258.983
204.46 258.983
204.855 259.483
204.855 259.483
205.25 259.983
205.25 259.983
205.645 260.483
205.645 260.483
205.645 260.483
205.645 260.483
205.645 260.483
205.645 260.483
206.039 260.983
206.434 261.483
206.434 261.483
206.434 261.483
206.829 261.983
206.829 261.983
207.224 262.483
207.224 262.483
207.224 262.483
207.618 262.983
207.618 262.983
208.013 263.483
208.013 263.483
208.013 263.483
208.408 263.983
208.408 263.983
208.802 264.483
208.802 264.483
208.802 264.483
208.802 264.483
208.802 264.483
209.197 264.983
209.592 265.483
209.592 265.483
209.592 265.483
209.592 265.483
209.789 265.733
209.987 265.983
209.987 265.983
210.381 266.483
210.381 266.483
210.381 266.483
210.381 266.483
210.776 266.983
210.974 267.233
211.171 267.483
211.171 267.483
211.171 267.483
211.171 267.483
211.566 267.983
211.566 267.983
211.96 268.483
211.96 268.483
211.96 268.483
211.96 268.483
211.96 268.483
212.355 268.983
212.355 268.983
212.75 269.483
212.75 269.483
212.75 269.483
212.75 269.483
212.75 269.483
212.75 269.483
212.947 269.733
213.145 269.983
213.421 270.333
213.467 270.392
213.5 270.433
213.52 270.458
213.539 270.483
213.539 270.483
213.539 270.483
213.863 270.894
214.255 271.385
215.032 272.354
215.037 272.36
215.039 272.363
215.136 272.483
215.45 272.873
215.608 273.069
215.816 273.323
215.855 273.371
216.206 273.796
216.248 273.846
216.653 274.335
216.655 274.337
216.998 274.752
217.411 275.252
218.17 276.169
218.265 276.283
218.599 276.688
218.753 276.873
218.979 277.146
219.001 277.173
219.382 277.633
219.446 277.71
219.791 278.127
219.818 278.16
219.825 278.169
220.225 278.652
220.641 279.154
220.642 279.156
221.118 279.731
221.542 280.244
221.605 280.319
221.963 280.752
222.339 281.206
222.411 281.294
222.418 281.302
222.423 281.308
222.575 281.492
222.815 281.781
223.168 282.208
223.223 282.275
223.246 282.302
223.617 282.75
223.758 282.921
224.004 283.221
224.021 283.242
224.033 283.256
224.036 283.26
224.453 283.769
224.736 284.115
224.823 284.221
224.87 284.277
224.878 284.288
224.908 284.323
225.292 284.788
225.618 285.179
225.65 285.217
225.704 285.281
225.741 285.325
225.748 285.333
226.132 285.788
226.153 285.812
226.636 286.383
226.72 286.483
227.136 286.983
227.136 286.983
227.532 287.483
227.532 287.483
227.926 287.983
227.926 287.983
228.124 288.233
228.321 288.483
228.321 288.483
228.321 288.483
228.716 288.983
229.11 289.483
229.11 289.483
229.11 289.483
229.505 289.983
229.505 289.983
229.9 290.483
229.9 290.483
229.9 290.483
229.9 290.483
229.9 290.483
229.9 290.483
230.295 290.983
230.689 291.483
230.689 291.483
230.689 291.483
230.694 291.49
230.887 291.733
231.084 291.983
231.282 292.233
231.479 292.483
231.479 292.483
231.479 292.483
231.479 292.483
231.874 292.983
232.268 293.483
232.268 293.483
232.663 293.983
233.058 294.483
233.058 294.483
233.058 294.483
233.058 294.483
233.058 294.483
233.453 294.983
233.847 295.483
233.847 295.483
233.847 295.483
234.045 295.733
234.242 295.983
234.439 296.233
234.637 296.483
234.637 296.483
234.637 296.483
234.637 296.483
234.637 296.483
235.031 296.983
235.426 297.483
235.426 297.483
235.426 297.483
235.426 297.483
235.821 297.983
236.216 298.483
236.216 298.483
236.216 298.483
236.216 298.483
236.216 298.483
236.61 298.983
236.61 298.983
237.005 299.483
237.005 299.483
237.4 299.983
237.4 299.983
237.734 300.406
237.795 300.483
238.135 300.915
238.161 300.948
238.189 300.983
238.535 301.421
238.543 301.431
238.918 301.906
238.941 301.935
239.324 302.421
239.341 302.442
239.707 302.906
239.719 302.921
240.094 303.396
240.122 303.431
240.504 303.915
240.51 303.923
240.865 304.373
240.897 304.413
240.946 304.475
241.291 304.913
241.696 305.425
242.138 305.985
242.434 306.36
242.502 306.446
242.507 306.452
242.592 306.56
242.665 306.652
247.28 312.498
247.306 312.531
247.803 313.16
248.346 313.848
248.645 314.227
248.976 314.646
249.428 315.219
249.43 315.221
249.456 315.254
249.964 315.898
250.48 316.552
250.49 316.565
251.099 317.335
251.785 318.204
251.926 318.383
251.989 318.462
252.01 318.49
252.11 318.617
