4.43952 4.5875
4.43952 4.5875
4.43952 4.5875
4.43952 4.5875
4.43952 4.5875
4.92339 5.0875
5.40726 5.5875
5.40726 5.5875
5.89113 6.0875
5.89113 6.0875
5.89113 6.0875
6.375 6.5875
6.375 6.5875
6.375 6.5875
6.375 6.5875
7.34274 7.5875
7.34274 7.5875
7.34274 7.5875
7.34274 7.5875
7.82661 8.0875
7.82661 8.0875
8.31048 8.5875
8.31048 8.5875
8.31048 8.5875
8.31048 8.5875
8.31048 8.5875
8.79436 9.0875
8.79436 9.0875
9.27823 9.5875
9.27823 9.5875
9.27823 9.5875
9.27823 9.5875
9.7621 10.0875
9.7621 10.0875
10.246 10.5875
10.7298 11.0875
10.7298 11.0875
11.2137 11.5875
11.2137 11.5875
11.2137 11.5875
11.6976 12.0875
11.6976 12.0875
12.1815 12.5875
12.1815 12.5875
12.1815 12.5875
12.1815 12.5875
12.6653 13.0875
13.1492 13.5875
13.1492 13.5875
13.1492 13.5875
13.6331 14.0875
13.6331 14.0875
14.1169 14.5875
14.1169 14.5875
14.1169 14.5875
14.1169 14.5875
14.1169 14.5875
15.0847 15.5875
15.0847 15.5875
15.0847 15.5875
15.3266 15.8375
15.5685 16.0875
15.5685 16.0875
15.8105 16.3375
16.0524 16.5875
16.0524 16.5875
16.0524 16.5875
16.0524 16.5875
16.5363 17.0875
16.5363 17.0875
17.0202 17.5875
17.0202 17.5875
17.0202 17.5875
17.504 18.0875
17.9879 18.5875
17.9879 18.5875
18.7137 19.3375
18.9556 19.5875
18.9556 19.5875
18.9556 19.5875
19.1976 19.8375
19.1976 19.8375
19.4395 20.0875
19.4395 20.0875
19.6815 20.3375
19.6815 20.3375
19.9234 20.5875
19.9234 20.5875
19.9234 20.5875
20.1653 20.8375
20.4073 21.0875
20.4073 21.0875
20.6492 21.3375
20.8911 21.5875
20.8911 21.5875
21.1331 21.8375
21.375 22.0875
21.375 22.0875
21.6169 22.3375
21.8589 22.5875
21.8589 22.5875
21.8589 22.5875
21.8589 22.5875
22.1008 22.8375
22.3427 23.0875
22.5847 23.3375
22.5847 23.3375
22.8266 23.5875
22.8266 23.5875
22.8266 23.5875
23.0685 23.8375
23.3105 24.0875
23.3105 24.0875
23.3105 24.0875
23.7944 24.5875
23.7944 24.5875
23.7944 24.5875
23.7944 24.5875
23.7944 24.5875
24.0363 24.8375
24.2782 25.0875
24.2782 25.0875
24.5202 25.3375
24.7621 25.5875
24.7621 25.5875
24.7621 25.5875
25.004 25.8375
25.004 25.8375
25.004 25.8375
25.246 26.0875
25.4879 26.3375
25.4879 26.3375
25.7298 26.5875
25.9718 26.8375
26.2137 27.0875
26.4556 27.3375
26.6976 27.5875
26.6976 27.5875
27.1815 28.0875
27.1815 28.0875
27.4234 28.3375
27.4234 28.3375
27.6653 28.5875
27.6653 28.5875
27.6653 28.5875
27.6653 28.5875
27.9073 28.8375
28.1492 29.0875
28.3911 29.3375
28.6331 29.5875
29.1169 30.0875
29.1169 30.0875
29.6008 30.5875
29.6008 30.5875
29.6008 30.5875
29.6008 30.5875
30.0847 31.0875
30.5686 31.5875
30.5686 31.5875
30.5686 31.5875
30.5686 31.5875
30.5686 31.5875
31.0524 32.0875
31.5363 32.5875
31.5363 32.5875
31.5363 32.5875
31.5363 32.5875
32.0202 33.0875
32.504 33.5875
32.9879 34.0875
33.4718 34.5875
34.4395 35.5875
34.4395 35.5875
35.4073 36.5875
35.4073 36.5875
35.4073 36.5875
35.4073 36.5875
35.4073 36.5875
35.8911 37.0875
35.8911 37.0875
36.375 37.5875
36.375 37.5875
36.6169 37.8375
36.8589 38.0875
36.8589 38.0875
37.3427 38.5875
37.3427 38.5875
37.3427 38.5875
37.3427 38.5875
37.3427 38.5875
37.8266 39.0875
37.8266 39.0875
38.3105 39.5875
38.3105 39.5875
38.5524 39.8375
38.5524 39.8375
38.7944 40.0875
38.7944 40.0875
39.0363 40.3375
39.2782 40.5875
39.2782 40.5875
39.2782 40.5875
39.2782 40.5875
39.2782 40.5875
39.7621 41.0875
39.7621 41.0875
40.246 41.5875
40.246 41.5875
40.246 41.5875
40.246 41.5875
40.4879 41.8375
40.7298 42.0875
41.2137 42.5875
41.2137 42.5875
41.2137 42.5875
41.2137 42.5875
41.2137 42.5875
42.1815 43.5875
42.1815 43.5875
42.1815 43.5875
42.6653 44.0875
42.6653 44.0875
43.1492 44.5875
43.1492 44.5875
43.1492 44.5875
43.1492 44.5875
43.1492 44.5875
43.6331 45.0875
43.6331 45.0875
44.1169 45.5875
44.1169 45.5875
44.1169 45.5875
44.1169 45.5875
44.3589 45.8375
44.6008 46.0875
44.8427 46.3375
45.0847 46.5875
45.0847 46.5875
45.0847 46.5875
45.0847 46.5875
45.0847 46.5875
45.5686 47.0875
45.5686 47.0875
46.0524 47.5875
46.0524 47.5875
46.0524 47.5875
46.0524 47.5875
46.0524 47.5875
46.2944 47.8375
46.5363 48.0875
46.5363 48.0875
46.5363 48.0875
47.0202 48.5875
47.0202 48.5875
47.0202 48.5875
47.0202 48.5875
47.0202 48.5875
47.0202 48.5875
47.504 49.0875
47.504 49.0875
47.9879 49.5875
47.9879 49.5875
47.9879 49.5875
47.9879 49.5875
47.9879 49.5875
48.2298 49.8375
48.4718 50.0875
48.7137 50.3375
48.7137 50.3375
48.9556 50.5875
48.9556 50.5875
48.9556 50.5875
48.9556 50.5875
49.4395 51.0875
49.9234 51.5875
49.9234 51.5875
50.1653 51.8375
50.4073 52.0875
50.4073 52.0875
50.8911 52.5875
50.8911 52.5875
50.8911 52.5875
50.8911 52.5875
50.8911 52.5875
50.8911 52.5875
51.375 53.0875
51.375 53.0875
51.6169 53.3375
51.8589 53.5875
51.8589 53.5875
52.1008 53.8375
52.1008 53.8375
52.3427 54.0875
52.3427 54.0875
52.5847 54.3375
52.5847 54.3375
52.8266 54.5875
52.8266 54.5875
52.8266 54.5875
53.0686 54.8375
53.3105 55.0875
53.5524 55.3375
53.7944 55.5875
53.7944 55.5875
53.7944 55.5875
54.0363 55.8375
54.2782 56.0875
54.5202 56.3375
54.7621 56.5875
54.7621 56.5875
54.7621 56.5875
54.7621 56.5875
54.7621 56.5875
55.246 57.0875
55.246 57.0875
55.4879 57.3375
55.7298 57.5875
55.7298 57.5875
55.9718 57.8375
55.9718 57.8375
56.2137 58.0875
56.2137 58.0875
56.4556 58.3375
56.6976 58.5875
56.6976 58.5875
56.6976 58.5875
56.6976 58.5875
56.6976 58.5875
57.1815 59.0875
57.1815 59.0875
57.6653 59.5875
57.6653 59.5875
57.6653 59.5875
58.1492 60.0875
58.1492 60.0875
58.6331 60.5875
58.6331 60.5875
58.6331 60.5875
58.6331 60.5875
58.6331 60.5875
58.6331 60.5875
59.1169 61.0875
59.3589 61.3375
59.6008 61.5875
59.6008 61.5875
59.6008 61.5875
60.0847 62.0875
60.5686 62.5875
60.5686 62.5875
60.5686 62.5875
60.5686 62.5875
60.5686 62.5875
61.0524 63.0875
61.0524 63.0875
61.5363 63.5875
61.5363 63.5875
61.5363 63.5875
62.0202 64.0875
62.0202 64.0875
62.2621 64.3375
62.2621 64.3375
62.504 64.5875
62.504 64.5875
62.504 64.5875
62.504 64.5875
62.9879 65.0875
63.4718 65.5875
63.9556 66.0875
64.4395 66.5875
64.6815 66.8375
64.9234 67.0875
64.9234 67.0875
65.1653 67.3375
65.4073 67.5875
65.4073 67.5875
65.4073 67.5875
65.6492 67.8375
65.8911 68.0875
65.8911 68.0875
66.1331 68.3375
66.375 68.5875
66.375 68.5875
66.375 68.5875
66.375 68.5875
66.8589 69.0875
66.8589 69.0875
67.3427 69.5875
67.3427 69.5875
67.3427 69.5875
67.3427 69.5875
67.3427 69.5875
67.5847 69.8375
67.8266 70.0875
67.8266 70.0875
68.3105 70.5875
68.3105 70.5875
68.3105 70.5875
68.3105 70.5875
68.3105 70.5875
68.7944 71.0875
68.7944 71.0875
69.2782 71.5875
69.2782 71.5875
69.2782 71.5875
69.2782 71.5875
69.5202 71.8375
69.7621 72.0875
69.7621 72.0875
70.004 72.3375
70.246 72.5875
70.246 72.5875
70.246 72.5875
70.246 72.5875
70.7298 73.0875
70.7298 73.0875
71.2137 73.5875
71.2137 73.5875
71.2137 73.5875
71.2137 73.5875
71.4556 73.8375
71.6976 74.0875
71.6976 74.0875
72.1815 74.5875
72.1815 74.5875
72.1815 74.5875
72.1815 74.5875
72.1815 74.5875
72.6653 75.0875
72.9073 75.3375
73.1492 75.5875
73.1492 75.5875
73.1492 75.5875
73.6331 76.0875
74.1169 76.5875
74.1169 76.5875
74.1169 76.5875
74.1169 76.5875
74.1169 76.5875
74.6008 77.0875
74.6008 77.0875
75.0847 77.5875
75.0847 77.5875
75.0847 77.5875
75.0847 77.5875
75.3266 77.8375
75.5686 78.0875
75.5686 78.0875
76.0524 78.5875
76.0524 78.5875
76.0524 78.5875
76.0524 78.5875
76.0524 78.5875
76.5363 79.0875
76.5363 79.0875
77.0202 79.5875
77.0202 79.5875
77.0202 79.5875
77.0202 79.5875
77.2621 79.8375
77.504 80.0875
77.504 80.0875
77.9879 80.5875
77.9879 80.5875
77.9879 80.5875
77.9879 80.5875
77.9879 80.5875
78.4718 81.0875
78.4718 81.0875
78.9557 81.5875
78.9557 81.5875
78.9557 81.5875
78.9557 81.5875
79.1976 81.8375
79.4395 82.0875
79.4395 82.0875
79.9234 82.5875
79.9234 82.5875
79.9234 82.5875
79.9234 82.5875
79.9234 82.5875
80.4073 83.0875
80.6492 83.3375
80.8911 83.5875
81.1331 83.8375
81.375 84.0875
81.375 84.0875
81.6169 84.3375
81.8589 84.5875
81.8589 84.5875
81.8589 84.5875
81.8589 84.5875
82.3427 85.0875
82.3427 85.0875
82.8266 85.5875
82.8266 85.5875
82.8266 85.5875
82.8266 85.5875
82.8266 85.5875
83.0686 85.8375
83.3105 86.0875
83.3105 86.0875
83.5524 86.3375
83.7944 86.5875
83.7944 86.5875
83.7944 86.5875
83.7944 86.5875
83.7944 86.5875
83.7944 86.5875
84.7621 87.5875
84.7621 87.5875
84.7621 87.5875
84.7621 87.5875
85.246 88.0875
85.7298 88.5875
85.7298 88.5875
85.7298 88.5875
85.7298 88.5875
85.7298 88.5875
85.7298 88.5875
86.2137 89.0875
86.6976 89.5875
86.6976 89.5875
86.6976 89.5875
86.6976 89.5875
86.9395 89.8375
87.1815 90.0875
87.1815 90.0875
87.6653 90.5875
87.6653 90.5875
87.6653 90.5875
87.6653 90.5875
87.6653 90.5875
88.3911 91.3375
88.6331 91.5875
88.6331 91.5875
88.6331 91.5875
88.875 91.8375
89.1169 92.0875
89.3589 92.3375
89.6008 92.5875
89.6008 92.5875
89.6008 92.5875
89.6008 92.5875
89.6008 92.5875
89.6008 92.5875
90.3266 93.3375
90.5686 93.5875
90.5686 93.5875
90.5686 93.5875
91.0524 94.0875
91.5363 94.5875
91.5363 94.5875
91.5363 94.5875
91.5363 94.5875
91.5363 94.5875
91.5363 94.5875
92.0202 95.0875
92.504 95.5875
92.504 95.5875
92.504 95.5875
92.9879 96.0875
92.9879 96.0875
93.2298 96.3375
93.4718 96.5875
93.4718 96.5875
93.4718 96.5875
93.4718 96.5875
93.4718 96.5875
93.9557 97.0875
94.4395 97.5875
94.9234 98.0875
95.4073 98.5875
95.4073 98.5875
95.4073 98.5875
95.6492 98.8375
95.6492 98.8375
95.8911 99.0875
95.8911 99.0875
96.1331 99.3375
96.1331 99.3375
96.375 99.5875
96.375 99.5875
96.6169 99.8375
96.6169 99.8375
96.8548 100.083
96.8589 100.088
96.8589 100.088
97.1008 100.337
97.3427 100.588
97.3427 100.588
97.3427 100.588
97.3427 100.588
97.3427 100.588
97.3427 100.588
97.8266 101.088
98.3105 101.588
98.3105 101.588
98.3105 101.588
98.3105 101.588
98.7944 102.088
98.7944 102.088
98.7944 102.088
98.7944 102.088
98.7944 102.088
98.7944 102.088
99.2782 102.588
99.2782 102.588
99.2782 102.588
99.2782 102.588
99.2782 102.588
100.246 103.588
100.246 103.588
100.246 103.588
100.701 104.088
101.155 104.588
101.155 104.588
101.155 104.588
101.155 104.588
101.155 104.588
101.155 104.588
101.639 105.087
101.639 105.087
102.123 105.588
102.123 105.588
102.123 105.588
102.123 105.588
102.123 105.588
102.607 106.088
103.091 106.588
103.091 106.588
103.091 106.588
103.091 106.588
103.091 106.588
103.559 107.088
103.794 107.338
104.028 107.588
104.028 107.588
104.038 107.598
104.262 107.838
104.497 108.088
104.966 108.588
104.966 108.588
104.966 108.588
104.966 108.588
104.966 108.588
105.466 109.088
105.466 109.088
105.966 109.588
105.966 109.588
105.966 109.588
105.966 109.588
106.449 110.087
106.449 110.087
106.691 110.338
106.933 110.588
106.933 110.588
106.933 110.588
106.933 110.588
106.933 110.588
107.417 111.088
107.417 111.088
107.901 111.588
107.901 111.588
107.901 111.588
107.901 111.588
107.901 111.588
108.385 112.087
108.385 112.087
108.385 112.087
108.869 112.588
108.869 112.588
108.869 112.588
108.869 112.588
108.869 112.588
109.792 113.588
109.792 113.588
109.792 113.588
110.253 114.088
110.253 114.088
110.253 114.088
110.715 114.588
110.715 114.588
110.715 114.588
110.715 114.588
110.715 114.588
111.176 115.088
111.407 115.338
111.638 115.588
111.88 115.838
112.122 116.087
112.122 116.087
112.364 116.338
112.606 116.588
112.606 116.588
112.606 116.588
112.606 116.588
113.09 117.088
113.573 117.588
113.573 117.588
113.573 117.588
113.573 117.588
113.573 117.588
114.057 118.087
114.057 118.087
114.541 118.588
114.541 118.588
114.541 118.588
114.541 118.588
114.541 118.588
115.025 119.088
115.509 119.588
115.509 119.588
115.509 119.588
115.971 120.088
116.432 120.588
116.432 120.588
116.432 120.588
116.432 120.588
116.432 120.588
116.432 120.588
116.908 121.088
117.384 121.588
117.384 121.588
117.384 121.588
117.384 121.588
117.384 121.588
117.861 122.088
118.337 122.588
118.337 122.588
118.337 122.588
118.337 122.588
118.337 122.588
118.821 123.087
119.063 123.338
119.305 123.588
119.546 123.838
119.546 123.838
119.546 123.838
119.788 124.088
120.03 124.338
120.272 124.588
120.272 124.588
120.272 124.588
120.272 124.588
120.272 124.588
120.272 124.588
120.756 125.087
121.24 125.588
121.24 125.588
121.24 125.588
121.24 125.588
121.724 126.088
121.724 126.088
121.964 126.335
122.208 126.588
122.208 126.588
122.208 126.588
122.208 126.588
122.677 127.088
123.145 127.588
123.145 127.588
123.145 127.588
123.145 127.588
123.614 128.088
123.614 128.088
124.083 128.588
124.083 128.588
124.083 128.588
124.083 128.588
124.083 128.588
125.051 129.588
125.292 129.838
125.534 130.088
125.534 130.088
125.776 130.338
125.776 130.338
125.776 130.338
126.018 130.588
126.018 130.588
126.502 131.088
126.986 131.588
127.47 132.088
127.712 132.338
127.954 132.588
127.954 132.588
127.954 132.588
127.954 132.588
127.954 132.588
127.954 132.588
128.43 133.088
128.906 133.588
128.906 133.588
129.382 134.088
129.382 134.088
129.382 134.088
129.859 134.588
129.859 134.588
129.859 134.588
129.859 134.588
130.754 135.588
130.754 135.588
130.754 135.588
130.754 135.588
131.223 136.088
131.223 136.088
131.692 136.588
131.692 136.588
131.692 136.588
131.692 136.588
131.692 136.588
132.168 137.088
132.168 137.088
132.644 137.588
132.644 137.588
132.644 137.588
132.644 137.588
133.12 138.088
133.12 138.088
133.596 138.588
134.072 139.088
134.072 139.088
134.549 139.588
134.549 139.588
134.549 139.588
135.025 140.088
135.025 140.088
135.501 140.588
135.501 140.588
135.501 140.588
135.501 140.588
135.977 141.088
136.453 141.588
136.453 141.588
136.453 141.588
136.93 142.088
136.93 142.088
137.406 142.588
137.406 142.588
137.406 142.588
137.406 142.588
137.406 142.588
138.358 143.588
138.358 143.588
138.358 143.588
138.596 143.838
138.834 144.087
138.834 144.087
139.072 144.338
139.311 144.588
139.311 144.588
139.311 144.588
139.311 144.588
139.787 145.088
139.787 145.088
140.263 145.588
140.263 145.588
140.263 145.588
140.739 146.088
141.215 146.588
141.215 146.588
141.93 147.338
142.168 147.588
142.168 147.588
142.168 147.588
142.406 147.838
142.406 147.838
142.644 148.088
142.644 148.088
142.882 148.338
142.882 148.338
143.12 148.588
143.12 148.588
143.12 148.588
143.358 148.838
143.596 149.088
143.596 149.088
143.834 149.338
144.072 149.588
144.072 149.588
144.311 149.838
144.549 150.088
144.549 150.088
144.787 150.338
145.025 150.588
145.025 150.588
145.025 150.588
145.025 150.588
145.263 150.837
145.501 151.088
145.739 151.338
145.739 151.338
145.977 151.588
145.977 151.588
145.977 151.588
146.215 151.838
146.453 152.088
146.453 152.088
146.453 152.088
146.93 152.588
146.93 152.588
146.93 152.588
146.93 152.588
146.93 152.588
147.168 152.838
147.406 153.088
147.406 153.088
147.644 153.338
147.882 153.588
147.882 153.588
147.882 153.588
148.12 153.838
148.12 153.838
148.12 153.838
148.358 154.088
148.596 154.338
148.596 154.338
148.834 154.588
149.072 154.838
149.311 155.088
149.549 155.338
149.787 155.588
149.787 155.588
150.263 156.088
150.263 156.088
150.501 156.338
150.501 156.338
150.739 156.588
150.739 156.588
150.739 156.588
150.739 156.588
150.977 156.838
151.215 157.088
151.453 157.338
151.692 157.588
152.168 158.087
152.168 158.087
152.644 158.587
152.644 158.587
152.644 158.587
152.644 158.587
153.12 159.088
153.596 159.588
153.596 159.588
153.596 159.588
153.596 159.588
153.596 159.588
154.072 160.088
154.549 160.588
154.549 160.588
154.549 160.588
154.549 160.588
155.025 161.088
155.501 161.588
155.977 162.088
156.453 162.588
157.406 163.588
157.406 163.588
158.358 164.588
158.358 164.588
158.358 164.588
158.358 164.588
158.358 164.588
158.858 165.088
158.858 165.088
159.358 165.588
159.358 165.588
159.6 165.838
159.842 166.088
159.842 166.088
160.326 166.588
160.326 166.588
160.326 166.588
160.326 166.588
160.326 166.588
160.81 167.088
160.81 167.088
161.294 167.588
161.294 167.588
161.536 167.838
161.536 167.838
161.778 168.088
161.778 168.088
162.019 168.338
162.261 168.588
162.261 168.588
162.261 168.588
162.261 168.588
162.261 168.588
162.745 169.088
162.745 169.088
163.229 169.588
163.229 169.588
163.229 169.588
163.229 169.588
163.471 169.838
163.713 170.088
164.197 170.588
164.197 170.588
164.197 170.588
164.197 170.588
164.197 170.588
165.165 171.588
165.165 171.588
165.165 171.588
165.649 172.088
165.649 172.088
166.132 172.588
166.132 172.588
166.132 172.588
166.132 172.588
166.132 172.588
166.616 173.088
166.616 173.088
167.1 173.588
167.1 173.588
167.1 173.588
167.1 173.588
167.342 173.838
167.584 174.088
167.826 174.338
168.068 174.588
168.068 174.588
168.068 174.588
168.068 174.588
168.068 174.588
168.552 175.088
168.552 175.088
169.036 175.587
169.036 175.587
169.036 175.587
169.036 175.587
169.036 175.587
169.278 175.838
169.519 176.088
169.519 176.088
169.519 176.088
170.003 176.588
170.003 176.588
170.003 176.588
170.003 176.588
170.003 176.588
170.003 176.588
170.487 177.088
170.487 177.088
170.971 177.588
170.971 177.588
170.971 177.588
170.971 177.588
170.971 177.588
171.213 177.838
171.455 178.088
171.697 178.338
171.697 178.338
171.939 178.588
171.939 178.588
171.939 178.588
171.939 178.588
172.423 179.088
172.907 179.588
172.907 179.588
173.149 179.838
173.39 180.088
173.39 180.088
173.874 180.588
173.874 180.588
173.874 180.588
173.874 180.588
173.874 180.588
173.874 180.588
174.358 181.088
174.358 181.088
174.6 181.338
174.842 181.588
174.842 181.588
175.084 181.838
175.084 181.838
175.326 182.087
175.326 182.087
175.568 182.338
175.568 182.338
175.81 182.588
175.81 182.588
175.81 182.588
176.052 182.838
176.294 183.088
176.536 183.338
176.778 183.588
176.778 183.588
176.778 183.588
177.019 183.838
177.261 184.088
177.503 184.338
177.745 184.588
177.745 184.588
177.745 184.588
177.745 184.588
177.745 184.588
178.229 185.088
178.229 185.088
178.471 185.338
178.713 185.588
178.713 185.588
178.955 185.838
178.955 185.838
179.197 186.088
179.197 186.088
179.439 186.338
179.681 186.588
179.681 186.588
179.681 186.588
179.681 186.588
179.681 186.588
180.165 187.088
180.165 187.088
180.649 187.588
180.649 187.588
180.649 187.588
181.132 188.088
181.132 188.088
181.616 188.588
181.616 188.588
181.616 188.588
181.616 188.588
181.616 188.588
181.616 188.588
182.09 189.077
182.1 189.088
182.584 189.588
182.584 189.588
182.584 189.588
183.068 190.088
183.552 190.588
183.552 190.588
183.552 190.588
183.552 190.588
183.552 190.588
184.036 191.087
184.036 191.087
184.519 191.588
184.519 191.588
184.519 191.588
185.003 192.088
185.003 192.088
185.245 192.338
185.245 192.338
185.487 192.588
185.487 192.588
185.487 192.588
185.487 192.588
185.971 193.088
186.455 193.588
186.939 194.088
187.423 194.588
187.665 194.838
187.907 195.088
187.907 195.088
188.149 195.338
188.39 195.588
188.39 195.588
188.39 195.588
188.632 195.838
188.874 196.088
188.874 196.088
189.116 196.337
189.358 196.588
189.358 196.588
189.358 196.588
189.358 196.588
189.842 197.088
189.842 197.088
190.326 197.587
190.326 197.587
190.326 197.587
190.326 197.587
190.326 197.587
190.568 197.838
190.81 198.088
190.81 198.088
191.294 198.588
191.294 198.588
191.294 198.588
191.294 198.588
191.294 198.588
191.778 199.088
191.778 199.088
192.261 199.587
192.261 199.587
192.261 199.587
192.261 199.587
192.503 199.838
192.745 200.087
192.745 200.087
192.987 200.338
193.229 200.588
193.229 200.588
193.229 200.588
193.229 200.588
193.713 201.088
193.713 201.088
194.197 201.588
194.197 201.588
194.197 201.588
194.197 201.588
194.439 201.838
194.681 202.087
194.681 202.087
195.165 202.588
195.165 202.588
195.165 202.588
195.165 202.588
195.165 202.588
195.649 203.088
195.89 203.338
196.132 203.588
196.132 203.588
196.132 203.588
196.616 204.087
197.1 204.588
197.1 204.588
197.1 204.588
197.1 204.588
197.1 204.588
197.584 205.088
197.584 205.088
198.068 205.588
198.068 205.588
198.068 205.588
198.068 205.588
198.31 205.838
198.552 206.087
198.552 206.087
199.036 206.587
199.036 206.587
199.036 206.587
199.036 206.587
199.036 206.587
199.519 207.088
199.519 207.088
200.003 207.588
200.003 207.588
200.003 207.588
200.003 207.588
200.245 207.837
200.487 208.088
200.487 208.088
200.971 208.588
200.971 208.588
200.971 208.588
200.971 208.588
200.971 208.588
201.455 209.088
201.455 209.088
201.939 209.588
201.939 209.588
201.939 209.588
201.939 209.588
202.181 209.838
202.423 210.088
202.423 210.088
202.907 210.588
202.907 210.588
202.907 210.588
202.907 210.588
202.907 210.588
203.39 211.088
203.632 211.338
203.874 211.588
204.116 211.838
204.358 212.088
204.358 212.088
204.6 212.338
204.842 212.588
204.842 212.588
204.842 212.588
204.842 212.588
205.326 213.087
205.326 213.087
205.81 213.588
205.81 213.588
205.81 213.588
205.81 213.588
205.81 213.588
206.052 213.838
206.294 214.088
206.294 214.088
206.536 214.337
206.778 214.588
206.778 214.588
206.778 214.588
206.778 214.588
206.778 214.588
206.778 214.588
207.745 215.587
207.745 215.587
207.745 215.587
207.745 215.587
208.229 216.088
208.713 216.588
208.713 216.588
208.713 216.588
208.713 216.588
208.713 216.588
208.713 216.588
209.197 217.087
209.681 217.588
209.681 217.588
209.681 217.588
209.681 217.588
209.923 217.838
210.165 218.087
210.165 218.087
210.649 218.588
210.649 218.588
210.649 218.588
210.649 218.588
210.649 218.588
211.374 219.338
211.616 219.587
211.616 219.587
211.616 219.587
211.858 219.838
212.1 220.088
212.342 220.338
212.584 220.588
212.584 220.588
212.584 220.588
212.584 220.588
212.584 220.588
212.584 220.588
213.31 221.338
213.552 221.588
213.552 221.588
213.552 221.588
214.036 222.087
214.519 222.588
214.519 222.588
214.519 222.588
214.519 222.588
214.519 222.588
214.519 222.588
215.003 223.088
215.487 223.588
215.487 223.588
215.487 223.588
215.971 224.087
215.971 224.087
216.213 224.338
216.455 224.588
216.455 224.588
216.455 224.588
216.455 224.588
216.455 224.588
216.939 225.088
217.423 225.588
217.907 226.087
218.39 226.588
218.39 226.588
218.39 226.588
218.632 226.838
218.632 226.838
218.874 227.088
218.874 227.088
219.116 227.337
219.116 227.337
219.358 227.588
219.358 227.588
219.612 227.838
219.612 227.838
219.867 228.088
219.867 228.088
219.867 228.088
220.121 228.338
220.375 228.588
220.375 228.588
220.375 228.588
220.375 228.588
220.375 228.588
220.375 228.588
220.851 229.088
221.328 229.588
221.328 229.588
221.328 229.588
221.328 229.588
221.804 230.088
221.804 230.088
221.804 230.088
221.804 230.088
221.804 230.088
221.804 230.088
222.28 230.588
222.28 230.588
222.28 230.588
222.28 230.588
222.28 230.588
223.232 231.588
223.232 231.588
223.232 231.588
223.708 232.088
224.185 232.588
224.185 232.588
224.185 232.588
224.185 232.588
224.185 232.588
224.185 232.588
224.646 233.088
224.646 233.088
225.108 233.588
225.108 233.588
225.108 233.588
225.108 233.588
225.108 233.588
225.584 234.088
226.06 234.588
226.06 234.588
226.06 234.588
226.06 234.588
226.06 234.588
226.544 235.088
226.786 235.338
227.028 235.588
227.028 235.588
227.036 235.596
227.27 235.838
227.512 236.088
227.754 236.338
227.754 236.338
227.996 236.588
227.996 236.588
227.996 236.588
227.996 236.588
227.996 236.588
228.472 237.088
228.472 237.088
228.948 237.588
228.948 237.588
228.948 237.588
228.948 237.588
229.424 238.088
229.424 238.088
229.662 238.338
229.9 238.588
229.9 238.588
229.9 238.588
229.9 238.588
229.9 238.588
230.377 239.088
230.377 239.088
230.853 239.588
230.853 239.588
230.853 239.588
230.853 239.588
230.853 239.588
231.329 240.088
231.329 240.088
231.329 240.088
231.805 240.588
231.805 240.588
231.805 240.588
231.805 240.588
231.805 240.588
232.758 241.588
232.758 241.588
232.758 241.588
233.234 242.087
233.234 242.087
233.234 242.087
233.71 242.588
233.71 242.588
233.71 242.588
233.71 242.588
233.71 242.588
234.186 243.088
234.424 243.338
234.662 243.588
234.9 243.838
235.138 244.088
235.138 244.088
235.377 244.338
235.615 244.588
235.615 244.588
235.615 244.588
235.615 244.588
236.091 245.088
236.567 245.588
236.567 245.588
236.567 245.588
236.567 245.588
236.567 245.588
237.043 246.088
237.043 246.088
237.519 246.588
237.519 246.588
237.519 246.588
237.519 246.588
237.519 246.588
237.996 247.088
238.472 247.588
238.472 247.588
238.472 247.588
238.948 248.088
239.424 248.588
239.424 248.588
239.424 248.588
239.424 248.588
239.424 248.588
239.424 248.588
239.9 249.088
240.377 249.588
240.377 249.588
240.377 249.588
240.377 249.588
240.377 249.588
240.853 250.088
241.329 250.588
241.329 250.588
241.329 250.588
241.329 250.588
241.329 250.588
241.805 251.088
242.043 251.338
242.281 251.588
242.519 251.838
242.519 251.838
242.519 251.838
242.758 252.088
242.996 252.338
243.234 252.587
243.234 252.587
243.234 252.587
243.234 252.587
243.234 252.587
243.234 252.587
243.71 253.087
244.186 253.587
244.186 253.587
244.186 253.587
244.186 253.587
244.662 254.088
244.662 254.088
245.138 254.588
245.138 254.588
245.138 254.588
245.138 254.588
245.138 254.588
245.615 255.088
246.091 255.588
246.091 255.588
246.091 255.588
246.091 255.588
246.567 256.087
246.567 256.087
247.043 256.587
247.043 256.587
247.043 256.587
247.043 256.587
247.043 256.587
247.996 257.587
248.234 257.837
248.472 258.087
248.472 258.087
248.71 258.337
248.71 258.337
248.71 258.337
248.948 258.587
248.948 258.587
249.424 259.087
249.9 259.587
250.377 260.087
250.615 260.337
250.853 260.587
250.853 260.587
250.853 260.587
250.853 260.587
250.853 260.587
251.091 260.837
251.329 261.087
251.567 261.337
251.805 261.587
252.043 261.837
252.281 262.087
252.519 262.337
252.519 262.337
252.758 262.587
252.996 262.837
252.996 262.837
253.234 263.087
253.285 263.142
253.472 263.337
253.472 263.337
253.71 263.587
253.71 263.587
253.761 263.642
253.944 263.833
253.948 263.837
254.178 264.079
254.186 264.087
254.186 264.087
254.414 264.327
254.424 264.337
254.662 264.587
254.662 264.587
254.662 264.587
254.662 264.587
254.662 264.587
254.692 264.619
255.138 265.087
255.615 265.587
255.615 265.587
255.615 265.587
255.615 265.587
256.091 266.087
256.091 266.087
256.329 266.337
256.567 266.587
256.567 266.587
256.567 266.587
256.567 266.587
256.567 266.587
257.043 267.087
257.281 267.337
257.281 267.337
257.281 267.337
257.519 267.587
257.758 267.837
257.758 267.837
257.758 267.837
257.996 268.087
258.033 268.127
258.472 268.587
258.472 268.587
258.472 268.587
258.472 268.587
258.472 268.587
258.508 268.625
258.948 269.087
258.948 269.087
259.424 269.587
259.424 269.587
259.424 269.587
259.424 269.587
259.424 269.587
259.424 269.587
259.908 270.087
259.908 270.087
260.392 270.587
260.392 270.587
260.392 270.587
260.392 270.587
260.392 270.587
260.876 271.087
261.118 271.337
261.36 271.587
261.602 271.837
261.844 272.087
261.844 272.087
262.085 272.337
262.327 272.587
262.327 272.587
262.327 272.587
262.327 272.587
262.569 272.837
262.811 273.087
262.811 273.087
263.053 273.337
263.295 273.587
263.295 273.587
263.537 273.837
263.779 274.087
263.779 274.087
264.021 274.337
264.021 274.337
264.263 274.587
264.263 274.587
264.263 274.587
264.263 274.587
264.494 274.837
264.724 275.087
264.724 275.087
264.955 275.337
265.186 275.587
265.186 275.587
265.417 275.837
265.648 276.087
265.648 276.087
266.109 276.587
266.109 276.587
266.109 276.587
266.109 276.587
266.109 276.587
266.593 277.087
266.603 277.098
266.835 277.337
267.077 277.587
267.087 277.598
267.319 277.837
267.319 277.837
267.561 278.087
267.561 278.087
267.561 278.087
267.561 278.087
267.571 278.098
267.803 278.337
268.045 278.587
268.045 278.587
268.045 278.587
268.045 278.587
268.045 278.587
268.055 278.598
268.286 278.838
268.528 279.087
268.77 279.337
268.77 279.337
269.012 279.587
269.012 279.587
269.247 279.837
269.256 279.848
269.481 280.087
269.481 280.087
269.481 280.087
269.481 280.087
269.491 280.098
269.715 280.337
269.95 280.587
269.95 280.587
269.95 280.587
269.95 280.587
269.95 280.587
269.96 280.598
270.434 281.088
270.676 281.337
270.918 281.587
270.918 281.587
270.918 281.587
271.159 281.837
271.401 282.087
271.401 282.087
271.401 282.087
271.401 282.087
271.885 282.587
271.885 282.587
271.885 282.587
271.885 282.587
272.123 282.837
272.361 283.087
272.371 283.098
272.6 283.337
272.848 283.598
273.076 283.837
273.314 284.087
273.314 284.087
273.324 284.098
273.562 284.348
273.79 284.587
273.79 284.587
273.79 284.587
273.79 284.587
273.8 284.598
274.028 284.837
274.266 285.087
274.266 285.087
274.504 285.337
274.742 285.587
274.742 285.587
274.742 285.587
274.742 285.587
274.742 285.587
274.752 285.598
274.981 285.837
275.219 286.087
275.219 286.087
275.229 286.098
275.457 286.337
275.467 286.348
275.695 286.587
275.695 286.587
275.695 286.587
275.695 286.587
275.695 286.587
275.705 286.598
275.933 286.837
276.171 287.087
276.409 287.337
276.647 287.587
276.885 287.837
276.885 287.837
276.885 287.837
276.895 287.848
277.133 288.098
277.361 288.337
277.371 288.348
277.6 288.587
277.6 288.587
277.6 288.587
277.6 288.587
277.6 288.587
277.6 288.587
277.609 288.598
278.076 289.087
278.552 289.587
278.552 289.587
278.552 289.587
278.552 289.587
279.028 290.087
279.028 290.087
279.504 290.587
279.504 290.587
279.504 290.587
279.504 290.587
279.504 290.587
279.514 290.598
279.981 291.087
279.981 291.087
280.457 291.587
280.457 291.587
280.457 291.587
280.457 291.587
280.933 292.087
280.933 292.087
280.943 292.098
281.181 292.348
281.409 292.587
281.409 292.587
281.409 292.587
281.409 292.587
281.409 292.587
281.409 292.587
281.409 292.587
281.409 292.587
281.419 292.598
282.361 293.587
282.361 293.587
282.361 293.587
282.917 294.087
282.917 294.087
282.917 294.087
282.917 294.087
282.917 294.087
282.917 294.087
282.929 294.098
284.223 295.087
284.973 295.587
285.236 295.837
285.323 295.921
285.455 296.046
285.499 296.087
287.025 297.587
288.025 298.587
288.637 299.087
288.893 299.296
288.956 299.348
288.972 299.36
288.995 299.379
289.012 299.394
289.498 299.844
290.012 300.375
290.016 300.379
290.022 300.385
290.54 300.921
290.554 300.935
291.078 301.477
291.08 301.479
291.084 301.483
291.086 301.485
291.094 301.494
291.64 301.99
292.166 302.454
292.199 302.483
292.204 302.488
292.213 302.496
292.673 302.902
292.739 302.96
293.204 303.371
293.206 303.373
293.206 303.373
293.221 303.385
293.237 303.4
293.738 303.881
293.914 304.06
294.279 304.431
294.287 304.44
294.292 304.444
294.292 304.444
294.294 304.446
294.949 305.069
295.558 305.631
295.563 305.635
295.563 305.635
295.566 305.637
295.566 305.637
296.078 306.056
296.642 306.517
296.701 306.565
296.706 306.569
296.706 306.569
298.196 307.615
298.366 307.733
298.401 307.758
298.407 307.762
298.461 307.8
298.464 307.802
301.047 309.61
301.143 309.677
301.22 309.731
301.398 309.856
