8.34789 11.5479
8.38403 11.5979
8.43674 11.6708
8.48644 11.7396
8.52861 11.7979
8.56174 11.8438
8.6024 11.9
8.64457 11.9583
8.68674 12.0167
8.72891 12.075
8.7756 12.1396
8.81927 12.2
8.86596 12.2646
8.92319 12.3438
8.99096 12.4375
9.04367 12.5104
9.09035 12.575
9.16415 12.6771
9.22138 12.7562
9.2756 12.8313
9.34788 12.9313
9.43222 13.0479
9.43222 13.0479
9.43222 13.0479
9.43222 13.0479
9.43222 13.0479
9.79367 13.5479
9.97439 13.7979
10.1551 14.0479
10.1551 14.0479
10.5166 14.5479
10.5166 14.5479
10.878 15.0479
10.878 15.0479
10.878 15.0479
11.2394 15.5479
11.2394 15.5479
11.6009 16.0479
11.6009 16.0479
11.6009 16.0479
11.6009 16.0479
11.9623 16.5479
11.9623 16.5479
12.3238 17.0479
12.3238 17.0479
12.3238 17.0479
12.3238 17.0479
12.6852 17.5479
13.0467 18.0479
13.4081 18.5479
13.7696 19.0479
13.7696 19.0479
14.131 19.5479
14.4925 20.0479
14.8539 20.5479
14.8539 20.5479
15.2153 21.0479
15.2153 21.0479
15.2153 21.0479
15.5768 21.5479
15.7575 21.7979
15.9382 22.0479
15.9382 22.0479
16.2997 22.5479
16.2997 22.5479
16.6611 23.0479
16.6611 23.0479
16.6611 23.0479
16.6611 23.0479
17.0226 23.5479
17.0226 23.5479
17.384 24.0479
17.384 24.0479
17.7455 24.5479
17.7455 24.5479
18.1069 25.0479
18.1069 25.0479
18.1069 25.0479
18.1069 25.0479
18.4684 25.5479
18.8298 26.0479
19.1913 26.5479
19.1913 26.5479
19.5527 27.0479
19.5527 27.0479
19.9141 27.5479
20.2756 28.0479
20.637 28.5479
20.637 28.5479
20.9985 29.0479
20.9985 29.0479
20.9985 29.0479
20.9985 29.0479
21.3599 29.5479
21.3599 29.5479
21.7214 30.0479
22.0828 30.5479
22.0828 30.5479
22.4443 31.0479
22.4443 31.0479
22.4443 31.0479
22.4443 31.0479
22.8057 31.5479
23.1672 32.0479
23.7093 32.7979
23.89 33.0479
23.89 33.0479
23.89 33.0479
23.89 33.0479
24.2515 33.5479
24.2515 33.5479
24.6129 34.0479
24.6129 34.0479
24.9744 34.5479
24.9744 34.5479
25.3358 35.0479
25.3358 35.0479
25.3358 35.0479
25.6973 35.5479
26.0587 36.0479
26.7816 37.0479
26.7816 37.0479
26.7816 37.0479
27.1431 37.5479
27.3238 37.7979
27.5045 38.0479
27.5045 38.0479
27.8659 38.5479
27.8659 38.5479
28.2274 39.0479
28.2274 39.0479
28.2274 39.0479
28.5888 39.5479
28.5888 39.5479
28.9503 40.0479
28.9503 40.0479
29.3117 40.5479
29.6732 41.0479
29.6732 41.0479
29.6732 41.0479
29.6732 41.0479
30.0346 41.5479
30.3961 42.0479
30.7575 42.5479
31.119 43.0479
31.119 43.0479
31.119 43.0479
31.119 43.0479
32.0226 44.2979
32.2033 44.5479
32.384 44.7979
32.5647 45.0479
32.5647 45.0479
32.5647 45.0479
32.5647 45.0479
32.9262 45.5479
32.9262 45.5479
33.2879 46.0479
33.2879 46.0479
33.6506 46.5479
33.6506 46.5479
34.0134 47.0479
34.3761 47.5479
34.7389 48.0479
34.7389 48.0479
35.1016 48.5479
35.4644 49.0479
35.4644 49.0479
35.4644 49.0479
35.4644 49.0479
35.8271 49.5479
36.1899 50.0479
36.5527 50.5479
36.9154 51.0479
37.2782 51.5479
37.8223 52.2979
38.0037 52.5479
38.1851 52.7979
38.3664 53.0479
38.3664 53.0479
38.3664 53.0479
38.3664 53.0479
38.7292 53.5479
38.7292 53.5479
39.0919 54.0479
39.0919 54.0479
39.4547 54.5479
39.4547 54.5479
39.8175 55.0479
39.8175 55.0479
39.8175 55.0479
40.1802 55.5479
40.543 56.0479
40.9057 56.5479
41.2685 57.0479
41.2685 57.0479
41.2685 57.0479
41.6312 57.5479
41.994 58.0479
42.3568 58.5479
42.3568 58.5479
42.7195 59.0479
42.7195 59.0479
43.0823 59.5479
43.0823 59.5479
43.445 60.0479
43.445 60.0479
43.8078 60.5479
44.1705 61.0479
44.1705 61.0479
44.1705 61.0479
44.1705 61.0479
44.1705 61.0479
44.5333 61.5479
44.5333 61.5479
44.896 62.0479
44.896 62.0479
45.2588 62.5479
45.2588 62.5479
45.6216 63.0479
45.6216 63.0479
45.6216 63.0479
45.6216 63.0479
45.9843 63.5479
45.9843 63.5479
46.3471 64.0479
46.8912 64.7979
47.0726 65.0479
47.0726 65.0479
47.0726 65.0479
47.0726 65.0479
47.4353 65.5479
47.4353 65.5479
47.7981 66.0479
47.7981 66.0479
47.7981 66.0479
48.1608 66.5479
48.1608 66.5479
48.5236 67.0479
48.5236 67.0479
48.5236 67.0479
48.5236 67.0479
48.8864 67.5479
49.2491 68.0479
49.2491 68.0479
49.7933 68.7979
49.9746 69.0479
49.9746 69.0479
49.9746 69.0479
49.9746 69.0479
49.9746 69.0479
50.3374 69.5479
50.3374 69.5479
50.7001 70.0479
50.7001 70.0479
51.0629 70.5479
51.0629 70.5479
51.4257 71.0479
51.4257 71.0479
51.4257 71.0479
51.7884 71.5479
51.7884 71.5479
51.7884 71.5479
52.1512 72.0479
52.1512 72.0479
52.5139 72.5479
52.5139 72.5479
52.8767 73.0479
52.8767 73.0479
52.8767 73.0479
52.8767 73.0479
52.8767 73.0479
53.2394 73.5479
53.2394 73.5479
53.6022 74.0479
53.9649 74.5479
54.3277 75.0479
54.3277 75.0479
54.3277 75.0479
54.6905 75.5479
54.6905 75.5479
55.0532 76.0479
55.0532 76.0479
55.0532 76.0479
55.2346 76.2979
55.416 76.5479
55.416 76.5479
55.5973 76.7979
55.7787 77.0479
55.7787 77.0479
55.7787 77.0479
55.7787 77.0479
55.7787 77.0479
56.1415 77.5479
56.1415 77.5479
56.5041 78.0479
56.5041 78.0479
56.8664 78.5479
56.8664 78.5479
57.2287 79.0479
57.2287 79.0479
57.2287 79.0479
57.591 79.5479
57.591 79.5479
57.9533 80.0479
57.9533 80.0479
58.3157 80.5479
58.678 81.0479
58.678 81.0479
58.678 81.0479
58.678 81.0479
59.0403 81.5479
59.4026 82.0479
59.7045 82.4646
59.7649 82.5479
60.4443 83.4854
60.4896 83.5479
60.8036 83.9813
60.8519 84.0479
60.8519 84.0479
61.033 84.2979
61.1372 84.4417
61.2142 84.5479
61.2142 84.5479
61.3954 84.7979
61.5282 84.9813
61.5765 85.0479
61.5765 85.0479
61.5765 85.0479
61.5765 85.0479
61.9388 85.5479
61.9388 85.5479
62.3012 86.0479
62.3012 86.0479
62.6635 86.5479
62.6635 86.5479
63.0258 87.0479
63.0258 87.0479
63.3881 87.5479
63.3881 87.5479
63.7504 88.0479
63.7504 88.0479
64.1128 88.5479
64.1128 88.5479
64.4313 88.9875
64.4751 89.0479
64.4751 89.0479
64.4751 89.0479
64.4751 89.0479
64.8374 89.5479
65.1997 90.0479
65.1997 90.0479
65.562 90.5479
65.562 90.5479
65.9243 91.0479
65.9243 91.0479
66.2867 91.5479
66.649 92.0479
66.649 92.0479
67.0113 92.5479
67.3736 93.0479
67.3736 93.0479
67.3736 93.0479
67.3736 93.0479
67.3736 93.0479
67.3736 93.0479
67.7359 93.5479
67.7359 93.5479
68.0983 94.0479
68.0983 94.0479
68.4606 94.5479
68.4606 94.5479
68.8229 95.0479
68.8229 95.0479
68.8229 95.0479
68.8229 95.0479
69.1852 95.5479
69.1852 95.5479
69.5475 96.0479
69.9099 96.5479
70.091 96.7979
70.2722 97.0479
70.2722 97.0479
70.2722 97.0479
70.2722 97.0479
70.6345 97.5479
70.6345 97.5479
70.9968 98.0479
70.9968 98.0479
71.3591 98.5479
71.3591 98.5479
71.7214 99.0479
71.7214 99.0479
71.7214 99.0479
71.7214 99.0479
72.0838 99.5479
72.4461 100.048
72.4461 100.048
72.8084 100.548
73.1707 101.048
73.1707 101.048
73.1707 101.048
73.1707 101.048
73.533 101.548
73.8954 102.048
74.2577 102.548
74.2577 102.548
74.62 103.048
74.62 103.048
74.62 103.048
74.9823 103.548
74.9823 103.548
75.3446 104.048
75.3446 104.048
75.3446 104.048
75.7069 104.548
75.7069 104.548
76.0693 105.048
76.0693 105.048
76.0693 105.048
76.0693 105.048
76.4316 105.548
76.7939 106.048
76.7939 106.048
77.1562 106.548
77.1562 106.548
77.5185 107.048
77.5185 107.048
77.5185 107.048
77.8809 107.548
77.8809 107.548
78.2432 108.048
78.2432 108.048
78.6055 108.548
78.6055 108.548
78.9678 109.048
78.9678 109.048
78.9678 109.048
78.9678 109.048
78.9678 109.048
78.9678 109.048
79.3301 109.548
79.6925 110.048
79.6925 110.048
79.6925 110.048
79.6925 110.048
80.0548 110.548
80.2359 110.798
80.2359 110.798
80.2359 110.798
80.2359 110.798
80.4171 111.048
80.5982 111.298
80.7794 111.548
80.7794 111.548
80.9606 111.798
81.1417 112.048
81.1417 112.048
81.504 112.548
81.504 112.548
81.8664 113.048
81.8664 113.048
81.8664 113.048
81.8664 113.048
81.8664 113.048
82.2287 113.548
82.591 114.048
82.591 114.048
82.591 114.048
82.591 114.048
82.9533 114.548
82.9533 114.548
83.1345 114.798
83.3156 115.048
83.3156 115.048
83.678 115.548
83.678 115.548
83.678 115.548
84.0403 116.048
84.0403 116.048
84.2214 116.298
84.4026 116.548
84.7649 117.048
84.7649 117.048
84.7649 117.048
84.7649 117.048
84.7649 117.048
84.7649 117.048
85.1272 117.548
85.1272 117.548
85.4895 118.048
85.4895 118.048
85.6707 118.298
85.8519 118.548
85.8519 118.548
86.033 118.798
86.033 118.798
86.033 118.798
86.033 118.798
86.5765 119.548
86.5765 119.548
86.5765 119.548
86.5765 119.548
86.9388 120.048
86.9388 120.048
87.12 120.298
87.3011 120.548
87.3011 120.548
87.4823 120.798
87.6635 121.048
87.6635 121.048
87.6635 121.048
88.0258 121.548
88.3881 122.048
88.3881 122.048
88.3881 122.048
88.7504 122.548
88.9316 122.798
88.9316 122.798
88.9316 122.798
88.9316 122.798
89.1127 123.048
89.1127 123.048
89.4751 123.548
89.4751 123.548
89.4751 123.548
89.8374 124.048
89.8374 124.048
90.0185 124.298
90.1997 124.548
90.1997 124.548
90.3808 124.798
90.562 125.048
90.562 125.048
90.562 125.048
90.562 125.048
90.562 125.048
90.562 125.048
90.562 125.048
90.9243 125.548
90.9243 125.548
91.2866 126.048
91.2866 126.048
91.2866 126.048
91.2866 126.048
91.649 126.548
91.649 126.548
92.0113 127.048
92.0113 127.048
92.0113 127.048
92.0113 127.048
92.3736 127.548
92.3736 127.548
92.5548 127.798
92.7359 128.048
92.9171 128.298
93.0982 128.548
93.0982 128.548
93.2794 128.798
93.4606 129.048
93.4606 129.048
93.4606 129.048
93.4606 129.048
93.4606 129.048
93.4606 129.048
93.8229 129.548
93.8229 129.548
94.1852 130.048
94.1852 130.048
94.1852 130.048
94.5475 130.548
94.5475 130.548
94.9098 131.048
94.9098 131.048
94.9098 131.048
94.9098 131.048
95.2721 131.548
95.2721 131.548
95.4533 131.798
95.6345 132.048
95.6345 132.048
95.8156 132.298
95.9968 132.548
95.9968 132.548
96.1779 132.798
96.3591 133.048
96.3591 133.048
96.3591 133.048
96.7214 133.548
96.7214 133.548
97.0837 134.048
97.0837 134.048
97.4461 134.548
97.4461 134.548
97.8084 135.048
97.8084 135.048
97.8084 135.048
98.533 136.048
98.533 136.048
98.533 136.048
98.533 136.048
98.533 136.048
98.533 136.048
98.8953 136.548
98.8953 136.548
99.2576 137.048
99.2576 137.048
99.2576 137.048
99.2576 137.048
99.2576 137.048
99.62 137.548
99.9823 138.048
100.163 138.298
100.345 138.548
100.526 138.798
100.707 139.048
100.707 139.048
100.707 139.048
101.069 139.548
101.432 140.048
101.432 140.048
101.432 140.048
101.794 140.548
101.984 140.81
102.099 140.969
102.156 141.048
102.156 141.048
102.519 141.548
102.7 141.798
102.881 142.048
102.881 142.048
103.242 142.548
103.242 142.548
103.604 143.048
103.965 143.548
104.327 144.048
104.327 144.048
104.688 144.548
104.869 144.798
105.049 145.048
105.049 145.048
105.411 145.548
105.772 146.048
106.134 146.548
106.134 146.548
106.495 147.048
106.857 147.548
107.218 148.048
107.58 148.548
107.694 148.706
107.808 148.865
107.941 149.048
107.941 149.048
107.941 149.048
107.941 149.048
108.302 149.548
108.483 149.798
108.664 150.048
108.664 150.048
109.025 150.548
109.387 151.048
109.387 151.048
109.387 151.048
109.387 151.048
109.748 151.548
110.11 152.048
110.11 152.048
110.833 153.048
110.833 153.048
110.833 153.048
111.194 153.548
111.555 154.048
111.864 154.475
112.245 155.002
112.278 155.048
112.595 155.485
112.64 155.548
113.001 156.048
113.363 156.548
113.527 156.775
113.581 156.85
113.724 157.048
113.724 157.048
113.724 157.048
113.724 157.048
114.086 157.548
114.266 157.798
114.447 158.048
114.447 158.048
114.808 158.548
114.808 158.548
115.17 159.048
115.17 159.048
115.893 160.048
115.893 160.048
115.893 160.048
116.254 160.548
116.616 161.048
116.616 161.048
116.616 161.048
116.616 161.048
116.977 161.548
117.339 162.048
117.7 162.548
117.7 162.548
118.061 163.048
118.061 163.048
119.239 164.677
119.325 164.796
119.378 164.869
119.507 165.048
119.507 165.048
119.507 165.048
119.507 165.048
119.869 165.548
120.049 165.798
120.23 166.048
120.23 166.048
120.592 166.548
120.592 166.548
120.592 166.548
120.953 167.048
120.953 167.048
121.272 167.49
121.314 167.548
121.676 168.048
121.676 168.048
122.037 168.548
122.147 168.7
122.253 168.846
122.399 169.048
122.399 169.048
122.399 169.048
122.399 169.048
122.76 169.548
123.122 170.048
123.483 170.548
123.845 171.048
123.845 171.048
123.845 171.048
123.845 171.048
124.748 172.298
124.929 172.548
125.11 172.798
125.29 173.048
125.29 173.048
125.29 173.048
125.29 173.048
125.29 173.048
125.653 173.548
125.653 173.548
126.015 174.048
126.015 174.048
126.377 174.548
126.377 174.548
126.74 175.048
126.74 175.048
126.74 175.048
127.102 175.548
127.102 175.548
127.464 176.048
127.464 176.048
127.827 176.548
128.189 177.048
128.189 177.048
128.189 177.048
128.189 177.048
128.551 177.548
128.914 178.048
129.216 178.465
129.276 178.548
129.955 179.485
130.001 179.548
130.315 179.981
130.363 180.048
130.363 180.048
130.544 180.298
130.648 180.442
130.725 180.548
130.725 180.548
130.906 180.798
131.039 180.981
131.088 181.048
131.088 181.048
131.088 181.048
131.088 181.048
131.45 181.548
131.45 181.548
131.812 182.048
131.812 182.048
132.174 182.548
132.174 182.548
132.537 183.048
132.537 183.048
132.899 183.548
132.899 183.548
133.261 184.048
133.261 184.048
133.624 184.548
133.624 184.548
133.942 184.987
133.986 185.048
133.986 185.048
133.986 185.048
133.986 185.048
134.348 185.548
134.711 186.048
134.711 186.048
135.073 186.548
135.073 186.548
135.435 187.048
135.435 187.048
135.798 187.548
136.16 188.048
136.16 188.048
136.522 188.548
136.885 189.048
136.885 189.048
136.885 189.048
136.885 189.048
136.885 189.048
136.885 189.048
137.247 189.548
137.247 189.548
137.609 190.048
137.609 190.048
137.972 190.548
137.972 190.548
138.334 191.048
138.334 191.048
138.334 191.048
138.334 191.048
138.696 191.548
138.696 191.548
139.059 192.048
139.421 192.548
139.602 192.798
139.783 193.048
139.783 193.048
139.783 193.048
139.783 193.048
140.145 193.548
140.145 193.548
140.508 194.048
140.508 194.048
140.87 194.548
140.87 194.548
141.232 195.048
141.232 195.048
141.232 195.048
141.232 195.048
141.595 195.548
141.957 196.048
141.957 196.048
142.319 196.548
142.682 197.048
142.682 197.048
142.682 197.048
142.682 197.048
143.044 197.548
143.406 198.048
143.769 198.548
143.769 198.548
144.131 199.048
144.131 199.048
144.131 199.048
144.493 199.548
144.493 199.548
144.856 200.048
144.856 200.048
144.856 200.048
145.218 200.548
145.218 200.548
145.58 201.048
145.58 201.048
145.58 201.048
145.58 201.048
145.943 201.548
146.305 202.048
146.305 202.048
146.667 202.548
146.667 202.548
147.03 203.048
147.03 203.048
147.03 203.048
147.392 203.548
147.392 203.548
147.754 204.048
147.754 204.048
148.116 204.548
148.116 204.548
148.479 205.048
148.479 205.048
148.479 205.048
148.479 205.048
148.479 205.048
148.479 205.048
148.841 205.548
149.203 206.048
149.203 206.048
149.203 206.048
149.203 206.048
149.566 206.548
149.747 206.798
149.747 206.798
149.747 206.798
149.747 206.798
149.928 207.048
150.109 207.298
150.29 207.548
150.29 207.548
150.472 207.798
150.653 208.048
150.653 208.048
151.015 208.548
151.015 208.548
151.377 209.048
151.377 209.048
151.377 209.048
151.377 209.048
151.377 209.048
151.74 209.548
152.102 210.048
152.102 210.048
152.102 210.048
152.102 210.048
152.464 210.548
152.464 210.548
152.645 210.798
152.827 211.048
152.827 211.048
153.189 211.548
153.189 211.548
153.189 211.548
153.551 212.048
153.551 212.048
153.732 212.298
153.914 212.548
154.276 213.048
154.276 213.048
154.276 213.048
154.276 213.048
154.276 213.048
154.276 213.048
154.638 213.548
154.638 213.548
155.001 214.048
155.001 214.048
155.182 214.298
155.363 214.548
155.363 214.548
155.544 214.798
155.544 214.798
155.544 214.798
155.544 214.798
156.088 215.548
156.088 215.548
156.088 215.548
156.088 215.548
156.45 216.048
156.45 216.048
156.631 216.298
156.812 216.548
156.812 216.548
156.993 216.798
157.174 217.048
157.174 217.048
157.174 217.048
157.537 217.548
157.899 218.048
157.899 218.048
157.899 218.048
158.261 218.548
158.443 218.798
158.443 218.798
158.443 218.798
158.443 218.798
158.624 219.048
158.624 219.048
158.986 219.548
158.986 219.548
158.986 219.548
159.348 220.048
159.348 220.048
159.53 220.298
159.711 220.548
159.711 220.548
159.892 220.798
160.073 221.048
160.073 221.048
160.073 221.048
160.073 221.048
160.073 221.048
160.073 221.048
160.073 221.048
160.435 221.548
160.435 221.548
160.798 222.048
160.798 222.048
160.798 222.048
160.798 222.048
161.16 222.548
161.16 222.548
161.522 223.048
161.522 223.048
161.522 223.048
161.522 223.048
161.885 223.548
161.885 223.548
162.066 223.798
162.247 224.048
162.428 224.298
162.609 224.548
162.609 224.548
162.79 224.798
162.972 225.048
162.972 225.048
162.972 225.048
162.972 225.048
162.972 225.048
162.972 225.048
163.334 225.548
163.334 225.548
163.696 226.048
163.696 226.048
163.696 226.048
164.059 226.548
164.059 226.548
164.421 227.048
164.421 227.048
164.421 227.048
164.421 227.048
164.783 227.548
164.783 227.548
164.964 227.798
165.145 228.048
165.145 228.048
165.327 228.298
165.508 228.548
165.508 228.548
165.689 228.798
165.87 229.048
165.87 229.048
165.87 229.048
166.232 229.548
166.232 229.548
166.595 230.048
166.595 230.048
166.957 230.548
166.957 230.548
167.319 231.048
167.319 231.048
167.319 231.048
168.044 232.048
168.044 232.048
168.044 232.048
168.044 232.048
168.044 232.048
168.044 232.048
168.406 232.548
168.406 232.548
168.769 233.048
168.769 233.048
168.769 233.048
168.769 233.048
168.769 233.048
169.131 233.548
169.493 234.048
169.674 234.298
169.856 234.548
170.037 234.798
170.218 235.048
170.218 235.048
170.218 235.048
170.58 235.548
170.943 236.048
170.943 236.048
170.943 236.048
171.124 236.298
171.305 236.548
171.305 236.548
171.486 236.798
171.667 237.048
171.667 237.048
171.667 237.048
171.667 237.048
171.667 237.048
172.03 237.548
172.03 237.548
172.392 238.048
172.392 238.048
172.754 238.548
172.754 238.548
173.116 239.048
173.116 239.048
173.116 239.048
173.479 239.548
173.479 239.548
173.841 240.048
173.841 240.048
174.203 240.548
174.566 241.048
174.566 241.048
174.566 241.048
174.566 241.048
174.928 241.548
175.29 242.048
175.592 242.465
175.653 242.548
176.332 243.485
176.377 243.548
176.691 243.981
176.74 244.048
176.74 244.048
176.921 244.298
177.025 244.442
177.102 244.548
177.102 244.548
177.283 244.798
177.416 244.981
177.464 245.048
177.464 245.048
177.464 245.048
177.464 245.048
177.827 245.548
177.827 245.548
178.189 246.048
178.189 246.048
178.551 246.548
178.551 246.548
178.914 247.048
178.914 247.048
179.276 247.548
179.276 247.548
179.638 248.048
179.638 248.048
180.001 248.548
180.001 248.548
180.319 248.988
180.363 249.048
180.363 249.048
180.363 249.048
180.363 249.048
180.725 249.548
181.087 250.048
181.087 250.048
181.45 250.548
181.45 250.548
181.812 251.048
181.812 251.048
182.174 251.548
182.537 252.048
182.537 252.048
182.899 252.548
183.261 253.048
183.261 253.048
183.261 253.048
183.261 253.048
183.261 253.048
183.261 253.048
183.624 253.548
183.624 253.548
183.986 254.048
183.986 254.048
184.348 254.548
184.348 254.548
184.711 255.048
184.711 255.048
184.711 255.048
184.711 255.048
185.073 255.548
185.073 255.548
185.435 256.048
185.798 256.548
185.979 256.798
186.16 257.048
186.16 257.048
186.16 257.048
186.16 257.048
186.16 257.048
186.522 257.548
186.522 257.548
186.885 258.048
186.885 258.048
187.247 258.548
187.247 258.548
187.609 259.048
187.609 259.048
187.609 259.048
187.609 259.048
187.609 259.048
187.972 259.548
188.334 260.048
188.334 260.048
188.696 260.548
189.058 261.048
189.058 261.048
189.058 261.048
189.058 261.048
189.058 261.048
189.421 261.548
189.783 262.048
190.145 262.548
190.145 262.548
190.145 262.548
190.508 263.048
190.508 263.048
190.508 263.048
190.508 263.048
190.87 263.548
190.87 263.548
190.87 263.548
191.232 264.048
191.232 264.048
191.232 264.048
191.232 264.048
191.595 264.548
191.595 264.548
191.595 264.548
191.957 265.048
191.957 265.048
191.957 265.048
191.957 265.048
191.957 265.048
192.319 265.548
192.682 266.048
193.044 266.548
193.044 266.548
193.406 267.048
193.406 267.048
193.406 267.048
193.769 267.548
193.769 267.548
194.131 268.048
194.131 268.048
194.493 268.548
194.493 268.548
194.856 269.048
194.856 269.048
194.856 269.048
194.856 269.048
194.881 269.083
195.218 269.548
195.218 269.548
195.58 270.048
195.58 270.048
195.943 270.548
195.943 270.548
196.305 271.048
196.305 271.048
196.305 271.048
196.305 271.048
196.667 271.548
196.667 271.548
197.029 272.048
197.573 272.798
197.754 273.048
197.754 273.048
198.116 273.548
198.116 273.548
198.479 274.048
198.479 274.048
198.841 274.548
198.841 274.548
199.203 275.048
199.203 275.048
199.203 275.048
199.566 275.548
199.928 276.048
199.928 276.048
199.928 276.048
200.29 276.548
200.653 277.048
200.653 277.048
200.653 277.048
200.653 277.048
201.015 277.548
201.377 278.048
201.744 278.554
202.1 279.046
202.12 279.073
202.496 279.592
202.594 279.727
202.994 280.279
203.177 280.531
203.518 281.002
203.772 281.352
203.992 281.656
204.232 281.988
204.32 282.108
204.392 282.208
204.431 282.262
205.699 284.012
205.878 284.258
206.139 284.619
206.411 284.994
206.693 285.383
207.022 285.837
207.345 286.283
207.778 286.881
208.716 288.175
209.134 288.752
209.502 289.26
209.999 289.946
210.988 291.31
211.03 291.369
211.084 291.444
211.302 291.744
