0.10304 0.127083
0.135135 0.166667
0.157094 0.19375
0.201013 0.247917
0.209459 0.258333
3.35304 4.13542
3.3902 4.18125
3.41554 4.2125
3.43243 4.23333
3.4527 4.25833
6.58276 8.11875
6.65033 8.20208
6.67229 8.22917
6.69594 8.25833
6.71959 8.2875
9.89864 12.2083
9.90202 12.2125
9.91046 12.2229
9.91215 12.225
9.93918 12.2583
13.1824 16.2583
13.1824 16.2583
13.1824 16.2583
13.1824 16.2583
13.1824 16.2583
13.1824 16.2583
13.3851 16.5083
13.5878 16.7583
13.7905 17.0083
13.9932 17.2583
13.9932 17.2583
14.6013 18.0083
14.6013 18.0083
15.2094 18.7583
15.4121 19.0083
15.4121 19.0083
15.6148 19.2583
15.6148 19.2583
15.8176 19.5083
15.8176 19.5083
16.0203 19.7583
16.0203 19.7583
16.4257 20.2583
16.4257 20.2583
16.4257 20.2583
16.4257 20.2583
16.4257 20.2583
17.2365 21.2583
17.2365 21.2583
17.2365 21.2583
17.8446 22.0083
17.8446 22.0083
17.8446 22.0083
18.4527 22.7583
18.4527 22.7583
18.4527 22.7583
18.6554 23.0083
18.8581 23.2583
19.0608 23.5083
19.0608 23.5083
19.2635 23.7583
19.2635 23.7583
19.4662 24.0083
19.6689 24.2583
19.6689 24.2583
19.6689 24.2583
19.6689 24.2583
19.6689 24.2583
19.6689 24.2583
19.8716 24.5083
20.0743 24.7583
20.277 25.0083
20.4797 25.2583
20.4797 25.2583
20.4797 25.2583
21.2905 26.2583
21.2905 26.2583
21.2905 26.2583
21.6959 26.7583
21.8986 27.0083
21.8986 27.0083
21.8986 27.0083
22.1013 27.2583
22.304 27.5083
22.304 27.5083
22.304 27.5083
22.5067 27.7583
22.9121 28.2583
22.9121 28.2583
22.9121 28.2583
22.9121 28.2583
22.9121 28.2583
23.7227 29.2583
23.7227 29.2583
24.3299 30.0083
24.3299 30.0083
25.1363 31.0083
25.3366 31.2583
25.5368 31.5083
25.7371 31.7583
26.1376 32.2583
26.1376 32.2583
26.1376 32.2583
26.1376 32.2583
26.1376 32.2583
26.5382 32.7583
26.7385 33.0083
27.1439 33.5083
27.5493 34.0083
27.752 34.2583
27.9547 34.5083
28.1574 34.7583
28.3601 35.0083
28.3601 35.0083
28.5628 35.2583
28.5628 35.2583
28.7655 35.5083
28.9682 35.7583
28.9682 35.7583
29.1707 36.0083
29.3726 36.2583
29.3726 36.2583
29.3726 36.2583
29.3726 36.2583
29.3726 36.2583
29.7764 36.7583
29.9783 37.0083
29.9783 37.0083
30.5839 37.7583
30.7858 38.0083
30.9877 38.2583
31.1896 38.5083
31.3914 38.7583
31.3914 38.7583
31.5933 39.0083
31.5933 39.0083
31.7952 39.2583
31.7952 39.2583
31.9971 39.5083
32.199 39.7583
32.4009 40.0083
32.6027 40.2583
32.6027 40.2583
32.6027 40.2583
33.0065 40.7583
33.2084 41.0083
33.2084 41.0083
33.4103 41.2583
33.8141 41.7583
33.8141 41.7583
34.0159 42.0083
34.0159 42.0083
34.2178 42.2583
34.4197 42.5083
34.6216 42.7583
34.6216 42.7583
34.8235 43.0083
35.0254 43.2583
35.4291 43.7583
35.4291 43.7583
35.631 44.0083
35.8329 44.2583
35.8329 44.2583
36.2367 44.7583
36.4385 45.0083
36.6404 45.2583
36.8423 45.5083
37.0442 45.7583
37.2461 46.0083
37.448 46.2583
37.6498 46.5083
37.8517 46.7583
38.0536 47.0083
38.0536 47.0083
38.6593 47.7583
38.8612 48.0083
39.063 48.2583
39.4668 48.7583
39.6687 49.0083
39.8706 49.2583
40.2743 49.7583
40.2743 49.7583
40.4762 50.0083
40.4762 50.0083
40.6781 50.2583
40.88 50.5083
41.0819 50.7583
41.0819 50.7583
41.2838 51.0083
41.4856 51.2583
41.8894 51.7583
41.8894 51.7583
41.8894 51.7583
42.0913 52.0083
42.2932 52.2583
42.2932 52.2583
42.6969 52.7583
42.8988 53.0083
43.1007 53.2583
43.3026 53.5083
43.3026 53.5083
43.5045 53.7583
43.7064 54.0083
43.9083 54.2583
43.9083 54.2583
44.1101 54.5083
44.312 54.7583
44.5139 55.0083
44.9177 55.5083
45.1196 55.7583
45.3214 56.0083
45.5233 56.2583
45.5233 56.2583
45.5233 56.2583
45.9271 56.7583
46.129 57.0083
46.129 57.0083
46.3309 57.2583
46.7346 57.7583
46.7346 57.7583
46.9365 58.0083
46.9365 58.0083
47.1384 58.2583
47.3403 58.5083
47.5422 58.7583
47.5422 58.7583
47.744 59.0083
47.9459 59.2583
48.3497 59.7583
48.3497 59.7583
48.5516 60.0083
48.7535 60.2583
48.7535 60.2583
49.1572 60.7583
49.3591 61.0083
49.561 61.2583
49.7629 61.5083
49.9648 61.7583
50.1667 62.0083
50.3685 62.2583
50.3685 62.2583
50.3685 62.2583
50.5704 62.5083
50.7723 62.7583
50.9742 63.0083
50.9742 63.0083
51.5798 63.7583
51.7817 64.0083
51.9836 64.2583
51.9836 64.2583
51.9836 64.2583
52.3874 64.7583
52.5893 65.0083
52.7911 65.2583
53.1949 65.7583
53.1949 65.7583
53.3968 66.0083
53.3968 66.0083
53.5987 66.2583
53.8006 66.5083
54.0025 66.7583
54.0025 66.7583
54.2043 67.0083
54.4062 67.2583
54.6081 67.5083
54.81 67.7583
54.81 67.7583
55.0119 68.0083
55.2138 68.2583
55.2138 68.2583
55.2138 68.2583
55.2138 68.2583
55.6175 68.7583
55.8194 69.0083
56.0213 69.2583
56.2232 69.5083
56.2232 69.5083
56.4251 69.7583
56.6269 70.0083
56.8288 70.2583
56.8288 70.2583
56.8288 70.2583
56.8288 70.2583
57.0307 70.5083
57.2326 70.7583
57.4345 71.0083
57.8382 71.5083
58.0401 71.7583
58.242 72.0083
58.4439 72.2583
58.4439 72.2583
58.4439 72.2583
58.4439 72.2583
58.4439 72.2583
58.6458 72.5083
58.8477 72.7583
58.8477 72.7583
59.0496 73.0083
59.0496 73.0083
59.2514 73.2583
59.6552 73.7583
59.6552 73.7583
59.6552 73.7583
59.8571 74.0083
59.8571 74.0083
60.059 74.2583
60.059 74.2583
60.059 74.2583
60.2609 74.5083
60.4627 74.7583
60.4627 74.7583
60.6646 75.0083
60.8665 75.2583
61.0684 75.5083
61.0684 75.5083
61.2703 75.7583
61.674 76.2583
61.674 76.2583
61.674 76.2583
61.674 76.2583
61.674 76.2583
62.0778 76.7583
62.0778 76.7583
62.2797 77.0083
62.6835 77.5083
62.6835 77.5083
62.8853 77.7583
62.8853 77.7583
62.8853 77.7583
63.0872 78.0083
63.2891 78.2583
63.2891 78.2583
63.2891 78.2583
63.2891 78.2583
63.491 78.5083
63.6929 78.7583
63.8948 79.0083
64.0967 79.2583
64.2985 79.5083
64.5004 79.7583
64.9042 80.2583
64.9042 80.2583
64.9042 80.2583
64.9042 80.2583
64.9042 80.2583
65.1061 80.5083
65.308 80.7583
65.308 80.7583
65.5098 81.0083
65.7117 81.2583
65.9136 81.5083
66.1155 81.7583
66.1155 81.7583
66.1155 81.7583
66.3174 82.0083
66.5193 82.2583
66.5193 82.2583
66.5193 82.2583
66.5193 82.2583
66.5193 82.2583
66.7211 82.5083
66.923 82.7583
66.923 82.7583
67.1249 83.0083
67.1249 83.0083
67.3268 83.2583
67.5287 83.5083
67.5287 83.5083
67.7306 83.7583
67.7306 83.7583
67.9324 84.0083
68.1343 84.2583
68.1343 84.2583
68.1343 84.2583
68.1343 84.2583
68.3362 84.5083
68.5381 84.7583
68.74 85.0083
69.1438 85.5083
69.3456 85.7583
69.3456 85.7583
69.7494 86.2583
69.7494 86.2583
69.7494 86.2583
69.7494 86.2583
69.7494 86.2583
70.9607 87.7583
71.1626 88.0083
71.3645 88.2583
71.3645 88.2583
71.3645 88.2583
71.3645 88.2583
71.5664 88.5083
71.7682 88.7583
71.7682 88.7583
71.9701 89.0083
72.172 89.2583
72.172 89.2583
72.172 89.2583
72.172 89.2583
72.3739 89.5083
72.5758 89.7583
72.5758 89.7583
72.7777 90.0083
72.7777 90.0083
72.7777 90.0083
72.7777 90.0083
72.9795 90.2583
73.1814 90.5083
73.3833 90.7583
73.3833 90.7583
73.5852 91.0083
73.7871 91.2583
73.7871 91.2583
73.7871 91.2583
73.7871 91.2583
73.989 91.5083
73.989 91.5083
74.1909 91.7583
74.1909 91.7583
74.5896 92.2521
74.5913 92.2542
74.5946 92.2583
74.5946 92.2583
74.5946 92.2583
74.5946 92.2583
74.9984 92.7583
75.4022 93.2583
75.4022 93.2583
76.0078 94.0083
76.0078 94.0083
76.208 94.2562
76.3712 94.4583
76.4116 94.5083
76.4116 94.5083
76.4116 94.5083
76.5916 94.7313
76.7733 94.9562
76.8153 95.0083
77.0172 95.2583
77.0172 95.2583
77.0172 95.2583
77.0441 95.2917
77.2191 95.5083
77.421 95.7583
77.4227 95.7604
77.8256 96.2583
77.8256 96.2583
77.8256 96.2583
77.8256 96.2583
77.829 96.2625
78.2311 96.7583
78.2311 96.7583
78.6365 97.2583
78.6365 97.2583
78.6365 97.2583
78.6365 97.2583
78.6365 97.2583
78.8392 97.5083
79.0419 97.7583
79.0419 97.7583
79.2446 98.0083
79.2446 98.0083
79.2446 98.0083
79.2446 98.0083
79.4456 98.2562
79.4473 98.2583
79.65 98.5083
79.8527 98.7583
80.0554 99.0083
80.0554 99.0083
80.0554 99.0083
80.0554 99.0083
80.2581 99.2583
80.2581 99.2583
80.2581 99.2583
80.4608 99.5083
80.4608 99.5083
80.4608 99.5083
80.4608 99.5083
80.6635 99.7583
80.8662 100.008
81.0655 100.254
81.0689 100.258
81.0689 100.258
81.0689 100.258
81.0689 100.258
81.0689 100.258
81.4743 100.758
81.677 101.008
81.677 101.008
81.677 101.008
81.677 101.008
82.0824 101.508
82.2851 101.758
82.2851 101.758
82.4878 102.008
82.6838 102.25
82.6905 102.258
82.6905 102.258
82.6905 102.258
82.6905 102.258
83.0959 102.758
83.2986 103.008
83.2986 103.008
83.2986 103.008
83.5013 103.258
83.5013 103.258
83.704 103.508
83.704 103.508
83.704 103.508
84.3121 104.258
84.3121 104.258
84.3121 104.258
84.3121 104.258
84.3121 104.258
84.5148 104.508
84.7175 104.758
84.7175 104.758
84.9202 105.008
85.1229 105.258
85.1229 105.258
85.1229 105.258
85.1229 105.258
85.1229 105.258
85.3256 105.508
85.5283 105.758
85.5283 105.758
85.731 106.008
85.731 106.008
85.731 106.008
85.9337 106.258
86.1365 106.508
86.3392 106.758
86.3392 106.758
86.5419 107.008
86.7446 107.258
86.9473 107.508
86.9473 107.508
86.9473 107.508
86.9473 107.508
86.9473 107.508
87.15 107.758
87.15 107.758
87.5503 108.252
87.552 108.254
87.5554 108.258
87.5554 108.258
87.5554 108.258
87.5554 108.258
87.9608 108.758
88.1635 109.008
88.1635 109.008
88.1635 109.008
88.5689 109.508
88.5689 109.508
88.5689 109.508
88.9743 110.008
89.1753 110.256
89.177 110.258
89.177 110.258
89.177 110.258
89.177 110.258
89.3392 110.458
89.5604 110.731
89.5824 110.758
89.7429 110.956
89.7851 111.008
89.7851 111.008
89.7851 111.008
90.0148 111.292
90.1905 111.508
90.1905 111.508
90.3949 111.76
90.5959 112.008
90.7986 112.258
90.7986 112.258
90.7986 112.258
90.802 112.263
91.204 112.758
91.204 112.758
91.4067 113.008
91.4067 113.008
91.4067 113.008
91.6094 113.258
91.8121 113.508
91.8121 113.508
91.8121 113.508
92.0148 113.758
92.2175 114.008
92.2175 114.008
92.4185 114.256
92.4202 114.258
92.4202 114.258
92.4202 114.258
92.8256 114.758
93.0283 115.008
93.0283 115.008
93.0283 115.008
93.0283 115.008
93.231 115.258
93.231 115.258
93.4337 115.508
93.4337 115.508
93.4337 115.508
93.4337 115.508
94.0385 116.254
94.0418 116.258
94.0418 116.258
94.0418 116.258
94.0418 116.258
94.4473 116.758
94.8527 117.258
94.8527 117.258
94.8527 117.258
94.8527 117.258
95.2565 117.758
95.4584 118.008
95.4584 118.008
96.2652 119.008
96.4669 119.258
96.6685 119.508
96.8701 119.758
97.2582 120.24
97.2733 120.258
97.2733 120.258
97.2733 120.258
98.0798 121.258
98.0798 121.258
98.6846 122.008
98.6846 122.008
99.2894 122.758
99.2894 122.758
99.2894 122.758
99.2894 122.758
99.6423 123.196
99.6456 123.2
99.6927 123.258
99.8943 123.508
99.8943 123.508
99.8943 123.508
100.467 124.219
100.499 124.258
100.499 124.258
100.499 124.258
100.902 124.758
101.104 125.008
101.104 125.008
101.709 125.758
101.709 125.758
102.314 126.508
102.515 126.758
102.717 127.008
102.918 127.258
102.918 127.258
103.322 127.758
103.523 128.008
103.725 128.258
103.725 128.258
106.951 132.258
107.354 132.758
107.556 133.008
107.556 133.008
107.757 133.258
108.16 133.758
108.16 133.758
108.362 134.008
108.362 134.008
108.564 134.258
108.766 134.508
108.968 134.758
108.968 134.758
109.171 135.008
109.373 135.258
109.777 135.758
109.777 135.758
109.979 136.008
110.181 136.258
110.181 136.258
110.586 136.758
110.788 137.008
110.99 137.258
111.192 137.508
111.394 137.758
111.596 138.008
111.799 138.258
112.001 138.508
112.203 138.758
112.405 139.008
112.405 139.008
113.012 139.758
113.214 140.008
113.416 140.258
113.82 140.758
114.022 141.008
114.224 141.258
114.629 141.758
114.629 141.758
114.831 142.008
114.831 142.008
115.033 142.258
115.235 142.508
115.437 142.758
115.437 142.758
115.64 143.008
115.842 143.258
116.246 143.758
116.246 143.758
116.246 143.758
116.448 144.008
116.65 144.258
116.65 144.258
117.055 144.758
117.257 145.008
117.459 145.258
117.661 145.508
117.661 145.508
117.863 145.758
118.065 146.008
118.268 146.258
118.268 146.258
118.47 146.508
118.672 146.758
118.874 147.008
119.278 147.508
119.481 147.758
119.683 148.008
119.885 148.258
119.885 148.258
119.885 148.258
120.289 148.758
120.491 149.008
120.491 149.008
120.693 149.258
121.098 149.758
121.098 149.758
121.3 150.008
121.3 150.008
121.502 150.258
121.704 150.508
121.906 150.758
121.906 150.758
122.109 151.008
122.311 151.258
122.715 151.758
122.715 151.758
122.917 152.008
123.119 152.258
123.119 152.258
123.524 152.758
123.726 153.008
123.928 153.258
124.13 153.508
124.332 153.758
124.534 154.008
124.737 154.258
124.737 154.258
124.737 154.258
124.939 154.508
125.141 154.758
125.343 155.008
125.343 155.008
125.95 155.758
126.152 156.008
126.354 156.258
126.354 156.258
126.354 156.258
126.758 156.758
126.96 157.008
127.162 157.258
127.567 157.758
127.567 157.758
127.769 158.008
127.769 158.008
127.971 158.258
128.173 158.508
128.375 158.758
128.375 158.758
128.578 159.008
128.78 159.258
128.982 159.508
129.184 159.758
129.184 159.758
129.386 160.008
129.588 160.258
129.588 160.258
129.588 160.258
129.588 160.258
129.993 160.758
130.195 161.008
130.397 161.258
130.599 161.508
130.599 161.508
130.801 161.758
131.003 162.008
131.206 162.258
131.206 162.258
131.206 162.258
131.206 162.258
131.408 162.508
131.61 162.758
131.812 163.008
132.216 163.508
132.419 163.758
132.621 164.008
132.823 164.258
132.823 164.258
132.823 164.258
132.823 164.258
132.823 164.258
133.025 164.508
133.227 164.758
133.227 164.758
133.429 165.008
133.429 165.008
133.631 165.258
134.036 165.758
134.036 165.758
134.036 165.758
134.238 166.008
134.238 166.008
134.44 166.258
134.44 166.258
134.44 166.258
134.642 166.508
134.844 166.758
134.844 166.758
135.047 167.008
135.249 167.258
135.451 167.508
135.451 167.508
135.653 167.758
136.057 168.258
136.057 168.258
136.057 168.258
136.057 168.258
136.057 168.258
136.462 168.758
136.462 168.758
136.664 169.008
137.068 169.508
137.068 169.508
137.27 169.758
137.27 169.758
137.27 169.758
137.472 170.008
137.675 170.258
137.675 170.258
137.675 170.258
137.675 170.258
137.877 170.508
138.079 170.758
138.281 171.008
138.483 171.258
138.685 171.508
138.888 171.758
139.292 172.258
139.292 172.258
139.292 172.258
139.292 172.258
139.292 172.258
139.494 172.508
139.696 172.758
139.696 172.758
139.898 173.008
140.1 173.258
140.303 173.508
140.505 173.758
140.505 173.758
140.505 173.758
140.707 174.008
140.909 174.258
140.909 174.258
140.909 174.258
140.909 174.258
140.909 174.258
141.111 174.508
141.313 174.758
141.313 174.758
141.516 175.008
141.516 175.008
141.718 175.258
141.92 175.508
141.92 175.508
142.122 175.758
142.122 175.758
142.324 176.008
142.526 176.258
142.526 176.258
142.526 176.258
142.526 176.258
142.729 176.508
142.931 176.758
143.133 177.008
143.537 177.508
143.739 177.758
143.739 177.758
144.144 178.258
144.144 178.258
144.144 178.258
144.144 178.258
144.144 178.258
145.357 179.758
145.559 180.008
145.761 180.258
145.761 180.258
145.761 180.258
145.761 180.258
145.963 180.508
146.165 180.758
146.165 180.758
146.367 181.008
146.569 181.258
146.569 181.258
146.569 181.258
146.569 181.258
146.772 181.508
146.974 181.758
146.974 181.758
147.176 182.008
147.176 182.008
147.176 182.008
147.176 182.008
147.378 182.258
147.58 182.508
147.782 182.758
147.782 182.758
147.985 183.008
148.187 183.258
148.187 183.258
148.187 183.258
148.187 183.258
148.389 183.508
148.389 183.508
148.591 183.758
148.591 183.758
148.99 184.252
148.992 184.254
148.995 184.258
148.995 184.258
148.995 184.258
148.995 184.258
149.4 184.758
149.804 185.258
149.804 185.258
150.41 186.008
150.41 186.008
150.611 186.256
150.774 186.458
150.815 186.508
150.815 186.508
150.815 186.508
150.995 186.731
151.177 186.956
151.219 187.008
151.421 187.258
151.421 187.258
151.421 187.258
151.448 187.292
151.623 187.508
151.826 187.758
151.827 187.76
152.23 188.258
152.23 188.258
152.23 188.258
152.23 188.258
152.233 188.263
152.634 188.758
152.634 188.758
153.038 189.258
153.038 189.258
153.038 189.258
153.038 189.258
153.038 189.258
153.241 189.508
153.443 189.758
153.443 189.758
153.645 190.008
153.645 190.008
153.645 190.008
153.645 190.008
153.845 190.256
153.847 190.258
154.049 190.508
154.251 190.758
154.454 191.008
154.454 191.008
154.454 191.008
154.454 191.008
154.656 191.258
154.656 191.258
154.656 191.258
154.858 191.508
154.858 191.508
154.858 191.508
154.858 191.508
155.06 191.758
155.262 192.008
155.461 192.254
155.464 192.258
155.464 192.258
155.464 192.258
155.464 192.258
155.464 192.258
155.869 192.758
156.071 193.008
156.071 193.008
156.071 193.008
156.071 193.008
156.475 193.508
156.677 193.758
156.677 193.758
156.879 194.008
157.075 194.25
157.082 194.258
157.082 194.258
157.082 194.258
157.082 194.258
157.486 194.758
157.688 195.008
157.688 195.008
157.688 195.008
157.89 195.258
157.89 195.258
158.092 195.508
158.092 195.508
158.092 195.508
158.699 196.258
158.699 196.258
158.699 196.258
158.699 196.258
158.699 196.258
158.901 196.508
159.103 196.758
159.103 196.758
159.305 197.008
159.507 197.258
159.507 197.258
159.507 197.258
159.507 197.258
159.507 197.258
159.71 197.508
159.912 197.758
159.912 197.758
160.114 198.008
160.114 198.008
160.114 198.008
160.316 198.258
160.518 198.508
160.72 198.758
160.72 198.758
160.923 199.008
161.125 199.258
161.327 199.508
161.327 199.508
161.327 199.508
161.327 199.508
161.327 199.508
161.529 199.758
161.529 199.758
161.928 200.252
161.93 200.254
161.933 200.258
161.933 200.258
161.933 200.258
161.933 200.258
162.338 200.758
162.54 201.008
162.54 201.008
162.54 201.008
162.944 201.508
162.944 201.508
162.944 201.508
163.348 202.008
163.549 202.256
163.551 202.258
163.551 202.258
163.551 202.258
163.551 202.258
163.712 202.458
163.933 202.731
163.955 202.758
164.115 202.956
164.157 203.008
164.157 203.008
164.157 203.008
164.386 203.292
164.561 203.508
164.561 203.508
164.765 203.76
164.966 204.008
165.168 204.258
165.168 204.258
165.168 204.258
165.171 204.262
165.572 204.758
165.572 204.758
165.774 205.008
165.774 205.008
165.774 205.008
165.976 205.258
166.179 205.508
166.179 205.508
166.179 205.508
166.381 205.758
166.583 206.008
166.583 206.008
166.783 206.256
166.785 206.258
166.785 206.258
166.785 206.258
167.189 206.758
167.392 207.008
167.392 207.008
167.392 207.008
167.392 207.008
167.594 207.258
167.594 207.258
167.796 207.508
167.796 207.508
167.796 207.508
167.796 207.508
168.402 208.258
168.402 208.258
168.402 208.258
168.402 208.258
168.402 208.258
168.807 208.758
168.807 208.758
169.009 209.008
169.009 209.008
169.009 209.008
169.009 209.008
169.211 209.258
169.211 209.258
169.615 209.758
169.615 209.758
169.615 209.758
169.615 209.758
169.615 209.758
169.615 209.758
169.817 210.008
170.02 210.258
170.02 210.258
170.02 210.258
170.222 210.508
170.424 210.758
170.626 211.008
170.626 211.008
170.626 211.008
170.626 211.008
170.828 211.258
171.03 211.508
171.03 211.508
171.03 211.508
171.233 211.758
171.637 212.258
171.637 212.258
171.637 212.258
172.041 212.758
172.243 213.008
172.243 213.008
172.243 213.008
172.445 213.258
172.445 213.258
172.445 213.258
172.648 213.508
172.85 213.758
172.85 213.758
173.052 214.008
173.052 214.008
173.052 214.008
173.254 214.258
173.254 214.258
173.456 214.508
173.658 214.758
173.658 214.758
173.658 214.758
174.063 215.258
174.063 215.258
174.265 215.508
174.265 215.508
174.871 216.258
174.871 216.258
174.871 216.258
175.276 216.758
175.478 217.008
175.478 217.008
175.478 217.008
175.68 217.258
175.68 217.258
175.68 217.258
175.68 217.258
176.084 217.758
176.286 218.008
176.286 218.008
176.286 218.008
176.489 218.258
176.691 218.508
176.893 218.758
177.297 219.258
177.297 219.258
177.297 219.258
177.297 219.258
177.297 219.258
177.499 219.508
177.702 219.758
177.702 219.758
177.702 219.758
178.106 220.258
178.106 220.258
178.106 220.258
178.106 220.258
178.51 220.758
178.51 220.758
178.712 221.008
178.712 221.008
178.712 221.008
178.712 221.008
179.117 221.508
179.117 221.508
179.117 221.508
179.117 221.508
179.319 221.758
179.723 222.258
179.723 222.258
179.723 222.258
179.723 222.258
179.925 222.508
180.127 222.758
180.33 223.008
180.33 223.008
180.33 223.008
180.734 223.508
180.734 223.508
180.936 223.758
181.138 224.008
181.34 224.258
181.34 224.258
181.34 224.258
181.745 224.758
181.947 225.008
181.947 225.008
181.947 225.008
181.947 225.008
182.149 225.258
182.553 225.758
182.553 225.758
182.553 225.758
182.553 225.758
182.553 225.758
182.755 226.008
182.958 226.258
182.958 226.258
182.958 226.258
183.16 226.508
183.362 226.758
183.564 227.008
183.564 227.008
183.564 227.008
183.564 227.008
183.766 227.258
183.968 227.508
183.968 227.508
183.968 227.508
184.171 227.758
184.575 228.258
184.575 228.258
184.575 228.258
184.979 228.758
185.181 229.008
185.181 229.008
185.181 229.008
185.383 229.258
185.383 229.258
185.383 229.258
185.586 229.508
185.788 229.758
185.788 229.758
185.99 230.008
185.99 230.008
185.99 230.008
186.192 230.258
186.192 230.258
186.394 230.508
186.596 230.758
186.596 230.758
186.596 230.758
187.001 231.258
187.001 231.258
187.203 231.508
187.203 231.508
187.809 232.258
187.809 232.258
187.809 232.258
188.214 232.758
188.416 233.008
188.416 233.008
188.416 233.008
188.618 233.258
188.618 233.258
188.618 233.258
188.618 233.258
189.022 233.758
189.224 234.008
189.224 234.008
189.224 234.008
189.427 234.258
189.629 234.508
189.831 234.758
190.235 235.258
190.235 235.258
190.235 235.258
190.235 235.258
190.235 235.258
190.437 235.508
190.64 235.758
190.64 235.758
190.64 235.758
190.842 236.008
191.044 236.258
191.044 236.258
191.044 236.258
191.448 236.758
191.65 237.008
191.65 237.008
191.65 237.008
192.055 237.508
192.055 237.508
192.055 237.508
192.661 238.258
192.661 238.258
192.661 238.258
192.863 238.508
193.065 238.758
193.268 239.008
193.268 239.008
193.268 239.008
193.672 239.508
193.672 239.508
193.874 239.758
193.874 239.758
194.076 240.008
194.076 240.008
194.278 240.258
195.087 241.258
195.087 241.258
195.087 241.258
195.087 241.258
195.087 241.258
195.896 242.258
196.3 242.758
196.704 243.258
196.704 243.258
196.704 243.258
196.906 243.508
196.906 243.508
197.109 243.758
197.109 243.758
197.311 244.008
197.508 244.252
197.509 244.254
197.513 244.258
197.513 244.258
197.513 244.258
197.513 244.258
197.917 244.758
198.321 245.258
198.321 245.258
198.928 246.008
198.928 246.008
199.128 246.256
199.292 246.458
199.332 246.508
199.332 246.508
199.332 246.508
199.513 246.731
199.694 246.956
199.737 247.008
199.939 247.258
199.939 247.258
199.939 247.258
199.966 247.292
200.141 247.508
200.343 247.758
200.345 247.76
200.747 248.258
200.747 248.258
200.747 248.258
200.747 248.258
200.751 248.262
201.152 248.758
201.152 248.758
201.556 249.258
201.556 249.258
201.556 249.258
201.556 249.258
201.556 249.258
201.758 249.508
201.96 249.758
201.96 249.758
202.162 250.008
202.162 250.008
202.162 250.008
202.162 250.008
202.363 250.256
202.365 250.258
202.567 250.508
202.769 250.758
202.971 251.008
202.971 251.008
202.971 251.008
202.971 251.008
203.173 251.258
203.173 251.258
203.173 251.258
203.375 251.508
203.375 251.508
203.375 251.508
203.375 251.508
203.578 251.758
203.78 252.008
203.978 252.254
203.982 252.258
203.982 252.258
203.982 252.258
203.982 252.258
203.982 252.258
204.386 252.758
204.588 253.008
204.588 253.008
204.588 253.008
204.588 253.008
204.993 253.508
205.195 253.758
205.195 253.758
205.397 254.008
205.592 254.25
205.599 254.258
205.599 254.258
205.599 254.258
205.599 254.258
206.003 254.758
206.206 255.008
206.206 255.008
206.206 255.008
206.408 255.258
206.408 255.258
206.61 255.508
206.61 255.508
206.61 255.508
207.216 256.258
207.216 256.258
207.216 256.258
207.216 256.258
207.216 256.258
207.419 256.508
207.621 256.758
207.621 256.758
207.823 257.008
208.025 257.258
208.025 257.258
208.025 257.258
208.025 257.258
208.025 257.258
208.227 257.508
208.429 257.758
208.429 257.758
208.631 258.008
208.631 258.008
208.631 258.008
208.834 258.258
209.036 258.508
209.238 258.758
209.238 258.758
209.44 259.008
209.642 259.258
209.844 259.508
209.844 259.508
209.844 259.508
209.844 259.508
209.844 259.508
210.047 259.758
210.047 259.758
210.446 260.252
210.447 260.254
210.451 260.258
210.451 260.258
210.451 260.258
210.451 260.258
210.855 260.758
211.057 261.008
211.057 261.008
211.057 261.008
211.462 261.508
211.462 261.508
211.462 261.508
211.866 262.008
212.066 262.256
212.068 262.258
212.068 262.258
212.068 262.258
212.068 262.258
212.23 262.458
212.451 262.731
212.472 262.758
212.632 262.956
212.675 263.008
212.675 263.008
212.675 263.008
212.904 263.292
213.079 263.508
213.079 263.508
213.283 263.76
213.483 264.008
213.685 264.258
213.685 264.258
213.685 264.258
213.689 264.262
214.09 264.758
214.09 264.758
214.292 265.008
214.292 265.008
214.292 265.008
214.494 265.258
214.696 265.508
214.696 265.508
214.696 265.508
214.898 265.758
215.1 266.008
215.1 266.008
215.301 266.256
215.303 266.258
215.303 266.258
215.303 266.258
215.707 266.758
215.909 267.008
215.909 267.008
215.909 267.008
215.909 267.008
216.111 267.258
216.111 267.258
216.313 267.508
216.313 267.508
216.313 267.508
216.313 267.508
216.92 268.258
216.92 268.258
216.92 268.258
216.92 268.258
216.92 268.258
217.324 268.758
217.526 269.008
217.728 269.258
217.728 269.258
217.728 269.258
217.728 269.258
218.133 269.758
218.133 269.758
218.335 270.008
218.335 270.008
218.335 270.008
218.335 270.008
218.537 270.258
218.739 270.508
218.941 270.758
219.346 271.258
219.346 271.258
219.346 271.258
219.346 271.258
219.548 271.508
219.548 271.508
219.548 271.508
219.548 271.508
220.154 272.258
220.154 272.258
220.154 272.258
220.154 272.258
220.357 272.508
220.559 272.758
220.559 272.758
220.761 273.008
220.963 273.258
220.963 273.258
220.963 273.258
220.963 273.258
221.165 273.508
221.367 273.758
221.367 273.758
221.569 274.008
221.569 274.008
221.569 274.008
221.569 274.008
221.772 274.258
221.974 274.508
222.176 274.758
222.176 274.758
222.378 275.008
222.58 275.258
222.58 275.258
222.58 275.258
222.58 275.258
222.782 275.508
222.782 275.508
222.985 275.758
222.985 275.758
223.384 276.252
223.385 276.254
223.389 276.258
223.389 276.258
223.389 276.258
223.389 276.258
223.793 276.758
224.197 277.258
224.197 277.258
224.804 278.008
224.804 278.008
225.004 278.256
225.168 278.458
225.208 278.508
225.208 278.508
225.208 278.508
225.389 278.731
225.57 278.956
225.613 279.008
225.815 279.258
225.815 279.258
225.815 279.258
225.842 279.292
226.017 279.508
226.219 279.758
226.221 279.76
226.623 280.258
226.623 280.258
226.623 280.258
226.623 280.258
226.627 280.262
227.028 280.758
227.028 280.758
227.432 281.258
227.432 281.258
227.432 281.258
227.432 281.258
227.432 281.258
227.634 281.508
227.836 281.758
227.836 281.758
228.038 282.008
228.038 282.008
228.038 282.008
228.038 282.008
228.239 282.256
228.241 282.258
228.443 282.508
228.645 282.758
228.847 283.008
228.847 283.008
228.847 283.008
228.847 283.008
229.049 283.258
229.049 283.258
229.049 283.258
229.251 283.508
229.251 283.508
229.251 283.508
229.251 283.508
229.454 283.758
229.656 284.008
229.854 284.254
229.858 284.258
229.858 284.258
229.858 284.258
229.858 284.258
229.858 284.258
230.262 284.758
230.464 285.008
230.464 285.008
230.464 285.008
230.464 285.008
230.869 285.508
231.071 285.758
231.071 285.758
231.273 286.008
231.468 286.25
231.475 286.258
231.475 286.258
231.475 286.258
231.475 286.258
231.879 286.758
232.082 287.008
232.082 287.008
232.082 287.008
232.284 287.258
232.284 287.258
232.486 287.508
232.486 287.508
232.486 287.508
233.092 288.258
233.092 288.258
233.092 288.258
233.092 288.258
233.092 288.258
233.295 288.508
233.497 288.758
233.497 288.758
233.699 289.008
233.901 289.258
233.901 289.258
233.901 289.258
233.901 289.258
233.901 289.258
234.103 289.508
234.305 289.758
234.305 289.758
234.507 290.008
234.507 290.008
234.507 290.008
234.71 290.258
234.912 290.508
235.114 290.758
235.114 290.758
235.316 291.008
235.518 291.258
235.72 291.508
235.72 291.508
235.72 291.508
235.72 291.508
235.72 291.508
235.923 291.758
235.923 291.758
236.322 292.252
236.323 292.254
236.327 292.258
236.327 292.258
236.327 292.258
236.327 292.258
236.731 292.758
236.933 293.008
236.933 293.008
236.933 293.008
237.338 293.508
237.338 293.508
237.338 293.508
237.742 294.008
237.942 294.256
237.944 294.258
237.944 294.258
237.944 294.258
237.944 294.258
238.106 294.458
238.327 294.731
238.348 294.758
238.508 294.956
238.551 295.008
238.551 295.008
238.551 295.008
238.78 295.292
238.955 295.508
238.955 295.508
239.159 295.76
239.359 296.008
239.561 296.258
239.561 296.258
239.561 296.258
239.565 296.262
239.966 296.758
239.966 296.758
240.168 297.008
240.168 297.008
240.168 297.008
240.37 297.258
240.572 297.508
240.572 297.508
240.572 297.508
240.774 297.758
240.976 298.008
240.976 298.008
241.177 298.256
241.179 298.258
241.179 298.258
241.179 298.258
241.583 298.758
241.785 299.008
241.785 299.008
241.785 299.008
241.785 299.008
241.987 299.258
241.987 299.258
242.189 299.508
242.189 299.508
242.189 299.508
242.189 299.508
242.796 300.258
242.796 300.258
242.796 300.258
242.796 300.258
243.2 300.758
243.604 301.258
243.604 301.258
243.604 301.258
243.604 301.258
243.611 301.267
243.613 301.269
244.009 301.758
244.009 301.758
244.211 302.008
244.211 302.008
244.211 302.008
244.615 302.508
244.817 302.758
245.213 303.248
245.218 303.254
245.222 303.258
245.222 303.258
245.222 303.258
245.626 303.758
246.03 304.258
246.03 304.258
246.03 304.258
246.04 304.271
246.047 304.279
246.839 305.258
246.839 305.258
247.445 306.008
247.445 306.008
248.456 307.258
248.456 307.258
248.475 307.281
248.482 307.29
248.861 307.758
249.265 308.258
249.265 308.258
249.265 308.258
249.265 308.258
249.27 308.265
249.272 308.267
250.073 309.258
250.073 309.258
250.478 309.758
250.68 310.008
251.084 310.508
251.286 310.758
251.691 311.258
251.691 311.258
251.691 311.258
252.097 311.76
252.109 311.775
252.499 312.258
252.499 312.258
252.499 312.258
252.563 312.337
252.568 312.344
253.308 313.258
253.51 313.508
253.712 313.758
253.914 314.008
254.319 314.508
254.521 314.758
254.925 315.258
254.925 315.258
255.739 316.265
255.744 316.271
255.763 316.294
255.773 316.306
255.776 316.31
256.175 316.804
256.645 317.385
256.659 317.402
257.119 317.971
257.781 318.79
257.969 319.023
