2.35795 2.59375
2.35795 2.59375
2.35795 2.59375
2.35795 2.59375
2.35795 2.59375
2.35795 2.59375
2.35795 2.59375
2.8125 3.09375
3.15341 3.46875
3.26704 3.59375
3.26704 3.59375
3.26704 3.59375
3.26704 3.59375
3.26704 3.59375
3.60795 3.96875
3.72159 4.09375
4.0625 4.46875
4.17613 4.59375
4.17613 4.59375
4.17613 4.59375
4.17613 4.59375
4.17613 4.59375
4.17613 4.59375
4.17613 4.59375
4.63068 5.09375
4.63068 5.09375
4.97159 5.46875
5.08522 5.59375
5.08522 5.59375
5.08522 5.59375
5.32386 5.85625
5.53977 6.09375
5.53977 6.09375
5.53977 6.09375
5.99431 6.59375
5.99431 6.59375
5.99431 6.59375
5.99431 6.59375
5.99431 6.59375
5.99431 6.59375
5.99431 6.59375
6.44886 7.09375
6.78977 7.46875
6.9034 7.59375
6.9034 7.59375
6.9034 7.59375
6.9034 7.59375
6.9034 7.59375
6.9034 7.59375
7.24431 7.96875
7.35795 8.09375
7.69886 8.46875
7.81249 8.59375
7.81249 8.59375
7.81249 8.59375
7.81249 8.59375
7.81249 8.59375
8.26704 9.09375
8.26704 9.09375
8.60795 9.46875
8.72158 9.59375
8.72158 9.59375
8.72158 9.59375
8.72158 9.59375
8.94885 9.84375
8.94885 9.84375
9.17613 10.0938
9.17613 10.0938
9.17613 10.0938
9.63067 10.5938
9.63067 10.5938
9.63067 10.5938
9.63067 10.5938
9.63067 10.5938
10.0852 11.0938
10.4261 11.4688
10.5398 11.5938
10.5398 11.5938
10.767 11.8438
10.8807 11.9688
10.9943 12.0938
10.9943 12.0938
11.2216 12.3438
11.3352 12.4688
11.4489 12.5938
11.4489 12.5938
11.4489 12.5938
11.4489 12.5938
11.9034 13.0938
11.9034 13.0938
12.2443 13.4688
12.3579 13.5938
12.8182 14.1
12.8182 14.1
13.267 14.5938
13.267 14.5938
13.267 14.5938
13.267 14.5938
13.4943 14.8438
13.7216 15.0938
14.1761 15.5938
14.4034 15.8438
14.6307 16.0938
15.0852 16.5938
15.0852 16.5938
15.0852 16.5938
15.0852 16.5938
15.0852 16.5938
16.4488 18.0938
16.9034 18.5938
16.9034 18.5938
16.9034 18.5938
16.9034 18.5938
16.9034 18.5938
17.3579 19.0938
17.8125 19.5938
18.267 20.0938
18.7216 20.5938
18.7216 20.5938
18.7216 20.5938
18.7216 20.5938
18.7216 20.5938
18.7216 20.5938
19.1761 21.0938
19.6307 21.5938
19.8579 21.8438
20.0852 22.0938
20.0852 22.0938
20.0852 22.0938
20.5398 22.5938
20.5398 22.5938
20.5398 22.5938
20.5398 22.5938
20.5398 22.5938
22.1307 24.3438
22.5852 24.8438
22.5852 24.8438
22.5852 24.8438
23.0397 25.3438
23.0397 25.3438
23.267 25.5937
23.267 25.5937
23.267 25.5937
24.1761 26.5938
24.1761 26.5938
24.1761 26.5938
24.1761 26.5938
24.1761 26.5938
24.6307 27.0938
25.0852 27.5938
25.5397 28.0938
25.5397 28.0938
25.5397 28.0938
25.9943 28.5938
25.9943 28.5938
25.9943 28.5938
25.9943 28.5938
25.9943 28.5938
25.9943 28.5938
26.4488 29.0938
26.9034 29.5937
27.1307 29.8438
27.3579 30.0938
27.3579 30.0938
27.3579 30.0938
27.3579 30.0938
27.8125 30.5938
27.8125 30.5938
27.8125 30.5938
27.8125 30.5938
27.8125 30.5938
28.0397 30.8438
28.7216 31.5938
29.4034 32.3438
29.4034 32.3438
29.4034 32.3438
29.4034 32.3438
29.8579 32.8438
30.3125 33.3438
30.5397 33.5938
30.5397 33.5938
30.5397 33.5938
30.5397 33.5938
30.9943 34.0938
30.9943 34.0938
31.2216 34.3438
31.4488 34.5938
31.4488 34.5938
31.4488 34.5938
31.4488 34.5938
31.4488 34.5938
31.4488 34.5938
31.4488 34.5938
31.6761 34.8438
32.1306 35.3438
32.1306 35.3438
32.3579 35.5937
32.3579 35.5937
32.3579 35.5937
32.3579 35.5937
32.5852 35.8438
32.8125 36.0938
33.0397 36.3438
33.267 36.5938
33.267 36.5938
33.267 36.5938
33.267 36.5938
33.267 36.5938
33.267 36.5938
33.4943 36.8438
33.9488 37.3438
34.1761 37.5938
34.1761 37.5938
34.4034 37.8438
34.4034 37.8438
34.4034 37.8438
34.4034 37.8438
35.0852 38.5938
35.0852 38.5938
35.0852 38.5938
35.0852 38.5938
35.0852 38.5938
35.0852 38.5938
35.0852 38.5938
35.3125 38.8438
35.767 39.3438
35.9943 39.5938
35.9943 39.5938
35.9943 39.5938
35.9943 39.5938
35.9943 39.5938
36.2216 39.8438
36.4488 40.0938
36.6761 40.3438
36.9034 40.5938
36.9034 40.5938
36.9034 40.5938
36.9034 40.5938
36.9034 40.5938
36.9034 40.5938
36.9034 40.5938
37.1306 40.8438
37.5852 41.3438
37.5852 41.3438
37.8125 41.5938
37.8125 41.5938
37.8125 41.5938
37.8125 41.5938
37.8125 41.5938
38.0397 41.8437
38.0397 41.8437
38.267 42.0938
38.267 42.0938
38.267 42.0938
38.267 42.0938
38.267 42.0938
38.7216 42.5938
38.7216 42.5938
38.7216 42.5938
38.7216 42.5938
38.7216 42.5938
39.1761 43.0938
39.4034 43.3438
39.6306 43.5937
39.6306 43.5937
39.8579 43.8438
40.0852 44.0938
40.0852 44.0938
40.5397 44.5938
40.5397 44.5938
40.5397 44.5938
40.5397 44.5938
40.5397 44.5938
40.5397 44.5938
40.9943 45.0938
41.4488 45.5938
41.4488 45.5938
41.4488 45.5938
41.9034 46.0938
41.9034 46.0938
41.9034 46.0938
42.3579 46.5938
42.3579 46.5938
42.3579 46.5938
42.3579 46.5938
42.5852 46.8438
42.8125 47.0938
43.0397 47.3438
43.4943 47.8438
43.7215 48.0938
43.9488 48.3438
43.9488 48.3438
44.4034 48.8438
44.6306 49.0938
44.6306 49.0938
44.8579 49.3438
44.8579 49.3438
45.0852 49.5938
45.3125 49.8437
45.4261 49.9688
45.5397 50.0938
45.5397 50.0938
45.5397 50.0938
45.767 50.3438
45.9943 50.5938
45.9943 50.5938
45.9943 50.5938
45.9943 50.5938
45.9943 50.5938
45.9943 50.5938
46.4488 51.0938
46.6761 51.3438
46.9034 51.5938
46.9034 51.5938
46.9034 51.5938
46.9034 51.5938
47.2443 51.9688
47.3579 52.0938
47.3579 52.0938
47.5852 52.3438
47.5852 52.3438
47.8125 52.5938
47.8125 52.5938
47.8125 52.5938
47.8125 52.5938
47.8125 52.5938
47.8125 52.5938
48.267 53.0938
48.267 53.0938
48.267 53.0938
48.267 53.0938
48.267 53.0938
48.267 53.0938
48.7215 53.5938
49.0625 53.9688
49.1761 54.0938
49.1761 54.0938
49.1761 54.0938
49.1761 54.0938
49.517 54.4688
49.6306 54.5938
49.6306 54.5938
49.6306 54.5938
49.6306 54.5938
50.0852 55.0938
50.0852 55.0938
50.0852 55.0938
50.0852 55.0938
50.9943 56.0937
50.9943 56.0937
50.9943 56.0937
51.2215 56.3438
51.6761 56.8438
51.6761 56.8438
51.6761 56.8438
52.2443 57.4688
52.3579 57.5938
52.3579 57.5938
52.3579 57.5938
52.5852 57.8437
52.8124 58.0938
53.267 58.5938
53.267 58.5938
53.267 58.5938
53.267 58.5938
53.7215 59.0938
54.1761 59.5938
54.1761 59.5938
54.1761 59.5938
54.1761 59.5938
54.517 59.9688
54.6306 60.0938
54.6306 60.0938
54.6306 60.0938
54.6306 60.0938
55.0852 60.5938
55.0852 60.5938
55.0852 60.5938
55.0852 60.5938
55.0852 60.5938
55.5397 61.0938
55.5397 61.0938
55.5397 61.0938
55.5397 61.0938
55.5397 61.0938
55.9943 61.5938
56.3352 61.9688
56.4488 62.0938
56.4488 62.0938
56.4488 62.0938
56.4488 62.0938
56.7897 62.4688
56.9034 62.5938
57.1306 62.8438
57.3579 63.0938
57.3579 63.0938
57.3579 63.0938
57.3579 63.0938
57.8124 63.5938
57.8124 63.5938
57.8124 63.5938
57.8124 63.5938
58.267 64.0938
58.4943 64.3438
58.4943 64.3438
58.4943 64.3438
58.9488 64.8438
58.9488 64.8438
58.9488 64.8438
59.4033 65.3438
59.6306 65.5938
59.6306 65.5938
59.6306 65.5938
59.8579 65.8438
60.0852 66.0938
60.3124 66.3438
60.5397 66.5938
60.5397 66.5938
60.5397 66.5938
60.5397 66.5938
60.5397 66.5938
60.5397 66.5938
60.767 66.8438
61.2215 67.3438
61.2215 67.3438
61.4488 67.5938
61.4488 67.5938
61.4488 67.5938
61.4488 67.5938
61.6761 67.8438
61.9033 68.0938
62.1306 68.3438
62.3579 68.5938
62.3579 68.5938
62.3579 68.5938
62.3579 68.5938
62.3579 68.5938
62.3579 68.5938
62.3579 68.5938
62.5852 68.8438
63.0397 69.3438
63.1363 69.45
63.267 69.5938
63.267 69.5938
63.267 69.5938
63.267 69.5938
63.267 69.5938
63.7215 70.0938
63.7215 70.0938
64.1761 70.5938
64.1761 70.5938
64.1761 70.5938
64.1761 70.5938
64.1761 70.5938
64.1761 70.5938
64.1761 70.5938
64.4033 70.8438
64.8579 71.3438
64.9715 71.4688
65.0852 71.5938
65.0852 71.5938
65.0852 71.5938
65.0852 71.5938
65.0852 71.5938
65.3124 71.8438
65.5397 72.0938
65.5397 72.0938
65.767 72.3438
65.9943 72.5938
65.9943 72.5938
65.9943 72.5938
65.9943 72.5938
65.9943 72.5938
65.9943 72.5938
66.2215 72.8438
66.6761 73.3438
66.7897 73.4688
66.9033 73.5938
66.9033 73.5938
66.9033 73.5938
66.9033 73.5938
67.1306 73.8438
67.3579 74.0938
67.8124 74.5938
67.8124 74.5938
67.8124 74.5938
67.8124 74.5938
67.8124 74.5938
68.267 75.0938
68.6079 75.4688
68.7215 75.5938
68.7215 75.5938
68.7215 75.5938
68.7215 75.5938
69.1704 76.0875
69.1761 76.0938
69.6306 76.5938
69.6306 76.5938
69.6306 76.5938
69.6306 76.5938
69.6306 76.5938
69.6306 76.5938
70.0852 77.0938
70.4261 77.4688
70.5397 77.5938
70.5397 77.5938
70.5397 77.5938
70.5397 77.5938
70.9942 78.0938
70.9942 78.0938
71.4488 78.5938
71.4488 78.5938
71.4488 78.5938
71.9033 79.0938
71.9033 79.0938
72.2442 79.4688
72.3579 79.5938
72.712 79.9833
72.8124 80.0938
73.0397 80.3438
73.0397 80.3438
73.0397 80.3438
73.0397 80.3438
73.6079 80.9688
73.6079 80.9688
73.7196 81.0917
73.7215 81.0938
74.0624 81.4688
74.1761 81.5938
74.1761 81.5938
74.1761 81.5938
74.1761 81.5938
74.6306 82.0938
75.0852 82.5938
75.0852 82.5938
75.0852 82.5938
75.0852 82.5938
75.5397 83.0938
75.5397 83.0938
75.8806 83.4688
75.9942 83.5938
75.9942 83.5938
76.2215 83.8438
76.4488 84.0937
76.4488 84.0937
76.4488 84.0937
76.6761 84.3438
76.6761 84.3438
76.6761 84.3438
76.9033 84.5938
76.9033 84.5938
77.5851 85.3438
77.8124 85.5938
78.267 86.0938
78.7215 86.5938
78.7215 86.5938
78.7215 86.5938
78.7215 86.5938
78.7215 86.5938
78.9488 86.8438
79.0624 86.9688
79.1761 87.0938
79.1761 87.0938
79.1761 87.0938
79.4033 87.3438
79.517 87.4688
79.6306 87.5938
79.6306 87.5938
79.6306 87.5938
79.9715 87.9688
80.0851 88.0938
80.0851 88.0938
80.0851 88.0938
80.3124 88.3438
80.4261 88.4688
80.5397 88.5938
80.5397 88.5938
80.5397 88.5938
80.5397 88.5938
80.767 88.8438
80.8806 88.9688
80.9942 89.0938
80.9942 89.0938
80.9942 89.0938
81.3351 89.4687
81.4488 89.5938
81.4488 89.5938
81.4488 89.5938
81.7897 89.9688
81.9033 90.0938
81.9033 90.0938
82.1306 90.3438
82.2442 90.4688
82.3579 90.5938
82.3579 90.5938
82.3579 90.5938
82.3579 90.5938
82.3579 90.5938
82.3579 90.5938
82.5851 90.8438
82.6988 90.9688
82.8124 91.0938
82.8124 91.0938
82.8124 91.0938
82.8124 91.0938
83.0397 91.3438
83.1533 91.4688
83.267 91.5938
83.267 91.5938
83.267 91.5938
83.267 91.5938
83.6079 91.9688
83.7215 92.0938
83.7215 92.0938
83.7215 92.0938
83.7215 92.0938
83.9488 92.3438
84.0624 92.4688
84.1761 92.5938
84.1761 92.5938
84.4033 92.8438
84.517 92.9688
84.6306 93.0938
84.6306 93.0938
84.9715 93.4688
85.0851 93.5938
85.0851 93.5938
85.0851 93.5938
85.4261 93.9688
85.5397 94.0938
85.5397 94.0938
85.767 94.3438
85.8806 94.4688
85.9942 94.5938
85.9942 94.5938
85.9942 94.5938
85.9942 94.5938
85.9942 94.5938
85.9942 94.5938
86.2215 94.8438
86.3351 94.9688
86.4488 95.0938
86.4488 95.0938
86.7897 95.4688
86.9033 95.5938
86.9033 95.5938
87.2442 95.9688
87.3579 96.0938
87.5851 96.3438
87.5851 96.3438
87.8124 96.5937
87.8124 96.5937
87.8124 96.5937
87.8124 96.5937
87.8124 96.5937
87.8124 96.5937
88.0397 96.8438
88.0397 96.8438
88.267 97.0938
88.267 97.0938
88.267 97.0938
88.4942 97.3438
88.7215 97.5938
88.7215 97.5938
88.7215 97.5938
88.7215 97.5938
89.176 98.0938
89.4033 98.3437
89.6306 98.5938
89.6306 98.5938
89.6306 98.5938
89.6306 98.5938
89.6306 98.5938
89.6306 98.5938
89.6306 98.5938
89.8579 98.8438
90.0851 99.0938
90.1988 99.2188
90.3124 99.3438
90.3124 99.3438
90.3124 99.3438
90.3124 99.3438
90.3124 99.3438
90.767 99.8438
90.767 99.8438
90.9942 100.094
90.9942 100.094
90.9942 100.094
91.2215 100.344
91.2215 100.344
91.4488 100.594
91.4488 100.594
91.4488 100.594
91.4488 100.594
91.9033 101.094
91.9033 101.094
91.9033 101.094
91.9033 101.094
92.3579 101.594
92.3579 101.594
92.3579 101.594
92.3579 101.594
92.8124 102.094
92.8124 102.094
92.8124 102.094
93.267 102.594
93.267 102.594
93.267 102.594
93.267 102.594
93.267 102.594
93.267 102.594
93.4942 102.844
93.7215 103.094
93.7215 103.094
93.7215 103.094
93.7215 103.094
93.9488 103.344
94.0624 103.469
94.0624 103.469
94.176 103.594
94.176 103.594
94.4033 103.844
94.4033 103.844
94.4033 103.844
94.6306 104.094
94.6306 104.094
94.6306 104.094
94.8579 104.344
94.8579 104.344
94.8579 104.344
95.0851 104.594
95.3124 104.844
95.3124 104.844
95.5397 105.094
95.5397 105.094
95.7669 105.344
95.9942 105.594
95.9942 105.594
95.9942 105.594
95.9942 105.594
96.2215 105.844
96.4488 106.094
96.4488 106.094
96.676 106.344
96.676 106.344
96.9033 106.594
96.9033 106.594
96.9033 106.594
96.9033 106.594
96.9033 106.594
96.9033 106.594
97.1306 106.844
97.1306 106.844
97.3579 107.094
97.3579 107.094
97.5851 107.344
97.5851 107.344
97.8124 107.594
97.8124 107.594
97.8124 107.594
97.8124 107.594
98.0397 107.844
98.0397 107.844
98.2669 108.094
98.2669 108.094
98.4942 108.344
98.4942 108.344
98.7215 108.594
98.7215 108.594
98.7215 108.594
98.7215 108.594
98.9488 108.844
99.176 109.094
99.176 109.094
99.176 109.094
99.176 109.094
99.176 109.094
99.4033 109.344
99.6306 109.594
99.6306 109.594
99.6306 109.594
100.085 110.094
100.085 110.094
100.085 110.094
100.312 110.344
100.54 110.594
100.54 110.594
100.54 110.594
100.54 110.594
100.54 110.594
100.54 110.594
100.767 110.844
100.994 111.094
100.994 111.094
101.221 111.344
101.449 111.594
101.449 111.594
101.449 111.594
101.449 111.594
101.449 111.594
101.903 112.094
102.131 112.344
102.358 112.594
102.358 112.594
102.358 112.594
102.358 112.594
102.358 112.594
102.585 112.844
102.585 112.844
102.812 113.094
102.812 113.094
102.812 113.094
103.04 113.344
103.267 113.594
103.267 113.594
103.267 113.594
103.267 113.594
103.721 114.094
103.949 114.344
104.176 114.594
104.631 115.094
105.085 115.594
105.54 116.094
105.994 116.594
105.994 116.594
105.994 116.594
105.994 116.594
106.449 117.094
106.449 117.094
106.449 117.094
106.676 117.344
106.903 117.594
106.903 117.594
107.358 118.094
107.358 118.094
107.358 118.094
107.585 118.344
107.585 118.344
108.04 118.844
108.04 118.844
108.267 119.094
108.267 119.094
108.494 119.344
108.721 119.594
108.721 119.594
108.949 119.844
109.176 120.094
109.176 120.094
109.403 120.344
109.403 120.344
109.403 120.344
109.631 120.594
109.631 120.594
109.858 120.844
109.858 120.844
110.085 121.094
110.085 121.094
110.085 121.094
110.312 121.344
110.54 121.594
110.54 121.594
110.54 121.594
110.767 121.844
110.994 122.094
110.994 122.094
110.994 122.094
111.221 122.344
111.221 122.344
111.221 122.344
111.676 122.844
111.676 122.844
111.903 123.094
111.903 123.094
111.903 123.094
112.358 123.594
112.358 123.594
112.358 123.594
112.358 123.594
113.267 124.594
113.267 124.594
113.267 124.594
113.267 124.594
113.267 124.594
113.721 125.094
114.176 125.594
114.631 126.094
115.085 126.594
115.085 126.594
115.085 126.594
115.085 126.594
115.085 126.594
115.085 126.594
115.54 127.094
115.994 127.594
115.994 127.594
116.449 128.094
116.903 128.594
116.903 128.594
116.903 128.594
116.903 128.594
117.812 129.594
118.267 130.094
118.267 130.094
118.721 130.594
118.721 130.594
119.403 131.344
119.631 131.594
119.631 131.594
120.54 132.594
120.54 132.594
120.54 132.594
120.54 132.594
120.54 132.594
120.994 133.094
121.449 133.594
121.449 133.594
121.676 133.844
121.903 134.094
121.903 134.094
122.358 134.594
122.358 134.594
122.358 134.594
122.358 134.594
122.358 134.594
122.812 135.094
123.267 135.594
123.267 135.594
123.721 136.094
123.721 136.094
124.176 136.594
124.176 136.594
124.176 136.594
124.403 136.844
124.631 137.094
125.085 137.594
125.085 137.594
125.085 137.594
125.767 138.344
125.767 138.344
125.767 138.344
126.221 138.844
126.449 139.094
126.903 139.594
126.903 139.594
126.903 139.594
127.358 140.094
127.358 140.094
127.585 140.344
127.812 140.594
127.812 140.594
127.812 140.594
127.812 140.594
127.812 140.594
127.812 140.594
128.04 140.844
128.494 141.344
128.494 141.344
128.721 141.594
128.721 141.594
128.721 141.594
128.721 141.594
128.721 141.594
128.949 141.844
128.949 141.844
128.949 141.844
128.949 141.844
129.176 142.094
129.176 142.094
129.176 142.094
129.176 142.094
129.403 142.344
129.631 142.594
129.631 142.594
129.631 142.594
129.631 142.594
129.631 142.594
129.858 142.844
129.858 142.844
129.858 142.844
129.858 142.844
130.085 143.094
130.085 143.094
130.085 143.094
130.312 143.344
130.54 143.594
130.54 143.594
130.54 143.594
130.54 143.594
130.54 143.594
130.767 143.844
130.994 144.094
131.449 144.594
131.449 144.594
131.449 144.594
131.449 144.594
131.449 144.594
131.449 144.594
131.449 144.594
131.676 144.844
132.131 145.344
132.358 145.594
132.358 145.594
132.358 145.594
132.358 145.594
132.358 145.594
132.585 145.844
132.812 146.094
133.04 146.344
133.267 146.594
133.267 146.594
133.267 146.594
133.267 146.594
133.267 146.594
133.267 146.594
133.267 146.594
133.494 146.844
133.949 147.344
133.949 147.344
134.176 147.594
134.176 147.594
134.176 147.594
134.176 147.594
134.176 147.594
134.403 147.844
134.403 147.844
134.631 148.094
134.631 148.094
134.631 148.094
134.631 148.094
134.631 148.094
135.085 148.594
135.085 148.594
135.085 148.594
135.085 148.594
135.085 148.594
135.54 149.094
135.767 149.344
135.994 149.594
135.994 149.594
136.221 149.844
136.449 150.094
136.449 150.094
136.903 150.594
136.903 150.594
136.903 150.594
136.903 150.594
136.903 150.594
136.903 150.594
137.358 151.094
137.812 151.594
137.812 151.594
137.812 151.594
138.267 152.094
138.267 152.094
138.267 152.094
138.721 152.594
138.721 152.594
138.721 152.594
138.721 152.594
138.721 152.594
138.949 152.844
139.176 153.094
139.631 153.594
139.858 153.844
140.085 154.094
140.085 154.094
140.312 154.344
140.312 154.344
140.312 154.344
140.312 154.344
140.312 154.344
140.767 154.844
140.994 155.094
141.221 155.344
141.676 155.844
141.903 156.094
142.131 156.344
142.358 156.594
142.358 156.594
142.358 156.594
142.812 157.094
142.812 157.094
142.812 157.094
143.267 157.594
143.267 157.594
143.267 157.594
143.267 157.594
143.721 158.094
143.721 158.094
143.721 158.094
143.721 158.094
144.176 158.594
144.176 158.594
144.176 158.594
144.176 158.594
144.403 158.844
144.403 158.844
144.403 158.844
144.403 158.844
144.858 159.344
145.085 159.594
145.085 159.594
145.085 159.594
145.085 159.594
145.085 159.594
145.085 159.594
145.54 160.094
145.54 160.094
145.54 160.094
145.54 160.094
145.54 160.094
145.54 160.094
145.994 160.594
145.994 160.594
145.994 160.594
145.994 160.594
145.994 160.594
145.994 160.594
146.221 160.844
146.449 161.094
146.676 161.344
146.903 161.594
146.903 161.594
146.903 161.594
146.903 161.594
146.903 161.594
147.358 162.094
147.358 162.094
147.358 162.094
147.358 162.094
147.358 162.094
147.585 162.344
147.585 162.344
147.585 162.344
147.585 162.344
147.585 162.344
147.585 162.344
148.04 162.844
148.04 162.844
148.267 163.094
148.267 163.094
148.494 163.344
148.721 163.594
148.721 163.594
148.721 163.594
149.176 164.094
149.403 164.344
149.631 164.594
149.631 164.594
149.631 164.594
149.631 164.594
149.631 164.594
149.631 164.594
149.858 164.844
150.085 165.094
150.085 165.094
150.312 165.344
150.312 165.344
150.54 165.594
150.54 165.594
150.54 165.594
150.54 165.594
150.767 165.844
150.767 165.844
150.994 166.094
150.994 166.094
150.994 166.094
151.221 166.344
151.221 166.344
151.221 166.344
151.221 166.344
151.221 166.344
151.221 166.344
151.676 166.844
151.676 166.844
151.903 167.094
151.903 167.094
152.358 167.594
152.358 167.594
152.358 167.594
152.358 167.594
152.812 168.094
152.812 168.094
153.04 168.344
153.04 168.344
153.04 168.344
153.267 168.594
153.267 168.594
153.267 168.594
153.267 168.594
153.267 168.594
153.267 168.594
153.267 168.594
153.494 168.844
153.721 169.094
153.721 169.094
154.176 169.594
154.176 169.594
154.176 169.594
154.176 169.594
154.176 169.594
154.631 170.094
154.858 170.344
155.085 170.594
155.085 170.594
155.085 170.594
155.085 170.594
155.085 170.594
155.085 170.594
155.312 170.844
155.54 171.094
155.54 171.094
155.54 171.094
155.767 171.344
155.994 171.594
155.994 171.594
155.994 171.594
155.994 171.594
156.449 172.094
156.449 172.094
156.676 172.344
156.903 172.594
156.903 172.594
156.903 172.594
156.903 172.594
156.903 172.594
156.903 172.594
157.358 173.094
157.358 173.094
157.585 173.344
157.585 173.344
158.04 173.844
158.04 173.844
158.04 173.844
158.04 173.844
158.267 174.094
158.494 174.344
158.494 174.344
158.721 174.594
158.721 174.594
158.721 174.594
159.176 175.094
159.176 175.094
159.176 175.094
159.631 175.594
159.631 175.594
159.631 175.594
159.631 175.594
159.631 175.594
160.085 176.094
160.085 176.094
160.085 176.094
160.085 176.094
160.085 176.094
160.54 176.594
160.54 176.594
160.54 176.594
160.54 176.594
160.54 176.594
160.54 176.594
160.767 176.844
160.994 177.094
160.994 177.094
160.994 177.094
160.994 177.094
161.221 177.344
161.221 177.344
161.221 177.344
161.449 177.594
161.449 177.594
161.676 177.844
161.676 177.844
161.676 177.844
161.903 178.094
161.903 178.094
162.131 178.344
162.131 178.344
162.131 178.344
162.131 178.344
162.131 178.344
162.131 178.344
162.131 178.344
162.585 178.844
162.585 178.844
162.812 179.094
162.812 179.094
163.04 179.344
163.267 179.594
163.267 179.594
163.267 179.594
163.721 180.094
163.721 180.094
163.721 180.094
163.949 180.344
164.176 180.594
164.176 180.594
164.176 180.594
164.176 180.594
164.176 180.594
164.176 180.594
164.403 180.844
164.631 181.094
164.631 181.094
164.858 181.344
164.858 181.344
165.085 181.594
165.085 181.594
165.085 181.594
165.085 181.594
165.312 181.844
165.312 181.844
165.54 182.094
165.54 182.094
165.767 182.344
165.767 182.344
165.767 182.344
165.767 182.344
165.767 182.344
166.221 182.844
166.221 182.844
166.449 183.094
166.449 183.094
166.676 183.344
166.903 183.594
166.903 183.594
166.903 183.594
166.903 183.594
167.358 184.094
167.358 184.094
167.585 184.344
167.585 184.344
167.585 184.344
167.812 184.594
167.812 184.594
167.812 184.594
167.812 184.594
167.812 184.594
167.812 184.594
168.04 184.844
168.267 185.094
168.267 185.094
168.494 185.344
168.721 185.594
168.721 185.594
168.721 185.594
168.721 185.594
169.176 186.094
169.403 186.344
169.631 186.594
169.631 186.594
169.631 186.594
169.631 186.594
169.631 186.594
169.858 186.844
169.858 186.844
170.085 187.094
170.085 187.094
170.085 187.094
170.312 187.344
170.54 187.594
170.54 187.594
170.54 187.594
170.994 188.094
171.221 188.344
171.449 188.594
171.449 188.594
171.449 188.594
171.449 188.594
171.903 189.094
171.903 189.094
172.358 189.594
172.358 189.594
172.358 189.594
172.358 189.594
172.358 189.594
172.812 190.094
172.812 190.094
173.04 190.344
173.259 190.585
173.263 190.59
173.267 190.594
173.271 190.598
173.273 190.6
173.721 191.094
174.835 192.319
174.856 192.342
175.837 193.421
175.979 193.577
175.99 193.59
176.676 194.344
176.903 194.594
176.909 194.6
176.911 194.602
176.924 194.617
176.934 194.627
176.935 194.629
177.818 195.6
178.115 195.927
178.388 196.227
178.577 196.435
179.18 197.098
179.513 197.465
179.862 197.848
180.081 198.09
180.54 198.594
180.54 198.594
180.54 198.594
180.54 198.594
180.54 198.594
181.221 199.344
181.449 199.594
181.449 199.594
181.449 199.594
182.358 200.594
182.358 200.594
183.04 201.344
183.267 201.594
183.267 201.594
183.267 201.594
183.721 202.094
184.165 202.581
184.189 202.608
184.206 202.627
184.22 202.642
184.221 202.644
184.651 203.117
184.655 203.121
184.661 203.127
185.136 203.65
185.413 203.954
185.555 204.11
185.835 204.419
185.846 204.431
185.846 204.431
186.282 204.91
186.437 205.081
186.898 205.588
186.901 205.592
186.905 205.596
186.905 205.596
186.909 205.6
187.356 206.092
187.803 206.583
187.805 206.585
187.809 206.59
187.81 206.592
187.812 206.594
188.517 207.369
188.701 207.571
188.702 207.573
188.706 207.577
189.221 208.144
189.657 208.623
189.665 208.631
189.67 208.637
190.326 209.358
190.551 209.606
190.557 209.613
190.56 209.617
191.019 210.121
191.466 210.613
191.471 210.619
191.475 210.623
191.477 210.625
191.477 210.625
192.149 211.365
192.373 211.61
192.379 211.617
192.379 211.617
192.839 212.123
193.261 212.588
193.261 212.588
193.267 212.594
194.013 213.415
194.193 213.613
194.193 213.613
194.199 213.619
194.655 214.121
195.085 214.594
195.085 214.594
195.093 214.602
195.093 214.602
195.096 214.606
195.54 215.094
195.54 215.094
195.54 215.094
195.54 215.094
195.767 215.344
195.994 215.594
195.994 215.594
195.994 215.594
195.994 215.594
196.221 215.844
196.449 216.094
196.449 216.094
196.449 216.094
196.449 216.094
196.903 216.594
196.903 216.594
196.903 216.594
196.903 216.594
197.358 217.094
197.358 217.094
197.358 217.094
197.358 217.094
197.585 217.344
197.585 217.344
197.812 217.594
197.812 217.594
197.812 217.594
198.04 217.844
198.04 217.844
198.267 218.094
198.267 218.094
198.267 218.094
198.267 218.094
198.267 218.094
198.494 218.344
198.721 218.594
198.721 218.594
198.721 218.594
198.721 218.594
198.721 218.594
198.721 218.594
199.176 219.094
199.176 219.094
199.176 219.094
199.176 219.094
199.403 219.344
199.63 219.594
199.63 219.594
199.63 219.594
199.63 219.594
199.858 219.844
200.085 220.094
200.085 220.094
200.085 220.094
200.085 220.094
200.085 220.094
200.085 220.094
200.312 220.344
200.312 220.344
200.312 220.344
200.312 220.344
200.312 220.344
200.54 220.594
200.767 220.844
200.767 220.844
200.767 220.844
200.994 221.094
201.221 221.344
201.221 221.344
201.221 221.344
201.449 221.594
201.449 221.594
201.449 221.594
201.676 221.844
201.903 222.094
201.903 222.094
201.903 222.094
201.903 222.094
201.903 222.094
201.903 222.094
201.903 222.094
202.13 222.344
202.358 222.594
202.358 222.594
202.358 222.594
202.358 222.594
202.358 222.594
202.358 222.594
202.585 222.844
202.812 223.094
202.812 223.094
202.812 223.094
202.812 223.094
203.04 223.344
203.267 223.594
203.267 223.594
203.267 223.594
203.267 223.594
203.494 223.844
203.721 224.094
203.721 224.094
203.721 224.094
203.721 224.094
203.721 224.094
203.949 224.344
203.949 224.344
204.176 224.594
204.403 224.844
204.63 225.094
204.63 225.094
204.63 225.094
204.63 225.094
204.858 225.344
204.858 225.344
204.858 225.344
205.085 225.594
205.085 225.594
205.312 225.844
205.54 226.094
205.54 226.094
205.54 226.094
205.54 226.094
205.54 226.094
205.767 226.344
205.994 226.594
205.994 226.594
205.994 226.594
205.994 226.594
205.994 226.594
205.994 226.594
206.449 227.094
206.449 227.094
206.449 227.094
206.449 227.094
206.676 227.344
206.903 227.594
206.903 227.594
206.903 227.594
206.903 227.594
207.13 227.844
207.358 228.094
207.358 228.094
207.358 228.094
207.585 228.344
207.585 228.344
207.585 228.344
207.812 228.594
208.04 228.844
208.267 229.094
208.267 229.094
208.267 229.094
208.267 229.094
208.494 229.344
208.494 229.344
208.494 229.344
208.494 229.344
208.494 229.344
208.949 229.844
208.949 229.844
209.176 230.094
209.176 230.094
209.176 230.094
209.403 230.344
209.403 230.344
209.63 230.594
209.63 230.594
209.63 230.594
209.63 230.594
209.63 230.594
210.085 231.094
210.085 231.094
210.085 231.094
210.085 231.094
210.312 231.344
210.54 231.594
210.54 231.594
210.54 231.594
210.767 231.844
210.994 232.094
210.994 232.094
210.994 232.094
210.994 232.094
211.221 232.344
211.221 232.344
211.221 232.344
211.221 232.344
211.449 232.594
211.449 232.594
211.676 232.844
211.676 232.844
211.676 232.844
211.903 233.094
212.13 233.344
212.13 233.344
212.13 233.344
212.358 233.594
212.358 233.594
212.358 233.594
212.585 233.844
212.585 233.844
212.585 233.844
212.812 234.094
212.812 234.094
212.812 234.094
212.812 234.094
213.04 234.344
213.267 234.594
213.267 234.594
213.267 234.594
213.267 234.594
213.267 234.594
213.267 234.594
213.721 235.094
213.721 235.094
213.721 235.094
213.721 235.094
213.721 235.094
213.721 235.094
214.176 235.594
214.176 235.594
214.176 235.594
214.176 235.594
214.176 235.594
214.176 235.594
214.63 236.094
214.63 236.094
214.63 236.094
214.63 236.094
214.63 236.094
214.63 236.094
215.085 236.594
215.085 236.594
215.085 236.594
215.085 236.594
215.085 236.594
215.085 236.594
215.54 237.094
215.54 237.094
215.54 237.094
215.54 237.094
215.54 237.094
215.994 237.594
215.994 237.594
215.994 237.594
215.994 237.594
215.994 237.594
216.449 238.094
216.449 238.094
216.449 238.094
216.449 238.094
216.449 238.094
216.903 238.594
216.903 238.594
216.903 238.594
216.903 238.594
216.903 238.594
216.903 238.594
217.358 239.094
217.358 239.094
217.358 239.094
217.358 239.094
217.358 239.094
217.358 239.094
217.812 239.594
217.812 239.594
217.812 239.594
217.812 239.594
217.812 239.594
217.812 239.594
218.267 240.094
218.267 240.094
218.267 240.094
218.267 240.094
218.267 240.094
218.267 240.094
218.721 240.594
218.721 240.594
218.721 240.594
218.721 240.594
218.721 240.594
218.721 240.594
219.403 241.344
219.403 241.344
219.403 241.344
219.63 241.594
219.63 241.594
219.63 241.594
219.63 241.594
220.085 242.094
220.085 242.094
220.085 242.094
220.54 242.594
220.54 242.594
220.54 242.594
220.54 242.594
220.54 242.594
220.54 242.594
220.767 242.844
220.994 243.094
220.994 243.094
220.994 243.094
220.994 243.094
220.994 243.094
220.994 243.094
221.221 243.344
221.449 243.594
221.903 244.094
222.13 244.344
222.358 244.594
222.358 244.594
222.358 244.594
222.358 244.594
222.358 244.594
222.585 244.844
222.812 245.094
222.812 245.094
222.812 245.094
222.812 245.094
222.812 245.094
222.812 245.094
223.267 245.594
223.949 246.344
224.176 246.594
224.176 246.594
224.176 246.594
224.176 246.594
224.176 246.594
224.176 246.594
224.403 246.844
224.63 247.094
224.858 247.344
224.858 247.344
225.085 247.594
225.085 247.594
225.085 247.594
225.085 247.594
225.312 247.844
225.54 248.094
225.54 248.094
225.767 248.344
225.767 248.344
225.767 248.344
225.767 248.344
225.767 248.344
225.767 248.344
226.221 248.844
226.221 248.844
226.449 249.094
226.449 249.094
226.449 249.094
226.449 249.094
226.676 249.344
226.903 249.594
226.903 249.594
226.903 249.594
226.903 249.594
226.903 249.594
226.903 249.594
227.13 249.844
227.13 249.844
227.13 249.844
227.13 249.844
227.13 249.844
227.585 250.344
227.585 250.344
227.812 250.594
227.812 250.594
227.812 250.594
227.812 250.594
227.812 250.594
227.812 250.594
228.04 250.844
228.267 251.094
228.267 251.094
228.494 251.344
228.721 251.594
228.721 251.594
228.721 251.594
228.721 251.594
229.176 252.094
229.403 252.344
229.63 252.594
229.63 252.594
229.63 252.594
229.63 252.594
229.63 252.594
229.858 252.844
229.858 252.844
230.085 253.094
230.085 253.094
230.085 253.094
230.312 253.344
230.54 253.594
230.54 253.594
230.54 253.594
230.994 254.094
231.221 254.344
231.449 254.594
231.449 254.594
231.449 254.594
231.449 254.594
231.449 254.594
231.449 254.594
232.358 255.594
232.358 255.594
232.358 255.594
232.358 255.594
232.358 255.594
232.358 255.594
233.267 256.594
233.267 256.594
233.267 256.594
233.267 256.594
233.267 256.594
233.267 256.594
234.176 257.594
234.176 257.594
234.176 257.594
234.176 257.594
234.176 257.594
234.176 257.594
235.085 258.594
235.085 258.594
235.085 258.594
235.085 258.594
235.085 258.594
235.085 258.594
235.085 258.594
235.085 258.594
235.54 259.094
235.88 259.469
235.994 259.594
236.335 259.969
236.449 260.094
236.79 260.469
236.903 260.594
236.903 260.594
236.903 260.594
236.903 260.594
236.903 260.594
236.903 260.594
236.903 260.594
237.358 261.094
237.699 261.469
238.721 262.594
238.721 262.594
238.721 262.594
238.721 262.594
238.721 262.594
238.721 262.594
238.721 262.594
239.176 263.094
239.517 263.469
239.63 263.594
239.971 263.969
240.085 264.094
240.426 264.469
240.54 264.594
240.54 264.594
240.54 264.594
240.54 264.594
240.54 264.594
240.994 265.094
241.335 265.469
241.676 265.844
242.358 266.594
242.358 266.594
242.358 266.594
242.358 266.594
242.358 266.594
242.812 267.094
243.153 267.469
243.267 267.594
243.267 267.594
243.494 267.844
243.608 267.969
243.721 268.094
243.721 268.094
243.949 268.344
244.062 268.469
244.176 268.594
244.176 268.594
244.176 268.594
244.176 268.594
244.63 269.094
244.971 269.469
245.994 270.594
245.994 270.594
245.994 270.594
245.994 270.594
246.221 270.844
246.449 271.094
247.812 272.594
247.812 272.594
247.812 272.594
247.812 272.594
247.812 272.594
250.307 275.337
250.356 275.392
250.358 275.394
250.38 275.419
250.401 275.442
250.409 275.45
250.473 275.521
