0.198529 0.225
0.213235 0.241667
0.233456 0.264583
0.23897 0.270833
1.12868 1.27917
1.14154 1.29375
1.54228 1.74792
1.85662 2.10417
1.8989 2.15208
1.96691 2.22917
2.00367 2.27083
2.00367 2.27083
2.44485 2.77083
2.88603 3.27083
3.3272 3.77083
3.57904 4.05625
3.63603 4.12083
3.71139 4.20625
3.73897 4.2375
3.76838 4.27083
4.18198 4.73958
4.63602 5.25417
5.45771 6.18542
5.52021 6.25625
5.52573 6.2625
5.53308 6.27083
6.02205 6.825
6.40992 7.26458
6.41543 7.27083
7.13602 8.0875
7.21507 8.17708
7.28492 8.25625
7.29779 8.27083
7.29779 8.27083
7.30514 8.27917
7.31065 8.28542
7.73345 8.76458
8.18014 9.27083
8.18565 9.27708
8.92095 10.1104
9.0147 10.2167
9.04778 10.2542
9.06249 10.2708
9.06249 10.2708
9.18014 10.4042
9.4908 10.7562
9.50367 10.7708
9.94484 11.2708
9.94484 11.2708
9.94484 11.2708
10.386 11.7708
10.386 11.7708
10.6893 12.1146
10.7573 12.1917
10.7794 12.2167
10.8272 12.2708
10.8823 12.3333
11.2684 12.7708
11.7095 13.2708
12.1507 13.7708
12.1507 13.7708
13.0331 14.7708
13.3162 15.0917
13.4099 15.1979
13.4467 15.2396
13.4743 15.2708
13.489 15.2875
13.9154 15.7708
14.2095 16.1042
14.2665 16.1687
14.3254 16.2354
14.3309 16.2417
14.3566 16.2708
14.7959 16.7688
15.2059 17.2333
15.2077 17.2354
16.0184 18.1542
16.1084 18.2563
16.1103 18.2583
16.1213 18.2708
16.2004 18.3604
16.5606 18.7688
16.5625 18.7708
16.9926 19.2583
17.0037 19.2708
17.4448 19.7708
17.7555 20.1229
17.8125 20.1875
17.8805 20.2646
17.9026 20.2896
18.3033 20.7437
18.7481 21.2479
19.1765 21.7333
19.6121 22.2271
19.6268 22.2437
19.6287 22.2458
20.0588 22.7333
20.5331 23.2708
20.5331 23.2708
20.5331 23.2708
21.2996 24.1396
21.3621 24.2104
21.4117 24.2667
21.4154 24.2708
21.4154 24.2708
21.4485 24.3083
21.8309 24.7417
22.2353 25.2
22.7169 25.7458
23.1489 26.2354
23.1544 26.2417
23.1654 26.2542
23.1801 26.2708
23.1801 26.2708
23.5717 26.7146
23.6213 26.7708
23.6213 26.7708
24.0349 27.2396
24.0367 27.2417
24.0423 27.2479
24.0625 27.2708
24.0625 27.2708
24.5037 27.7708
24.5037 27.7708
24.7941 28.1
24.8603 28.175
24.9173 28.2396
24.9356 28.2604
25.3731 28.7563
25.386 28.7708
25.386 28.7708
25.807 29.2479
25.8272 29.2708
25.8272 29.2708
26.2316 29.7292
26.2334 29.7312
26.2353 29.7333
26.2684 29.7708
26.2684 29.7708
27.1195 30.7354
27.5239 31.1938
27.5717 31.2479
28.4742 32.2708
28.4742 32.2708
28.4742 32.2708
28.4742 32.2708
28.9154 32.7708
28.9154 32.7708
29.136 33.0208
29.3566 33.2708
29.7978 33.7708
29.7978 33.7708
30.2389 34.2708
30.2389 34.2708
30.2389 34.2708
30.6801 34.7708
30.6801 34.7708
31.1213 35.2708
31.1213 35.2708
31.5625 35.7708
31.5625 35.7708
32.0036 36.2708
32.0036 36.2708
32.4448 36.7708
32.886 37.2708
33.3272 37.7708
33.7683 38.2708
33.7683 38.2708
34.2095 38.7708
34.6507 39.2708
34.8713 39.5208
35.0919 39.7708
35.5331 40.2708
35.5331 40.2708
35.5331 40.2708
35.5331 40.2708
35.9742 40.7708
35.9742 40.7708
36.1948 41.0208
36.4154 41.2708
36.4154 41.2708
36.4154 41.2708
36.8566 41.7708
36.8566 41.7708
37.2978 42.2708
37.2978 42.2708
37.2978 42.2708
37.7389 42.7708
37.7389 42.7708
38.1801 43.2708
38.1801 43.2708
38.6213 43.7708
38.6213 43.7708
39.0625 44.2708
39.0625 44.2708
39.0625 44.2708
39.5036 44.7708
39.5036 44.7708
39.9448 45.2708
40.386 45.7708
40.8272 46.2708
40.8272 46.2708
41.2683 46.7708
41.4889 47.0208
41.7095 47.2708
41.9301 47.5208
41.9301 47.5208
42.1507 47.7708
42.1507 47.7708
42.3713 48.0208
42.3713 48.0208
42.5919 48.2708
42.5919 48.2708
42.5919 48.2708
42.5919 48.2708
42.5919 48.2708
43.033 48.7708
43.033 48.7708
43.2536 49.0208
43.4742 49.2708
43.9154 49.7708
43.9154 49.7708
44.3566 50.2708
44.3566 50.2708
44.3566 50.2708
44.7977 50.7708
44.7977 50.7708
45.2389 51.2708
45.2389 51.2708
45.6801 51.7708
45.6801 51.7708
46.1213 52.2708
46.1213 52.2708
46.5625 52.7708
47.0036 53.2708
47.4448 53.7708
47.886 54.2708
47.886 54.2708
47.886 54.2708
48.3272 54.7708
48.3272 54.7708
48.7683 55.2708
48.7683 55.2708
48.9889 55.5208
49.2095 55.7708
49.2095 55.7708
49.6507 56.2708
49.6507 56.2708
49.6507 56.2708
49.6507 56.2708
49.6507 56.2708
50.0919 56.7708
50.0919 56.7708
50.3124 57.0208
50.533 57.2708
50.533 57.2708
50.533 57.2708
50.9742 57.7708
50.9742 57.7708
50.9742 57.7708
51.1948 58.0208
51.4154 58.2708
51.4154 58.2708
51.4154 58.2708
51.8566 58.7708
51.8566 58.7708
52.2977 59.2708
52.2977 59.2708
52.7389 59.7708
52.7389 59.7708
53.1801 60.2708
53.1801 60.2708
53.1801 60.2708
53.1801 60.2708
53.6213 60.7708
53.6213 60.7708
54.0624 61.2708
54.5036 61.7708
54.7242 62.0208
54.9448 62.2708
54.9448 62.2708
55.386 62.7708
55.386 62.7708
55.6066 63.0208
55.8271 63.2708
55.8271 63.2708
55.8271 63.2708
56.0477 63.5208
56.2683 63.7708
56.2683 63.7708
56.2683 63.7708
56.4889 64.0208
56.7095 64.2708
56.7095 64.2708
56.7095 64.2708
56.7095 64.2708
56.7095 64.2708
57.1507 64.7708
57.1507 64.7708
57.3713 65.0208
57.5919 65.2708
57.5919 65.2708
57.8124 65.5208
58.033 65.7708
58.033 65.7708
58.2536 66.0208
58.4742 66.2708
58.4742 66.2708
58.9154 66.7708
58.9154 66.7708
58.9154 66.7708
59.3566 67.2708
59.3566 67.2708
59.3566 67.2708
59.7977 67.7708
59.7977 67.7708
60.2389 68.2708
60.2389 68.2708
60.2389 68.2708
60.2389 68.2708
60.2389 68.2708
60.2389 68.2708
60.6801 68.7708
60.6801 68.7708
60.9007 69.0208
61.1213 69.2708
61.1213 69.2708
61.5624 69.7708
61.5624 69.7708
61.783 70.0208
62.0036 70.2708
62.0036 70.2708
62.2242 70.5208
62.4448 70.7708
62.4448 70.7708
62.4448 70.7708
62.6654 71.0208
62.886 71.2708
62.886 71.2708
62.886 71.2708
63.1066 71.5208
63.3271 71.7708
63.3271 71.7708
63.3271 71.7708
63.7683 72.2708
63.7683 72.2708
63.7683 72.2708
63.7683 72.2708
63.7683 72.2708
63.9889 72.5208
64.2095 72.7708
64.2095 72.7708
64.4301 73.0208
64.4301 73.0208
64.8713 73.5208
64.8713 73.5208
65.0918 73.7708
65.3124 74.0208
65.3124 74.0208
65.533 74.2708
65.7536 74.5208
65.7536 74.5208
65.9742 74.7708
66.1948 75.0208
66.4154 75.2708
66.636 75.5208
66.8565 75.7708
66.8565 75.7708
67.0771 76.0208
67.0771 76.0208
67.2977 76.2708
67.2977 76.2708
67.5183 76.5208
67.7389 76.7708
67.7389 76.7708
67.9595 77.0208
67.9595 77.0208
68.1801 77.2708
68.1801 77.2708
68.4007 77.5208
68.4007 77.5208
68.6213 77.7708
68.6213 77.7708
68.8418 78.0208
68.8418 78.0208
69.0624 78.2708
69.0624 78.2708
69.283 78.5208
69.5036 78.7708
69.7242 79.0208
69.9448 79.2708
69.9448 79.2708
69.9448 79.2708
69.9448 79.2708
70.386 79.7708
70.8271 80.2708
70.8271 80.2708
70.8271 80.2708
70.8271 80.2708
70.8271 80.2708
70.8271 80.2708
71.2683 80.7708
71.7095 81.2708
71.7095 81.2708
72.1507 81.7708
72.5918 82.2708
72.5918 82.2708
72.5918 82.2708
72.5918 82.2708
72.5918 82.2708
73.033 82.7708
73.033 82.7708
73.033 82.7708
73.4742 83.2708
73.4742 83.2708
73.4742 83.2708
73.4742 83.2708
73.9154 83.7708
73.9154 83.7708
73.9154 83.7708
73.9154 83.7708
74.3565 84.2708
74.3565 84.2708
74.3565 84.2708
74.3565 84.2708
74.7977 84.7708
75.2389 85.2708
75.2389 85.2708
75.6801 85.7708
76.1212 86.2708
76.1212 86.2708
76.1212 86.2708
76.5624 86.7708
76.5624 86.7708
77.0036 87.2708
77.0036 87.2708
77.0036 87.2708
77.0036 87.2708
77.0036 87.2708
77.0036 87.2708
77.4448 87.7708
77.4448 87.7708
77.4448 87.7708
77.8859 88.2708
77.8859 88.2708
77.8859 88.2708
77.8859 88.2708
78.3271 88.7708
78.7683 89.2708
78.7683 89.2708
78.7683 89.2708
78.7683 89.2708
78.7683 89.2708
79.2095 89.7708
79.2095 89.7708
79.6507 90.2708
79.6507 90.2708
79.6507 90.2708
79.6507 90.2708
79.6507 90.2708
80.0918 90.7708
80.0918 90.7708
80.533 91.2708
80.533 91.2708
80.533 91.2708
80.533 91.2708
80.9742 91.7708
80.9742 91.7708
81.4154 92.2708
81.4154 92.2708
81.4154 92.2708
81.4154 92.2708
81.4154 92.2708
81.4154 92.2708
81.8565 92.7708
81.8565 92.7708
82.2977 93.2708
82.2977 93.2708
82.7389 93.7708
82.7389 93.7708
82.7389 93.7708
82.7389 93.7708
83.1801 94.2708
83.1801 94.2708
83.1801 94.2708
83.6212 94.7708
83.6212 94.7708
84.0624 95.2708
84.0624 95.2708
84.0624 95.2708
84.0624 95.2708
84.5036 95.7708
84.5036 95.7708
84.9448 96.2708
84.9448 96.2708
84.9448 96.2708
84.9448 96.2708
84.9448 96.2708
85.3859 96.7708
85.8271 97.2708
85.8271 97.2708
85.8271 97.2708
86.2683 97.7708
86.7095 98.2708
86.7095 98.2708
86.7095 98.2708
86.7095 98.2708
86.7095 98.2708
87.1506 98.7708
87.1506 98.7708
87.1506 98.7708
87.5918 99.2708
87.5918 99.2708
87.5918 99.2708
87.5918 99.2708
88.033 99.7708
88.033 99.7708
88.033 99.7708
88.4742 100.271
88.4742 100.271
88.4742 100.271
88.4742 100.271
88.9153 100.771
89.3565 101.271
89.3565 101.271
89.7977 101.771
89.7977 101.771
90.2389 102.271
90.2389 102.271
90.2389 102.271
90.2389 102.271
90.6801 102.771
90.6801 102.771
90.6801 102.771
91.1212 103.271
91.1212 103.271
91.1212 103.271
91.1212 103.271
91.1212 103.271
91.1212 103.271
91.5624 103.771
91.5624 103.771
91.5624 103.771
92.0036 104.271
92.0036 104.271
92.0036 104.271
92.0036 104.271
92.0036 104.271
92.4448 104.771
92.4448 104.771
92.8859 105.271
92.8859 105.271
92.8859 105.271
92.8859 105.271
92.8859 105.271
93.3271 105.771
93.3271 105.771
93.7683 106.271
93.7683 106.271
93.7683 106.271
93.7683 106.271
94.2095 106.771
94.2095 106.771
94.6506 107.271
94.6506 107.271
94.6506 107.271
95.0918 107.771
95.0918 107.771
95.0918 107.771
95.533 108.271
95.533 108.271
95.533 108.271
95.533 108.271
95.533 108.271
95.9742 108.771
95.9742 108.771
96.4153 109.271
96.4153 109.271
96.8565 109.771
96.8565 109.771
96.8565 109.771
96.8565 109.771
97.2977 110.271
97.2977 110.271
97.2977 110.271
97.2977 110.271
97.7389 110.771
97.7389 110.771
98.18 111.271
98.18 111.271
98.4006 111.521
98.6212 111.771
98.8418 112.021
99.0624 112.271
99.0624 112.271
99.0624 112.271
99.5036 112.771
99.9447 113.271
100.386 113.771
100.827 114.271
100.827 114.271
100.827 114.271
100.827 114.271
101.268 114.771
101.268 114.771
101.709 115.271
101.709 115.271
102.151 115.771
102.151 115.771
102.592 116.271
102.592 116.271
103.033 116.771
103.474 117.271
103.474 117.271
103.915 117.771
104.357 118.271
104.357 118.271
104.798 118.771
105.239 119.271
105.239 119.271
105.239 119.271
105.239 119.271
105.68 119.771
106.121 120.271
106.121 120.271
106.121 120.271
106.121 120.271
106.121 120.271
106.562 120.771
107.004 121.271
107.004 121.271
107.445 121.771
107.886 122.271
107.886 122.271
107.886 122.271
107.886 122.271
107.886 122.271
108.327 122.771
108.327 122.771
108.327 122.771
108.768 123.271
108.768 123.271
108.768 123.271
109.209 123.771
109.209 123.771
109.209 123.771
109.651 124.271
109.651 124.271
109.651 124.271
110.092 124.771
110.092 124.771
110.092 124.771
110.533 125.271
110.533 125.271
110.533 125.271
110.974 125.771
110.974 125.771
110.974 125.771
111.195 126.021
111.415 126.271
111.636 126.521
111.856 126.771
112.077 127.021
112.298 127.271
112.739 127.771
113.18 128.271
113.18 128.271
113.18 128.271
114.945 130.271
114.945 130.271
114.945 130.271
114.945 130.271
115.386 130.771
115.386 130.771
115.606 131.021
115.827 131.271
116.268 131.771
116.268 131.771
116.489 132.021
116.709 132.271
116.709 132.271
116.709 132.271
117.151 132.771
117.151 132.771
117.592 133.271
117.592 133.271
118.033 133.771
118.033 133.771
118.474 134.271
118.474 134.271
118.915 134.771
119.356 135.271
119.798 135.771
120.018 136.021
120.239 136.271
120.68 136.771
121.121 137.271
121.342 137.521
121.562 137.771
122.004 138.271
122.004 138.271
122.004 138.271
122.004 138.271
122.445 138.771
122.445 138.771
122.665 139.021
122.886 139.271
122.886 139.271
122.886 139.271
123.327 139.771
123.327 139.771
123.548 140.021
123.768 140.271
123.768 140.271
124.209 140.771
124.209 140.771
124.651 141.271
124.651 141.271
125.092 141.771
125.092 141.771
125.533 142.271
125.533 142.271
125.533 142.271
125.974 142.771
125.974 142.771
126.415 143.271
126.856 143.771
127.077 144.021
127.298 144.271
127.298 144.271
127.739 144.771
127.959 145.021
128.18 145.271
128.401 145.521
128.401 145.521
128.621 145.771
128.621 145.771
128.842 146.021
128.842 146.021
129.062 146.271
129.062 146.271
129.062 146.271
129.062 146.271
129.062 146.271
129.504 146.771
129.504 146.771
129.724 147.021
129.945 147.271
130.386 147.771
130.386 147.771
130.606 148.021
130.827 148.271
130.827 148.271
130.827 148.271
131.268 148.771
131.268 148.771
131.709 149.271
131.709 149.271
132.151 149.771
132.151 149.771
132.592 150.271
132.592 150.271
133.033 150.771
133.474 151.271
133.915 151.771
134.136 152.021
134.356 152.271
134.356 152.271
134.798 152.771
134.798 152.771
135.239 153.271
135.239 153.271
135.459 153.521
135.68 153.771
135.68 153.771
136.121 154.271
136.121 154.271
136.121 154.271
136.121 154.271
136.121 154.271
136.562 154.771
136.562 154.771
136.783 155.021
137.004 155.271
137.004 155.271
137.004 155.271
137.445 155.771
137.445 155.771
137.445 155.771
137.665 156.021
137.886 156.271
137.886 156.271
137.886 156.271
138.327 156.771
138.327 156.771
138.768 157.271
138.768 157.271
139.209 157.771
139.209 157.771
139.651 158.271
139.651 158.271
139.651 158.271
139.651 158.271
140.092 158.771
140.092 158.771
140.533 159.271
140.974 159.771
141.195 160.021
141.415 160.271
141.415 160.271
141.856 160.771
141.856 160.771
142.077 161.021
142.298 161.271
142.298 161.271
142.298 161.271
142.518 161.521
142.739 161.771
142.739 161.771
142.739 161.771
142.959 162.021
143.18 162.271
143.18 162.271
143.18 162.271
143.18 162.271
143.18 162.271
143.621 162.771
143.621 162.771
143.842 163.021
144.062 163.271
144.062 163.271
144.283 163.521
144.504 163.771
144.504 163.771
144.724 164.021
144.945 164.271
144.945 164.271
145.386 164.771
145.386 164.771
145.386 164.771
145.827 165.271
145.827 165.271
145.827 165.271
146.268 165.771
146.268 165.771
146.709 166.271
146.709 166.271
146.709 166.271
146.709 166.271
146.709 166.271
146.709 166.271
147.151 166.771
147.151 166.771
147.371 167.021
147.592 167.271
147.592 167.271
148.033 167.771
148.033 167.771
148.254 168.021
148.474 168.271
148.474 168.271
148.695 168.521
148.915 168.771
148.915 168.771
148.915 168.771
149.136 169.021
149.356 169.271
149.356 169.271
149.356 169.271
149.577 169.521
149.798 169.771
149.798 169.771
149.798 169.771
150.239 170.271
150.239 170.271
150.239 170.271
150.239 170.271
150.239 170.271
150.459 170.521
150.68 170.771
150.68 170.771
150.901 171.021
150.901 171.021
151.342 171.521
151.342 171.521
151.562 171.771
151.783 172.021
151.783 172.021
152.004 172.271
152.224 172.521
152.224 172.521
152.445 172.771
152.665 173.021
152.886 173.271
153.106 173.521
153.327 173.771
153.327 173.771
153.548 174.021
153.548 174.021
153.768 174.271
153.768 174.271
153.989 174.521
154.209 174.771
154.209 174.771
154.43 175.021
154.43 175.021
154.651 175.271
154.651 175.271
154.871 175.521
154.871 175.521
155.092 175.771
155.092 175.771
155.312 176.021
155.312 176.021
155.533 176.271
155.533 176.271
155.754 176.521
155.974 176.771
156.195 177.021
156.415 177.271
156.415 177.271
156.415 177.271
156.415 177.271
156.856 177.771
157.298 178.271
157.298 178.271
157.298 178.271
157.298 178.271
157.298 178.271
157.298 178.271
157.739 178.771
158.18 179.271
158.18 179.271
158.621 179.771
159.062 180.271
159.062 180.271
159.062 180.271
159.062 180.271
159.062 180.271
159.504 180.771
159.504 180.771
159.504 180.771
159.945 181.271
159.945 181.271
159.945 181.271
159.945 181.271
160.386 181.771
160.386 181.771
160.386 181.771
160.386 181.771
160.827 182.271
160.827 182.271
160.827 182.271
160.827 182.271
161.268 182.771
161.709 183.271
161.709 183.271
162.151 183.771
162.592 184.271
162.592 184.271
162.592 184.271
163.033 184.771
163.033 184.771
163.474 185.271
163.474 185.271
163.474 185.271
163.474 185.271
163.474 185.271
163.474 185.271
163.915 185.771
163.915 185.771
163.915 185.771
164.356 186.271
164.356 186.271
164.356 186.271
164.356 186.271
164.798 186.771
165.239 187.271
165.239 187.271
165.239 187.271
165.239 187.271
165.239 187.271
165.68 187.771
165.68 187.771
166.121 188.271
166.121 188.271
166.121 188.271
166.121 188.271
166.121 188.271
166.562 188.771
166.562 188.771
167.003 189.271
167.003 189.271
167.003 189.271
167.003 189.271
167.445 189.771
167.445 189.771
167.886 190.271
167.886 190.271
167.886 190.271
167.886 190.271
167.886 190.271
167.886 190.271
168.327 190.771
168.327 190.771
168.768 191.271
168.768 191.271
169.209 191.771
169.209 191.771
169.209 191.771
169.209 191.771
169.651 192.271
169.651 192.271
169.651 192.271
170.092 192.771
170.092 192.771
170.533 193.271
170.533 193.271
170.533 193.271
170.533 193.271
170.974 193.771
170.974 193.771
171.415 194.271
171.415 194.271
171.415 194.271
171.415 194.271
171.415 194.271
171.856 194.771
172.298 195.271
172.298 195.271
172.298 195.271
172.739 195.771
173.18 196.271
173.18 196.271
173.18 196.271
173.18 196.271
173.18 196.271
173.621 196.771
173.621 196.771
173.621 196.771
174.062 197.271
174.062 197.271
174.062 197.271
174.062 197.271
174.503 197.771
174.503 197.771
174.503 197.771
174.945 198.271
174.945 198.271
174.945 198.271
174.945 198.271
175.386 198.771
175.827 199.271
175.827 199.271
176.268 199.771
176.268 199.771
176.709 200.271
176.709 200.271
176.709 200.271
176.709 200.271
177.151 200.771
177.151 200.771
177.151 200.771
177.592 201.271
177.592 201.271
177.592 201.271
177.592 201.271
177.592 201.271
177.592 201.271
178.033 201.771
178.033 201.771
178.033 201.771
178.474 202.271
178.474 202.271
178.474 202.271
178.474 202.271
178.474 202.271
178.915 202.771
178.915 202.771
179.356 203.271
179.356 203.271
179.356 203.271
179.356 203.271
179.356 203.271
179.798 203.771
179.798 203.771
180.239 204.271
180.239 204.271
180.239 204.271
180.239 204.271
180.68 204.771
180.68 204.771
181.121 205.271
181.121 205.271
181.121 205.271
181.562 205.771
181.562 205.771
181.562 205.771
182.003 206.271
182.003 206.271
182.003 206.271
182.003 206.271
182.003 206.271
182.445 206.771
182.445 206.771
182.886 207.271
182.886 207.271
183.327 207.771
183.327 207.771
183.327 207.771
183.327 207.771
183.768 208.271
183.768 208.271
183.768 208.271
183.768 208.271
184.209 208.771
184.209 208.771
184.651 209.271
184.651 209.271
184.651 209.271
185.092 209.771
185.092 209.771
185.533 210.271
185.533 210.271
185.533 210.271
185.533 210.271
185.533 210.271
185.533 210.271
185.974 210.771
185.974 210.771
185.974 210.771
186.415 211.271
186.415 211.271
186.415 211.271
186.415 211.271
186.415 211.271
186.415 211.271
186.856 211.771
186.856 211.771
186.856 211.771
187.298 212.271
187.298 212.271
187.298 212.271
187.298 212.271
187.298 212.271
187.298 212.271
187.739 212.771
187.739 212.771
187.739 212.771
187.739 212.771
188.18 213.271
188.18 213.271
188.18 213.271
188.18 213.271
188.18 213.271
188.18 213.271
188.621 213.771
188.621 213.771
188.621 213.771
189.062 214.271
189.062 214.271
189.062 214.271
189.062 214.271
189.503 214.771
189.503 214.771
189.503 214.771
189.945 215.271
189.945 215.271
189.945 215.271
189.945 215.271
189.945 215.271
190.386 215.771
190.386 215.771
190.827 216.271
190.827 216.271
190.827 216.271
190.827 216.271
190.827 216.271
191.268 216.771
191.268 216.771
191.709 217.271
191.709 217.271
191.709 217.271
191.709 217.271
191.709 217.271
191.709 217.271
192.151 217.771
192.151 217.771
192.592 218.271
192.592 218.271
192.592 218.271
192.592 218.271
192.592 218.271
192.592 218.271
193.033 218.771
193.033 218.771
193.474 219.271
193.474 219.271
193.474 219.271
193.474 219.271
193.915 219.771
193.915 219.771
194.356 220.271
194.356 220.271
194.356 220.271
194.356 220.271
194.356 220.271
194.356 220.271
194.798 220.771
194.798 220.771
194.798 220.771
195.239 221.271
195.239 221.271
195.239 221.271
195.239 221.271
195.239 221.271
195.239 221.271
195.68 221.771
195.68 221.771
195.68 221.771
195.68 221.771
195.68 221.771
196.121 222.271
196.121 222.271
196.121 222.271
196.121 222.271
196.121 222.271
196.562 222.771
196.562 222.771
197.003 223.271
197.003 223.271
197.003 223.271
197.003 223.271
197.003 223.271
197.445 223.771
197.445 223.771
197.886 224.271
197.886 224.271
197.886 224.271
197.886 224.271
197.886 224.271
198.327 224.771
198.327 224.771
198.327 224.771
198.327 224.771
198.548 225.021
198.768 225.271
198.768 225.271
198.768 225.271
198.989 225.521
199.209 225.771
199.209 225.771
199.209 225.771
199.209 225.771
199.651 226.271
199.651 226.271
199.651 226.271
199.651 226.271
199.651 226.271
200.092 226.771
200.092 226.771
200.533 227.271
200.533 227.271
200.974 227.771
200.974 227.771
200.974 227.771
201.415 228.271
201.415 228.271
201.415 228.271
201.415 228.271
201.415 228.271
201.856 228.771
201.856 228.771
201.856 228.771
201.856 228.771
202.298 229.271
202.298 229.271
202.298 229.271
202.298 229.271
202.298 229.271
202.298 229.271
202.739 229.771
202.739 229.771
202.739 229.771
202.739 229.771
203.18 230.271
203.18 230.271
203.18 230.271
203.18 230.271
203.621 230.771
203.621 230.771
203.621 230.771
204.062 231.271
204.062 231.271
204.062 231.271
204.503 231.771
204.503 231.771
204.503 231.771
204.503 231.771
204.945 232.271
204.945 232.271
204.945 232.271
204.945 232.271
204.945 232.271
205.386 232.771
205.386 232.771
205.386 232.771
205.827 233.271
205.827 233.271
205.827 233.271
205.827 233.271
205.827 233.271
206.268 233.771
206.268 233.771
206.268 233.771
206.709 234.271
206.709 234.271
206.709 234.271
206.709 234.271
207.151 234.771
207.151 234.771
207.592 235.271
207.592 235.271
207.592 235.271
207.592 235.271
208.033 235.771
208.033 235.771
208.033 235.771
208.033 235.771
208.474 236.271
208.474 236.271
208.474 236.271
208.474 236.271
208.474 236.271
208.915 236.771
208.915 236.771
208.915 236.771
209.356 237.271
209.356 237.271
209.356 237.271
209.356 237.271
209.356 237.271
209.798 237.771
209.798 237.771
210.018 238.021
210.239 238.271
210.239 238.271
210.239 238.271
210.68 238.771
210.68 238.771
210.68 238.771
210.901 239.021
211.121 239.271
211.121 239.271
211.121 239.271
211.121 239.271
211.121 239.271
211.342 239.521
211.562 239.771
211.562 239.771
211.562 239.771
211.783 240.021
212.003 240.271
212.003 240.271
212.003 240.271
212.003 240.271
212.003 240.271
212.003 240.271
212.003 240.271
212.445 240.771
212.445 240.771
212.445 240.771
212.445 240.771
212.445 240.771
212.886 241.271
212.886 241.271
212.886 241.271
212.886 241.271
212.886 241.271
212.886 241.271
213.106 241.521
213.327 241.771
213.327 241.771
213.327 241.771
213.327 241.771
213.327 241.771
213.327 241.771
213.548 242.021
213.768 242.271
213.768 242.271
213.768 242.271
213.768 242.271
213.768 242.271
213.768 242.271
214.209 242.771
214.209 242.771
214.209 242.771
214.651 243.271
214.651 243.271
214.651 243.271
214.651 243.271
214.651 243.271
215.092 243.771
215.092 243.771
215.092 243.771
215.533 244.271
215.533 244.271
215.533 244.271
215.533 244.271
215.533 244.271
215.533 244.271
215.533 244.271
216.415 245.271
217.298 246.271
217.298 246.271
217.298 246.271
217.298 246.271
217.298 246.271
217.298 246.271
217.739 246.771
218.18 247.271
218.18 247.271
218.621 247.771
219.062 248.271
219.062 248.271
219.062 248.271
219.062 248.271
219.062 248.271
219.503 248.771
219.503 248.771
219.503 248.771
219.945 249.271
219.945 249.271
219.945 249.271
219.945 249.271
220.386 249.771
220.386 249.771
220.386 249.771
220.386 249.771
220.827 250.271
220.827 250.271
220.827 250.271
220.827 250.271
221.268 250.771
221.709 251.271
221.709 251.271
222.15 251.771
222.592 252.271
222.592 252.271
222.592 252.271
223.033 252.771
223.033 252.771
223.474 253.271
223.474 253.271
223.474 253.271
223.474 253.271
223.474 253.271
223.474 253.271
223.915 253.771
223.915 253.771
223.915 253.771
224.356 254.271
224.356 254.271
224.356 254.271
224.356 254.271
224.798 254.771
225.239 255.271
225.239 255.271
225.239 255.271
225.239 255.271
225.239 255.271
225.68 255.771
225.68 255.771
226.121 256.271
226.121 256.271
226.121 256.271
226.121 256.271
226.121 256.271
226.562 256.771
226.562 256.771
227.003 257.271
227.003 257.271
227.003 257.271
227.003 257.271
227.445 257.771
227.445 257.771
227.886 258.271
227.886 258.271
227.886 258.271
227.886 258.271
227.886 258.271
227.886 258.271
228.327 258.771
228.327 258.771
228.768 259.271
228.768 259.271
229.209 259.771
229.209 259.771
229.209 259.771
229.209 259.771
229.65 260.271
229.65 260.271
229.65 260.271
230.092 260.771
230.092 260.771
230.533 261.271
230.533 261.271
230.533 261.271
230.533 261.271
230.974 261.771
230.974 261.771
231.415 262.271
231.415 262.271
231.415 262.271
231.415 262.271
231.415 262.271
231.636 262.521
231.856 262.771
232.077 263.021
232.298 263.271
232.298 263.271
232.298 263.271
232.298 263.271
232.518 263.521
232.739 263.771
232.959 264.021
233.18 264.271
233.18 264.271
233.18 264.271
233.18 264.271
233.18 264.271
233.4 264.521
233.621 264.771
233.621 264.771
233.842 265.021
233.842 265.021
234.062 265.271
234.062 265.271
234.062 265.271
234.283 265.521
234.503 265.771
234.503 265.771
234.724 266.021
234.945 266.271
234.945 266.271
234.945 266.271
234.945 266.271
235.165 266.521
235.386 266.771
235.606 267.021
235.827 267.271
236.048 267.521
236.268 267.771
236.268 267.771
236.489 268.021
236.709 268.271
236.709 268.271
236.93 268.521
237.15 268.771
237.15 268.771
237.15 268.771
237.371 269.021
237.592 269.271
237.592 269.271
237.592 269.271
237.812 269.521
238.033 269.771
238.033 269.771
238.033 269.771
238.253 270.021
238.474 270.271
238.474 270.271
238.474 270.271
238.695 270.521
238.915 270.771
238.915 270.771
239.136 271.021
239.356 271.271
239.356 271.271
239.356 271.271
239.577 271.521
239.798 271.771
239.798 271.771
240.018 272.021
240.239 272.271
240.239 272.271
240.459 272.521
240.68 272.771
240.68 272.771
240.9 273.021
241.121 273.271
241.121 273.271
241.342 273.521
241.562 273.771
241.562 273.771
241.562 273.771
241.783 274.021
242.003 274.271
242.003 274.271
242.003 274.271
242.224 274.521
242.445 274.771
242.445 274.771
242.665 275.021
242.886 275.271
242.886 275.271
243.106 275.521
243.327 275.771
243.327 275.771
243.548 276.021
243.768 276.271
243.768 276.271
243.989 276.521
244.209 276.771
244.209 276.771
244.43 277.021
244.65 277.271
244.65 277.271
244.871 277.521
245.092 277.771
245.092 277.771
245.312 278.021
245.513 278.248
245.533 278.271
245.974 278.771
246.415 279.271
246.84 279.752
246.856 279.771
247.274 280.244
247.298 280.271
247.298 280.271
247.739 280.771
248.154 281.242
248.18 281.271
248.18 281.271
248.621 281.771
248.621 281.771
249.062 282.271
249.103 282.317
249.472 282.735
249.503 282.771
249.935 283.26
249.945 283.271
250.386 283.771
250.386 283.771
250.827 284.271
251.268 284.771
251.268 284.771
251.296 284.802
251.706 285.267
251.709 285.271
252.15 285.771
252.584 286.262
252.592 286.271
252.998 286.731
253.033 286.771
253.461 287.256
253.474 287.271
253.884 287.735
253.915 287.771
254.318 288.227
254.32 288.229
254.325 288.235
254.798 288.771
255.285 289.323
255.796 289.902
256.222 290.385
256.332 290.51
256.366 290.548
256.485 290.683
256.562 290.771
256.593 290.806
256.715 290.944
257.003 291.271
257.445 291.771
257.886 292.271
257.886 292.271
257.886 292.271
257.886 292.271
258.327 292.771
258.327 292.771
258.768 293.271
259.209 293.771
259.65 294.271
259.65 294.271
259.65 294.271
259.65 294.271
260.092 294.771
260.092 294.771
260.533 295.271
260.533 295.271
260.974 295.771
260.974 295.771
261.415 296.271
261.415 296.271
261.856 296.771
262.298 297.271
262.298 297.271
262.739 297.771
263.18 298.271
263.18 298.271
263.621 298.771
264.062 299.271
264.062 299.271
264.062 299.271
264.062 299.271
264.503 299.771
264.945 300.271
264.945 300.271
264.945 300.271
264.945 300.271
264.945 300.271
265.386 300.771
265.827 301.271
265.827 301.271
266.268 301.771
266.709 302.271
266.709 302.271
266.709 302.271
266.709 302.271
266.709 302.271
267.15 302.771
267.15 302.771
267.15 302.771
267.592 303.271
267.592 303.271
267.592 303.271
268.033 303.771
268.033 303.771
268.033 303.771
268.474 304.271
268.474 304.271
268.474 304.271
268.915 304.771
268.915 304.771
268.915 304.771
269.356 305.271
269.356 305.271
269.356 305.271
269.798 305.771
269.798 305.771
269.798 305.771
270.018 306.021
270.239 306.271
270.459 306.521
270.68 306.771
270.9 307.021
271.121 307.271
271.562 307.771
271.985 308.25
272.173 308.462
272.32 308.629
272.415 308.738
272.474 308.804
272.514 308.85
272.621 308.971
272.924 309.315
273.369 309.819
275.057 311.731
275.303 312.01
275.54 312.279
275.56 312.302
275.886 312.671
276.116 312.931
276.345 313.192
276.586 313.465
276.867 313.783
277.16 314.115
277.494 314.494
277.937 314.996
278.406 315.527
279.185 316.41
279.211 316.44
279.299 316.54
