2.08334 3.85417
2.13852 3.95625
2.18018 4.03333
2.18018 4.03333
2.21847 4.10417
2.21847 4.10417
2.21847 4.10417
2.21847 4.10417
2.21847 4.10417
2.48874 4.60417
2.48874 4.60417
3.02928 5.60417
3.02928 5.60417
3.29955 6.10417
3.56982 6.60417
3.56982 6.60417
3.56982 6.60417
3.56982 6.60417
3.82883 7.08333
3.83784 7.1
4.11036 7.60417
4.11036 7.60417
4.11036 7.60417
4.11036 7.60417
4.11036 7.60417
4.11036 7.60417
4.11036 7.60417
4.2455 7.85417
5.55247 10.25
5.7608 10.6042
5.7608 10.6042
6.4961 11.8542
6.56963 11.9792
6.63819 12.1042
6.63819 12.1042
6.63819 12.1042
6.63819 12.1042
6.63819 12.1042
6.63819 12.1042
7.98954 14.6042
7.98954 14.6042
8.25981 15.1042
8.53008 15.6042
8.53008 15.6042
9.07062 16.6042
9.61116 17.6042
9.61116 17.6042
10.1517 18.6042
10.422 19.1042
10.6922 19.6042
10.6922 19.6042
10.9625 20.1042
10.9625 20.1042
10.9625 20.1042
10.9625 20.1042
10.9997 20.1729
11.5031 21.1042
11.7733 21.6042
12.0436 22.1042
12.3139 22.6042
12.3139 22.6042
12.5841 23.1042
12.8544 23.6042
12.8544 23.6042
12.8544 23.6042
12.8544 23.6042
13.1247 24.1042
13.6652 25.1042
13.9355 25.6042
13.9355 25.6042
14.2058 26.1042
14.2058 26.1042
14.476 26.6042
14.6112 26.8542
14.6112 26.8542
15.0166 27.6042
15.0166 27.6042
15.0166 27.6042
15.1517 27.8542
15.2868 28.1042
15.2868 28.1042
15.2868 28.1042
15.2868 28.1042
15.2868 28.1042
15.5571 28.6042
15.8274 29.1042
16.0977 29.6042
16.0977 29.6042
16.3679 30.1042
16.3679 30.1042
16.6382 30.6042
16.9085 31.1042
16.9085 31.1042
16.9085 31.1042
17.1787 31.6042
17.1787 31.6042
17.1787 31.6042
17.449 32.1042
17.7193 32.6042
17.7193 32.6042
17.7193 32.6042
17.9895 33.1042
18.2598 33.6042
18.2598 33.6042
18.5301 34.1042
18.5301 34.1042
18.8004 34.6042
18.8004 34.6042
19.0706 35.1042
19.0706 35.1042
19.6117 36.1042
19.6117 36.1042
19.6117 36.1042
19.6117 36.1042
19.6117 36.1042
20.1571 37.1042
20.4299 37.6042
20.9969 38.6437
21.5265 39.6146
21.9412 40.375
22.1162 40.6958
22.2424 40.9271
22.4049 41.225
22.5708 41.5292
22.7174 41.7979
22.8787 42.0938
23.0287 42.3687
23.1935 42.6708
23.3469 42.9521
23.573 43.3667
23.7605 43.7104
23.931 44.0229
24.1571 44.4375
24.523 45.1083
25.3389 46.6042
25.6221 47.1042
25.9446 47.6042
26.2563 48.1042
26.2563 48.1042
26.2563 48.1042
26.2563 48.1042
26.2563 48.1042
26.2563 48.1042
26.7969 49.1042
27.0671 49.6042
27.3374 50.1042
27.3374 50.1042
27.3374 50.1042
27.3374 50.1042
27.8779 51.1042
28.1482 51.6042
28.4185 52.1042
28.4185 52.1042
28.4185 52.1042
28.6888 52.6042
28.959 53.1042
29.2293 53.6042
29.2293 53.6042
29.4996 54.1042
29.4996 54.1042
29.7698 54.6042
30.0422 55.1042
30.0422 55.1042
30.3226 55.6042
30.6009 56.1042
30.6009 56.1042
30.6009 56.1042
30.6009 56.1042
30.6009 56.1042
30.8711 56.6042
31.1414 57.1042
31.4117 57.6042
31.6819 58.1042
31.6819 58.1042
31.6819 58.1042
31.6819 58.1042
32.2225 59.1042
32.4928 59.6042
32.763 60.1042
32.763 60.1042
32.763 60.1042
32.763 60.1042
33.5738 61.6042
33.8441 62.1042
34.1144 62.6042
34.3846 63.1042
34.6549 63.6042
34.9252 64.1042
34.9252 64.1042
34.9252 64.1042
34.9252 64.1042
34.9252 64.1042
34.9252 64.1042
35.1955 64.6042
35.4657 65.1042
35.736 65.6042
36.0063 66.1042
36.0063 66.1042
36.0063 66.1042
36.0063 66.1042
36.5468 67.1042
36.8171 67.6042
37.0874 68.1042
37.0874 68.1042
37.0874 68.1042
37.3576 68.6042
37.3576 68.6042
37.6279 69.1042
37.6279 69.1042
37.8982 69.6042
38.1684 70.1042
38.4387 70.6042
38.4387 70.6042
38.709 71.1042
38.709 71.1042
38.9792 71.6042
38.9792 71.6042
39.2495 72.1042
39.2495 72.1042
39.2495 72.1042
39.2495 72.1042
39.2495 72.1042
39.2495 72.1042
39.7901 73.1042
40.0603 73.6042
40.3306 74.1042
40.3306 74.1042
40.3306 74.1042
40.3306 74.1042
40.6009 74.6042
41.4117 76.1042
41.4117 76.1042
41.4117 76.1042
41.4117 76.1042
41.4117 76.1042
41.6819 76.6042
41.9522 77.1042
42.2225 77.6042
42.4928 78.1042
42.4928 78.1042
42.4928 78.1042
42.4928 78.1042
43.4387 79.8542
43.5765 80.1042
43.718 80.3542
44.1307 81.0833
44.4373 81.625
44.7204 82.125
44.9798 82.5833
44.9916 82.6042
45.2746 83.1042
45.5576 83.6042
45.7817 84
45.838 84.1042
46.1083 84.6042
46.1083 84.6042
46.3785 85.1042
46.3785 85.1042
46.6488 85.6042
46.6488 85.6042
46.9191 86.1042
47.1893 86.6042
47.1893 86.6042
47.4596 87.1042
47.7299 87.6042
47.7299 87.6042
47.7299 87.6042
48.0002 88.1042
48.2704 88.6042
48.5407 89.1042
48.5621 89.1437
48.5666 89.1521
48.8076 89.5979
48.811 89.6042
48.8222 89.625
49.0677 90.0792
49.0812 90.1042
49.0812 90.1042
49.3234 90.5521
49.3515 90.6042
49.3639 90.6271
49.4866 90.8542
49.4866 90.8542
49.615 91.0917
49.6218 91.1042
49.6499 91.1562
49.8808 91.5833
49.8921 91.6042
49.8921 91.6042
50.1623 92.1042
50.1623 92.1042
50.4326 92.6042
50.4326 92.6042
50.7029 93.1042
50.7029 93.1042
50.9731 93.6042
50.9731 93.6042
51.2434 94.1042
51.5137 94.6042
51.7839 95.1042
51.7839 95.1042
52.0542 95.6042
52.0542 95.6042
52.3245 96.1042
52.3245 96.1042
52.3245 96.1042
52.3245 96.1042
52.3245 96.1042
52.9157 97.1979
52.9213 97.2083
53.1353 97.6042
53.2062 97.7354
53.222 97.7646
53.4056 98.1042
53.4056 98.1042
53.4619 98.2083
53.4664 98.2167
53.6758 98.6042
53.6972 98.6437
53.7029 98.6542
53.9461 99.1042
53.9889 99.1833
54.2164 99.6042
54.2164 99.6042
54.2558 99.6771
54.4867 100.104
54.4867 100.104
54.4867 100.104
54.4867 100.104
54.4867 100.104
54.4867 100.104
54.7569 100.604
55.0272 101.104
55.2975 101.604
55.5677 102.104
55.5677 102.104
55.5677 102.104
55.5677 102.104
56.1083 103.104
56.3785 103.604
56.6498 104.104
56.6498 104.104
56.6498 104.104
56.6498 104.104
56.9251 104.604
57.2003 105.104
57.2003 105.104
57.4755 105.604
57.4755 105.604
57.4755 105.604
58.026 106.604
58.026 106.604
58.026 106.604
58.3012 107.104
58.5765 107.604
58.8507 108.104
58.8507 108.104
58.8507 108.104
58.8507 108.104
58.8507 108.104
58.8507 108.104
59.3912 109.104
59.6615 109.604
59.9317 110.104
59.9317 110.104
59.9317 110.104
59.9317 110.104
59.9317 110.104
59.9317 110.104
60.4723 111.104
60.7425 111.604
61.0128 112.104
61.0128 112.104
61.0128 112.104
61.0128 112.104
61.2831 112.604
61.2831 112.604
61.5534 113.104
61.8236 113.604
62.3642 114.604
62.9047 115.604
63.4452 116.604
63.4452 116.604
63.7155 117.104
63.9858 117.604
64.2561 118.104
64.2561 118.104
64.2561 118.104
64.2561 118.104
64.5263 118.604
64.5263 118.604
64.7966 119.104
64.7966 119.104
64.7966 119.104
65.0669 119.604
65.1457 119.75
65.3371 120.104
65.3371 120.104
65.3371 120.104
65.3371 120.104
65.3709 120.167
65.8777 121.104
65.8777 121.104
66.148 121.604
66.148 121.604
66.4182 122.104
66.4182 122.104
66.4182 122.104
66.6885 122.604
66.9588 123.104
66.9588 123.104
67.229 123.604
67.229 123.604
67.229 123.604
67.229 123.604
67.4993 124.104
67.7696 124.604
68.0139 125.056
68.0398 125.104
68.2831 125.554
68.3101 125.604
68.3101 125.604
68.5534 126.054
68.8507 126.604
68.8507 126.604
68.8507 126.604
69.1209 127.104
69.1209 127.104
69.3912 127.604
69.3912 127.604
69.5939 127.979
69.6322 128.05
69.6615 128.104
69.6615 128.104
69.6615 128.104
69.9317 128.604
70.202 129.104
70.202 129.104
70.4723 129.604
70.4723 129.604
70.7426 130.104
71.0128 130.604
71.0128 130.604
71.0128 130.604
71.2831 131.104
71.2831 131.104
71.5534 131.604
71.5534 131.604
71.8236 132.104
71.8236 132.104
72.0939 132.604
72.3642 133.104
72.6221 133.581
72.6344 133.604
72.6344 133.604
72.8867 134.071
72.9047 134.104
72.9047 134.104
73.0399 134.354
73.1502 134.558
73.175 134.604
73.3101 134.854
73.3101 134.854
73.425 135.067
73.4453 135.104
73.6806 135.54
73.7155 135.604
73.7155 135.604
73.9475 136.033
73.9858 136.104
73.9858 136.104
73.9858 136.104
73.9858 136.104
73.9858 136.104
73.9858 136.104
74.2561 136.604
74.5263 137.104
74.7966 137.604
74.7966 137.604
75.0669 138.104
75.0669 138.104
75.0669 138.104
75.0669 138.104
75.3372 138.604
75.6074 139.104
75.6074 139.104
75.8777 139.604
75.8777 139.604
76.147 140.104
76.4125 140.604
76.4125 140.604
76.4125 140.604
76.4125 140.604
76.9434 141.604
76.9434 141.604
76.9434 141.604
77.2089 142.104
77.2089 142.104
77.4744 142.604
77.4744 142.604
77.4744 142.604
77.4744 142.604
77.7399 143.104
77.7399 143.104
78.0054 143.604
78.0054 143.604
78.2719 144.104
78.2719 144.104
78.2719 144.104
78.2719 144.104
78.2719 144.104
78.8124 145.104
78.8124 145.104
79.0827 145.604
79.0827 145.604
79.3529 146.104
79.3529 146.104
79.6232 146.604
79.7583 146.854
79.8935 147.104
80.1637 147.604
80.434 148.104
80.434 148.104
80.434 148.104
80.434 148.104
80.434 148.104
80.7098 148.604
81.0099 149.104
81.0099 149.104
81.0099 149.104
81.0099 149.104
81.0099 149.104
81.0099 149.104
81.3257 149.604
81.6588 150.104
81.6588 150.104
81.6588 150.104
81.6588 150.104
82.0107 150.604
82.3825 151.104
82.3825 151.104
82.3825 151.104
82.3825 151.104
82.3825 151.104
82.7698 151.604
83.1353 152.104
83.1353 152.104
83.1353 152.104
83.1353 152.104
83.4131 152.604
83.6909 153.104
83.6909 153.104
83.9687 153.604
83.9687 153.604
83.9687 153.604
84.2449 154.104
84.2449 154.104
84.2449 154.104
84.5151 154.604
84.5151 154.604
84.7854 155.104
84.7854 155.104
85.0557 155.604
85.0557 155.604
85.326 156.104
85.326 156.104
85.5962 156.604
85.5962 156.604
85.8665 157.104
85.8665 157.104
85.8665 157.104
85.8766 157.123
86.112 157.558
86.1368 157.604
86.1368 157.604
86.3823 158.058
86.407 158.104
86.6773 158.604
86.6773 158.604
86.9476 159.104
86.9476 159.104
87.2178 159.604
87.2178 159.604
87.353 159.854
87.4881 160.104
87.4881 160.104
87.4881 160.104
87.4881 160.104
87.4881 160.104
87.7584 160.604
88.0287 161.104
88.0287 161.104
88.2989 161.604
88.2989 161.604
88.5692 162.104
88.5692 162.104
88.8395 162.604
88.8395 162.604
89.1097 163.104
89.1097 163.104
89.38 163.604
89.38 163.604
89.38 163.604
89.6493 164.104
89.6493 164.104
89.782 164.354
89.9148 164.604
90.1272 165.004
90.1803 165.104
90.4258 165.567
90.4457 165.604
90.4457 165.604
90.6991 166.081
90.7112 166.104
90.9767 166.604
90.9767 166.604
90.9767 166.604
91.0873 166.812
91.2422 167.104
91.3749 167.354
91.5077 167.604
91.5077 167.604
91.7742 168.104
91.7742 168.104
91.7742 168.104
91.7742 168.104
91.7742 168.104
92.0444 168.604
92.3147 169.104
92.3147 169.104
92.585 169.604
92.585 169.604
92.8552 170.104
92.8552 170.104
93.1255 170.604
93.3958 171.104
93.3958 171.104
93.6661 171.604
93.6661 171.604
93.6661 171.604
93.9363 172.104
93.9363 172.104
93.9363 172.104
93.9363 172.104
94.2066 172.604
94.2066 172.604
94.4769 173.104
94.7471 173.604
94.7471 173.604
94.7471 173.604
94.7471 173.604
95.2877 174.604
95.2877 174.604
95.558 175.104
95.558 175.104
95.558 175.104
95.8282 175.604
95.8282 175.604
95.8282 175.604
95.8282 175.604
96.0985 176.104
96.0985 176.104
96.0985 176.104
96.0985 176.104
96.3688 176.604
96.3688 176.604
96.639 177.104
96.9093 177.604
97.1796 178.104
97.1796 178.104
97.1796 178.104
97.4498 178.604
97.4498 178.604
97.7201 179.104
97.7201 179.104
98.2607 180.104
98.2607 180.104
98.2607 180.104
98.2607 180.104
98.2607 180.104
98.2607 180.104
99.3417 182.104
99.3417 182.104
99.3417 182.104
99.3417 182.104
99.612 182.604
99.8823 183.104
100.288 183.854
100.423 184.104
100.423 184.104
100.423 184.104
100.423 184.104
100.423 184.104
100.693 184.604
100.828 184.854
100.963 185.104
101.098 185.354
101.504 186.104
101.504 186.104
101.774 186.604
102.044 187.104
102.315 187.604
102.315 187.604
102.315 187.604
102.45 187.854
102.861 188.604
102.861 188.604
102.861 188.604
103.412 189.604
103.412 189.604
103.687 190.104
104.787 192.104
104.787 192.104
104.787 192.104
104.787 192.104
104.787 192.104
104.922 192.354
105.057 192.604
105.598 193.604
106.138 194.604
106.138 194.604
106.138 194.604
106.138 194.604
106.408 195.104
106.408 195.104
106.679 195.604
106.679 195.604
106.679 195.604
106.679 195.604
106.679 195.604
107.895 197.854
108.03 198.104
108.03 198.104
108.03 198.104
108.571 199.104
108.841 199.604
108.897 199.708
108.976 199.854
109.111 200.104
109.111 200.104
109.111 200.104
109.111 200.104
109.111 200.104
109.111 200.104
109.111 200.104
109.111 200.104
110.192 202.104
110.461 202.602
110.992 203.583
111.273 204.104
111.544 204.604
111.814 205.104
112.084 205.604
112.354 206.104
112.658 206.667
112.76 206.854
113.165 207.604
113.435 208.104
113.435 208.104
113.514 208.25
114.246 209.604
114.787 210.604
114.787 210.604
114.798 210.625
115.057 211.104
115.327 211.604
115.327 211.604
115.327 211.604
115.327 211.604
115.327 211.604
115.676 212.25
116.408 213.604
116.408 213.604
116.408 213.604
116.814 214.354
116.949 214.604
116.949 214.604
117.028 214.75
117.219 215.104
117.298 215.25
117.568 215.75
117.76 216.104
117.76 216.104
117.76 216.104
117.76 216.104
117.76 216.104
117.839 216.25
118.571 217.604
118.571 217.604
118.841 218.104
118.841 218.104
118.841 218.104
119.111 218.604
119.111 218.604
119.381 219.104
119.381 219.104
119.652 219.604
119.652 219.604
119.652 219.604
119.652 219.604
119.652 219.604
120.192 220.604
120.192 220.604
120.192 220.604
120.463 221.104
120.733 221.604
120.733 221.604
120.733 221.604
120.733 221.604
121.003 222.104
121.273 222.604
121.273 222.604
121.544 223.104
121.544 223.104
121.814 223.604
121.814 223.604
122.084 224.104
122.084 224.104
122.084 224.104
122.084 224.104
122.67 225.188
122.928 225.665
123.665 227.029
123.86 227.39
124.01 227.667
124.196 228.01
124.396 228.381
124.484 228.544
124.613 228.783
124.87 229.258
125.174 229.821
125.428 230.29
125.708 230.808
125.982 231.315
126.299 231.902
126.641 232.525
127.197 233.535
127.786 234.604
128.061 235.104
128.336 235.604
128.61 236.104
128.61 236.104
128.61 236.104
128.61 236.104
128.61 236.104
128.61 236.104
129.151 237.104
129.421 237.604
129.691 238.104
129.691 238.104
129.691 238.104
129.691 238.104
130.232 239.104
130.502 239.604
130.772 240.104
130.772 240.104
130.772 240.104
131.583 241.604
131.854 242.104
131.854 242.104
132.124 242.604
132.208 242.76
132.394 243.104
132.394 243.104
132.473 243.25
132.664 243.604
132.718 243.704
132.935 244.104
132.935 244.104
132.935 244.104
132.935 244.104
132.935 244.104
133.205 244.604
133.475 245.104
133.745 245.604
134.016 246.104
134.016 246.104
134.016 246.104
134.016 246.104
134.556 247.104
134.596 247.177
134.827 247.604
134.894 247.729
135.097 248.104
135.097 248.104
135.097 248.104
135.097 248.104
135.908 249.604
136.178 250.104
136.448 250.604
136.718 251.104
136.989 251.604
137.259 252.104
137.259 252.104
137.259 252.104
137.259 252.104
137.259 252.104
137.259 252.104
137.529 252.604
137.799 253.104
138.07 253.604
138.34 254.104
138.34 254.104
138.34 254.104
138.34 254.104
138.881 255.104
139.151 255.604
139.423 256.104
139.423 256.104
139.423 256.104
139.7 256.604
139.7 256.604
139.978 257.104
139.978 257.104
140.256 257.604
140.534 258.104
140.793 258.571
140.812 258.604
140.812 258.604
141.081 259.09
141.089 259.104
141.089 259.104
141.323 259.525
141.367 259.604
141.367 259.604
141.61 260.042
141.643 260.104
141.643 260.104
141.643 260.104
141.643 260.104
141.643 260.104
141.643 260.104
142.176 261.09
142.184 261.104
142.42 261.542
142.454 261.604
142.708 262.073
142.724 262.104
142.724 262.104
142.724 262.104
142.724 262.104
142.985 262.585
142.995 262.604
143.806 264.104
143.806 264.104
143.806 264.104
143.806 264.104
143.806 264.104
143.82 264.131
144.076 264.604
144.346 265.104
144.616 265.604
144.887 266.104
144.887 266.104
144.887 266.104
144.887 266.104
145.833 267.854
145.969 268.104
146.106 268.354
147.345 270.604
147.62 271.104
147.895 271.604
148.17 272.104
148.44 272.604
148.44 272.604
148.71 273.104
148.71 273.104
148.98 273.604
148.98 273.604
149.251 274.104
149.521 274.604
149.521 274.604
149.791 275.104
150.061 275.604
150.061 275.604
150.061 275.604
150.332 276.104
150.602 276.604
150.872 277.104
151.142 277.604
151.413 278.104
151.413 278.104
151.683 278.604
151.818 278.854
151.818 278.854
151.953 279.104
152.224 279.604
152.224 279.604
152.495 280.104
152.495 280.104
152.77 280.604
152.77 280.604
153.045 281.104
153.045 281.104
153.321 281.604
153.321 281.604
153.596 282.104
153.871 282.604
154.146 283.104
154.146 283.104
154.421 283.604
154.421 283.604
154.696 284.104
154.696 284.104
154.696 284.104
154.696 284.104
154.696 284.104
155.266 285.158
155.287 285.198
155.507 285.604
155.533 285.652
155.777 286.104
155.777 286.104
155.8 286.146
156.047 286.604
156.059 286.625
156.318 287.104
156.356 287.175
156.588 287.604
156.588 287.604
156.859 288.104
156.859 288.104
156.859 288.104
156.859 288.104
156.859 288.104
156.859 288.104
157.131 288.604
157.404 289.104
157.677 289.604
157.95 290.104
157.95 290.104
157.95 290.104
157.95 290.104
158.495 291.104
158.768 291.604
159.04 292.104
159.04 292.104
159.04 292.104
159.04 292.104
159.31 292.604
159.581 293.104
159.581 293.104
159.851 293.604
159.851 293.604
159.851 293.604
160.391 294.604
160.391 294.604
160.391 294.604
160.662 295.104
160.932 295.604
161.202 296.104
161.202 296.104
161.202 296.104
161.202 296.104
161.202 296.104
161.202 296.104
161.743 297.104
162.013 297.604
162.284 298.104
162.284 298.104
162.284 298.104
162.284 298.104
162.284 298.104
162.284 298.104
162.829 299.104
163.102 299.604
163.375 300.104
163.375 300.104
163.375 300.104
163.375 300.104
163.647 300.604
163.647 300.604
163.92 301.104
164.193 301.604
164.46 302.094
164.68 302.498
164.738 302.604
165.284 303.604
165.823 304.604
165.823 304.604
166.091 305.104
166.359 305.604
166.627 306.104
166.627 306.104
166.627 306.104
166.627 306.104
166.89 306.596
166.895 306.604
166.895 306.604
167.163 307.104
167.163 307.104
167.163 307.104
167.169 307.117
167.384 307.517
167.431 307.604
167.681 308.071
167.699 308.104
167.699 308.104
167.699 308.104
167.699 308.104
168.245 309.104
168.245 309.104
168.518 309.604
168.518 309.604
168.79 310.104
168.79 310.104
168.79 310.104
169.063 310.604
169.074 310.625
169.336 311.104
169.336 311.104
169.362 311.152
169.608 311.604
169.608 311.604
169.608 311.604
169.608 311.604
169.629 311.642
169.879 312.104
170.14 312.604
170.4 313.104
170.661 313.604
170.661 313.604
171.183 314.604
171.183 314.604
171.183 314.604
171.205 314.646
171.437 315.092
171.444 315.104
171.444 315.104
171.705 315.604
171.705 315.604
171.759 315.708
171.9 315.979
171.938 316.05
171.967 316.104
171.967 316.104
171.967 316.104
172.232 316.604
172.498 317.104
172.498 317.104
172.763 317.604
172.763 317.604
173.029 318.104
173.294 318.604
173.294 318.604
173.294 318.604
173.353 318.715
173.56 319.104
173.56 319.104
173.607 319.194
173.825 319.604
173.825 319.604
173.863 319.675
174.091 320.104
174.091 320.104
174.149 320.215
174.356 320.604
174.622 321.104
174.887 321.604
174.887 321.604
175.152 322.104
175.152 322.104
175.285 322.354
175.418 322.604
175.45 322.665
175.551 322.854
175.551 322.854
175.683 323.104
175.697 323.129
175.949 323.604
175.949 323.604
175.962 323.629
176.215 324.104
176.215 324.104
176.215 324.104
176.215 324.104
176.215 324.104
176.215 324.104
176.236 324.144
176.482 324.604
176.75 325.104
177.018 325.604
177.018 325.604
177.286 326.104
177.286 326.104
177.286 326.104
177.286 326.104
177.554 326.604
177.594 326.679
177.822 327.104
177.822 327.104
177.84 327.137
178.09 327.604
178.09 327.604
178.115 327.652
178.357 328.104
178.625 328.604
178.625 328.604
178.625 328.604
178.625 328.604
179.161 329.604
179.161 329.604
179.161 329.604
179.429 330.104
179.429 330.104
179.697 330.604
179.697 330.604
179.697 330.604
179.697 330.604
179.965 331.104
179.965 331.104
180.232 331.604
180.232 331.604
180.5 332.104
180.5 332.104
180.5 332.104
180.5 332.104
180.5 332.104
181.036 333.104
181.036 333.104
181.304 333.604
181.304 333.604
181.572 334.104
181.572 334.104
181.84 334.604
181.974 334.854
182.107 335.104
182.375 335.604
182.643 336.104
182.643 336.104
182.643 336.104
182.643 336.104
182.643 336.104
182.916 336.604
183.212 337.104
183.212 337.104
183.212 337.104
183.212 337.104
183.212 337.104
183.212 337.104
183.522 337.604
183.849 338.104
183.849 338.104
183.849 338.104
183.849 338.104
184.193 338.604
184.557 339.104
184.557 339.104
184.557 339.104
184.557 339.104
184.944 339.604
185.322 340.104
185.322 340.104
185.322 340.104
185.322 340.104
185.325 340.11
185.59 340.604
185.857 341.104
185.857 341.104
186.125 341.604
186.125 341.604
186.125 341.604
186.393 342.104
186.393 342.104
186.393 342.104
186.66 342.602
186.661 342.604
186.661 342.604
186.924 343.096
186.929 343.104
186.929 343.104
187.197 343.604
187.197 343.604
187.2 343.61
187.466 344.104
187.466 344.104
187.741 344.604
187.741 344.604
188.017 345.104
188.017 345.104
188.017 345.104
188.292 345.604
188.292 345.604
188.567 346.104
188.842 346.604
188.842 346.604
189.117 347.104
189.117 347.104
189.393 347.604
189.393 347.604
189.53 347.854
189.666 348.104
189.666 348.104
189.666 348.104
189.666 348.104
189.675 348.121
189.678 348.125
189.934 348.604
190.202 349.104
190.204 349.108
190.468 349.6
190.47 349.604
190.737 350.102
190.738 350.104
191.006 350.604
191.006 350.604
191.01 350.613
191.273 351.104
191.277 351.11
191.51 351.546
191.541 351.604
191.541 351.604
191.808 352.104
191.932 352.342
191.938 352.354
192.069 352.604
192.329 353.104
192.59 353.604
192.59 353.604
192.851 354.104
193.112 354.604
193.112 354.604
193.112 354.604
193.394 355.144
193.503 355.354
193.626 355.59
193.634 355.604
193.896 356.104
193.896 356.104
193.896 356.104
193.896 356.104
193.896 356.104
193.917 356.144
194.161 356.604
194.427 357.104
194.448 357.144
194.692 357.604
194.692 357.604
194.958 358.104
194.958 358.104
195.223 358.604
195.489 359.104
195.489 359.104
195.754 359.604
195.754 359.604
195.754 359.604
196.02 360.104
196.02 360.104
196.02 360.104
196.02 360.104
196.285 360.604
196.285 360.604
196.293 360.619
196.551 361.104
196.553 361.108
196.796 361.567
196.816 361.604
196.816 361.604
196.816 361.604
196.816 361.604
197.347 362.604
197.347 362.604
197.612 363.104
197.612 363.104
197.612 363.104
197.878 363.604
197.878 363.604
197.878 363.604
197.878 363.604
198.068 363.962
198.143 364.104
198.143 364.104
198.143 364.104
198.143 364.104
198.409 364.604
198.409 364.604
198.674 365.104
198.94 365.604
199.205 366.104
199.205 366.104
199.205 366.104
199.471 366.604
199.471 366.604
199.736 367.104
199.736 367.104
199.749 367.127
200.267 368.104
200.267 368.104
200.267 368.104
200.267 368.104
200.267 368.104
200.267 368.104
200.268 368.106
201.329 370.104
201.329 370.104
201.329 370.104
201.329 370.104
201.346 370.135
201.595 370.604
201.611 370.635
201.86 371.104
201.879 371.14
202.126 371.604
202.258 371.854
202.391 372.104
202.391 372.104
202.391 372.104
202.391 372.104
202.391 372.104
202.414 372.148
202.657 372.604
202.789 372.854
202.922 373.104
203.055 373.354
203.212 373.65
203.453 374.104
203.453 374.104
203.719 374.604
203.723 374.613
203.984 375.104
204.002 375.137
204.223 375.554
204.25 375.604
204.25 375.604
204.25 375.604
204.382 375.854
204.513 376.1
204.777 376.598
204.781 376.604
204.781 376.604
204.781 376.604
205.045 377.102
205.299 377.581
205.312 377.604
205.312 377.604
205.577 378.104
205.611 378.169
205.843 378.604
206.108 379.104
206.365 379.587
206.374 379.604
206.639 380.104
206.639 380.104
206.639 380.104
206.639 380.104
206.701 380.221
207.17 381.104
207.17 381.104
207.435 381.604
207.435 381.604
207.701 382.104
207.701 382.104
207.701 382.104
207.966 382.604
208.218 383.077
208.232 383.104
208.232 383.104
208.497 383.604
208.497 383.604
208.497 383.604
208.497 383.604
208.763 384.104
209.028 384.604
209.294 385.104
209.559 385.604
209.559 385.604
210.09 386.604
210.09 386.604
210.09 386.604
210.102 386.627
210.356 387.104
210.356 387.104
210.379 387.148
210.621 387.604
210.621 387.604
210.625 387.61
210.82 387.979
210.858 388.05
210.876 388.083
210.887 388.104
210.887 388.104
210.887 388.104
211.152 388.604
211.403 389.077
211.418 389.104
211.418 389.104
211.641 389.525
211.683 389.604
211.683 389.604
211.904 390.021
211.949 390.104
212.214 390.604
212.214 390.604
212.214 390.604
212.443 391.035
212.48 391.104
212.48 391.104
212.745 391.604
212.745 391.604
213.011 392.104
213.011 392.104
213.276 392.604
213.542 393.104
213.807 393.604
213.807 393.604
214.073 394.104
214.073 394.104
214.205 394.354
214.338 394.604
214.471 394.854
214.471 394.854
214.604 395.104
214.869 395.604
214.869 395.604
214.876 395.617
215.133 396.102
215.135 396.104
215.135 396.104
215.135 396.104
215.135 396.104
215.135 396.104
215.135 396.104
215.4 396.604
215.666 397.104
215.931 397.604
215.931 397.604
215.933 397.608
216.196 398.104
216.196 398.104
216.196 398.104
216.196 398.104
216.198 398.106
216.442 398.567
216.462 398.604
216.727 399.104
216.727 399.104
216.729 399.106
216.993 399.604
216.993 399.604
217.007 399.631
217.258 400.104
217.524 400.604
217.524 400.604
217.524 400.604
217.524 400.604
217.552 400.656
218.055 401.604
218.055 401.604
218.055 401.604
218.32 402.104
218.32 402.104
218.586 402.604
218.586 402.604
218.586 402.604
218.586 402.604
218.851 403.104
218.851 403.104
219.117 403.604
219.117 403.604
219.382 404.104
219.382 404.104
219.382 404.104
219.382 404.104
219.382 404.104
219.913 405.104
219.913 405.104
220.179 405.604
220.179 405.604
220.444 406.104
220.444 406.104
220.71 406.604
220.842 406.854
220.975 407.104
221.241 407.604
221.507 408.104
221.507 408.104
221.507 408.104
221.507 408.104
221.507 408.104
221.78 408.604
222.075 409.104
222.075 409.104
222.075 409.104
222.075 409.104
222.075 409.104
222.075 409.104
222.386 409.604
222.712 410.104
222.712 410.104
222.712 410.104
222.712 410.104
223.056 410.604
223.421 411.104
223.421 411.104
223.421 411.104
223.421 411.104
223.421 411.104
223.807 411.604
224.186 412.104
224.186 412.104
224.186 412.104
224.186 412.104
224.187 412.106
224.456 412.604
224.726 413.104
224.726 413.104
224.996 413.604
224.996 413.604
224.996 413.604
225.267 414.104
225.267 414.104
225.267 414.104
225.537 414.604
225.537 414.604
225.543 414.615
225.802 415.094
225.807 415.104
225.807 415.104
226.072 415.594
226.078 415.604
226.078 415.604
226.348 416.104
226.348 416.104
226.618 416.604
226.618 416.604
226.639 416.644
226.888 417.104
226.888 417.104
226.888 417.104
227.159 417.604
227.159 417.604
227.429 418.104
227.699 418.604
227.699 418.604
227.7 418.606
227.969 419.104
227.969 419.104
227.972 419.108
228.234 419.594
228.24 419.604
228.24 419.604
228.375 419.854
228.505 420.096
228.51 420.104
228.51 420.104
228.51 420.104
228.51 420.104
228.51 420.104
228.78 420.604
229.051 421.104
229.051 421.104
229.321 421.604
229.321 421.604
229.591 422.104
229.591 422.104
229.861 422.604
229.861 422.604
230.123 423.087
230.132 423.104
230.132 423.104
230.402 423.604
230.402 423.604
230.402 423.604
230.663 424.09
230.671 424.104
230.671 424.104
230.804 424.354
230.937 424.604
231.202 425.104
231.468 425.604
231.468 425.604
231.733 426.104
231.999 426.604
231.999 426.604
231.999 426.604
232.264 427.104
232.397 427.354
232.53 427.604
232.53 427.604
232.794 428.104
232.794 428.104
232.794 428.104
232.794 428.104
232.794 428.104
233.055 428.604
233.316 429.104
233.316 429.104
233.577 429.604
233.577 429.604
233.838 430.104
233.838 430.104
234.098 430.604
234.359 431.104
234.359 431.104
234.62 431.604
234.62 431.604
234.62 431.604
234.883 432.104
234.883 432.104
234.883 432.104
234.883 432.104
235.153 432.604
235.153 432.604
235.424 433.104
235.694 433.604
235.694 433.604
235.694 433.604
235.694 433.604
236.234 434.604
236.234 434.604
236.505 435.104
236.505 435.104
236.505 435.104
236.775 435.604
236.775 435.604
236.775 435.604
236.775 435.604
237.045 436.104
237.045 436.104
237.045 436.104
237.045 436.104
237.18 436.354
237.315 436.604
237.586 437.104
237.856 437.604
238.126 438.104
238.126 438.104
238.126 438.104
238.396 438.604
238.396 438.604
238.667 439.104
238.667 439.104
239.207 440.104
239.207 440.104
239.207 440.104
239.207 440.104
239.207 440.104
239.207 440.104
240.153 441.854
240.288 442.104
240.288 442.104
240.288 442.104
240.559 442.604
240.829 443.104
241.171 443.738
241.234 443.854
241.368 444.102
241.376 444.117
241.378 444.121
241.38 444.123
241.382 444.127
241.523 444.387
241.64 444.604
241.651 444.625
241.775 444.854
241.902 445.09
241.91 445.104
242.045 445.354
242.179 445.602
242.448 446.1
242.526 446.244
242.704 446.573
242.955 447.038
243.217 447.523
243.523 448.087
243.836 448.667
244.134 449.219
244.427 449.76
244.782 450.417
245.159 451.115
245.208 451.206
245.487 451.721
245.543 451.825
245.762 452.231
246.062 452.785
246.092 452.842
246.107 452.869
246.31 453.244
246.341 453.302
246.36 453.337
246.608 453.796
246.624 453.825
246.65 453.873
246.65 453.873
246.875 454.29
246.9 454.335
246.901 454.337
247.151 454.8
247.198 454.887
247.203 454.896
247.408 455.275
247.485 455.419
247.685 455.788
247.809 456.017
247.82 456.038
247.919 456.221
248.119 456.592
248.22 456.777
248.487 457.271
248.506 457.306
248.517 457.327
248.519 457.331
248.74 457.74
248.752 457.762
248.775 457.804
249.019 458.256
249.025 458.267
249.042 458.298
249.258 458.698
249.274 458.727
249.364 458.894
249.552 459.242
249.675 459.469
249.849 459.792
249.927 459.935
249.942 459.962
250.165 460.375
250.256 460.544
250.498 460.992
250.576 461.135
250.889 461.715
250.893 461.723
250.906 461.746
250.929 461.79
251.177 462.248
251.205 462.3
251.501 462.848
251.51 462.865
251.518 462.879
251.866 463.523
252.308 464.34
252.328 464.377
252.338 464.396
252.608 464.896
252.855 465.352
253.028 465.673
253.23 466.046
253.43 466.417
253.641 466.806
253.851 467.196
254.063 467.587
254.34 468.1
254.659 468.69
254.961 469.248
255.345 469.958
255.349 469.967
255.581 470.396
255.882 470.952
256.208 471.556
256.65 472.373
256.805 472.66
256.815 472.679
256.912 472.858
256.966 472.958
257.35 473.669
257.587 474.106
257.781 474.465
257.952 474.781
258.112 475.077
258.283 475.394
258.407 475.623
258.59 475.962
258.928 476.587
259.007 476.733
259.238 477.16
259.421 477.5
259.699 478.015
260.309 479.142
260.749 479.956
261.758 481.823
