0.778687 0.791667
0.778687 0.791667
1.27049 1.29167
1.27049 1.29167
1.51639 1.54167
1.51639 1.54167
1.76229 1.79167
1.76229 1.79167
2.00819 2.04167
2.00819 2.04167
2.00819 2.04167
2.5 2.54167
2.5 2.54167
2.7459 2.79167
2.9918 3.04167
3.2377 3.29167
3.4836 3.54167
3.4836 3.54167
3.4836 3.54167
3.9754 4.04167
4.2213 4.29167
4.46721 4.54167
4.46721 4.54167
4.71311 4.79167
4.71311 4.79167
4.95901 5.04167
5.20491 5.29167
5.45081 5.54167
5.45081 5.54167
5.45081 5.54167
5.69671 5.79167
5.94261 6.04167
5.94261 6.04167
5.94261 6.04167
6.43442 6.54167
6.43442 6.54167
6.43442 6.54167
6.68032 6.79167
6.92622 7.04167
7.17212 7.29167
7.41802 7.54167
7.41802 7.54167
7.41802 7.54167
7.66392 7.79167
7.90982 8.04167
8.15572 8.29167
8.15572 8.29167
8.40163 8.54167
8.64753 8.79167
8.64753 8.79167
8.64753 8.79167
8.64753 8.79167
8.89343 9.04167
9.13933 9.29167
9.38523 9.54167
9.38523 9.54167
9.63113 9.79167
9.87703 10.0417
9.87703 10.0417
10.1229 10.2917
10.3688 10.5417
10.3688 10.5417
10.3688 10.5417
10.8606 11.0417
11.1065 11.2917
11.3524 11.5417
11.3524 11.5417
11.3524 11.5417
11.5983 11.7917
11.8442 12.0417
11.8442 12.0417
12.0901 12.2917
12.336 12.5417
12.5819 12.7917
12.5819 12.7917
12.5819 12.7917
12.5819 12.7917
12.5819 12.7917
12.8278 13.0417
13.0737 13.2917
13.3197 13.5417
13.3197 13.5417
13.3197 13.5417
13.5656 13.7917
13.8115 14.0417
13.8115 14.0417
13.8115 14.0417
14.3033 14.5417
14.3033 14.5417
14.3033 14.5417
14.5492 14.7917
14.7951 15.0417
15.041 15.2917
15.2869 15.5417
15.2869 15.5417
15.5328 15.7917
15.5328 15.7917
15.7787 16.0417
15.7787 16.0417
16.0246 16.2917
16.2705 16.5417
16.5164 16.7917
16.5164 16.7917
16.7623 17.0417
17.0082 17.2917
17.0082 17.2917
17.2541 17.5417
17.2541 17.5417
17.5 17.7917
17.7459 18.0417
17.7459 18.0417
18.4836 18.7917
18.4836 18.7917
18.7295 19.0417
18.9754 19.2917
18.9754 19.2917
19.2213 19.5417
19.2213 19.5417
19.7131 20.0417
19.7131 20.0417
19.959 20.2917
20.2049 20.5417
20.4508 20.7917
20.4508 20.7917
20.6967 21.0417
20.6967 21.0417
20.9426 21.2917
20.9426 21.2917
21.1885 21.5417
21.1885 21.5417
21.4344 21.7917
21.6803 22.0417
21.6803 22.0417
21.9262 22.2917
21.9262 22.2917
22.1721 22.5417
23.4016 23.7917
23.4016 23.7917
23.4016 23.7917
23.6475 24.0417
23.8934 24.2917
24.1393 24.5417
24.1393 24.5417
24.3852 24.7917
24.3852 24.7917
24.6311 25.0417
24.6311 25.0417
24.877 25.2917
25.1229 25.5417
25.1229 25.5417
25.3688 25.7917
25.8606 26.2917
26.1065 26.5417
26.1065 26.5417
26.3524 26.7917
26.5983 27.0417
26.8442 27.2917
27.0901 27.5417
27.5819 28.0417
27.8278 28.2917
28.0737 28.5417
28.0737 28.5417
28.3196 28.7917
28.3196 28.7917
28.5655 29.0417
28.5655 29.0417
28.8114 29.2917
29.0573 29.5417
29.3032 29.7917
29.5491 30.0417
29.795 30.2917
29.795 30.2917
30.0409 30.5417
30.2868 30.7917
30.2868 30.7917
30.2868 30.7917
30.5327 31.0417
30.7786 31.2917
31.2704 31.7917
31.2704 31.7917
31.2704 31.7917
31.2704 31.7917
32.254 32.7917
32.4999 33.0417
32.7458 33.2917
32.7458 33.2917
32.9918 33.5417
32.9918 33.5417
33.2377 33.7917
33.4836 34.0417
33.4836 34.0417
33.7295 34.2917
34.2213 34.7917
34.2213 34.7917
34.4672 35.0417
34.4672 35.0417
34.7131 35.2917
34.7131 35.2917
34.959 35.5417
34.959 35.5417
35.2049 35.7917
35.4508 36.0417
35.4508 36.0417
35.6967 36.2917
36.1885 36.7917
36.1885 36.7917
36.1885 36.7917
36.1885 36.7917
36.4344 37.0417
36.4344 37.0417
36.6803 37.2917
36.6803 37.2917
36.9262 37.5417
36.9262 37.5417
37.1721 37.7917
37.418 38.0417
37.6639 38.2917
37.6639 38.2917
37.9098 38.5417
38.1557 38.7917
38.1557 38.7917
38.4016 39.0417
38.6475 39.2917
38.8934 39.5417
39.1393 39.7917
39.1393 39.7917
39.3852 40.0417
39.3852 40.0417
39.6311 40.2917
39.6311 40.2917
39.877 40.5417
39.877 40.5417
40.084 40.7521
40.1229 40.7917
40.1229 40.7917
40.3688 41.0417
40.6147 41.2917
40.6147 41.2917
40.8606 41.5417
41.1044 41.7896
41.3524 42.0417
41.5983 42.2917
41.8442 42.5417
42.0573 42.7583
42.0901 42.7917
42.0901 42.7917
42.0901 42.7917
42.336 43.0417
42.5819 43.2917
42.8278 43.5417
43.0737 43.7917
43.3196 44.0417
43.5655 44.2917
43.5655 44.2917
43.8114 44.5417
43.8114 44.5417
44.0266 44.7604
44.0573 44.7917
44.0573 44.7917
44.0573 44.7917
44.3032 45.0417
44.5491 45.2917
44.5491 45.2917
44.795 45.5417
45.2868 46.0417
45.4938 46.2521
45.5327 46.2917
45.7786 46.5417
45.9897 46.7563
45.9938 46.7604
46.0245 46.7917
46.2704 47.0417
46.5163 47.2917
46.7622 47.5417
46.7622 47.5417
47.9917 48.7917
47.9917 48.7917
47.9917 48.7917
47.9917 48.7917
48.9753 49.7917
49.9589 50.7917
49.9589 50.7917
49.9589 50.7917
49.9589 50.7917
50.2048 51.0417
50.2048 51.0417
50.4507 51.2917
50.4507 51.2917
50.6966 51.5417
50.6966 51.5417
50.9425 51.7917
51.1884 52.0417
51.4343 52.2917
51.4343 52.2917
51.6802 52.5417
51.9261 52.7917
51.9261 52.7917
52.172 53.0417
52.4179 53.2917
52.6639 53.5417
53.1557 54.0417
53.4016 54.2917
53.4016 54.2917
53.6475 54.5417
53.8934 54.7917
53.8934 54.7917
53.8934 54.7917
53.8934 54.7917
53.8934 54.7917
54.1393 55.0417
54.1393 55.0417
54.3852 55.2917
54.3852 55.2917
54.6311 55.5417
54.6311 55.5417
54.6311 55.5417
54.877 55.7917
55.1229 56.0417
55.1229 56.0417
55.3688 56.2917
55.3688 56.2917
55.3688 56.2917
55.6147 56.5417
55.6147 56.5417
55.8606 56.7917
55.8606 56.7917
55.8606 56.7917
55.8606 56.7917
55.8606 56.7917
56.1065 57.0417
56.3524 57.2917
56.5983 57.5417
57.0901 58.0417
57.336 58.2917
57.336 58.2917
57.5819 58.5417
57.5819 58.5417
57.8278 58.7917
57.8278 58.7917
57.8278 58.7917
57.8278 58.7917
58.0737 59.0417
58.0737 59.0417
58.3196 59.2917
58.3196 59.2917
58.5655 59.5417
58.5655 59.5417
58.8114 59.7917
59.0573 60.0417
59.3032 60.2917
59.3032 60.2917
59.5491 60.5417
59.795 60.7917
59.795 60.7917
59.795 60.7917
59.795 60.7917
60.0409 61.0417
60.0409 61.0417
60.2868 61.2917
60.5327 61.5417
60.7786 61.7917
61.0245 62.0417
61.0245 62.0417
61.2704 62.2917
61.2704 62.2917
61.2704 62.2917
61.5163 62.5417
61.7622 62.7917
61.7622 62.7917
61.7622 62.7917
61.7622 62.7917
61.7622 62.7917
62.0081 63.0417
62.0081 63.0417
62.254 63.2917
62.4999 63.5417
62.7458 63.7917
62.9917 64.0417
63.2376 64.2917
63.2376 64.2917
63.2376 64.2917
63.4835 64.5417
63.4835 64.5417
63.7294 64.7917
63.7294 64.7917
63.9753 65.0417
64.2212 65.2917
64.4671 65.5417
64.713 65.7917
64.9589 66.0417
65.2048 66.2917
65.4507 66.5417
65.6966 66.7917
65.6966 66.7917
65.6966 66.7917
65.6966 66.7917
65.9425 67.0417
65.9425 67.0417
66.1884 67.2917
66.1884 67.2917
66.4343 67.5417
66.4343 67.5417
66.4343 67.5417
66.6802 67.7917
66.9261 68.0417
67.172 68.2917
67.172 68.2917
67.172 68.2917
67.4179 68.5417
67.6638 68.7917
67.6638 68.7917
67.6638 68.7917
67.6638 68.7917
67.9097 69.0417
68.1556 69.2917
68.4015 69.5417
68.8933 70.0417
69.1392 70.2917
69.3851 70.5417
69.631 70.7917
69.631 70.7917
69.631 70.7917
69.631 70.7917
69.8769 71.0417
69.8769 71.0417
70.1228 71.2917
70.1228 71.2917
70.3687 71.5417
70.3687 71.5417
70.3687 71.5417
70.6146 71.7917
70.8605 72.0417
71.1064 72.2917
71.1064 72.2917
71.1064 72.2917
71.3523 72.5417
71.5982 72.7917
71.5982 72.7917
71.8441 73.0417
71.8441 73.0417
72.09 73.2917
72.09 73.2917
72.336 73.5417
72.5819 73.7917
72.8278 74.0417
72.8278 74.0417
73.0737 74.2917
73.3196 74.5417
73.3196 74.5417
73.5655 74.7917
73.5655 74.7917
73.5655 74.7917
73.5655 74.7917
73.8114 75.0417
73.8114 75.0417
74.0573 75.2917
74.0573 75.2917
74.3032 75.5417
74.3032 75.5417
74.5491 75.7917
74.5491 75.7917
74.5491 75.7917
74.795 76.0417
75.0409 76.2917
75.2868 76.5417
75.5327 76.7917
75.5327 76.7917
75.5327 76.7917
75.5327 76.7917
75.5327 76.7917
75.7786 77.0417
75.7786 77.0417
76.0245 77.2917
76.2704 77.5417
76.5163 77.7917
76.5163 77.7917
76.7622 78.0417
76.7622 78.0417
77.0081 78.2917
77.0081 78.2917
77.0081 78.2917
77.4999 78.7917
77.4999 78.7917
77.4999 78.7917
77.4999 78.7917
77.4999 78.7917
77.7458 79.0417
77.9917 79.2917
77.9917 79.2917
78.2376 79.5417
78.4835 79.7917
78.7294 80.0417
78.9753 80.2917
78.9753 80.2917
78.9753 80.2917
79.2212 80.5417
79.2212 80.5417
79.4671 80.7917
79.4671 80.7917
79.713 81.0417
79.9589 81.2917
80.2048 81.5417
80.4507 81.7917
80.6966 82.0417
80.9425 82.2917
80.9425 82.2917
81.4343 82.7917
81.4343 82.7917
81.4343 82.7917
81.4343 82.7917
81.6802 83.0417
81.9261 83.2917
81.9261 83.2917
82.172 83.5417
82.6638 84.0417
82.9097 84.2917
83.4015 84.7917
83.4015 84.7917
83.4015 84.7917
83.4015 84.7917
83.8933 85.2917
84.3851 85.7917
84.631 86.0417
84.8769 86.2917
84.8769 86.2917
85.1228 86.5417
85.1228 86.5417
86.3523 87.7917
86.5982 88.0417
86.8441 88.2917
87.3359 88.7917
87.3359 88.7917
87.3359 88.7917
87.3359 88.7917
87.8277 89.2917
88.3195 89.7917
88.8113 90.2917
89.0572 90.5417
89.549 91.0417
89.7949 91.2917
90.0408 91.5417
90.2396 91.7438
90.3154 91.8208
90.5326 92.0417
90.7376 92.25
90.7785 92.2917
91.2703 92.7917
91.2703 92.7917
91.2703 92.7917
91.7621 93.2917
91.9978 93.5312
92.0081 93.5417
92.1208 93.6562
92.2417 93.7792
92.4999 94.0417
93.2376 94.7917
94.0306 95.5979
94.2396 95.8104
94.4486 96.0229
94.4671 96.0417
94.6761 96.2542
94.713 96.2917
94.9589 96.5417
95.1515 96.7375
95.2048 96.7917
95.2048 96.7917
95.2048 96.7917
95.6351 97.2292
95.6966 97.2917
95.8912 97.4896
95.9425 97.5417
96.4343 98.0417
96.7191 98.3312
96.7601 98.3729
96.9609 98.5771
97.172 98.7917
97.4179 99.0417
97.6556 99.2833
97.6617 99.2896
97.6638 99.2917
97.7785 99.4083
97.8707 99.5021
97.9097 99.5417
97.9199 99.5521
98.1187 99.7542
98.1556 99.7917
98.3666 100.006
98.4015 100.042
98.6269 100.271
98.6474 100.292
99.1392 100.792
99.3851 101.042
99.631 101.292
99.631 101.292
99.8769 101.542
99.8769 101.542
99.8769 101.542
100.123 101.792
100.369 102.042
101.106 102.792
101.106 102.792
101.352 103.042
101.598 103.292
101.598 103.292
101.844 103.542
101.844 103.542
101.844 103.542
101.844 103.542
102.336 104.042
102.336 104.042
102.336 104.042
102.582 104.292
102.828 104.542
102.828 104.542
103.074 104.792
103.074 104.792
103.32 105.042
103.32 105.042
103.565 105.292
103.565 105.292
103.811 105.542
103.811 105.542
103.811 105.542
104.057 105.792
104.303 106.042
104.549 106.292
104.795 106.542
104.795 106.542
104.795 106.542
104.795 106.542
105.041 106.792
105.287 107.042
105.533 107.292
105.779 107.542
105.779 107.542
105.779 107.542
105.779 107.542
106.024 107.792
106.27 108.042
106.27 108.042
106.516 108.292
106.762 108.542
106.762 108.542
107.008 108.792
107.008 108.792
107.254 109.042
107.254 109.042
107.5 109.292
107.746 109.542
107.746 109.542
107.746 109.542
107.992 109.792
108.238 110.042
108.483 110.292
108.729 110.542
108.975 110.792
109.221 111.042
109.467 111.292
109.713 111.542
109.713 111.542
109.713 111.542
110.205 112.042
110.205 112.042
110.451 112.292
110.697 112.542
110.942 112.792
110.942 112.792
110.942 112.792
110.942 112.792
111.188 113.042
111.188 113.042
111.434 113.292
111.68 113.542
111.68 113.542
111.926 113.792
112.418 114.292
112.664 114.542
113.156 115.042
113.156 115.042
113.401 115.292
113.401 115.292
113.647 115.542
113.647 115.542
113.647 115.542
113.893 115.792
113.893 115.792
114.139 116.042
114.385 116.292
114.385 116.292
114.631 116.542
114.877 116.792
115.123 117.042
115.369 117.292
115.369 117.292
115.615 117.542
115.615 117.542
115.86 117.792
116.106 118.042
116.106 118.042
116.352 118.292
116.844 118.792
116.844 118.792
117.09 119.042
117.09 119.042
117.336 119.292
117.336 119.292
117.582 119.542
117.582 119.542
117.828 119.792
118.074 120.042
118.074 120.042
118.319 120.292
118.811 120.792
118.811 120.792
118.811 120.792
118.811 120.792
119.057 121.042
119.057 121.042
119.303 121.292
119.303 121.292
119.549 121.542
119.549 121.542
119.795 121.792
120.041 122.042
120.287 122.292
120.287 122.292
120.533 122.542
120.778 122.792
120.778 122.792
121.024 123.042
121.27 123.292
121.516 123.542
121.762 123.792
121.762 123.792
122.008 124.042
122.008 124.042
122.254 124.292
122.254 124.292
122.5 124.542
122.5 124.542
122.707 124.752
122.746 124.792
122.746 124.792
122.992 125.042
123.238 125.292
123.238 125.292
123.483 125.542
123.727 125.79
123.975 126.042
124.221 126.292
124.467 126.542
124.68 126.758
124.713 126.792
124.713 126.792
124.713 126.792
124.959 127.042
125.205 127.292
125.451 127.542
125.697 127.792
125.942 128.042
126.188 128.292
126.188 128.292
126.434 128.542
126.434 128.542
126.649 128.76
126.68 128.792
126.68 128.792
126.68 128.792
126.926 129.042
127.172 129.292
127.172 129.292
127.418 129.542
127.91 130.042
128.117 130.252
128.156 130.292
128.401 130.542
128.613 130.756
128.617 130.76
128.647 130.792
128.893 131.042
129.139 131.292
129.385 131.542
129.385 131.542
130.615 132.792
130.615 132.792
130.615 132.792
130.615 132.792
130.86 133.042
130.86 133.042
131.106 133.292
131.106 133.292
131.352 133.542
131.352 133.542
131.598 133.792
131.844 134.042
132.09 134.292
132.09 134.292
132.336 134.542
132.582 134.792
132.582 134.792
132.828 135.042
133.074 135.292
133.319 135.542
133.811 136.042
134.057 136.292
134.057 136.292
134.303 136.542
134.549 136.792
134.549 136.792
134.549 136.792
134.549 136.792
134.549 136.792
134.795 137.042
134.795 137.042
135.041 137.292
135.041 137.292
135.287 137.542
135.287 137.542
135.287 137.542
135.533 137.792
135.778 138.042
135.778 138.042
136.024 138.292
136.024 138.292
136.024 138.292
136.27 138.542
136.27 138.542
136.516 138.792
136.516 138.792
136.516 138.792
136.516 138.792
136.516 138.792
136.762 139.042
137.008 139.292
137.254 139.542
137.746 140.042
137.992 140.292
137.992 140.292
138.237 140.542
138.237 140.542
138.483 140.792
138.483 140.792
138.483 140.792
138.483 140.792
138.729 141.042
138.729 141.042
138.975 141.292
138.975 141.292
139.221 141.542
139.221 141.542
139.467 141.792
139.713 142.042
139.959 142.292
139.959 142.292
140.205 142.542
140.451 142.792
140.451 142.792
140.451 142.792
140.451 142.792
140.696 143.042
140.696 143.042
140.942 143.292
141.188 143.542
141.434 143.792
141.68 144.042
141.68 144.042
141.926 144.292
141.926 144.292
141.926 144.292
142.172 144.542
142.418 144.792
142.418 144.792
142.418 144.792
142.418 144.792
142.418 144.792
142.664 145.042
142.664 145.042
142.91 145.292
143.156 145.542
143.401 145.792
143.647 146.042
143.893 146.292
143.893 146.292
143.893 146.292
144.139 146.542
144.139 146.542
144.385 146.792
144.385 146.792
144.631 147.042
144.877 147.292
145.123 147.542
145.369 147.792
145.615 148.042
145.86 148.292
146.106 148.542
146.352 148.792
146.352 148.792
146.352 148.792
146.352 148.792
146.598 149.042
146.598 149.042
146.844 149.292
146.844 149.292
147.09 149.542
147.09 149.542
147.09 149.542
147.336 149.792
147.582 150.042
147.828 150.292
147.828 150.292
147.828 150.292
148.074 150.542
148.319 150.792
148.319 150.792
148.319 150.792
148.319 150.792
148.565 151.042
148.811 151.292
149.057 151.542
149.549 152.042
149.795 152.292
150.041 152.542
150.287 152.792
150.287 152.792
150.287 152.792
150.287 152.792
150.533 153.042
150.533 153.042
150.778 153.292
150.778 153.292
151.024 153.542
151.024 153.542
151.024 153.542
151.27 153.792
151.516 154.042
151.762 154.292
151.762 154.292
151.762 154.292
152.008 154.542
152.254 154.792
152.254 154.792
152.5 155.042
152.5 155.042
152.746 155.292
152.746 155.292
152.992 155.542
153.237 155.792
153.483 156.042
153.483 156.042
153.729 156.292
153.975 156.542
153.975 156.542
154.221 156.792
154.221 156.792
154.221 156.792
154.221 156.792
154.467 157.042
154.467 157.042
154.713 157.292
154.713 157.292
154.959 157.542
154.959 157.542
155.205 157.792
155.205 157.792
155.205 157.792
155.451 158.042
155.696 158.292
155.942 158.542
156.188 158.792
156.188 158.792
156.188 158.792
156.188 158.792
156.188 158.792
156.434 159.042
156.434 159.042
156.68 159.292
156.926 159.542
157.172 159.792
157.172 159.792
157.418 160.042
157.418 160.042
157.664 160.292
157.664 160.292
157.664 160.292
158.155 160.792
158.155 160.792
158.155 160.792
158.155 160.792
158.155 160.792
158.401 161.042
158.647 161.292
158.647 161.292
158.893 161.542
159.139 161.792
159.385 162.042
159.631 162.292
159.631 162.292
159.631 162.292
159.877 162.542
159.877 162.542
160.123 162.792
160.123 162.792
160.369 163.042
160.614 163.292
160.86 163.542
161.106 163.792
161.352 164.042
161.598 164.292
161.598 164.292
162.09 164.792
162.09 164.792
162.09 164.792
162.09 164.792
162.09 164.792
162.336 165.042
162.582 165.292
162.582 165.292
162.828 165.542
163.074 165.792
163.319 166.042
163.565 166.292
163.565 166.292
163.811 166.542
164.057 166.792
164.057 166.792
164.057 166.792
164.057 166.792
164.303 167.042
164.549 167.292
164.549 167.292
164.795 167.542
164.795 167.542
165.041 167.792
165.287 168.042
165.287 168.042
165.533 168.292
165.533 168.292
166.024 168.792
166.024 168.792
166.024 168.792
166.024 168.792
166.27 169.042
166.516 169.292
166.516 169.292
166.762 169.542
166.762 169.542
167.008 169.792
167.008 169.792
167.254 170.042
167.254 170.042
167.254 170.042
167.5 170.292
167.746 170.542
167.992 170.792
168.237 171.042
168.483 171.292
168.729 171.542
168.729 171.542
168.975 171.792
169.221 172.042
169.467 172.292
169.467 172.292
169.713 172.542
169.959 172.792
169.959 172.792
170.205 173.042
170.451 173.292
170.696 173.542
170.696 173.542
170.942 173.792
171.188 174.042
171.188 174.042
171.188 174.042
171.434 174.292
171.434 174.292
171.926 174.792
171.926 174.792
171.926 174.792
171.926 174.792
172.172 175.042
172.418 175.292
172.418 175.292
172.664 175.542
172.664 175.542
172.91 175.792
173.155 176.042
173.401 176.292
173.647 176.542
173.893 176.792
173.893 176.792
173.893 176.792
173.893 176.792
174.139 177.042
174.385 177.292
174.631 177.542
174.877 177.792
174.877 177.792
174.877 177.792
174.877 177.792
175.123 178.042
175.369 178.292
175.614 178.542
175.86 178.792
175.86 178.792
175.86 178.792
175.86 178.792
176.106 179.042
176.352 179.292
176.598 179.542
176.844 179.792
176.844 179.792
176.844 179.792
176.844 179.792
177.09 180.042
177.336 180.292
177.582 180.542
177.828 180.792
178.073 181.042
178.319 181.292
178.565 181.542
179.303 182.292
179.549 182.542
179.795 182.792
179.795 182.792
181.762 184.792
181.762 184.792
181.762 184.792
181.762 184.792
185.696 188.792
185.942 189.042
186.188 189.292
186.434 189.542
186.68 189.792
187.172 190.292
187.418 190.542
189.631 192.792
189.877 193.042
190.123 193.292
190.369 193.542
190.614 193.792
191.106 194.292
191.352 194.542
193.565 196.792
193.811 197.042
194.057 197.292
194.303 197.542
194.549 197.792
195.041 198.292
195.287 198.542
195.778 199.042
196.516 199.792
196.762 200.042
197.008 200.292
197.254 200.542
197.5 200.792
197.5 200.792
197.5 200.792
197.746 201.042
197.746 201.042
197.991 201.292
198.483 201.792
198.483 201.792
198.483 201.792
198.483 201.792
198.729 202.042
198.975 202.292
198.975 202.292
198.975 202.292
199.221 202.542
199.221 202.542
199.467 202.792
199.467 202.792
199.467 202.792
199.467 202.792
199.713 203.042
199.959 203.292
200.205 203.542
200.451 203.792
200.451 203.792
200.696 204.042
200.942 204.292
201.188 204.542
201.434 204.792
201.434 204.792
201.434 204.792
201.434 204.792
201.68 205.042
201.68 205.042
201.926 205.292
201.926 205.292
202.172 205.542
202.172 205.542
202.172 205.542
202.418 205.792
202.664 206.042
202.91 206.292
202.91 206.292
202.91 206.292
203.155 206.542
203.401 206.792
203.401 206.792
203.401 206.792
203.401 206.792
203.647 207.042
203.893 207.292
204.139 207.542
204.631 208.042
204.877 208.292
205.123 208.542
205.369 208.792
205.369 208.792
205.369 208.792
205.369 208.792
205.614 209.042
205.614 209.042
205.86 209.292
205.86 209.292
206.106 209.542
206.106 209.542
206.106 209.542
206.352 209.792
206.598 210.042
206.844 210.292
206.844 210.292
206.844 210.292
207.09 210.542
207.336 210.792
207.336 210.792
207.582 211.042
207.582 211.042
207.828 211.292
207.828 211.292
208.073 211.542
208.319 211.792
208.565 212.042
208.565 212.042
208.811 212.292
209.057 212.542
209.057 212.542
209.303 212.792
209.303 212.792
209.303 212.792
209.303 212.792
209.549 213.042
209.549 213.042
209.795 213.292
209.795 213.292
210.041 213.542
210.041 213.542
210.287 213.792
210.287 213.792
210.287 213.792
210.532 214.042
210.778 214.292
211.024 214.542
211.27 214.792
211.27 214.792
211.27 214.792
211.27 214.792
211.27 214.792
211.516 215.042
211.516 215.042
211.762 215.292
212.008 215.542
212.254 215.792
212.254 215.792
212.5 216.042
212.5 216.042
212.746 216.292
212.746 216.292
212.746 216.292
213.237 216.792
213.237 216.792
213.237 216.792
213.237 216.792
213.237 216.792
213.483 217.042
213.729 217.292
213.729 217.292
213.975 217.542
214.221 217.792
214.467 218.042
214.713 218.292
214.713 218.292
214.713 218.292
214.959 218.542
214.959 218.542
215.205 218.792
215.205 218.792
215.45 219.042
215.696 219.292
215.942 219.542
216.434 220.042
216.68 220.292
217.172 220.792
217.418 221.042
217.664 221.292
217.909 221.542
218.063 221.698
218.401 222.042
218.647 222.292
218.83 222.477
219.078 222.729
219.549 223.208
220.369 224.042
220.614 224.292
220.86 224.542
221.053 224.738
221.28 224.969
221.516 225.208
221.766 225.463
222.522 226.231
222.762 226.475
223.01 226.727
223.27 226.992
223.496 227.221
223.743 227.473
224.237 227.975
224.483 228.225
224.959 228.708
225.231 228.985
225.522 229.281
225.805 229.569
226.141 229.91
226.485 230.26
226.881 230.662
226.887 230.669
227.264 231.052
227.321 231.11
227.614 231.408
227.737 231.533
227.778 231.575
228.407 232.215
228.498 232.306
228.651 232.463
