0.227848 0.3
0.363924 0.479167
0.390822 0.514583
0.390822 0.514583
0.770569 1.01458
1.15032 1.51458
1.74209 2.29375
1.8481 2.43333
1.90981 2.51458
1.90981 2.51458
1.90981 2.51458
2.28955 3.01458
2.55696 3.36667
2.65823 3.5
2.6693 3.51458
3.2769 4.31458
3.39557 4.47083
3.42879 4.51458
3.42879 4.51458
3.80854 5.01458
4.07595 5.36667
4.18829 5.51458
4.20569 5.5375
4.94303 6.50833
4.94303 6.50833
4.94778 6.51458
4.94778 6.51458
4.94778 6.51458
5.2943 6.97083
5.29746 6.975
5.32753 7.01458
5.65981 7.45208
5.68512 7.48542
5.70727 7.51458
6.0617 7.98125
6.07278 7.99583
6.08702 8.01458
6.44936 8.49167
6.46677 8.51458
6.46677 8.51458
6.46677 8.51458
6.46835 8.51667
6.84651 9.01458
7.22626 9.51458
7.60601 10.0146
7.89873 10.4
7.98575 10.5146
7.98575 10.5146
7.99208 10.5229
8.3655 11.0146
8.62341 11.3542
8.74525 11.5146
8.75474 11.5271
9.12499 12.0146
9.43037 12.4167
9.50474 12.5146
9.50474 12.5146
9.5443 12.5667
9.88448 13.0146
10.2642 13.5146
10.644 14.0146
11.0237 14.5146
11.4035 15.0146
11.7326 15.4479
11.7832 15.5146
11.7832 15.5146
11.9082 15.6792
12.1282 15.9688
12.163 16.0146
12.3908 16.3146
12.5206 16.4854
12.5427 16.5146
12.5427 16.5146
12.606 16.5979
12.9225 17.0146
13.3022 17.5146
13.6819 18.0146
14.0617 18.5146
14.4414 19.0146
14.8212 19.5146
15.4351 20.3229
15.5475 20.4708
15.5807 20.5146
15.5807 20.5146
15.5807 20.5146
15.9604 21.0146
16.3402 21.5146
16.7199 22.0146
16.7199 22.0146
18.049 23.7646
18.2389 24.0146
18.4288 24.2646
18.6187 24.5146
18.6187 24.5146
18.6187 24.5146
18.9984 25.0146
18.9984 25.0146
19.3781 25.5146
19.3781 25.5146
19.7579 26.0146
19.7579 26.0146
19.9478 26.2646
20.1376 26.5146
20.5174 27.0146
20.8971 27.5146
21.087 27.7646
21.2769 28.0146
21.4668 28.2646
21.6566 28.5146
21.6566 28.5146
21.6566 28.5146
22.0364 29.0146
22.0364 29.0146
22.4161 29.5146
22.4161 29.5146
22.7959 30.0146
22.7959 30.0146
22.9857 30.2646
23.1756 30.5146
23.5554 31.0146
23.9351 31.5146
24.3149 32.0146
24.3149 32.0146
24.6946 32.5146
24.6946 32.5146
24.6946 32.5146
25.0743 33.0146
25.0743 33.0146
25.2642 33.2646
25.4541 33.5146
25.8338 34.0146
26.0237 34.2646
26.2136 34.5146
26.2136 34.5146
26.2136 34.5146
26.5933 35.0146
26.5933 35.0146
26.9731 35.5146
26.9731 35.5146
27.3528 36.0146
27.5427 36.2646
27.7326 36.5146
27.7326 36.5146
28.1123 37.0146
28.4921 37.5146
28.8718 38.0146
29.2516 38.5146
29.6313 39.0146
30.011 39.5146
30.011 39.5146
30.2009 39.7646
30.3908 40.0146
30.5807 40.2646
30.7705 40.5146
30.7705 40.5146
30.7705 40.5146
31.1503 41.0146
31.53 41.5146
31.53 41.5146
31.9098 42.0146
32.0997 42.2646
32.2895 42.5146
32.2895 42.5146
32.2895 42.5146
32.6693 43.0146
33.049 43.5146
33.6186 44.2646
33.8085 44.5146
33.8085 44.5146
33.8085 44.5146
34.1883 45.0146
34.1883 45.0146
34.568 45.5146
34.568 45.5146
34.568 45.5146
34.9478 46.0146
34.9478 46.0146
35.1376 46.2646
35.3275 46.5146
35.3275 46.5146
35.7072 47.0146
35.7072 47.0146
36.087 47.5146
36.087 47.5146
36.4667 48.0146
36.8465 48.5146
36.8465 48.5146
36.8465 48.5146
37.2262 49.0146
37.2262 49.0146
37.606 49.5146
37.606 49.5146
37.9857 50.0146
37.9857 50.0146
38.1756 50.2646
38.3655 50.5146
38.7452 51.0146
39.125 51.5146
39.5047 52.0146
39.8449 52.4625
39.8845 52.5146
39.8845 52.5146
39.8845 52.5146
39.8845 52.5146
40.2642 53.0146
40.6345 53.5021
40.644 53.5146
41.0125 54
41.0235 54.0146
41.3913 54.5
41.4023 54.5146
41.4023 54.5146
41.4023 54.5146
41.7811 55.0146
42.1599 55.5146
42.3493 55.7646
42.5387 56.0146
42.7281 56.2646
42.9175 56.5146
42.9175 56.5146
42.9175 56.5146
42.9175 56.5146
42.9175 56.5146
43.2963 57.0146
43.2963 57.0146
43.6751 57.5146
43.6751 57.5146
44.0538 58.0146
44.0538 58.0146
44.2432 58.2646
44.4326 58.5146
44.8114 59.0146
45.1902 59.5146
45.1902 59.5146
45.3796 59.7646
45.569 60.0146
45.7584 60.2646
45.9478 60.5146
45.9478 60.5146
45.9478 60.5146
45.9478 60.5146
46.3266 61.0146
46.3266 61.0146
46.7054 61.5146
46.7054 61.5146
47.0841 62.0146
47.0841 62.0146
47.2735 62.2646
47.4629 62.5146
47.8417 63.0146
48.2205 63.5146
48.2205 63.5146
48.5993 64.0146
48.5993 64.0146
48.5993 64.0146
48.9781 64.5146
48.9781 64.5146
48.9781 64.5146
48.9781 64.5146
49.3569 65.0146
49.3569 65.0146
49.5463 65.2646
49.7357 65.5146
50.1144 66.0146
50.3038 66.2646
50.4932 66.5146
50.4932 66.5146
50.4932 66.5146
50.872 67.0146
50.872 67.0146
51.2508 67.5146
51.2508 67.5146
51.2508 67.5146
51.6296 68.0146
51.819 68.2646
52.0084 68.5146
52.0084 68.5146
52.0084 68.5146
52.3872 69.0146
52.766 69.5146
53.1447 70.0146
53.1447 70.0146
53.5235 70.5146
53.5235 70.5146
53.5235 70.5146
53.9023 71.0146
53.9023 71.0146
54.2811 71.5146
54.2811 71.5146
54.2811 71.5146
54.6599 72.0146
55.0387 72.5146
55.0387 72.5146
55.0387 72.5146
55.0387 72.5146
55.4175 73.0146
55.4175 73.0146
55.7963 73.5146
55.7963 73.5146
56.175 74.0146
56.5538 74.5146
56.5538 74.5146
56.5538 74.5146
56.5538 74.5146
56.5538 74.5146
56.9326 75.0146
57.3114 75.5146
57.3114 75.5146
57.5008 75.7646
57.6902 76.0146
57.8796 76.2646
58.069 76.5146
58.069 76.5146
58.069 76.5146
58.069 76.5146
58.4478 77.0146
58.4478 77.0146
58.8266 77.5146
58.8266 77.5146
58.8266 77.5146
59.2053 78.0146
59.2053 78.0146
59.3947 78.2646
59.5841 78.5146
59.5841 78.5146
59.5841 78.5146
59.9629 79.0146
59.9629 79.0146
60.3417 79.5146
60.3417 79.5146
60.7205 80.0146
61.0993 80.5146
61.0993 80.5146
61.0993 80.5146
61.0993 80.5146
61.4781 81.0146
61.4781 81.0146
61.8569 81.5146
61.8569 81.5146
61.8569 81.5146
62.2356 82.0146
62.2356 82.0146
62.6144 82.5146
62.6144 82.5146
62.6144 82.5146
62.6144 82.5146
62.9932 83.0146
63.372 83.5146
63.372 83.5146
63.372 83.5146
63.7508 84.0146
63.9402 84.2646
64.1296 84.5146
64.1296 84.5146
64.1296 84.5146
64.1296 84.5146
64.5084 85.0146
64.8882 85.5146
64.8882 85.5146
65.2679 86.0146
65.6477 86.5146
65.6477 86.5146
65.6477 86.5146
65.6477 86.5146
66.0274 87.0146
66.4072 87.5146
66.4072 87.5146
66.4072 87.5146
66.4072 87.5146
66.7869 88.0146
67.1666 88.5146
67.1666 88.5146
67.1666 88.5146
67.1666 88.5146
67.1666 88.5146
67.5464 89.0146
67.5464 89.0146
67.9261 89.5146
67.9261 89.5146
68.3059 90.0146
68.4958 90.2646
68.6856 90.5146
68.6856 90.5146
68.6856 90.5146
68.6856 90.5146
69.0654 91.0146
69.0654 91.0146
69.4451 91.5146
69.4451 91.5146
69.8249 92.0146
69.8249 92.0146
70.2046 92.5146
70.2046 92.5146
70.2046 92.5146
70.2046 92.5146
70.5844 93.0146
70.5844 93.0146
70.7742 93.2646
70.9641 93.5146
70.9641 93.5146
71.3439 94.0146
71.5337 94.2646
71.7236 94.5146
71.7236 94.5146
71.7236 94.5146
71.7236 94.5146
71.7236 94.5146
72.1034 95.0146
72.1034 95.0146
72.4831 95.5146
72.4831 95.5146
72.4831 95.5146
72.4831 95.5146
72.8628 96.0146
73.2426 96.5146
73.2426 96.5146
73.2426 96.5146
73.2426 96.5146
73.6223 97.0146
73.6223 97.0146
73.8122 97.2646
74.0021 97.5146
74.3818 98.0146
74.3818 98.0146
74.7616 98.5146
74.7616 98.5146
74.7616 98.5146
74.7616 98.5146
74.7616 98.5146
74.7616 98.5146
75.1413 99.0146
75.1413 99.0146
75.5211 99.5146
75.5211 99.5146
75.5211 99.5146
75.5211 99.5146
75.9008 100.015
76.2806 100.515
76.2806 100.515
76.2806 100.515
76.2806 100.515
76.2806 100.515
76.2806 100.515
76.6603 101.015
76.6603 101.015
76.8502 101.265
77.0401 101.515
77.4198 102.015
77.4198 102.015
77.7996 102.515
77.7996 102.515
77.7996 102.515
78.559 103.515
78.559 103.515
78.559 103.515
78.9388 104.015
79.3185 104.515
79.3185 104.515
79.3185 104.515
79.3185 104.515
79.6983 105.015
79.6983 105.015
80.078 105.515
80.078 105.515
80.4578 106.015
80.4578 106.015
80.4578 106.015
80.6476 106.265
80.8375 106.515
80.8375 106.515
80.8375 106.515
81.2173 107.015
81.2173 107.015
81.4071 107.265
81.597 107.515
82.1666 108.265
82.3565 108.515
82.3565 108.515
82.3565 108.515
82.3565 108.515
82.7363 109.015
82.7363 109.015
83.116 109.515
83.116 109.515
83.116 109.515
83.4957 110.015
83.4957 110.015
83.8755 110.515
83.8755 110.515
83.8755 110.515
83.8755 110.515
83.8755 110.515
84.2552 111.015
84.635 111.515
85.3945 112.515
85.3945 112.515
85.3945 112.515
85.3945 112.515
85.3945 112.515
85.3945 112.515
85.7742 113.015
85.7742 113.015
85.9641 113.265
86.154 113.515
86.7236 114.265
86.9135 114.515
86.9135 114.515
87.2932 115.015
87.2932 115.015
87.673 115.515
87.673 115.515
87.673 115.515
87.673 115.515
88.0527 116.015
88.0527 116.015
88.4325 116.515
88.4325 116.515
88.4325 116.515
88.4325 116.515
88.4325 116.515
88.8122 117.015
89.1919 117.515
89.1919 117.515
89.5717 118.015
89.5717 118.015
89.9514 118.515
89.9514 118.515
89.9514 118.515
89.9514 118.515
89.9514 118.515
90.3312 119.015
90.7108 119.515
90.7108 119.515
91.0895 120.015
91.4683 120.515
91.4683 120.515
91.4683 120.515
91.4683 120.515
91.4683 120.515
91.8471 121.015
92.2259 121.515
92.6047 122.015
92.9835 122.515
92.9835 122.515
92.9835 122.515
93.7411 123.515
93.9305 123.765
94.1198 124.015
94.3092 124.265
94.4986 124.515
94.4986 124.515
94.4986 124.515
94.4986 124.515
94.4986 124.515
94.8774 125.015
94.8774 125.015
95.0668 125.265
95.2562 125.515
95.2562 125.515
95.2562 125.515
95.635 126.015
95.8244 126.265
95.8244 126.265
96.0138 126.515
96.0138 126.515
96.0138 126.515
96.0138 126.515
96.3926 127.015
96.582 127.265
96.7714 127.515
96.7714 127.515
96.7714 127.515
96.7714 127.515
96.9608 127.765
97.1501 128.015
97.1501 128.015
97.3395 128.265
97.5289 128.515
97.5289 128.515
97.5289 128.515
97.5289 128.515
97.5289 128.515
97.9077 129.015
97.9077 129.015
98.0971 129.265
98.2865 129.515
98.2865 129.515
98.6656 130.015
98.8552 130.265
98.8552 130.265
99.0449 130.515
99.0449 130.515
99.0449 130.515
99.0449 130.515
99.4241 131.015
99.8034 131.515
99.8034 131.515
99.8034 131.515
99.8034 131.515
99.993 131.765
100.183 132.015
100.183 132.015
100.183 132.015
100.372 132.265
100.562 132.515
100.562 132.515
100.562 132.515
100.562 132.515
100.562 132.515
100.941 133.015
100.941 133.015
101.131 133.265
101.32 133.515
101.32 133.515
101.32 133.515
101.51 133.765
101.7 134.015
101.889 134.265
101.889 134.265
102.079 134.515
102.079 134.515
102.079 134.515
102.079 134.515
102.458 135.015
102.458 135.015
102.838 135.515
102.838 135.515
102.838 135.515
103.217 136.015
103.217 136.015
103.217 136.015
103.596 136.515
103.596 136.515
103.596 136.515
103.596 136.515
103.596 136.515
103.975 137.015
104.165 137.265
104.355 137.515
104.355 137.515
104.544 137.765
104.734 138.015
104.734 138.015
104.923 138.265
105.113 138.515
105.303 138.765
105.492 139.015
105.492 139.015
105.682 139.265
105.872 139.515
105.872 139.515
105.872 139.515
105.872 139.515
105.872 139.515
106.061 139.765
106.061 139.765
106.251 140.015
106.251 140.015
106.441 140.265
106.63 140.515
106.63 140.515
106.63 140.515
106.63 140.515
106.63 140.515
106.63 140.515
107.009 141.015
107.009 141.015
107.389 141.515
107.389 141.515
107.389 141.515
107.389 141.515
107.578 141.765
107.768 142.015
107.768 142.015
107.958 142.265
107.958 142.265
108.147 142.515
108.147 142.515
108.147 142.515
108.147 142.515
108.527 143.015
108.906 143.515
108.906 143.515
108.906 143.515
108.906 143.515
109.095 143.765
109.285 144.015
109.285 144.015
109.285 144.015
109.475 144.265
109.664 144.515
109.664 144.515
109.664 144.515
109.664 144.515
109.664 144.515
109.854 144.765
110.044 145.015
110.044 145.015
110.233 145.265
110.423 145.515
110.423 145.515
110.612 145.765
110.802 146.015
110.802 146.015
110.992 146.265
110.992 146.265
111.181 146.515
111.181 146.515
111.181 146.515
111.181 146.515
111.561 147.015
111.561 147.015
111.561 147.015
111.94 147.515
111.94 147.515
111.94 147.515
111.94 147.515
111.94 147.515
112.13 147.765
112.319 148.015
112.319 148.015
112.319 148.015
112.509 148.265
112.698 148.515
112.698 148.515
112.698 148.515
112.698 148.515
113.078 149.015
113.078 149.015
113.267 149.265
113.457 149.515
113.457 149.515
113.457 149.515
113.836 150.015
114.215 150.515
114.215 150.515
114.215 150.515
114.215 150.515
114.405 150.765
114.595 151.015
114.595 151.015
114.784 151.265
114.974 151.515
114.974 151.515
114.974 151.515
115.164 151.765
115.353 152.015
115.353 152.015
115.353 152.015
115.543 152.265
115.733 152.515
115.733 152.515
115.733 152.515
115.733 152.515
116.112 153.015
116.301 153.265
116.301 153.265
116.681 153.765
116.87 154.015
116.87 154.015
117.06 154.265
117.06 154.265
117.25 154.515
117.25 154.515
117.439 154.765
117.629 155.015
117.629 155.015
117.819 155.265
118.008 155.515
118.008 155.515
118.008 155.515
118.198 155.765
118.198 155.765
118.387 156.015
118.387 156.015
118.387 156.015
118.577 156.265
118.577 156.265
118.767 156.515
118.767 156.515
118.767 156.515
118.767 156.515
118.767 156.515
119.146 157.015
119.146 157.015
119.336 157.265
119.525 157.515
119.525 157.515
119.525 157.515
119.904 158.015
120.094 158.265
120.094 158.265
120.284 158.515
120.284 158.515
120.284 158.515
120.284 158.515
120.663 159.015
120.853 159.265
121.042 159.515
121.042 159.515
121.042 159.515
121.042 159.515
121.232 159.765
121.422 160.015
121.422 160.015
121.611 160.265
121.801 160.515
121.801 160.515
121.801 160.515
121.801 160.515
121.801 160.515
122.18 161.015
122.18 161.015
122.37 161.265
122.559 161.515
122.559 161.515
122.939 162.015
123.128 162.265
123.128 162.265
123.318 162.515
123.318 162.515
123.318 162.515
123.318 162.515
123.697 163.015
124.076 163.515
124.076 163.515
124.076 163.515
124.076 163.515
124.266 163.765
124.456 164.015
124.456 164.015
124.456 164.015
124.645 164.265
124.835 164.515
124.835 164.515
124.835 164.515
124.835 164.515
124.835 164.515
125.214 165.015
125.214 165.015
125.404 165.265
125.593 165.515
125.593 165.515
125.593 165.515
125.783 165.765
125.973 166.015
126.162 166.265
126.162 166.265
126.352 166.515
126.352 166.515
126.352 166.515
126.352 166.515
126.731 167.015
126.731 167.015
127.111 167.515
127.111 167.515
127.111 167.515
127.111 167.515
127.49 168.015
127.49 168.015
127.869 168.515
127.869 168.515
127.869 168.515
127.869 168.515
127.869 168.515
128.248 169.015
128.248 169.015
128.438 169.265
128.628 169.515
128.817 169.765
129.007 170.015
129.197 170.265
129.386 170.515
129.386 170.515
129.576 170.765
129.765 171.015
129.955 171.265
130.145 171.515
130.145 171.515
130.145 171.515
130.145 171.515
130.334 171.765
130.334 171.765
130.524 172.015
130.524 172.015
130.714 172.265
130.903 172.515
130.903 172.515
130.903 172.515
130.903 172.515
130.903 172.515
131.093 172.765
131.282 173.015
131.282 173.015
131.472 173.265
131.472 173.265
131.662 173.515
131.662 173.515
131.851 173.765
131.851 173.765
131.851 173.765
132.041 174.015
132.041 174.015
132.231 174.265
132.42 174.515
132.42 174.515
132.42 174.515
132.42 174.515
132.61 174.765
132.8 175.015
132.989 175.265
133.179 175.515
133.368 175.765
133.368 175.765
133.368 175.765
133.558 176.015
133.748 176.265
133.748 176.265
133.937 176.515
133.937 176.515
133.937 176.515
133.937 176.515
133.937 176.515
133.937 176.515
134.127 176.765
134.317 177.015
134.317 177.015
134.506 177.265
134.696 177.515
134.696 177.515
134.885 177.765
135.075 178.015
135.075 178.015
135.265 178.265
135.265 178.265
135.454 178.515
135.454 178.515
135.454 178.515
135.454 178.515
135.834 179.015
135.834 179.015
135.834 179.015
136.213 179.515
136.213 179.515
136.213 179.515
136.213 179.515
136.213 179.515
136.403 179.765
136.592 180.015
136.592 180.015
136.592 180.015
136.782 180.265
136.971 180.515
136.971 180.515
136.971 180.515
136.971 180.515
137.351 181.015
137.351 181.015
137.54 181.265
137.73 181.515
137.73 181.515
137.73 181.515
138.109 182.015
138.489 182.515
138.489 182.515
138.489 182.515
138.489 182.515
138.678 182.765
138.868 183.015
138.868 183.015
138.868 183.015
139.057 183.265
139.247 183.515
139.247 183.515
139.247 183.515
139.437 183.765
139.626 184.015
139.626 184.015
139.626 184.015
139.816 184.265
140.006 184.515
140.006 184.515
140.006 184.515
140.006 184.515
140.385 185.015
140.574 185.265
140.574 185.265
140.954 185.765
141.143 186.015
141.333 186.265
141.333 186.265
141.333 186.265
141.523 186.515
141.523 186.515
141.712 186.765
141.902 187.015
142.092 187.265
142.281 187.515
142.281 187.515
142.471 187.765
142.66 188.015
142.66 188.015
142.85 188.265
142.85 188.265
142.877 188.3
143.013 188.479
143.04 188.515
143.04 188.515
143.419 189.015
143.798 189.515
144.389 190.294
144.495 190.433
144.557 190.515
144.557 190.515
144.557 190.515
144.936 191.015
145.203 191.367
145.304 191.5
145.315 191.515
145.922 192.315
146.041 192.471
146.074 192.515
146.074 192.515
146.454 193.015
146.721 193.367
146.834 193.515
146.851 193.537
147.588 194.508
147.588 194.508
147.593 194.515
147.593 194.515
147.593 194.515
147.94 194.971
147.943 194.975
147.973 195.015
148.305 195.452
148.33 195.485
148.353 195.515
148.707 195.981
148.718 195.996
148.732 196.015
149.095 196.492
149.112 196.515
149.112 196.515
149.112 196.515
149.114 196.517
149.492 197.015
149.872 197.515
150.251 198.015
150.544 198.4
150.631 198.515
150.631 198.515
150.637 198.523
151.011 199.015
151.269 199.354
151.391 199.515
151.4 199.527
151.77 200.015
152.076 200.417
152.15 200.515
152.15 200.515
152.19 200.567
152.53 201.015
152.909 201.515
153.289 202.015
153.669 202.515
154.049 203.015
154.378 203.448
154.428 203.515
154.428 203.515
154.553 203.679
154.773 203.969
154.808 204.015
155.036 204.315
155.142 204.454
155.166 204.485
155.194 204.523
155.21 204.544
155.251 204.598
155.253 204.6
156.267 205.929
156.319 205.998
156.332 206.015
156.335 206.019
156.446 206.165
157.669 207.765
157.859 208.015
158.05 208.265
158.241 208.515
158.241 208.515
158.241 208.515
158.241 208.515
158.241 208.515
158.623 209.015
158.623 209.015
159.003 209.515
159.003 209.515
159.383 210.015
159.383 210.015
159.573 210.265
159.762 210.515
160.142 211.015
160.522 211.515
160.522 211.515
160.712 211.765
160.901 212.015
161.091 212.265
161.281 212.515
161.281 212.515
161.281 212.515
161.281 212.515
161.66 213.015
161.66 213.015
162.039 213.515
162.039 213.515
162.418 214.015
162.418 214.015
162.608 214.265
162.798 214.515
163.177 215.015
163.556 215.515
163.556 215.515
163.935 216.015
163.935 216.015
163.935 216.015
164.315 216.515
164.315 216.515
164.315 216.515
164.315 216.515
164.694 217.015
164.694 217.015
164.884 217.265
165.073 217.515
165.453 218.015
165.642 218.265
165.832 218.515
165.832 218.515
165.832 218.515
166.211 219.015
166.211 219.015
166.59 219.515
166.59 219.515
166.59 219.515
166.97 220.015
167.159 220.265
167.349 220.515
167.349 220.515
167.349 220.515
167.728 221.015
168.107 221.515
168.487 222.015
168.487 222.015
168.866 222.515
168.866 222.515
168.866 222.515
169.245 223.015
169.245 223.015
169.624 223.515
169.624 223.515
169.624 223.515
170.004 224.015
170.383 224.515
170.383 224.515
170.383 224.515
170.383 224.515
170.762 225.015
170.762 225.015
171.142 225.515
171.142 225.515
171.521 226.015
171.9 226.515
171.9 226.515
171.9 226.515
171.9 226.515
171.9 226.515
172.279 227.015
172.659 227.515
172.659 227.515
172.848 227.765
173.038 228.015
173.227 228.265
173.417 228.515
173.417 228.515
173.417 228.515
173.417 228.515
173.796 229.015
173.796 229.015
174.176 229.515
174.176 229.515
174.176 229.515
174.555 230.015
174.555 230.015
174.745 230.265
174.934 230.515
174.934 230.515
174.934 230.515
175.313 231.015
175.313 231.015
175.693 231.515
175.693 231.515
176.072 232.015
176.451 232.515
176.451 232.515
176.451 232.515
176.451 232.515
176.831 233.015
176.831 233.015
177.21 233.515
177.21 233.515
177.21 233.515
177.589 234.015
177.589 234.015
177.968 234.515
177.968 234.515
177.968 234.515
177.968 234.515
178.348 235.015
178.727 235.515
178.727 235.515
178.727 235.515
179.106 236.015
179.296 236.265
179.485 236.515
179.485 236.515
179.485 236.515
179.485 236.515
179.865 237.015
180.244 237.515
180.244 237.515
180.623 238.015
181.002 238.515
181.002 238.515
181.002 238.515
181.002 238.515
181.382 239.015
181.761 239.515
181.761 239.515
181.761 239.515
181.761 239.515
182.14 240.015
182.519 240.515
182.519 240.515
182.519 240.515
182.519 240.515
182.519 240.515
182.899 241.015
182.899 241.015
183.278 241.515
183.278 241.515
183.657 242.015
183.847 242.265
184.037 242.515
184.037 242.515
184.037 242.515
184.037 242.515
184.416 243.015
184.416 243.015
184.795 243.515
184.795 243.515
185.174 244.015
185.174 244.015
185.554 244.515
185.554 244.515
185.554 244.515
185.554 244.515
185.933 245.015
185.933 245.015
186.123 245.265
186.312 245.515
186.312 245.515
186.691 246.015
186.881 246.265
187.071 246.515
187.071 246.515
187.071 246.515
187.071 246.515
187.071 246.515
187.45 247.015
187.45 247.015
187.829 247.515
187.829 247.515
187.829 247.515
187.829 247.515
188.208 248.015
188.588 248.515
188.588 248.515
188.588 248.515
188.588 248.515
188.967 249.015
188.967 249.015
189.157 249.265
189.346 249.515
189.726 250.015
189.726 250.015
190.105 250.515
190.105 250.515
190.105 250.515
190.105 250.515
190.105 250.515
190.105 250.515
190.484 251.015
190.484 251.015
190.863 251.515
190.863 251.515
190.863 251.515
190.863 251.515
191.243 252.015
191.622 252.515
191.622 252.515
191.622 252.515
191.622 252.515
191.622 252.515
191.622 252.515
192.001 253.015
192.001 253.015
192.191 253.265
192.38 253.515
192.76 254.015
192.76 254.015
193.139 254.515
193.139 254.515
193.139 254.515
193.897 255.515
193.897 255.515
193.897 255.515
194.277 256.015
194.656 256.515
194.656 256.515
194.656 256.515
194.656 256.515
195.035 257.015
195.035 257.015
195.415 257.515
195.415 257.515
195.794 258.015
195.794 258.015
195.794 258.015
195.983 258.265
196.173 258.515
196.173 258.515
196.173 258.515
196.552 259.015
196.552 259.015
196.742 259.265
196.932 259.515
197.501 260.265
197.69 260.515
197.69 260.515
197.69 260.515
197.69 260.515
198.069 261.015
198.069 261.015
198.449 261.515
198.449 261.515
198.449 261.515
198.828 262.015
198.828 262.015
199.207 262.515
199.207 262.515
199.207 262.515
199.207 262.515
199.207 262.515
199.586 263.015
199.966 263.515
200.724 264.515
200.724 264.515
200.724 264.515
200.724 264.515
200.724 264.515
200.724 264.515
201.104 265.015
201.104 265.015
201.293 265.265
201.483 265.515
202.052 266.265
202.241 266.515
202.241 266.515
202.621 267.015
202.621 267.015
203 267.515
203 267.515
203 267.515
203 267.515
203.379 268.015
203.379 268.015
203.758 268.515
203.758 268.515
203.758 268.515
203.758 268.515
203.758 268.515
204.138 269.015
204.517 269.515
204.517 269.515
204.896 270.015
204.896 270.015
205.275 270.515
205.275 270.515
205.275 270.515
205.275 270.515
205.275 270.515
205.655 271.015
206.034 271.515
206.034 271.515
206.413 272.015
206.793 272.515
206.793 272.515
206.793 272.515
206.793 272.515
206.793 272.515
207.172 273.015
207.551 273.515
207.93 274.015
208.31 274.515
208.31 274.515
208.31 274.515
209.068 275.515
209.258 275.765
209.447 276.015
209.637 276.265
209.827 276.515
209.827 276.515
209.827 276.515
209.827 276.515
209.827 276.515
210.206 277.015
210.206 277.015
210.396 277.265
210.585 277.515
210.585 277.515
210.585 277.515
210.964 278.015
211.154 278.265
211.154 278.265
211.344 278.515
211.344 278.515
211.344 278.515
211.344 278.515
211.723 279.015
211.913 279.265
212.102 279.515
212.102 279.515
212.102 279.515
212.102 279.515
212.292 279.765
212.482 280.015
212.482 280.015
212.671 280.265
212.861 280.515
212.861 280.515
212.861 280.515
212.861 280.515
212.861 280.515
213.24 281.015
213.24 281.015
213.43 281.265
213.619 281.515
213.619 281.515
213.999 282.015
214.188 282.265
214.188 282.265
214.378 282.515
214.378 282.515
214.378 282.515
214.378 282.515
214.757 283.015
215.136 283.515
215.136 283.515
215.136 283.515
215.136 283.515
215.326 283.765
215.516 284.015
215.516 284.015
215.516 284.015
215.705 284.265
215.895 284.515
215.895 284.515
215.895 284.515
215.895 284.515
215.895 284.515
216.274 285.015
216.274 285.015
216.464 285.265
216.653 285.515
216.653 285.515
216.653 285.515
216.843 285.765
217.033 286.015
217.222 286.265
217.222 286.265
217.412 286.515
217.412 286.515
217.412 286.515
217.412 286.515
217.791 287.015
217.791 287.015
218.17 287.515
218.17 287.515
218.17 287.515
218.55 288.015
218.55 288.015
218.55 288.015
218.929 288.515
218.929 288.515
218.929 288.515
218.929 288.515
218.929 288.515
219.308 289.015
219.498 289.265
219.688 289.515
219.688 289.515
219.877 289.765
220.067 290.015
220.067 290.015
220.256 290.265
220.446 290.515
220.636 290.765
220.825 291.015
220.825 291.015
221.015 291.265
221.205 291.515
221.205 291.515
221.205 291.515
221.205 291.515
221.205 291.515
221.394 291.765
221.394 291.765
221.584 292.015
221.584 292.015
221.774 292.265
221.963 292.515
221.963 292.515
221.963 292.515
221.963 292.515
221.963 292.515
221.963 292.515
222.342 293.015
222.342 293.015
222.722 293.515
222.722 293.515
222.722 293.515
222.722 293.515
222.911 293.765
223.101 294.015
223.101 294.015
223.291 294.265
223.291 294.265
223.48 294.515
223.48 294.515
223.48 294.515
223.48 294.515
223.859 295.015
224.239 295.515
224.239 295.515
224.239 295.515
224.239 295.515
224.428 295.765
224.618 296.015
224.618 296.015
224.618 296.015
224.808 296.265
224.997 296.515
224.997 296.515
224.997 296.515
224.997 296.515
224.997 296.515
225.187 296.765
225.377 297.015
225.377 297.015
225.566 297.265
225.756 297.515
225.756 297.515
225.945 297.765
226.135 298.015
226.135 298.015
226.325 298.265
226.325 298.265
226.514 298.515
226.514 298.515
226.514 298.515
226.514 298.515
226.894 299.015
226.894 299.015
226.894 299.015
227.273 299.515
227.273 299.515
227.273 299.515
227.273 299.515
227.273 299.515
227.463 299.765
227.652 300.015
227.652 300.015
227.652 300.015
227.842 300.265
228.031 300.515
228.031 300.515
228.031 300.515
228.031 300.515
228.411 301.015
228.411 301.015
228.6 301.265
228.79 301.515
228.79 301.515
228.79 301.515
229.169 302.015
229.548 302.515
229.548 302.515
229.548 302.515
229.548 302.515
229.738 302.765
229.928 303.015
229.928 303.015
230.117 303.265
230.307 303.515
230.307 303.515
230.307 303.515
230.497 303.765
230.686 304.015
230.686 304.015
230.686 304.015
230.876 304.265
231.066 304.515
231.066 304.515
231.066 304.515
231.066 304.515
231.445 305.015
231.634 305.265
231.634 305.265
232.014 305.765
232.203 306.015
232.203 306.015
232.393 306.265
232.393 306.265
232.583 306.515
232.583 306.515
232.772 306.765
232.962 307.015
232.962 307.015
233.152 307.265
233.341 307.515
233.341 307.515
233.341 307.515
233.531 307.765
233.531 307.765
233.72 308.015
233.72 308.015
233.72 308.015
233.91 308.265
233.91 308.265
234.1 308.515
234.1 308.515
234.1 308.515
234.1 308.515
234.1 308.515
234.479 309.015
234.479 309.015
234.669 309.265
234.858 309.515
234.858 309.515
234.858 309.515
235.237 310.015
235.427 310.265
235.427 310.265
235.617 310.515
235.617 310.515
235.617 310.515
235.617 310.515
235.996 311.015
236.186 311.265
236.375 311.515
236.375 311.515
236.375 311.515
236.375 311.515
236.565 311.765
236.755 312.015
236.755 312.015
236.944 312.265
237.134 312.515
237.134 312.515
237.134 312.515
237.134 312.515
237.134 312.515
237.513 313.015
237.513 313.015
237.703 313.265
237.892 313.515
237.892 313.515
238.272 314.015
238.461 314.265
238.461 314.265
238.651 314.515
238.651 314.515
238.651 314.515
238.651 314.515
239.03 315.015
239.409 315.515
239.409 315.515
239.409 315.515
239.409 315.515
239.599 315.765
239.789 316.015
239.789 316.015
239.789 316.015
239.978 316.265
240.168 316.515
240.168 316.515
240.168 316.515
240.168 316.515
240.168 316.515
240.547 317.015
240.547 317.015
240.737 317.265
240.926 317.515
240.926 317.515
240.926 317.515
241.116 317.765
241.306 318.015
241.495 318.265
241.495 318.265
241.685 318.515
241.685 318.515
241.685 318.515
241.685 318.515
242.064 319.015
242.064 319.015
242.444 319.515
242.444 319.515
242.444 319.515
242.444 319.515
242.823 320.015
242.823 320.015
243.202 320.515
243.202 320.515
243.202 320.515
243.202 320.515
243.202 320.515
243.581 321.015
243.581 321.015
243.771 321.265
243.961 321.515
244.15 321.765
244.34 322.015
244.529 322.265
244.719 322.515
244.719 322.515
244.909 322.765
245.099 323.015
245.289 323.265
245.479 323.515
245.479 323.515
245.479 323.515
245.479 323.515
245.669 323.765
245.669 323.765
245.859 324.015
245.859 324.015
246.049 324.265
246.239 324.515
246.239 324.515
246.239 324.515
246.239 324.515
246.239 324.515
246.429 324.765
246.619 325.015
246.619 325.015
246.809 325.265
246.809 325.265
246.999 325.515
246.999 325.515
247.189 325.765
247.189 325.765
247.189 325.765
247.379 326.015
247.379 326.015
247.569 326.265
247.759 326.515
247.759 326.515
247.759 326.515
247.759 326.515
247.949 326.765
248.139 327.015
248.329 327.265
248.518 327.515
248.708 327.765
248.708 327.765
248.708 327.765
248.898 328.015
249.088 328.265
249.088 328.265
249.278 328.515
249.278 328.515
249.278 328.515
249.278 328.515
249.278 328.515
249.278 328.515
249.468 328.765
249.658 329.015
249.658 329.015
249.848 329.265
250.038 329.515
250.038 329.515
250.228 329.765
250.418 330.015
250.418 330.015
250.608 330.265
250.608 330.265
250.798 330.515
250.798 330.515
250.798 330.515
250.798 330.515
251.178 331.015
251.178 331.015
251.178 331.015
251.558 331.515
251.558 331.515
251.558 331.515
251.558 331.515
251.558 331.515
251.748 331.765
251.938 332.015
251.938 332.015
251.938 332.015
252.128 332.265
252.318 332.515
252.318 332.515
252.318 332.515
252.318 332.515
252.698 333.015
252.698 333.015
252.888 333.265
253.078 333.515
253.078 333.515
253.078 333.515
253.458 334.015
253.838 334.515
253.838 334.515
253.838 334.515
253.838 334.515
254.028 334.765
254.218 335.015
254.218 335.015
254.218 335.015
254.408 335.265
254.598 335.515
254.598 335.515
254.598 335.515
254.788 335.765
254.978 336.015
254.978 336.015
254.978 336.015
255.168 336.265
255.358 336.515
255.358 336.515
255.358 336.515
255.358 336.515
255.738 337.015
255.928 337.265
255.928 337.265
256.308 337.765
256.498 338.015
256.688 338.265
256.688 338.265
256.688 338.265
256.878 338.515
256.878 338.515
257.068 338.765
257.258 339.015
257.448 339.265
257.638 339.515
257.638 339.515
257.828 339.765
258.018 340.015
258.018 340.015
258.208 340.265
258.208 340.265
258.398 340.515
258.398 340.515
258.398 340.515
258.778 341.015
259.158 341.515
259.158 341.515
259.158 341.515
259.348 341.765
259.538 342.015
259.917 342.515
259.917 342.515
259.917 342.515
259.917 342.515
259.917 342.515
260.107 342.765
260.107 342.765
260.297 343.015
260.297 343.015
260.487 343.265
260.487 343.265
260.487 343.265
260.487 343.265
260.677 343.515
260.677 343.515
260.677 343.515
260.867 343.765
260.867 343.765
260.867 343.765
261.057 344.015
261.057 344.015
261.057 344.015
261.246 344.265
261.436 344.515
261.436 344.515
261.436 344.515
261.436 344.515
261.816 345.015
261.816 345.015
262.195 345.515
262.195 345.515
262.195 345.515
262.195 345.515
262.384 345.765
262.384 345.765
262.574 346.015
262.763 346.265
262.952 346.515
262.952 346.515
262.952 346.515
262.952 346.515
263.331 347.015
263.521 347.265
263.521 347.265
263.521 347.265
263.71 347.515
263.899 347.765
263.899 347.765
264.089 348.015
264.278 348.265
264.468 348.515
264.468 348.515
264.468 348.515
264.846 349.015
264.846 349.015
265.036 349.265
265.036 349.265
265.225 349.515
265.225 349.515
265.415 349.765
265.415 349.765
265.415 349.765
265.604 350.015
265.604 350.015
265.793 350.265
265.983 350.515
265.983 350.515
265.983 350.515
266.362 351.015
266.551 351.265
266.93 351.765
266.93 351.765
267.119 352.015
267.308 352.265
267.498 352.515
267.498 352.515
267.498 352.515
267.498 352.515
267.877 353.015
268.066 353.265
268.066 353.265
268.066 353.265
268.256 353.515
268.446 353.765
268.446 353.765
268.636 354.015
268.636 354.015
268.825 354.265
268.988 354.479
268.991 354.483
268.991 354.483
268.995 354.487
269.015 354.515
269.24 354.81
269.262 354.84
269.267 354.846
269.268 354.848
269.27 354.85
269.276 354.858
269.496 355.148
269.497 355.15
269.499 355.152
269.501 355.154
269.502 355.156
269.505 355.16
269.724 355.448
269.727 355.452
269.728 355.454
269.733 355.46
269.735 355.462
269.762 355.498
269.967 355.769
269.973 355.777
269.997 355.808
270.214 356.094
270.225 356.108
270.264 356.16
270.479 356.444
270.484 356.45
270.487 356.454
270.533 356.515
270.723 356.765
270.845 356.925
270.913 357.015
271.044 357.188
271.049 357.194
271.216 357.415
271.292 357.515
271.425 357.69
271.672 358.015
271.861 358.265
272.031 358.488
272.035 358.494
272.035 358.494
272.051 358.515
272.214 358.729
272.391 358.962
272.431 359.015
272.56 359.185
272.62 359.265
272.763 359.452
272.764 359.454
272.769 359.46
272.81 359.515
272.979 359.738
273 359.765
273.153 359.967
273.19 360.015
273.34 360.212
273.379 360.265
273.569 360.515
273.569 360.515
273.569 360.515
273.569 360.515
273.569 360.515
273.949 361.015
273.949 361.015
273.949 361.015
274.139 361.265
274.139 361.265
274.328 361.515
274.328 361.515
274.518 361.765
274.518 361.765
274.518 361.765
274.518 361.765
274.708 362.015
274.898 362.265
275.087 362.515
275.087 362.515
275.087 362.515
275.087 362.515
275.087 362.515
275.277 362.765
275.467 363.015
275.657 363.265
275.657 363.265
275.657 363.265
275.846 363.515
276.036 363.765
276.036 363.765
276.226 364.015
276.226 364.015
276.416 364.265
276.416 364.265
276.605 364.515
276.605 364.515
276.605 364.515
276.605 364.515
276.605 364.515
276.985 365.015
276.985 365.015
276.985 365.015
277.175 365.265
277.175 365.265
277.364 365.515
277.364 365.515
277.364 365.515
277.554 365.765
277.554 365.765
277.554 365.765
277.744 366.015
277.934 366.265
278.123 366.515
278.123 366.515
278.123 366.515
278.123 366.515
278.123 366.515
278.503 367.015
278.693 367.265
278.693 367.265
278.882 367.515
279.072 367.765
279.072 367.765
279.262 368.015
279.262 368.015
279.262 368.015
279.452 368.265
279.452 368.265
279.452 368.265
279.641 368.515
279.641 368.515
279.641 368.515
279.641 368.515
279.641 368.515
280.021 369.015
280.211 369.265
280.211 369.265
280.211 369.265
280.4 369.515
280.4 369.515
280.4 369.515
280.59 369.765
280.59 369.765
280.59 369.765
280.59 369.765
280.97 370.265
281.159 370.515
281.159 370.515
281.159 370.515
281.159 370.515
281.159 370.515
281.159 370.515
281.539 371.015
281.729 371.265
281.729 371.265
281.729 371.265
281.918 371.515
281.918 371.515
281.918 371.515
281.918 371.515
282.108 371.765
282.298 372.015
282.298 372.015
282.298 372.015
282.677 372.515
282.677 372.515
282.677 372.515
282.677 372.515
282.677 372.515
283.057 373.015
283.247 373.265
283.436 373.515
283.626 373.765
283.816 374.015
284.006 374.265
284.195 374.515
284.195 374.515
284.195 374.515
284.195 374.515
284.195 374.515
284.195 374.515
284.385 374.765
284.575 375.015
284.765 375.265
284.954 375.515
284.954 375.515
284.954 375.515
284.954 375.515
284.954 375.515
284.954 375.515
285.144 375.765
285.334 376.015
285.334 376.015
285.524 376.265
285.713 376.515
285.713 376.515
285.713 376.515
285.713 376.515
285.713 376.515
286.093 377.015
286.093 377.015
286.283 377.265
286.472 377.515
286.472 377.515
286.472 377.515
286.852 378.015
287.042 378.265
287.042 378.265
287.231 378.515
287.231 378.515
287.231 378.515
287.231 378.515
287.611 379.015
287.801 379.265
287.99 379.515
287.99 379.515
287.99 379.515
287.99 379.515
288.18 379.765
288.37 380.015
288.37 380.015
288.56 380.265
288.75 380.515
288.75 380.515
288.75 380.515
288.75 380.515
288.75 380.515
289.129 381.015
289.129 381.015
289.319 381.265
289.509 381.515
289.509 381.515
289.888 382.015
290.078 382.265
290.078 382.265
290.268 382.515
290.268 382.515
290.268 382.515
290.268 382.515
290.647 383.015
291.027 383.515
291.027 383.515
291.027 383.515
291.027 383.515
291.216 383.765
291.406 384.015
291.406 384.015
291.406 384.015
291.596 384.265
291.786 384.515
291.786 384.515
291.786 384.515
291.786 384.515
291.786 384.515
292.165 385.015
292.165 385.015
292.355 385.265
292.545 385.515
292.545 385.515
292.545 385.515
292.734 385.765
292.924 386.015
293.114 386.265
293.114 386.265
293.304 386.515
293.304 386.515
293.304 386.515
293.304 386.515
293.683 387.015
293.683 387.015
294.063 387.515
294.063 387.515
294.063 387.515
294.442 388.015
294.442 388.015
294.442 388.015
294.822 388.515
294.822 388.515
294.822 388.515
294.822 388.515
294.822 388.515
295.201 389.015
295.391 389.265
295.581 389.515
295.581 389.515
295.77 389.765
295.96 390.015
295.96 390.015
296.15 390.265
296.34 390.515
296.529 390.765
296.719 391.015
296.719 391.015
296.909 391.265
297.099 391.515
297.099 391.515
297.099 391.515
297.099 391.515
297.099 391.515
297.288 391.765
297.288 391.765
297.478 392.015
297.478 392.015
297.668 392.265
297.858 392.515
297.858 392.515
297.858 392.515
297.858 392.515
297.858 392.515
297.858 392.515
298.237 393.015
298.237 393.015
298.617 393.515
298.617 393.515
298.617 393.515
298.617 393.515
298.806 393.765
298.996 394.015
298.996 394.015
299.186 394.265
299.186 394.265
299.376 394.515
299.376 394.515
299.376 394.515
299.376 394.515
299.755 395.015
300.135 395.515
300.135 395.515
300.135 395.515
300.135 395.515
300.324 395.765
300.514 396.015
300.514 396.015
300.514 396.015
300.704 396.265
300.894 396.515
300.894 396.515
300.894 396.515
300.894 396.515
300.894 396.515
301.083 396.765
301.273 397.015
301.273 397.015
301.463 397.265
301.653 397.515
301.653 397.515
301.842 397.765
302.032 398.015
302.032 398.015
302.222 398.265
302.222 398.265
302.412 398.515
302.412 398.515
302.412 398.515
302.412 398.515
302.791 399.015
302.791 399.015
302.791 399.015
303.171 399.515
303.171 399.515
303.171 399.515
303.171 399.515
303.171 399.515
303.361 399.765
303.55 400.015
303.55 400.015
303.55 400.015
303.74 400.265
303.93 400.515
303.93 400.515
303.93 400.515
303.93 400.515
304.309 401.015
304.309 401.015
304.499 401.265
304.689 401.515
304.689 401.515
304.689 401.515
305.068 402.015
305.448 402.515
305.448 402.515
305.448 402.515
305.448 402.515
305.638 402.765
305.827 403.015
305.827 403.015
306.017 403.265
306.207 403.515
306.207 403.515
306.207 403.515
306.397 403.765
306.586 404.015
306.586 404.015
306.586 404.015
306.776 404.265
306.966 404.515
306.966 404.515
306.966 404.515
306.966 404.515
307.345 405.015
307.535 405.265
307.535 405.265
307.915 405.765
308.104 406.015
308.104 406.015
308.294 406.265
308.294 406.265
308.484 406.515
308.484 406.515
308.674 406.765
308.863 407.015
308.863 407.015
309.053 407.265
309.243 407.515
309.243 407.515
309.243 407.515
309.433 407.765
309.433 407.765
309.622 408.015
309.622 408.015
309.622 408.015
309.812 408.265
309.812 408.265
310.002 408.515
310.002 408.515
310.002 408.515
310.002 408.515
310.002 408.515
310.381 409.015
310.381 409.015
310.571 409.265
310.761 409.515
310.761 409.515
310.761 409.515
311.14 410.015
311.33 410.265
311.33 410.265
311.52 410.515
311.52 410.515
311.52 410.515
311.52 410.515
311.899 411.015
312.089 411.265
312.279 411.515
312.279 411.515
312.279 411.515
312.279 411.515
312.469 411.765
312.658 412.015
312.658 412.015
312.848 412.265
313.038 412.515
313.038 412.515
313.038 412.515
313.038 412.515
313.038 412.515
313.417 413.015
313.417 413.015
313.607 413.265
313.797 413.515
313.797 413.515
314.176 414.015
314.366 414.265
314.366 414.265
314.556 414.515
314.556 414.515
314.556 414.515
314.556 414.515
314.935 415.015
315.315 415.515
315.315 415.515
315.315 415.515
315.315 415.515
315.505 415.765
315.694 416.015
315.694 416.015
315.694 416.015
315.884 416.265
316.074 416.515
316.074 416.515
316.074 416.515
316.074 416.515
316.074 416.515
316.453 417.015
316.453 417.015
316.643 417.265
316.833 417.515
316.833 417.515
316.833 417.515
317.023 417.765
317.212 418.015
317.402 418.265
317.402 418.265
317.592 418.515
317.592 418.515
317.592 418.515
317.592 418.515
317.972 419.015
317.972 419.015
318.351 419.515
318.351 419.515
318.351 419.515
318.351 419.515
318.731 420.015
318.731 420.015
319.11 420.515
319.11 420.515
319.11 420.515
319.11 420.515
319.11 420.515
319.49 421.015
319.49 421.015
319.679 421.265
319.869 421.515
320.059 421.765
320.249 422.015
320.438 422.265
320.628 422.515
320.628 422.515
320.818 422.765
321.008 423.015
321.197 423.265
321.387 423.515
321.387 423.515
321.387 423.515
321.387 423.515
321.577 423.765
321.577 423.765
321.767 424.015
321.767 424.015
321.956 424.265
322.146 424.515
322.146 424.515
322.146 424.515
322.146 424.515
322.146 424.515
322.336 424.765
322.526 425.015
322.526 425.015
322.715 425.265
322.715 425.265
322.905 425.515
322.905 425.515
323.095 425.765
323.095 425.765
323.095 425.765
323.285 426.015
323.285 426.015
323.474 426.265
323.664 426.515
323.664 426.515
323.664 426.515
323.664 426.515
323.854 426.765
324.044 427.015
324.233 427.265
324.423 427.515
324.613 427.765
324.613 427.765
324.613 427.765
324.803 428.015
324.992 428.265
324.992 428.265
325.182 428.515
325.182 428.515
325.182 428.515
325.182 428.515
325.182 428.515
325.182 428.515
325.372 428.765
325.562 429.015
325.562 429.015
325.751 429.265
325.941 429.515
325.941 429.515
326.131 429.765
326.321 430.015
326.321 430.015
326.51 430.265
326.51 430.265
326.7 430.515
326.7 430.515
326.7 430.515
326.7 430.515
327.08 431.015
327.08 431.015
327.08 431.015
327.459 431.515
327.459 431.515
327.459 431.515
327.459 431.515
327.459 431.515
327.648 431.765
327.838 432.015
327.838 432.015
327.838 432.015
328.027 432.265
328.217 432.515
328.217 432.515
328.217 432.515
328.217 432.515
328.596 433.015
328.596 433.015
328.785 433.265
328.974 433.515
328.974 433.515
328.974 433.515
329.353 434.015
329.732 434.515
329.732 434.515
329.732 434.515
329.732 434.515
329.921 434.765
330.11 435.015
330.11 435.015
330.11 435.015
330.299 435.265
330.489 435.515
330.489 435.515
330.489 435.515
330.678 435.765
330.867 436.015
330.867 436.015
330.867 436.015
331.056 436.265
331.246 436.515
331.246 436.515
331.246 436.515
331.246 436.515
331.624 437.015
331.814 437.265
331.814 437.265
332.192 437.765
332.381 438.015
332.571 438.265
332.571 438.265
332.571 438.265
332.76 438.515
332.76 438.515
332.949 438.765
333.139 439.015
333.328 439.265
333.517 439.515
333.517 439.515
333.706 439.765
333.896 440.015
333.896 440.015
334.085 440.265
334.085 440.265
334.112 440.3
334.247 440.479
334.274 440.515
334.274 440.515
334.653 441.015
335.031 441.515
335.621 442.294
335.727 442.433
335.788 442.515
335.788 442.515
335.788 442.515
336.167 443.015
336.433 443.367
336.534 443.5
336.545 443.515
337.151 444.315
337.269 444.471
337.303 444.515
337.303 444.515
337.681 445.015
337.948 445.367
338.06 445.515
338.077 445.538
338.812 446.508
338.812 446.508
338.817 446.515
338.817 446.515
338.817 446.515
339.162 446.971
339.165 446.975
339.195 447.015
339.527 447.452
339.552 447.485
339.574 447.515
339.927 447.981
339.938 447.996
339.952 448.015
340.314 448.492
340.331 448.515
340.331 448.515
340.331 448.515
340.333 448.517
340.709 449.015
341.088 449.515
341.467 450.015
341.758 450.4
341.845 450.515
341.845 450.515
341.851 450.523
342.224 451.015
342.481 451.354
342.602 451.515
342.612 451.527
342.981 452.015
343.285 452.417
343.359 452.515
343.399 452.567
343.738 453.015
344.116 453.515
344.116 453.515
344.495 454.015
344.736 454.333
344.851 454.485
344.874 454.515
344.874 454.515
345.252 455.015
345.509 455.354
345.629 455.512
345.631 455.515
345.631 455.515
346.009 456.015
346.225 456.3
346.361 456.479
346.388 456.515
346.388 456.515
346.766 457.015
347.145 457.515
347.735 458.294
347.84 458.433
347.902 458.515
347.902 458.515
347.902 458.515
348.28 459.015
348.547 459.367
348.648 459.5
348.659 459.515
349.265 460.315
349.383 460.471
349.416 460.515
349.416 460.515
349.795 461.015
350.061 461.367
350.173 461.515
350.191 461.538
350.926 462.508
350.926 462.508
350.93 462.515
350.93 462.515
350.93 462.515
351.276 462.971
351.279 462.975
351.309 463.015
351.64 463.452
351.665 463.485
351.687 463.515
352.041 463.981
352.052 463.996
352.066 464.015
352.427 464.492
352.444 464.515
352.444 464.515
352.444 464.515
352.446 464.517
352.823 465.015
353.202 465.515
353.583 466.015
353.876 466.4
353.963 466.515
353.963 466.515
353.969 466.523
354.345 467.015
354.606 467.354
354.729 467.515
354.738 467.527
355.113 468.015
355.422 468.417
355.444 468.446
355.537 468.567
355.855 468.979
356.273 469.521
356.676 470.044
357.097 470.59
357.5 471.113
357.758 471.448
357.936 471.679
358.159 471.969
358.426 472.315
358.473 472.375
358.558 472.485
358.575 472.508
358.627 472.575
358.644 472.598
358.675 472.637
359.123 473.219
359.568 473.796
360.191 474.604
360.311 474.76
360.335 474.792
360.427 474.91
362.235 477.256
362.342 477.396
362.347 477.402
362.448 477.533
362.512 477.617
362.612 477.746
363.021 478.277
363.29 478.625
363.484 478.877
363.66 479.106
363.847 479.348
364.144 479.733
